9.2115242107544315e+00,9.2115242107544315e+00,1.0237853046742755e+00,9.2115242107544315e+00,9.2115242107544315e+00,9.2115242107544315e+00,5.7332658679061499e+00,9.2115242107544315e+00,9.2115242107544315e+00,9.2115242107544315e+00,2.8782325561877622e+00,9.2115242107544315e+00,9.2115242107544315e+00,9.2115242107544315e+00,1.7652138515476938e+00,9.2115242107544315e+00,9.2115242107544315e+00,1.1001710558703678e+01,1.1001710558703678e+01,9.2115242107544315e+00,9.2115242107544315e+00,1.7652138515476938e+00,1.1001710558703678e+01,6.6477211689639892e+00,1.1001710558703678e+01,1.7652138515476938e+00,1.7652138515476938e+00,1.1001710558703678e+01,1.7652138515476938e+00,1.7652138515476938e+00,9.2115242107544315e+00,1.1001710558703678e+01,9.2115242107544315e+00,0.0000000000000000e+00,1.1001710558703678e+01,5.7332658679061499e+00,5.7332658679061499e+00,9.2115242107544315e+00,0.0000000000000000e+00,1.1001710558703678e+01,1.1001710558703678e+01,1.1001710558703678e+01,1.1001710558703678e+01,1.1001710558703678e+01,1.1001710558703678e+01,9.2115242107544315e+00,5.7332658679061499e+00,5.7332658679061499e+00,1.2159492477084520e+01,1.1001710558703678e+01,9.2115242107544315e+00,1.1001710558703678e+01,6.6477211689639892e+00,5.7332658679061499e+00,9.2115242107544315e+00,1.1001710558703678e+01,1.7652138515476938e+00,9.3142577805322873e+00,1.1001710558703678e+01,9.2115242107544315e+00,3.7423988905465113e+00,1.3048273561167065e+01,1.4214388391508162e+01,1.4214388391508162e+01,1.4214388391508162e+01,1.4214388391508162e+01,1.4214388391508162e+01,9.2115242107544315e+00,9.2115242107544315e+00,9.2115242107544315e+00,1.3048273561167065e+01,1.4214388391508162e+01,9.3142577805322873e+00,5.7332658679061499e+00,5.7332658679061499e+00,1.4214388391508162e+01,1.1001710558703678e+01,1.1001710558703678e+01,1.0237853046742755e+00,1.2159492477084520e+01,1.1001710558703678e+01,5.1273968531136767e+00,5.1273968531136767e+00,1.2159492477084520e+01,1.1001710558703678e+01,1.2159492477084520e+01,1.1001710558703678e+01,1.1001710558703678e+01,7.4406557255011130e+00,7.4406557255011130e+00,7.4406557255011130e+00,7.4406557255011130e+00,9.2115242107544315e+00,1.4214388391508162e+01,1.2159492477084520e+01,5.1273968531136767e+00,1.2159492477084520e+01,1.2159492477084520e+01,2.8782325561877622e+00,9.2115242107544315e+00,0.0000000000000000e+00,1.2159492477084520e+01,1.2159492477084520e+01,0.0000000000000000e+00,1.3048273561167065e+01,1.1001710558703678e+01,1.4214388391508162e+01,1.1001710558703678e+01,1.4214388391508162e+01,1.1001710558703678e+01,1.4214388391508162e+01,2.8782325561877622e+00,1.4214388391508162e+01,1.4214388391508162e+01,6.6477211689639892e+00,5.7332658679061499e+00,6.6477211689639892e+00,2.8782325561877622e+00,1.0237853046742755e+00,1.4214388391508162e+01,1.4214388391508162e+01,6.6477211689639892e+00,1.1001710558703678e+01,5.1273968531136767e+00,1.2159492477084520e+01,1.2159492477084520e+01,6.6477211689639892e+00,1.2159492477084520e+01,9.2115242107544315e+00,1.7652138515476938e+00,6.6477211689639892e+00,1.2159492477084520e+01,6.6477211689639892e+00,1.3048273561167065e+01,2.8782325561877622e+00,5.1273968531136767e+00,1.2159492477084520e+01,7.4406557255011130e+00,7.4406557255011130e+00,7.4406557255011130e+00,1.2159492477084520e+01,1.0237853046742755e+00,7.4406557255011130e+00,1.4214388391508162e+01,9.2115242107544315e+00,1.5114005541405026e+01,1.0237853046742755e+00,9.2115242107544315e+00,9.2115242107544315e+00,9.2115242107544315e+00,9.2115242107544315e+00,5.7332658679061499e+00,1.7652138515476938e+00,0.0000000000000000e+00,1.3048273561167065e+01,1.7652138515476938e+00,1.2159492477084520e+01,1.7652138515476938e+00,5.1273968531136767e+00,5.1273968531136767e+00,1.1001710558703678e+01,5.7332658679061499e+00,9.2115242107544315e+00,9.3142577805322873e+00,2.8782325561877622e+00,2.8782325561877622e+00,9.2115242107544315e+00,1.3048273561167065e+01,1.3048273561167065e+01,1.2159492477084520e+01,5.7332658679061499e+00,5.1273968531136767e+00,1.3048273561167065e+01,5.1273968531136767e+00,1.3048273561167065e+01,5.1273968531136767e+00,1.3048273561167065e+01,1.3048273561167065e+01,1.1001710558703678e+01,1.2159492477084520e+01,1.3048273561167065e+01,6.6477211689639892e+00,3.7423988905465113e+00,5.1273968531136767e+00,7.4406557255011130e+00,3.7423988905465113e+00,5.7332658679061499e+00,1.5114005541405026e+01,1.3048273561167065e+01,5.1273968531136767e+00,1.3048273561167065e+01,5.1273968531136767e+00,1.2159492477084520e+01,0.0000000000000000e+00,1.1001710558703678e+01,7.4406557255011130e+00,6.6477211689639892e+00,1.3048273561167065e+01,5.1273968531136767e+00,1.5114005541405026e+01,5.1273968531136767e+00,5.7332658679061499e+00,9.2115242107544315e+00,9.2115242107544315e+00,1.5114005541405026e+01,1.1001710558703678e+01,1.5114005541405026e+01,9.2115242107544315e+00,1.1001710558703678e+01,1.3048273561167065e+01,0.0000000000000000e+00,9.2115242107544315e+00,1.2159492477084520e+01,1.2159492477084520e+01,1.2159492477084520e+01,1.2159492477084520e+01,1.5114005541405026e+01,1.3048273561167065e+01,1.0237853046742755e+00,0.0000000000000000e+00,1.2159492477084520e+01,5.1273968531136767e+00,1.2159492477084520e+01,1.5114005541405026e+01,9.2115242107544315e+00,9.2115242107544315e+00,9.2115242107544315e+00,9.3142577805322873e+00,9.3142577805322873e+00,1.4214388391508162e+01,2.8782325561877622e+00,5.1273968531136767e+00,0.0000000000000000e+00,1.0237853046742755e+00,1.5114005541405026e+01,9.3142577805322873e+00,1.3048273561167065e+01,1.4214388391508162e+01,5.1273968531136767e+00,1.4214388391508162e+01,1.0237853046742755e+00,1.3048273561167065e+01,1.1001710558703678e+01,1.7652138515476938e+00,1.3048273561167065e+01,1.3048273561167065e+01,1.3048273561167065e+01,1.3048273561167065e+01,1.2159492477084520e+01,1.1001710558703678e+01,1.3048273561167065e+01,1.3048273561167065e+01,9.2115242107544315e+00,1.4214388391508162e+01,1.4214388391508162e+01,9.2115242107544315e+00,1.3048273561167065e+01,9.2115242107544315e+00,9.2115242107544315e+00,1.3048273561167065e+01,9.2115242107544315e+00,1.2159492477084520e+01,1.4214388391508162e+01,1.1001710558703678e+01,1.3048273561167065e+01,5.7332658679061499e+00,9.2115242107544315e+00,9.2115242107544315e+00,1.5114005541405026e+01,1.7652138515476938e+00,6.6477211689639892e+00,3.7423988905465113e+00,1.5114005541405026e+01,1.5114005541405026e+01,9.3142577805322873e+00,1.5114005541405026e+01,1.3048273561167065e+01,1.3048273561167065e+01,9.3142577805322873e+00,0.0000000000000000e+00,1.3048273561167065e+01,1.3048273561167065e+01,1.5114005541405026e+01,2.8782325561877622e+00,2.8782325561877622e+00,5.1273968531136767e+00,7.4406557255011130e+00,9.2115242107544315e+00,1.7652138515476938e+00,9.2115242107544315e+00,9.2115242107544315e+00,0.0000000000000000e+00,1.4214388391508162e+01,1.4214388391508162e+01,1.4214388391508162e+01,1.3048273561167065e+01,1.3048273561167065e+01,1.4214388391508162e+01,1.4214388391508162e+01,1.3048273561167065e+01,1.4214388391508162e+01,3.7423988905465113e+00,1.2159492477084520e+01,1.7652138515476938e+00,1.4214388391508162e+01,1.4214388391508162e+01,1.2159492477084520e+01,1.7652138515476938e+00,1.4214388391508162e+01,1.2159492477084520e+01,1.1001710558703678e+01,9.2115242107544315e+00,2.8782325561877622e+00,3.7423988905465113e+00,1.1001710558703678e+01,1.0237853046742755e+00,1.3048273561167065e+01,1.2159492477084520e+01,1.5114005541405026e+01,5.7332658679061499e+00,9.2115242107544315e+00,9.2115242107544315e+00,1.3048273561167065e+01,2.8782325561877622e+00,5.1273968531136767e+00,1.4214388391508162e+01,6.6477211689639892e+00,0.0000000000000000e+00,1.5114005541405026e+01,1.3048273561167065e+01,5.7332658679061499e+00,9.2115242107544315e+00,7.4406557255011130e+00,9.2115242107544315e+00,1.3048273561167065e+01,1.3048273561167065e+01,1.5114005541405026e+01,5.7332658679061499e+00,1.5114005541405026e+01,1.3048273561167065e+01,3.7423988905465113e+00,1.3048273561167065e+01,9.2115242107544315e+00,1.3048273561167065e+01,2.8782325561877622e+00,7.4406557255011130e+00,1.4214388391508162e+01,1.4214388391508162e+01,1.2159492477084520e+01,1.3048273561167065e+01,2.8782325561877622e+00,6.6477211689639892e+00,1.3048273561167065e+01,1.3048273561167065e+01,1.5114005541405026e+01,1.2159492477084520e+01,2.8782325561877622e+00,1.3048273561167065e+01,1.2159492477084520e+01,1.5114005541405026e+01,1.5114005541405026e+01,1.5114005541405026e+01,1.7652138515476938e+00,1.3048273561167065e+01,1.3048273561167065e+01,1.2159492477084520e+01,1.3048273561167065e+01,1.1001710558703678e+01,3.7423988905465113e+00,0.0000000000000000e+00,1.2159492477084520e+01,1.3048273561167065e+01,3.7423988905465113e+00,1.1001710558703678e+01,1.3048273561167065e+01,1.3048273561167065e+01,3.7423988905465113e+00,6.6477211689639892e+00,1.3048273561167065e+01,1.3048273561167065e+01,1.3048273561167065e+01,1.3048273561167065e+01,1.3048273561167065e+01,9.2115242107544315e+00,1.4214388391508162e+01,1.5114005541405026e+01,1.5114005541405026e+01,9.2115242107544315e+00,5.1273968531136767e+00,0.0000000000000000e+00,1.2159492477084520e+01,1.3048273561167065e+01,1.2159492477084520e+01,1.5114005541405026e+01,2.8782325561877622e+00,5.7332658679061499e+00,1.1001710558703678e+01,9.2115242107544315e+00,1.2159492477084520e+01,1.3048273561167065e+01,1.3048273561167065e+01,1.3048273561167065e+01,1.3048273561167065e+01,9.2115242107544315e+00,1.2159492477084520e+01,1.5114005541405026e+01,1.4214388391508162e+01,7.4406557255011130e+00,1.4214388391508162e+01,1.5114005541405026e+01,5.1273968531136767e+00,5.1273968531136767e+00,1.4214388391508162e+01,5.7332658679061499e+00,1.4214388391508162e+01,1.7652138515476938e+00,1.5114005541405026e+01,1.5114005541405026e+01,1.5114005541405026e+01,5.1273968531136767e+00,1.7652138515476938e+00,1.4214388391508162e+01,1.7652138515476938e+00,1.2159492477084520e+01,1.5114005541405026e+01,1.2159492477084520e+01,1.5114005541405026e+01,5.1273968531136767e+00,3.7423988905465113e+00,5.1273968531136767e+00,6.6477211689639892e+00,6.6477211689639892e+00,1.3048273561167065e+01,1.3048273561167065e+01,7.4406557255011130e+00,1.4214388391508162e+01,1.5114005541405026e+01,1.4214388391508162e+01,1.2159492477084520e+01,7.4406557255011130e+00,7.4406557255011130e+00,1.5114005541405026e+01,1.5114005541405026e+01,7.4406557255011130e+00,1.5114005541405026e+01,1.3048273561167065e+01,7.4406557255011130e+00,1.3048273561167065e+01,7.4406557255011130e+00,1.7652138515476938e+00,7.4406557255011130e+00,1.4214388391508162e+01,0.0000000000000000e+00,5.7332658679061499e+00,1.0237853046742755e+00,1.4214388391508162e+01,1.3048273561167065e+01,2.8782325561877622e+00,9.3142577805322873e+00,9.3142577805322873e+00,1.5114005541405026e+01,1.5114005541405026e+01,7.4406557255011130e+00,7.4406557255011130e+00,7.4406557255011130e+00,1.3048273561167065e+01,7.4406557255011130e+00,1.5114005541405026e+01,1.1001710558703678e+01,1.4214388391508162e+01,1.2159492477084520e+01,1.5114005541405026e+01,1.4214388391508162e+01,1.5114005541405026e+01,1.2159492477084520e+01,1.0237853046742755e+00,1.0237853046742755e+00,1.3048273561167065e+01,1.5114005541405026e+01,1.2159492477084520e+01,9.3142577805322873e+00,1.4214388391508162e+01,1.2159492477084520e+01,1.4214388391508162e+01,1.5114005541405026e+01,6.6477211689639892e+00,1.2159492477084520e+01,9.2115242107544315e+00,1.5114005541405026e+01,2.8782325561877622e+00,1.5114005541405026e+01,5.1273968531136767e+00,1.4214388391508162e+01,1.4214388391508162e+01,1.5114005541405026e+01,1.5114005541405026e+01,1.0237853046742755e+00,1.0237853046742755e+00,1.7652138515476938e+00,7.4406557255011130e+00,1.2159492477084520e+01,1.5114005541405026e+01,1.3048273561167065e+01,9.3142577805322873e+00,1.7652138515476938e+00,1.2159492477084520e+01,1.3048273561167065e+01,7.4406557255011130e+00,1.5114005541405026e+01,6.6477211689639892e+00,1.1001710558703678e+01,1.5114005541405026e+01,1.7652138515476938e+00,3.7423988905465113e+00,1.5114005541405026e+01,6.6477211689639892e+00,7.4406557255011130e+00,9.2115242107544315e+00,1.5114005541405026e+01,9.2115242107544315e+00,7.4406557255011130e+00,1.1001710558703678e+01,1.1001710558703678e+01,1.5114005541405026e+01,5.7332658679061499e+00,1.2159492477084520e+01,1.2159492477084520e+01,9.3142577805322873e+00,1.1001710558703678e+01,0.0000000000000000e+00,1.2159492477084520e+01,1.5114005541405026e+01,1.7652138515476938e+00,3.7423988905465113e+00,7.4406557255011130e+00,9.2115242107544315e+00,7.4406557255011130e+00,1.2159492477084520e+01,7.4406557255011130e+00,9.2115242107544315e+00,5.1273968531136767e+00,1.1001710558703678e+01,1.4214388391508162e+01,1.1001710558703678e+01,2.8782325561877622e+00,1.1001710558703678e+01,5.1273968531136767e+00,9.3142577805322873e+00,5.1273968531136767e+00,6.6477211689639892e+00,6.6477211689639892e+00,1.1001710558703678e+01,2.8782325561877622e+00,1.1001710558703678e+01,1.5114005541405026e+01,2.8782325561877622e+00,1.1001710558703678e+01,0.0000000000000000e+00,7.4406557255011130e+00,1.5114005541405026e+01,1.3048273561167065e+01,1.5114005541405026e+01,1.1001710558703678e+01,1.1001710558703678e+01,9.3142577805322873e+00,9.3142577805322873e+00,1.5114005541405026e+01,9.3142577805322873e+00,1.7652138515476938e+00,6.6477211689639892e+00,1.2159492477084520e+01,1.5114005541405026e+01,5.7332658679061499e+00,1.3048273561167065e+01,1.2159492477084520e+01,1.3048273561167065e+01,2.8782325561877622e+00,1.5114005541405026e+01,1.5114005541405026e+01,2.8782325561877622e+00,1.4214388391508162e+01,1.2159492477084520e+01,9.2115242107544315e+00,1.2159492477084520e+01,9.2115242107544315e+00,1.7652138515476938e+00,1.7652138515476938e+00,7.4406557255011130e+00,1.5114005541405026e+01,1.7652138515476938e+00,7.4406557255011130e+00,1.0237853046742755e+00,1.5114005541405026e+01,1.7652138515476938e+00,1.1001710558703678e+01,1.2159492477084520e+01,9.3142577805322873e+00,1.1001710558703678e+01,1.2159492477084520e+01,1.2159492477084520e+01,3.7423988905465113e+00,1.0237853046742755e+00,9.2115242107544315e+00,9.2115242107544315e+00,3.7423988905465113e+00,1.7652138515476938e+00,6.6477211689639892e+00,1.4214388391508162e+01,1.4214388391508162e+01,1.1001710558703678e+01,3.7423988905465113e+00,1.4214388391508162e+01,9.2115242107544315e+00,2.8782325561877622e+00,3.7423988905465113e+00,1.1001710558703678e+01,9.2115242107544315e+00,9.2115242107544315e+00,1.2159492477084520e+01,1.2159492477084520e+01,1.2159492477084520e+01,1.5114005541405026e+01,6.6477211689639892e+00,1.2159492477084520e+01,5.1273968531136767e+00,1.2159492477084520e+01,2.8782325561877622e+00,0.0000000000000000e+00,2.8782325561877622e+00,9.3142577805322873e+00,5.7332658679061499e+00,9.3142577805322873e+00,1.5114005541405026e+01,9.2115242107544315e+00,7.4406557255011130e+00,1.0237853046742755e+00,7.4406557255011130e+00,1.5114005541405026e+01,7.4406557255011130e+00,1.4214388391508162e+01,9.2115242107544315e+00,9.2115242107544315e+00,1.2159492477084520e+01,1.2159492477084520e+01,1.2159492477084520e+01,9.2115242107544315e+00,1.4214388391508162e+01,1.4214388391508162e+01,1.2159492477084520e+01,1.4214388391508162e+01,1.7652138515476938e+00,2.8782325561877622e+00,1.3048273561167065e+01,1.3048273561167065e+01,5.7332658679061499e+00,9.2115242107544315e+00,1.2159492477084520e+01,9.2115242107544315e+00,9.2115242107544315e+00,1.5114005541405026e+01,1.2159492477084520e+01,1.2159492477084520e+01,2.8782325561877622e+00,9.2115242107544315e+00,9.2115242107544315e+00,1.1001710558703678e+01,6.6477211689639892e+00,1.3048273561167065e+01,6.6477211689639892e+00,9.2115242107544315e+00,1.2159492477084520e+01,1.0237853046742755e+00,1.5114005541405026e+01,2.8782325561877622e+00,7.4406557255011130e+00,1.4214388391508162e+01,5.7332658679061499e+00,1.4214388391508162e+01,1.4214388391508162e+01,1.4214388391508162e+01,1.3048273561167065e+01,9.2115242107544315e+00,9.2115242107544315e+00,1.5114005541405026e+01,2.8782325561877622e+00,1.1001710558703678e+01,1.5114005541405026e+01,6.6477211689639892e+00,1.5114005541405026e+01,3.7423988905465113e+00,1.5114005541405026e+01,1.5114005541405026e+01,1.5114005541405026e+01,7.4406557255011130e+00,1.4214388391508162e+01,1.1001710558703678e+01,1.5114005541405026e+01,3.7423988905465113e+00,9.2115242107544315e+00,1.4214388391508162e+01,1.2159492477084520e+01,9.2115242107544315e+00,1.1001710558703678e+01,1.4214388391508162e+01,1.1001710558703678e+01,5.1273968531136767e+00,1.0237853046742755e+00,1.5114005541405026e+01,1.5114005541405026e+01,1.5114005541405026e+01,1.5114005541405026e+01,1.5114005541405026e+01,1.1001710558703678e+01,9.2115242107544315e+00,7.4406557255011130e+00,1.2159492477084520e+01,1.5114005541405026e+01,9.3142577805322873e+00,7.4406557255011130e+00,1.2159492477084520e+01,1.1001710558703678e+01,1.7652138515476938e+00,0.0000000000000000e+00,1.5114005541405026e+01,1.2159492477084520e+01,1.4214388391508162e+01,6.6477211689639892e+00,1.0237853046742755e+00,1.2159492477084520e+01,1.4214388391508162e+01,1.5114005541405026e+01,1.1001710558703678e+01,5.1273968531136767e+00,9.2115242107544315e+00,1.4214388391508162e+01,9.2115242107544315e+00,1.1001710558703678e+01,0.0000000000000000e+00,1.2159492477084520e+01,1.4214388391508162e+01,1.5114005541405026e+01,9.2115242107544315e+00,2.8782325561877622e+00,9.3142577805322873e+00,5.1273968531136767e+00,9.2115242107544315e+00,9.2115242107544315e+00,6.6477211689639892e+00,1.0237853046742755e+00,9.2115242107544315e+00,1.4214388391508162e+01,9.2115242107544315e+00,3.7423988905465113e+00,1.0237853046742755e+00,9.2115242107544315e+00,1.2159492477084520e+01,1.1001710558703678e+01,9.2115242107544315e+00,1.1001710558703678e+01,0.0000000000000000e+00,6.6477211689639892e+00,1.5114005541405026e+01,1.5114005541405026e+01,5.1273968531136767e+00,1.4214388391508162e+01,9.2115242107544315e+00,1.5114005541405026e+01,1.3048273561167065e+01,1.7652138515476938e+00,1.4214388391508162e+01,9.2115242107544315e+00,1.4214388391508162e+01,9.2115242107544315e+00,1.0237853046742755e+00,1.4214388391508162e+01,1.4214388391508162e+01,5.7332658679061499e+00,1.7652138515476938e+00,1.5114005541405026e+01,0.0000000000000000e+00,0.0000000000000000e+00,2.8782325561877622e+00,6.6477211689639892e+00,6.6477211689639892e+00,3.7423988905465113e+00,1.5114005541405026e+01,9.2115242107544315e+00,1.3048273561167065e+01,1.5114005541405026e+01,7.4406557255011130e+00,9.2115242107544315e+00,1.5114005541405026e+01,1.5114005541405026e+01,1.3048273561167065e+01,1.3048273561167065e+01,9.2115242107544315e+00,1.5114005541405026e+01,9.2115242107544315e+00,1.3048273561167065e+01,9.2115242107544315e+00,1.2159492477084520e+01,1.2159492477084520e+01,1.5114005541405026e+01,1.5114005541405026e+01,1.5114005541405026e+01,1.3048273561167065e+01,9.2115242107544315e+00,1.5114005541405026e+01,1.3048273561167065e+01,2.8782325561877622e+00,0.0000000000000000e+00,1.5114005541405026e+01,2.8782325561877622e+00,5.1273968531136767e+00,5.1273968531136767e+00,1.3048273561167065e+01,9.2115242107544315e+00,5.7332658679061499e+00,1.4214388391508162e+01,7.4406557255011130e+00,2.8782325561877622e+00,5.7332658679061499e+00,1.2159492477084520e+01,1.2159492477084520e+01,1.3048273561167065e+01,1.2159492477084520e+01,6.6477211689639892e+00,1.3048273561167065e+01,1.1001710558703678e+01,9.2115242107544315e+00,1.3048273561167065e+01,1.1001710558703678e+01,1.3048273561167065e+01,1.4214388391508162e+01,1.4214388391508162e+01,1.4214388391508162e+01,1.5114005541405026e+01,1.1001710558703678e+01,1.4214388391508162e+01,1.5114005541405026e+01,1.5114005541405026e+01,1.5114005541405026e+01,1.3048273561167065e+01,1.4214388391508162e+01,5.1273968531136767e+00,1.1001710558703678e+01,5.1273968531136767e+00,9.2115242107544315e+00,9.2115242107544315e+00,1.3048273561167065e+01,0.0000000000000000e+00,0.0000000000000000e+00,9.2115242107544315e+00,9.2115242107544315e+00,1.0237853046742755e+00,6.6477211689639892e+00,6.6477211689639892e+00,1.3048273561167065e+01,1.4214388391508162e+01,9.2115242107544315e+00,1.5114005541405026e+01,2.8782325561877622e+00,5.1273968531136767e+00,5.7332658679061499e+00,1.5114005541405026e+01,1.3048273561167065e+01,1.3048273561167065e+01,9.2115242107544315e+00,1.3048273561167065e+01,1.3048273561167065e+01,9.2115242107544315e+00,1.4214388391508162e+01,1.3048273561167065e+01,1.5114005541405026e+01,1.3048273561167065e+01,2.8782325561877622e+00,1.1001710558703678e+01,1.5114005541405026e+01,1.3048273561167065e+01,1.4214388391508162e+01,5.7332658679061499e+00,3.7423988905465113e+00,6.6477211689639892e+00,6.6477211689639892e+00,1.1001710558703678e+01,1.3048273561167065e+01,5.1273968531136767e+00,5.7332658679061499e+00,6.6477211689639892e+00,1.4214388391508162e+01,1.4214388391508162e+01,1.3048273561167065e+01,1.0237853046742755e+00,1.1001710558703678e+01,1.1001710558703678e+01,1.3048273561167065e+01,1.4214388391508162e+01,6.6477211689639892e+00,9.2115242107544315e+00,1.1001710558703678e+01,1.1001710558703678e+01,1.3048273561167065e+01,1.1001710558703678e+01,1.4214388391508162e+01,1.3048273561167065e+01,1.4214388391508162e+01,3.7423988905465113e+00,1.1001710558703678e+01,6.6477211689639892e+00,1.2159492477084520e+01,1.7652138515476938e+00,2.8782325561877622e+00,1.4214388391508162e+01,2.8782325561877622e+00,3.7423988905465113e+00,1.1001710558703678e+01,1.1001710558703678e+01,1.1001710558703678e+01,7.4406557255011130e+00,1.5114005541405026e+01,0.0000000000000000e+00,9.2115242107544315e+00,6.6477211689639892e+00,1.4214388391508162e+01,1.5114005541405026e+01,1.5114005541405026e+01,9.3142577805322873e+00,9.3142577805322873e+00,1.2159492477084520e+01,1.4214388391508162e+01,1.0237853046742755e+00,1.4214388391508162e+01,1.0237853046742755e+00,5.7332658679061499e+00,1.2159492477084520e+01,1.4214388391508162e+01,1.3048273561167065e+01,1.3048273561167065e+01,1.5114005541405026e+01,1.0237853046742755e+00,1.3048273561167065e+01,9.2115242107544315e+00,1.4214388391508162e+01,9.2115242107544315e+00,2.8782325561877622e+00,1.2159492477084520e+01,7.4406557255011130e+00,9.2115242107544315e+00,1.3048273561167065e+01,1.2159492477084520e+01,7.4406557255011130e+00,1.5114005541405026e+01,1.4214388391508162e+01,9.2115242107544315e+00,1.2159492477084520e+01,1.5114005541405026e+01,1.5114005541405026e+01,5.7332658679061499e+00,1.0237853046742755e+00,1.3048273561167065e+01,3.7423988905465113e+00,1.1001710558703678e+01,1.3048273561167065e+01,1.3048273561167065e+01,1.3048273561167065e+01,1.0237853046742755e+00,9.3142577805322873e+00,1.2159492477084520e+01,0.0000000000000000e+00,1.7652138515476938e+00,7.4406557255011130e+00,1.0237853046742755e+00,1.0237853046742755e+00,1.5114005541405026e+01,1.3048273561167065e+01,7.4406557255011130e+00,0.0000000000000000e+00,1.5114005541405026e+01,9.3142577805322873e+00,1.3048273561167065e+01,2.8782325561877622e+00,1.5114005541405026e+01,3.7423988905465113e+00,1.2159492477084520e+01,1.2159492477084520e+01,1.3048273561167065e+01,1.3048273561167065e+01,1.4214388391508162e+01,9.2115242107544315e+00,5.1273968531136767e+00,1.1001710558703678e+01,1.1001710558703678e+01,1.3048273561167065e+01,1.1001710558703678e+01,1.1001710558703678e+01,9.2115242107544315e+00,1.3048273561167065e+01,9.2115242107544315e+00,9.2115242107544315e+00,1.1001710558703678e+01
5.5945492016407217e+00,5.5945492016407217e+00,4.6608008363131850e+00,7.6426642205682613e+00,5.5945492016407217e+00,5.5945492016407217e+00,1.2834826478082130e+01,1.4283156253409073e+01,4.6608008363131850e+00,9.6769982800685046e+00,4.6608008363131850e+00,7.0877552704818472e+00,1.4283156253409073e+01,4.6608008363131850e+00,5.5945492016407217e+00,1.4283156253409073e+01,5.5945492016407217e+00,5.5945492016407217e+00,1.4283156253409073e+01,1.4283156253409073e+01,1.4283156253409073e+01,1.4283156253409073e+01,9.6769982800685046e+00,9.7892835207961451e+00,6.5965076753226173e+00,1.4283156253409073e+01,1.4283156253409073e+01,9.7892835207961451e+00,4.6608008363131850e+00,6.5965076753226173e+00,1.4283156253409073e+01,1.4283156253409073e+01,1.4283156253409073e+01,6.5965076753226173e+00,1.4283156253409073e+01,1.2086685810292321e+01,1.4283156253409073e+01,1.4283156253409073e+01,1.4283156253409073e+01,5.5945492016407217e+00,4.6608008363131850e+00,9.6560073490826304e-01,5.5945492016407217e+00,1.4283156253409073e+01,9.6769982800685046e+00,4.6608008363131850e+00,7.0877552704818472e+00,0.0000000000000000e+00,7.0877552704818472e+00,1.2086685810292321e+01,4.0034423589052812e+00,1.2086685810292321e+01,1.2086685810292321e+01,9.7892835207961451e+00,4.0034423589052812e+00,9.6560073490826304e-01,1.8185408482091661e+00,1.4283156253409073e+01,1.4283156253409073e+01,7.0877552704818472e+00,1.4283156253409073e+01,6.5965076753226173e+00,0.0000000000000000e+00,5.5945492016407217e+00,4.6608008363131850e+00,7.0877552704818472e+00,4.0034423589052812e+00,7.0877552704818472e+00,7.0877552704818472e+00,7.0877552704818472e+00,1.4283156253409073e+01,7.0877552704818472e+00,5.5945492016407217e+00,6.5965076753226173e+00,9.6560073490826304e-01,0.0000000000000000e+00,7.0877552704818472e+00,7.6426642205682613e+00,4.0034423589052812e+00,7.6426642205682613e+00,1.2086685810292321e+01,7.6426642205682613e+00,1.2834826478082130e+01,1.8185408482091661e+00,9.7892835207961451e+00,7.0877552704818472e+00,1.2834826478082130e+01,9.7892835207961451e+00,7.0877552704818472e+00,1.8185408482091661e+00,1.4283156253409073e+01,1.2086685810292321e+01,1.2086685810292321e+01,1.8185408482091661e+00,9.6769982800685046e+00,1.2834826478082130e+01,1.2086685810292321e+01,1.8185408482091661e+00,1.2086685810292321e+01,7.6426642205682613e+00,9.6560073490826304e-01,7.6426642205682613e+00,2.7954478174286903e+00,4.0034423589052812e+00,4.0034423589052812e+00,4.6608008363131850e+00,4.6608008363131850e+00,4.6608008363131850e+00,7.6426642205682613e+00,1.4283156253409073e+01,6.5965076753226173e+00,2.7954478174286903e+00,6.5965076753226173e+00,7.6426642205682613e+00,0.0000000000000000e+00,1.4283156253409073e+01,7.6426642205682613e+00,7.0877552704818472e+00,1.4283156253409073e+01,1.4283156253409073e+01,7.6426642205682613e+00,9.6560073490826304e-01,2.7954478174286903e+00,7.6426642205682613e+00,1.2834826478082130e+01,7.0877552704818472e+00,4.0034423589052812e+00,2.7954478174286903e+00,6.5965076753226173e+00,6.5965076753226173e+00,9.7892835207961451e+00,1.2834826478082130e+01,2.7954478174286903e+00,1.2834826478082130e+01,1.2834826478082130e+01,4.6608008363131850e+00,7.0877552704818472e+00,9.6560073490826304e-01,1.4283156253409073e+01,1.4283156253409073e+01,1.2834826478082130e+01,1.4283156253409073e+01,2.7954478174286903e+00,7.0877552704818472e+00,0.0000000000000000e+00,1.4283156253409073e+01,1.4283156253409073e+01,1.4283156253409073e+01,7.6426642205682613e+00,1.4283156253409073e+01,1.4283156253409073e+01,1.4283156253409073e+01,0.0000000000000000e+00,1.4283156253409073e+01,1.4283156253409073e+01,1.4283156253409073e+01,1.4283156253409073e+01,1.4283156253409073e+01,4.0034423589052812e+00,1.2086685810292321e+01,1.2086685810292321e+01,6.5965076753226173e+00,9.6769982800685046e+00,5.5945492016407217e+00,1.2086685810292321e+01,1.8185408482091661e+00,4.6608008363131850e+00,1.2834826478082130e+01,1.2359155046156690e+01,1.4283156253409073e+01,1.4283156253409073e+01,1.2834826478082130e+01,1.2359155046156690e+01,4.6608008363131850e+00,4.0034423589052812e+00,4.0034423589052812e+00,4.6608008363131850e+00,9.6769982800685046e+00,6.5965076753226173e+00,1.4283156253409073e+01,1.2086685810292321e+01,1.2359155046156690e+01,6.5965076753226173e+00,1.2834826478082130e+01,1.2359155046156690e+01,9.6769982800685046e+00,7.6426642205682613e+00,9.6769982800685046e+00,1.2834826478082130e+01,7.6426642205682613e+00,1.8185408482091661e+00,1.2834826478082130e+01,1.2359155046156690e+01,7.0877552704818472e+00,7.6426642205682613e+00,1.2086685810292321e+01,1.2834826478082130e+01,1.2359155046156690e+01,7.6426642205682613e+00,1.4283156253409073e+01,1.4283156253409073e+01,4.0034423589052812e+00,1.2359155046156690e+01,1.2086685810292321e+01,4.6608008363131850e+00,0.0000000000000000e+00,1.4283156253409073e+01,6.5965076753226173e+00,1.2086685810292321e+01,9.7892835207961451e+00,6.5965076753226173e+00,4.0034423589052812e+00,9.7892835207961451e+00,9.7892835207961451e+00,1.4283156253409073e+01,1.4283156253409073e+01,9.7892835207961451e+00,9.7892835207961451e+00,1.2359155046156690e+01,4.6608008363131850e+00,1.4283156253409073e+01,4.6608008363131850e+00,6.5965076753226173e+00,4.6608008363131850e+00,7.6426642205682613e+00,1.8185408482091661e+00,7.6426642205682613e+00,1.2086685810292321e+01,1.2086685810292321e+01,9.6560073490826304e-01,1.4283156253409073e+01,4.0034423589052812e+00,1.4283156253409073e+01,1.8185408482091661e+00,7.6426642205682613e+00,1.2359155046156690e+01,1.4283156253409073e+01,1.4283156253409073e+01,7.6426642205682613e+00,7.6426642205682613e+00,9.6769982800685046e+00,9.6769982800685046e+00,9.6769982800685046e+00,7.0877552704818472e+00,1.2834826478082130e+01,1.8185408482091661e+00,1.4283156253409073e+01,1.2834826478082130e+01,1.4283156253409073e+01,1.4283156253409073e+01,5.5945492016407217e+00,1.2086685810292321e+01,1.2086685810292321e+01,9.6769982800685046e+00,9.6769982800685046e+00,1.2086685810292321e+01,2.7954478174286903e+00,2.7954478174286903e+00,1.4283156253409073e+01,4.6608008363131850e+00,5.5945492016407217e+00,7.6426642205682613e+00,7.6426642205682613e+00,1.2834826478082130e+01,7.6426642205682613e+00,6.5965076753226173e+00,5.5945492016407217e+00,7.6426642205682613e+00,1.2086685810292321e+01,6.5965076753226173e+00,7.6426642205682613e+00,0.0000000000000000e+00,1.4283156253409073e+01,9.6560073490826304e-01,7.6426642205682613e+00,1.2086685810292321e+01,5.5945492016407217e+00,7.6426642205682613e+00,7.6426642205682613e+00,7.6426642205682613e+00,6.5965076753226173e+00,7.6426642205682613e+00,1.4283156253409073e+01,7.6426642205682613e+00,2.7954478174286903e+00,7.6426642205682613e+00,1.2359155046156690e+01,1.2359155046156690e+01,1.2359155046156690e+01,1.4283156253409073e+01,1.2359155046156690e+01,4.0034423589052812e+00,6.5965076753226173e+00,7.0877552704818472e+00,0.0000000000000000e+00,9.6769982800685046e+00,7.0877552704818472e+00,1.4283156253409073e+01,1.2359155046156690e+01,1.2834826478082130e+01,7.6426642205682613e+00,9.6769982800685046e+00,9.6769982800685046e+00,9.6769982800685046e+00,1.2086685810292321e+01,4.0034423589052812e+00,9.6769982800685046e+00,4.0034423589052812e+00,5.5945492016407217e+00,0.0000000000000000e+00,1.2086685810292321e+01,4.0034423589052812e+00,1.2086685810292321e+01,1.4283156253409073e+01,6.5965076753226173e+00,1.4283156253409073e+01,1.4283156253409073e+01,5.5945492016407217e+00,7.0877552704818472e+00,9.6769982800685046e+00,1.4283156253409073e+01,5.5945492016407217e+00,1.2359155046156690e+01,1.2086685810292321e+01,9.6769982800685046e+00,7.6426642205682613e+00,9.6769982800685046e+00,1.4283156253409073e+01,1.4283156253409073e+01,6.5965076753226173e+00,1.4283156253409073e+01,5.5945492016407217e+00,1.2086685810292321e+01,7.6426642205682613e+00,4.6608008363131850e+00,1.2834826478082130e+01,1.4283156253409073e+01,1.2086685810292321e+01,1.2086685810292321e+01,2.7954478174286903e+00,1.2086685810292321e+01,9.6560073490826304e-01,9.7892835207961451e+00,1.8185408482091661e+00,4.0034423589052812e+00,2.7954478174286903e+00,4.0034423589052812e+00,1.4283156253409073e+01,1.2086685810292321e+01,7.0877552704818472e+00,1.2359155046156690e+01,7.6426642205682613e+00,1.2086685810292321e+01,1.2834826478082130e+01,1.4283156253409073e+01,1.2086685810292321e+01,7.6426642205682613e+00,6.5965076753226173e+00,1.4283156253409073e+01,5.5945492016407217e+00,6.5965076753226173e+00,6.5965076753226173e+00,6.5965076753226173e+00,1.2834826478082130e+01,1.2834826478082130e+01,1.2834826478082130e+01,6.5965076753226173e+00,0.0000000000000000e+00,9.7892835207961451e+00,9.6769982800685046e+00,9.6769982800685046e+00,7.0877552704818472e+00,7.0877552704818472e+00,1.4283156253409073e+01,4.6608008363131850e+00,1.4283156253409073e+01,1.2834826478082130e+01,0.0000000000000000e+00,7.0877552704818472e+00,1.4283156253409073e+01,1.4283156253409073e+01,9.6769982800685046e+00,1.2834826478082130e+01,7.0877552704818472e+00,4.0034423589052812e+00,1.4283156253409073e+01,1.4283156253409073e+01,9.6560073490826304e-01,1.2834826478082130e+01,1.2834826478082130e+01,1.4283156253409073e+01,1.2834826478082130e+01,1.2834826478082130e+01,1.2834826478082130e+01,1.2834826478082130e+01,7.0877552704818472e+00,1.2834826478082130e+01,1.2834826478082130e+01,5.5945492016407217e+00,1.2359155046156690e+01,2.7954478174286903e+00,4.6608008363131850e+00,1.2834826478082130e+01,5.5945492016407217e+00,1.2834826478082130e+01,1.2086685810292321e+01,7.6426642205682613e+00,1.2834826478082130e+01,1.2834826478082130e+01,1.2834826478082130e+01,1.2086685810292321e+01,1.2834826478082130e+01,1.4283156253409073e+01,1.2086685810292321e+01,4.0034423589052812e+00,1.4283156253409073e+01,9.7892835207961451e+00,1.8185408482091661e+00,1.2359155046156690e+01,1.4283156253409073e+01,1.2086685810292321e+01,1.2834826478082130e+01,1.4283156253409073e+01,1.2834826478082130e+01,1.2086685810292321e+01,1.4283156253409073e+01,1.2086685810292321e+01,1.4283156253409073e+01,1.4283156253409073e+01,9.6560073490826304e-01,5.5945492016407217e+00,1.2834826478082130e+01,1.8185408482091661e+00,4.6608008363131850e+00,4.6608008363131850e+00,1.4283156253409073e+01,1.2834826478082130e+01,0.0000000000000000e+00,1.8185408482091661e+00,7.0877552704818472e+00,5.5945492016407217e+00,1.2834826478082130e+01,1.8185408482091661e+00,1.2086685810292321e+01,1.2834826478082130e+01,4.6608008363131850e+00,0.0000000000000000e+00,1.2359155046156690e+01,6.5965076753226173e+00,1.4283156253409073e+01,1.4283156253409073e+01,7.0877552704818472e+00,1.2834826478082130e+01,1.4283156253409073e+01,1.4283156253409073e+01,9.6769982800685046e+00,1.4283156253409073e+01,0.0000000000000000e+00,5.5945492016407217e+00,4.0034423589052812e+00,4.0034423589052812e+00,1.4283156253409073e+01,4.6608008363131850e+00,1.2086685810292321e+01,1.4283156253409073e+01,1.2086685810292321e+01,7.0877552704818472e+00,1.2834826478082130e+01,1.4283156253409073e+01,1.4283156253409073e+01,1.2359155046156690e+01,1.2359155046156690e+01,1.2086685810292321e+01,1.2834826478082130e+01,1.4283156253409073e+01,1.4283156253409073e+01,1.8185408482091661e+00,1.4283156253409073e+01,1.4283156253409073e+01,1.2834826478082130e+01,1.2359155046156690e+01,4.6608008363131850e+00,1.2834826478082130e+01,7.0877552704818472e+00,4.6608008363131850e+00,1.8185408482091661e+00,1.4283156253409073e+01,7.0877552704818472e+00,9.6769982800685046e+00,1.2834826478082130e+01,1.2834826478082130e+01,1.2834826478082130e+01,9.7892835207961451e+00,1.2834826478082130e+01,7.6426642205682613e+00,1.2834826478082130e+01,1.8185408482091661e+00,1.4283156253409073e+01,1.2834826478082130e+01,7.0877552704818472e+00,6.5965076753226173e+00,7.6426642205682613e+00,7.6426642205682613e+00,7.0877552704818472e+00,1.2359155046156690e+01,4.6608008363131850e+00,1.8185408482091661e+00,0.0000000000000000e+00,1.4283156253409073e+01,1.2834826478082130e+01,9.6560073490826304e-01,4.6608008363131850e+00,1.2359155046156690e+01,2.7954478174286903e+00,6.5965076753226173e+00,1.4283156253409073e+01,1.2834826478082130e+01,1.4283156253409073e+01,1.2834826478082130e+01,1.2834826478082130e+01,1.2086685810292321e+01,7.0877552704818472e+00,4.6608008363131850e+00,1.2834826478082130e+01,1.2086685810292321e+01,1.2834826478082130e+01,9.6769982800685046e+00,7.6426642205682613e+00,6.5965076753226173e+00,9.6769982800685046e+00,1.2086685810292321e+01,9.7892835207961451e+00,1.2834826478082130e+01,2.7954478174286903e+00,6.5965076753226173e+00,1.2834826478082130e+01,2.7954478174286903e+00,1.2834826478082130e+01,1.8185408482091661e+00,1.2359155046156690e+01,5.5945492016407217e+00,1.4283156253409073e+01,1.2834826478082130e+01,6.5965076753226173e+00,4.0034423589052812e+00,9.7892835207961451e+00,9.6769982800685046e+00,1.4283156253409073e+01,1.2834826478082130e+01,1.2359155046156690e+01,6.5965076753226173e+00,1.4283156253409073e+01,1.2359155046156690e+01,4.0034423589052812e+00,9.7892835207961451e+00,6.5965076753226173e+00,9.6769982800685046e+00,1.2834826478082130e+01,1.2086685810292321e+01,1.2086685810292321e+01,1.4283156253409073e+01,1.4283156253409073e+01,1.2834826478082130e+01,4.0034423589052812e+00,2.7954478174286903e+00,9.6769982800685046e+00,1.2359155046156690e+01,7.0877552704818472e+00,1.2834826478082130e+01,1.2834826478082130e+01,5.5945492016407217e+00,1.2834826478082130e+01,1.2834826478082130e+01,1.4283156253409073e+01,1.2086685810292321e+01,1.2834826478082130e+01,9.6560073490826304e-01,1.2359155046156690e+01,7.0877552704818472e+00,1.8185408482091661e+00,1.2834826478082130e+01,1.8185408482091661e+00,9.6769982800685046e+00,1.2834826478082130e+01,1.2834826478082130e+01,5.5945492016407217e+00,7.0877552704818472e+00,9.6769982800685046e+00,1.4283156253409073e+01,7.6426642205682613e+00,7.6426642205682613e+00,1.2359155046156690e+01,5.5945492016407217e+00,2.7954478174286903e+00,7.6426642205682613e+00,7.6426642205682613e+00,2.7954478174286903e+00,1.2086685810292321e+01,9.7892835207961451e+00,1.4283156253409073e+01,7.6426642205682613e+00,1.2359155046156690e+01,1.2359155046156690e+01,1.2359155046156690e+01,9.7892835207961451e+00,7.6426642205682613e+00,7.6426642205682613e+00,9.7892835207961451e+00,7.6426642205682613e+00,7.6426642205682613e+00,9.6560073490826304e-01,1.2359155046156690e+01,1.2834826478082130e+01,2.7954478174286903e+00,6.5965076753226173e+00,5.5945492016407217e+00,1.2834826478082130e+01,1.2834826478082130e+01,4.6608008363131850e+00,5.5945492016407217e+00,9.6560073490826304e-01,7.0877552704818472e+00,0.0000000000000000e+00,1.4283156253409073e+01,2.7954478174286903e+00,2.7954478174286903e+00,1.4283156253409073e+01,1.2834826478082130e+01,1.2834826478082130e+01,1.4283156253409073e+01,1.4283156253409073e+01,1.2359155046156690e+01,6.5965076753226173e+00,5.5945492016407217e+00,5.5945492016407217e+00,1.2359155046156690e+01,7.0877552704818472e+00,5.5945492016407217e+00,1.4283156253409073e+01,1.4283156253409073e+01,1.2834826478082130e+01,1.2834826478082130e+01,1.2834826478082130e+01,9.7892835207961451e+00,1.4283156253409073e+01,1.2834826478082130e+01,0.0000000000000000e+00,5.5945492016407217e+00,0.0000000000000000e+00,4.6608008363131850e+00,1.4283156253409073e+01,4.0034423589052812e+00,1.2359155046156690e+01,1.2086685810292321e+01,1.2834826478082130e+01,1.4283156253409073e+01,1.2359155046156690e+01,1.2086685810292321e+01,1.2359155046156690e+01,1.2086685810292321e+01,1.2359155046156690e+01,1.2086685810292321e+01,6.5965076753226173e+00,7.0877552704818472e+00,7.0877552704818472e+00,9.7892835207961451e+00,1.2834826478082130e+01,1.2834826478082130e+01,1.4283156253409073e+01,9.7892835207961451e+00,7.0877552704818472e+00,1.4283156253409073e+01,6.5965076753226173e+00,1.4283156253409073e+01,1.2834826478082130e+01,1.8185408482091661e+00,4.0034423589052812e+00,1.4283156253409073e+01,1.4283156253409073e+01,7.6426642205682613e+00,1.4283156253409073e+01,4.0034423589052812e+00,1.4283156253409073e+01,5.5945492016407217e+00,1.2086685810292321e+01,1.2834826478082130e+01,5.5945492016407217e+00,9.7892835207961451e+00,1.2359155046156690e+01,1.4283156253409073e+01,1.2359155046156690e+01,1.4283156253409073e+01,0.0000000000000000e+00,1.4283156253409073e+01,0.0000000000000000e+00,2.7954478174286903e+00,1.8185408482091661e+00,1.2359155046156690e+01,1.8185408482091661e+00,7.6426642205682613e+00,1.2834826478082130e+01,1.4283156253409073e+01,7.0877552704818472e+00,1.4283156253409073e+01,1.2834826478082130e+01,9.6560073490826304e-01,9.6769982800685046e+00,9.6769982800685046e+00,1.2834826478082130e+01,1.4283156253409073e+01,1.4283156253409073e+01,5.5945492016407217e+00,9.6769982800685046e+00,6.5965076753226173e+00,1.4283156253409073e+01,9.6560073490826304e-01,9.7892835207961451e+00,1.4283156253409073e+01,7.6426642205682613e+00,1.2834826478082130e+01,4.6608008363131850e+00,9.6560073490826304e-01,4.6608008363131850e+00,9.7892835207961451e+00,1.4283156253409073e+01,1.4283156253409073e+01,9.7892835207961451e+00,2.7954478174286903e+00,1.2834826478082130e+01,6.5965076753226173e+00,1.2834826478082130e+01,6.5965076753226173e+00,1.2834826478082130e+01,1.2086685810292321e+01,9.7892835207961451e+00,1.2086685810292321e+01,4.0034423589052812e+00,9.7892835207961451e+00,9.7892835207961451e+00,1.4283156253409073e+01,1.2086685810292321e+01,5.5945492016407217e+00,5.5945492016407217e+00,7.6426642205682613e+00,1.4283156253409073e+01,1.2086685810292321e+01,1.4283156253409073e+01,1.4283156253409073e+01,1.4283156253409073e+01,1.2359155046156690e+01,1.4283156253409073e+01,0.0000000000000000e+00,0.0000000000000000e+00,6.5965076753226173e+00,7.6426642205682613e+00,4.6608008363131850e+00,6.5965076753226173e+00,1.2086685810292321e+01,1.4283156253409073e+01,7.6426642205682613e+00,1.4283156253409073e+01,1.2086685810292321e+01,1.4283156253409073e+01,1.4283156253409073e+01,9.7892835207961451e+00,9.6769982800685046e+00,9.6560073490826304e-01,4.6608008363131850e+00,1.2086685810292321e+01,9.6560073490826304e-01,1.2359155046156690e+01,1.2834826478082130e+01,1.2834826478082130e+01,1.8185408482091661e+00,1.2834826478082130e+01,1.4283156253409073e+01,5.5945492016407217e+00,1.4283156253409073e+01,1.4283156253409073e+01,1.4283156253409073e+01,1.2834826478082130e+01,1.2359155046156690e+01,1.2834826478082130e+01,4.0034423589052812e+00,1.2834826478082130e+01,9.6560073490826304e-01,4.0034423589052812e+00,1.2359155046156690e+01,4.6608008363131850e+00,6.5965076753226173e+00,7.0877552704818472e+00,1.4283156253409073e+01,4.0034423589052812e+00,6.5965076753226173e+00,1.2834826478082130e+01,1.2834826478082130e+01,9.6560073490826304e-01,9.6769982800685046e+00,1.2834826478082130e+01,1.4283156253409073e+01,1.2359155046156690e+01,1.2359155046156690e+01,9.7892835207961451e+00,0.0000000000000000e+00,1.4283156253409073e+01,9.6560073490826304e-01,1.8185408482091661e+00,1.4283156253409073e+01,9.6769982800685046e+00,1.2834826478082130e+01,9.6560073490826304e-01,1.2834826478082130e+01,9.6560073490826304e-01,7.6426642205682613e+00,1.8185408482091661e+00,1.4283156253409073e+01,1.8185408482091661e+00,1.2834826478082130e+01,1.4283156253409073e+01,1.2834826478082130e+01,1.2834826478082130e+01,6.5965076753226173e+00,4.6608008363131850e+00,1.2834826478082130e+01,4.6608008363131850e+00,1.8185408482091661e+00,1.4283156253409073e+01,1.4283156253409073e+01,0.0000000000000000e+00,6.5965076753226173e+00,1.2086685810292321e+01,5.5945492016407217e+00,1.2359155046156690e+01,7.0877552704818472e+00,7.0877552704818472e+00,7.0877552704818472e+00,6.5965076753226173e+00,5.5945492016407217e+00,6.5965076753226173e+00,5.5945492016407217e+00,4.6608008363131850e+00,0.0000000000000000e+00,1.2086685810292321e+01,6.5965076753226173e+00,7.6426642205682613e+00,1.2359155046156690e+01,2.7954478174286903e+00,1.8185408482091661e+00,1.2834826478082130e+01,1.2359155046156690e+01,1.2834826478082130e+01,7.6426642205682613e+00,4.6608008363131850e+00,1.4283156253409073e+01,9.6769982800685046e+00,4.0034423589052812e+00,6.5965076753226173e+00,1.2834826478082130e+01,1.2086685810292321e+01,1.4283156253409073e+01,1.2359155046156690e+01,1.4283156253409073e+01,1.2359155046156690e+01,9.6560073490826304e-01,4.6608008363131850e+00,4.6608008363131850e+00,4.6608008363131850e+00,1.2834826478082130e+01,1.2834826478082130e+01,5.5945492016407217e+00,9.6769982800685046e+00,9.6769982800685046e+00,2.7954478174286903e+00,9.6769982800685046e+00,4.6608008363131850e+00,9.6560073490826304e-01,1.2086685810292321e+01,1.2086685810292321e+01,9.6769982800685046e+00,5.5945492016407217e+00,1.4283156253409073e+01,2.7954478174286903e+00,1.2834826478082130e+01,1.2834826478082130e+01,9.6769982800685046e+00,0.0000000000000000e+00,6.5965076753226173e+00,6.5965076753226173e+00,7.0877552704818472e+00,7.0877552704818472e+00,1.8185408482091661e+00,9.6769982800685046e+00,5.5945492016407217e+00,1.4283156253409073e+01,1.8185408482091661e+00,9.6769982800685046e+00,1.2834826478082130e+01,2.7954478174286903e+00,0.0000000000000000e+00,1.2834826478082130e+01,9.6769982800685046e+00,1.2086685810292321e+01,7.6426642205682613e+00,1.4283156253409073e+01,1.2359155046156690e+01,5.5945492016407217e+00,5.5945492016407217e+00,1.2359155046156690e+01,1.2834826478082130e+01,5.5945492016407217e+00,2.7954478174286903e+00,1.2834826478082130e+01,1.4283156253409073e+01,9.7892835207961451e+00,1.4283156253409073e+01,1.4283156253409073e+01,7.6426642205682613e+00,1.4283156253409073e+01,7.0877552704818472e+00,1.8185408482091661e+00,1.2086685810292321e+01,1.4283156253409073e+01,2.7954478174286903e+00,1.2834826478082130e+01,1.2086685810292321e+01,1.4283156253409073e+01,4.6608008363131850e+00,1.2086685810292321e+01,1.4283156253409073e+01,4.0034423589052812e+00,7.6426642205682613e+00,1.2834826478082130e+01,9.6560073490826304e-01,1.4283156253409073e+01,4.6608008363131850e+00,1.4283156253409073e+01,9.6560073490826304e-01,9.7892835207961451e+00,4.6608008363131850e+00,5.5945492016407217e+00,5.5945492016407217e+00,1.2834826478082130e+01,6.5965076753226173e+00,5.5945492016407217e+00,5.5945492016407217e+00,5.5945492016407217e+00,9.6560073490826304e-01,0.0000000000000000e+00,9.6560073490826304e-01,7.6426642205682613e+00,4.0034423589052812e+00,7.6426642205682613e+00,7.6426642205682613e+00,0.0000000000000000e+00,9.6560073490826304e-01,1.2086685810292321e+01,1.2086685810292321e+01,4.6608008363131850e+00,2.7954478174286903e+00,1.2086685810292321e+01,4.6608008363131850e+00,1.2086685810292321e+01,7.6426642205682613e+00,1.2834826478082130e+01,7.6426642205682613e+00,1.2086685810292321e+01,1.4283156253409073e+01,1.2359155046156690e+01,1.2359155046156690e+01,4.6608008363131850e+00,7.6426642205682613e+00,1.2359155046156690e+01,1.2834826478082130e+01,1.2359155046156690e+01,7.6426642205682613e+00,7.6426642205682613e+00,7.6426642205682613e+00,1.2834826478082130e+01,1.2834826478082130e+01,4.0034423589052812e+00,9.7892835207961451e+00,9.7892835207961451e+00,9.7892835207961451e+00,7.6426642205682613e+00,1.2834826478082130e+01,7.6426642205682613e+00,6.5965076753226173e+00,4.6608008363131850e+00,4.0034423589052812e+00,7.0877552704818472e+00,1.2834826478082130e+01,1.2834826478082130e+01,1.2834826478082130e+01,1.2834826478082130e+01,1.4283156253409073e+01,1.2359155046156690e+01,1.4283156253409073e+01,1.2359155046156690e+01,6.5965076753226173e+00,7.0877552704818472e+00
1.1016102881153719e+01,1.1016102881153719e+01,1.1016102881153719e+01,1.1016102881153719e+01,8.0924627969078351e+00,1.1016102881153719e+01,8.0924627969078351e+00,8.0924627969078351e+00,8.0924627969078351e+00,1.1016102881153719e+01,9.4706360847305895e+00,3.7742763206549479e+00,9.4706360847305895e+00,8.0924627969078351e+00,1.3679720534737699e+01,1.1016102881153719e+01,1.1016102881153719e+01,8.0924627969078351e+00,1.1016102881153719e+01,9.7782839283832923e-01,1.1016102881153719e+01,1.1016102881153719e+01,8.0924627969078351e+00,5.9195278210255147e+00,9.4706360847305895e+00,9.7782839283832923e-01,1.1016102881153719e+01,9.7782839283832923e-01,5.8119755969768523e+00,1.1016102881153719e+01,1.1016102881153719e+01,8.0924627969078351e+00,0.0000000000000000e+00,1.1016102881153719e+01,1.1016102881153719e+01,9.4706360847305895e+00,3.0471788073224673e+00,1.1016102881153719e+01,8.0924627969078351e+00,5.8119755969768523e+00,9.4706360847305895e+00,3.7742763206549479e+00,1.1016102881153719e+01,3.0471788073224673e+00,3.0471788073224673e+00,9.4706360847305895e+00,1.9987829326186382e+00,3.7742763206549479e+00,0.0000000000000000e+00,3.0471788073224673e+00,8.0924627969078351e+00,1.1016102881153719e+01,1.1016102881153719e+01,1.9987829326186382e+00,1.1016102881153719e+01,1.2988971327876339e+01,9.7782839283832923e-01,3.7742763206549479e+00,1.9987829326186382e+00,1.1016102881153719e+01,9.4706360847305895e+00,1.1016102881153719e+01,1.9987829326186382e+00,0.0000000000000000e+00,1.1016102881153719e+01,1.9987829326186382e+00,1.2988971327876339e+01,1.2988971327876339e+01,1.1016102881153719e+01,1.1016102881153719e+01,1.9987829326186382e+00,1.1016102881153719e+01,1.1016102881153719e+01,3.0471788073224673e+00,9.4706360847305895e+00,9.4706360847305895e+00,1.1016102881153719e+01,1.1016102881153719e+01,3.0471788073224673e+00,1.1016102881153719e+01,5.9195278210255147e+00,1.1016102881153719e+01,1.1016102881153719e+01,1.1016102881153719e+01,1.1016102881153719e+01,1.1016102881153719e+01,5.9195278210255147e+00,1.1016102881153719e+01,3.0471788073224673e+00,9.4706360847305895e+00,1.1016102881153719e+01,1.1016102881153719e+01,4.8790701172083324e+00,8.0924627969078351e+00,4.8790701172083324e+00,9.1977891290901432e+00,3.7742763206549479e+00,1.1016102881153719e+01,1.1016102881153719e+01,1.1016102881153719e+01,4.8790701172083324e+00,4.8790701172083324e+00,3.0471788073224673e+00,3.0471788073224673e+00,3.0471788073224673e+00,5.9195278210255147e+00,1.1016102881153719e+01,1.2988971327876339e+01,1.1016102881153719e+01,0.0000000000000000e+00,1.1016102881153719e+01,1.1016102881153719e+01,4.8790701172083324e+00,1.1016102881153719e+01,4.8790701172083324e+00,1.3679720534737699e+01,1.1016102881153719e+01,1.1016102881153719e+01,1.1016102881153719e+01,1.9987829326186382e+00,4.8790701172083324e+00,1.1016102881153719e+01,1.1016102881153719e+01,5.8119755969768523e+00,1.1016102881153719e+01,9.1977891290901432e+00,3.0471788073224673e+00,1.1016102881153719e+01,1.1016102881153719e+01,1.2988971327876339e+01,3.7742763206549479e+00,3.7742763206549479e+00,1.1016102881153719e+01,1.2988971327876339e+01,5.9195278210255147e+00,1.2988971327876339e+01,1.2988971327876339e+01,1.2988971327876339e+01,4.8790701172083324e+00,5.8119755969768523e+00,8.0924627969078351e+00,4.8790701172083324e+00,1.1016102881153719e+01,1.1016102881153719e+01,1.1016102881153719e+01,1.1016102881153719e+01,4.8790701172083324e+00,3.0471788073224673e+00,1.3405388078362968e+01,1.1016102881153719e+01,9.4706360847305895e+00,1.2988971327876339e+01,3.7742763206549479e+00,1.1016102881153719e+01,4.8790701172083324e+00,4.8790701172083324e+00,1.3679720534737699e+01,1.3405388078362968e+01,4.8790701172083324e+00,8.0924627969078351e+00,9.7782839283832923e-01,9.1977891290901432e+00,9.1977891290901432e+00,4.8790701172083324e+00,1.3679720534737699e+01,1.3679720534737699e+01,9.4706360847305895e+00,8.0924627969078351e+00,5.9195278210255147e+00,5.8119755969768523e+00,9.4706360847305895e+00,1.3679720534737699e+01,4.8790701172083324e+00,9.4706360847305895e+00,1.9987829326186382e+00,1.3405388078362968e+01,5.8119755969768523e+00,1.2988971327876339e+01,9.4706360847305895e+00,3.7742763206549479e+00,5.9195278210255147e+00,1.1016102881153719e+01,1.1016102881153719e+01,9.4706360847305895e+00,5.8119755969768523e+00,9.4706360847305895e+00,1.1016102881153719e+01,1.0728551768633368e+01,1.1016102881153719e+01,1.9987829326186382e+00,5.8119755969768523e+00,1.2988971327876339e+01,3.0471788073224673e+00,9.7782839283832923e-01,8.0924627969078351e+00,3.0471788073224673e+00,9.1977891290901432e+00,3.0471788073224673e+00,0.0000000000000000e+00,9.1977891290901432e+00,4.8790701172083324e+00,1.3679720534737699e+01,1.3679720534737699e+01,5.8119755969768523e+00,1.3679720534737699e+01,0.0000000000000000e+00,9.1977891290901432e+00,1.2988971327876339e+01,1.2988971327876339e+01,1.0728551768633368e+01,1.0728551768633368e+01,1.3679720534737699e+01,9.7782839283832923e-01,1.9987829326186382e+00,1.2988971327876339e+01,3.7742763206549479e+00,3.0471788073224673e+00,9.4706360847305895e+00,1.2988971327876339e+01,3.7742763206549479e+00,1.2988971327876339e+01,9.4706360847305895e+00,1.3679720534737699e+01,4.8790701172083324e+00,9.4706360847305895e+00,1.2988971327876339e+01,3.7742763206549479e+00,9.7782839283832923e-01,3.7742763206549479e+00,5.9195278210255147e+00,0.0000000000000000e+00,1.3679720534737699e+01,1.3679720534737699e+01,1.3679720534737699e+01,1.2988971327876339e+01,1.3679720534737699e+01,3.0471788073224673e+00,9.4706360847305895e+00,3.0471788073224673e+00,1.3679720534737699e+01,1.2988971327876339e+01,9.4706360847305895e+00,9.1977891290901432e+00,4.8790701172083324e+00,1.3679720534737699e+01,1.1016102881153719e+01,5.9195278210255147e+00,9.1977891290901432e+00,4.8790701172083324e+00,8.0924627969078351e+00,8.0924627969078351e+00,8.0924627969078351e+00,9.4706360847305895e+00,5.8119755969768523e+00,1.9987829326186382e+00,1.1016102881153719e+01,1.9987829326186382e+00,1.3679720534737699e+01,8.0924627969078351e+00,1.3679720534737699e+01,5.9195278210255147e+00,8.0924627969078351e+00,8.0924627969078351e+00,1.3679720534737699e+01,1.9987829326186382e+00,1.9987829326186382e+00,1.3679720534737699e+01,1.3679720534737699e+01,1.3679720534737699e+01,5.9195278210255147e+00,5.9195278210255147e+00,1.3679720534737699e+01,1.2988971327876339e+01,1.3679720534737699e+01,8.0924627969078351e+00,1.3679720534737699e+01,1.3679720534737699e+01,1.3679720534737699e+01,1.2988971327876339e+01,8.0924627969078351e+00,8.0924627969078351e+00,9.1977891290901432e+00,8.0924627969078351e+00,8.0924627969078351e+00,1.3679720534737699e+01,1.1016102881153719e+01,1.1016102881153719e+01,9.4706360847305895e+00,1.3405388078362968e+01,1.0728551768633368e+01,1.1016102881153719e+01,9.4706360847305895e+00,1.3679720534737699e+01,5.9195278210255147e+00,1.3405388078362968e+01,9.4706360847305895e+00,9.4706360847305895e+00,4.8790701172083324e+00,1.3679720534737699e+01,1.1016102881153719e+01,9.4706360847305895e+00,5.8119755969768523e+00,1.3679720534737699e+01,4.8790701172083324e+00,3.7742763206549479e+00,3.0471788073224673e+00,9.1977891290901432e+00,3.0471788073224673e+00,8.0924627969078351e+00,3.0471788073224673e+00,1.3679720534737699e+01,5.9195278210255147e+00,9.1977891290901432e+00,9.1977891290901432e+00,1.3679720534737699e+01,3.7742763206549479e+00,9.4706360847305895e+00,0.0000000000000000e+00,4.8790701172083324e+00,5.9195278210255147e+00,1.0728551768633368e+01,5.9195278210255147e+00,1.0728551768633368e+01,1.0728551768633368e+01,1.3679720534737699e+01,8.0924627969078351e+00,5.9195278210255147e+00,1.3405388078362968e+01,3.7742763206549479e+00,1.3679720534737699e+01,1.0728551768633368e+01,1.1016102881153719e+01,5.8119755969768523e+00,1.1016102881153719e+01,8.0924627969078351e+00,5.9195278210255147e+00,1.3679720534737699e+01,1.3679720534737699e+01,9.4706360847305895e+00,3.0471788073224673e+00,9.1977891290901432e+00,4.8790701172083324e+00,5.8119755969768523e+00,1.0728551768633368e+01,1.3679720534737699e+01,1.1016102881153719e+01,3.7742763206549479e+00,9.1977891290901432e+00,1.3405388078362968e+01,3.0471788073224673e+00,5.8119755969768523e+00,5.8119755969768523e+00,8.0924627969078351e+00,1.3679720534737699e+01,1.0728551768633368e+01,9.7782839283832923e-01,1.3405388078362968e+01,1.3679720534737699e+01,5.8119755969768523e+00,1.3679720534737699e+01,8.0924627969078351e+00,3.0471788073224673e+00,1.3679720534737699e+01,5.8119755969768523e+00,5.8119755969768523e+00,5.9195278210255147e+00,3.7742763206549479e+00,1.3679720534737699e+01,1.3679720534737699e+01,3.7742763206549479e+00,5.9195278210255147e+00,5.8119755969768523e+00,5.8119755969768523e+00,1.3679720534737699e+01,8.0924627969078351e+00,1.3679720534737699e+01,5.9195278210255147e+00,9.7782839283832923e-01,1.1016102881153719e+01,8.0924627969078351e+00,1.1016102881153719e+01,3.0471788073224673e+00,1.3679720534737699e+01,1.3405388078362968e+01,9.4706360847305895e+00,9.4706360847305895e+00,1.9987829326186382e+00,1.0728551768633368e+01,8.0924627969078351e+00,9.4706360847305895e+00,5.9195278210255147e+00,1.9987829326186382e+00,0.0000000000000000e+00,1.0728551768633368e+01,5.8119755969768523e+00,1.3679720534737699e+01,9.4706360847305895e+00,1.9987829326186382e+00,9.1977891290901432e+00,8.0924627969078351e+00,3.0471788073224673e+00,4.8790701172083324e+00,9.4706360847305895e+00,5.9195278210255147e+00,5.9195278210255147e+00,1.3679720534737699e+01,1.9987829326186382e+00,1.2988971327876339e+01,1.3679720534737699e+01,1.2988971327876339e+01,1.3679720534737699e+01,1.3679720534737699e+01,8.0924627969078351e+00,3.0471788073224673e+00,1.3679720534737699e+01,1.1016102881153719e+01,1.3679720534737699e+01,1.0728551768633368e+01,1.3679720534737699e+01,1.0728551768633368e+01,9.1977891290901432e+00,3.0471788073224673e+00,0.0000000000000000e+00,1.3679720534737699e+01,1.3679720534737699e+01,1.1016102881153719e+01,9.1977891290901432e+00,8.0924627969078351e+00,1.0728551768633368e+01,8.0924627969078351e+00,8.0924627969078351e+00,9.4706360847305895e+00,9.1977891290901432e+00,5.8119755969768523e+00,1.1016102881153719e+01,1.3679720534737699e+01,3.7742763206549479e+00,9.1977891290901432e+00,1.3405388078362968e+01,1.3679720534737699e+01,1.3405388078362968e+01,1.3405388078362968e+01,1.3405388078362968e+01,1.0728551768633368e+01,1.0728551768633368e+01,1.1016102881153719e+01,8.0924627969078351e+00,1.1016102881153719e+01,1.0728551768633368e+01,1.9987829326186382e+00,5.8119755969768523e+00,1.1016102881153719e+01,1.1016102881153719e+01,9.4706360847305895e+00,1.3405388078362968e+01,8.0924627969078351e+00,1.3405388078362968e+01,1.3679720534737699e+01,1.0728551768633368e+01,1.3679720534737699e+01,1.3405388078362968e+01,3.7742763206549479e+00,1.3405388078362968e+01,1.3405388078362968e+01,9.7782839283832923e-01,1.3405388078362968e+01,3.7742763206549479e+00,1.3405388078362968e+01,3.7742763206549479e+00,1.1016102881153719e+01,3.7742763206549479e+00,1.3679720534737699e+01,1.3679720534737699e+01,3.0471788073224673e+00,1.3679720534737699e+01,1.3679720534737699e+01,8.0924627969078351e+00,9.4706360847305895e+00,1.0728551768633368e+01,1.0728551768633368e+01,9.4706360847305895e+00,1.0728551768633368e+01,1.0728551768633368e+01,1.0728551768633368e+01,4.8790701172083324e+00,1.0728551768633368e+01,1.0728551768633368e+01,9.1977891290901432e+00,9.4706360847305895e+00,1.3405388078362968e+01,8.0924627969078351e+00,1.3405388078362968e+01,8.0924627969078351e+00,8.0924627969078351e+00,1.3679720534737699e+01,1.9987829326186382e+00,1.3679720534737699e+01,3.7742763206549479e+00,5.9195278210255147e+00,8.0924627969078351e+00,1.3679720534737699e+01,5.9195278210255147e+00,1.3679720534737699e+01,1.2988971327876339e+01,5.8119755969768523e+00,5.8119755969768523e+00,5.8119755969768523e+00,1.2988971327876339e+01,3.7742763206549479e+00,1.3679720534737699e+01,4.8790701172083324e+00,8.0924627969078351e+00,1.2988971327876339e+01,8.0924627969078351e+00,1.1016102881153719e+01,1.9987829326186382e+00,1.2988971327876339e+01,1.3405388078362968e+01,9.7782839283832923e-01,9.4706360847305895e+00,9.4706360847305895e+00,1.3679720534737699e+01,1.3679720534737699e+01,1.1016102881153719e+01,1.1016102881153719e+01,4.8790701172083324e+00,9.4706360847305895e+00,3.0471788073224673e+00,1.1016102881153719e+01,1.1016102881153719e+01,0.0000000000000000e+00,1.3679720534737699e+01,1.1016102881153719e+01,3.7742763206549479e+00,0.0000000000000000e+00,1.3405388078362968e+01,4.8790701172083324e+00,9.4706360847305895e+00,1.2988971327876339e+01,9.4706360847305895e+00,1.3679720534737699e+01,1.3679720534737699e+01,1.3679720534737699e+01,1.2988971327876339e+01,8.0924627969078351e+00,1.2988971327876339e+01,1.3679720534737699e+01,3.7742763206549479e+00,1.0728551768633368e+01,1.1016102881153719e+01,8.0924627969078351e+00,1.3405388078362968e+01,1.1016102881153719e+01,1.3679720534737699e+01,9.4706360847305895e+00,5.9195278210255147e+00,1.0728551768633368e+01,3.7742763206549479e+00,9.7782839283832923e-01,9.7782839283832923e-01,1.1016102881153719e+01,1.1016102881153719e+01,1.3679720534737699e+01,9.4706360847305895e+00,9.4706360847305895e+00,1.9987829326186382e+00,1.3679720534737699e+01,8.0924627969078351e+00,0.0000000000000000e+00,1.1016102881153719e+01,1.3679720534737699e+01,5.9195278210255147e+00,1.3679720534737699e+01,1.3679720534737699e+01,8.0924627969078351e+00,0.0000000000000000e+00,9.1977891290901432e+00,1.3405388078362968e+01,9.1977891290901432e+00,5.9195278210255147e+00,5.9195278210255147e+00,1.3679720534737699e+01,9.4706360847305895e+00,9.1977891290901432e+00,1.3679720534737699e+01,1.3679720534737699e+01,9.4706360847305895e+00,9.1977891290901432e+00,1.3405388078362968e+01,1.3679720534737699e+01,3.7742763206549479e+00,8.0924627969078351e+00,3.7742763206549479e+00,5.8119755969768523e+00,9.4706360847305895e+00,1.1016102881153719e+01,8.0924627969078351e+00,9.4706360847305895e+00,8.0924627969078351e+00,5.9195278210255147e+00,1.3679720534737699e+01,1.3405388078362968e+01,5.9195278210255147e+00,3.0471788073224673e+00,3.7742763206549479e+00,1.1016102881153719e+01,1.3405388078362968e+01,4.8790701172083324e+00,8.0924627969078351e+00,1.9987829326186382e+00,1.3405388078362968e+01,9.4706360847305895e+00,3.7742763206549479e+00,3.7742763206549479e+00,3.0471788073224673e+00,1.9987829326186382e+00,0.0000000000000000e+00,1.3679720534737699e+01,1.2988971327876339e+01,1.3679720534737699e+01,1.3679720534737699e+01,9.4706360847305895e+00,1.3679720534737699e+01,1.0728551768633368e+01,5.9195278210255147e+00,3.7742763206549479e+00,8.0924627969078351e+00,3.7742763206549479e+00,8.0924627969078351e+00,8.0924627969078351e+00,5.9195278210255147e+00,1.3679720534737699e+01,4.8790701172083324e+00,5.8119755969768523e+00,1.3405388078362968e+01,1.3405388078362968e+01,1.0728551768633368e+01,1.1016102881153719e+01,1.1016102881153719e+01,5.8119755969768523e+00,1.2988971327876339e+01,5.8119755969768523e+00,9.7782839283832923e-01,8.0924627969078351e+00,1.1016102881153719e+01,3.7742763206549479e+00,9.4706360847305895e+00,9.1977891290901432e+00,9.4706360847305895e+00,9.1977891290901432e+00,8.0924627969078351e+00,5.9195278210255147e+00,1.2988971327876339e+01,1.3405388078362968e+01,9.1977891290901432e+00,1.3679720534737699e+01,1.3405388078362968e+01,1.3405388078362968e+01,9.4706360847305895e+00,3.0471788073224673e+00,4.8790701172083324e+00,1.1016102881153719e+01,1.1016102881153719e+01,1.3405388078362968e+01,3.0471788073224673e+00,0.0000000000000000e+00,1.3679720534737699e+01,0.0000000000000000e+00,1.3405388078362968e+01,1.3405388078362968e+01,1.3679720534737699e+01,1.3405388078362968e+01,1.3405388078362968e+01,1.1016102881153719e+01,1.3679720534737699e+01,1.3679720534737699e+01,9.7782839283832923e-01,9.1977891290901432e+00,1.3679720534737699e+01,1.3679720534737699e+01,9.1977891290901432e+00,1.3679720534737699e+01,1.2988971327876339e+01,1.3679720534737699e+01,1.2988971327876339e+01,8.0924627969078351e+00,5.8119755969768523e+00,1.3405388078362968e+01,1.3405388078362968e+01,8.0924627969078351e+00,4.8790701172083324e+00,9.4706360847305895e+00,1.0728551768633368e+01,1.3679720534737699e+01,1.3679720534737699e+01,1.2988971327876339e+01,1.9987829326186382e+00,1.3679720534737699e+01,1.1016102881153719e+01,4.8790701172083324e+00,5.8119755969768523e+00,5.8119755969768523e+00,1.2988971327876339e+01,8.0924627969078351e+00,0.0000000000000000e+00,3.7742763206549479e+00,1.3405388078362968e+01,3.0471788073224673e+00,1.3405388078362968e+01,1.3405388078362968e+01,1.3405388078362968e+01,8.0924627969078351e+00,1.0728551768633368e+01,1.0728551768633368e+01,4.8790701172083324e+00,1.1016102881153719e+01,1.0728551768633368e+01,4.8790701172083324e+00,9.1977891290901432e+00,5.8119755969768523e+00,1.1016102881153719e+01,3.0471788073224673e+00,9.1977891290901432e+00,1.3405388078362968e+01,5.9195278210255147e+00,4.8790701172083324e+00,9.1977891290901432e+00,1.3679720534737699e+01,3.0471788073224673e+00,4.8790701172083324e+00,9.1977891290901432e+00,5.8119755969768523e+00,1.2988971327876339e+01,8.0924627969078351e+00,1.3405388078362968e+01,1.3679720534737699e+01,3.7742763206549479e+00,5.8119755969768523e+00,1.3679720534737699e+01,9.1977891290901432e+00,8.0924627969078351e+00,1.3679720534737699e+01,5.8119755969768523e+00,9.7782839283832923e-01,1.3679720534737699e+01,1.9987829326186382e+00,1.3679720534737699e+01,1.3405388078362968e+01,4.8790701172083324e+00,4.8790701172083324e+00,8.0924627969078351e+00,5.8119755969768523e+00,9.4706360847305895e+00,9.4706360847305895e+00,5.8119755969768523e+00,5.9195278210255147e+00,3.7742763206549479e+00,1.0728551768633368e+01,1.1016102881153719e+01,9.1977891290901432e+00,1.2988971327876339e+01,1.3405388078362968e+01,1.1016102881153719e+01,5.9195278210255147e+00,1.0728551768633368e+01,1.3679720534737699e+01,1.3679720534737699e+01,1.2988971327876339e+01,1.0728551768633368e+01,1.3405388078362968e+01,3.0471788073224673e+00,8.0924627969078351e+00,9.4706360847305895e+00,0.0000000000000000e+00,9.1977891290901432e+00,1.3405388078362968e+01,1.3405388078362968e+01,1.3405388078362968e+01,1.3679720534737699e+01,1.3405388078362968e+01,3.7742763206549479e+00,5.9195278210255147e+00,3.7742763206549479e+00,9.4706360847305895e+00,1.0728551768633368e+01,1.0728551768633368e+01,1.0728551768633368e+01,1.0728551768633368e+01,1.3405388078362968e+01,1.3405388078362968e+01,1.3405388078362968e+01,1.0728551768633368e+01,9.4706360847305895e+00,1.3679720534737699e+01,5.9195278210255147e+00,1.2988971327876339e+01,3.7742763206549479e+00,1.1016102881153719e+01,9.1977891290901432e+00,4.8790701172083324e+00,1.3679720534737699e+01,1.2988971327876339e+01,5.9195278210255147e+00,9.1977891290901432e+00,1.2988971327876339e+01,4.8790701172083324e+00,1.3405388078362968e+01,0.0000000000000000e+00,9.4706360847305895e+00,5.9195278210255147e+00,0.0000000000000000e+00,5.8119755969768523e+00,1.9987829326186382e+00,9.1977891290901432e+00,1.3679720534737699e+01,1.3679720534737699e+01,1.3405388078362968e+01,1.3405388078362968e+01,1.0728551768633368e+01,1.3679720534737699e+01,1.3679720534737699e+01,1.3679720534737699e+01,3.7742763206549479e+00,1.3679720534737699e+01,1.3679720534737699e+01,1.3679720534737699e+01,1.1016102881153719e+01,5.8119755969768523e+00,5.8119755969768523e+00,1.3679720534737699e+01,5.8119755969768523e+00,9.1977891290901432e+00,9.1977891290901432e+00,5.8119755969768523e+00,5.9195278210255147e+00,4.8790701172083324e+00,4.8790701172083324e+00,1.1016102881153719e+01,5.8119755969768523e+00,1.1016102881153719e+01,1.1016102881153719e+01,4.8790701172083324e+00,1.9987829326186382e+00,9.4706360847305895e+00,1.1016102881153719e+01,1.3679720534737699e+01,1.2988971327876339e+01,3.0471788073224673e+00,9.1977891290901432e+00,1.0728551768633368e+01,1.0728551768633368e+01,1.3679720534737699e+01,1.2988971327876339e+01,3.0471788073224673e+00,8.0924627969078351e+00,1.1016102881153719e+01,8.0924627969078351e+00,8.0924627969078351e+00,1.3679720534737699e+01,1.3679720534737699e+01,4.8790701172083324e+00,4.8790701172083324e+00,0.0000000000000000e+00,5.9195278210255147e+00,9.4706360847305895e+00,1.1016102881153719e+01,1.1016102881153719e+01,1.2988971327876339e+01,1.3405388078362968e+01,9.7782839283832923e-01,3.7742763206549479e+00,1.1016102881153719e+01,1.3405388078362968e+01,3.7742763206549479e+00,1.3679720534737699e+01,9.4706360847305895e+00,0.0000000000000000e+00,1.2988971327876339e+01,3.0471788073224673e+00,1.3679720534737699e+01,1.3405388078362968e+01,1.2988971327876339e+01,5.8119755969768523e+00,3.0471788073224673e+00,9.4706360847305895e+00,1.3679720534737699e+01,9.1977891290901432e+00,9.4706360847305895e+00,1.1016102881153719e+01,1.3679720534737699e+01,9.1977891290901432e+00,3.0471788073224673e+00,0.0000000000000000e+00,9.1977891290901432e+00,1.1016102881153719e+01,1.3679720534737699e+01,1.1016102881153719e+01,1.9987829326186382e+00,9.4706360847305895e+00,9.1977891290901432e+00,9.4706360847305895e+00,9.1977891290901432e+00,9.1977891290901432e+00,1.3679720534737699e+01,1.3679720534737699e+01,1.3679720534737699e+01,1.3679720534737699e+01,1.3679720534737699e+01,1.3679720534737699e+01,3.7742763206549479e+00,1.3679720534737699e+01,1.1016102881153719e+01,1.1016102881153719e+01,4.8790701172083324e+00,5.9195278210255147e+00,1.2988971327876339e+01,9.7782839283832923e-01,1.2988971327876339e+01,1.2988971327876339e+01,9.4706360847305895e+00,9.4706360847305895e+00,1.2988971327876339e+01,1.3405388078362968e+01,1.9987829326186382e+00,9.4706360847305895e+00,1.3679720534737699e+01,1.3679720534737699e+01,1.9987829326186382e+00,1.3679720534737699e+01,9.1977891290901432e+00,3.7742763206549479e+00,9.1977891290901432e+00,1.3679720534737699e+01,1.2988971327876339e+01,1.3679720534737699e+01,8.0924627969078351e+00,8.0924627969078351e+00,1.3679720534737699e+01,1.3679720534737699e+01,1.2988971327876339e+01,5.8119755969768523e+00,9.1977891290901432e+00,9.4706360847305895e+00,1.3405388078362968e+01,0.0000000000000000e+00,1.3679720534737699e+01,3.7742763206549479e+00,1.3679720534737699e+01,3.0471788073224673e+00,3.0471788073224673e+00,1.0728551768633368e+01,1.3679720534737699e+01,1.2988971327876339e+01,1.3405388078362968e+01,3.7742763206549479e+00,1.3679720534737699e+01,5.8119755969768523e+00,1.3679720534737699e+01,1.3405388078362968e+01,1.3679720534737699e+01,1.3679720534737699e+01,9.1977891290901432e+00,4.8790701172083324e+00,1.0728551768633368e+01,1.0728551768633368e+01,5.9195278210255147e+00,1.3405388078362968e+01,8.0924627969078351e+00,9.4706360847305895e+00,8.0924627969078351e+00,1.3405388078362968e+01,5.9195278210255147e+00,1.3679720534737699e+01,5.9195278210255147e+00,8.0924627969078351e+00,1.3679720534737699e+01,1.3405388078362968e+01,1.0728551768633368e+01,1.3679720534737699e+01,8.0924627969078351e+00,3.0471788073224673e+00,3.7742763206549479e+00,1.3405388078362968e+01,5.9195278210255147e+00,1.3679720534737699e+01,9.4706360847305895e+00,1.3679720534737699e+01,1.3405388078362968e+01,9.1977891290901432e+00,1.0728551768633368e+01,1.3405388078362968e+01,0.0000000000000000e+00,1.0728551768633368e+01,1.3405388078362968e+01,4.8790701172083324e+00,1.0728551768633368e+01,1.3405388078362968e+01,9.4706360847305895e+00,3.0471788073224673e+00,0.0000000000000000e+00
1.0924113922386097e+01,1.0924113922386097e+01,6.2338960863953208e+00,6.2338960863953208e+00,1.1225399923168286e+01,1.0924113922386097e+01,6.2157249233295335e+00,4.7577183877352560e+00,1.0924113922386097e+01,1.3390226808839005e+01,9.7981951162892345e-01,1.3390226808839005e+01,1.1225399923168286e+01,1.0924113922386097e+01,1.0924113922386097e+01,4.7577183877352560e+00,1.3390226808839005e+01,6.2338960863953208e+00,6.2338960863953208e+00,1.4027161973266296e+01,1.0388282907555194e+01,0.0000000000000000e+00,1.0388282907555194e+01,4.7577183877352560e+00,1.0924113922386097e+01,1.0388282907555194e+01,1.1225399923168286e+01,1.0388282907555194e+01,1.1225399923168286e+01,1.0388282907555194e+01,0.0000000000000000e+00,1.1225399923168286e+01,1.1225399923168286e+01,1.1225399923168286e+01,1.0388282907555194e+01,1.0924113922386097e+01,7.7667837319291513e+00,1.0388282907555194e+01,1.1225399923168286e+01,1.0388282907555194e+01,1.0388282907555194e+01,1.0388282907555194e+01,1.0807795628229128e+01,6.2338960863953208e+00,0.0000000000000000e+00,1.0388282907555194e+01,1.0807795628229128e+01,1.0807795628229128e+01,2.0163913419911106e+00,1.0807795628229128e+01,1.0807795628229128e+01,9.7981951162892345e-01,1.0388282907555194e+01,1.1225399923168286e+01,1.0807795628229128e+01,1.3390226808839005e+01,1.1225399923168286e+01,1.0388282907555194e+01,1.0388282907555194e+01,1.0807795628229128e+01,9.7981951162892345e-01,6.2338960863953208e+00,1.0807795628229128e+01,1.0807795628229128e+01,1.0807795628229128e+01,1.3390226808839005e+01,1.0807795628229128e+01,1.0807795628229128e+01,1.1225399923168286e+01,1.3390226808839005e+01,1.0807795628229128e+01,1.3390226808839005e+01,7.7667837319291513e+00,7.7667837319291513e+00,1.0807795628229128e+01,2.0163913419911106e+00,7.7667837319291513e+00,1.0388282907555194e+01,1.3390226808839005e+01,2.0163913419911106e+00,7.7667837319291513e+00,9.7981951162892345e-01,0.0000000000000000e+00,7.7667837319291513e+00,6.2157249233295335e+00,1.4027161973266296e+01,1.4027161973266296e+01,1.0388282907555194e+01,1.1225399923168286e+01,1.0924113922386097e+01,1.1225399923168286e+01,1.1225399923168286e+01,1.4027161973266296e+01,1.1225399923168286e+01,1.3390226808839005e+01,1.1225399923168286e+01,1.0807795628229128e+01,9.0750689230147188e+00,9.7981951162892345e-01,1.3390226808839005e+01,7.7667837319291513e+00,1.0388282907555194e+01,1.3390226808839005e+01,4.7577183877352560e+00,1.3390226808839005e+01,1.1225399923168286e+01,1.0388282907555194e+01,1.3390226808839005e+01,1.0807795628229128e+01,1.1225399923168286e+01,7.7667837319291513e+00,7.7667837319291513e+00,1.0807795628229128e+01,4.7577183877352560e+00,4.7577183877352560e+00,4.7577183877352560e+00,1.0388282907555194e+01,1.1225399923168286e+01,1.0388282907555194e+01,4.7577183877352560e+00,1.3390226808839005e+01,9.7981951162892345e-01,1.1225399923168286e+01,1.0388282907555194e+01,7.7667837319291513e+00,1.1225399923168286e+01,1.3390226808839005e+01,0.0000000000000000e+00,1.1225399923168286e+01,1.3390226808839005e+01,1.1225399923168286e+01,1.3390226808839005e+01,1.1225399923168286e+01,1.1225399923168286e+01,7.7667837319291513e+00,1.4027161973266296e+01,2.8733566881718655e+00,2.8733566881718655e+00,9.0750689230147188e+00,9.0750689230147188e+00,1.0388282907555194e+01,7.7667837319291513e+00,2.8733566881718655e+00,1.4027161973266296e+01,1.0388282907555194e+01,1.0388282907555194e+01,9.0750689230147188e+00,9.0750689230147188e+00,9.0750689230147188e+00,6.2338960863953208e+00,1.1225399923168286e+01,1.1225399923168286e+01,6.2338960863953208e+00,3.8300933196717333e+00,3.8300933196717333e+00,3.8300933196717333e+00,3.8300933196717333e+00,1.1225399923168286e+01,4.7577183877352560e+00,1.3390226808839005e+01,7.7667837319291513e+00,2.8733566881718655e+00,1.0388282907555194e+01,1.0388282907555194e+01,1.0388282907555194e+01,2.8733566881718655e+00,1.0388282907555194e+01,7.7667837319291513e+00,1.1225399923168286e+01,1.0388282907555194e+01,9.7981951162892345e-01,0.0000000000000000e+00,7.7667837319291513e+00,1.0388282907555194e+01,3.8300933196717333e+00,1.1225399923168286e+01,1.3390226808839005e+01,3.8300933196717333e+00,1.0807795628229128e+01,7.7667837319291513e+00,0.0000000000000000e+00,1.3390226808839005e+01,1.0388282907555194e+01,1.0388282907555194e+01,7.7667837319291513e+00,7.7667837319291513e+00,1.1225399923168286e+01,3.8300933196717333e+00,2.0163913419911106e+00,1.1225399923168286e+01,1.4027161973266296e+01,1.3390226808839005e+01,1.0807795628229128e+01,1.0807795628229128e+01,1.0807795628229128e+01,6.2157249233295335e+00,1.1225399923168286e+01,1.0388282907555194e+01,1.0388282907555194e+01,1.3390226808839005e+01,1.0807795628229128e+01,1.0388282907555194e+01,1.0924113922386097e+01,1.0924113922386097e+01,1.0388282907555194e+01,1.0388282907555194e+01,1.0388282907555194e+01,1.1225399923168286e+01,1.1225399923168286e+01,2.8733566881718655e+00,1.1225399923168286e+01,9.0750689230147188e+00,9.7981951162892345e-01,7.7667837319291513e+00,9.0750689230147188e+00,4.7577183877352560e+00,1.1225399923168286e+01,1.0388282907555194e+01,1.0388282907555194e+01,1.0807795628229128e+01,1.1225399923168286e+01,1.0388282907555194e+01,2.8733566881718655e+00,3.8300933196717333e+00,3.8300933196717333e+00,1.0924113922386097e+01,1.0807795628229128e+01,6.2338960863953208e+00,1.4027161973266296e+01,1.0924113922386097e+01,9.0750689230147188e+00,1.0924113922386097e+01,6.2338960863953208e+00,1.0807795628229128e+01,1.0924113922386097e+01,1.0924113922386097e+01,3.8300933196717333e+00,1.0388282907555194e+01,1.1225399923168286e+01,1.1225399923168286e+01,6.2157249233295335e+00,9.0750689230147188e+00,7.7667837319291513e+00,1.0924113922386097e+01,9.0750689230147188e+00,1.0388282907555194e+01,1.0924113922386097e+01,2.0163913419911106e+00,4.7577183877352560e+00,9.0750689230147188e+00,9.0750689230147188e+00,9.0750689230147188e+00,1.1225399923168286e+01,1.1225399923168286e+01,1.0924113922386097e+01,1.0807795628229128e+01,2.8733566881718655e+00,1.1225399923168286e+01,2.0163913419911106e+00,1.0924113922386097e+01,1.0807795628229128e+01,1.3390226808839005e+01,1.3390226808839005e+01,1.0807795628229128e+01,9.7981951162892345e-01,1.4027161973266296e+01,9.0750689230147188e+00,9.7981951162892345e-01,1.0807795628229128e+01,1.0388282907555194e+01,6.2157249233295335e+00,9.0750689230147188e+00,1.3390226808839005e+01,9.0750689230147188e+00,7.7667837319291513e+00,7.7667837319291513e+00,6.2338960863953208e+00,1.0388282907555194e+01,1.0807795628229128e+01,1.1225399923168286e+01,1.1225399923168286e+01,1.0807795628229128e+01,2.8733566881718655e+00,1.0924113922386097e+01,1.1225399923168286e+01,1.0388282907555194e+01,1.0388282907555194e+01,6.2157249233295335e+00,6.2157249233295335e+00,1.0388282907555194e+01,1.0388282907555194e+01,1.1225399923168286e+01,9.0750689230147188e+00,0.0000000000000000e+00,1.0924113922386097e+01,1.0807795628229128e+01,9.0750689230147188e+00,2.8733566881718655e+00,1.0388282907555194e+01,1.3390226808839005e+01,1.0924113922386097e+01,2.0163913419911106e+00,1.0388282907555194e+01,1.0388282907555194e+01,3.8300933196717333e+00,1.0807795628229128e+01,1.0388282907555194e+01,1.1225399923168286e+01,1.1225399923168286e+01,2.0163913419911106e+00,1.0388282907555194e+01,1.1225399923168286e+01,9.7981951162892345e-01,2.8733566881718655e+00,1.0388282907555194e+01,1.3390226808839005e+01,1.0388282907555194e+01,1.0924113922386097e+01,6.2338960863953208e+00,1.1225399923168286e+01,1.1225399923168286e+01,1.0388282907555194e+01,1.1225399923168286e+01,1.1225399923168286e+01,1.0924113922386097e+01,1.0388282907555194e+01,0.0000000000000000e+00,1.0924113922386097e+01,9.0750689230147188e+00,1.0807795628229128e+01,1.0388282907555194e+01,1.0924113922386097e+01,6.2338960863953208e+00,1.0388282907555194e+01,1.0807795628229128e+01,1.3390226808839005e+01,1.0924113922386097e+01,1.0924113922386097e+01,6.2338960863953208e+00,1.1225399923168286e+01,9.7981951162892345e-01,1.0807795628229128e+01,0.0000000000000000e+00,9.0750689230147188e+00,1.3390226808839005e+01,1.0388282907555194e+01,1.0807795628229128e+01,6.2338960863953208e+00,3.8300933196717333e+00,1.3390226808839005e+01,1.3390226808839005e+01,6.2157249233295335e+00,4.7577183877352560e+00,4.7577183877352560e+00,1.0924113922386097e+01,9.7981951162892345e-01,9.7981951162892345e-01,1.0807795628229128e+01,1.1225399923168286e+01,1.3390226808839005e+01,1.1225399923168286e+01,9.0750689230147188e+00,2.8733566881718655e+00,1.1225399923168286e+01,6.2338960863953208e+00,1.1225399923168286e+01,1.1225399923168286e+01,1.1225399923168286e+01,1.1225399923168286e+01,1.4027161973266296e+01,1.4027161973266296e+01,1.0807795628229128e+01,2.8733566881718655e+00,7.7667837319291513e+00,2.0163913419911106e+00,1.0924113922386097e+01,1.1225399923168286e+01,1.0924113922386097e+01,1.0807795628229128e+01,6.2338960863953208e+00,3.8300933196717333e+00,1.0807795628229128e+01,3.8300933196717333e+00,6.2157249233295335e+00,1.0388282907555194e+01,1.1225399923168286e+01,1.1225399923168286e+01,1.1225399923168286e+01,1.0388282907555194e+01,1.0807795628229128e+01,1.0924113922386097e+01,0.0000000000000000e+00,1.3390226808839005e+01,9.7981951162892345e-01,1.1225399923168286e+01,1.0388282907555194e+01,9.0750689230147188e+00,6.2338960863953208e+00,1.0807795628229128e+01,6.2338960863953208e+00,1.1225399923168286e+01,1.3390226808839005e+01,1.3390226808839005e+01,2.0163913419911106e+00,1.4027161973266296e+01,9.7981951162892345e-01,1.1225399923168286e+01,1.0388282907555194e+01,2.0163913419911106e+00,1.0807795628229128e+01,6.2338960863953208e+00,4.7577183877352560e+00,1.4027161973266296e+01,1.0807795628229128e+01,1.0807795628229128e+01,1.3390226808839005e+01,1.1225399923168286e+01,1.0388282907555194e+01,1.0388282907555194e+01,4.7577183877352560e+00,0.0000000000000000e+00,4.7577183877352560e+00,1.0924113922386097e+01,6.2338960863953208e+00,1.0924113922386097e+01,1.1225399923168286e+01,0.0000000000000000e+00,6.2338960863953208e+00,2.8733566881718655e+00,1.0807795628229128e+01,1.4027161973266296e+01,1.1225399923168286e+01,1.1225399923168286e+01,1.0924113922386097e+01,1.0807795628229128e+01,0.0000000000000000e+00,7.7667837319291513e+00,1.0807795628229128e+01,2.8733566881718655e+00,1.1225399923168286e+01,1.1225399923168286e+01,1.1225399923168286e+01,3.8300933196717333e+00,3.8300933196717333e+00,1.0924113922386097e+01,1.1225399923168286e+01,1.0807795628229128e+01,9.0750689230147188e+00,1.4027161973266296e+01,1.4027161973266296e+01,1.1225399923168286e+01,3.8300933196717333e+00,1.0388282907555194e+01,3.8300933196717333e+00,1.1225399923168286e+01,1.0807795628229128e+01,6.2157249233295335e+00,6.2338960863953208e+00,6.2338960863953208e+00,1.0807795628229128e+01,6.2157249233295335e+00,2.8733566881718655e+00,6.2338960863953208e+00,1.0807795628229128e+01,1.1225399923168286e+01,4.7577183877352560e+00,1.0807795628229128e+01,1.1225399923168286e+01,1.0807795628229128e+01,2.8733566881718655e+00,1.0924113922386097e+01,1.0388282907555194e+01,1.0388282907555194e+01,1.0807795628229128e+01,1.1225399923168286e+01,9.0750689230147188e+00,1.0388282907555194e+01,1.0388282907555194e+01,1.1225399923168286e+01,6.2157249233295335e+00,1.4027161973266296e+01,0.0000000000000000e+00,1.4027161973266296e+01,1.3390226808839005e+01,1.0388282907555194e+01,1.0388282907555194e+01,6.2157249233295335e+00,9.0750689230147188e+00,1.1225399923168286e+01,1.0388282907555194e+01,9.7981951162892345e-01,2.0163913419911106e+00,1.0924113922386097e+01,1.0924113922386097e+01,1.0388282907555194e+01,1.0924113922386097e+01,1.0924113922386097e+01,1.0924113922386097e+01,1.0388282907555194e+01,2.8733566881718655e+00,1.0807795628229128e+01,1.1225399923168286e+01,3.8300933196717333e+00,1.0388282907555194e+01,6.2338960863953208e+00,6.2157249233295335e+00,2.8733566881718655e+00,1.0924113922386097e+01,4.7577183877352560e+00,0.0000000000000000e+00,1.4027161973266296e+01,1.0807795628229128e+01,1.1225399923168286e+01,1.1225399923168286e+01,4.7577183877352560e+00,1.1225399923168286e+01,1.1225399923168286e+01,2.0163913419911106e+00,4.7577183877352560e+00,9.7981951162892345e-01,9.0750689230147188e+00,7.7667837319291513e+00,1.1225399923168286e+01,9.0750689230147188e+00,2.0163913419911106e+00,1.0388282907555194e+01,6.2338960863953208e+00,3.8300933196717333e+00,1.0388282907555194e+01,1.1225399923168286e+01,1.0807795628229128e+01,1.0807795628229128e+01,9.7981951162892345e-01,1.3390226808839005e+01,4.7577183877352560e+00,2.0163913419911106e+00,1.0807795628229128e+01,1.3390226808839005e+01,1.0388282907555194e+01,6.2157249233295335e+00,1.3390226808839005e+01,6.2338960863953208e+00,1.0807795628229128e+01,3.8300933196717333e+00,1.3390226808839005e+01,1.0388282907555194e+01,4.7577183877352560e+00,1.3390226808839005e+01,1.4027161973266296e+01,1.4027161973266296e+01,1.0924113922386097e+01,0.0000000000000000e+00,1.1225399923168286e+01,4.7577183877352560e+00,1.0807795628229128e+01,1.0807795628229128e+01,1.0388282907555194e+01,2.0163913419911106e+00,6.2157249233295335e+00,1.3390226808839005e+01,1.1225399923168286e+01,4.7577183877352560e+00,4.7577183877352560e+00,1.1225399923168286e+01,2.8733566881718655e+00,1.3390226808839005e+01,1.4027161973266296e+01,1.0388282907555194e+01,1.0388282907555194e+01,1.4027161973266296e+01,1.4027161973266296e+01,6.2157249233295335e+00,1.0388282907555194e+01,1.1225399923168286e+01,6.2157249233295335e+00,3.8300933196717333e+00,2.8733566881718655e+00,1.1225399923168286e+01,1.1225399923168286e+01,1.1225399923168286e+01,1.1225399923168286e+01,1.1225399923168286e+01,1.1225399923168286e+01,1.4027161973266296e+01,0.0000000000000000e+00,1.1225399923168286e+01,2.8733566881718655e+00,6.2157249233295335e+00,2.8733566881718655e+00,9.7981951162892345e-01,6.2157249233295335e+00,1.3390226808839005e+01,6.2338960863953208e+00,1.0924113922386097e+01,9.0750689230147188e+00,9.0750689230147188e+00,9.0750689230147188e+00,1.1225399923168286e+01,1.0807795628229128e+01,1.0807795628229128e+01,1.0807795628229128e+01,1.0807795628229128e+01,2.8733566881718655e+00,1.1225399923168286e+01,1.3390226808839005e+01,1.4027161973266296e+01,1.0924113922386097e+01,1.0388282907555194e+01,2.8733566881718655e+00,1.1225399923168286e+01,1.0388282907555194e+01,1.3390226808839005e+01,6.2338960863953208e+00,6.2338960863953208e+00,1.0807795628229128e+01,4.7577183877352560e+00,1.0807795628229128e+01,1.0924113922386097e+01,3.8300933196717333e+00,3.8300933196717333e+00,3.8300933196717333e+00,1.0388282907555194e+01,7.7667837319291513e+00,1.3390226808839005e+01,1.0807795628229128e+01,1.0924113922386097e+01,1.0388282907555194e+01,1.3390226808839005e+01,1.1225399923168286e+01,7.7667837319291513e+00,1.1225399923168286e+01,1.4027161973266296e+01,1.0388282907555194e+01,1.0924113922386097e+01,1.1225399923168286e+01,1.1225399923168286e+01,9.0750689230147188e+00,6.2338960863953208e+00,2.0163913419911106e+00,3.8300933196717333e+00,1.0807795628229128e+01,1.1225399923168286e+01,2.0163913419911106e+00,6.2338960863953208e+00,1.0388282907555194e+01,1.4027161973266296e+01,2.0163913419911106e+00,9.0750689230147188e+00,1.3390226808839005e+01,1.0924113922386097e+01,1.0807795628229128e+01,3.8300933196717333e+00,1.0388282907555194e+01,7.7667837319291513e+00,3.8300933196717333e+00,2.0163913419911106e+00,9.7981951162892345e-01,1.0807795628229128e+01,6.2157249233295335e+00,1.1225399923168286e+01,3.8300933196717333e+00,7.7667837319291513e+00,7.7667837319291513e+00,1.3390226808839005e+01,1.0924113922386097e+01,0.0000000000000000e+00,1.3390226808839005e+01,1.3390226808839005e+01,1.4027161973266296e+01,1.0388282907555194e+01,6.2338960863953208e+00,6.2157249233295335e+00,1.3390226808839005e+01,6.2157249233295335e+00,1.0388282907555194e+01,1.3390226808839005e+01,1.0924113922386097e+01,1.3390226808839005e+01,1.3390226808839005e+01,7.7667837319291513e+00,1.0924113922386097e+01,1.4027161973266296e+01,9.7981951162892345e-01,9.0750689230147188e+00,1.3390226808839005e+01,1.3390226808839005e+01,1.3390226808839005e+01,1.3390226808839005e+01,9.0750689230147188e+00,6.2338960863953208e+00,1.3390226808839005e+01,1.3390226808839005e+01,3.8300933196717333e+00,1.0807795628229128e+01,1.0807795628229128e+01,9.0750689230147188e+00,9.7981951162892345e-01,1.1225399923168286e+01,2.8733566881718655e+00,1.4027161973266296e+01,6.2157249233295335e+00,2.8733566881718655e+00,1.0924113922386097e+01,2.8733566881718655e+00,1.0388282907555194e+01,9.7981951162892345e-01,1.0924113922386097e+01,1.3390226808839005e+01,1.0924113922386097e+01,1.0924113922386097e+01,1.0807795628229128e+01,1.1225399923168286e+01,7.7667837319291513e+00,1.0924113922386097e+01,1.0924113922386097e+01,1.4027161973266296e+01,1.0924113922386097e+01,1.0924113922386097e+01,4.7577183877352560e+00,4.7577183877352560e+00,1.3390226808839005e+01,4.7577183877352560e+00,1.0924113922386097e+01,1.0924113922386097e+01,7.7667837319291513e+00,2.8733566881718655e+00,1.3390226808839005e+01,1.1225399923168286e+01,3.8300933196717333e+00,0.0000000000000000e+00,0.0000000000000000e+00,1.0924113922386097e+01,1.0924113922386097e+01,1.0807795628229128e+01,0.0000000000000000e+00,9.0750689230147188e+00,9.0750689230147188e+00,9.0750689230147188e+00,7.7667837319291513e+00,1.1225399923168286e+01,2.0163913419911106e+00,9.0750689230147188e+00,1.3390226808839005e+01,1.4027161973266296e+01,1.0924113922386097e+01,1.1225399923168286e+01,1.0924113922386097e+01,9.0750689230147188e+00,4.7577183877352560e+00,4.7577183877352560e+00,7.7667837319291513e+00,7.7667837319291513e+00,1.0924113922386097e+01,1.1225399923168286e+01,1.1225399923168286e+01,1.0807795628229128e+01,4.7577183877352560e+00,9.0750689230147188e+00,1.1225399923168286e+01,9.0750689230147188e+00,6.2157249233295335e+00,2.8733566881718655e+00,3.8300933196717333e+00,6.2338960863953208e+00,1.4027161973266296e+01,1.4027161973266296e+01,3.8300933196717333e+00,2.8733566881718655e+00,6.2338960863953208e+00,1.0924113922386097e+01,1.0388282907555194e+01,2.8733566881718655e+00,1.1225399923168286e+01,1.1225399923168286e+01,4.7577183877352560e+00,7.7667837319291513e+00,1.0924113922386097e+01,1.0388282907555194e+01,1.0924113922386097e+01,1.1225399923168286e+01,7.7667837319291513e+00,1.4027161973266296e+01,9.0750689230147188e+00,1.4027161973266296e+01,1.3390226808839005e+01,9.7981951162892345e-01,7.7667837319291513e+00,2.8733566881718655e+00,1.0924113922386097e+01,1.4027161973266296e+01,1.0388282907555194e+01,2.8733566881718655e+00,1.0924113922386097e+01,9.7981951162892345e-01,1.0388282907555194e+01,1.0388282907555194e+01,1.1225399923168286e+01,1.0388282907555194e+01,1.0388282907555194e+01,1.0388282907555194e+01,1.0388282907555194e+01,1.0388282907555194e+01,1.4027161973266296e+01,1.4027161973266296e+01,1.0388282907555194e+01,6.2338960863953208e+00,4.7577183877352560e+00,1.4027161973266296e+01,1.1225399923168286e+01,1.1225399923168286e+01,4.7577183877352560e+00,1.1225399923168286e+01,3.8300933196717333e+00,3.8300933196717333e+00,2.8733566881718655e+00,1.4027161973266296e+01,1.4027161973266296e+01,4.7577183877352560e+00,4.7577183877352560e+00,9.0750689230147188e+00,1.1225399923168286e+01,4.7577183877352560e+00,6.2157249233295335e+00,9.0750689230147188e+00,9.0750689230147188e+00,9.0750689230147188e+00,1.3390226808839005e+01,1.3390226808839005e+01,1.3390226808839005e+01,0.0000000000000000e+00,1.4027161973266296e+01,9.0750689230147188e+00,1.0924113922386097e+01,9.0750689230147188e+00,4.7577183877352560e+00,6.2157249233295335e+00,1.4027161973266296e+01,2.8733566881718655e+00,2.8733566881718655e+00,9.0750689230147188e+00,9.0750689230147188e+00,9.0750689230147188e+00,7.7667837319291513e+00,9.0750689230147188e+00,1.4027161973266296e+01,1.0807795628229128e+01,1.0807795628229128e+01,9.7981951162892345e-01,1.4027161973266296e+01,2.0163913419911106e+00,6.2338960863953208e+00,3.8300933196717333e+00,1.4027161973266296e+01,1.1225399923168286e+01,1.0807795628229128e+01,9.0750689230147188e+00,1.3390226808839005e+01,9.7981951162892345e-01,9.0750689230147188e+00,1.4027161973266296e+01,1.1225399923168286e+01,1.0924113922386097e+01,0.0000000000000000e+00,1.0388282907555194e+01,1.1225399923168286e+01,1.1225399923168286e+01,1.0388282907555194e+01,1.0388282907555194e+01,1.0807795628229128e+01,6.2157249233295335e+00,1.0807795628229128e+01,1.0924113922386097e+01,1.0807795628229128e+01,7.7667837319291513e+00,1.0924113922386097e+01,9.0750689230147188e+00,4.7577183877352560e+00,4.7577183877352560e+00,4.7577183877352560e+00,1.1225399923168286e+01,1.0807795628229128e+01,1.0388282907555194e+01,1.0388282907555194e+01,1.0807795628229128e+01,2.8733566881718655e+00,1.0924113922386097e+01,1.0924113922386097e+01,6.2157249233295335e+00,1.3390226808839005e+01,1.3390226808839005e+01,6.2338960863953208e+00,6.2157249233295335e+00,1.0924113922386097e+01,0.0000000000000000e+00,4.7577183877352560e+00,1.0388282907555194e+01,1.0924113922386097e+01,1.4027161973266296e+01,3.8300933196717333e+00,1.0388282907555194e+01,1.3390226808839005e+01,1.1225399923168286e+01,1.1225399923168286e+01,1.0924113922386097e+01,1.3390226808839005e+01,1.3390226808839005e+01,2.8733566881718655e+00,4.7577183877352560e+00,4.7577183877352560e+00,1.0388282907555194e+01,1.0807795628229128e+01,1.4027161973266296e+01,1.4027161973266296e+01,2.0163913419911106e+00,9.7981951162892345e-01,3.8300933196717333e+00,9.0750689230147188e+00,6.2338960863953208e+00,1.0807795628229128e+01,1.0807795628229128e+01,1.3390226808839005e+01,4.7577183877352560e+00,1.3390226808839005e+01,1.1225399923168286e+01,1.1225399923168286e+01,1.1225399923168286e+01,6.2157249233295335e+00,1.4027161973266296e+01,6.2157249233295335e+00,1.1225399923168286e+01,1.3390226808839005e+01,1.3390226808839005e+01,1.4027161973266296e+01,1.0807795628229128e+01,6.2338960863953208e+00,3.8300933196717333e+00,1.0388282907555194e+01,1.0807795628229128e+01,4.7577183877352560e+00,1.0807795628229128e+01,1.3390226808839005e+01,1.1225399923168286e+01,1.0924113922386097e+01,4.7577183877352560e+00,3.8300933196717333e+00,4.7577183877352560e+00,1.1225399923168286e+01,1.0924113922386097e+01,1.0924113922386097e+01,0.0000000000000000e+00,0.0000000000000000e+00,6.2157249233295335e+00,1.4027161973266296e+01,9.7981951162892345e-01,1.1225399923168286e+01,1.1225399923168286e+01,0.0000000000000000e+00,9.0750689230147188e+00,1.1225399923168286e+01,1.3390226808839005e+01,1.4027161973266296e+01,1.4027161973266296e+01,1.1225399923168286e+01,9.7981951162892345e-01,1.0924113922386097e+01,1.3390226808839005e+01,7.7667837319291513e+00,2.8733566881718655e+00,6.2157249233295335e+00,4.7577183877352560e+00,9.0750689230147188e+00,3.8300933196717333e+00,2.8733566881718655e+00,1.0388282907555194e+01,1.3390226808839005e+01,1.4027161973266296e+01,1.0388282907555194e+01,9.0750689230147188e+00,6.2338960863953208e+00,6.2338960863953208e+00,1.4027161973266296e+01,1.0807795628229128e+01,1.0388282907555194e+01,4.7577183877352560e+00,1.0807795628229128e+01,0.0000000000000000e+00,1.0388282907555194e+01,1.0388282907555194e+01,1.0388282907555194e+01,1.0807795628229128e+01,1.3390226808839005e+01,2.8733566881718655e+00,2.8733566881718655e+00,6.2157249233295335e+00,1.1225399923168286e+01,1.3390226808839005e+01,9.7981951162892345e-01,9.7981951162892345e-01,1.4027161973266296e+01,1.4027161973266296e+01
8.3866435394844459e+00,2.6800227300842976e+00,2.6800227300842976e+00,2.6800227300842976e+00,2.6800227300842976e+00,2.6800227300842976e+00,2.6800227300842976e+00,2.6800227300842976e+00,2.6800227300842976e+00,2.6800227300842976e+00,4.9413668585904507e+00,6.1631852933720292e+00,6.1631852933720292e+00,8.3866435394844459e+00,9.5571810921028255e-01,9.5571810921028255e-01,2.6800227300842976e+00,9.5571810921028255e-01,1.3268853358562131e+01,1.3268853358562131e+01,1.3268853358562131e+01,6.1631852933720292e+00,4.9413668585904507e+00,4.9413668585904507e+00,6.1631852933720292e+00,1.3268853358562131e+01,9.3474703733491840e+00,6.1631852933720292e+00,6.1631852933720292e+00,4.0650844013101040e+00,1.3268853358562131e+01,7.3271060250684013e+00,1.3268853358562131e+01,1.3268853358562131e+01,1.0618813780760778e+01,1.3268853358562131e+01,1.3268853358562131e+01,1.9539381156435722e+00,1.9539381156435722e+00,1.3268853358562131e+01,1.3268853358562131e+01,9.3474703733491840e+00,6.1631852933720292e+00,6.1631852933720292e+00,1.3268853358562131e+01,7.3271060250684013e+00,1.3268853358562131e+01,7.5026964636430300e+00,1.1779313739799640e+01,1.3268853358562131e+01,9.3474703733491840e+00,1.1779313739799640e+01,1.1779313739799640e+01,9.3474703733491840e+00,9.3474703733491840e+00,1.3268853358562131e+01,1.4295926947134253e+01,1.4295926947134253e+01,1.4295926947134253e+01,1.4295926947134253e+01,1.1779313739799640e+01,1.4295926947134253e+01,1.4295926947134253e+01,1.1779313739799640e+01,1.1779313739799640e+01,1.3216613353935839e+01,1.9539381156435722e+00,1.1779313739799640e+01,1.1779313739799640e+01,1.1779313739799640e+01,1.3268853358562131e+01,1.3268853358562131e+01,4.9413668585904507e+00,1.4295926947134253e+01,1.3268853358562131e+01,1.9539381156435722e+00,1.1779313739799640e+01,9.3474703733491840e+00,1.3268853358562131e+01,4.9413668585904507e+00,1.9539381156435722e+00,1.3268853358562131e+01,9.5571810921028255e-01,1.4295926947134253e+01,1.3268853358562131e+01,4.9413668585904507e+00,4.9413668585904507e+00,1.3268853358562131e+01,1.3268853358562131e+01,0.0000000000000000e+00,0.0000000000000000e+00,1.3268853358562131e+01,8.3866435394844459e+00,1.4295926947134253e+01,1.3216613353935839e+01,1.1779313739799640e+01,9.3474703733491840e+00,9.3474703733491840e+00,1.3216613353935839e+01,1.3268853358562131e+01,4.9413668585904507e+00,8.3866435394844459e+00,1.3216613353935839e+01,1.3268853358562131e+01,1.3268853358562131e+01,1.3268853358562131e+01,8.3866435394844459e+00,1.1779313739799640e+01,7.3271060250684013e+00,1.3268853358562131e+01,1.4295926947134253e+01,1.1779313739799640e+01,9.5571810921028255e-01,9.5571810921028255e-01,1.9539381156435722e+00,1.1779313739799640e+01,4.9413668585904507e+00,7.3271060250684013e+00,6.1631852933720292e+00,8.3866435394844459e+00,1.1779313739799640e+01,1.1779313739799640e+01,8.3866435394844459e+00,1.1779313739799640e+01,1.3268853358562131e+01,8.3866435394844459e+00,9.5571810921028255e-01,1.1779313739799640e+01,1.3268853358562131e+01,4.9413668585904507e+00,1.3216613353935839e+01,1.9539381156435722e+00,1.9539381156435722e+00,1.3268853358562131e+01,8.3866435394844459e+00,6.1631852933720292e+00,1.3216613353935839e+01,1.3268853358562131e+01,1.3268853358562131e+01,1.3268853358562131e+01,1.9539381156435722e+00,1.3268853358562131e+01,7.5026964636430300e+00,7.5026964636430300e+00,2.6800227300842976e+00,2.6800227300842976e+00,1.9539381156435722e+00,1.4295926947134253e+01,7.3271060250684013e+00,1.3268853358562131e+01,1.3268853358562131e+01,1.3268853358562131e+01,1.4295926947134253e+01,1.4295926947134253e+01,1.3268853358562131e+01,1.3268853358562131e+01,1.3268853358562131e+01,1.3268853358562131e+01,1.9539381156435722e+00,9.3474703733491840e+00,1.3268853358562131e+01,1.1779313739799640e+01,1.3268853358562131e+01,1.3268853358562131e+01,1.9539381156435722e+00,1.3268853358562131e+01,9.3474703733491840e+00,1.3268853358562131e+01,1.3268853358562131e+01,1.3268853358562131e+01,1.3268853358562131e+01,4.9413668585904507e+00,4.0650844013101040e+00,4.9413668585904507e+00,2.6800227300842976e+00,1.4295926947134253e+01,1.4295926947134253e+01,1.3268853358562131e+01,4.0650844013101040e+00,1.0618813780760778e+01,1.3268853358562131e+01,6.1631852933720292e+00,1.1779313739799640e+01,8.3866435394844459e+00,4.9413668585904507e+00,1.4295926947134253e+01,1.3268853358562131e+01,1.3268853358562131e+01,1.3268853358562131e+01,1.1779313739799640e+01,9.5571810921028255e-01,1.3268853358562131e+01,1.3268853358562131e+01,1.0618813780760778e+01,1.1779313739799640e+01,4.9413668585904507e+00,1.3216613353935839e+01,9.3474703733491840e+00,7.3271060250684013e+00,1.3216613353935839e+01,4.9413668585904507e+00,4.9413668585904507e+00,4.0650844013101040e+00,7.5026964636430300e+00,1.3216613353935839e+01,1.3216613353935839e+01,1.3268853358562131e+01,2.6800227300842976e+00,8.3866435394844459e+00,8.3866435394844459e+00,1.3268853358562131e+01,4.9413668585904507e+00,7.3271060250684013e+00,1.3268853358562131e+01,1.3268853358562131e+01,9.3474703733491840e+00,1.3268853358562131e+01,8.3866435394844459e+00,8.3866435394844459e+00,4.0650844013101040e+00,4.0650844013101040e+00,1.3268853358562131e+01,8.3866435394844459e+00,0.0000000000000000e+00,9.3474703733491840e+00,4.9413668585904507e+00,1.1779313739799640e+01,8.3866435394844459e+00,4.0650844013101040e+00,1.3268853358562131e+01,1.4295926947134253e+01,1.1779313739799640e+01,1.1779313739799640e+01,2.6800227300842976e+00,6.1631852933720292e+00,1.3268853358562131e+01,6.1631852933720292e+00,7.3271060250684013e+00,9.3474703733491840e+00,1.3268853358562131e+01,4.9413668585904507e+00,9.3474703733491840e+00,6.1631852933720292e+00,9.3474703733491840e+00,2.6800227300842976e+00,1.3268853358562131e+01,1.3268853358562131e+01,1.0618813780760778e+01,9.3474703733491840e+00,6.1631852933720292e+00,0.0000000000000000e+00,1.3268853358562131e+01,1.3268853358562131e+01,2.6800227300842976e+00,4.9413668585904507e+00,4.9413668585904507e+00,1.9539381156435722e+00,1.3216613353935839e+01,6.1631852933720292e+00,4.9413668585904507e+00,7.3271060250684013e+00,1.3268853358562131e+01,1.4295926947134253e+01,7.3271060250684013e+00,1.3216613353935839e+01,1.3216613353935839e+01,1.3216613353935839e+01,6.1631852933720292e+00,7.5026964636430300e+00,7.3271060250684013e+00,1.9539381156435722e+00,7.3271060250684013e+00,2.6800227300842976e+00,1.4295926947134253e+01,1.0618813780760778e+01,1.4295926947134253e+01,4.9413668585904507e+00,1.3268853358562131e+01,1.3268853358562131e+01,1.3268853358562131e+01,1.3216613353935839e+01,1.3268853358562131e+01,6.1631852933720292e+00,4.9413668585904507e+00,1.3268853358562131e+01,1.0618813780760778e+01,6.1631852933720292e+00,1.1779313739799640e+01,1.3268853358562131e+01,9.3474703733491840e+00,8.3866435394844459e+00,4.0650844013101040e+00,1.3268853358562131e+01,7.5026964636430300e+00,1.3268853358562131e+01,1.3216613353935839e+01,8.3866435394844459e+00,8.3866435394844459e+00,0.0000000000000000e+00,0.0000000000000000e+00,9.3474703733491840e+00,8.3866435394844459e+00,7.3271060250684013e+00,1.9539381156435722e+00,8.3866435394844459e+00,1.3268853358562131e+01,2.6800227300842976e+00,6.1631852933720292e+00,1.3268853358562131e+01,6.1631852933720292e+00,1.4295926947134253e+01,4.0650844013101040e+00,1.3268853358562131e+01,9.5571810921028255e-01,0.0000000000000000e+00,1.4295926947134253e+01,1.4295926947134253e+01,4.9413668585904507e+00,1.3268853358562131e+01,1.1779313739799640e+01,1.3216613353935839e+01,4.9413668585904507e+00,1.3216613353935839e+01,1.3268853358562131e+01,1.3216613353935839e+01,1.3268853358562131e+01,1.0618813780760778e+01,1.1779313739799640e+01,1.3268853358562131e+01,9.3474703733491840e+00,9.3474703733491840e+00,4.0650844013101040e+00,8.3866435394844459e+00,4.0650844013101040e+00,4.0650844013101040e+00,4.9413668585904507e+00,1.1779313739799640e+01,1.9539381156435722e+00,4.0650844013101040e+00,1.3216613353935839e+01,7.5026964636430300e+00,4.0650844013101040e+00,4.0650844013101040e+00,1.1779313739799640e+01,7.3271060250684013e+00,9.3474703733491840e+00,1.3216613353935839e+01,7.3271060250684013e+00,9.5571810921028255e-01,1.3268853358562131e+01,9.3474703733491840e+00,1.3268853358562131e+01,1.3216613353935839e+01,4.9413668585904507e+00,1.4295926947134253e+01,9.5571810921028255e-01,2.6800227300842976e+00,9.3474703733491840e+00,1.9539381156435722e+00,9.3474703733491840e+00,1.4295926947134253e+01,1.4295926947134253e+01,1.0618813780760778e+01,9.3474703733491840e+00,1.1779313739799640e+01,1.4295926947134253e+01,4.9413668585904507e+00,1.4295926947134253e+01,1.3216613353935839e+01,1.3268853358562131e+01,6.1631852933720292e+00,1.4295926947134253e+01,1.3216613353935839e+01,1.4295926947134253e+01,8.3866435394844459e+00,9.5571810921028255e-01,1.3216613353935839e+01,4.0650844013101040e+00,1.3216613353935839e+01,1.0618813780760778e+01,1.4295926947134253e+01,4.0650844013101040e+00,9.5571810921028255e-01,4.9413668585904507e+00,1.0618813780760778e+01,9.3474703733491840e+00,8.3866435394844459e+00,1.1779313739799640e+01,1.9539381156435722e+00,1.1779313739799640e+01,1.3268853358562131e+01,1.3268853358562131e+01,1.9539381156435722e+00,9.5571810921028255e-01,4.9413668585904507e+00,9.3474703733491840e+00,1.3268853358562131e+01,2.6800227300842976e+00,1.1779313739799640e+01,1.1779313739799640e+01,9.5571810921028255e-01,1.3268853358562131e+01,1.3216613353935839e+01,1.3268853358562131e+01,7.5026964636430300e+00,1.0618813780760778e+01,1.1779313739799640e+01,1.3216613353935839e+01,6.1631852933720292e+00,0.0000000000000000e+00,1.0618813780760778e+01,2.6800227300842976e+00,9.3474703733491840e+00,8.3866435394844459e+00,1.3268853358562131e+01,9.3474703733491840e+00,9.3474703733491840e+00,2.6800227300842976e+00,1.3268853358562131e+01,1.4295926947134253e+01,2.6800227300842976e+00,1.4295926947134253e+01,7.3271060250684013e+00,9.3474703733491840e+00,2.6800227300842976e+00,1.3268853358562131e+01,4.9413668585904507e+00,1.1779313739799640e+01,1.0618813780760778e+01,1.0618813780760778e+01,1.1779313739799640e+01,1.1779313739799640e+01,1.0618813780760778e+01,7.3271060250684013e+00,9.3474703733491840e+00,1.4295926947134253e+01,7.3271060250684013e+00,6.1631852933720292e+00,1.1779313739799640e+01,6.1631852933720292e+00,6.1631852933720292e+00,1.1779313739799640e+01,1.1779313739799640e+01,4.9413668585904507e+00,4.9413668585904507e+00,1.9539381156435722e+00,4.0650844013101040e+00,7.3271060250684013e+00,4.0650844013101040e+00,1.3268853358562131e+01,1.1779313739799640e+01,4.9413668585904507e+00,1.3268853358562131e+01,1.3216613353935839e+01,1.1779313739799640e+01,1.4295926947134253e+01,7.3271060250684013e+00,1.4295926947134253e+01,1.3216613353935839e+01,1.1779313739799640e+01,6.1631852933720292e+00,1.3268853358562131e+01,1.3268853358562131e+01,9.5571810921028255e-01,1.3216613353935839e+01,1.3216613353935839e+01,1.3268853358562131e+01,1.0618813780760778e+01,1.3216613353935839e+01,1.0618813780760778e+01,4.9413668585904507e+00,8.3866435394844459e+00,1.0618813780760778e+01,1.1779313739799640e+01,1.3216613353935839e+01,0.0000000000000000e+00,1.3216613353935839e+01,1.1779313739799640e+01,9.5571810921028255e-01,1.3216613353935839e+01,1.3216613353935839e+01,8.3866435394844459e+00,1.9539381156435722e+00,1.1779313739799640e+01,1.3216613353935839e+01,9.5571810921028255e-01,1.3216613353935839e+01,7.3271060250684013e+00,7.5026964636430300e+00,7.5026964636430300e+00,1.3216613353935839e+01,1.3216613353935839e+01,9.5571810921028255e-01,1.0618813780760778e+01,1.3216613353935839e+01,8.3866435394844459e+00,1.0618813780760778e+01,6.1631852933720292e+00,8.3866435394844459e+00,1.3216613353935839e+01,4.9413668585904507e+00,4.0650844013101040e+00,1.0618813780760778e+01,7.3271060250684013e+00,4.0650844013101040e+00,4.0650844013101040e+00,1.3268853358562131e+01,6.1631852933720292e+00,6.1631852933720292e+00,9.5571810921028255e-01,1.1779313739799640e+01,9.5571810921028255e-01,9.5571810921028255e-01,7.3271060250684013e+00,1.9539381156435722e+00,1.4295926947134253e+01,1.4295926947134253e+01,4.0650844013101040e+00,1.4295926947134253e+01,1.3268853358562131e+01,9.5571810921028255e-01,0.0000000000000000e+00,9.3474703733491840e+00,1.4295926947134253e+01,9.5571810921028255e-01,1.3268853358562131e+01,1.1779313739799640e+01,2.6800227300842976e+00,4.0650844013101040e+00,4.0650844013101040e+00,6.1631852933720292e+00,6.1631852933720292e+00,7.5026964636430300e+00,1.3216613353935839e+01,1.0618813780760778e+01,6.1631852933720292e+00,1.3268853358562131e+01,7.3271060250684013e+00,9.5571810921028255e-01,1.3268853358562131e+01,1.4295926947134253e+01,1.3216613353935839e+01,9.5571810921028255e-01,7.5026964636430300e+00,1.3268853358562131e+01,8.3866435394844459e+00,9.3474703733491840e+00,8.3866435394844459e+00,1.4295926947134253e+01,1.4295926947134253e+01,1.4295926947134253e+01,7.3271060250684013e+00,0.0000000000000000e+00,7.3271060250684013e+00,6.1631852933720292e+00,1.0618813780760778e+01,1.1779313739799640e+01,9.3474703733491840e+00,1.1779313739799640e+01,1.0618813780760778e+01,8.3866435394844459e+00,1.0618813780760778e+01,1.3268853358562131e+01,7.5026964636430300e+00,1.4295926947134253e+01,1.9539381156435722e+00,1.3216613353935839e+01,8.3866435394844459e+00,1.0618813780760778e+01,0.0000000000000000e+00,1.9539381156435722e+00,9.3474703733491840e+00,1.1779313739799640e+01,4.9413668585904507e+00,9.3474703733491840e+00,1.1779313739799640e+01,7.5026964636430300e+00,1.1779313739799640e+01,8.3866435394844459e+00,7.5026964636430300e+00,1.9539381156435722e+00,8.3866435394844459e+00,1.3268853358562131e+01,1.9539381156435722e+00,2.6800227300842976e+00,4.9413668585904507e+00,1.9539381156435722e+00,9.3474703733491840e+00,4.0650844013101040e+00,8.3866435394844459e+00,6.1631852933720292e+00,4.0650844013101040e+00,8.3866435394844459e+00,4.0650844013101040e+00,6.1631852933720292e+00,7.3271060250684013e+00,1.3268853358562131e+01,1.9539381156435722e+00,1.3216613353935839e+01,4.0650844013101040e+00,4.0650844013101040e+00,9.5571810921028255e-01,1.3216613353935839e+01,1.3216613353935839e+01,7.5026964636430300e+00,0.0000000000000000e+00,0.0000000000000000e+00,1.3268853358562131e+01,7.5026964636430300e+00,0.0000000000000000e+00,9.5571810921028255e-01,8.3866435394844459e+00,1.3216613353935839e+01,1.3216613353935839e+01,1.3216613353935839e+01,7.3271060250684013e+00,1.4295926947134253e+01,7.3271060250684013e+00,4.9413668585904507e+00,1.3268853358562131e+01,4.9413668585904507e+00,1.0618813780760778e+01,1.3268853358562131e+01,1.3216613353935839e+01,1.3268853358562131e+01,1.3268853358562131e+01,6.1631852933720292e+00,6.1631852933720292e+00,4.9413668585904507e+00,1.3216613353935839e+01,1.1779313739799640e+01,1.3268853358562131e+01,1.3268853358562131e+01,1.3268853358562131e+01,1.3268853358562131e+01,1.3268853358562131e+01,1.3268853358562131e+01,4.9413668585904507e+00,1.3216613353935839e+01,1.3268853358562131e+01,1.4295926947134253e+01,1.0618813780760778e+01,1.3268853358562131e+01,9.3474703733491840e+00,8.3866435394844459e+00,8.3866435394844459e+00,4.9413668585904507e+00,1.1779313739799640e+01,1.1779313739799640e+01,1.3216613353935839e+01,1.3216613353935839e+01,7.3271060250684013e+00,1.1779313739799640e+01,1.1779313739799640e+01,7.3271060250684013e+00,1.1779313739799640e+01,1.0618813780760778e+01,1.9539381156435722e+00,8.3866435394844459e+00,8.3866435394844459e+00,1.3216613353935839e+01,4.0650844013101040e+00,4.0650844013101040e+00,6.1631852933720292e+00,6.1631852933720292e+00,1.3216613353935839e+01,2.6800227300842976e+00,8.3866435394844459e+00,1.0618813780760778e+01,4.9413668585904507e+00,1.1779313739799640e+01,1.1779313739799640e+01,1.1779313739799640e+01,1.3216613353935839e+01,2.6800227300842976e+00,1.1779313739799640e+01,4.9413668585904507e+00,1.3216613353935839e+01,1.4295926947134253e+01,8.3866435394844459e+00,1.3268853358562131e+01,1.9539381156435722e+00,6.1631852933720292e+00,4.9413668585904507e+00,1.4295926947134253e+01,4.0650844013101040e+00,1.3268853358562131e+01,1.3268853358562131e+01,1.3268853358562131e+01,4.0650844013101040e+00,4.9413668585904507e+00,2.6800227300842976e+00,7.3271060250684013e+00,7.3271060250684013e+00,1.3268853358562131e+01,4.0650844013101040e+00,1.3216613353935839e+01,8.3866435394844459e+00,4.0650844013101040e+00,4.0650844013101040e+00,1.1779313739799640e+01,1.3268853358562131e+01,4.0650844013101040e+00,1.1779313739799640e+01,1.3216613353935839e+01,1.1779313739799640e+01,1.3268853358562131e+01,8.3866435394844459e+00,4.0650844013101040e+00,1.3268853358562131e+01,1.3268853358562131e+01,4.9413668585904507e+00,1.3268853358562131e+01,1.3268853358562131e+01,1.3268853358562131e+01,1.3216613353935839e+01,6.1631852933720292e+00,1.3268853358562131e+01,9.3474703733491840e+00,4.0650844013101040e+00,1.0618813780760778e+01,1.3216613353935839e+01,2.6800227300842976e+00,1.3268853358562131e+01,1.3268853358562131e+01,9.5571810921028255e-01,0.0000000000000000e+00,1.0618813780760778e+01,8.3866435394844459e+00,9.3474703733491840e+00,1.0618813780760778e+01,1.3268853358562131e+01,4.9413668585904507e+00,1.3268853358562131e+01,4.0650844013101040e+00,1.3268853358562131e+01,8.3866435394844459e+00,1.9539381156435722e+00,1.3268853358562131e+01,1.3216613353935839e+01,6.1631852933720292e+00,1.0618813780760778e+01,0.0000000000000000e+00,6.1631852933720292e+00,1.0618813780760778e+01,7.5026964636430300e+00,1.3268853358562131e+01,9.5571810921028255e-01,6.1631852933720292e+00,6.1631852933720292e+00,9.5571810921028255e-01,8.3866435394844459e+00,2.6800227300842976e+00,0.0000000000000000e+00,8.3866435394844459e+00,8.3866435394844459e+00,1.3216613353935839e+01,1.9539381156435722e+00,1.1779313739799640e+01,8.3866435394844459e+00,1.1779313739799640e+01,9.5571810921028255e-01,1.1779313739799640e+01,4.0650844013101040e+00,2.6800227300842976e+00,1.1779313739799640e+01,6.1631852933720292e+00,4.0650844013101040e+00,1.1779313739799640e+01,4.0650844013101040e+00,1.1779313739799640e+01,8.3866435394844459e+00,1.4295926947134253e+01,6.1631852933720292e+00,1.4295926947134253e+01,4.9413668585904507e+00,1.9539381156435722e+00,6.1631852933720292e+00,7.5026964636430300e+00,7.5026964636430300e+00,1.3216613353935839e+01,9.3474703733491840e+00,8.3866435394844459e+00,4.9413668585904507e+00,7.5026964636430300e+00,9.3474703733491840e+00,7.3271060250684013e+00,6.1631852933720292e+00,1.9539381156435722e+00,8.3866435394844459e+00,1.1779313739799640e+01,1.4295926947134253e+01,7.5026964636430300e+00,1.3216613353935839e+01,9.5571810921028255e-01,1.3268853358562131e+01,9.5571810921028255e-01,7.5026964636430300e+00,7.5026964636430300e+00,1.4295926947134253e+01,9.3474703733491840e+00,4.0650844013101040e+00,1.1779313739799640e+01,1.4295926947134253e+01,6.1631852933720292e+00,1.4295926947134253e+01,1.3216613353935839e+01,1.3268853358562131e+01,0.0000000000000000e+00,1.3268853358562131e+01,4.9413668585904507e+00,7.5026964636430300e+00,9.3474703733491840e+00,7.5026964636430300e+00,1.4295926947134253e+01,7.3271060250684013e+00,4.9413668585904507e+00,4.9413668585904507e+00,7.3271060250684013e+00,1.3216613353935839e+01,6.1631852933720292e+00,6.1631852933720292e+00,1.9539381156435722e+00,1.0618813780760778e+01,0.0000000000000000e+00,6.1631852933720292e+00,6.1631852933720292e+00,1.1779313739799640e+01,1.0618813780760778e+01,1.4295926947134253e+01,1.3268853358562131e+01,1.4295926947134253e+01,2.6800227300842976e+00,6.1631852933720292e+00,1.3268853358562131e+01,1.1779313739799640e+01,1.1779313739799640e+01,1.3216613353935839e+01,1.3216613353935839e+01,1.1779313739799640e+01,7.5026964636430300e+00,1.1779313739799640e+01,0.0000000000000000e+00,1.1779313739799640e+01,1.3216613353935839e+01,1.3268853358562131e+01,7.5026964636430300e+00,1.1779313739799640e+01,1.3216613353935839e+01,1.1779313739799640e+01,1.1779313739799640e+01,7.5026964636430300e+00,1.1779313739799640e+01,1.1779313739799640e+01,1.3216613353935839e+01,1.1779313739799640e+01,7.3271060250684013e+00,9.3474703733491840e+00,1.3216613353935839e+01,1.1779313739799640e+01,1.1779313739799640e+01,1.3268853358562131e+01,7.5026964636430300e+00,1.3216613353935839e+01,1.3216613353935839e+01,1.1779313739799640e+01,1.1779313739799640e+01,1.1779313739799640e+01,4.9413668585904507e+00,0.0000000000000000e+00,1.1779313739799640e+01,2.6800227300842976e+00,1.4295926947134253e+01,1.4295926947134253e+01,1.1779313739799640e+01,1.4295926947134253e+01,1.4295926947134253e+01,9.5571810921028255e-01,1.1779313739799640e+01,7.3271060250684013e+00,1.4295926947134253e+01,1.3216613353935839e+01,1.4295926947134253e+01,1.1779313739799640e+01,1.9539381156435722e+00,1.3216613353935839e+01,1.3216613353935839e+01,4.9413668585904507e+00,1.9539381156435722e+00,2.6800227300842976e+00,1.3216613353935839e+01,4.0650844013101040e+00,1.1779313739799640e+01,1.1779313739799640e+01,6.1631852933720292e+00,9.5571810921028255e-01,1.3268853358562131e+01,6.1631852933720292e+00,7.5026964636430300e+00,1.1779313739799640e+01,4.0650844013101040e+00,6.1631852933720292e+00,6.1631852933720292e+00,6.1631852933720292e+00,8.3866435394844459e+00,6.1631852933720292e+00,9.3474703733491840e+00,1.0618813780760778e+01,4.0650844013101040e+00,4.0650844013101040e+00,1.1779313739799640e+01,4.9413668585904507e+00,1.3268853358562131e+01,1.0618813780760778e+01,1.4295926947134253e+01,1.1779313739799640e+01,6.1631852933720292e+00,1.9539381156435722e+00,1.3268853358562131e+01,1.0618813780760778e+01,1.9539381156435722e+00,1.3216613353935839e+01,8.3866435394844459e+00,8.3866435394844459e+00,7.3271060250684013e+00,7.5026964636430300e+00,8.3866435394844459e+00,1.9539381156435722e+00,4.0650844013101040e+00,7.3271060250684013e+00,0.0000000000000000e+00,4.9413668585904507e+00,1.3216613353935839e+01,4.9413668585904507e+00,1.3268853358562131e+01,1.3268853358562131e+01,1.3216613353935839e+01,1.4295926947134253e+01,1.1779313739799640e+01,1.4295926947134253e+01,1.3216613353935839e+01,1.4295926947134253e+01,1.4295926947134253e+01,1.0618813780760778e+01,1.9539381156435722e+00,4.9413668585904507e+00,6.1631852933720292e+00,1.4295926947134253e+01,9.5571810921028255e-01,1.4295926947134253e+01,1.3268853358562131e+01,1.4295926947134253e+01,1.4295926947134253e+01,9.3474703733491840e+00,1.4295926947134253e+01,2.6800227300842976e+00,0.0000000000000000e+00,9.3474703733491840e+00,7.3271060250684013e+00,7.5026964636430300e+00,1.4295926947134253e+01,9.3474703733491840e+00,9.5571810921028255e-01,7.3271060250684013e+00,1.4295926947134253e+01,1.4295926947134253e+01,7.3271060250684013e+00,7.3271060250684013e+00,1.4295926947134253e+01,1.1779313739799640e+01,4.9413668585904507e+00,2.6800227300842976e+00,1.4295926947134253e+01,1.1779313739799640e+01,1.3268853358562131e+01,9.3474703733491840e+00,1.1779313739799640e+01,1.1779313739799640e+01,6.1631852933720292e+00,1.4295926947134253e+01,1.4295926947134253e+01,1.4295926947134253e+01,1.4295926947134253e+01,1.4295926947134253e+01,1.4295926947134253e+01,1.4295926947134253e+01,4.0650844013101040e+00,7.3271060250684013e+00,1.4295926947134253e+01,9.3474703733491840e+00,1.4295926947134253e+01,1.0618813780760778e+01,7.3271060250684013e+00,1.4295926947134253e+01,4.0650844013101040e+00,1.4295926947134253e+01,1.0618813780760778e+01,1.0618813780760778e+01,1.0618813780760778e+01,1.4295926947134253e+01
1.2648362548935159e+01,6.9847221658128040e+00,8.9931429741875202e-01,1.2648362548935159e+01,8.9931429741875202e-01,1.2648362548935159e+01,1.2648362548935159e+01,1.2648362548935159e+01,0.0000000000000000e+00,1.2648362548935159e+01,1.0561733637603227e+01,1.0561733637603227e+01,8.9142602545286902e+00,1.2648362548935159e+01,8.9142602545286902e+00,4.8984288501058435e+00,0.0000000000000000e+00,8.9142602545286902e+00,4.8984288501058435e+00,1.2648362548935159e+01,1.2648362548935159e+01,1.1891181173750033e+01,8.9142602545286902e+00,1.3237889975172587e+01,8.9142602545286902e+00,8.9142602545286902e+00,1.0561733637603227e+01,1.0202180094595992e+01,8.9142602545286902e+00,6.0181906655234432e+00,1.4704354567319058e+01,8.9142602545286902e+00,8.9142602545286902e+00,6.0181906655234432e+00,8.9142602545286902e+00,4.8984288501058435e+00,4.8984288501058435e+00,1.1891181173750033e+01,8.9142602545286902e+00,1.2648362548935159e+01,1.2648362548935159e+01,1.2648362548935159e+01,8.9142602545286902e+00,8.9142602545286902e+00,1.0561733637603227e+01,1.4704354567319058e+01,6.9847221658128040e+00,1.9514127354628157e+00,1.4704354567319058e+01,1.0561733637603227e+01,1.0561733637603227e+01,1.0561733637603227e+01,1.0561733637603227e+01,1.3237889975172587e+01,1.0202180094595992e+01,1.4704354567319058e+01,6.0181906655234432e+00,1.4704354567319058e+01,1.9514127354628157e+00,1.0561733637603227e+01,8.9142602545286902e+00,6.9847221658128040e+00,1.0561733637603227e+01,6.9847221658128040e+00,1.9514127354628157e+00,6.9847221658128040e+00,1.4704354567319058e+01,8.9931429741875202e-01,1.2648362548935159e+01,1.2648362548935159e+01,1.2648362548935159e+01,1.2648362548935159e+01,8.9931429741875202e-01,1.9514127354628157e+00,0.0000000000000000e+00,8.9931429741875202e-01,1.4704354567319058e+01,8.9931429741875202e-01,8.9931429741875202e-01,1.3237889975172587e+01,4.8984288501058435e+00,1.3237889975172587e+01,1.2648362548935159e+01,7.7021521693333828e+00,1.0561733637603227e+01,1.2648362548935159e+01,1.3237889975172587e+01,1.3237889975172587e+01,1.3237889975172587e+01,1.3237889975172587e+01,1.3237889975172587e+01,1.2648362548935159e+01,1.2648362548935159e+01,1.2648362548935159e+01,8.9142602545286902e+00,0.0000000000000000e+00,1.3237889975172587e+01,6.0181906655234432e+00,6.9847221658128040e+00,0.0000000000000000e+00,8.9931429741875202e-01,8.9142602545286902e+00,1.2648362548935159e+01,1.2648362548935159e+01,8.9142602545286902e+00,8.9142602545286902e+00,8.9142602545286902e+00,1.2648362548935159e+01,4.8984288501058435e+00,8.9142602545286902e+00,3.1557252826839619e+00,1.4704354567319058e+01,8.9142602545286902e+00,1.3237889975172587e+01,1.3237889975172587e+01,1.3237889975172587e+01,8.9142602545286902e+00,8.9142602545286902e+00,1.2648362548935159e+01,1.2648362548935159e+01,7.7021521693333828e+00,1.2648362548935159e+01,6.0181906655234432e+00,1.2648362548935159e+01,1.2648362548935159e+01,7.7021521693333828e+00,7.7021521693333828e+00,7.7021521693333828e+00,1.0202180094595992e+01,7.7021521693333828e+00,7.7021521693333828e+00,0.0000000000000000e+00,1.1891181173750033e+01,6.0181906655234432e+00,1.1891181173750033e+01,1.2648362548935159e+01,1.1891181173750033e+01,1.1891181173750033e+01,1.1891181173750033e+01,7.7021521693333828e+00,8.9142602545286902e+00,8.9142602545286902e+00,7.7021521693333828e+00,4.8984288501058435e+00,1.1891181173750033e+01,7.7021521693333828e+00,6.0181906655234432e+00,4.1967477241001721e+00,6.0181906655234432e+00,8.9931429741875202e-01,6.0181906655234432e+00,6.0181906655234432e+00,4.1967477241001721e+00,6.0181906655234432e+00,1.2648362548935159e+01,6.9847221658128040e+00,6.9847221658128040e+00,4.8984288501058435e+00,7.7021521693333828e+00,4.1967477241001721e+00,1.4704354567319058e+01,1.4704354567319058e+01,8.9931429741875202e-01,1.9514127354628157e+00,1.4704354567319058e+01,1.4704354567319058e+01,1.2648362548935159e+01,1.2648362548935159e+01,1.2648362548935159e+01,1.4704354567319058e+01,6.9847221658128040e+00,1.4704354567319058e+01,4.8984288501058435e+00,1.1891181173750033e+01,1.4704354567319058e+01,1.4704354567319058e+01,1.2648362548935159e+01,6.9847221658128040e+00,1.2648362548935159e+01,1.2648362548935159e+01,1.4704354567319058e+01,1.3237889975172587e+01,1.1891181173750033e+01,1.0561733637603227e+01,1.0561733637603227e+01,1.2648362548935159e+01,0.0000000000000000e+00,1.4704354567319058e+01,1.4704354567319058e+01,1.1891181173750033e+01,1.0561733637603227e+01,1.0561733637603227e+01,1.9514127354628157e+00,0.0000000000000000e+00,4.8984288501058435e+00,6.0181906655234432e+00,1.4704354567319058e+01,1.3237889975172587e+01,1.2648362548935159e+01,1.2648362548935159e+01,1.1891181173750033e+01,1.1891181173750033e+01,1.0561733637603227e+01,1.2648362548935159e+01,1.4704354567319058e+01,1.4704354567319058e+01,1.1891181173750033e+01,1.4704354567319058e+01,1.0202180094595992e+01,6.0181906655234432e+00,1.3237889975172587e+01,1.3237889975172587e+01,1.1891181173750033e+01,1.3237889975172587e+01,6.9847221658128040e+00,1.9514127354628157e+00,6.9847221658128040e+00,1.1891181173750033e+01,1.4704354567319058e+01,4.1967477241001721e+00,1.3237889975172587e+01,8.9931429741875202e-01,1.3237889975172587e+01,6.9847221658128040e+00,7.7021521693333828e+00,8.9142602545286902e+00,1.1891181173750033e+01,1.1891181173750033e+01,1.1891181173750033e+01,1.1891181173750033e+01,1.4704354567319058e+01,1.4704354567319058e+01,6.9847221658128040e+00,1.4704354567319058e+01,6.0181906655234432e+00,1.1891181173750033e+01,6.0181906655234432e+00,6.9847221658128040e+00,1.1891181173750033e+01,1.0202180094595992e+01,1.2648362548935159e+01,1.1891181173750033e+01,1.1891181173750033e+01,3.1557252826839619e+00,3.1557252826839619e+00,1.2648362548935159e+01,4.1967477241001721e+00,1.3237889975172587e+01,4.1967477241001721e+00,8.9142602545286902e+00,1.1891181173750033e+01,6.9847221658128040e+00,1.3237889975172587e+01,1.1891181173750033e+01,1.1891181173750033e+01,1.1891181173750033e+01,3.1557252826839619e+00,1.0202180094595992e+01,1.1891181173750033e+01,1.0202180094595992e+01,7.7021521693333828e+00,1.1891181173750033e+01,1.4704354567319058e+01,1.1891181173750033e+01,7.7021521693333828e+00,4.1967477241001721e+00,8.9142602545286902e+00,1.2648362548935159e+01,0.0000000000000000e+00,1.2648362548935159e+01,1.2648362548935159e+01,4.8984288501058435e+00,6.9847221658128040e+00,1.1891181173750033e+01,8.9931429741875202e-01,1.2648362548935159e+01,3.1557252826839619e+00,8.9142602545286902e+00,8.9142602545286902e+00,1.1891181173750033e+01,1.2648362548935159e+01,1.1891181173750033e+01,1.9514127354628157e+00,8.9931429741875202e-01,1.0561733637603227e+01,6.0181906655234432e+00,1.0561733637603227e+01,1.0561733637603227e+01,1.2648362548935159e+01,8.9931429741875202e-01,1.4704354567319058e+01,1.2648362548935159e+01,1.4704354567319058e+01,6.9847221658128040e+00,1.4704354567319058e+01,1.4704354567319058e+01,1.4704354567319058e+01,1.2648362548935159e+01,1.2648362548935159e+01,1.3237889975172587e+01,1.4704354567319058e+01,1.4704354567319058e+01,1.3237889975172587e+01,1.4704354567319058e+01,1.9514127354628157e+00,6.0181906655234432e+00,1.2648362548935159e+01,7.7021521693333828e+00,1.0202180094595992e+01,8.9931429741875202e-01,1.4704354567319058e+01,1.0202180094595992e+01,1.4704354567319058e+01,1.0561733637603227e+01,1.3237889975172587e+01,6.0181906655234432e+00,6.0181906655234432e+00,1.4704354567319058e+01,8.9142602545286902e+00,1.9514127354628157e+00,1.2648362548935159e+01,1.9514127354628157e+00,1.0202180094595992e+01,1.9514127354628157e+00,1.0202180094595992e+01,1.0561733637603227e+01,3.1557252826839619e+00,1.3237889975172587e+01,1.0202180094595992e+01,1.0202180094595992e+01,8.9931429741875202e-01,1.1891181173750033e+01,0.0000000000000000e+00,1.0202180094595992e+01,1.4704354567319058e+01,1.4704354567319058e+01,1.4704354567319058e+01,4.1967477241001721e+00,1.4704354567319058e+01,6.0181906655234432e+00,4.1967477241001721e+00,1.0561733637603227e+01,1.0561733637603227e+01,1.2648362548935159e+01,3.1557252826839619e+00,1.4704354567319058e+01,4.1967477241001721e+00,1.4704354567319058e+01,1.4704354567319058e+01,1.1891181173750033e+01,1.2648362548935159e+01,8.9931429741875202e-01,1.4704354567319058e+01,1.4704354567319058e+01,1.4704354567319058e+01,1.2648362548935159e+01,1.4704354567319058e+01,1.4704354567319058e+01,6.9847221658128040e+00,1.3237889975172587e+01,4.1967477241001721e+00,1.1891181173750033e+01,1.1891181173750033e+01,1.1891181173750033e+01,1.0202180094595992e+01,1.0561733637603227e+01,1.1891181173750033e+01,6.9847221658128040e+00,1.4704354567319058e+01,4.8984288501058435e+00,8.9931429741875202e-01,8.9142602545286902e+00,6.0181906655234432e+00,1.0202180094595992e+01,1.4704354567319058e+01,1.2648362548935159e+01,1.3237889975172587e+01,3.1557252826839619e+00,4.8984288501058435e+00,1.3237889975172587e+01,8.9142602545286902e+00,8.9142602545286902e+00,8.9142602545286902e+00,8.9142602545286902e+00,1.4704354567319058e+01,1.2648362548935159e+01,3.1557252826839619e+00,1.4704354567319058e+01,1.0202180094595992e+01,1.4704354567319058e+01,1.4704354567319058e+01,7.7021521693333828e+00,1.4704354567319058e+01,0.0000000000000000e+00,1.0202180094595992e+01,1.0202180094595992e+01,0.0000000000000000e+00,4.1967477241001721e+00,1.4704354567319058e+01,1.4704354567319058e+01,1.3237889975172587e+01,1.3237889975172587e+01,1.0202180094595992e+01,4.8984288501058435e+00,1.1891181173750033e+01,4.8984288501058435e+00,1.0561733637603227e+01,1.0561733637603227e+01,1.3237889975172587e+01,1.4704354567319058e+01,1.0202180094595992e+01,4.8984288501058435e+00,7.7021521693333828e+00,1.0202180094595992e+01,1.0202180094595992e+01,1.2648362548935159e+01,1.0202180094595992e+01,6.9847221658128040e+00,1.0561733637603227e+01,1.3237889975172587e+01,1.2648362548935159e+01,8.9142602545286902e+00,1.0202180094595992e+01,6.9847221658128040e+00,1.3237889975172587e+01,8.9142602545286902e+00,1.4704354567319058e+01,1.2648362548935159e+01,0.0000000000000000e+00,1.2648362548935159e+01,4.8984288501058435e+00,1.0202180094595992e+01,1.0202180094595992e+01,6.9847221658128040e+00,1.4704354567319058e+01,1.2648362548935159e+01,1.0561733637603227e+01,3.1557252826839619e+00,1.2648362548935159e+01,8.9142602545286902e+00,0.0000000000000000e+00,1.3237889975172587e+01,1.4704354567319058e+01,1.2648362548935159e+01,1.4704354567319058e+01,3.1557252826839619e+00,1.3237889975172587e+01,1.4704354567319058e+01,8.9931429741875202e-01,1.0202180094595992e+01,1.3237889975172587e+01,7.7021521693333828e+00,1.3237889975172587e+01,1.9514127354628157e+00,1.9514127354628157e+00,1.4704354567319058e+01,1.2648362548935159e+01,1.4704354567319058e+01,1.9514127354628157e+00,1.3237889975172587e+01,1.0561733637603227e+01,1.0561733637603227e+01,1.4704354567319058e+01,6.9847221658128040e+00,1.0202180094595992e+01,1.4704354567319058e+01,1.0202180094595992e+01,0.0000000000000000e+00,8.9931429741875202e-01,1.1891181173750033e+01,1.2648362548935159e+01,6.0181906655234432e+00,1.0202180094595992e+01,1.2648362548935159e+01,6.0181906655234432e+00,1.2648362548935159e+01,4.1967477241001721e+00,1.0202180094595992e+01,1.3237889975172587e+01,1.3237889975172587e+01,1.0202180094595992e+01,1.0202180094595992e+01,1.0202180094595992e+01,6.0181906655234432e+00,1.3237889975172587e+01,1.3237889975172587e+01,1.9514127354628157e+00,1.0202180094595992e+01,1.0202180094595992e+01,0.0000000000000000e+00,6.9847221658128040e+00,1.0202180094595992e+01,6.9847221658128040e+00,1.2648362548935159e+01,1.4704354567319058e+01,4.1967477241001721e+00,1.2648362548935159e+01,1.0561733637603227e+01,1.1891181173750033e+01,1.1891181173750033e+01,0.0000000000000000e+00,1.0561733637603227e+01,6.9847221658128040e+00,1.1891181173750033e+01,7.7021521693333828e+00,6.0181906655234432e+00,1.1891181173750033e+01,8.9142602545286902e+00,1.1891181173750033e+01,6.0181906655234432e+00,4.8984288501058435e+00,1.0202180094595992e+01,1.0202180094595992e+01,8.9142602545286902e+00,6.0181906655234432e+00,1.0202180094595992e+01,1.0202180094595992e+01,1.0202180094595992e+01,1.0202180094595992e+01,0.0000000000000000e+00,7.7021521693333828e+00,8.9142602545286902e+00,8.9142602545286902e+00,4.8984288501058435e+00,6.0181906655234432e+00,1.4704354567319058e+01,1.4704354567319058e+01,1.4704354567319058e+01,1.9514127354628157e+00,6.0181906655234432e+00,4.8984288501058435e+00,1.9514127354628157e+00,4.1967477241001721e+00,0.0000000000000000e+00,7.7021521693333828e+00,6.9847221658128040e+00,4.1967477241001721e+00,1.1891181173750033e+01,8.9142602545286902e+00,4.8984288501058435e+00,1.2648362548935159e+01,1.4704354567319058e+01,1.2648362548935159e+01,4.8984288501058435e+00,8.9142602545286902e+00,4.8984288501058435e+00,1.2648362548935159e+01,1.3237889975172587e+01,1.0561733637603227e+01,7.7021521693333828e+00,1.9514127354628157e+00,7.7021521693333828e+00,1.4704354567319058e+01,1.4704354567319058e+01,4.1967477241001721e+00,1.0202180094595992e+01,1.2648362548935159e+01,1.2648362548935159e+01,1.2648362548935159e+01,4.8984288501058435e+00,0.0000000000000000e+00,1.2648362548935159e+01,4.8984288501058435e+00,6.9847221658128040e+00,1.2648362548935159e+01,6.9847221658128040e+00,1.2648362548935159e+01,1.9514127354628157e+00,6.9847221658128040e+00,6.9847221658128040e+00,1.0202180094595992e+01,1.3237889975172587e+01,6.9847221658128040e+00,1.2648362548935159e+01,1.3237889975172587e+01,8.9142602545286902e+00,6.9847221658128040e+00,1.3237889975172587e+01,4.8984288501058435e+00,0.0000000000000000e+00,3.1557252826839619e+00,1.2648362548935159e+01,1.0202180094595992e+01,1.2648362548935159e+01,1.0202180094595992e+01,1.3237889975172587e+01,1.2648362548935159e+01,4.8984288501058435e+00,1.2648362548935159e+01,1.1891181173750033e+01,6.9847221658128040e+00,6.9847221658128040e+00,1.2648362548935159e+01,1.3237889975172587e+01,8.9142602545286902e+00,6.0181906655234432e+00,8.9931429741875202e-01,1.0561733637603227e+01,1.1891181173750033e+01,6.0181906655234432e+00,1.0202180094595992e+01,8.9142602545286902e+00,1.4704354567319058e+01,8.9931429741875202e-01,1.4704354567319058e+01,4.1967477241001721e+00,1.4704354567319058e+01,8.9931429741875202e-01,1.4704354567319058e+01,1.4704354567319058e+01,1.0202180094595992e+01,1.2648362548935159e+01,0.0000000000000000e+00,6.0181906655234432e+00,8.9931429741875202e-01,6.9847221658128040e+00,6.9847221658128040e+00,1.1891181173750033e+01,6.9847221658128040e+00,1.2648362548935159e+01,4.8984288501058435e+00,1.4704354567319058e+01,1.4704354567319058e+01,1.4704354567319058e+01,1.4704354567319058e+01,6.9847221658128040e+00,1.4704354567319058e+01,1.2648362548935159e+01,1.4704354567319058e+01,1.0202180094595992e+01,1.4704354567319058e+01,1.4704354567319058e+01,1.1891181173750033e+01,1.1891181173750033e+01,1.1891181173750033e+01,6.0181906655234432e+00,8.9142602545286902e+00,7.7021521693333828e+00,1.2648362548935159e+01,1.2648362548935159e+01,6.0181906655234432e+00,6.9847221658128040e+00,1.1891181173750033e+01,8.9142602545286902e+00,1.0202180094595992e+01,1.1891181173750033e+01,1.2648362548935159e+01,1.9514127354628157e+00,1.0202180094595992e+01,1.9514127354628157e+00,8.9142602545286902e+00,8.9931429741875202e-01,8.9142602545286902e+00,8.9931429741875202e-01,6.0181906655234432e+00,6.0181906655234432e+00,1.2648362548935159e+01,1.4704354567319058e+01,1.0561733637603227e+01,1.0202180094595992e+01,1.2648362548935159e+01,1.0202180094595992e+01,8.9142602545286902e+00,1.2648362548935159e+01,1.3237889975172587e+01,1.4704354567319058e+01,1.4704354567319058e+01,1.2648362548935159e+01,1.4704354567319058e+01,1.2648362548935159e+01,1.2648362548935159e+01,1.0202180094595992e+01,1.4704354567319058e+01,1.4704354567319058e+01,1.2648362548935159e+01,7.7021521693333828e+00,4.8984288501058435e+00,1.1891181173750033e+01,1.4704354567319058e+01,1.4704354567319058e+01,1.4704354567319058e+01,1.0202180094595992e+01,1.0202180094595992e+01,7.7021521693333828e+00,6.0181906655234432e+00,6.0181906655234432e+00,1.0202180094595992e+01,6.0181906655234432e+00,1.2648362548935159e+01,1.2648362548935159e+01,1.2648362548935159e+01,6.0181906655234432e+00,1.0202180094595992e+01,1.2648362548935159e+01,1.1891181173750033e+01,1.9514127354628157e+00,1.0202180094595992e+01,0.0000000000000000e+00,8.9142602545286902e+00,1.3237889975172587e+01,1.0202180094595992e+01,1.0202180094595992e+01,1.9514127354628157e+00,1.2648362548935159e+01,1.0561733637603227e+01,1.0561733637603227e+01,6.9847221658128040e+00,1.4704354567319058e+01,7.7021521693333828e+00,6.9847221658128040e+00,1.4704354567319058e+01,1.4704354567319058e+01,1.4704354567319058e+01,8.9931429741875202e-01,1.9514127354628157e+00,1.0202180094595992e+01,1.2648362548935159e+01,0.0000000000000000e+00,1.3237889975172587e+01,1.3237889975172587e+01,1.4704354567319058e+01,1.2648362548935159e+01,3.1557252826839619e+00,0.0000000000000000e+00,6.9847221658128040e+00,1.9514127354628157e+00,6.9847221658128040e+00,0.0000000000000000e+00,1.0202180094595992e+01,6.0181906655234432e+00,1.0202180094595992e+01,1.0202180094595992e+01,1.0202180094595992e+01,1.2648362548935159e+01,1.1891181173750033e+01,8.9931429741875202e-01,1.3237889975172587e+01,1.3237889975172587e+01,1.3237889975172587e+01,4.8984288501058435e+00,0.0000000000000000e+00,4.8984288501058435e+00,1.3237889975172587e+01,1.0202180094595992e+01,1.4704354567319058e+01,1.4704354567319058e+01,1.3237889975172587e+01,6.9847221658128040e+00,1.9514127354628157e+00,1.9514127354628157e+00,6.9847221658128040e+00,1.4704354567319058e+01,1.3237889975172587e+01,1.4704354567319058e+01,1.3237889975172587e+01,1.2648362548935159e+01,8.9931429741875202e-01,6.9847221658128040e+00,1.3237889975172587e+01,1.2648362548935159e+01,1.9514127354628157e+00,1.0561733637603227e+01,1.0561733637603227e+01,6.9847221658128040e+00,6.9847221658128040e+00,1.3237889975172587e+01,1.0561733637603227e+01,1.3237889975172587e+01,1.4704354567319058e+01,1.0202180094595992e+01,1.2648362548935159e+01,0.0000000000000000e+00,1.4704354567319058e+01,8.9931429741875202e-01,1.3237889975172587e+01,0.0000000000000000e+00,0.0000000000000000e+00,6.0181906655234432e+00,1.1891181173750033e+01,1.4704354567319058e+01,1.2648362548935159e+01,1.2648362548935159e+01,7.7021521693333828e+00,3.1557252826839619e+00,1.4704354567319058e+01,1.2648362548935159e+01,1.0561733637603227e+01,1.1891181173750033e+01,4.8984288501058435e+00,1.3237889975172587e+01,0.0000000000000000e+00,1.3237889975172587e+01,1.1891181173750033e+01,1.1891181173750033e+01,1.0561733637603227e+01,6.9847221658128040e+00,0.0000000000000000e+00,3.1557252826839619e+00,7.7021521693333828e+00,1.9514127354628157e+00,1.3237889975172587e+01,1.4704354567319058e+01,3.1557252826839619e+00,1.4704354567319058e+01,1.4704354567319058e+01,4.1967477241001721e+00,1.4704354567319058e+01,1.4704354567319058e+01,1.1891181173750033e+01,1.1891181173750033e+01,1.3237889975172587e+01,1.0561733637603227e+01,1.0202180094595992e+01,6.9847221658128040e+00,1.4704354567319058e+01,4.8984288501058435e+00,1.9514127354628157e+00,1.9514127354628157e+00,4.8984288501058435e+00,6.0181906655234432e+00,6.0181906655234432e+00,4.8984288501058435e+00,1.2648362548935159e+01,6.0181906655234432e+00,1.2648362548935159e+01,1.0202180094595992e+01,1.2648362548935159e+01,0.0000000000000000e+00,1.3237889975172587e+01,1.0561733637603227e+01,0.0000000000000000e+00,1.1891181173750033e+01,1.2648362548935159e+01,7.7021521693333828e+00,1.1891181173750033e+01,1.1891181173750033e+01,1.4704354567319058e+01,7.7021521693333828e+00,1.1891181173750033e+01,1.9514127354628157e+00,1.3237889975172587e+01,8.9142602545286902e+00,6.0181906655234432e+00,1.0561733637603227e+01,1.2648362548935159e+01,1.2648362548935159e+01,1.0202180094595992e+01,1.9514127354628157e+00,1.4704354567319058e+01,1.0561733637603227e+01,1.2648362548935159e+01,8.9142602545286902e+00,1.4704354567319058e+01,1.2648362548935159e+01,1.2648362548935159e+01,1.4704354567319058e+01,1.2648362548935159e+01,4.1967477241001721e+00,1.2648362548935159e+01,6.9847221658128040e+00,1.2648362548935159e+01,1.3237889975172587e+01,3.1557252826839619e+00,1.0202180094595992e+01,1.3237889975172587e+01,3.1557252826839619e+00,7.7021521693333828e+00,1.2648362548935159e+01,1.3237889975172587e+01,8.9931429741875202e-01,6.0181906655234432e+00,1.0202180094595992e+01,1.0561733637603227e+01,1.0202180094595992e+01,1.3237889975172587e+01,1.3237889975172587e+01,6.9847221658128040e+00,8.9931429741875202e-01,1.3237889975172587e+01,1.0202180094595992e+01,1.0202180094595992e+01,1.3237889975172587e+01,1.3237889975172587e+01,1.9514127354628157e+00,1.0202180094595992e+01,1.2648362548935159e+01,6.9847221658128040e+00,6.9847221658128040e+00,6.9847221658128040e+00,6.9847221658128040e+00,6.9847221658128040e+00,1.3237889975172587e+01,6.9847221658128040e+00,1.0202180094595992e+01,8.9142602545286902e+00,1.2648362548935159e+01,1.2648362548935159e+01,1.2648362548935159e+01,1.3237889975172587e+01,3.1557252826839619e+00,1.3237889975172587e+01,4.8984288501058435e+00,6.9847221658128040e+00,6.9847221658128040e+00,8.9931429741875202e-01,6.0181906655234432e+00,6.9847221658128040e+00,6.0181906655234432e+00,1.3237889975172587e+01,1.3237889975172587e+01,1.3237889975172587e+01,8.9142602545286902e+00,1.3237889975172587e+01,4.8984288501058435e+00,8.9142602545286902e+00,7.7021521693333828e+00,6.9847221658128040e+00,1.1891181173750033e+01,1.3237889975172587e+01,1.9514127354628157e+00,1.0561733637603227e+01,7.7021521693333828e+00,1.0561733637603227e+01,1.4704354567319058e+01,4.8984288501058435e+00,1.9514127354628157e+00,8.9142602545286902e+00,1.3237889975172587e+01,1.4704354567319058e+01,1.9514127354628157e+00,1.4704354567319058e+01,1.4704354567319058e+01,6.9847221658128040e+00,4.1967477241001721e+00,8.9142602545286902e+00,6.0181906655234432e+00,1.0202180094595992e+01,1.4704354567319058e+01,6.9847221658128040e+00,1.2648362548935159e+01,1.4704354567319058e+01,1.0561733637603227e+01,1.9514127354628157e+00,7.7021521693333828e+00,6.0181906655234432e+00,1.4704354567319058e+01,1.4704354567319058e+01,1.3237889975172587e+01,8.9931429741875202e-01,1.4704354567319058e+01,4.8984288501058435e+00,3.1557252826839619e+00,4.1967477241001721e+00,3.1557252826839619e+00,8.9142602545286902e+00,8.9142602545286902e+00,1.0202180094595992e+01,1.3237889975172587e+01,8.9931429741875202e-01,8.9142602545286902e+00,0.0000000000000000e+00,3.1557252826839619e+00,4.8984288501058435e+00,1.3237889975172587e+01,3.1557252826839619e+00,1.3237889975172587e+01,3.1557252826839619e+00,4.8984288501058435e+00,4.8984288501058435e+00,6.9847221658128040e+00,6.9847221658128040e+00,1.3237889975172587e+01,0.0000000000000000e+00,8.9142602545286902e+00,8.9931429741875202e-01,1.4704354567319058e+01,8.9931429741875202e-01,4.1967477241001721e+00,1.2648362548935159e+01,1.2648362548935159e+01,1.3237889975172587e+01,6.9847221658128040e+00,1.1891181173750033e+01,1.9514127354628157e+00,1.2648362548935159e+01,4.8984288501058435e+00,1.0561733637603227e+01,1.4704354567319058e+01,6.9847221658128040e+00,1.1891181173750033e+01,6.9847221658128040e+00,1.2648362548935159e+01,8.9142602545286902e+00,0.0000000000000000e+00,1.1891181173750033e+01,8.9931429741875202e-01,1.0202180094595992e+01,1.0202180094595992e+01,1.3237889975172587e+01,8.9142602545286902e+00
5.1474742222998868e+00,5.1474742222998868e+00,5.1474742222998868e+00,5.1474742222998868e+00,5.1474742222998868e+00,5.1474742222998868e+00,5.1474742222998868e+00,0.0000000000000000e+00,9.5772637398913467e+00,9.5772637398913467e+00,9.5772637398913467e+00,6.0402255325289325e+00,6.0402255325289325e+00,6.0402255325289325e+00,6.0402255325289325e+00,6.0402255325289325e+00,7.2888306255049278e+00,5.1474742222998868e+00,4.7100941981842563e+00,4.7100941981842563e+00,5.1474742222998868e+00,4.7100941981842563e+00,4.7100941981842563e+00,4.7100941981842563e+00,1.1952947983389031e+01,1.1952947983389031e+01,9.3685009936874841e-01,8.1007093312108083e+00,7.2888306255049278e+00,8.1007093312108083e+00,2.1178900715856397e+00,2.1178900715856397e+00,0.0000000000000000e+00,9.5772637398913467e+00,9.3685009936874841e-01,9.5772637398913467e+00,9.5772637398913467e+00,4.7100941981842563e+00,1.1952947983389031e+01,5.1474742222998868e+00,4.7100941981842563e+00,4.7100941981842563e+00,3.4824850869060322e+00,2.1178900715856397e+00,9.5772637398913467e+00,4.7100941981842563e+00,9.5772637398913467e+00,3.0118220129580449e+00,1.1952947983389031e+01,1.1952947983389031e+01,8.1007093312108083e+00,1.1952947983389031e+01,1.1952947983389031e+01,6.0402255325289325e+00,2.1178900715856397e+00,3.4824850869060322e+00,1.1952947983389031e+01,1.1952947983389031e+01,1.1952947983389031e+01,1.1952947983389031e+01,2.1178900715856397e+00,1.1952947983389031e+01,1.1952947983389031e+01,1.1952947983389031e+01,7.2888306255049278e+00,8.8422634496712345e+00,8.8422634496712345e+00,8.8422634496712345e+00,8.8422634496712345e+00,1.1952947983389031e+01,3.4824850869060322e+00,8.1007093312108083e+00,1.1952947983389031e+01,1.1952947983389031e+01,8.1007093312108083e+00,1.1638183974987973e+01,3.4824850869060322e+00,1.1638183974987973e+01,1.3385287704622662e+01,9.3685009936874841e-01,9.3685009936874841e-01,1.3385287704622662e+01,8.8422634496712345e+00,8.8422634496712345e+00,1.1952947983389031e+01,1.1638183974987973e+01,1.1638183974987973e+01,8.8422634496712345e+00,1.1952947983389031e+01,1.1952947983389031e+01,1.1952947983389031e+01,1.1952947983389031e+01,8.1007093312108083e+00,2.1178900715856397e+00,2.1178900715856397e+00,8.8422634496712345e+00,0.0000000000000000e+00,1.1952947983389031e+01,1.1952947983389031e+01,6.0402255325289325e+00,6.0402255325289325e+00,1.3278918042970991e+01,2.1178900715856397e+00,1.1952947983389031e+01,1.3278918042970991e+01,5.1474742222998868e+00,9.3685009936874841e-01,8.8422634496712345e+00,3.0118220129580449e+00,3.0118220129580449e+00,1.1952947983389031e+01,8.8422634496712345e+00,3.4824850869060322e+00,8.8422634496712345e+00,1.1952947983389031e+01,5.1474742222998868e+00,1.1952947983389031e+01,8.8422634496712345e+00,1.1952947983389031e+01,9.3685009936874841e-01,9.5772637398913467e+00,1.1638183974987973e+01,4.7100941981842563e+00,2.1178900715856397e+00,1.1638183974987973e+01,9.3685009936874841e-01,1.1952947983389031e+01,1.3385287704622662e+01,1.1638183974987973e+01,6.0402255325289325e+00,6.0402255325289325e+00,2.1178900715856397e+00,1.1638183974987973e+01,1.1638183974987973e+01,1.3278918042970991e+01,8.1007093312108083e+00,1.1952947983389031e+01,1.1952947983389031e+01,1.1638183974987973e+01,8.8422634496712345e+00,1.3278918042970991e+01,8.8422634496712345e+00,5.1474742222998868e+00,1.1952947983389031e+01,1.1952947983389031e+01,1.3385287704622662e+01,1.3278918042970991e+01,1.1952947983389031e+01,1.1952947983389031e+01,8.1007093312108083e+00,7.2888306255049278e+00,1.3385287704622662e+01,0.0000000000000000e+00,1.3278918042970991e+01,0.0000000000000000e+00,7.2888306255049278e+00,2.1178900715856397e+00,8.8422634496712345e+00,8.8422634496712345e+00,9.5772637398913467e+00,0.0000000000000000e+00,1.3385287704622662e+01,1.1952947983389031e+01,1.3385287704622662e+01,0.0000000000000000e+00,5.1474742222998868e+00,3.4824850869060322e+00,8.8422634496712345e+00,1.1638183974987973e+01,1.1638183974987973e+01,1.1638183974987973e+01,8.1007093312108083e+00,8.8422634496712345e+00,9.5772637398913467e+00,8.1007093312108083e+00,9.5772637398913467e+00,9.5772637398913467e+00,3.0118220129580449e+00,1.1952947983389031e+01,8.1007093312108083e+00,8.1007093312108083e+00,5.1474742222998868e+00,0.0000000000000000e+00,7.2888306255049278e+00,8.1007093312108083e+00,2.1178900715856397e+00,8.1007093312108083e+00,1.1952947983389031e+01,8.8422634496712345e+00,1.1952947983389031e+01,3.4824850869060322e+00,8.1007093312108083e+00,3.4824850869060322e+00,9.5772637398913467e+00,9.3685009936874841e-01,1.3278918042970991e+01,9.5772637398913467e+00,1.1952947983389031e+01,3.4824850869060322e+00,9.5772637398913467e+00,1.1952947983389031e+01,1.3385287704622662e+01,9.5772637398913467e+00,1.1952947983389031e+01,1.1952947983389031e+01,1.1952947983389031e+01,1.1952947983389031e+01,1.3385287704622662e+01,9.5772637398913467e+00,8.1007093312108083e+00,0.0000000000000000e+00,4.7100941981842563e+00,1.1952947983389031e+01,1.1638183974987973e+01,3.0118220129580449e+00,1.3278918042970991e+01,0.0000000000000000e+00,1.3278918042970991e+01,3.4824850869060322e+00,1.1638183974987973e+01,1.1952947983389031e+01,1.3385287704622662e+01,8.8422634496712345e+00,2.1178900715856397e+00,2.1178900715856397e+00,1.1952947983389031e+01,1.3278918042970991e+01,1.3278918042970991e+01,1.1638183974987973e+01,8.1007093312108083e+00,3.4824850869060322e+00,1.1638183974987973e+01,1.1638183974987973e+01,1.1952947983389031e+01,8.1007093312108083e+00,7.2888306255049278e+00,1.1638183974987973e+01,1.1952947983389031e+01,9.5772637398913467e+00,1.1952947983389031e+01,3.4824850869060322e+00,3.4824850869060322e+00,1.3278918042970991e+01,3.0118220129580449e+00,1.1638183974987973e+01,7.2888306255049278e+00,7.2888306255049278e+00,3.4824850869060322e+00,1.1952947983389031e+01,9.5772637398913467e+00,1.3385287704622662e+01,1.3385287704622662e+01,6.0402255325289325e+00,1.3385287704622662e+01,6.0402255325289325e+00,7.2888306255049278e+00,1.3385287704622662e+01,1.1952947983389031e+01,1.1638183974987973e+01,7.2888306255049278e+00,1.1638183974987973e+01,1.1952947983389031e+01,1.3385287704622662e+01,1.1952947983389031e+01,1.3278918042970991e+01,4.7100941981842563e+00,7.2888306255049278e+00,9.5772637398913467e+00,0.0000000000000000e+00,1.3278918042970991e+01,7.2888306255049278e+00,1.3278918042970991e+01,5.1474742222998868e+00,3.4824850869060322e+00,3.4824850869060322e+00,1.3278918042970991e+01,9.5772637398913467e+00,1.1952947983389031e+01,8.8422634496712345e+00,1.3278918042970991e+01,1.1952947983389031e+01,1.1952947983389031e+01,1.1952947983389031e+01,8.1007093312108083e+00,8.1007093312108083e+00,1.3278918042970991e+01,1.3385287704622662e+01,1.3385287704622662e+01,1.3385287704622662e+01,5.1474742222998868e+00,1.3278918042970991e+01,1.1952947983389031e+01,1.1638183974987973e+01,1.1952947983389031e+01,1.1952947983389031e+01,9.5772637398913467e+00,1.1952947983389031e+01,1.1952947983389031e+01,1.3385287704622662e+01,9.5772637398913467e+00,1.3385287704622662e+01,1.1952947983389031e+01,1.3278918042970991e+01,6.0402255325289325e+00,1.1638183974987973e+01,8.1007093312108083e+00,1.1952947983389031e+01,0.0000000000000000e+00,1.3278918042970991e+01,1.3278918042970991e+01,8.8422634496712345e+00,9.5772637398913467e+00,9.5772637398913467e+00,9.5772637398913467e+00,5.1474742222998868e+00,9.5772637398913467e+00,1.1952947983389031e+01,9.5772637398913467e+00,4.7100941981842563e+00,8.1007093312108083e+00,8.8422634496712345e+00,8.8422634496712345e+00,0.0000000000000000e+00,8.8422634496712345e+00,1.1638183974987973e+01,1.1638183974987973e+01,8.1007093312108083e+00,8.8422634496712345e+00,8.8422634496712345e+00,8.8422634496712345e+00,9.3685009936874841e-01,9.5772637398913467e+00,8.8422634496712345e+00,9.3685009936874841e-01,9.5772637398913467e+00,9.5772637398913467e+00,8.8422634496712345e+00,6.0402255325289325e+00,9.3685009936874841e-01,4.7100941981842563e+00,3.4824850869060322e+00,4.7100941981842563e+00,8.8422634496712345e+00,1.3278918042970991e+01,1.3278918042970991e+01,1.3385287704622662e+01,7.2888306255049278e+00,7.2888306255049278e+00,4.7100941981842563e+00,0.0000000000000000e+00,1.3278918042970991e+01,8.8422634496712345e+00,9.3685009936874841e-01,9.5772637398913467e+00,9.5772637398913467e+00,5.1474742222998868e+00,1.3278918042970991e+01,1.3278918042970991e+01,9.5772637398913467e+00,9.3685009936874841e-01,9.5772637398913467e+00,4.7100941981842563e+00,1.3278918042970991e+01,9.5772637398913467e+00,2.1178900715856397e+00,7.2888306255049278e+00,1.1638183974987973e+01,3.4824850869060322e+00,8.8422634496712345e+00,5.1474742222998868e+00,1.1952947983389031e+01,1.1952947983389031e+01,1.1952947983389031e+01,5.1474742222998868e+00,8.8422634496712345e+00,2.1178900715856397e+00,1.3385287704622662e+01,4.7100941981842563e+00,8.8422634496712345e+00,6.0402255325289325e+00,8.8422634496712345e+00,1.1952947983389031e+01,8.8422634496712345e+00,9.5772637398913467e+00,6.0402255325289325e+00,9.5772637398913467e+00,9.5772637398913467e+00,8.8422634496712345e+00,2.1178900715856397e+00,3.0118220129580449e+00,3.0118220129580449e+00,1.1952947983389031e+01,7.2888306255049278e+00,7.2888306255049278e+00,3.0118220129580449e+00,3.0118220129580449e+00,8.1007093312108083e+00,9.5772637398913467e+00,9.5772637398913467e+00,1.1952947983389031e+01,9.5772637398913467e+00,8.8422634496712345e+00,8.1007093312108083e+00,7.2888306255049278e+00,3.4824850869060322e+00,3.0118220129580449e+00,8.8422634496712345e+00,0.0000000000000000e+00,3.0118220129580449e+00,8.8422634496712345e+00,7.2888306255049278e+00,1.1952947983389031e+01,4.7100941981842563e+00,5.1474742222998868e+00,8.8422634496712345e+00,8.8422634496712345e+00,1.1638183974987973e+01,3.0118220129580449e+00,3.4824850869060322e+00,1.1952947983389031e+01,8.1007093312108083e+00,1.1952947983389031e+01,8.8422634496712345e+00,6.0402255325289325e+00,1.3385287704622662e+01,7.2888306255049278e+00,1.1952947983389031e+01,1.1638183974987973e+01,1.1638183974987973e+01,9.5772637398913467e+00,1.1952947983389031e+01,1.1952947983389031e+01,5.1474742222998868e+00,1.1952947983389031e+01,9.5772637398913467e+00,9.3685009936874841e-01,1.3278918042970991e+01,0.0000000000000000e+00,1.1952947983389031e+01,8.8422634496712345e+00,9.5772637398913467e+00,4.7100941981842563e+00,7.2888306255049278e+00,9.5772637398913467e+00,2.1178900715856397e+00,7.2888306255049278e+00,1.1952947983389031e+01,1.1952947983389031e+01,9.5772637398913467e+00,7.2888306255049278e+00,1.3278918042970991e+01,3.4824850869060322e+00,1.3278918042970991e+01,1.1638183974987973e+01,3.0118220129580449e+00,5.1474742222998868e+00,1.3385287704622662e+01,1.1952947983389031e+01,9.3685009936874841e-01,4.7100941981842563e+00,6.0402255325289325e+00,8.1007093312108083e+00,4.7100941981842563e+00,1.3278918042970991e+01,4.7100941981842563e+00,4.7100941981842563e+00,1.3385287704622662e+01,3.4824850869060322e+00,6.0402255325289325e+00,1.1952947983389031e+01,2.1178900715856397e+00,7.2888306255049278e+00,9.5772637398913467e+00,4.7100941981842563e+00,0.0000000000000000e+00,2.1178900715856397e+00,3.0118220129580449e+00,1.3385287704622662e+01,5.1474742222998868e+00,8.1007093312108083e+00,1.1638183974987973e+01,0.0000000000000000e+00,1.1952947983389031e+01,1.1952947983389031e+01,1.1952947983389031e+01,1.1638183974987973e+01,5.1474742222998868e+00,5.1474742222998868e+00,5.1474742222998868e+00,9.5772637398913467e+00,5.1474742222998868e+00,1.1952947983389031e+01,3.4824850869060322e+00,1.1952947983389031e+01,9.5772637398913467e+00,1.1952947983389031e+01,1.1952947983389031e+01,5.1474742222998868e+00,1.1952947983389031e+01,6.0402255325289325e+00,8.1007093312108083e+00,1.3278918042970991e+01,1.1952947983389031e+01,1.3278918042970991e+01,1.1638183974987973e+01,1.3278918042970991e+01,8.8422634496712345e+00,1.1952947983389031e+01,1.1952947983389031e+01,1.1952947983389031e+01,9.3685009936874841e-01,1.1638183974987973e+01,3.0118220129580449e+00,2.1178900715856397e+00,1.1952947983389031e+01,1.1952947983389031e+01,5.1474742222998868e+00,3.4824850869060322e+00,3.4824850869060322e+00,8.1007093312108083e+00,3.4824850869060322e+00,5.1474742222998868e+00,8.8422634496712345e+00,1.1952947983389031e+01,9.3685009936874841e-01,1.1952947983389031e+01,1.1638183974987973e+01,0.0000000000000000e+00,1.1952947983389031e+01,8.1007093312108083e+00,1.1952947983389031e+01,1.1952947983389031e+01,1.3385287704622662e+01,8.1007093312108083e+00,1.1952947983389031e+01,8.1007093312108083e+00,3.0118220129580449e+00,8.1007093312108083e+00,1.1952947983389031e+01,8.1007093312108083e+00,8.1007093312108083e+00,8.1007093312108083e+00,8.1007093312108083e+00,1.3278918042970991e+01,1.3278918042970991e+01,3.4824850869060322e+00,8.1007093312108083e+00,3.0118220129580449e+00,8.1007093312108083e+00,1.3278918042970991e+01,8.1007093312108083e+00,3.0118220129580449e+00,8.1007093312108083e+00,8.1007093312108083e+00,5.1474742222998868e+00,1.1638183974987973e+01,1.1952947983389031e+01,1.1952947983389031e+01,8.1007093312108083e+00,1.3278918042970991e+01,1.3278918042970991e+01,7.2888306255049278e+00,1.3278918042970991e+01,1.1638183974987973e+01,1.1952947983389031e+01,1.1638183974987973e+01,1.1638183974987973e+01,1.1638183974987973e+01,1.3278918042970991e+01,8.1007093312108083e+00,1.3278918042970991e+01,7.2888306255049278e+00,1.3385287704622662e+01,1.3278918042970991e+01,1.3278918042970991e+01,6.0402255325289325e+00,1.3278918042970991e+01,1.1638183974987973e+01,6.0402255325289325e+00,9.3685009936874841e-01,1.1952947983389031e+01,1.1638183974987973e+01,0.0000000000000000e+00,1.1952947983389031e+01,1.3385287704622662e+01,1.3278918042970991e+01,1.3278918042970991e+01,1.3278918042970991e+01,1.3385287704622662e+01,3.4824850869060322e+00,8.1007093312108083e+00,1.3278918042970991e+01,1.3278918042970991e+01,1.1638183974987973e+01,1.3385287704622662e+01,1.3278918042970991e+01,1.1952947983389031e+01,8.1007093312108083e+00,8.1007093312108083e+00,1.3278918042970991e+01,8.1007093312108083e+00,6.0402255325289325e+00,6.0402255325289325e+00,9.3685009936874841e-01,1.3278918042970991e+01,3.0118220129580449e+00,4.7100941981842563e+00,3.4824850869060322e+00,1.3278918042970991e+01,3.0118220129580449e+00,1.1638183974987973e+01,0.0000000000000000e+00,1.1638183974987973e+01,8.8422634496712345e+00,8.1007093312108083e+00,1.1638183974987973e+01,2.1178900715856397e+00,8.8422634496712345e+00,5.1474742222998868e+00,3.0118220129580449e+00,3.4824850869060322e+00,8.8422634496712345e+00,7.2888306255049278e+00,8.1007093312108083e+00,1.1638183974987973e+01,7.2888306255049278e+00,4.7100941981842563e+00,7.2888306255049278e+00,9.5772637398913467e+00,1.1638183974987973e+01,6.0402255325289325e+00,9.5772637398913467e+00,1.1638183974987973e+01,4.7100941981842563e+00,1.1638183974987973e+01,6.0402255325289325e+00,9.5772637398913467e+00,5.1474742222998868e+00,9.5772637398913467e+00,3.4824850869060322e+00,8.1007093312108083e+00,9.5772637398913467e+00,6.0402255325289325e+00,7.2888306255049278e+00,3.0118220129580449e+00,2.1178900715856397e+00,1.3278918042970991e+01,9.3685009936874841e-01,1.3278918042970991e+01,9.5772637398913467e+00,9.5772637398913467e+00,1.1638183974987973e+01,9.5772637398913467e+00,1.3278918042970991e+01,1.3385287704622662e+01,9.5772637398913467e+00,9.5772637398913467e+00,8.8422634496712345e+00,3.0118220129580449e+00,7.2888306255049278e+00,0.0000000000000000e+00,6.0402255325289325e+00,9.3685009936874841e-01,9.5772637398913467e+00,3.0118220129580449e+00,1.3278918042970991e+01,9.5772637398913467e+00,8.1007093312108083e+00,7.2888306255049278e+00,5.1474742222998868e+00,1.1952947983389031e+01,1.1952947983389031e+01,3.4824850869060322e+00,7.2888306255049278e+00,3.0118220129580449e+00,1.1952947983389031e+01,3.4824850869060322e+00,9.3685009936874841e-01,8.8422634496712345e+00,1.3278918042970991e+01,1.3278918042970991e+01,1.3278918042970991e+01,0.0000000000000000e+00,8.8422634496712345e+00,7.2888306255049278e+00,7.2888306255049278e+00,1.3278918042970991e+01,6.0402255325289325e+00,4.7100941981842563e+00,2.1178900715856397e+00,9.3685009936874841e-01,1.3278918042970991e+01,1.1638183974987973e+01,9.5772637398913467e+00,9.5772637398913467e+00,9.5772637398913467e+00,6.0402255325289325e+00,8.1007093312108083e+00,6.0402255325289325e+00,7.2888306255049278e+00,8.1007093312108083e+00,8.1007093312108083e+00,1.1952947983389031e+01,7.2888306255049278e+00,1.3278918042970991e+01,7.2888306255049278e+00,1.3385287704622662e+01,1.3385287704622662e+01,1.3278918042970991e+01,1.3278918042970991e+01,1.1952947983389031e+01,1.1638183974987973e+01,1.3385287704622662e+01,2.1178900715856397e+00,1.3385287704622662e+01,6.0402255325289325e+00,1.1952947983389031e+01,1.1952947983389031e+01,1.1638183974987973e+01,7.2888306255049278e+00,1.3385287704622662e+01,1.3385287704622662e+01,3.0118220129580449e+00,3.0118220129580449e+00,1.3385287704622662e+01,1.3385287704622662e+01,1.3385287704622662e+01,1.3385287704622662e+01,1.1952947983389031e+01,1.3385287704622662e+01,1.3385287704622662e+01,9.3685009936874841e-01,8.1007093312108083e+00,1.3385287704622662e+01,3.0118220129580449e+00,1.3278918042970991e+01,1.3278918042970991e+01,6.0402255325289325e+00,1.1952947983389031e+01,8.1007093312108083e+00,1.3278918042970991e+01,1.1638183974987973e+01,1.1952947983389031e+01,1.3385287704622662e+01,1.1952947983389031e+01,1.3278918042970991e+01,1.3278918042970991e+01,6.0402255325289325e+00,1.1952947983389031e+01,2.1178900715856397e+00,9.3685009936874841e-01,1.3385287704622662e+01,1.3278918042970991e+01,6.0402255325289325e+00,1.1638183974987973e+01,1.1638183974987973e+01,3.4824850869060322e+00,1.1638183974987973e+01,4.7100941981842563e+00,3.4824850869060322e+00,3.4824850869060322e+00,8.1007093312108083e+00,3.0118220129580449e+00,5.1474742222998868e+00,1.1638183974987973e+01,2.1178900715856397e+00,9.3685009936874841e-01,6.0402255325289325e+00,1.3278918042970991e+01,1.1638183974987973e+01,1.1952947983389031e+01,8.8422634496712345e+00,6.0402255325289325e+00,1.3385287704622662e+01,3.0118220129580449e+00,1.3385287704622662e+01,1.1638183974987973e+01,8.1007093312108083e+00,1.3278918042970991e+01,1.1952947983389031e+01,9.3685009936874841e-01,7.2888306255049278e+00,9.5772637398913467e+00,4.7100941981842563e+00,1.1952947983389031e+01,1.1952947983389031e+01,5.1474742222998868e+00,1.1638183974987973e+01,8.1007093312108083e+00,8.1007093312108083e+00,6.0402255325289325e+00,1.3385287704622662e+01,1.3385287704622662e+01,1.3385287704622662e+01,8.8422634496712345e+00,1.3385287704622662e+01,3.4824850869060322e+00,3.0118220129580449e+00,1.3385287704622662e+01,0.0000000000000000e+00,1.3385287704622662e+01,1.3385287704622662e+01,2.1178900715856397e+00,1.3278918042970991e+01,1.3278918042970991e+01,1.3278918042970991e+01,1.3278918042970991e+01,1.3278918042970991e+01,7.2888306255049278e+00,3.0118220129580449e+00,9.5772637398913467e+00,9.5772637398913467e+00,1.1638183974987973e+01,1.1638183974987973e+01,1.3385287704622662e+01,9.5772637398913467e+00,8.8422634496712345e+00,1.3278918042970991e+01,8.8422634496712345e+00,6.0402255325289325e+00,8.8422634496712345e+00,2.1178900715856397e+00,1.1638183974987973e+01,1.3385287704622662e+01,0.0000000000000000e+00,1.1638183974987973e+01,9.5772637398913467e+00,9.5772637398913467e+00,5.1474742222998868e+00,9.5772637398913467e+00,1.3278918042970991e+01,1.1952947983389031e+01,1.1952947983389031e+01,3.0118220129580449e+00,8.1007093312108083e+00,1.1638183974987973e+01,1.1638183974987973e+01,1.3278918042970991e+01,7.2888306255049278e+00,1.3278918042970991e+01,1.3278918042970991e+01,4.7100941981842563e+00,9.5772637398913467e+00,1.3278918042970991e+01,5.1474742222998868e+00,1.1952947983389031e+01,1.3278918042970991e+01,1.3385287704622662e+01,3.4824850869060322e+00,3.0118220129580449e+00,3.4824850869060322e+00,1.1638183974987973e+01,1.1638183974987973e+01,0.0000000000000000e+00,3.0118220129580449e+00,1.1638183974987973e+01,8.8422634496712345e+00,8.8422634496712345e+00,9.5772637398913467e+00,7.2888306255049278e+00,9.5772637398913467e+00,2.1178900715856397e+00,1.1952947983389031e+01,3.0118220129580449e+00,3.0118220129580449e+00,9.5772637398913467e+00,6.0402255325289325e+00,7.2888306255049278e+00,2.1178900715856397e+00,1.3385287704622662e+01,4.7100941981842563e+00,5.1474742222998868e+00,7.2888306255049278e+00,1.1952947983389031e+01,7.2888306255049278e+00,1.3278918042970991e+01,3.0118220129580449e+00,5.1474742222998868e+00,9.3685009936874841e-01,7.2888306255049278e+00,9.5772637398913467e+00,3.4824850869060322e+00,1.1952947983389031e+01,1.1952947983389031e+01,9.5772637398913467e+00,3.4824850869060322e+00,1.3278918042970991e+01,1.1638183974987973e+01,1.1952947983389031e+01,8.1007093312108083e+00,9.5772637398913467e+00,0.0000000000000000e+00,1.1952947983389031e+01,3.0118220129580449e+00,1.3385287704622662e+01,1.1952947983389031e+01,1.3385287704622662e+01,8.1007093312108083e+00,8.1007093312108083e+00,1.1952947983389031e+01,1.3385287704622662e+01,8.1007093312108083e+00,1.3278918042970991e+01,1.3385287704622662e+01,1.3385287704622662e+01,1.3278918042970991e+01,3.4824850869060322e+00,9.5772637398913467e+00,0.0000000000000000e+00,1.3278918042970991e+01,0.0000000000000000e+00,1.1952947983389031e+01,3.4824850869060322e+00,9.5772637398913467e+00,9.5772637398913467e+00,9.3685009936874841e-01,1.3278918042970991e+01,1.3278918042970991e+01,1.3278918042970991e+01,1.3278918042970991e+01,1.3385287704622662e+01,1.1638183974987973e+01,9.5772637398913467e+00,1.3278918042970991e+01,1.3385287704622662e+01,1.3385287704622662e+01,9.3685009936874841e-01,1.3278918042970991e+01,1.3385287704622662e+01,7.2888306255049278e+00,9.5772637398913467e+00,5.1474742222998868e+00,9.5772637398913467e+00,1.1952947983389031e+01,8.8422634496712345e+00,4.7100941981842563e+00,8.1007093312108083e+00,1.3278918042970991e+01,8.1007093312108083e+00,0.0000000000000000e+00,0.0000000000000000e+00,7.2888306255049278e+00,9.3685009936874841e-01,1.1952947983389031e+01,8.1007093312108083e+00,1.3278918042970991e+01,4.7100941981842563e+00,4.7100941981842563e+00,4.7100941981842563e+00,7.2888306255049278e+00,7.2888306255049278e+00,6.0402255325289325e+00,1.3278918042970991e+01,1.3278918042970991e+01,9.3685009936874841e-01,1.3278918042970991e+01,1.3278918042970991e+01,1.3278918042970991e+01,1.3278918042970991e+01,1.3278918042970991e+01,1.1638183974987973e+01,9.5772637398913467e+00,1.3385287704622662e+01,9.3685009936874841e-01,3.0118220129580449e+00,1.1952947983389031e+01,4.7100941981842563e+00,1.3385287704622662e+01,7.2888306255049278e+00,7.2888306255049278e+00,1.3385287704622662e+01,1.3278918042970991e+01,1.1952947983389031e+01,7.2888306255049278e+00,9.5772637398913467e+00,1.1952947983389031e+01,9.3685009936874841e-01,8.8422634496712345e+00,9.5772637398913467e+00,1.3278918042970991e+01,8.8422634496712345e+00,9.5772637398913467e+00,1.3278918042970991e+01,1.3278918042970991e+01,9.5772637398913467e+00,1.3278918042970991e+01,1.3278918042970991e+01,0.0000000000000000e+00,3.0118220129580449e+00,6.0402255325289325e+00,1.1952947983389031e+01,9.5772637398913467e+00,1.3278918042970991e+01,3.4824850869060322e+00,3.4824850869060322e+00,1.1952947983389031e+01,1.3385287704622662e+01,9.5772637398913467e+00,1.1952947983389031e+01,8.8422634496712345e+00
1.3133634233464900e+01,1.3133634233464900e+01,0.0000000000000000e+00,1.3133634233464900e+01,8.2339908409669000e+00,8.2339908409669000e+00,2.7165133643001900e+00,2.7165133643001900e+00,2.7165133643001900e+00,2.7165133643001900e+00,7.0554567079364974e+00,5.3807707399356586e+00,7.0554567079364974e+00,8.2339908409669000e+00,2.7165133643001900e+00,3.5408647193384031e+00,1.8419193608624174e+00,1.8419193608624174e+00,1.8419193608624174e+00,1.2122792966120311e+01,1.3133634233464900e+01,1.8419193608624174e+00,1.3133634233464900e+01,5.3807707399356586e+00,1.2122792966120311e+01,2.7165133643001900e+00,4.3059486885611857e+00,6.0871729196028355e+00,6.0871729196028355e+00,1.2122792966120311e+01,2.7165133643001900e+00,1.2122792966120311e+01,5.3807707399356586e+00,6.0871729196028355e+00,5.3807707399356586e+00,6.0871729196028355e+00,5.3807707399356586e+00,6.0871729196028355e+00,2.7165133643001900e+00,1.3133634233464900e+01,1.0167569197811265e+01,1.2122792966120311e+01,6.0871729196028355e+00,7.0554567079364974e+00,1.2122792966120311e+01,1.0167569197811265e+01,6.0871729196028355e+00,6.0871729196028355e+00,1.0167569197811265e+01,1.3133634233464900e+01,1.0167569197811265e+01,6.0871729196028355e+00,1.3133634233464900e+01,8.6136156046823906e+00,8.6136156046823906e+00,8.6136156046823906e+00,6.0871729196028355e+00,8.6136156046823906e+00,5.3807707399356586e+00,3.5408647193384031e+00,8.6136156046823906e+00,6.0871729196028355e+00,1.0167569197811265e+01,1.1518759439206624e+01,1.0167569197811265e+01,4.3059486885611857e+00,1.0167569197811265e+01,2.7165133643001900e+00,0.0000000000000000e+00,0.0000000000000000e+00,5.3807707399356586e+00,8.6136156046823906e+00,7.0554567079364974e+00,7.0554567079364974e+00,7.0554567079364974e+00,1.2122792966120311e+01,8.6136156046823906e+00,3.5408647193384031e+00,1.3133634233464900e+01,7.0554567079364974e+00,1.3133634233464900e+01,1.0167569197811265e+01,1.3133634233464900e+01,8.6136156046823906e+00,1.3133634233464900e+01,1.2270342402533494e+01,6.0871729196028355e+00,1.3133634233464900e+01,1.3133634233464900e+01,8.6136156046823906e+00,8.6136156046823906e+00,1.0167569197811265e+01,1.3133634233464900e+01,1.3133634233464900e+01,1.3133634233464900e+01,1.8419193608624174e+00,1.1518759439206624e+01,7.0554567079364974e+00,1.2270342402533494e+01,5.3807707399356586e+00,1.3133634233464900e+01,8.6136156046823906e+00,7.0554567079364974e+00,7.0554567079364974e+00,5.3807707399356586e+00,8.6136156046823906e+00,1.0167569197811265e+01,1.3133634233464900e+01,1.3133634233464900e+01,1.3133634233464900e+01,1.3133634233464900e+01,0.0000000000000000e+00,8.6136156046823906e+00,8.6136156046823906e+00,5.3807707399356586e+00,5.3807707399356586e+00,1.2270342402533494e+01,1.3133634233464900e+01,9.2079789708844728e-01,5.3807707399356586e+00,1.3133634233464900e+01,8.6136156046823906e+00,1.8419193608624174e+00,1.3133634233464900e+01,1.1518759439206624e+01,6.0871729196028355e+00,8.2339908409669000e+00,2.7165133643001900e+00,8.6136156046823906e+00,1.2122792966120311e+01,1.3133634233464900e+01,1.3133634233464900e+01,7.0554567079364974e+00,1.2122792966120311e+01,1.3133634233464900e+01,8.2339908409669000e+00,4.3059486885611857e+00,1.3133634233464900e+01,1.3133634233464900e+01,8.6136156046823906e+00,1.3133634233464900e+01,4.3059486885611857e+00,1.3133634233464900e+01,8.2339908409669000e+00,1.3133634233464900e+01,1.0167569197811265e+01,1.3133634233464900e+01,7.0554567079364974e+00,6.0871729196028355e+00,1.3133634233464900e+01,1.3133634233464900e+01,5.3807707399356586e+00,8.2339908409669000e+00,1.3133634233464900e+01,1.2270342402533494e+01,1.2270342402533494e+01,1.2270342402533494e+01,1.3133634233464900e+01,1.3133634233464900e+01,1.2270342402533494e+01,1.2270342402533494e+01,5.3807707399356586e+00,8.2339908409669000e+00,5.3807707399356586e+00,8.2339908409669000e+00,1.3133634233464900e+01,8.2339908409669000e+00,1.3133634233464900e+01,1.3133634233464900e+01,5.3807707399356586e+00,1.3133634233464900e+01,9.2079789708844728e-01,8.2339908409669000e+00,1.3133634233464900e+01,9.2079789708844728e-01,1.0167569197811265e+01,3.5408647193384031e+00,1.3133634233464900e+01,5.3807707399356586e+00,1.3133634233464900e+01,8.2339908409669000e+00,1.1518759439206624e+01,1.8419193608624174e+00,1.0167569197811265e+01,1.0167569197811265e+01,1.0167569197811265e+01,1.1518759439206624e+01,9.2079789708844728e-01,7.0554567079364974e+00,2.7165133643001900e+00,3.5408647193384031e+00,9.2079789708844728e-01,1.3133634233464900e+01,4.3059486885611857e+00,1.3133634233464900e+01,1.1518759439206624e+01,8.6136156046823906e+00,8.2339908409669000e+00,3.5408647193384031e+00,4.3059486885611857e+00,3.5408647193384031e+00,2.7165133643001900e+00,9.2079789708844728e-01,1.2122792966120311e+01,7.0554567079364974e+00,2.7165133643001900e+00,1.2122792966120311e+01,5.3807707399356586e+00,8.2339908409669000e+00,5.3807707399356586e+00,3.5408647193384031e+00,1.3133634233464900e+01,2.7165133643001900e+00,1.2270342402533494e+01,8.2339908409669000e+00,1.3133634233464900e+01,4.3059486885611857e+00,4.3059486885611857e+00,1.2270342402533494e+01,1.2270342402533494e+01,1.2270342402533494e+01,8.6136156046823906e+00,6.0871729196028355e+00,1.2270342402533494e+01,1.2270342402533494e+01,2.7165133643001900e+00,1.3133634233464900e+01,8.6136156046823906e+00,1.2270342402533494e+01,3.5408647193384031e+00,5.3807707399356586e+00,1.3133634233464900e+01,1.3133634233464900e+01,7.0554567079364974e+00,1.3133634233464900e+01,1.1518759439206624e+01,7.0554567079364974e+00,1.1518759439206624e+01,3.5408647193384031e+00,5.3807707399356586e+00,5.3807707399356586e+00,5.3807707399356586e+00,5.3807707399356586e+00,6.0871729196028355e+00,6.0871729196028355e+00,5.3807707399356586e+00,9.2079789708844728e-01,1.2122792966120311e+01,1.3133634233464900e+01,1.3133634233464900e+01,0.0000000000000000e+00,8.6136156046823906e+00,1.1518759439206624e+01,1.1518759439206624e+01,5.3807707399356586e+00,6.0871729196028355e+00,6.0871729196028355e+00,1.3133634233464900e+01,1.2270342402533494e+01,7.0554567079364974e+00,5.3807707399356586e+00,5.3807707399356586e+00,1.2122792966120311e+01,3.5408647193384031e+00,1.2122792966120311e+01,7.0554567079364974e+00,8.2339908409669000e+00,1.0167569197811265e+01,1.2122792966120311e+01,1.2270342402533494e+01,9.2079789708844728e-01,4.3059486885611857e+00,8.6136156046823906e+00,4.3059486885611857e+00,1.2122792966120311e+01,1.3133634233464900e+01,1.3133634233464900e+01,1.3133634233464900e+01,8.2339908409669000e+00,3.5408647193384031e+00,4.3059486885611857e+00,1.3133634233464900e+01,1.3133634233464900e+01,1.3133634233464900e+01,2.7165133643001900e+00,1.0167569197811265e+01,8.6136156046823906e+00,8.6136156046823906e+00,3.5408647193384031e+00,1.8419193608624174e+00,8.2339908409669000e+00,1.3133634233464900e+01,3.5408647193384031e+00,1.0167569197811265e+01,4.3059486885611857e+00,8.2339908409669000e+00,1.1518759439206624e+01,7.0554567079364974e+00,1.0167569197811265e+01,3.5408647193384031e+00,3.5408647193384031e+00,3.5408647193384031e+00,1.0167569197811265e+01,1.3133634233464900e+01,1.3133634233464900e+01,4.3059486885611857e+00,1.2270342402533494e+01,3.5408647193384031e+00,1.1518759439206624e+01,1.1518759439206624e+01,9.2079789708844728e-01,0.0000000000000000e+00,1.3133634233464900e+01,1.2122792966120311e+01,6.0871729196028355e+00,4.3059486885611857e+00,1.3133634233464900e+01,9.2079789708844728e-01,7.0554567079364974e+00,6.0871729196028355e+00,7.0554567079364974e+00,1.1518759439206624e+01,8.6136156046823906e+00,1.2122792966120311e+01,1.1518759439206624e+01,1.1518759439206624e+01,1.2122792966120311e+01,1.2122792966120311e+01,7.0554567079364974e+00,3.5408647193384031e+00,0.0000000000000000e+00,8.2339908409669000e+00,9.2079789708844728e-01,1.2122792966120311e+01,1.2122792966120311e+01,1.2122792966120311e+01,9.2079789708844728e-01,1.3133634233464900e+01,3.5408647193384031e+00,3.5408647193384031e+00,8.2339908409669000e+00,8.2339908409669000e+00,8.2339908409669000e+00,1.2270342402533494e+01,7.0554567079364974e+00,3.5408647193384031e+00,4.3059486885611857e+00,3.5408647193384031e+00,1.2270342402533494e+01,8.2339908409669000e+00,3.5408647193384031e+00,9.2079789708844728e-01,1.3133634233464900e+01,7.0554567079364974e+00,2.7165133643001900e+00,1.3133634233464900e+01,1.3133634233464900e+01,5.3807707399356586e+00,1.3133634233464900e+01,1.3133634233464900e+01,1.0167569197811265e+01,3.5408647193384031e+00,7.0554567079364974e+00,1.2270342402533494e+01,5.3807707399356586e+00,0.0000000000000000e+00,1.2270342402533494e+01,1.2270342402533494e+01,1.3133634233464900e+01,1.3133634233464900e+01,1.8419193608624174e+00,1.2270342402533494e+01,1.1518759439206624e+01,6.0871729196028355e+00,3.5408647193384031e+00,1.2270342402533494e+01,1.2270342402533494e+01,1.3133634233464900e+01,5.3807707399356586e+00,1.1518759439206624e+01,6.0871729196028355e+00,1.2122792966120311e+01,8.6136156046823906e+00,1.3133634233464900e+01,1.8419193608624174e+00,6.0871729196028355e+00,4.3059486885611857e+00,8.2339908409669000e+00,6.0871729196028355e+00,4.3059486885611857e+00,1.2122792966120311e+01,1.3133634233464900e+01,1.8419193608624174e+00,3.5408647193384031e+00,1.3133634233464900e+01,6.0871729196028355e+00,2.7165133643001900e+00,1.3133634233464900e+01,3.5408647193384031e+00,3.5408647193384031e+00,1.2270342402533494e+01,7.0554567079364974e+00,1.2122792966120311e+01,1.2122792966120311e+01,1.2270342402533494e+01,7.0554567079364974e+00,1.2270342402533494e+01,1.8419193608624174e+00,1.2270342402533494e+01,1.2122792966120311e+01,0.0000000000000000e+00,1.2270342402533494e+01,1.0167569197811265e+01,5.3807707399356586e+00,9.2079789708844728e-01,8.6136156046823906e+00,1.2270342402533494e+01,4.3059486885611857e+00,4.3059486885611857e+00,6.0871729196028355e+00,1.2270342402533494e+01,8.6136156046823906e+00,8.2339908409669000e+00,9.2079789708844728e-01,1.2270342402533494e+01,1.2122792966120311e+01,1.2270342402533494e+01,1.2270342402533494e+01,8.6136156046823906e+00,0.0000000000000000e+00,2.7165133643001900e+00,8.2339908409669000e+00,9.2079789708844728e-01,0.0000000000000000e+00,5.3807707399356586e+00,8.2339908409669000e+00,8.2339908409669000e+00,1.1518759439206624e+01,4.3059486885611857e+00,2.7165133643001900e+00,4.3059486885611857e+00,7.0554567079364974e+00,6.0871729196028355e+00,1.3133634233464900e+01,8.2339908409669000e+00,1.0167569197811265e+01,1.2122792966120311e+01,1.1518759439206624e+01,5.3807707399356586e+00,1.3133634233464900e+01,1.2270342402533494e+01,1.8419193608624174e+00,8.6136156046823906e+00,1.2270342402533494e+01,1.2122792966120311e+01,1.1518759439206624e+01,1.0167569197811265e+01,6.0871729196028355e+00,1.3133634233464900e+01,8.6136156046823906e+00,4.3059486885611857e+00,1.3133634233464900e+01,8.6136156046823906e+00,1.3133634233464900e+01,5.3807707399356586e+00,1.3133634233464900e+01,1.0167569197811265e+01,1.2270342402533494e+01,1.3133634233464900e+01,1.0167569197811265e+01,7.0554567079364974e+00,7.0554567079364974e+00,9.2079789708844728e-01,1.0167569197811265e+01,1.2270342402533494e+01,1.0167569197811265e+01,1.0167569197811265e+01,5.3807707399356586e+00,1.0167569197811265e+01,3.5408647193384031e+00,1.0167569197811265e+01,1.3133634233464900e+01,1.3133634233464900e+01,1.3133634233464900e+01,1.3133634233464900e+01,1.3133634233464900e+01,4.3059486885611857e+00,5.3807707399356586e+00,8.2339908409669000e+00,1.3133634233464900e+01,1.8419193608624174e+00,1.8419193608624174e+00,1.0167569197811265e+01,1.0167569197811265e+01,1.2122792966120311e+01,1.3133634233464900e+01,1.1518759439206624e+01,1.2270342402533494e+01,1.3133634233464900e+01,8.6136156046823906e+00,8.6136156046823906e+00,8.6136156046823906e+00,1.0167569197811265e+01,8.6136156046823906e+00,1.1518759439206624e+01,8.6136156046823906e+00,4.3059486885611857e+00,1.0167569197811265e+01,2.7165133643001900e+00,1.8419193608624174e+00,5.3807707399356586e+00,1.2122792966120311e+01,8.6136156046823906e+00,8.6136156046823906e+00,8.6136156046823906e+00,4.3059486885611857e+00,1.0167569197811265e+01,1.1518759439206624e+01,1.3133634233464900e+01,1.0167569197811265e+01,2.7165133643001900e+00,1.3133634233464900e+01,1.3133634233464900e+01,1.2270342402533494e+01,1.8419193608624174e+00,1.8419193608624174e+00,2.7165133643001900e+00,1.3133634233464900e+01,1.8419193608624174e+00,1.3133634233464900e+01,1.3133634233464900e+01,1.3133634233464900e+01,1.0167569197811265e+01,1.3133634233464900e+01,1.1518759439206624e+01,1.3133634233464900e+01,1.3133634233464900e+01,1.1518759439206624e+01,1.1518759439206624e+01,1.1518759439206624e+01,8.6136156046823906e+00,1.8419193608624174e+00,1.3133634233464900e+01,0.0000000000000000e+00,1.2122792966120311e+01,1.3133634233464900e+01,1.2122792966120311e+01,1.2270342402533494e+01,5.3807707399356586e+00,1.3133634233464900e+01,1.3133634233464900e+01,1.3133634233464900e+01,1.0167569197811265e+01,1.3133634233464900e+01,5.3807707399356586e+00,1.3133634233464900e+01,1.3133634233464900e+01,1.3133634233464900e+01,1.0167569197811265e+01,1.3133634233464900e+01,1.8419193608624174e+00,1.8419193608624174e+00,1.1518759439206624e+01,2.7165133643001900e+00,1.3133634233464900e+01,1.2122792966120311e+01,1.2122792966120311e+01,1.1518759439206624e+01,1.3133634233464900e+01,1.2122792966120311e+01,1.2122792966120311e+01,1.0167569197811265e+01,8.6136156046823906e+00,1.2270342402533494e+01,1.2122792966120311e+01,7.0554567079364974e+00,1.2270342402533494e+01,5.3807707399356586e+00,8.6136156046823906e+00,5.3807707399356586e+00,1.3133634233464900e+01,1.0167569197811265e+01,1.3133634233464900e+01,1.1518759439206624e+01,1.0167569197811265e+01,6.0871729196028355e+00,1.3133634233464900e+01,1.2270342402533494e+01,8.6136156046823906e+00,1.2270342402533494e+01,3.5408647193384031e+00,9.2079789708844728e-01,1.2122792966120311e+01,5.3807707399356586e+00,1.2122792966120311e+01,8.2339908409669000e+00,8.6136156046823906e+00,1.2122792966120311e+01,5.3807707399356586e+00,1.2122792966120311e+01,1.2122792966120311e+01,1.2270342402533494e+01,1.2122792966120311e+01,1.1518759439206624e+01,8.6136156046823906e+00,1.3133634233464900e+01,7.0554567079364974e+00,1.3133634233464900e+01,1.2270342402533494e+01,1.2270342402533494e+01,8.6136156046823906e+00,6.0871729196028355e+00,1.3133634233464900e+01,1.8419193608624174e+00,0.0000000000000000e+00,6.0871729196028355e+00,1.3133634233464900e+01,1.3133634233464900e+01,1.0167569197811265e+01,1.3133634233464900e+01,8.6136156046823906e+00,3.5408647193384031e+00,3.5408647193384031e+00,5.3807707399356586e+00,8.2339908409669000e+00,9.2079789708844728e-01,1.0167569197811265e+01,5.3807707399356586e+00,5.3807707399356586e+00,1.3133634233464900e+01,5.3807707399356586e+00,1.0167569197811265e+01,1.3133634233464900e+01,1.2122792966120311e+01,8.6136156046823906e+00,0.0000000000000000e+00,0.0000000000000000e+00,1.2270342402533494e+01,1.3133634233464900e+01,1.2122792966120311e+01,1.2122792966120311e+01,1.3133634233464900e+01,1.0167569197811265e+01,7.0554567079364974e+00,1.0167569197811265e+01,8.6136156046823906e+00,1.3133634233464900e+01,5.3807707399356586e+00,1.0167569197811265e+01,1.1518759439206624e+01,1.2122792966120311e+01,0.0000000000000000e+00,3.5408647193384031e+00,1.3133634233464900e+01,1.2122792966120311e+01,1.2122792966120311e+01,6.0871729196028355e+00,1.0167569197811265e+01,1.2270342402533494e+01,1.2270342402533494e+01,1.0167569197811265e+01,8.2339908409669000e+00,0.0000000000000000e+00,8.2339908409669000e+00,1.3133634233464900e+01,8.2339908409669000e+00,1.3133634233464900e+01,3.5408647193384031e+00,1.2270342402533494e+01,2.7165133643001900e+00,9.2079789708844728e-01,5.3807707399356586e+00,1.0167569197811265e+01,0.0000000000000000e+00,4.3059486885611857e+00,1.2122792966120311e+01,8.6136156046823906e+00,1.2122792966120311e+01,1.2122792966120311e+01,1.3133634233464900e+01,1.3133634233464900e+01,0.0000000000000000e+00,1.3133634233464900e+01,1.3133634233464900e+01,1.3133634233464900e+01,1.2122792966120311e+01,8.2339908409669000e+00,1.2122792966120311e+01,1.1518759439206624e+01,4.3059486885611857e+00,1.3133634233464900e+01,1.2270342402533494e+01,8.2339908409669000e+00,5.3807707399356586e+00,8.6136156046823906e+00,6.0871729196028355e+00,2.7165133643001900e+00,8.6136156046823906e+00,3.5408647193384031e+00,3.5408647193384031e+00,3.5408647193384031e+00,8.2339908409669000e+00,9.2079789708844728e-01,8.6136156046823906e+00,0.0000000000000000e+00,9.2079789708844728e-01,8.2339908409669000e+00,1.2270342402533494e+01,8.2339908409669000e+00,8.6136156046823906e+00,1.2270342402533494e+01,5.3807707399356586e+00,1.2270342402533494e+01,4.3059486885611857e+00,1.0167569197811265e+01,1.0167569197811265e+01,7.0554567079364974e+00,3.5408647193384031e+00,1.3133634233464900e+01,8.6136156046823906e+00,1.3133634233464900e+01,3.5408647193384031e+00,1.2270342402533494e+01,1.3133634233464900e+01,1.2122792966120311e+01,1.3133634233464900e+01,1.3133634233464900e+01,1.2270342402533494e+01,8.6136156046823906e+00,1.1518759439206624e+01,8.6136156046823906e+00,1.3133634233464900e+01,1.2270342402533494e+01,1.2122792966120311e+01,1.2270342402533494e+01,1.3133634233464900e+01,1.2270342402533494e+01,1.0167569197811265e+01,1.2270342402533494e+01,1.2270342402533494e+01,1.3133634233464900e+01,1.3133634233464900e+01,1.3133634233464900e+01,1.0167569197811265e+01,3.5408647193384031e+00,5.3807707399356586e+00,7.0554567079364974e+00,0.0000000000000000e+00,1.3133634233464900e+01,1.3133634233464900e+01,3.5408647193384031e+00,1.2270342402533494e+01,1.0167569197811265e+01,1.2122792966120311e+01,0.0000000000000000e+00,1.0167569197811265e+01,1.8419193608624174e+00,1.3133634233464900e+01,8.6136156046823906e+00,1.2270342402533494e+01,7.0554567079364974e+00,8.6136156046823906e+00,9.2079789708844728e-01,1.2122792966120311e+01,1.0167569197811265e+01,2.7165133643001900e+00,2.7165133643001900e+00,2.7165133643001900e+00,1.1518759439206624e+01,9.2079789708844728e-01,1.3133634233464900e+01,1.3133634233464900e+01,8.6136156046823906e+00,8.2339908409669000e+00,4.3059486885611857e+00,8.6136156046823906e+00,8.6136156046823906e+00,1.3133634233464900e+01,3.5408647193384031e+00,2.7165133643001900e+00,1.0167569197811265e+01,1.0167569197811265e+01,1.2270342402533494e+01,1.1518759439206624e+01,7.0554567079364974e+00,8.6136156046823906e+00,8.6136156046823906e+00,1.3133634233464900e+01,1.3133634233464900e+01,1.3133634233464900e+01,3.5408647193384031e+00,6.0871729196028355e+00,1.2270342402533494e+01,0.0000000000000000e+00,8.6136156046823906e+00,5.3807707399356586e+00,8.6136156046823906e+00,1.0167569197811265e+01,1.2122792966120311e+01,4.3059486885611857e+00,8.6136156046823906e+00,1.8419193608624174e+00,1.2270342402533494e+01,1.2122792966120311e+01,8.6136156046823906e+00,5.3807707399356586e+00,1.0167569197811265e+01,1.3133634233464900e+01,1.3133634233464900e+01,8.2339908409669000e+00,3.5408647193384031e+00,2.7165133643001900e+00,1.0167569197811265e+01,8.6136156046823906e+00,1.0167569197811265e+01,1.3133634233464900e+01,1.3133634233464900e+01,1.3133634233464900e+01,1.8419193608624174e+00,6.0871729196028355e+00,1.3133634233464900e+01,1.2122792966120311e+01,1.0167569197811265e+01,0.0000000000000000e+00,1.2270342402533494e+01,1.2270342402533494e+01,1.2122792966120311e+01,1.2270342402533494e+01,9.2079789708844728e-01,1.3133634233464900e+01,1.1518759439206624e+01,4.3059486885611857e+00,9.2079789708844728e-01,1.2122792966120311e+01,8.6136156046823906e+00,7.0554567079364974e+00,8.6136156046823906e+00,7.0554567079364974e+00,1.3133634233464900e+01,1.0167569197811265e+01,1.2270342402533494e+01,1.2122792966120311e+01,1.0167569197811265e+01,4.3059486885611857e+00,6.0871729196028355e+00,1.3133634233464900e+01,9.2079789708844728e-01,1.3133634233464900e+01,1.3133634233464900e+01,0.0000000000000000e+00,1.3133634233464900e+01,1.3133634233464900e+01,7.0554567079364974e+00,1.1518759439206624e+01,1.3133634233464900e+01,8.2339908409669000e+00,8.2339908409669000e+00,8.6136156046823906e+00,8.6136156046823906e+00,1.3133634233464900e+01,1.2122792966120311e+01,8.2339908409669000e+00,8.6136156046823906e+00,1.3133634233464900e+01,1.2122792966120311e+01,1.0167569197811265e+01,6.0871729196028355e+00,1.3133634233464900e+01,6.0871729196028355e+00,8.6136156046823906e+00,4.3059486885611857e+00,1.0167569197811265e+01,1.0167569197811265e+01,8.6136156046823906e+00,6.0871729196028355e+00,1.2270342402533494e+01,0.0000000000000000e+00,8.6136156046823906e+00,1.3133634233464900e+01,1.2270342402533494e+01,1.0167569197811265e+01,1.3133634233464900e+01,7.0554567079364974e+00,1.1518759439206624e+01,1.1518759439206624e+01,1.3133634233464900e+01,1.2270342402533494e+01,1.2122792966120311e+01,9.2079789708844728e-01,8.6136156046823906e+00,8.6136156046823906e+00,8.6136156046823906e+00,1.1518759439206624e+01,1.0167569197811265e+01,1.3133634233464900e+01,1.0167569197811265e+01,8.6136156046823906e+00,4.3059486885611857e+00,1.3133634233464900e+01,1.3133634233464900e+01,4.3059486885611857e+00,1.0167569197811265e+01,3.5408647193384031e+00,1.3133634233464900e+01,1.0167569197811265e+01,8.6136156046823906e+00,0.0000000000000000e+00,1.1518759439206624e+01,6.0871729196028355e+00,8.6136156046823906e+00,1.2122792966120311e+01,8.6136156046823906e+00,3.5408647193384031e+00,1.2270342402533494e+01,1.3133634233464900e+01,1.1518759439206624e+01,1.3133634233464900e+01,9.2079789708844728e-01,5.3807707399356586e+00,1.1518759439206624e+01,1.3133634233464900e+01,1.3133634233464900e+01,1.2270342402533494e+01,1.2270342402533494e+01,8.2339908409669000e+00,7.0554567079364974e+00,1.3133634233464900e+01,6.0871729196028355e+00,1.1518759439206624e+01,1.1518759439206624e+01,1.1518759439206624e+01,1.3133634233464900e+01,1.1518759439206624e+01,4.3059486885611857e+00,8.6136156046823906e+00,1.0167569197811265e+01,1.2270342402533494e+01,1.2270342402533494e+01,8.6136156046823906e+00,1.3133634233464900e+01,1.2270342402533494e+01,1.1518759439206624e+01,1.1518759439206624e+01,1.1518759439206624e+01,6.0871729196028355e+00,6.0871729196028355e+00,1.2270342402533494e+01,1.3133634233464900e+01,3.5408647193384031e+00,1.1518759439206624e+01,3.5408647193384031e+00,1.0167569197811265e+01,4.3059486885611857e+00,8.6136156046823906e+00,1.3133634233464900e+01,3.5408647193384031e+00,1.2122792966120311e+01,4.3059486885611857e+00,1.0167569197811265e+01,3.5408647193384031e+00,1.3133634233464900e+01,1.0167569197811265e+01,1.1518759439206624e+01,1.3133634233464900e+01,1.2270342402533494e+01,1.2270342402533494e+01,1.0167569197811265e+01,1.2270342402533494e+01,8.6136156046823906e+00,1.0167569197811265e+01,9.2079789708844728e-01,1.3133634233464900e+01,1.3133634233464900e+01,1.1518759439206624e+01,2.7165133643001900e+00,1.3133634233464900e+01,1.3133634233464900e+01,1.3133634233464900e+01,1.3133634233464900e+01,5.3807707399356586e+00,1.2122792966120311e+01,1.8419193608624174e+00,5.3807707399356586e+00,1.3133634233464900e+01,1.3133634233464900e+01,1.2122792966120311e+01,1.1518759439206624e+01,5.3807707399356586e+00,1.2122792966120311e+01,2.7165133643001900e+00,5.3807707399356586e+00,8.2339908409669000e+00,8.2339908409669000e+00,5.3807707399356586e+00,0.0000000000000000e+00,1.0167569197811265e+01,1.0167569197811265e+01,7.0554567079364974e+00,1.1518759439206624e+01,1.3133634233464900e+01
5.4476604497400434e+00,5.6395521775168742e+00,1.0001023462816457e+01,3.6595956788059700e+00,1.0563455737268331e+01,9.9296030974223477e+00,9.9296030974223477e+00,7.6644972600186634e+00,7.6644972600186634e+00,7.6644972600186634e+00,1.7879128631771484e+00,2.5019678302060684e+00,2.5019678302060684e+00,7.6644972600186634e+00,7.6644972600186634e+00,1.2875907453781828e+01,1.1989102589093434e+01,1.2875907453781828e+01,1.0001023462816457e+01,1.2875907453781828e+01,1.2875907453781828e+01,2.5019678302060684e+00,1.2875907453781828e+01,1.2875907453781828e+01,1.7879128631771484e+00,1.2875907453781828e+01,1.2875907453781828e+01,1.2875907453781828e+01,1.0001023462816457e+01,3.6595956788059700e+00,1.2875907453781828e+01,7.6644972600186634e+00,9.4469352914374560e-01,8.5859805443825685e+00,3.6595956788059700e+00,1.2875907453781828e+01,9.9296030974223477e+00,5.6395521775168742e+00,9.9296030974223477e+00,5.4476604497400434e+00,1.2875907453781828e+01,1.1989102589093434e+01,1.1989102589093434e+01,5.6395521775168742e+00,9.4469352914374560e-01,1.2875907453781828e+01,4.6505378232069292e+00,9.9296030974223477e+00,9.9296030974223477e+00,9.9296030974223477e+00,9.9296030974223477e+00,1.2875907453781828e+01,1.2875907453781828e+01,3.6595956788059700e+00,1.0563455737268331e+01,1.0563455737268331e+01,1.0563455737268331e+01,1.0563455737268331e+01,9.9296030974223477e+00,1.0563455737268331e+01,1.0563455737268331e+01,1.0563455737268331e+01,1.0563455737268331e+01,5.6395521775168742e+00,9.4469352914374560e-01,9.9296030974223477e+00,9.4469352914374560e-01,5.6395521775168742e+00,0.0000000000000000e+00,4.6505378232069292e+00,0.0000000000000000e+00,1.0563455737268331e+01,5.6395521775168742e+00,1.2875907453781828e+01,1.2875907453781828e+01,5.6395521775168742e+00,1.0001023462816457e+01,2.5019678302060684e+00,5.6395521775168742e+00,1.7879128631771484e+00,8.5859805443825685e+00,8.5859805443825685e+00,8.5859805443825685e+00,7.6644972600186634e+00,1.2875907453781828e+01,1.0563455737268331e+01,7.6644972600186634e+00,1.2875907453781828e+01,5.6395521775168742e+00,3.6595956788059700e+00,1.0001023462816457e+01,4.6505378232069292e+00,1.2875907453781828e+01,5.6395521775168742e+00,1.2875907453781828e+01,1.2875907453781828e+01,8.5859805443825685e+00,1.1989102589093434e+01,5.4476604497400434e+00,1.2875907453781828e+01,1.0563455737268331e+01,5.4476604497400434e+00,3.6595956788059700e+00,1.2875907453781828e+01,2.5019678302060684e+00,1.2875907453781828e+01,1.2875907453781828e+01,1.2875907453781828e+01,1.2875907453781828e+01,1.2875907453781828e+01,1.2875907453781828e+01,7.6644972600186634e+00,5.6395521775168742e+00,8.5859805443825685e+00,1.2875907453781828e+01,1.2875907453781828e+01,1.2875907453781828e+01,8.5859805443825685e+00,4.6505378232069292e+00,1.2875907453781828e+01,1.2875907453781828e+01,1.2875907453781828e+01,4.6505378232069292e+00,7.6644972600186634e+00,4.6505378232069292e+00,5.6395521775168742e+00,8.5859805443825685e+00,1.2875907453781828e+01,5.4476604497400434e+00,7.6644972600186634e+00,5.4476604497400434e+00,1.0001023462816457e+01,7.6644972600186634e+00,5.4476604497400434e+00,7.6644972600186634e+00,1.0001023462816457e+01,5.6395521775168742e+00,7.6644972600186634e+00,8.5859805443825685e+00,1.0001023462816457e+01,5.6395521775168742e+00,8.5859805443825685e+00,8.5859805443825685e+00,9.9296030974223477e+00,0.0000000000000000e+00,1.1989102589093434e+01,1.1989102589093434e+01,7.6644972600186634e+00,5.6395521775168742e+00,9.4469352914374560e-01,1.7879128631771484e+00,7.3081488440679063e+00,5.6395521775168742e+00,7.3081488440679063e+00,9.9296030974223477e+00,9.9296030974223477e+00,7.3081488440679063e+00,8.5859805443825685e+00,1.0001023462816457e+01,1.2875907453781828e+01,0.0000000000000000e+00,1.2875907453781828e+01,5.4476604497400434e+00,4.6505378232069292e+00,9.4469352914374560e-01,1.1989102589093434e+01,9.9296030974223477e+00,1.2875907453781828e+01,1.2875907453781828e+01,5.6395521775168742e+00,1.1989102589093434e+01,1.1989102589093434e+01,1.1989102589093434e+01,9.9296030974223477e+00,8.5859805443825685e+00,5.6395521775168742e+00,8.5859805443825685e+00,0.0000000000000000e+00,1.7879128631771484e+00,9.4469352914374560e-01,4.6505378232069292e+00,4.6505378232069292e+00,5.6395521775168742e+00,1.0001023462816457e+01,1.0001023462816457e+01,1.2875907453781828e+01,1.2875907453781828e+01,1.2875907453781828e+01,1.2875907453781828e+01,7.6644972600186634e+00,7.3081488440679063e+00,7.6644972600186634e+00,7.3081488440679063e+00,7.3081488440679063e+00,7.6644972600186634e+00,1.0563455737268331e+01,1.0563455737268331e+01,1.0563455737268331e+01,1.0001023462816457e+01,1.0563455737268331e+01,1.0001023462816457e+01,1.0563455737268331e+01,8.5859805443825685e+00,1.7879128631771484e+00,8.5859805443825685e+00,1.0563455737268331e+01,7.3081488440679063e+00,5.6395521775168742e+00,1.1989102589093434e+01,1.1989102589093434e+01,7.6644972600186634e+00,1.1989102589093434e+01,1.1989102589093434e+01,1.0001023462816457e+01,1.1989102589093434e+01,1.0563455737268331e+01,1.0563455737268331e+01,8.5859805443825685e+00,8.5859805443825685e+00,8.5859805443825685e+00,5.6395521775168742e+00,1.7879128631771484e+00,1.0563455737268331e+01,1.0001023462816457e+01,4.6505378232069292e+00,1.7879128631771484e+00,1.0001023462816457e+01,7.6644972600186634e+00,5.4476604497400434e+00,7.6644972600186634e+00,4.6505378232069292e+00,9.4469352914374560e-01,7.6644972600186634e+00,5.6395521775168742e+00,1.1989102589093434e+01,5.6395521775168742e+00,7.6644972600186634e+00,0.0000000000000000e+00,5.6395521775168742e+00,0.0000000000000000e+00,5.4476604497400434e+00,1.2875907453781828e+01,1.0563455737268331e+01,1.1989102589093434e+01,5.6395521775168742e+00,3.6595956788059700e+00,5.4476604497400434e+00,9.9296030974223477e+00,1.2875907453781828e+01,1.2875907453781828e+01,4.6505378232069292e+00,1.2875907453781828e+01,5.4476604497400434e+00,1.2875907453781828e+01,1.2875907453781828e+01,5.6395521775168742e+00,5.6395521775168742e+00,8.5859805443825685e+00,5.4476604497400434e+00,1.0001023462816457e+01,1.7879128631771484e+00,1.0001023462816457e+01,4.6505378232069292e+00,7.6644972600186634e+00,7.3081488440679063e+00,1.2875907453781828e+01,7.6644972600186634e+00,1.2875907453781828e+01,1.0563455737268331e+01,5.4476604497400434e+00,1.1989102589093434e+01,7.3081488440679063e+00,1.1989102589093434e+01,1.2875907453781828e+01,1.0563455737268331e+01,9.4469352914374560e-01,1.1989102589093434e+01,5.6395521775168742e+00,7.6644972600186634e+00,7.6644972600186634e+00,1.2875907453781828e+01,1.0563455737268331e+01,1.2875907453781828e+01,1.2875907453781828e+01,1.1989102589093434e+01,9.4469352914374560e-01,1.1989102589093434e+01,1.0563455737268331e+01,7.6644972600186634e+00,4.6505378232069292e+00,1.1989102589093434e+01,3.6595956788059700e+00,5.6395521775168742e+00,1.7879128631771484e+00,9.4469352914374560e-01,1.0001023462816457e+01,1.2875907453781828e+01,4.6505378232069292e+00,1.1989102589093434e+01,1.2875907453781828e+01,1.0563455737268331e+01,5.6395521775168742e+00,5.6395521775168742e+00,2.5019678302060684e+00,1.0563455737268331e+01,2.5019678302060684e+00,8.5859805443825685e+00,1.7879128631771484e+00,0.0000000000000000e+00,1.2875907453781828e+01,0.0000000000000000e+00,3.6595956788059700e+00,1.0563455737268331e+01,1.2875907453781828e+01,3.6595956788059700e+00,1.0563455737268331e+01,0.0000000000000000e+00,1.2875907453781828e+01,1.1989102589093434e+01,8.5859805443825685e+00,1.2875907453781828e+01,1.0001023462816457e+01,1.0563455737268331e+01,1.1989102589093434e+01,1.1989102589093434e+01,5.4476604497400434e+00,1.1989102589093434e+01,9.9296030974223477e+00,7.6644972600186634e+00,9.9296030974223477e+00,7.6644972600186634e+00,1.0563455737268331e+01,9.9296030974223477e+00,7.3081488440679063e+00,9.9296030974223477e+00,1.2875907453781828e+01,9.9296030974223477e+00,1.2875907453781828e+01,1.7879128631771484e+00,1.1989102589093434e+01,9.9296030974223477e+00,9.9296030974223477e+00,2.5019678302060684e+00,9.4469352914374560e-01,1.2875907453781828e+01,5.6395521775168742e+00,1.2875907453781828e+01,1.2875907453781828e+01,1.0001023462816457e+01,1.2875907453781828e+01,7.3081488440679063e+00,9.9296030974223477e+00,1.2875907453781828e+01,1.1989102589093434e+01,8.5859805443825685e+00,9.9296030974223477e+00,3.6595956788059700e+00,9.9296030974223477e+00,9.4469352914374560e-01,9.9296030974223477e+00,1.2875907453781828e+01,1.7879128631771484e+00,9.9296030974223477e+00,8.5859805443825685e+00,5.6395521775168742e+00,7.6644972600186634e+00,1.7879128631771484e+00,1.2875907453781828e+01,1.2875907453781828e+01,1.2875907453781828e+01,5.6395521775168742e+00,1.0001023462816457e+01,1.0001023462816457e+01,9.4469352914374560e-01,1.2875907453781828e+01,1.2875907453781828e+01,0.0000000000000000e+00,8.5859805443825685e+00,8.5859805443825685e+00,1.1989102589093434e+01,4.6505378232069292e+00,1.7879128631771484e+00,5.6395521775168742e+00,3.6595956788059700e+00,1.2875907453781828e+01,1.1989102589093434e+01,3.6595956788059700e+00,9.9296030974223477e+00,9.9296030974223477e+00,5.4476604497400434e+00,0.0000000000000000e+00,7.6644972600186634e+00,7.6644972600186634e+00,7.6644972600186634e+00,1.0001023462816457e+01,5.4476604497400434e+00,1.2875907453781828e+01,5.4476604497400434e+00,7.6644972600186634e+00,7.6644972600186634e+00,3.6595956788059700e+00,5.4476604497400434e+00,1.0001023462816457e+01,8.5859805443825685e+00,8.5859805443825685e+00,7.3081488440679063e+00,1.0001023462816457e+01,5.4476604497400434e+00,1.0001023462816457e+01,1.0001023462816457e+01,1.0001023462816457e+01,1.0001023462816457e+01,2.5019678302060684e+00,8.5859805443825685e+00,7.3081488440679063e+00,8.5859805443825685e+00,1.0001023462816457e+01,8.5859805443825685e+00,1.0001023462816457e+01,2.5019678302060684e+00,5.6395521775168742e+00,1.0001023462816457e+01,1.0001023462816457e+01,1.1989102589093434e+01,3.6595956788059700e+00,9.4469352914374560e-01,9.9296030974223477e+00,1.2875907453781828e+01,1.0563455737268331e+01,1.1989102589093434e+01,1.0001023462816457e+01,1.0001023462816457e+01,7.6644972600186634e+00,1.2875907453781828e+01,1.2875907453781828e+01,8.5859805443825685e+00,7.3081488440679063e+00,8.5859805443825685e+00,1.0563455737268331e+01,1.1989102589093434e+01,1.2875907453781828e+01,9.9296030974223477e+00,9.9296030974223477e+00,7.6644972600186634e+00,7.3081488440679063e+00,1.2875907453781828e+01,7.6644972600186634e+00,1.0001023462816457e+01,1.2875907453781828e+01,1.2875907453781828e+01,0.0000000000000000e+00,0.0000000000000000e+00,5.4476604497400434e+00,1.2875907453781828e+01,1.2875907453781828e+01,5.4476604497400434e+00,1.7879128631771484e+00,1.2875907453781828e+01,1.0563455737268331e+01,8.5859805443825685e+00,7.6644972600186634e+00,8.5859805443825685e+00,5.6395521775168742e+00,1.0563455737268331e+01,3.6595956788059700e+00,5.4476604497400434e+00,1.7879128631771484e+00,1.0001023462816457e+01,1.2875907453781828e+01,1.0001023462816457e+01,1.0563455737268331e+01,7.6644972600186634e+00,1.0563455737268331e+01,1.2875907453781828e+01,5.4476604497400434e+00,1.2875907453781828e+01,1.2875907453781828e+01,8.5859805443825685e+00,1.2875907453781828e+01,1.2875907453781828e+01,1.2875907453781828e+01,1.0001023462816457e+01,5.4476604497400434e+00,9.4469352914374560e-01,1.2875907453781828e+01,5.6395521775168742e+00,1.1989102589093434e+01,1.2875907453781828e+01,1.2875907453781828e+01,5.6395521775168742e+00,1.2875907453781828e+01,1.0001023462816457e+01,9.9296030974223477e+00,2.5019678302060684e+00,5.6395521775168742e+00,7.3081488440679063e+00,5.6395521775168742e+00,9.9296030974223477e+00,3.6595956788059700e+00,7.3081488440679063e+00,2.5019678302060684e+00,1.0001023462816457e+01,5.4476604497400434e+00,7.6644972600186634e+00,1.2875907453781828e+01,1.0563455737268331e+01,9.9296030974223477e+00,1.0563455737268331e+01,1.0563455737268331e+01,1.1989102589093434e+01,5.6395521775168742e+00,7.6644972600186634e+00,5.6395521775168742e+00,1.0563455737268331e+01,1.0563455737268331e+01,5.6395521775168742e+00,9.4469352914374560e-01,9.9296030974223477e+00,4.6505378232069292e+00,8.5859805443825685e+00,4.6505378232069292e+00,5.4476604497400434e+00,4.6505378232069292e+00,8.5859805443825685e+00,5.6395521775168742e+00,1.0563455737268331e+01,8.5859805443825685e+00,4.6505378232069292e+00,1.1989102589093434e+01,8.5859805443825685e+00,1.1989102589093434e+01,8.5859805443825685e+00,9.9296030974223477e+00,4.6505378232069292e+00,9.9296030974223477e+00,1.7879128631771484e+00,5.6395521775168742e+00,1.0563455737268331e+01,1.0563455737268331e+01,1.1989102589093434e+01,3.6595956788059700e+00,0.0000000000000000e+00,1.1989102589093434e+01,1.2875907453781828e+01,9.9296030974223477e+00,7.3081488440679063e+00,0.0000000000000000e+00,4.6505378232069292e+00,1.0563455737268331e+01,1.0563455737268331e+01,9.9296030974223477e+00,2.5019678302060684e+00,0.0000000000000000e+00,1.0001023462816457e+01,1.2875907453781828e+01,1.0563455737268331e+01,4.6505378232069292e+00,1.7879128631771484e+00,5.4476604497400434e+00,3.6595956788059700e+00,3.6595956788059700e+00,1.7879128631771484e+00,1.0001023462816457e+01,1.0001023462816457e+01,1.0001023462816457e+01,0.0000000000000000e+00,5.4476604497400434e+00,0.0000000000000000e+00,4.6505378232069292e+00,1.0001023462816457e+01,7.3081488440679063e+00,7.6644972600186634e+00,1.1989102589093434e+01,5.6395521775168742e+00,5.6395521775168742e+00,5.6395521775168742e+00,1.2875907453781828e+01,5.6395521775168742e+00,1.2875907453781828e+01,1.0563455737268331e+01,5.6395521775168742e+00,1.2875907453781828e+01,0.0000000000000000e+00,1.1989102589093434e+01,8.5859805443825685e+00,1.1989102589093434e+01,5.6395521775168742e+00,1.0563455737268331e+01,4.6505378232069292e+00,1.2875907453781828e+01,4.6505378232069292e+00,3.6595956788059700e+00,9.9296030974223477e+00,8.5859805443825685e+00,5.4476604497400434e+00,1.1989102589093434e+01,1.1989102589093434e+01,1.1989102589093434e+01,1.1989102589093434e+01,9.9296030974223477e+00,9.4469352914374560e-01,1.2875907453781828e+01,9.9296030974223477e+00,1.2875907453781828e+01,1.1989102589093434e+01,1.1989102589093434e+01,7.3081488440679063e+00,1.1989102589093434e+01,3.6595956788059700e+00,1.1989102589093434e+01,1.0001023462816457e+01,1.0001023462816457e+01,1.1989102589093434e+01,9.4469352914374560e-01,1.1989102589093434e+01,7.3081488440679063e+00,5.6395521775168742e+00,5.6395521775168742e+00,1.2875907453781828e+01,1.2875907453781828e+01,1.2875907453781828e+01,1.2875907453781828e+01,2.5019678302060684e+00,1.0563455737268331e+01,1.2875907453781828e+01,1.0001023462816457e+01,5.4476604497400434e+00,1.0563455737268331e+01,1.1989102589093434e+01,1.2875907453781828e+01,1.2875907453781828e+01,1.2875907453781828e+01,1.2875907453781828e+01,1.2875907453781828e+01,1.0001023462816457e+01,1.0563455737268331e+01,1.0001023462816457e+01,5.6395521775168742e+00,8.5859805443825685e+00,2.5019678302060684e+00,9.9296030974223477e+00,7.6644972600186634e+00,0.0000000000000000e+00,3.6595956788059700e+00,1.0563455737268331e+01,1.0001023462816457e+01,1.2875907453781828e+01,0.0000000000000000e+00,7.6644972600186634e+00,2.5019678302060684e+00,1.2875907453781828e+01,8.5859805443825685e+00,5.4476604497400434e+00,3.6595956788059700e+00,8.5859805443825685e+00,1.2875907453781828e+01,1.1989102589093434e+01,1.2875907453781828e+01,7.6644972600186634e+00,8.5859805443825685e+00,4.6505378232069292e+00,5.6395521775168742e+00,0.0000000000000000e+00,1.7879128631771484e+00,1.0001023462816457e+01,1.0001023462816457e+01,7.3081488440679063e+00,2.5019678302060684e+00,1.1989102589093434e+01,1.1989102589093434e+01,1.0001023462816457e+01,1.2875907453781828e+01,0.0000000000000000e+00,1.7879128631771484e+00,0.0000000000000000e+00,2.5019678302060684e+00,7.6644972600186634e+00,2.5019678302060684e+00,1.0001023462816457e+01,1.0001023462816457e+01,0.0000000000000000e+00,7.3081488440679063e+00,1.2875907453781828e+01,1.1989102589093434e+01,1.2875907453781828e+01,1.2875907453781828e+01,1.7879128631771484e+00,1.0563455737268331e+01,7.6644972600186634e+00,1.0001023462816457e+01,1.1989102589093434e+01,4.6505378232069292e+00,1.1989102589093434e+01,1.0563455737268331e+01,1.0001023462816457e+01,1.0563455737268331e+01,0.0000000000000000e+00,1.0563455737268331e+01,1.0563455737268331e+01,1.1989102589093434e+01,1.1989102589093434e+01,1.0563455737268331e+01,9.9296030974223477e+00,4.6505378232069292e+00,9.9296030974223477e+00,1.1989102589093434e+01,5.6395521775168742e+00,5.4476604497400434e+00,1.2875907453781828e+01,1.0001023462816457e+01,5.4476604497400434e+00,0.0000000000000000e+00,1.7879128631771484e+00,1.1989102589093434e+01,1.1989102589093434e+01,0.0000000000000000e+00,1.2875907453781828e+01,3.6595956788059700e+00,5.6395521775168742e+00,5.6395521775168742e+00,4.6505378232069292e+00,1.7879128631771484e+00,1.1989102589093434e+01,0.0000000000000000e+00,8.5859805443825685e+00,1.0563455737268331e+01,8.5859805443825685e+00,1.2875907453781828e+01,1.2875907453781828e+01,1.1989102589093434e+01,1.7879128631771484e+00,1.1989102589093434e+01,9.9296030974223477e+00,1.2875907453781828e+01,1.0001023462816457e+01,8.5859805443825685e+00,1.1989102589093434e+01,1.1989102589093434e+01,1.2875907453781828e+01,1.2875907453781828e+01,2.5019678302060684e+00,2.5019678302060684e+00,1.1989102589093434e+01,1.2875907453781828e+01,1.0563455737268331e+01,1.0563455737268331e+01,1.1989102589093434e+01,9.4469352914374560e-01,5.6395521775168742e+00,0.0000000000000000e+00,1.0563455737268331e+01,1.0563455737268331e+01,1.0563455737268331e+01,1.2875907453781828e+01,1.2875907453781828e+01,8.5859805443825685e+00,7.3081488440679063e+00,3.6595956788059700e+00,1.7879128631771484e+00,1.0563455737268331e+01,3.6595956788059700e+00,1.0001023462816457e+01,1.0563455737268331e+01,1.0001023462816457e+01,8.5859805443825685e+00,1.0001023462816457e+01,9.4469352914374560e-01,1.7879128631771484e+00,1.0001023462816457e+01,9.9296030974223477e+00,1.2875907453781828e+01,7.6644972600186634e+00,1.0001023462816457e+01,1.0001023462816457e+01,5.4476604497400434e+00,1.0563455737268331e+01,2.5019678302060684e+00,7.3081488440679063e+00,3.6595956788059700e+00,1.0001023462816457e+01,5.4476604497400434e+00,1.2875907453781828e+01,1.2875907453781828e+01,1.0001023462816457e+01,0.0000000000000000e+00,1.1989102589093434e+01,1.0001023462816457e+01,3.6595956788059700e+00,2.5019678302060684e+00,8.5859805443825685e+00,1.2875907453781828e+01,5.6395521775168742e+00,5.6395521775168742e+00,1.0001023462816457e+01,4.6505378232069292e+00,9.4469352914374560e-01,2.5019678302060684e+00,3.6595956788059700e+00,1.2875907453781828e+01,3.6595956788059700e+00,1.0001023462816457e+01,1.0563455737268331e+01,8.5859805443825685e+00,5.6395521775168742e+00,5.6395521775168742e+00,1.2875907453781828e+01,9.9296030974223477e+00,5.4476604497400434e+00,2.5019678302060684e+00,1.0563455737268331e+01,5.6395521775168742e+00,9.9296030974223477e+00,9.9296030974223477e+00,7.6644972600186634e+00,5.6395521775168742e+00,5.6395521775168742e+00,1.1989102589093434e+01,2.5019678302060684e+00,1.0001023462816457e+01,1.2875907453781828e+01,1.2875907453781828e+01,7.3081488440679063e+00,1.2875907453781828e+01,7.3081488440679063e+00,2.5019678302060684e+00,9.9296030974223477e+00,1.0563455737268331e+01,9.9296030974223477e+00,1.0563455737268331e+01,7.3081488440679063e+00,9.9296030974223477e+00,1.2875907453781828e+01,7.3081488440679063e+00,9.9296030974223477e+00,5.6395521775168742e+00,3.6595956788059700e+00,0.0000000000000000e+00,1.0001023462816457e+01,7.3081488440679063e+00,1.1989102589093434e+01,1.1989102589093434e+01,1.0001023462816457e+01,1.2875907453781828e+01,1.0563455737268331e+01,1.0563455737268331e+01,1.1989102589093434e+01,1.2875907453781828e+01,1.7879128631771484e+00,7.3081488440679063e+00,1.7879128631771484e+00,1.1989102589093434e+01,1.1989102589093434e+01,9.9296030974223477e+00,1.1989102589093434e+01,1.1989102589093434e+01,1.1989102589093434e+01,3.6595956788059700e+00,1.1989102589093434e+01,1.1989102589093434e+01,0.0000000000000000e+00,5.4476604497400434e+00,5.6395521775168742e+00,1.2875907453781828e+01,9.9296030974223477e+00,1.2875907453781828e+01,0.0000000000000000e+00,9.9296030974223477e+00,7.3081488440679063e+00,1.1989102589093434e+01,7.6644972600186634e+00,5.4476604497400434e+00,7.6644972600186634e+00,5.4476604497400434e+00,5.4476604497400434e+00,5.4476604497400434e+00,4.6505378232069292e+00,4.6505378232069292e+00,9.4469352914374560e-01,1.7879128631771484e+00,9.9296030974223477e+00,9.9296030974223477e+00,9.9296030974223477e+00,2.5019678302060684e+00,7.6644972600186634e+00,1.1989102589093434e+01,2.5019678302060684e+00,1.2875907453781828e+01,9.9296030974223477e+00,4.6505378232069292e+00,3.6595956788059700e+00,1.2875907453781828e+01,1.0563455737268331e+01,2.5019678302060684e+00,3.6595956788059700e+00,7.6644972600186634e+00,1.0001023462816457e+01,1.0001023462816457e+01,1.1989102589093434e+01,1.0563455737268331e+01,1.7879128631771484e+00,1.0563455737268331e+01,8.5859805443825685e+00,1.0001023462816457e+01,1.7879128631771484e+00,1.0001023462816457e+01,1.0001023462816457e+01,2.5019678302060684e+00,1.2875907453781828e+01,1.2875907453781828e+01,5.4476604497400434e+00,7.6644972600186634e+00,1.0001023462816457e+01,2.5019678302060684e+00,1.0563455737268331e+01,9.9296030974223477e+00,1.1989102589093434e+01,1.0001023462816457e+01,1.0001023462816457e+01,1.1989102589093434e+01,1.1989102589093434e+01,5.4476604497400434e+00,1.0001023462816457e+01,1.1989102589093434e+01,1.1989102589093434e+01,1.2875907453781828e+01,1.1989102589093434e+01,7.3081488440679063e+00,1.2875907453781828e+01,4.6505378232069292e+00,1.1989102589093434e+01,9.4469352914374560e-01,1.7879128631771484e+00,4.6505378232069292e+00,5.4476604497400434e+00,5.6395521775168742e+00,3.6595956788059700e+00,7.3081488440679063e+00,4.6505378232069292e+00,2.5019678302060684e+00,7.6644972600186634e+00,0.0000000000000000e+00,1.2875907453781828e+01,5.6395521775168742e+00,7.6644972600186634e+00,7.6644972600186634e+00,7.6644972600186634e+00,3.6595956788059700e+00,1.1989102589093434e+01,4.6505378232069292e+00,7.3081488440679063e+00,2.5019678302060684e+00,1.0563455737268331e+01,2.5019678302060684e+00,1.0563455737268331e+01,1.0001023462816457e+01,5.4476604497400434e+00,1.0001023462816457e+01,0.0000000000000000e+00,1.2875907453781828e+01,5.6395521775168742e+00,7.6644972600186634e+00,3.6595956788059700e+00,1.1989102589093434e+01,1.2875907453781828e+01,1.0001023462816457e+01,4.6505378232069292e+00,1.0001023462816457e+01,1.0001023462816457e+01,5.4476604497400434e+00,7.3081488440679063e+00,1.0001023462816457e+01,7.3081488440679063e+00,7.3081488440679063e+00,1.7879128631771484e+00,7.6644972600186634e+00,1.0001023462816457e+01,0.0000000000000000e+00,0.0000000000000000e+00,7.6644972600186634e+00,9.9296030974223477e+00,7.3081488440679063e+00,1.0563455737268331e+01,1.2875907453781828e+01,1.1989102589093434e+01,1.2875907453781828e+01,3.6595956788059700e+00,1.0001023462816457e+01,1.1989102589093434e+01,1.2875907453781828e+01,8.5859805443825685e+00,4.6505378232069292e+00,7.3081488440679063e+00,1.0563455737268331e+01,1.1989102589093434e+01,1.2875907453781828e+01,7.6644972600186634e+00,9.4469352914374560e-01,5.4476604497400434e+00,1.0563455737268331e+01,9.9296030974223477e+00
1.0847511539367236e+01,9.5071797714129556e+00,9.5071797714129556e+00,3.7904639584797484e+00,8.0633661436020514e+00,8.0633661436020514e+00,8.0633661436020514e+00,8.0633661436020514e+00,9.5071797714129556e+00,9.1979051505054521e-01,5.7690639541185122e+00,9.5071797714129556e+00,7.2318309911829823e+00,0.0000000000000000e+00,3.7904639584797484e+00,3.7904639584797484e+00,1.0847511539367236e+01,2.6360914875309969e+00,8.0633661436020514e+00,0.0000000000000000e+00,8.0633661436020514e+00,8.0633661436020514e+00,7.2318309911829823e+00,1.0847511539367236e+01,8.0633661436020514e+00,5.3712515634715139e+00,8.0633661436020514e+00,7.2318309911829823e+00,8.0633661436020514e+00,2.6360914875309969e+00,5.3712515634715139e+00,1.7561369915499103e+00,5.3712515634715139e+00,8.0633661436020514e+00,7.2318309911829823e+00,5.3712515634715139e+00,7.2318309911829823e+00,2.6360914875309969e+00,1.7561369915499103e+00,7.2318309911829823e+00,1.3654941084940171e+01,1.3654941084940171e+01,4.1235935649148923e+00,3.7904639584797484e+00,1.3654941084940171e+01,8.0633661436020514e+00,3.7904639584797484e+00,1.1986435696322161e+01,1.1986435696322161e+01,1.1986435696322161e+01,1.2021475770518274e+01,1.7561369915499103e+00,9.5071797714129556e+00,8.4993532606551945e+00,7.2318309911829823e+00,4.1235935649148923e+00,1.3654941084940171e+01,5.3712515634715139e+00,5.3712515634715139e+00,1.2021475770518274e+01,9.1979051505054521e-01,0.0000000000000000e+00,1.3654941084940171e+01,1.2021475770518274e+01,1.1986435696322161e+01,8.0633661436020514e+00,3.7904639584797484e+00,1.3654941084940171e+01,1.3654941084940171e+01,1.3654941084940171e+01,1.1986435696322161e+01,1.1986435696322161e+01,1.3654941084940171e+01,1.3654941084940171e+01,5.7690639541185122e+00,5.3712515634715139e+00,1.3654941084940171e+01,1.3654941084940171e+01,1.3654941084940171e+01,1.3654941084940171e+01,1.2021475770518274e+01,1.2021475770518274e+01,1.3654941084940171e+01,1.3654941084940171e+01,1.0847511539367236e+01,1.0847511539367236e+01,3.7904639584797484e+00,9.5071797714129556e+00,1.2021475770518274e+01,1.3654941084940171e+01,5.7690639541185122e+00,9.1979051505054521e-01,1.3654941084940171e+01,8.4993532606551945e+00,1.0847511539367236e+01,1.0847511539367236e+01,1.3654941084940171e+01,1.3654941084940171e+01,1.3654941084940171e+01,1.0847511539367236e+01,5.7690639541185122e+00,1.7561369915499103e+00,3.7904639584797484e+00,7.2318309911829823e+00,1.1986435696322161e+01,1.2021475770518274e+01,8.4993532606551945e+00,1.3654941084940171e+01,1.3654941084940171e+01,5.3712515634715139e+00,1.1986435696322161e+01,4.1235935649148923e+00,1.0847511539367236e+01,8.0633661436020514e+00,1.0847511539367236e+01,4.1235935649148923e+00,2.6360914875309969e+00,7.2318309911829823e+00,2.6360914875309969e+00,1.2021475770518274e+01,1.0847511539367236e+01,1.2021475770518274e+01,1.2021475770518274e+01,1.3654941084940171e+01,1.0847511539367236e+01,1.0847511539367236e+01,2.6360914875309969e+00,9.5071797714129556e+00,9.5071797714129556e+00,1.2021475770518274e+01,2.6360914875309969e+00,5.7690639541185122e+00,9.5071797714129556e+00,1.1986435696322161e+01,2.6360914875309969e+00,5.7690639541185122e+00,1.0847511539367236e+01,2.6360914875309969e+00,2.6360914875309969e+00,8.4993532606551945e+00,1.2021475770518274e+01,1.2021475770518274e+01,7.2318309911829823e+00,1.3654941084940171e+01,1.0847511539367236e+01,0.0000000000000000e+00,1.7561369915499103e+00,4.1235935649148923e+00,1.2021475770518274e+01,0.0000000000000000e+00,1.2021475770518274e+01,8.4993532606551945e+00,9.1979051505054521e-01,4.1235935649148923e+00,4.1235935649148923e+00,1.0847511539367236e+01,1.0847511539367236e+01,4.1235935649148923e+00,1.3654941084940171e+01,1.0847511539367236e+01,2.6360914875309969e+00,2.6360914875309969e+00,9.1979051505054521e-01,7.2318309911829823e+00,2.6360914875309969e+00,7.2318309911829823e+00,1.0847511539367236e+01,2.6360914875309969e+00,7.2318309911829823e+00,4.1235935649148923e+00,7.2318309911829823e+00,8.0633661436020514e+00,1.3654941084940171e+01,1.0847511539367236e+01,9.1979051505054521e-01,2.6360914875309969e+00,1.3654941084940171e+01,8.0633661436020514e+00,1.1986435696322161e+01,1.1986435696322161e+01,1.3654941084940171e+01,1.2021475770518274e+01,5.7690639541185122e+00,9.5071797714129556e+00,1.0847511539367236e+01,1.2021475770518274e+01,1.3654941084940171e+01,1.3654941084940171e+01,1.2021475770518274e+01,1.2021475770518274e+01,1.3654941084940171e+01,3.7904639584797484e+00,1.0847511539367236e+01,5.7690639541185122e+00,4.1235935649148923e+00,5.7690639541185122e+00,9.1979051505054521e-01,7.2318309911829823e+00,4.1235935649148923e+00,7.2318309911829823e+00,9.5071797714129556e+00,8.0633661436020514e+00,1.0847511539367236e+01,7.2318309911829823e+00,7.2318309911829823e+00,1.1986435696322161e+01,2.6360914875309969e+00,8.4993532606551945e+00,1.2021475770518274e+01,8.0633661436020514e+00,1.3654941084940171e+01,1.3654941084940171e+01,9.5071797714129556e+00,4.1235935649148923e+00,5.7690639541185122e+00,8.4993532606551945e+00,2.6360914875309969e+00,2.6360914875309969e+00,9.5071797714129556e+00,1.2021475770518274e+01,1.1986435696322161e+01,1.2021475770518274e+01,1.2021475770518274e+01,4.1235935649148923e+00,2.6360914875309969e+00,9.1979051505054521e-01,2.6360914875309969e+00,4.1235935649148923e+00,1.1986435696322161e+01,8.0633661436020514e+00,1.0847511539367236e+01,0.0000000000000000e+00,1.2021475770518274e+01,1.3654941084940171e+01,1.2021475770518274e+01,1.1986435696322161e+01,3.7904639584797484e+00,1.2021475770518274e+01,1.2021475770518274e+01,5.7690639541185122e+00,8.0633661436020514e+00,1.3654941084940171e+01,3.7904639584797484e+00,5.7690639541185122e+00,1.3654941084940171e+01,1.2021475770518274e+01,1.3654941084940171e+01,9.1979051505054521e-01,1.1986435696322161e+01,1.2021475770518274e+01,1.2021475770518274e+01,1.2021475770518274e+01,8.0633661436020514e+00,8.0633661436020514e+00,1.2021475770518274e+01,1.2021475770518274e+01,8.0633661436020514e+00,2.6360914875309969e+00,9.1979051505054521e-01,3.7904639584797484e+00,1.2021475770518274e+01,1.2021475770518274e+01,1.0847511539367236e+01,1.3654941084940171e+01,1.1986435696322161e+01,1.3654941084940171e+01,1.1986435696322161e+01,1.2021475770518274e+01,8.0633661436020514e+00,1.2021475770518274e+01,1.2021475770518274e+01,1.2021475770518274e+01,1.2021475770518274e+01,1.2021475770518274e+01,8.0633661436020514e+00,2.6360914875309969e+00,5.7690639541185122e+00,1.3654941084940171e+01,1.3654941084940171e+01,2.6360914875309969e+00,5.3712515634715139e+00,1.0847511539367236e+01,1.2021475770518274e+01,0.0000000000000000e+00,0.0000000000000000e+00,1.0847511539367236e+01,5.7690639541185122e+00,5.3712515634715139e+00,1.2021475770518274e+01,1.1986435696322161e+01,1.3654941084940171e+01,2.6360914875309969e+00,0.0000000000000000e+00,8.0633661436020514e+00,1.0847511539367236e+01,9.5071797714129556e+00,1.0847511539367236e+01,4.1235935649148923e+00,7.2318309911829823e+00,1.7561369915499103e+00,1.3654941084940171e+01,8.0633661436020514e+00,2.6360914875309969e+00,1.2021475770518274e+01,8.4993532606551945e+00,8.4993532606551945e+00,1.3654941084940171e+01,8.4993532606551945e+00,5.3712515634715139e+00,9.5071797714129556e+00,0.0000000000000000e+00,3.7904639584797484e+00,1.0847511539367236e+01,4.1235935649148923e+00,4.1235935649148923e+00,3.7904639584797484e+00,5.7690639541185122e+00,8.0633661436020514e+00,5.7690639541185122e+00,1.3654941084940171e+01,8.0633661436020514e+00,1.3654941084940171e+01,9.5071797714129556e+00,9.5071797714129556e+00,1.0847511539367236e+01,8.0633661436020514e+00,9.5071797714129556e+00,3.7904639584797484e+00,8.0633661436020514e+00,0.0000000000000000e+00,9.5071797714129556e+00,9.5071797714129556e+00,0.0000000000000000e+00,8.4993532606551945e+00,9.5071797714129556e+00,5.3712515634715139e+00,4.1235935649148923e+00,1.1986435696322161e+01,1.3654941084940171e+01,1.3654941084940171e+01,9.5071797714129556e+00,1.3654941084940171e+01,5.3712515634715139e+00,1.1986435696322161e+01,1.1986435696322161e+01,4.1235935649148923e+00,1.1986435696322161e+01,1.1986435696322161e+01,1.1986435696322161e+01,9.1979051505054521e-01,5.7690639541185122e+00,3.7904639584797484e+00,1.0847511539367236e+01,5.3712515634715139e+00,5.7690639541185122e+00,0.0000000000000000e+00,1.3654941084940171e+01,1.0847511539367236e+01,5.3712515634715139e+00,1.7561369915499103e+00,8.0633661436020514e+00,1.0847511539367236e+01,2.6360914875309969e+00,1.3654941084940171e+01,1.3654941084940171e+01,3.7904639584797484e+00,7.2318309911829823e+00,1.2021475770518274e+01,1.1986435696322161e+01,1.2021475770518274e+01,1.0847511539367236e+01,1.3654941084940171e+01,1.2021475770518274e+01,1.2021475770518274e+01,7.2318309911829823e+00,5.7690639541185122e+00,5.7690639541185122e+00,1.2021475770518274e+01,0.0000000000000000e+00,1.2021475770518274e+01,1.3654941084940171e+01,3.7904639584797484e+00,0.0000000000000000e+00,5.7690639541185122e+00,9.1979051505054521e-01,7.2318309911829823e+00,1.1986435696322161e+01,1.1986435696322161e+01,1.7561369915499103e+00,1.3654941084940171e+01,1.1986435696322161e+01,0.0000000000000000e+00,1.1986435696322161e+01,1.2021475770518274e+01,1.1986435696322161e+01,3.7904639584797484e+00,1.3654941084940171e+01,5.7690639541185122e+00,1.2021475770518274e+01,7.2318309911829823e+00,5.7690639541185122e+00,1.0847511539367236e+01,8.4993532606551945e+00,1.1986435696322161e+01,1.0847511539367236e+01,1.1986435696322161e+01,3.7904639584797484e+00,1.3654941084940171e+01,9.5071797714129556e+00,7.2318309911829823e+00,9.5071797714129556e+00,1.0847511539367236e+01,1.2021475770518274e+01,8.0633661436020514e+00,1.3654941084940171e+01,1.1986435696322161e+01,1.0847511539367236e+01,1.3654941084940171e+01,4.1235935649148923e+00,9.5071797714129556e+00,9.5071797714129556e+00,1.0847511539367236e+01,8.4993532606551945e+00,1.0847511539367236e+01,9.1979051505054521e-01,8.4993532606551945e+00,1.0847511539367236e+01,8.4993532606551945e+00,8.0633661436020514e+00,9.5071797714129556e+00,1.0847511539367236e+01,8.0633661436020514e+00,9.5071797714129556e+00,5.3712515634715139e+00,1.3654941084940171e+01,1.3654941084940171e+01,1.1986435696322161e+01,1.1986435696322161e+01,8.0633661436020514e+00,1.3654941084940171e+01,1.0847511539367236e+01,9.5071797714129556e+00,7.2318309911829823e+00,2.6360914875309969e+00,0.0000000000000000e+00,9.5071797714129556e+00,1.3654941084940171e+01,1.2021475770518274e+01,8.0633661436020514e+00,3.7904639584797484e+00,9.5071797714129556e+00,1.7561369915499103e+00,3.7904639584797484e+00,5.3712515634715139e+00,1.0847511539367236e+01,0.0000000000000000e+00,8.0633661436020514e+00,8.4993532606551945e+00,7.2318309911829823e+00,8.0633661436020514e+00,5.3712515634715139e+00,1.1986435696322161e+01,1.1986435696322161e+01,7.2318309911829823e+00,1.2021475770518274e+01,8.4993532606551945e+00,1.1986435696322161e+01,9.5071797714129556e+00,8.4993532606551945e+00,8.4993532606551945e+00,0.0000000000000000e+00,3.7904639584797484e+00,1.3654941084940171e+01,9.5071797714129556e+00,8.4993532606551945e+00,1.0847511539367236e+01,8.4993532606551945e+00,3.7904639584797484e+00,8.4993532606551945e+00,8.4993532606551945e+00,1.0847511539367236e+01,5.7690639541185122e+00,1.0847511539367236e+01,1.1986435696322161e+01,1.2021475770518274e+01,9.5071797714129556e+00,8.0633661436020514e+00,1.1986435696322161e+01,1.3654941084940171e+01,1.2021475770518274e+01,1.2021475770518274e+01,9.1979051505054521e-01,1.2021475770518274e+01,9.1979051505054521e-01,1.2021475770518274e+01,5.3712515634715139e+00,1.2021475770518274e+01,1.1986435696322161e+01,1.2021475770518274e+01,1.0847511539367236e+01,1.7561369915499103e+00,1.0847511539367236e+01,1.2021475770518274e+01,1.0847511539367236e+01,1.0847511539367236e+01,1.0847511539367236e+01,1.3654941084940171e+01,7.2318309911829823e+00,7.2318309911829823e+00,4.1235935649148923e+00,1.2021475770518274e+01,8.0633661436020514e+00,8.4993532606551945e+00,9.1979051505054521e-01,1.1986435696322161e+01,8.4993532606551945e+00,8.4993532606551945e+00,8.4993532606551945e+00,1.0847511539367236e+01,8.4993532606551945e+00,1.0847511539367236e+01,8.4993532606551945e+00,4.1235935649148923e+00,1.1986435696322161e+01,1.3654941084940171e+01,1.3654941084940171e+01,1.1986435696322161e+01,1.7561369915499103e+00,1.2021475770518274e+01,1.1986435696322161e+01,8.4993532606551945e+00,1.3654941084940171e+01,1.3654941084940171e+01,1.1986435696322161e+01,1.1986435696322161e+01,8.0633661436020514e+00,1.2021475770518274e+01,1.2021475770518274e+01,8.0633661436020514e+00,2.6360914875309969e+00,1.7561369915499103e+00,3.7904639584797484e+00,5.3712515634715139e+00,1.3654941084940171e+01,5.7690639541185122e+00,1.1986435696322161e+01,2.6360914875309969e+00,9.5071797714129556e+00,2.6360914875309969e+00,1.0847511539367236e+01,9.5071797714129556e+00,2.6360914875309969e+00,1.2021475770518274e+01,8.0633661436020514e+00,7.2318309911829823e+00,8.0633661436020514e+00,1.1986435696322161e+01,8.4993532606551945e+00,5.3712515634715139e+00,1.1986435696322161e+01,9.1979051505054521e-01,5.7690639541185122e+00,1.3654941084940171e+01,8.0633661436020514e+00,7.2318309911829823e+00,8.0633661436020514e+00,4.1235935649148923e+00,5.3712515634715139e+00,9.5071797714129556e+00,0.0000000000000000e+00,9.5071797714129556e+00,0.0000000000000000e+00,8.0633661436020514e+00,1.2021475770518274e+01,8.0633661436020514e+00,9.5071797714129556e+00,5.3712515634715139e+00,1.3654941084940171e+01,5.3712515634715139e+00,1.2021475770518274e+01,7.2318309911829823e+00,1.3654941084940171e+01,1.3654941084940171e+01,1.2021475770518274e+01,7.2318309911829823e+00,5.3712515634715139e+00,8.0633661436020514e+00,8.0633661436020514e+00,5.3712515634715139e+00,1.3654941084940171e+01,1.3654941084940171e+01,1.3654941084940171e+01,9.5071797714129556e+00,5.7690639541185122e+00,1.0847511539367236e+01,0.0000000000000000e+00,1.3654941084940171e+01,1.3654941084940171e+01,0.0000000000000000e+00,1.1986435696322161e+01,1.3654941084940171e+01,2.6360914875309969e+00,1.3654941084940171e+01,1.3654941084940171e+01,5.7690639541185122e+00,1.2021475770518274e+01,1.3654941084940171e+01,8.4993532606551945e+00,9.5071797714129556e+00,1.1986435696322161e+01,1.1986435696322161e+01,1.7561369915499103e+00,5.3712515634715139e+00,3.7904639584797484e+00,1.2021475770518274e+01,1.1986435696322161e+01,1.2021475770518274e+01,4.1235935649148923e+00,3.7904639584797484e+00,9.5071797714129556e+00,7.2318309911829823e+00,9.5071797714129556e+00,2.6360914875309969e+00,1.3654941084940171e+01,1.2021475770518274e+01,1.1986435696322161e+01,1.1986435696322161e+01,1.7561369915499103e+00,1.7561369915499103e+00,1.0847511539367236e+01,1.3654941084940171e+01,5.3712515634715139e+00,1.7561369915499103e+00,4.1235935649148923e+00,1.3654941084940171e+01,1.1986435696322161e+01,2.6360914875309969e+00,2.6360914875309969e+00,7.2318309911829823e+00,1.3654941084940171e+01,7.2318309911829823e+00,9.1979051505054521e-01,1.0847511539367236e+01,8.4993532606551945e+00,1.1986435696322161e+01,1.3654941084940171e+01,1.2021475770518274e+01,0.0000000000000000e+00,5.7690639541185122e+00,8.0633661436020514e+00,8.0633661436020514e+00,8.0633661436020514e+00,1.7561369915499103e+00,1.3654941084940171e+01,0.0000000000000000e+00,1.2021475770518274e+01,5.3712515634715139e+00,8.0633661436020514e+00,1.3654941084940171e+01,9.5071797714129556e+00,8.0633661436020514e+00,9.5071797714129556e+00,8.4993532606551945e+00,1.3654941084940171e+01,1.2021475770518274e+01,1.3654941084940171e+01,5.7690639541185122e+00,1.3654941084940171e+01,1.2021475770518274e+01,7.2318309911829823e+00,1.2021475770518274e+01,5.7690639541185122e+00,9.1979051505054521e-01,8.0633661436020514e+00,1.0847511539367236e+01,7.2318309911829823e+00,1.2021475770518274e+01,1.0847511539367236e+01,7.2318309911829823e+00,1.3654941084940171e+01,1.0847511539367236e+01,1.0847511539367236e+01,5.3712515634715139e+00,1.3654941084940171e+01,7.2318309911829823e+00,8.0633661436020514e+00,4.1235935649148923e+00,1.7561369915499103e+00,7.2318309911829823e+00,1.1986435696322161e+01,1.0847511539367236e+01,1.0847511539367236e+01,4.1235935649148923e+00,1.7561369915499103e+00,1.3654941084940171e+01,1.0847511539367236e+01,1.1986435696322161e+01,1.2021475770518274e+01,5.3712515634715139e+00,1.0847511539367236e+01,8.0633661436020514e+00,1.2021475770518274e+01,1.2021475770518274e+01,1.1986435696322161e+01,1.1986435696322161e+01,1.0847511539367236e+01,2.6360914875309969e+00,5.3712515634715139e+00,8.4993532606551945e+00,5.3712515634715139e+00,1.0847511539367236e+01,2.6360914875309969e+00,4.1235935649148923e+00,1.0847511539367236e+01,1.1986435696322161e+01,1.1986435696322161e+01,1.3654941084940171e+01,1.3654941084940171e+01,2.6360914875309969e+00,4.1235935649148923e+00,7.2318309911829823e+00,1.3654941084940171e+01,1.2021475770518274e+01,1.1986435696322161e+01,7.2318309911829823e+00,1.0847511539367236e+01,1.3654941084940171e+01,8.4993532606551945e+00,1.0847511539367236e+01,1.0847511539367236e+01,4.1235935649148923e+00,1.7561369915499103e+00,1.0847511539367236e+01,5.3712515634715139e+00,5.3712515634715139e+00,5.3712515634715139e+00,1.3654941084940171e+01,1.0847511539367236e+01,4.1235935649148923e+00,8.0633661436020514e+00,1.1986435696322161e+01,1.3654941084940171e+01,1.7561369915499103e+00,1.0847511539367236e+01,4.1235935649148923e+00,1.1986435696322161e+01,1.1986435696322161e+01,5.7690639541185122e+00,8.4993532606551945e+00,8.4993532606551945e+00,1.1986435696322161e+01,2.6360914875309969e+00,1.0847511539367236e+01,8.4993532606551945e+00,8.0633661436020514e+00,8.0633661436020514e+00,1.7561369915499103e+00,1.7561369915499103e+00,8.0633661436020514e+00,1.2021475770518274e+01,1.2021475770518274e+01,1.1986435696322161e+01,9.1979051505054521e-01,9.1979051505054521e-01,1.3654941084940171e+01,1.3654941084940171e+01,1.3654941084940171e+01,9.5071797714129556e+00,7.2318309911829823e+00,1.2021475770518274e+01,1.0847511539367236e+01,1.3654941084940171e+01,1.3654941084940171e+01,1.7561369915499103e+00,1.3654941084940171e+01,0.0000000000000000e+00,1.3654941084940171e+01,1.3654941084940171e+01,1.1986435696322161e+01,8.4993532606551945e+00,7.2318309911829823e+00,1.0847511539367236e+01,9.1979051505054521e-01,1.0847511539367236e+01,1.1986435696322161e+01,9.5071797714129556e+00,5.7690639541185122e+00,5.7690639541185122e+00,1.3654941084940171e+01,2.6360914875309969e+00,8.0633661436020514e+00,5.3712515634715139e+00,8.4993532606551945e+00,1.2021475770518274e+01,8.0633661436020514e+00,8.0633661436020514e+00,8.4993532606551945e+00,5.7690639541185122e+00,8.4993532606551945e+00,1.0847511539367236e+01,1.3654941084940171e+01,3.7904639584797484e+00,8.0633661436020514e+00,1.1986435696322161e+01,1.1986435696322161e+01,8.4993532606551945e+00,1.3654941084940171e+01,9.5071797714129556e+00,8.0633661436020514e+00,1.0847511539367236e+01,1.3654941084940171e+01,9.5071797714129556e+00,8.4993532606551945e+00,8.4993532606551945e+00,3.7904639584797484e+00,1.3654941084940171e+01,8.0633661436020514e+00,1.1986435696322161e+01,1.3654941084940171e+01,1.3654941084940171e+01,3.7904639584797484e+00,9.5071797714129556e+00,8.4993532606551945e+00,1.3654941084940171e+01,9.1979051505054521e-01,1.3654941084940171e+01,1.3654941084940171e+01,8.0633661436020514e+00,1.2021475770518274e+01,1.0847511539367236e+01,1.0847511539367236e+01,1.0847511539367236e+01,1.2021475770518274e+01,9.5071797714129556e+00,5.7690639541185122e+00,1.3654941084940171e+01,1.3654941084940171e+01,1.2021475770518274e+01,8.4993532606551945e+00,5.3712515634715139e+00,1.3654941084940171e+01,1.1986435696322161e+01,9.5071797714129556e+00,1.2021475770518274e+01,1.0847511539367236e+01,1.0847511539367236e+01,1.2021475770518274e+01,7.2318309911829823e+00,9.5071797714129556e+00,9.5071797714129556e+00,1.3654941084940171e+01,1.3654941084940171e+01,5.3712515634715139e+00,8.4993532606551945e+00,1.3654941084940171e+01,1.3654941084940171e+01,1.7561369915499103e+00,9.5071797714129556e+00,9.5071797714129556e+00,1.1986435696322161e+01,5.3712515634715139e+00,1.7561369915499103e+00,9.5071797714129556e+00,1.3654941084940171e+01,7.2318309911829823e+00,1.2021475770518274e+01,1.1986435696322161e+01,0.0000000000000000e+00,8.0633661436020514e+00,1.1986435696322161e+01,1.1986435696322161e+01,9.5071797714129556e+00,3.7904639584797484e+00,1.3654941084940171e+01,1.2021475770518274e+01,5.3712515634715139e+00,1.3654941084940171e+01,9.1979051505054521e-01,1.7561369915499103e+00,1.2021475770518274e+01,7.2318309911829823e+00,1.0847511539367236e+01,1.1986435696322161e+01,1.2021475770518274e+01,1.3654941084940171e+01,9.5071797714129556e+00,8.0633661436020514e+00,1.7561369915499103e+00,8.0633661436020514e+00,1.1986435696322161e+01,1.1986435696322161e+01,1.2021475770518274e+01,1.0847511539367236e+01,1.1986435696322161e+01,5.3712515634715139e+00,1.1986435696322161e+01,1.0847511539367236e+01,1.0847511539367236e+01,1.3654941084940171e+01,1.3654941084940171e+01,1.1986435696322161e+01,7.2318309911829823e+00,8.0633661436020514e+00,8.0633661436020514e+00,1.0847511539367236e+01,1.0847511539367236e+01,0.0000000000000000e+00,2.6360914875309969e+00,9.5071797714129556e+00,1.0847511539367236e+01,1.1986435696322161e+01,7.2318309911829823e+00,1.1986435696322161e+01,9.5071797714129556e+00,1.0847511539367236e+01,1.0847511539367236e+01,0.0000000000000000e+00,9.5071797714129556e+00,1.2021475770518274e+01,1.0847511539367236e+01,7.2318309911829823e+00,1.7561369915499103e+00,8.4993532606551945e+00,3.7904639584797484e+00,1.1986435696322161e+01,5.7690639541185122e+00,5.3712515634715139e+00,1.3654941084940171e+01,7.2318309911829823e+00,1.3654941084940171e+01,7.2318309911829823e+00,7.2318309911829823e+00,8.4993532606551945e+00,1.2021475770518274e+01,1.3654941084940171e+01,7.2318309911829823e+00,2.6360914875309969e+00,3.7904639584797484e+00,7.2318309911829823e+00,0.0000000000000000e+00,2.6360914875309969e+00,2.6360914875309969e+00,3.7904639584797484e+00,7.2318309911829823e+00,1.1986435696322161e+01,1.1986435696322161e+01,1.3654941084940171e+01,5.3712515634715139e+00,7.2318309911829823e+00,5.3712515634715139e+00,5.3712515634715139e+00,1.1986435696322161e+01,8.4993532606551945e+00,1.1986435696322161e+01,1.7561369915499103e+00,5.3712515634715139e+00,3.7904639584797484e+00,1.1986435696322161e+01,9.1979051505054521e-01,5.3712515634715139e+00,1.2021475770518274e+01,4.1235935649148923e+00,1.2021475770518274e+01,1.3654941084940171e+01,7.2318309911829823e+00,3.7904639584797484e+00,3.7904639584797484e+00,8.0633661436020514e+00,3.7904639584797484e+00,5.3712515634715139e+00,5.3712515634715139e+00,8.4993532606551945e+00,1.3654941084940171e+01,4.1235935649148923e+00,4.1235935649148923e+00,8.0633661436020514e+00,1.1986435696322161e+01,2.6360914875309969e+00,9.1979051505054521e-01,5.3712515634715139e+00,1.0847511539367236e+01,0.0000000000000000e+00,1.3654941084940171e+01,2.6360914875309969e+00,1.3654941084940171e+01,7.2318309911829823e+00,7.2318309911829823e+00,1.3654941084940171e+01,5.3712515634715139e+00,7.2318309911829823e+00,7.2318309911829823e+00,8.4993532606551945e+00,1.2021475770518274e+01,8.4993532606551945e+00,8.4993532606551945e+00,5.3712515634715139e+00,1.2021475770518274e+01,1.2021475770518274e+01,8.0633661436020514e+00,1.2021475770518274e+01
1.1890838835578567e+01,3.7136081531858678e+00,1.1890838835578567e+01,1.1890838835578567e+01,1.1890838835578567e+01,1.1890838835578567e+01,1.1890838835578567e+01,0.0000000000000000e+00,1.1890838835578567e+01,5.2956856051449055e+00,4.4622583619785194e+00,1.1890838835578567e+01,1.1890838835578567e+01,1.6686864621552719e+00,2.7624535723826691e+00,0.0000000000000000e+00,1.1890838835578567e+01,1.1890838835578567e+01,1.0660057473296854e+01,1.6686864621552719e+00,1.6686864621552719e+00,1.1890838835578567e+01,0.0000000000000000e+00,1.6686864621552719e+00,1.1890838835578567e+01,2.7624535723826691e+00,1.6686864621552719e+00,1.1890838835578567e+01,8.6689934945743430e-01,1.1890838835578567e+01,1.1890838835578567e+01,4.4622583619785194e+00,1.1809174077512360e+01,1.1809174077512360e+01,0.0000000000000000e+00,1.1890838835578567e+01,2.7624535723826691e+00,1.1809174077512360e+01,3.7136081531858678e+00,1.1809174077512360e+01,8.5987835144008251e+00,0.0000000000000000e+00,4.4622583619785194e+00,1.1890838835578567e+01,1.1890838835578567e+01,1.1890838835578567e+01,1.1890838835578567e+01,1.1890838835578567e+01,1.1890838835578567e+01,8.6689934945743430e-01,1.1890838835578567e+01,1.1809174077512360e+01,1.4575033790177550e+01,1.1890838835578567e+01,6.3899175999510440e+00,6.3899175999510440e+00,0.0000000000000000e+00,6.3899175999510440e+00,3.7136081531858678e+00,3.7136081531858678e+00,1.4575033790177550e+01,3.7136081531858678e+00,1.1809174077512360e+01,1.4575033790177550e+01,4.4622583619785194e+00,1.1890838835578567e+01,6.3899175999510440e+00,6.3899175999510440e+00,7.9668926270891314e+00,8.5987835144008251e+00,1.2083267404066932e+01,6.3899175999510440e+00,3.7136081531858678e+00,1.4575033790177550e+01,1.1890838835578567e+01,9.3188054357991046e+00,1.4575033790177550e+01,5.2956856051449055e+00,1.1809174077512360e+01,1.1890838835578567e+01,1.1890838835578567e+01,9.3188054357991046e+00,3.7136081531858678e+00,9.3188054357991046e+00,9.3188054357991046e+00,2.7624535723826691e+00,5.2956856051449055e+00,1.1890838835578567e+01,7.9668926270891314e+00,1.2083267404066932e+01,5.2956856051449055e+00,9.3188054357991046e+00,1.1890838835578567e+01,1.0660057473296854e+01,5.2956856051449055e+00,1.1890838835578567e+01,1.1890838835578567e+01,9.3188054357991046e+00,8.5987835144008251e+00,6.3899175999510440e+00,8.6689934945743430e-01,9.3188054357991046e+00,1.4575033790177550e+01,7.9668926270891314e+00,1.6686864621552719e+00,9.3188054357991046e+00,6.3899175999510440e+00,9.3188054357991046e+00,0.0000000000000000e+00,3.7136081531858678e+00,1.1890838835578567e+01,1.1809174077512360e+01,6.3899175999510440e+00,7.9668926270891314e+00,6.3899175999510440e+00,1.1890838835578567e+01,2.7624535723826691e+00,7.9668926270891314e+00,4.4622583619785194e+00,1.1809174077512360e+01,2.7624535723826691e+00,9.3188054357991046e+00,9.3188054357991046e+00,8.6689934945743430e-01,1.1809174077512360e+01,7.9668926270891314e+00,6.3899175999510440e+00,1.1890838835578567e+01,1.2083267404066932e+01,4.4622583619785194e+00,0.0000000000000000e+00,1.6686864621552719e+00,4.4622583619785194e+00,0.0000000000000000e+00,1.4575033790177550e+01,2.7624535723826691e+00,0.0000000000000000e+00,1.2083267404066932e+01,3.7136081531858678e+00,1.4575033790177550e+01,5.2956856051449055e+00,4.4622583619785194e+00,4.4622583619785194e+00,1.2083267404066932e+01,1.2083267404066932e+01,7.9668926270891314e+00,6.3899175999510440e+00,3.7136081531858678e+00,1.1809174077512360e+01,0.0000000000000000e+00,1.1809174077512360e+01,7.9668926270891314e+00,7.9668926270891314e+00,1.1809174077512360e+01,7.9668926270891314e+00,7.9668926270891314e+00,5.2956856051449055e+00,1.1809174077512360e+01,8.6689934945743430e-01,1.1809174077512360e+01,8.5987835144008251e+00,7.9668926270891314e+00,4.4622583619785194e+00,1.4575033790177550e+01,1.4575033790177550e+01,1.4575033790177550e+01,0.0000000000000000e+00,2.7624535723826691e+00,1.1809174077512360e+01,9.3188054357991046e+00,1.2083267404066932e+01,5.2956856051449055e+00,1.1890838835578567e+01,1.1809174077512360e+01,8.5987835144008251e+00,0.0000000000000000e+00,1.2083267404066932e+01,1.0660057473296854e+01,2.7624535723826691e+00,3.7136081531858678e+00,5.2956856051449055e+00,1.2083267404066932e+01,1.2083267404066932e+01,1.2083267404066932e+01,1.2083267404066932e+01,1.4575033790177550e+01,7.9668926270891314e+00,7.9668926270891314e+00,7.9668926270891314e+00,1.2083267404066932e+01,1.2083267404066932e+01,0.0000000000000000e+00,6.3899175999510440e+00,6.3899175999510440e+00,1.2083267404066932e+01,1.2083267404066932e+01,1.1890838835578567e+01,1.2083267404066932e+01,1.4575033790177550e+01,4.4622583619785194e+00,1.4575033790177550e+01,1.4575033790177550e+01,1.4575033790177550e+01,2.7624535723826691e+00,1.4575033790177550e+01,1.1890838835578567e+01,1.1890838835578567e+01,1.0660057473296854e+01,1.0660057473296854e+01,5.2956856051449055e+00,7.9668926270891314e+00,1.0660057473296854e+01,0.0000000000000000e+00,7.9668926270891314e+00,1.1890838835578567e+01,8.6689934945743430e-01,8.6689934945743430e-01,7.9668926270891314e+00,1.1890838835578567e+01,5.2956856051449055e+00,1.1890838835578567e+01,1.2083267404066932e+01,1.4575033790177550e+01,1.0660057473296854e+01,1.0660057473296854e+01,9.3188054357991046e+00,1.4575033790177550e+01,1.0660057473296854e+01,1.1890838835578567e+01,5.2956856051449055e+00,1.4575033790177550e+01,1.4575033790177550e+01,1.0660057473296854e+01,1.0660057473296854e+01,8.6689934945743430e-01,1.0660057473296854e+01,1.4575033790177550e+01,1.4575033790177550e+01,1.4575033790177550e+01,6.3899175999510440e+00,0.0000000000000000e+00,6.3899175999510440e+00,1.2083267404066932e+01,4.4622583619785194e+00,9.3188054357991046e+00,7.9668926270891314e+00,1.1890838835578567e+01,7.9668926270891314e+00,1.1890838835578567e+01,8.5987835144008251e+00,1.4575033790177550e+01,7.9668926270891314e+00,1.4575033790177550e+01,7.9668926270891314e+00,0.0000000000000000e+00,7.9668926270891314e+00,7.9668926270891314e+00,7.9668926270891314e+00,0.0000000000000000e+00,7.9668926270891314e+00,7.9668926270891314e+00,7.9668926270891314e+00,7.9668926270891314e+00,2.7624535723826691e+00,7.9668926270891314e+00,2.7624535723826691e+00,7.9668926270891314e+00,1.1890838835578567e+01,7.9668926270891314e+00,1.1890838835578567e+01,1.1890838835578567e+01,8.6689934945743430e-01,1.1890838835578567e+01,7.9668926270891314e+00,1.1890838835578567e+01,1.4575033790177550e+01,1.1890838835578567e+01,1.2083267404066932e+01,7.9668926270891314e+00,1.0660057473296854e+01,1.4575033790177550e+01,8.5987835144008251e+00,1.6686864621552719e+00,7.9668926270891314e+00,9.3188054357991046e+00,2.7624535723826691e+00,1.0660057473296854e+01,2.7624535723826691e+00,9.3188054357991046e+00,8.5987835144008251e+00,7.9668926270891314e+00,8.5987835144008251e+00,8.5987835144008251e+00,1.6686864621552719e+00,8.6689934945743430e-01,1.1890838835578567e+01,1.1890838835578567e+01,1.6686864621552719e+00,1.2083267404066932e+01,1.1809174077512360e+01,0.0000000000000000e+00,1.1809174077512360e+01,4.4622583619785194e+00,1.1890838835578567e+01,7.9668926270891314e+00,6.3899175999510440e+00,1.0660057473296854e+01,1.0660057473296854e+01,1.1809174077512360e+01,1.6686864621552719e+00,1.0660057473296854e+01,3.7136081531858678e+00,1.1890838835578567e+01,7.9668926270891314e+00,1.1809174077512360e+01,6.3899175999510440e+00,7.9668926270891314e+00,6.3899175999510440e+00,1.1809174077512360e+01,0.0000000000000000e+00,1.0660057473296854e+01,1.2083267404066932e+01,6.3899175999510440e+00,1.4575033790177550e+01,1.4575033790177550e+01,6.3899175999510440e+00,1.4575033790177550e+01,1.1809174077512360e+01,1.4575033790177550e+01,3.7136081531858678e+00,9.3188054357991046e+00,1.4575033790177550e+01,1.1809174077512360e+01,1.1809174077512360e+01,6.3899175999510440e+00,1.6686864621552719e+00,1.4575033790177550e+01,1.2083267404066932e+01,8.5987835144008251e+00,4.4622583619785194e+00,1.2083267404066932e+01,1.4575033790177550e+01,1.4575033790177550e+01,8.5987835144008251e+00,5.2956856051449055e+00,5.2956856051449055e+00,9.3188054357991046e+00,9.3188054357991046e+00,1.4575033790177550e+01,1.4575033790177550e+01,1.1890838835578567e+01,1.1809174077512360e+01,3.7136081531858678e+00,1.4575033790177550e+01,8.6689934945743430e-01,1.1809174077512360e+01,1.1809174077512360e+01,1.1809174077512360e+01,1.1890838835578567e+01,7.9668926270891314e+00,1.4575033790177550e+01,0.0000000000000000e+00,0.0000000000000000e+00,1.0660057473296854e+01,9.3188054357991046e+00,9.3188054357991046e+00,1.4575033790177550e+01,1.1809174077512360e+01,1.1809174077512360e+01,4.4622583619785194e+00,1.1809174077512360e+01,7.9668926270891314e+00,1.2083267404066932e+01,8.5987835144008251e+00,1.1809174077512360e+01,3.7136081531858678e+00,1.6686864621552719e+00,5.2956856051449055e+00,6.3899175999510440e+00,1.4575033790177550e+01,1.1809174077512360e+01,0.0000000000000000e+00,6.3899175999510440e+00,1.1890838835578567e+01,4.4622583619785194e+00,1.1890838835578567e+01,2.7624535723826691e+00,1.1890838835578567e+01,3.7136081531858678e+00,9.3188054357991046e+00,3.7136081531858678e+00,9.3188054357991046e+00,9.3188054357991046e+00,0.0000000000000000e+00,1.1890838835578567e+01,3.7136081531858678e+00,9.3188054357991046e+00,1.1809174077512360e+01,4.4622583619785194e+00,1.4575033790177550e+01,8.5987835144008251e+00,1.4575033790177550e+01,8.5987835144008251e+00,1.1809174077512360e+01,7.9668926270891314e+00,1.1890838835578567e+01,0.0000000000000000e+00,1.6686864621552719e+00,5.2956856051449055e+00,1.4575033790177550e+01,1.1809174077512360e+01,5.2956856051449055e+00,7.9668926270891314e+00,1.1809174077512360e+01,1.0660057473296854e+01,9.3188054357991046e+00,8.5987835144008251e+00,1.1809174077512360e+01,7.9668926270891314e+00,0.0000000000000000e+00,8.5987835144008251e+00,1.4575033790177550e+01,9.3188054357991046e+00,0.0000000000000000e+00,1.1890838835578567e+01,6.3899175999510440e+00,7.9668926270891314e+00,1.1890838835578567e+01,7.9668926270891314e+00,5.2956856051449055e+00,8.5987835144008251e+00,5.2956856051449055e+00,5.2956856051449055e+00,8.6689934945743430e-01,1.2083267404066932e+01,5.2956856051449055e+00,1.1809174077512360e+01,4.4622583619785194e+00,4.4622583619785194e+00,9.3188054357991046e+00,9.3188054357991046e+00,1.1890838835578567e+01,1.1809174077512360e+01,1.4575033790177550e+01,1.4575033790177550e+01,3.7136081531858678e+00,0.0000000000000000e+00,9.3188054357991046e+00,5.2956856051449055e+00,3.7136081531858678e+00,9.3188054357991046e+00,1.6686864621552719e+00,7.9668926270891314e+00,7.9668926270891314e+00,9.3188054357991046e+00,5.2956856051449055e+00,1.2083267404066932e+01,1.4575033790177550e+01,9.3188054357991046e+00,1.1890838835578567e+01,6.3899175999510440e+00,6.3899175999510440e+00,1.0660057473296854e+01,8.5987835144008251e+00,1.2083267404066932e+01,1.2083267404066932e+01,8.5987835144008251e+00,1.1890838835578567e+01,9.3188054357991046e+00,5.2956856051449055e+00,6.3899175999510440e+00,1.1809174077512360e+01,9.3188054357991046e+00,9.3188054357991046e+00,1.1890838835578567e+01,1.4575033790177550e+01,7.9668926270891314e+00,8.5987835144008251e+00,1.2083267404066932e+01,1.4575033790177550e+01,1.2083267404066932e+01,1.1890838835578567e+01,0.0000000000000000e+00,1.4575033790177550e+01,8.5987835144008251e+00,1.1890838835578567e+01,6.3899175999510440e+00,1.0660057473296854e+01,1.1890838835578567e+01,3.7136081531858678e+00,1.4575033790177550e+01,3.7136081531858678e+00,4.4622583619785194e+00,4.4622583619785194e+00,3.7136081531858678e+00,0.0000000000000000e+00,1.2083267404066932e+01,1.2083267404066932e+01,6.3899175999510440e+00,1.0660057473296854e+01,8.6689934945743430e-01,1.6686864621552719e+00,2.7624535723826691e+00,4.4622583619785194e+00,4.4622583619785194e+00,1.4575033790177550e+01,1.4575033790177550e+01,0.0000000000000000e+00,2.7624535723826691e+00,1.6686864621552719e+00,1.4575033790177550e+01,1.1890838835578567e+01,1.1890838835578567e+01,1.4575033790177550e+01,1.4575033790177550e+01,7.9668926270891314e+00,1.1890838835578567e+01,8.5987835144008251e+00,8.5987835144008251e+00,5.2956856051449055e+00,1.1890838835578567e+01,7.9668926270891314e+00,8.5987835144008251e+00,1.2083267404066932e+01,7.9668926270891314e+00,1.4575033790177550e+01,3.7136081531858678e+00,1.4575033790177550e+01,1.4575033790177550e+01,9.3188054357991046e+00,8.5987835144008251e+00,9.3188054357991046e+00,8.5987835144008251e+00,1.1890838835578567e+01,6.3899175999510440e+00,1.1890838835578567e+01,7.9668926270891314e+00,8.5987835144008251e+00,1.4575033790177550e+01,2.7624535723826691e+00,1.2083267404066932e+01,1.2083267404066932e+01,1.4575033790177550e+01,1.1809174077512360e+01,2.7624535723826691e+00,1.1809174077512360e+01,1.4575033790177550e+01,5.2956856051449055e+00,8.5987835144008251e+00,2.7624535723826691e+00,1.1890838835578567e+01,1.0660057473296854e+01,1.4575033790177550e+01,2.7624535723826691e+00,1.2083267404066932e+01,9.3188054357991046e+00,9.3188054357991046e+00,8.5987835144008251e+00,1.4575033790177550e+01,1.4575033790177550e+01,1.4575033790177550e+01,1.4575033790177550e+01,1.4575033790177550e+01,8.5987835144008251e+00,1.4575033790177550e+01,1.4575033790177550e+01,1.0660057473296854e+01,5.2956856051449055e+00,9.3188054357991046e+00,1.4575033790177550e+01,8.6689934945743430e-01,1.4575033790177550e+01,1.1890838835578567e+01,0.0000000000000000e+00,1.4575033790177550e+01,9.3188054357991046e+00,1.4575033790177550e+01,6.3899175999510440e+00,1.6686864621552719e+00,5.2956856051449055e+00,4.4622583619785194e+00,7.9668926270891314e+00,7.9668926270891314e+00,7.9668926270891314e+00,7.9668926270891314e+00,9.3188054357991046e+00,7.9668926270891314e+00,3.7136081531858678e+00,1.1890838835578567e+01,3.7136081531858678e+00,1.1890838835578567e+01,0.0000000000000000e+00,1.2083267404066932e+01,1.4575033790177550e+01,9.3188054357991046e+00,1.4575033790177550e+01,7.9668926270891314e+00,1.1809174077512360e+01,7.9668926270891314e+00,7.9668926270891314e+00,5.2956856051449055e+00,7.9668926270891314e+00,7.9668926270891314e+00,7.9668926270891314e+00,7.9668926270891314e+00,9.3188054357991046e+00,1.6686864621552719e+00,2.7624535723826691e+00,9.3188054357991046e+00,1.1809174077512360e+01,2.7624535723826691e+00,5.2956856051449055e+00,5.2956856051449055e+00,1.6686864621552719e+00,1.4575033790177550e+01,2.7624535723826691e+00,3.7136081531858678e+00,5.2956856051449055e+00,1.2083267404066932e+01,1.6686864621552719e+00,8.6689934945743430e-01,1.4575033790177550e+01,1.1809174077512360e+01,1.1809174077512360e+01,1.1809174077512360e+01,2.7624535723826691e+00,1.1809174077512360e+01,1.1890838835578567e+01,7.9668926270891314e+00,7.9668926270891314e+00,2.7624535723826691e+00,1.1809174077512360e+01,0.0000000000000000e+00,5.2956856051449055e+00,9.3188054357991046e+00,1.1809174077512360e+01,1.1890838835578567e+01,0.0000000000000000e+00,1.2083267404066932e+01,1.1890838835578567e+01,1.2083267404066932e+01,1.2083267404066932e+01,1.1890838835578567e+01,1.2083267404066932e+01,1.4575033790177550e+01,4.4622583619785194e+00,1.4575033790177550e+01,7.9668926270891314e+00,6.3899175999510440e+00,7.9668926270891314e+00,1.6686864621552719e+00,7.9668926270891314e+00,8.5987835144008251e+00,1.2083267404066932e+01,1.2083267404066932e+01,1.1809174077512360e+01,5.2956856051449055e+00,7.9668926270891314e+00,1.0660057473296854e+01,1.1809174077512360e+01,4.4622583619785194e+00,0.0000000000000000e+00,1.6686864621552719e+00,7.9668926270891314e+00,7.9668926270891314e+00,4.4622583619785194e+00,7.9668926270891314e+00,1.2083267404066932e+01,1.1809174077512360e+01,7.9668926270891314e+00,7.9668926270891314e+00,8.5987835144008251e+00,1.6686864621552719e+00,4.4622583619785194e+00,3.7136081531858678e+00,7.9668926270891314e+00,5.2956856051449055e+00,7.9668926270891314e+00,7.9668926270891314e+00,1.1890838835578567e+01,1.4575033790177550e+01,8.5987835144008251e+00,7.9668926270891314e+00,1.4575033790177550e+01,1.2083267404066932e+01,1.2083267404066932e+01,2.7624535723826691e+00,1.4575033790177550e+01,1.2083267404066932e+01,1.4575033790177550e+01,5.2956856051449055e+00,1.2083267404066932e+01,1.2083267404066932e+01,1.0660057473296854e+01,5.2956856051449055e+00,1.2083267404066932e+01,0.0000000000000000e+00,8.6689934945743430e-01,2.7624535723826691e+00,8.6689934945743430e-01,1.6686864621552719e+00,8.5987835144008251e+00,1.4575033790177550e+01,1.6686864621552719e+00,1.4575033790177550e+01,8.6689934945743430e-01,1.0660057473296854e+01,1.1809174077512360e+01,1.1809174077512360e+01,1.1809174077512360e+01,1.0660057473296854e+01,7.9668926270891314e+00,4.4622583619785194e+00,7.9668926270891314e+00,7.9668926270891314e+00,8.5987835144008251e+00,8.5987835144008251e+00,9.3188054357991046e+00,9.3188054357991046e+00,6.3899175999510440e+00,1.0660057473296854e+01,2.7624535723826691e+00,1.1890838835578567e+01,2.7624535723826691e+00,7.9668926270891314e+00,1.0660057473296854e+01,1.4575033790177550e+01,8.5987835144008251e+00,2.7624535723826691e+00,8.5987835144008251e+00,9.3188054357991046e+00,1.1809174077512360e+01,8.5987835144008251e+00,9.3188054357991046e+00,8.6689934945743430e-01,1.4575033790177550e+01,0.0000000000000000e+00,0.0000000000000000e+00,9.3188054357991046e+00,5.2956856051449055e+00,5.2956856051449055e+00,1.4575033790177550e+01,5.2956856051449055e+00,1.1809174077512360e+01,9.3188054357991046e+00,1.6686864621552719e+00,9.3188054357991046e+00,2.7624535723826691e+00,9.3188054357991046e+00,1.1809174077512360e+01,1.1890838835578567e+01,1.1890838835578567e+01,1.1809174077512360e+01,1.1809174077512360e+01,4.4622583619785194e+00,1.1809174077512360e+01,1.6686864621552719e+00,7.9668926270891314e+00,2.7624535723826691e+00,1.4575033790177550e+01,1.4575033790177550e+01,7.9668926270891314e+00,9.3188054357991046e+00,4.4622583619785194e+00,1.4575033790177550e+01,1.1890838835578567e+01,1.4575033790177550e+01,1.1890838835578567e+01,8.5987835144008251e+00,5.2956856051449055e+00,1.1809174077512360e+01,1.0660057473296854e+01,1.6686864621552719e+00,9.3188054357991046e+00,1.6686864621552719e+00,1.1809174077512360e+01,1.6686864621552719e+00,4.4622583619785194e+00,9.3188054357991046e+00,1.1890838835578567e+01,1.1890838835578567e+01,1.1890838835578567e+01,1.4575033790177550e+01,1.4575033790177550e+01,1.4575033790177550e+01,1.0660057473296854e+01,1.1890838835578567e+01,1.0660057473296854e+01,1.0660057473296854e+01,1.4575033790177550e+01,9.3188054357991046e+00,1.4575033790177550e+01,1.4575033790177550e+01,1.4575033790177550e+01,1.4575033790177550e+01,1.1809174077512360e+01,6.3899175999510440e+00,1.1890838835578567e+01,7.9668926270891314e+00,1.4575033790177550e+01,1.4575033790177550e+01,4.4622583619785194e+00,7.9668926270891314e+00,1.4575033790177550e+01,9.3188054357991046e+00,1.1890838835578567e+01,9.3188054357991046e+00,1.1809174077512360e+01,1.1809174077512360e+01,8.6689934945743430e-01,1.1809174077512360e+01,1.4575033790177550e+01,1.2083267404066932e+01,1.1890838835578567e+01,9.3188054357991046e+00,1.2083267404066932e+01,1.1890838835578567e+01,1.4575033790177550e+01,1.4575033790177550e+01,1.2083267404066932e+01,1.2083267404066932e+01,1.4575033790177550e+01,4.4622583619785194e+00,1.1890838835578567e+01,1.1809174077512360e+01,9.3188054357991046e+00,1.4575033790177550e+01,5.2956856051449055e+00,9.3188054357991046e+00,1.4575033790177550e+01,5.2956856051449055e+00,1.1890838835578567e+01,5.2956856051449055e+00,1.4575033790177550e+01,1.6686864621552719e+00,1.6686864621552719e+00,5.2956856051449055e+00,1.1809174077512360e+01,2.7624535723826691e+00,8.5987835144008251e+00,2.7624535723826691e+00,9.3188054357991046e+00,9.3188054357991046e+00,5.2956856051449055e+00,6.3899175999510440e+00,1.0660057473296854e+01,1.4575033790177550e+01,1.4575033790177550e+01,1.4575033790177550e+01,1.4575033790177550e+01,1.4575033790177550e+01,8.5987835144008251e+00,7.9668926270891314e+00,1.0660057473296854e+01,1.4575033790177550e+01,1.0660057473296854e+01,1.4575033790177550e+01,1.4575033790177550e+01,7.9668926270891314e+00,6.3899175999510440e+00,8.5987835144008251e+00,9.3188054357991046e+00,1.4575033790177550e+01,5.2956856051449055e+00,1.6686864621552719e+00,5.2956856051449055e+00,1.4575033790177550e+01,5.2956856051449055e+00,1.0660057473296854e+01,1.1809174077512360e+01,7.9668926270891314e+00,3.7136081531858678e+00,1.0660057473296854e+01,1.4575033790177550e+01,3.7136081531858678e+00,1.2083267404066932e+01,1.6686864621552719e+00,1.1890838835578567e+01,7.9668926270891314e+00,1.0660057473296854e+01,1.4575033790177550e+01,5.2956856051449055e+00,0.0000000000000000e+00,1.4575033790177550e+01,1.6686864621552719e+00,3.7136081531858678e+00,5.2956856051449055e+00,1.4575033790177550e+01,1.6686864621552719e+00,8.6689934945743430e-01,7.9668926270891314e+00,7.9668926270891314e+00,7.9668926270891314e+00,1.1809174077512360e+01,8.5987835144008251e+00,2.7624535723826691e+00,1.1890838835578567e+01,1.6686864621552719e+00,1.0660057473296854e+01,1.4575033790177550e+01,1.0660057473296854e+01,1.6686864621552719e+00,8.5987835144008251e+00,1.4575033790177550e+01,7.9668926270891314e+00,6.3899175999510440e+00,6.3899175999510440e+00,6.3899175999510440e+00,4.4622583619785194e+00,1.4575033790177550e+01,1.6686864621552719e+00,1.1890838835578567e+01,9.3188054357991046e+00,6.3899175999510440e+00,2.7624535723826691e+00,8.6689934945743430e-01,1.1890838835578567e+01,7.9668926270891314e+00,1.4575033790177550e+01,1.1890838835578567e+01,1.1890838835578567e+01,4.4622583619785194e+00,1.1890838835578567e+01,1.0660057473296854e+01,2.7624535723826691e+00,1.6686864621552719e+00,8.5987835144008251e+00,1.4575033790177550e+01,0.0000000000000000e+00,1.6686864621552719e+00,1.6686864621552719e+00,7.9668926270891314e+00,0.0000000000000000e+00,7.9668926270891314e+00,7.9668926270891314e+00,1.1809174077512360e+01,1.2083267404066932e+01,8.5987835144008251e+00,6.3899175999510440e+00,1.0660057473296854e+01,1.0660057473296854e+01,1.1890838835578567e+01,3.7136081531858678e+00,1.4575033790177550e+01,1.4575033790177550e+01,8.6689934945743430e-01,1.1890838835578567e+01,4.4622583619785194e+00,1.4575033790177550e+01,1.4575033790177550e+01,1.2083267404066932e+01,3.7136081531858678e+00,9.3188054357991046e+00,9.3188054357991046e+00,8.5987835144008251e+00,0.0000000000000000e+00,5.2956856051449055e+00,1.2083267404066932e+01,9.3188054357991046e+00,1.2083267404066932e+01,8.5987835144008251e+00,1.2083267404066932e+01,1.2083267404066932e+01,0.0000000000000000e+00,4.4622583619785194e+00,4.4622583619785194e+00,4.4622583619785194e+00,1.2083267404066932e+01,1.0660057473296854e+01,1.1890838835578567e+01,1.0660057473296854e+01,1.1809174077512360e+01,6.3899175999510440e+00,7.9668926270891314e+00,1.1890838835578567e+01,1.0660057473296854e+01,7.9668926270891314e+00,6.3899175999510440e+00,9.3188054357991046e+00,1.2083267404066932e+01,7.9668926270891314e+00,1.6686864621552719e+00,1.6686864621552719e+00,1.0660057473296854e+01,1.2083267404066932e+01,1.1890838835578567e+01,4.4622583619785194e+00,6.3899175999510440e+00,2.7624535723826691e+00,7.9668926270891314e+00,1.2083267404066932e+01,1.1890838835578567e+01,8.5987835144008251e+00,1.0660057473296854e+01,8.5987835144008251e+00,1.4575033790177550e+01,1.4575033790177550e+01,1.6686864621552719e+00,1.2083267404066932e+01,7.9668926270891314e+00
1.1815366496582604e+01,8.6027686660615155e-01,1.1278585419540821e+01,1.3634885132385829e+01,7.1696200246843489e+00,0.0000000000000000e+00,9.2614033378632037e+00,1.3634885132385829e+01,1.1815366496582604e+01,2.7275228510824090e+00,9.2614033378632037e+00,9.2614033378632037e+00,5.8261027458678569e+00,1.3634885132385829e+01,9.2614033378632037e+00,0.0000000000000000e+00,1.3634885132385829e+01,5.5238251051391059e+00,1.3634885132385829e+01,1.3634885132385829e+01,1.3634885132385829e+01,1.3634885132385829e+01,1.3634885132385829e+01,1.3634885132385829e+01,2.7275228510824090e+00,2.7275228510824090e+00,1.3634885132385829e+01,1.1278585419540821e+01,4.7285924315704140e+00,5.8261027458678569e+00,7.1696200246843489e+00,7.1696200246843489e+00,7.7167314164950547e+00,2.7275228510824090e+00,9.2614033378632037e+00,5.8261027458678569e+00,5.8261027458678569e+00,1.3634885132385829e+01,1.3634885132385829e+01,1.3634885132385829e+01,4.7285924315704140e+00,1.3634885132385829e+01,2.7275228510824090e+00,1.1815366496582604e+01,1.1278585419540821e+01,1.1815366496582604e+01,7.1696200246843489e+00,3.5239894676721164e+00,7.7167314164950547e+00,7.7167314164950547e+00,1.1815366496582604e+01,1.1815366496582604e+01,1.1815366496582604e+01,1.1815366496582604e+01,7.7167314164950547e+00,1.3634885132385829e+01,3.5239894676721164e+00,1.3634885132385829e+01,7.7167314164950547e+00,9.6745764374620080e+00,9.6745764374620080e+00,5.8261027458678569e+00,7.7167314164950547e+00,1.1815366496582604e+01,9.2614033378632037e+00,9.2614033378632037e+00,1.3634885132385829e+01,5.5238251051391059e+00,7.1696200246843489e+00,9.2614033378632037e+00,9.2614033378632037e+00,9.2614033378632037e+00,9.6745764374620080e+00,1.1878981582521549e+01,1.3634885132385829e+01,9.6745764374620080e+00,1.1878981582521549e+01,9.6745764374620080e+00,1.3634885132385829e+01,5.5238251051391059e+00,1.1815366496582604e+01,5.5238251051391059e+00,5.5238251051391059e+00,3.5239894676721164e+00,1.3634885132385829e+01,9.2614033378632037e+00,5.5238251051391059e+00,5.5238251051391059e+00,7.1696200246843489e+00,5.5238251051391059e+00,9.2614033378632037e+00,1.3634885132385829e+01,7.7167314164950547e+00,1.3634885132385829e+01,1.3634885132385829e+01,7.7167314164950547e+00,5.5238251051391059e+00,1.3634885132385829e+01,5.5238251051391059e+00,9.6745764374620080e+00,1.3634885132385829e+01,2.7275228510824090e+00,1.1815366496582604e+01,5.5238251051391059e+00,1.3634885132385829e+01,1.1815366496582604e+01,1.3634885132385829e+01,7.1696200246843489e+00,1.3634885132385829e+01,7.7167314164950547e+00,3.5239894676721164e+00,1.1815366496582604e+01,9.6745764374620080e+00,5.5238251051391059e+00,9.6745764374620080e+00,2.7275228510824090e+00,9.6745764374620080e+00,1.1815366496582604e+01,1.8569095880578312e+00,1.3634885132385829e+01,5.5238251051391059e+00,9.6745764374620080e+00,1.3634885132385829e+01,1.3634885132385829e+01,4.7285924315704140e+00,1.1815366496582604e+01,1.1278585419540821e+01,9.2614033378632037e+00,9.6745764374620080e+00,1.3634885132385829e+01,9.2614033378632037e+00,1.8569095880578312e+00,0.0000000000000000e+00,1.1815366496582604e+01,7.1696200246843489e+00,1.1878981582521549e+01,1.1815366496582604e+01,9.6745764374620080e+00,7.1696200246843489e+00,1.1815366496582604e+01,5.5238251051391059e+00,9.2614033378632037e+00,5.8261027458678569e+00,5.5238251051391059e+00,1.1878981582521549e+01,1.1878981582521549e+01,1.1815366496582604e+01,2.7275228510824090e+00,9.2614033378632037e+00,9.2614033378632037e+00,7.7167314164950547e+00,7.7167314164950547e+00,2.7275228510824090e+00,1.8569095880578312e+00,5.8261027458678569e+00,7.1696200246843489e+00,1.8569095880578312e+00,1.8569095880578312e+00,8.6027686660615155e-01,1.1815366496582604e+01,9.6745764374620080e+00,1.1815366496582604e+01,7.1696200246843489e+00,9.6745764374620080e+00,1.3634885132385829e+01,8.6027686660615155e-01,9.6745764374620080e+00,5.8261027458678569e+00,1.1815366496582604e+01,1.1815366496582604e+01,2.7275228510824090e+00,9.2614033378632037e+00,1.3634885132385829e+01,1.1878981582521549e+01,5.8261027458678569e+00,1.3634885132385829e+01,7.7167314164950547e+00,7.7167314164950547e+00,7.1696200246843489e+00,7.7167314164950547e+00,5.8261027458678569e+00,1.1878981582521549e+01,0.0000000000000000e+00,4.7285924315704140e+00,9.6745764374620080e+00,4.7285924315704140e+00,8.6027686660615155e-01,3.5239894676721164e+00,1.8569095880578312e+00,1.1815366496582604e+01,1.1815366496582604e+01,5.5238251051391059e+00,7.7167314164950547e+00,5.5238251051391059e+00,7.7167314164950547e+00,5.5238251051391059e+00,1.3634885132385829e+01,9.2614033378632037e+00,1.3634885132385829e+01,1.3634885132385829e+01,7.7167314164950547e+00,5.8261027458678569e+00,5.8261027458678569e+00,9.6745764374620080e+00,9.6745764374620080e+00,9.6745764374620080e+00,1.3634885132385829e+01,9.6745764374620080e+00,1.1815366496582604e+01,9.6745764374620080e+00,4.7285924315704140e+00,7.7167314164950547e+00,3.5239894676721164e+00,8.6027686660615155e-01,1.1815366496582604e+01,9.2614033378632037e+00,1.1878981582521549e+01,1.3634885132385829e+01,8.6027686660615155e-01,7.7167314164950547e+00,1.3634885132385829e+01,9.6745764374620080e+00,0.0000000000000000e+00,0.0000000000000000e+00,1.8569095880578312e+00,5.5238251051391059e+00,1.1278585419540821e+01,1.3634885132385829e+01,9.6745764374620080e+00,9.6745764374620080e+00,3.5239894676721164e+00,1.1878981582521549e+01,1.3634885132385829e+01,2.7275228510824090e+00,1.3634885132385829e+01,1.3634885132385829e+01,1.3634885132385829e+01,1.3634885132385829e+01,9.2614033378632037e+00,9.6745764374620080e+00,1.1815366496582604e+01,1.1815366496582604e+01,1.3634885132385829e+01,8.6027686660615155e-01,1.1815366496582604e+01,1.1815366496582604e+01,4.7285924315704140e+00,1.1815366496582604e+01,5.5238251051391059e+00,1.3634885132385829e+01,4.7285924315704140e+00,8.6027686660615155e-01,5.5238251051391059e+00,1.3634885132385829e+01,1.1815366496582604e+01,1.1815366496582604e+01,5.5238251051391059e+00,5.5238251051391059e+00,7.7167314164950547e+00,7.7167314164950547e+00,1.1815366496582604e+01,1.1815366496582604e+01,1.1815366496582604e+01,1.1278585419540821e+01,1.1815366496582604e+01,5.5238251051391059e+00,5.5238251051391059e+00,5.8261027458678569e+00,7.1696200246843489e+00,1.1815366496582604e+01,7.1696200246843489e+00,1.1815366496582604e+01,0.0000000000000000e+00,1.1815366496582604e+01,1.1278585419540821e+01,2.7275228510824090e+00,5.8261027458678569e+00,5.5238251051391059e+00,3.5239894676721164e+00,1.1815366496582604e+01,2.7275228510824090e+00,1.1815366496582604e+01,1.1815366496582604e+01,1.1815366496582604e+01,1.1815366496582604e+01,9.2614033378632037e+00,9.2614033378632037e+00,5.5238251051391059e+00,5.5238251051391059e+00,1.1815366496582604e+01,1.1815366496582604e+01,1.1815366496582604e+01,0.0000000000000000e+00,7.7167314164950547e+00,7.7167314164950547e+00,9.6745764374620080e+00,1.1815366496582604e+01,1.1815366496582604e+01,1.1815366496582604e+01,7.7167314164950547e+00,1.8569095880578312e+00,1.3634885132385829e+01,1.1878981582521549e+01,1.1815366496582604e+01,1.1278585419540821e+01,1.1878981582521549e+01,1.1278585419540821e+01,7.1696200246843489e+00,1.3634885132385829e+01,1.3634885132385829e+01,1.1878981582521549e+01,9.2614033378632037e+00,1.1278585419540821e+01,1.1278585419540821e+01,4.7285924315704140e+00,9.2614033378632037e+00,9.2614033378632037e+00,3.5239894676721164e+00,9.2614033378632037e+00,9.2614033378632037e+00,9.2614033378632037e+00,4.7285924315704140e+00,8.6027686660615155e-01,7.1696200246843489e+00,1.8569095880578312e+00,1.1878981582521549e+01,1.1878981582521549e+01,1.1878981582521549e+01,1.1815366496582604e+01,7.1696200246843489e+00,2.7275228510824090e+00,1.1878981582521549e+01,1.3634885132385829e+01,1.3634885132385829e+01,1.1815366496582604e+01,4.7285924315704140e+00,1.1815366496582604e+01,7.7167314164950547e+00,1.3634885132385829e+01,1.3634885132385829e+01,9.2614033378632037e+00,1.1815366496582604e+01,1.1278585419540821e+01,1.1815366496582604e+01,2.7275228510824090e+00,1.1278585419540821e+01,4.7285924315704140e+00,1.1815366496582604e+01,2.7275228510824090e+00,4.7285924315704140e+00,3.5239894676721164e+00,3.5239894676721164e+00,1.8569095880578312e+00,1.8569095880578312e+00,1.1278585419540821e+01,1.1878981582521549e+01,1.3634885132385829e+01,1.1815366496582604e+01,1.1878981582521549e+01,2.7275228510824090e+00,1.8569095880578312e+00,0.0000000000000000e+00,1.8569095880578312e+00,1.1815366496582604e+01,7.1696200246843489e+00,2.7275228510824090e+00,0.0000000000000000e+00,7.1696200246843489e+00,1.3634885132385829e+01,4.7285924315704140e+00,4.7285924315704140e+00,4.7285924315704140e+00,1.1278585419540821e+01,1.1278585419540821e+01,1.3634885132385829e+01,1.1278585419540821e+01,1.1278585419540821e+01,1.3634885132385829e+01,2.7275228510824090e+00,7.7167314164950547e+00,1.1815366496582604e+01,4.7285924315704140e+00,8.6027686660615155e-01,2.7275228510824090e+00,1.1815366496582604e+01,7.7167314164950547e+00,1.1278585419540821e+01,1.3634885132385829e+01,1.3634885132385829e+01,1.1815366496582604e+01,1.1815366496582604e+01,4.7285924315704140e+00,3.5239894676721164e+00,5.5238251051391059e+00,3.5239894676721164e+00,1.1278585419540821e+01,1.8569095880578312e+00,9.2614033378632037e+00,1.3634885132385829e+01,1.3634885132385829e+01,4.7285924315704140e+00,1.1278585419540821e+01,1.1815366496582604e+01,4.7285924315704140e+00,1.1815366496582604e+01,2.7275228510824090e+00,2.7275228510824090e+00,4.7285924315704140e+00,1.3634885132385829e+01,1.1278585419540821e+01,2.7275228510824090e+00,7.1696200246843489e+00,1.8569095880578312e+00,1.3634885132385829e+01,5.5238251051391059e+00,3.5239894676721164e+00,1.3634885132385829e+01,1.3634885132385829e+01,7.7167314164950547e+00,1.1815366496582604e+01,5.5238251051391059e+00,1.3634885132385829e+01,1.1815366496582604e+01,1.3634885132385829e+01,1.3634885132385829e+01,1.1278585419540821e+01,1.3634885132385829e+01,8.6027686660615155e-01,5.5238251051391059e+00,7.1696200246843489e+00,9.2614033378632037e+00,1.1878981582521549e+01,1.3634885132385829e+01,7.7167314164950547e+00,1.1815366496582604e+01,4.7285924315704140e+00,5.5238251051391059e+00,9.2614033378632037e+00,1.1278585419540821e+01,1.1815366496582604e+01,1.1815366496582604e+01,1.1815366496582604e+01,1.1815366496582604e+01,9.6745764374620080e+00,1.1815366496582604e+01,1.1815366496582604e+01,1.1278585419540821e+01,7.1696200246843489e+00,4.7285924315704140e+00,1.1815366496582604e+01,8.6027686660615155e-01,1.1878981582521549e+01,1.1815366496582604e+01,1.1278585419540821e+01,1.8569095880578312e+00,1.1815366496582604e+01,9.2614033378632037e+00,1.1815366496582604e+01,2.7275228510824090e+00,8.6027686660615155e-01,1.1815366496582604e+01,1.3634885132385829e+01,1.1815366496582604e+01,1.1815366496582604e+01,1.1278585419540821e+01,7.1696200246843489e+00,5.8261027458678569e+00,4.7285924315704140e+00,2.7275228510824090e+00,5.5238251051391059e+00,1.1278585419540821e+01,5.8261027458678569e+00,5.8261027458678569e+00,1.3634885132385829e+01,7.1696200246843489e+00,1.1815366496582604e+01,7.1696200246843489e+00,1.1278585419540821e+01,1.1278585419540821e+01,1.1278585419540821e+01,1.3634885132385829e+01,1.1278585419540821e+01,5.5238251051391059e+00,1.1815366496582604e+01,1.1278585419540821e+01,1.1278585419540821e+01,1.3634885132385829e+01,1.3634885132385829e+01,5.5238251051391059e+00,1.3634885132385829e+01,5.5238251051391059e+00,2.7275228510824090e+00,9.2614033378632037e+00,5.8261027458678569e+00,9.6745764374620080e+00,1.1815366496582604e+01,8.6027686660615155e-01,5.8261027458678569e+00,5.5238251051391059e+00,0.0000000000000000e+00,5.8261027458678569e+00,1.1815366496582604e+01,1.1278585419540821e+01,5.8261027458678569e+00,4.7285924315704140e+00,7.1696200246843489e+00,5.8261027458678569e+00,1.1278585419540821e+01,9.2614033378632037e+00,7.1696200246843489e+00,1.1815366496582604e+01,1.1815366496582604e+01,1.3634885132385829e+01,3.5239894676721164e+00,1.1815366496582604e+01,9.6745764374620080e+00,1.1815366496582604e+01,9.6745764374620080e+00,9.6745764374620080e+00,9.6745764374620080e+00,1.3634885132385829e+01,1.1278585419540821e+01,1.1815366496582604e+01,1.1815366496582604e+01,9.2614033378632037e+00,2.7275228510824090e+00,9.6745764374620080e+00,1.1815366496582604e+01,9.6745764374620080e+00,1.1815366496582604e+01,1.3634885132385829e+01,1.3634885132385829e+01,9.2614033378632037e+00,1.8569095880578312e+00,1.1815366496582604e+01,5.5238251051391059e+00,5.5238251051391059e+00,1.3634885132385829e+01,1.1815366496582604e+01,9.6745764374620080e+00,8.6027686660615155e-01,1.8569095880578312e+00,5.5238251051391059e+00,1.8569095880578312e+00,9.2614033378632037e+00,9.6745764374620080e+00,9.6745764374620080e+00,2.7275228510824090e+00,9.6745764374620080e+00,9.6745764374620080e+00,1.1278585419540821e+01,1.1278585419540821e+01,1.1278585419540821e+01,5.5238251051391059e+00,1.1815366496582604e+01,7.7167314164950547e+00,1.1278585419540821e+01,9.6745764374620080e+00,3.5239894676721164e+00,5.8261027458678569e+00,1.1815366496582604e+01,1.1815366496582604e+01,1.1278585419540821e+01,4.7285924315704140e+00,1.3634885132385829e+01,5.8261027458678569e+00,3.5239894676721164e+00,7.1696200246843489e+00,9.2614033378632037e+00,9.2614033378632037e+00,7.1696200246843489e+00,1.1278585419540821e+01,1.3634885132385829e+01,0.0000000000000000e+00,1.3634885132385829e+01,5.8261027458678569e+00,1.1278585419540821e+01,1.1815366496582604e+01,9.2614033378632037e+00,1.1815366496582604e+01,3.5239894676721164e+00,1.1878981582521549e+01,9.6745764374620080e+00,5.8261027458678569e+00,1.1878981582521549e+01,1.1878981582521549e+01,1.1278585419540821e+01,7.1696200246843489e+00,1.1815366496582604e+01,1.1815366496582604e+01,1.1278585419540821e+01,5.5238251051391059e+00,5.5238251051391059e+00,1.1815366496582604e+01,9.6745764374620080e+00,7.1696200246843489e+00,1.3634885132385829e+01,1.1878981582521549e+01,7.7167314164950547e+00,8.6027686660615155e-01,1.3634885132385829e+01,9.6745764374620080e+00,3.5239894676721164e+00,9.6745764374620080e+00,5.8261027458678569e+00,3.5239894676721164e+00,9.6745764374620080e+00,1.3634885132385829e+01,3.5239894676721164e+00,2.7275228510824090e+00,5.5238251051391059e+00,1.1878981582521549e+01,1.1878981582521549e+01,0.0000000000000000e+00,7.7167314164950547e+00,7.7167314164950547e+00,1.1815366496582604e+01,9.6745764374620080e+00,1.3634885132385829e+01,9.2614033378632037e+00,2.7275228510824090e+00,1.1278585419540821e+01,9.2614033378632037e+00,1.1815366496582604e+01,1.1815366496582604e+01,5.5238251051391059e+00,1.3634885132385829e+01,2.7275228510824090e+00,1.8569095880578312e+00,1.1878981582521549e+01,5.5238251051391059e+00,1.1815366496582604e+01,5.5238251051391059e+00,1.1815366496582604e+01,7.7167314164950547e+00,1.3634885132385829e+01,1.1278585419540821e+01,7.7167314164950547e+00,1.1815366496582604e+01,5.5238251051391059e+00,0.0000000000000000e+00,1.1878981582521549e+01,1.3634885132385829e+01,4.7285924315704140e+00,9.6745764374620080e+00,9.6745764374620080e+00,5.8261027458678569e+00,9.6745764374620080e+00,1.8569095880578312e+00,1.3634885132385829e+01,3.5239894676721164e+00,1.3634885132385829e+01,1.1278585419540821e+01,1.3634885132385829e+01,5.8261027458678569e+00,1.1815366496582604e+01,9.6745764374620080e+00,5.5238251051391059e+00,9.6745764374620080e+00,1.3634885132385829e+01,5.5238251051391059e+00,1.3634885132385829e+01,5.8261027458678569e+00,1.1815366496582604e+01,2.7275228510824090e+00,1.3634885132385829e+01,5.8261027458678569e+00,1.3634885132385829e+01,4.7285924315704140e+00,8.6027686660615155e-01,1.3634885132385829e+01,1.1815366496582604e+01,1.3634885132385829e+01,2.7275228510824090e+00,1.1815366496582604e+01,8.6027686660615155e-01,0.0000000000000000e+00,1.3634885132385829e+01,1.3634885132385829e+01,1.3634885132385829e+01,1.1878981582521549e+01,1.3634885132385829e+01,1.3634885132385829e+01,5.5238251051391059e+00,1.3634885132385829e+01,5.5238251051391059e+00,2.7275228510824090e+00,1.3634885132385829e+01,5.8261027458678569e+00,5.5238251051391059e+00,3.5239894676721164e+00,0.0000000000000000e+00,9.6745764374620080e+00,5.5238251051391059e+00,1.3634885132385829e+01,2.7275228510824090e+00,1.1878981582521549e+01,1.3634885132385829e+01,1.1878981582521549e+01,2.7275228510824090e+00,1.1815366496582604e+01,2.7275228510824090e+00,1.3634885132385829e+01,1.1878981582521549e+01,7.7167314164950547e+00,7.7167314164950547e+00,1.3634885132385829e+01,1.3634885132385829e+01,5.5238251051391059e+00,1.3634885132385829e+01,5.8261027458678569e+00,1.1815366496582604e+01,1.3634885132385829e+01,1.8569095880578312e+00,1.1878981582521549e+01,7.7167314164950547e+00,5.8261027458678569e+00,9.6745764374620080e+00,9.6745764374620080e+00,1.1815366496582604e+01,7.7167314164950547e+00,9.6745764374620080e+00,1.1815366496582604e+01,1.1815366496582604e+01,9.6745764374620080e+00,9.2614033378632037e+00,1.1878981582521549e+01,1.1878981582521549e+01,1.1878981582521549e+01,1.1878981582521549e+01,1.3634885132385829e+01,5.8261027458678569e+00,5.8261027458678569e+00,1.3634885132385829e+01,4.7285924315704140e+00,4.7285924315704140e+00,1.3634885132385829e+01,4.7285924315704140e+00,3.5239894676721164e+00,1.1878981582521549e+01,0.0000000000000000e+00,1.3634885132385829e+01,7.7167314164950547e+00,8.6027686660615155e-01,1.1815366496582604e+01,1.3634885132385829e+01,5.5238251051391059e+00,0.0000000000000000e+00,7.7167314164950547e+00,7.7167314164950547e+00,7.1696200246843489e+00,5.8261027458678569e+00,1.3634885132385829e+01,1.1278585419540821e+01,9.6745764374620080e+00,7.7167314164950547e+00,1.1815366496582604e+01,4.7285924315704140e+00,7.7167314164950547e+00,5.8261027458678569e+00,3.5239894676721164e+00,1.1815366496582604e+01,1.1815366496582604e+01,7.1696200246843489e+00,5.8261027458678569e+00,4.7285924315704140e+00,1.1815366496582604e+01,1.1878981582521549e+01,7.1696200246843489e+00,9.2614033378632037e+00,5.8261027458678569e+00,9.6745764374620080e+00,1.1878981582521549e+01,1.1878981582521549e+01,1.1815366496582604e+01,9.2614033378632037e+00,1.1878981582521549e+01,9.6745764374620080e+00,4.7285924315704140e+00,9.6745764374620080e+00,5.8261027458678569e+00,9.6745764374620080e+00,1.1878981582521549e+01,8.6027686660615155e-01,4.7285924315704140e+00,5.5238251051391059e+00,1.3634885132385829e+01,9.2614033378632037e+00,5.5238251051391059e+00,1.3634885132385829e+01,1.1815366496582604e+01,3.5239894676721164e+00,9.2614033378632037e+00,2.7275228510824090e+00,1.1815366496582604e+01,1.1815366496582604e+01,1.1878981582521549e+01,1.1878981582521549e+01,1.1878981582521549e+01,1.1878981582521549e+01,5.5238251051391059e+00,5.8261027458678569e+00,5.8261027458678569e+00,2.7275228510824090e+00,1.1878981582521549e+01,3.5239894676721164e+00,1.1815366496582604e+01,1.1815366496582604e+01,7.1696200246843489e+00,1.3634885132385829e+01,7.1696200246843489e+00,9.6745764374620080e+00,1.3634885132385829e+01,1.3634885132385829e+01,1.1278585419540821e+01,1.3634885132385829e+01,1.3634885132385829e+01,7.7167314164950547e+00,1.1815366496582604e+01,1.1815366496582604e+01,1.3634885132385829e+01,1.1815366496582604e+01,1.8569095880578312e+00,1.3634885132385829e+01,7.1696200246843489e+00,5.5238251051391059e+00,5.5238251051391059e+00,5.5238251051391059e+00,5.5238251051391059e+00,9.6745764374620080e+00,9.6745764374620080e+00,1.1878981582521549e+01,9.6745764374620080e+00,1.3634885132385829e+01,9.6745764374620080e+00,9.6745764374620080e+00,1.3634885132385829e+01,9.2614033378632037e+00,0.0000000000000000e+00,7.1696200246843489e+00,9.2614033378632037e+00,2.7275228510824090e+00,1.1278585419540821e+01,1.1278585419540821e+01,1.1815366496582604e+01,7.7167314164950547e+00,1.1278585419540821e+01,1.1815366496582604e+01,1.1815366496582604e+01,1.1815366496582604e+01,8.6027686660615155e-01,8.6027686660615155e-01,1.1878981582521549e+01,1.1278585419540821e+01,1.1815366496582604e+01,1.1278585419540821e+01,5.5238251051391059e+00,0.0000000000000000e+00,7.7167314164950547e+00,3.5239894676721164e+00,1.3634885132385829e+01,1.3634885132385829e+01,1.3634885132385829e+01,1.3634885132385829e+01,8.6027686660615155e-01,1.1815366496582604e+01,1.1278585419540821e+01,1.1815366496582604e+01,9.6745764374620080e+00,9.6745764374620080e+00,9.6745764374620080e+00,9.6745764374620080e+00,1.1278585419540821e+01,1.3634885132385829e+01,1.1815366496582604e+01,1.1878981582521549e+01,1.1815366496582604e+01,4.7285924315704140e+00,4.7285924315704140e+00,2.7275228510824090e+00,1.1878981582521549e+01,9.6745764374620080e+00,5.8261027458678569e+00,5.8261027458678569e+00,1.3634885132385829e+01,5.8261027458678569e+00,1.3634885132385829e+01,9.6745764374620080e+00,9.6745764374620080e+00,1.3634885132385829e+01,0.0000000000000000e+00,9.6745764374620080e+00,1.3634885132385829e+01,1.1278585419540821e+01,0.0000000000000000e+00,1.1815366496582604e+01,4.7285924315704140e+00,1.1815366496582604e+01,1.3634885132385829e+01,1.1878981582521549e+01,5.5238251051391059e+00,1.1878981582521549e+01,2.7275228510824090e+00,9.6745764374620080e+00,9.2614033378632037e+00,1.1878981582521549e+01,1.1878981582521549e+01,1.3634885132385829e+01,1.1815366496582604e+01,9.6745764374620080e+00,9.6745764374620080e+00,4.7285924315704140e+00,5.8261027458678569e+00,9.6745764374620080e+00,1.1815366496582604e+01,1.1815366496582604e+01,0.0000000000000000e+00,5.5238251051391059e+00,1.1815366496582604e+01,4.7285924315704140e+00,4.7285924315704140e+00,9.6745764374620080e+00,1.1878981582521549e+01,9.6745764374620080e+00,9.6745764374620080e+00,5.5238251051391059e+00,5.8261027458678569e+00,9.6745764374620080e+00,1.1815366496582604e+01,3.5239894676721164e+00,1.1815366496582604e+01,3.5239894676721164e+00,7.1696200246843489e+00,9.6745764374620080e+00,9.6745764374620080e+00,5.5238251051391059e+00,3.5239894676721164e+00,5.8261027458678569e+00,7.1696200246843489e+00,5.5238251051391059e+00,1.1815366496582604e+01,1.1878981582521549e+01,7.1696200246843489e+00,7.7167314164950547e+00,4.7285924315704140e+00,9.2614033378632037e+00,1.1878981582521549e+01,1.1878981582521549e+01,1.1278585419540821e+01,1.1815366496582604e+01,3.5239894676721164e+00,1.1878981582521549e+01,1.1815366496582604e+01,1.1815366496582604e+01,9.6745764374620080e+00,1.1878981582521549e+01,1.3634885132385829e+01,1.1815366496582604e+01,7.7167314164950547e+00,1.1815366496582604e+01,5.5238251051391059e+00,9.6745764374620080e+00,9.6745764374620080e+00,9.6745764374620080e+00,1.1815366496582604e+01,3.5239894676721164e+00,5.8261027458678569e+00,4.7285924315704140e+00,1.8569095880578312e+00,1.3634885132385829e+01,1.1278585419540821e+01,3.5239894676721164e+00,0.0000000000000000e+00,1.1815366496582604e+01,9.6745764374620080e+00,1.1878981582521549e+01,2.7275228510824090e+00,9.2614033378632037e+00,9.2614033378632037e+00,9.2614033378632037e+00,1.1815366496582604e+01,9.2614033378632037e+00,9.2614033378632037e+00,0.0000000000000000e+00,5.8261027458678569e+00,7.1696200246843489e+00,1.1878981582521549e+01,3.5239894676721164e+00,7.1696200246843489e+00,2.7275228510824090e+00,7.1696200246843489e+00,1.1878981582521549e+01,5.8261027458678569e+00,5.8261027458678569e+00,9.6745764374620080e+00,8.6027686660615155e-01,1.1878981582521549e+01,5.5238251051391059e+00,7.1696200246843489e+00,0.0000000000000000e+00
1.1249424835431846e+01,7.9777562000294706e+00,1.0304174046274067e+01,7.9777562000294706e+00,7.9777562000294706e+00,5.1192302447895290e+00,1.1249424835431846e+01,5.1192302447895290e+00,7.9777562000294706e+00,1.3467823283849114e+01,1.3467823283849114e+01,1.1249424835431846e+01,1.1060360617555908e+01,1.0304174046274067e+01,1.8534792900770705e+00,6.9983520122638190e+00,6.9983520122638190e+00,3.6069035208607358e+00,3.6069035208607358e+00,3.6069035208607358e+00,3.6069035208607358e+00,8.9000791822150072e-01,1.0304174046274067e+01,1.0304174046274067e+01,8.9000791822150072e-01,1.1249424835431846e+01,1.1249424835431846e+01,5.1192302447895290e+00,1.1249424835431846e+01,1.1249424835431846e+01,8.9000791822150072e-01,1.1249424835431846e+01,1.3467823283849114e+01,1.0651021516414160e+01,1.3467823283849114e+01,1.1249424835431846e+01,1.1249424835431846e+01,1.1705793204086831e+01,3.6069035208607358e+00,7.9777562000294706e+00,1.1249424835431846e+01,1.1249424835431846e+01,5.1192302447895290e+00,1.1249424835431846e+01,1.1249424835431846e+01,1.1249424835431846e+01,2.9863330688389964e+00,2.9863330688389964e+00,2.9863330688389964e+00,2.9863330688389964e+00,2.9863330688389964e+00,1.1249424835431846e+01,1.1249424835431846e+01,1.1249424835431846e+01,1.1249424835431846e+01,1.0651021516414160e+01,1.1060360617555908e+01,1.0651021516414160e+01,6.9983520122638190e+00,0.0000000000000000e+00,1.0651021516414160e+01,1.0304174046274067e+01,1.8534792900770705e+00,1.1060360617555908e+01,0.0000000000000000e+00,1.1060360617555908e+01,1.0651021516414160e+01,1.3467823283849114e+01,1.0304174046274067e+01,0.0000000000000000e+00,5.1192302447895290e+00,8.9000791822150072e-01,1.0651021516414160e+01,1.0651021516414160e+01,1.0651021516414160e+01,1.0651021516414160e+01,7.9777562000294706e+00,5.1192302447895290e+00,1.8534792900770705e+00,1.1249424835431846e+01,8.9000791822150072e-01,1.1249424835431846e+01,1.1249424835431846e+01,1.1249424835431846e+01,1.1249424835431846e+01,6.9983520122638190e+00,5.1192302447895290e+00,1.0651021516414160e+01,1.0651021516414160e+01,1.0651021516414160e+01,4.6075590055122229e+00,4.6075590055122229e+00,1.1249424835431846e+01,5.1192302447895290e+00,1.1249424835431846e+01,1.1060360617555908e+01,6.9983520122638190e+00,1.1705793204086831e+01,8.9000791822150072e-01,1.1705793204086831e+01,1.1705793204086831e+01,1.1705793204086831e+01,1.1249424835431846e+01,5.1192302447895290e+00,1.1060360617555908e+01,1.0304174046274067e+01,1.1060360617555908e+01,5.1192302447895290e+00,5.1192302447895290e+00,1.1060360617555908e+01,1.1060360617555908e+01,1.1249424835431846e+01,2.9863330688389964e+00,1.1249424835431846e+01,1.1060360617555908e+01,1.1060360617555908e+01,1.1060360617555908e+01,1.1060360617555908e+01,0.0000000000000000e+00,1.1249424835431846e+01,6.2693352285163382e+00,6.2693352285163382e+00,4.6075590055122229e+00,6.2693352285163382e+00,1.1249424835431846e+01,6.9983520122638190e+00,0.0000000000000000e+00,5.1192302447895290e+00,4.6075590055122229e+00,4.6075590055122229e+00,1.1249424835431846e+01,3.6069035208607358e+00,1.1705793204086831e+01,6.2693352285163382e+00,1.1249424835431846e+01,7.9777562000294706e+00,7.9777562000294706e+00,1.3467823283849114e+01,1.3467823283849114e+01,1.0304174046274067e+01,8.9000791822150072e-01,1.1060360617555908e+01,5.1192302447895290e+00,5.1192302447895290e+00,7.9777562000294706e+00,1.1249424835431846e+01,1.1060360617555908e+01,1.1060360617555908e+01,1.1249424835431846e+01,1.3467823283849114e+01,1.3467823283849114e+01,1.1705793204086831e+01,1.1249424835431846e+01,1.1249424835431846e+01,6.2693352285163382e+00,0.0000000000000000e+00,3.6069035208607358e+00,1.1705793204086831e+01,1.0651021516414160e+01,1.1705793204086831e+01,1.1705793204086831e+01,1.1705793204086831e+01,1.0651021516414160e+01,0.0000000000000000e+00,1.1249424835431846e+01,1.1249424835431846e+01,3.6069035208607358e+00,7.9777562000294706e+00,1.0304174046274067e+01,3.6069035208607358e+00,1.0651021516414160e+01,1.1060360617555908e+01,1.1705793204086831e+01,6.9983520122638190e+00,2.9863330688389964e+00,1.1249424835431846e+01,1.1060360617555908e+01,2.9863330688389964e+00,1.1249424835431846e+01,7.9777562000294706e+00,1.1249424835431846e+01,1.1249424835431846e+01,1.1249424835431846e+01,8.9000791822150072e-01,3.6069035208607358e+00,2.9863330688389964e+00,1.1249424835431846e+01,1.1249424835431846e+01,6.9983520122638190e+00,6.9983520122638190e+00,1.1249424835431846e+01,6.2693352285163382e+00,1.1249424835431846e+01,4.6075590055122229e+00,7.9777562000294706e+00,1.3467823283849114e+01,1.1249424835431846e+01,0.0000000000000000e+00,1.3467823283849114e+01,2.9863330688389964e+00,5.1192302447895290e+00,2.9863330688389964e+00,6.2693352285163382e+00,1.3467823283849114e+01,5.1192302447895290e+00,1.3467823283849114e+01,0.0000000000000000e+00,3.6069035208607358e+00,1.3467823283849114e+01,1.3467823283849114e+01,1.1060360617555908e+01,3.6069035208607358e+00,1.3467823283849114e+01,1.1060360617555908e+01,1.0651021516414160e+01,8.9000791822150072e-01,6.2693352285163382e+00,1.1705793204086831e+01,1.3467823283849114e+01,1.1060360617555908e+01,8.9000791822150072e-01,6.9983520122638190e+00,1.3467823283849114e+01,7.9777562000294706e+00,7.9777562000294706e+00,7.9777562000294706e+00,5.1192302447895290e+00,5.1192302447895290e+00,5.1192302447895290e+00,1.0651021516414160e+01,1.8534792900770705e+00,6.2693352285163382e+00,1.8534792900770705e+00,6.2693352285163382e+00,1.0651021516414160e+01,1.0304174046274067e+01,5.1192302447895290e+00,1.0651021516414160e+01,1.1060360617555908e+01,1.0651021516414160e+01,1.1060360617555908e+01,1.1060360617555908e+01,1.1060360617555908e+01,1.3467823283849114e+01,6.2693352285163382e+00,1.3467823283849114e+01,6.9983520122638190e+00,2.9863330688389964e+00,1.0651021516414160e+01,1.1249424835431846e+01,3.6069035208607358e+00,5.1192302447895290e+00,1.3467823283849114e+01,1.3467823283849114e+01,6.9983520122638190e+00,1.1060360617555908e+01,5.1192302447895290e+00,6.9983520122638190e+00,1.3467823283849114e+01,5.1192302447895290e+00,6.2693352285163382e+00,1.1060360617555908e+01,1.1249424835431846e+01,4.6075590055122229e+00,3.6069035208607358e+00,6.9983520122638190e+00,1.3467823283849114e+01,2.9863330688389964e+00,2.9863330688389964e+00,6.2693352285163382e+00,1.0304174046274067e+01,1.3467823283849114e+01,1.3467823283849114e+01,1.3467823283849114e+01,1.1249424835431846e+01,1.1249424835431846e+01,1.1060360617555908e+01,1.0651021516414160e+01,8.9000791822150072e-01,1.1249424835431846e+01,6.2693352285163382e+00,1.3467823283849114e+01,1.1060360617555908e+01,6.9983520122638190e+00,6.9983520122638190e+00,1.3467823283849114e+01,1.1060360617555908e+01,7.9777562000294706e+00,6.9983520122638190e+00,1.3467823283849114e+01,7.9777562000294706e+00,1.3467823283849114e+01,1.0304174046274067e+01,5.1192302447895290e+00,1.3467823283849114e+01,1.1249424835431846e+01,1.3467823283849114e+01,1.1249424835431846e+01,1.3467823283849114e+01,1.3467823283849114e+01,1.0651021516414160e+01,8.9000791822150072e-01,6.9983520122638190e+00,1.1249424835431846e+01,1.1060360617555908e+01,1.3467823283849114e+01,1.3467823283849114e+01,1.1060360617555908e+01,6.2693352285163382e+00,1.1060360617555908e+01,1.1060360617555908e+01,1.1060360617555908e+01,1.1249424835431846e+01,3.6069035208607358e+00,1.1249424835431846e+01,6.2693352285163382e+00,1.1705793204086831e+01,1.1060360617555908e+01,1.0304174046274067e+01,1.0304174046274067e+01,1.8534792900770705e+00,1.8534792900770705e+00,1.0651021516414160e+01,1.8534792900770705e+00,1.3467823283849114e+01,1.1705793204086831e+01,2.9863330688389964e+00,1.1060360617555908e+01,1.1060360617555908e+01,4.6075590055122229e+00,1.1060360617555908e+01,1.3467823283849114e+01,1.0304174046274067e+01,1.3467823283849114e+01,4.6075590055122229e+00,1.0304174046274067e+01,0.0000000000000000e+00,1.1249424835431846e+01,1.1249424835431846e+01,1.3467823283849114e+01,1.1249424835431846e+01,4.6075590055122229e+00,1.1060360617555908e+01,5.1192302447895290e+00,1.1249424835431846e+01,1.1060360617555908e+01,1.0304174046274067e+01,1.0304174046274067e+01,1.0304174046274067e+01,1.0304174046274067e+01,0.0000000000000000e+00,6.9983520122638190e+00,1.0304174046274067e+01,1.3467823283849114e+01,1.1060360617555908e+01,3.6069035208607358e+00,6.9983520122638190e+00,1.0304174046274067e+01,1.1060360617555908e+01,1.3467823283849114e+01,1.0651021516414160e+01,1.8534792900770705e+00,1.1060360617555908e+01,1.0304174046274067e+01,2.9863330688389964e+00,1.3467823283849114e+01,1.0304174046274067e+01,1.1060360617555908e+01,1.1060360617555908e+01,1.1060360617555908e+01,2.9863330688389964e+00,1.1060360617555908e+01,1.1705793204086831e+01,1.1705793204086831e+01,1.1705793204086831e+01,1.1705793204086831e+01,0.0000000000000000e+00,1.0304174046274067e+01,1.3467823283849114e+01,1.1249424835431846e+01,1.1249424835431846e+01,1.0304174046274067e+01,3.6069035208607358e+00,1.3467823283849114e+01,2.9863330688389964e+00,1.1249424835431846e+01,1.1249424835431846e+01,1.1705793204086831e+01,1.1249424835431846e+01,1.1705793204086831e+01,1.1249424835431846e+01,1.1705793204086831e+01,6.9983520122638190e+00,1.8534792900770705e+00,4.6075590055122229e+00,8.9000791822150072e-01,1.1060360617555908e+01,6.9983520122638190e+00,1.1060360617555908e+01,1.1249424835431846e+01,4.6075590055122229e+00,6.9983520122638190e+00,8.9000791822150072e-01,3.6069035208607358e+00,6.9983520122638190e+00,1.1249424835431846e+01,1.1249424835431846e+01,1.1249424835431846e+01,1.1705793204086831e+01,6.9983520122638190e+00,1.1249424835431846e+01,1.0651021516414160e+01,1.1249424835431846e+01,1.1060360617555908e+01,5.1192302447895290e+00,1.1705793204086831e+01,1.0651021516414160e+01,1.0651021516414160e+01,1.3467823283849114e+01,3.6069035208607358e+00,1.1249424835431846e+01,1.1249424835431846e+01,4.6075590055122229e+00,6.2693352285163382e+00,1.0304174046274067e+01,7.9777562000294706e+00,1.1060360617555908e+01,1.1060360617555908e+01,1.1705793204086831e+01,1.1060360617555908e+01,6.2693352285163382e+00,1.3467823283849114e+01,8.9000791822150072e-01,0.0000000000000000e+00,7.9777562000294706e+00,1.1060360617555908e+01,1.0651021516414160e+01,1.1060360617555908e+01,1.1249424835431846e+01,1.3467823283849114e+01,1.1060360617555908e+01,1.0304174046274067e+01,6.2693352285163382e+00,1.3467823283849114e+01,1.3467823283849114e+01,1.1249424835431846e+01,1.0304174046274067e+01,6.9983520122638190e+00,1.3467823283849114e+01,4.6075590055122229e+00,1.0304174046274067e+01,1.3467823283849114e+01,1.0304174046274067e+01,1.3467823283849114e+01,1.8534792900770705e+00,6.2693352285163382e+00,3.6069035208607358e+00,2.9863330688389964e+00,1.1060360617555908e+01,1.3467823283849114e+01,0.0000000000000000e+00,1.3467823283849114e+01,1.3467823283849114e+01,1.3467823283849114e+01,5.1192302447895290e+00,1.1060360617555908e+01,1.3467823283849114e+01,1.1060360617555908e+01,1.3467823283849114e+01,1.3467823283849114e+01,6.9983520122638190e+00,5.1192302447895290e+00,0.0000000000000000e+00,0.0000000000000000e+00,2.9863330688389964e+00,2.9863330688389964e+00,1.0304174046274067e+01,7.9777562000294706e+00,2.9863330688389964e+00,1.3467823283849114e+01,1.8534792900770705e+00,1.3467823283849114e+01,4.6075590055122229e+00,1.1705793204086831e+01,1.1705793204086831e+01,1.3467823283849114e+01,6.9983520122638190e+00,1.1060360617555908e+01,1.1705793204086831e+01,8.9000791822150072e-01,5.1192302447895290e+00,5.1192302447895290e+00,5.1192302447895290e+00,1.3467823283849114e+01,3.6069035208607358e+00,1.3467823283849114e+01,1.1249424835431846e+01,6.2693352285163382e+00,1.1705793204086831e+01,1.1705793204086831e+01,1.1705793204086831e+01,3.6069035208607358e+00,1.1705793204086831e+01,1.8534792900770705e+00,1.1249424835431846e+01,1.1060360617555908e+01,1.1060360617555908e+01,4.6075590055122229e+00,5.1192302447895290e+00,1.1705793204086831e+01,3.6069035208607358e+00,7.9777562000294706e+00,1.8534792900770705e+00,6.9983520122638190e+00,1.0651021516414160e+01,0.0000000000000000e+00,7.9777562000294706e+00,1.1249424835431846e+01,6.2693352285163382e+00,6.2693352285163382e+00,7.9777562000294706e+00,1.1060360617555908e+01,3.6069035208607358e+00,1.3467823283849114e+01,1.1705793204086831e+01,8.9000791822150072e-01,1.1705793204086831e+01,6.9983520122638190e+00,1.0651021516414160e+01,6.9983520122638190e+00,1.0651021516414160e+01,1.1705793204086831e+01,8.9000791822150072e-01,1.3467823283849114e+01,1.1705793204086831e+01,1.3467823283849114e+01,1.3467823283849114e+01,1.1705793204086831e+01,6.9983520122638190e+00,1.1705793204086831e+01,1.3467823283849114e+01,3.6069035208607358e+00,1.8534792900770705e+00,1.3467823283849114e+01,1.0651021516414160e+01,1.8534792900770705e+00,5.1192302447895290e+00,6.2693352285163382e+00,1.1705793204086831e+01,4.6075590055122229e+00,1.0304174046274067e+01,1.3467823283849114e+01,1.1249424835431846e+01,1.1060360617555908e+01,1.0304174046274067e+01,1.1249424835431846e+01,1.1060360617555908e+01,1.1249424835431846e+01,1.3467823283849114e+01,1.3467823283849114e+01,5.1192302447895290e+00,1.0304174046274067e+01,1.0651021516414160e+01,1.3467823283849114e+01,7.9777562000294706e+00,1.1249424835431846e+01,1.1249424835431846e+01,3.6069035208607358e+00,1.1249424835431846e+01,2.9863330688389964e+00,1.8534792900770705e+00,8.9000791822150072e-01,1.0304174046274067e+01,6.2693352285163382e+00,1.8534792900770705e+00,1.1060360617555908e+01,1.0651021516414160e+01,1.1705793204086831e+01,6.2693352285163382e+00,1.3467823283849114e+01,8.9000791822150072e-01,1.3467823283849114e+01,0.0000000000000000e+00,1.1249424835431846e+01,1.3467823283849114e+01,1.1249424835431846e+01,1.3467823283849114e+01,1.1705793204086831e+01,3.6069035208607358e+00,7.9777562000294706e+00,8.9000791822150072e-01,1.0651021516414160e+01,1.1060360617555908e+01,1.1705793204086831e+01,1.1705793204086831e+01,1.0304174046274067e+01,1.1705793204086831e+01,1.1060360617555908e+01,1.0304174046274067e+01,7.9777562000294706e+00,6.2693352285163382e+00,8.9000791822150072e-01,5.1192302447895290e+00,1.1249424835431846e+01,1.0304174046274067e+01,1.1705793204086831e+01,1.1060360617555908e+01,1.1705793204086831e+01,1.1705793204086831e+01,3.6069035208607358e+00,3.6069035208607358e+00,2.9863330688389964e+00,1.1705793204086831e+01,2.9863330688389964e+00,8.9000791822150072e-01,1.1249424835431846e+01,8.9000791822150072e-01,1.1249424835431846e+01,6.9983520122638190e+00,7.9777562000294706e+00,1.1249424835431846e+01,7.9777562000294706e+00,4.6075590055122229e+00,4.6075590055122229e+00,6.9983520122638190e+00,1.0651021516414160e+01,1.0651021516414160e+01,7.9777562000294706e+00,1.3467823283849114e+01,1.1705793204086831e+01,5.1192302447895290e+00,2.9863330688389964e+00,1.0651021516414160e+01,1.0304174046274067e+01,6.2693352285163382e+00,1.0304174046274067e+01,1.1249424835431846e+01,1.0651021516414160e+01,8.9000791822150072e-01,1.1249424835431846e+01,1.1249424835431846e+01,4.6075590055122229e+00,1.1060360617555908e+01,1.1249424835431846e+01,7.9777562000294706e+00,5.1192302447895290e+00,4.6075590055122229e+00,1.8534792900770705e+00,1.8534792900770705e+00,1.1249424835431846e+01,1.1060360617555908e+01,1.1060360617555908e+01,1.3467823283849114e+01,7.9777562000294706e+00,5.1192302447895290e+00,2.9863330688389964e+00,1.1705793204086831e+01,2.9863330688389964e+00,1.3467823283849114e+01,5.1192302447895290e+00,5.1192302447895290e+00,1.1249424835431846e+01,1.1249424835431846e+01,1.0304174046274067e+01,1.1249424835431846e+01,1.1249424835431846e+01,1.1705793204086831e+01,1.0304174046274067e+01,5.1192302447895290e+00,1.0304174046274067e+01,1.3467823283849114e+01,7.9777562000294706e+00,7.9777562000294706e+00,3.6069035208607358e+00,6.2693352285163382e+00,6.2693352285163382e+00,1.1249424835431846e+01,1.8534792900770705e+00,6.9983520122638190e+00,5.1192302447895290e+00,1.0304174046274067e+01,1.8534792900770705e+00,5.1192302447895290e+00,1.1060360617555908e+01,6.9983520122638190e+00,1.0651021516414160e+01,6.9983520122638190e+00,1.1249424835431846e+01,1.1249424835431846e+01,0.0000000000000000e+00,1.1060360617555908e+01,1.1249424835431846e+01,1.1249424835431846e+01,1.0651021516414160e+01,1.0651021516414160e+01,6.2693352285163382e+00,1.1705793204086831e+01,4.6075590055122229e+00,6.2693352285163382e+00,1.1060360617555908e+01,5.1192302447895290e+00,2.9863330688389964e+00,1.0651021516414160e+01,1.1705793204086831e+01,1.0304174046274067e+01,1.1705793204086831e+01,1.0651021516414160e+01,1.1705793204086831e+01,1.1705793204086831e+01,8.9000791822150072e-01,1.3467823283849114e+01,1.1705793204086831e+01,1.0304174046274067e+01,1.1060360617555908e+01,7.9777562000294706e+00,7.9777562000294706e+00,4.6075590055122229e+00,5.1192302447895290e+00,1.0651021516414160e+01,5.1192302447895290e+00,1.1705793204086831e+01,5.1192302447895290e+00,1.1705793204086831e+01,0.0000000000000000e+00,3.6069035208607358e+00,1.1249424835431846e+01,5.1192302447895290e+00,2.9863330688389964e+00,8.9000791822150072e-01,1.1705793204086831e+01,1.0304174046274067e+01,4.6075590055122229e+00,1.1705793204086831e+01,1.1249424835431846e+01,4.6075590055122229e+00,4.6075590055122229e+00,1.0651021516414160e+01,1.1249424835431846e+01,8.9000791822150072e-01,1.1705793204086831e+01,1.1705793204086831e+01,3.6069035208607358e+00,8.9000791822150072e-01,4.6075590055122229e+00,1.1705793204086831e+01,1.1705793204086831e+01,1.0651021516414160e+01,4.6075590055122229e+00,8.9000791822150072e-01,5.1192302447895290e+00,1.1249424835431846e+01,1.8534792900770705e+00,1.1249424835431846e+01,1.1249424835431846e+01,5.1192302447895290e+00,6.2693352285163382e+00,6.2693352285163382e+00,6.2693352285163382e+00,1.1249424835431846e+01,1.0651021516414160e+01,7.9777562000294706e+00,6.2693352285163382e+00,1.1705793204086831e+01,1.1705793204086831e+01,7.9777562000294706e+00,1.0304174046274067e+01,1.0651021516414160e+01,1.0651021516414160e+01,1.8534792900770705e+00,1.1249424835431846e+01,1.1249424835431846e+01,1.1249424835431846e+01,0.0000000000000000e+00,4.6075590055122229e+00,2.9863330688389964e+00,1.1705793204086831e+01,1.1249424835431846e+01,1.0304174046274067e+01,6.9983520122638190e+00,2.9863330688389964e+00,8.9000791822150072e-01,1.1249424835431846e+01,7.9777562000294706e+00,1.1249424835431846e+01,1.1249424835431846e+01,1.1249424835431846e+01,2.9863330688389964e+00,3.6069035208607358e+00,7.9777562000294706e+00,1.3467823283849114e+01,1.1249424835431846e+01,1.3467823283849114e+01,3.6069035208607358e+00,1.1249424835431846e+01,1.1060360617555908e+01,4.6075590055122229e+00,5.1192302447895290e+00,7.9777562000294706e+00,1.1705793204086831e+01,1.1705793204086831e+01,1.8534792900770705e+00,1.1060360617555908e+01,0.0000000000000000e+00,1.3467823283849114e+01,1.0651021516414160e+01,6.9983520122638190e+00,1.3467823283849114e+01,1.1060360617555908e+01,8.9000791822150072e-01,5.1192302447895290e+00,2.9863330688389964e+00,2.9863330688389964e+00,6.2693352285163382e+00,4.6075590055122229e+00,0.0000000000000000e+00,1.1249424835431846e+01,0.0000000000000000e+00,2.9863330688389964e+00,1.0304174046274067e+01,1.0651021516414160e+01,1.3467823283849114e+01,1.3467823283849114e+01,1.1705793204086831e+01,5.1192302447895290e+00,7.9777562000294706e+00,1.1060360617555908e+01,1.3467823283849114e+01,1.1060360617555908e+01,3.6069035208607358e+00,1.1705793204086831e+01,1.1705793204086831e+01,7.9777562000294706e+00,1.3467823283849114e+01,4.6075590055122229e+00,1.1705793204086831e+01,1.3467823283849114e+01,6.9983520122638190e+00,1.1705793204086831e+01,6.9983520122638190e+00,1.3467823283849114e+01,6.9983520122638190e+00,1.3467823283849114e+01,8.9000791822150072e-01,1.1249424835431846e+01,1.1060360617555908e+01,1.0304174046274067e+01,2.9863330688389964e+00,7.9777562000294706e+00,7.9777562000294706e+00,1.1060360617555908e+01,1.3467823283849114e+01,1.0651021516414160e+01,1.0651021516414160e+01,0.0000000000000000e+00,1.3467823283849114e+01,1.1705793204086831e+01,1.8534792900770705e+00,2.9863330688389964e+00,1.1060360617555908e+01,1.3467823283849114e+01,3.6069035208607358e+00,2.9863330688389964e+00,6.2693352285163382e+00,6.2693352285163382e+00,1.1705793204086831e+01,1.3467823283849114e+01,7.9777562000294706e+00,1.0651021516414160e+01,1.1249424835431846e+01,1.3467823283849114e+01,1.1060360617555908e+01,1.1060360617555908e+01,7.9777562000294706e+00,1.1249424835431846e+01,1.1705793204086831e+01,1.1060360617555908e+01,1.3467823283849114e+01,1.1249424835431846e+01,1.0651021516414160e+01,1.1249424835431846e+01,1.0651021516414160e+01,6.2693352285163382e+00,1.1060360617555908e+01,1.1060360617555908e+01,1.0304174046274067e+01,0.0000000000000000e+00,1.0304174046274067e+01,7.9777562000294706e+00,6.2693352285163382e+00,1.0304174046274067e+01,1.8534792900770705e+00,1.3467823283849114e+01,1.3467823283849114e+01,1.1705793204086831e+01,1.3467823283849114e+01,1.3467823283849114e+01,1.3467823283849114e+01,6.9983520122638190e+00,1.3467823283849114e+01,1.3467823283849114e+01,1.3467823283849114e+01,1.0651021516414160e+01,1.3467823283849114e+01,0.0000000000000000e+00,1.8534792900770705e+00,6.2693352285163382e+00,8.9000791822150072e-01,1.0651021516414160e+01,1.1249424835431846e+01,6.2693352285163382e+00,8.9000791822150072e-01,5.1192302447895290e+00,1.1249424835431846e+01,1.0651021516414160e+01,4.6075590055122229e+00,4.6075590055122229e+00,1.0651021516414160e+01,1.0651021516414160e+01,1.0651021516414160e+01,0.0000000000000000e+00,6.9983520122638190e+00,2.9863330688389964e+00,1.3467823283849114e+01,4.6075590055122229e+00,1.3467823283849114e+01,1.3467823283849114e+01,1.1249424835431846e+01,1.1249424835431846e+01,1.1705793204086831e+01,1.1060360617555908e+01,1.0651021516414160e+01,1.1060360617555908e+01,1.3467823283849114e+01,3.6069035208607358e+00,5.1192302447895290e+00,1.1249424835431846e+01,1.3467823283849114e+01,1.3467823283849114e+01,8.9000791822150072e-01,1.1249424835431846e+01,6.2693352285163382e+00,1.0651021516414160e+01,1.1249424835431846e+01,1.1060360617555908e+01,1.1705793204086831e+01,1.1060360617555908e+01,1.1705793204086831e+01,1.3467823283849114e+01,1.1705793204086831e+01,1.3467823283849114e+01,1.0304174046274067e+01,5.1192302447895290e+00,1.1249424835431846e+01,1.0304174046274067e+01,1.1060360617555908e+01,1.1060360617555908e+01,1.3467823283849114e+01,1.0304174046274067e+01,1.0304174046274067e+01,1.3467823283849114e+01,1.0304174046274067e+01,7.9777562000294706e+00,1.1249424835431846e+01,1.3467823283849114e+01,1.3467823283849114e+01,8.9000791822150072e-01,6.2693352285163382e+00,1.1249424835431846e+01,1.1060360617555908e+01,3.6069035208607358e+00,1.1705793204086831e+01,4.6075590055122229e+00,1.8534792900770705e+00,1.1060360617555908e+01,7.9777562000294706e+00,1.3467823283849114e+01,6.2693352285163382e+00,1.8534792900770705e+00,1.1249424835431846e+01,6.9983520122638190e+00,1.1705793204086831e+01,1.3467823283849114e+01,4.6075590055122229e+00,1.1249424835431846e+01,6.9983520122638190e+00,1.0651021516414160e+01,1.3467823283849114e+01,1.1705793204086831e+01,6.9983520122638190e+00,0.0000000000000000e+00,1.3467823283849114e+01,8.9000791822150072e-01,1.3467823283849114e+01,5.1192302447895290e+00,1.3467823283849114e+01,1.0304174046274067e+01,6.9983520122638190e+00,1.1705793204086831e+01,1.0651021516414160e+01,1.0304174046274067e+01
7.4475505058014475e+00,4.7993259921123519e+00,0.0000000000000000e+00,7.4475505058014475e+00,9.5719482436743668e+00,1.3016871563644049e+01,7.4475505058014475e+00,5.7903715341900801e+00,0.0000000000000000e+00,4.7993259921123519e+00,1.4378396219826339e+01,2.4255212912718656e+00,4.7993259921123519e+00,6.1773775924882299e+00,9.5719482436743668e+00,7.4475505058014475e+00,1.4378396219826339e+01,7.4475505058014475e+00,1.4378396219826339e+01,4.7993259921123519e+00,1.4378396219826339e+01,1.4378396219826339e+01,1.4378396219826339e+01,1.4378396219826339e+01,1.4378396219826339e+01,1.2644637500043792e+01,9.5719482436743668e+00,9.5719482436743668e+00,1.3016871563644049e+01,0.0000000000000000e+00,1.4378396219826339e+01,1.4378396219826339e+01,1.4378396219826339e+01,1.4378396219826339e+01,9.7652000982811664e+00,1.2644637500043792e+01,9.7652000982811664e+00,9.7652000982811664e+00,1.3016871563644049e+01,9.5719482436743668e+00,6.1773775924882299e+00,1.4378396219826339e+01,9.7652000982811664e+00,3.9424207327451812e+00,7.2429080202695921e+00,1.4378396219826339e+01,1.1785609794639281e+01,1.2644637500043792e+01,9.5719482436743668e+00,1.1785609794639281e+01,9.5719482436743668e+00,9.7652000982811664e+00,9.5719482436743668e+00,1.4378396219826339e+01,9.7652000982811664e+00,6.1773775924882299e+00,1.9203084436086337e+00,1.9203084436086337e+00,1.3016871563644049e+01,1.3016871563644049e+01,1.9203084436086337e+00,4.7993259921123519e+00,1.9203084436086337e+00,1.3016871563644049e+01,9.7652000982811664e+00,9.7652000982811664e+00,6.1773775924882299e+00,1.3016871563644049e+01,6.1773775924882299e+00,1.3016871563644049e+01,6.1773775924882299e+00,1.4378396219826339e+01,1.4378396219826339e+01,9.6330545331040351e-01,6.1773775924882299e+00,1.3016871563644049e+01,3.9424207327451812e+00,7.2429080202695921e+00,9.6330545331040351e-01,2.4255212912718656e+00,1.4378396219826339e+01,7.2429080202695921e+00,3.9424207327451812e+00,4.7993259921123519e+00,2.4255212912718656e+00,1.1785609794639281e+01,7.2429080202695921e+00,1.4378396219826339e+01,1.4378396219826339e+01,9.7652000982811664e+00,1.1785609794639281e+01,0.0000000000000000e+00,1.9203084436086337e+00,7.2429080202695921e+00,5.7903715341900801e+00,1.1785609794639281e+01,1.2644637500043792e+01,1.3016871563644049e+01,3.9424207327451812e+00,2.4255212912718656e+00,1.1785609794639281e+01,1.1785609794639281e+01,0.0000000000000000e+00,1.1785609794639281e+01,1.3016871563644049e+01,1.3016871563644049e+01,5.7903715341900801e+00,6.1773775924882299e+00,1.4378396219826339e+01,1.4378396219826339e+01,1.4378396219826339e+01,1.4378396219826339e+01,1.4378396219826339e+01,9.5719482436743668e+00,1.2644637500043792e+01,9.5719482436743668e+00,1.2644637500043792e+01,6.1773775924882299e+00,1.2644637500043792e+01,1.2644637500043792e+01,1.4378396219826339e+01,1.9203084436086337e+00,1.4378396219826339e+01,1.3016871563644049e+01,7.4475505058014475e+00,1.9203084436086337e+00,1.2644637500043792e+01,1.1785609794639281e+01,7.4475505058014475e+00,1.1785609794639281e+01,1.1785609794639281e+01,9.7652000982811664e+00,1.4378396219826339e+01,9.6330545331040351e-01,1.2644637500043792e+01,2.4255212912718656e+00,1.1785609794639281e+01,1.1785609794639281e+01,9.5719482436743668e+00,1.1785609794639281e+01,1.2644637500043792e+01,6.1773775924882299e+00,1.2644637500043792e+01,1.1785609794639281e+01,1.2644637500043792e+01,1.2644637500043792e+01,5.7903715341900801e+00,4.7993259921123519e+00,9.6330545331040351e-01,1.2644637500043792e+01,9.5719482436743668e+00,4.7993259921123519e+00,9.5719482436743668e+00,7.2429080202695921e+00,7.4475505058014475e+00,7.4475505058014475e+00,7.4475505058014475e+00,2.4255212912718656e+00,1.3016871563644049e+01,1.3016871563644049e+01,1.1785609794639281e+01,1.3016871563644049e+01,1.1785609794639281e+01,1.1785609794639281e+01,4.7993259921123519e+00,9.5719482436743668e+00,9.5719482436743668e+00,2.4255212912718656e+00,1.4378396219826339e+01,2.4255212912718656e+00,9.6330545331040351e-01,1.9203084436086337e+00,9.5719482436743668e+00,1.1785609794639281e+01,1.2644637500043792e+01,2.4255212912718656e+00,7.2429080202695921e+00,2.4255212912718656e+00,3.9424207327451812e+00,1.1785609794639281e+01,2.4255212912718656e+00,1.2644637500043792e+01,7.2429080202695921e+00,1.4378396219826339e+01,1.4378396219826339e+01,1.2644637500043792e+01,1.4378396219826339e+01,1.4378396219826339e+01,9.7652000982811664e+00,9.7652000982811664e+00,1.4378396219826339e+01,6.1773775924882299e+00,1.4378396219826339e+01,1.4378396219826339e+01,4.7993259921123519e+00,1.4378396219826339e+01,1.4378396219826339e+01,1.4378396219826339e+01,3.9424207327451812e+00,1.4378396219826339e+01,1.4378396219826339e+01,6.1773775924882299e+00,9.5719482436743668e+00,1.4378396219826339e+01,1.4378396219826339e+01,1.4378396219826339e+01,1.4378396219826339e+01,4.7993259921123519e+00,9.6330545331040351e-01,3.9424207327451812e+00,3.9424207327451812e+00,3.9424207327451812e+00,4.7993259921123519e+00,5.7903715341900801e+00,1.4378396219826339e+01,1.3016871563644049e+01,1.4378396219826339e+01,1.4378396219826339e+01,1.4378396219826339e+01,7.2429080202695921e+00,7.2429080202695921e+00,1.4378396219826339e+01,7.2429080202695921e+00,1.9203084436086337e+00,9.5719482436743668e+00,1.4378396219826339e+01,9.5719482436743668e+00,9.5719482436743668e+00,1.9203084436086337e+00,1.4378396219826339e+01,9.7652000982811664e+00,4.7993259921123519e+00,1.1785609794639281e+01,4.7993259921123519e+00,4.7993259921123519e+00,6.1773775924882299e+00,1.4378396219826339e+01,1.1785609794639281e+01,1.1785609794639281e+01,1.4378396219826339e+01,9.7652000982811664e+00,1.4378396219826339e+01,9.5719482436743668e+00,9.7652000982811664e+00,9.5719482436743668e+00,4.7993259921123519e+00,7.2429080202695921e+00,5.7903715341900801e+00,2.4255212912718656e+00,1.3016871563644049e+01,1.3016871563644049e+01,1.3016871563644049e+01,1.2644637500043792e+01,1.3016871563644049e+01,9.5719482436743668e+00,1.2644637500043792e+01,4.7993259921123519e+00,7.4475505058014475e+00,1.4378396219826339e+01,7.4475505058014475e+00,9.6330545331040351e-01,9.5719482436743668e+00,0.0000000000000000e+00,1.4378396219826339e+01,7.4475505058014475e+00,5.7903715341900801e+00,7.4475505058014475e+00,7.4475505058014475e+00,2.4255212912718656e+00,5.7903715341900801e+00,1.4378396219826339e+01,2.4255212912718656e+00,1.4378396219826339e+01,1.4378396219826339e+01,0.0000000000000000e+00,5.7903715341900801e+00,5.7903715341900801e+00,7.4475505058014475e+00,0.0000000000000000e+00,7.2429080202695921e+00,2.4255212912718656e+00,1.4378396219826339e+01,1.2644637500043792e+01,7.4475505058014475e+00,1.9203084436086337e+00,5.7903715341900801e+00,2.4255212912718656e+00,0.0000000000000000e+00,9.6330545331040351e-01,1.4378396219826339e+01,6.1773775924882299e+00,1.9203084436086337e+00,5.7903715341900801e+00,1.4378396219826339e+01,9.6330545331040351e-01,1.4378396219826339e+01,9.6330545331040351e-01,9.7652000982811664e+00,4.7993259921123519e+00,2.4255212912718656e+00,1.3016871563644049e+01,7.4475505058014475e+00,1.4378396219826339e+01,5.7903715341900801e+00,1.4378396219826339e+01,2.4255212912718656e+00,1.3016871563644049e+01,1.4378396219826339e+01,1.3016871563644049e+01,1.4378396219826339e+01,7.2429080202695921e+00,3.9424207327451812e+00,1.3016871563644049e+01,7.2429080202695921e+00,9.7652000982811664e+00,1.2644637500043792e+01,5.7903715341900801e+00,1.4378396219826339e+01,1.4378396219826339e+01,5.7903715341900801e+00,1.4378396219826339e+01,7.2429080202695921e+00,2.4255212912718656e+00,1.2644637500043792e+01,1.1785609794639281e+01,1.9203084436086337e+00,1.3016871563644049e+01,1.4378396219826339e+01,1.4378396219826339e+01,9.7652000982811664e+00,1.4378396219826339e+01,1.4378396219826339e+01,1.4378396219826339e+01,1.4378396219826339e+01,1.4378396219826339e+01,1.2644637500043792e+01,1.2644637500043792e+01,4.7993259921123519e+00,1.1785609794639281e+01,1.4378396219826339e+01,1.4378396219826339e+01,1.9203084436086337e+00,3.9424207327451812e+00,3.9424207327451812e+00,1.2644637500043792e+01,5.7903715341900801e+00,2.4255212912718656e+00,7.2429080202695921e+00,1.3016871563644049e+01,7.2429080202695921e+00,1.2644637500043792e+01,1.1785609794639281e+01,1.3016871563644049e+01,1.4378396219826339e+01,1.4378396219826339e+01,4.7993259921123519e+00,1.3016871563644049e+01,0.0000000000000000e+00,1.4378396219826339e+01,4.7993259921123519e+00,7.2429080202695921e+00,1.1785609794639281e+01,1.9203084436086337e+00,7.4475505058014475e+00,1.1785609794639281e+01,1.1785609794639281e+01,3.9424207327451812e+00,1.2644637500043792e+01,0.0000000000000000e+00,1.3016871563644049e+01,7.4475505058014475e+00,1.1785609794639281e+01,1.4378396219826339e+01,0.0000000000000000e+00,1.1785609794639281e+01,4.7993259921123519e+00,7.4475505058014475e+00,1.3016871563644049e+01,9.6330545331040351e-01,9.5719482436743668e+00,1.4378396219826339e+01,1.3016871563644049e+01,3.9424207327451812e+00,7.4475505058014475e+00,4.7993259921123519e+00,1.3016871563644049e+01,3.9424207327451812e+00,7.2429080202695921e+00,3.9424207327451812e+00,1.4378396219826339e+01,2.4255212912718656e+00,6.1773775924882299e+00,1.1785609794639281e+01,9.5719482436743668e+00,7.2429080202695921e+00,1.4378396219826339e+01,1.4378396219826339e+01,7.2429080202695921e+00,1.3016871563644049e+01,1.1785609794639281e+01,1.4378396219826339e+01,1.4378396219826339e+01,1.2644637500043792e+01,1.2644637500043792e+01,1.1785609794639281e+01,1.1785609794639281e+01,1.2644637500043792e+01,1.2644637500043792e+01,1.2644637500043792e+01,9.6330545331040351e-01,1.4378396219826339e+01,1.4378396219826339e+01,3.9424207327451812e+00,1.9203084436086337e+00,1.4378396219826339e+01,1.2644637500043792e+01,9.5719482436743668e+00,9.7652000982811664e+00,7.4475505058014475e+00,2.4255212912718656e+00,1.2644637500043792e+01,1.4378396219826339e+01,1.4378396219826339e+01,5.7903715341900801e+00,0.0000000000000000e+00,0.0000000000000000e+00,9.7652000982811664e+00,1.1785609794639281e+01,1.4378396219826339e+01,4.7993259921123519e+00,9.7652000982811664e+00,2.4255212912718656e+00,1.4378396219826339e+01,9.7652000982811664e+00,3.9424207327451812e+00,1.3016871563644049e+01,1.3016871563644049e+01,2.4255212912718656e+00,2.4255212912718656e+00,7.2429080202695921e+00,1.1785609794639281e+01,4.7993259921123519e+00,7.2429080202695921e+00,1.3016871563644049e+01,1.2644637500043792e+01,1.2644637500043792e+01,6.1773775924882299e+00,7.2429080202695921e+00,9.7652000982811664e+00,7.2429080202695921e+00,7.2429080202695921e+00,6.1773775924882299e+00,9.6330545331040351e-01,1.3016871563644049e+01,1.4378396219826339e+01,7.4475505058014475e+00,1.3016871563644049e+01,1.4378396219826339e+01,1.3016871563644049e+01,9.7652000982811664e+00,7.2429080202695921e+00,1.3016871563644049e+01,7.2429080202695921e+00,1.3016871563644049e+01,1.3016871563644049e+01,0.0000000000000000e+00,2.4255212912718656e+00,1.3016871563644049e+01,1.3016871563644049e+01,6.1773775924882299e+00,1.3016871563644049e+01,7.4475505058014475e+00,1.9203084436086337e+00,9.5719482436743668e+00,1.4378396219826339e+01,1.3016871563644049e+01,9.7652000982811664e+00,1.4378396219826339e+01,1.3016871563644049e+01,1.1785609794639281e+01,1.2644637500043792e+01,1.1785609794639281e+01,4.7993259921123519e+00,5.7903715341900801e+00,1.3016871563644049e+01,5.7903715341900801e+00,1.3016871563644049e+01,1.3016871563644049e+01,9.5719482436743668e+00,9.5719482436743668e+00,5.7903715341900801e+00,1.4378396219826339e+01,1.3016871563644049e+01,5.7903715341900801e+00,6.1773775924882299e+00,1.9203084436086337e+00,1.4378396219826339e+01,4.7993259921123519e+00,4.7993259921123519e+00,6.1773775924882299e+00,4.7993259921123519e+00,1.2644637500043792e+01,1.3016871563644049e+01,4.7993259921123519e+00,1.3016871563644049e+01,1.1785609794639281e+01,9.6330545331040351e-01,7.4475505058014475e+00,7.4475505058014475e+00,3.9424207327451812e+00,1.1785609794639281e+01,1.3016871563644049e+01,3.9424207327451812e+00,1.3016871563644049e+01,1.9203084436086337e+00,1.4378396219826339e+01,1.4378396219826339e+01,1.4378396219826339e+01,5.7903715341900801e+00,7.4475505058014475e+00,1.4378396219826339e+01,1.9203084436086337e+00,5.7903715341900801e+00,1.3016871563644049e+01,1.1785609794639281e+01,9.6330545331040351e-01,3.9424207327451812e+00,1.1785609794639281e+01,1.1785609794639281e+01,9.7652000982811664e+00,1.1785609794639281e+01,5.7903715341900801e+00,1.4378396219826339e+01,1.1785609794639281e+01,7.4475505058014475e+00,1.1785609794639281e+01,2.4255212912718656e+00,5.7903715341900801e+00,9.5719482436743668e+00,9.5719482436743668e+00,9.5719482436743668e+00,1.4378396219826339e+01,1.1785609794639281e+01,3.9424207327451812e+00,3.9424207327451812e+00,1.3016871563644049e+01,1.1785609794639281e+01,1.4378396219826339e+01,1.2644637500043792e+01,3.9424207327451812e+00,9.7652000982811664e+00,1.1785609794639281e+01,1.4378396219826339e+01,1.1785609794639281e+01,1.1785609794639281e+01,1.1785609794639281e+01,1.4378396219826339e+01,1.1785609794639281e+01,5.7903715341900801e+00,1.2644637500043792e+01,1.2644637500043792e+01,1.4378396219826339e+01,0.0000000000000000e+00,9.6330545331040351e-01,1.1785609794639281e+01,1.4378396219826339e+01,1.2644637500043792e+01,7.4475505058014475e+00,9.7652000982811664e+00,7.4475505058014475e+00,1.4378396219826339e+01,9.6330545331040351e-01,2.4255212912718656e+00,1.1785609794639281e+01,1.4378396219826339e+01,1.1785609794639281e+01,1.2644637500043792e+01,1.2644637500043792e+01,2.4255212912718656e+00,1.4378396219826339e+01,1.1785609794639281e+01,1.1785609794639281e+01,2.4255212912718656e+00,1.3016871563644049e+01,1.3016871563644049e+01,9.7652000982811664e+00,1.4378396219826339e+01,9.6330545331040351e-01,4.7993259921123519e+00,1.4378396219826339e+01,1.1785609794639281e+01,9.7652000982811664e+00,3.9424207327451812e+00,1.4378396219826339e+01,1.4378396219826339e+01,7.2429080202695921e+00,4.7993259921123519e+00,1.4378396219826339e+01,4.7993259921123519e+00,1.9203084436086337e+00,1.4378396219826339e+01,7.4475505058014475e+00,1.3016871563644049e+01,1.4378396219826339e+01,4.7993259921123519e+00,9.7652000982811664e+00,1.4378396219826339e+01,2.4255212912718656e+00,6.1773775924882299e+00,1.1785609794639281e+01,1.4378396219826339e+01,1.2644637500043792e+01,9.5719482436743668e+00,0.0000000000000000e+00,1.2644637500043792e+01,9.7652000982811664e+00,1.4378396219826339e+01,1.3016871563644049e+01,9.6330545331040351e-01,2.4255212912718656e+00,1.9203084436086337e+00,9.7652000982811664e+00,1.2644637500043792e+01,9.7652000982811664e+00,7.4475505058014475e+00,1.1785609794639281e+01,1.3016871563644049e+01,1.1785609794639281e+01,1.1785609794639281e+01,1.1785609794639281e+01,1.1785609794639281e+01,7.4475505058014475e+00,1.1785609794639281e+01,1.4378396219826339e+01,1.1785609794639281e+01,1.4378396219826339e+01,1.4378396219826339e+01,1.4378396219826339e+01,7.4475505058014475e+00,1.4378396219826339e+01,2.4255212912718656e+00,9.5719482436743668e+00,9.5719482436743668e+00,4.7993259921123519e+00,4.7993259921123519e+00,3.9424207327451812e+00,9.5719482436743668e+00,1.1785609794639281e+01,4.7993259921123519e+00,1.1785609794639281e+01,3.9424207327451812e+00,1.1785609794639281e+01,1.4378396219826339e+01,1.3016871563644049e+01,1.3016871563644049e+01,7.2429080202695921e+00,1.3016871563644049e+01,1.3016871563644049e+01,1.3016871563644049e+01,7.4475505058014475e+00,7.2429080202695921e+00,1.4378396219826339e+01,7.4475505058014475e+00,7.2429080202695921e+00,1.3016871563644049e+01,9.5719482436743668e+00,1.2644637500043792e+01,1.1785609794639281e+01,4.7993259921123519e+00,3.9424207327451812e+00,1.4378396219826339e+01,7.4475505058014475e+00,0.0000000000000000e+00,1.2644637500043792e+01,1.4378396219826339e+01,4.7993259921123519e+00,7.2429080202695921e+00,9.7652000982811664e+00,1.1785609794639281e+01,3.9424207327451812e+00,7.4475505058014475e+00,1.1785609794639281e+01,7.4475505058014475e+00,7.4475505058014475e+00,1.2644637500043792e+01,7.4475505058014475e+00,6.1773775924882299e+00,9.5719482436743668e+00,1.4378396219826339e+01,1.4378396219826339e+01,9.7652000982811664e+00,1.2644637500043792e+01,1.2644637500043792e+01,9.6330545331040351e-01,1.3016871563644049e+01,1.2644637500043792e+01,9.5719482436743668e+00,9.7652000982811664e+00,9.5719482436743668e+00,7.2429080202695921e+00,7.2429080202695921e+00,1.4378396219826339e+01,9.5719482436743668e+00,1.9203084436086337e+00,1.2644637500043792e+01,6.1773775924882299e+00,1.4378396219826339e+01,1.1785609794639281e+01,1.2644637500043792e+01,1.9203084436086337e+00,4.7993259921123519e+00,2.4255212912718656e+00,9.5719482436743668e+00,4.7993259921123519e+00,1.4378396219826339e+01,1.4378396219826339e+01,7.4475505058014475e+00,1.9203084436086337e+00,1.1785609794639281e+01,1.1785609794639281e+01,9.7652000982811664e+00,1.1785609794639281e+01,5.7903715341900801e+00,1.9203084436086337e+00,1.4378396219826339e+01,9.5719482436743668e+00,2.4255212912718656e+00,2.4255212912718656e+00,1.2644637500043792e+01,2.4255212912718656e+00,1.3016871563644049e+01,1.4378396219826339e+01,7.2429080202695921e+00,9.7652000982811664e+00,9.5719482436743668e+00,9.5719482436743668e+00,7.2429080202695921e+00,7.2429080202695921e+00,9.6330545331040351e-01,3.9424207327451812e+00,9.5719482436743668e+00,9.5719482436743668e+00,9.7652000982811664e+00,0.0000000000000000e+00,1.3016871563644049e+01,2.4255212912718656e+00,1.1785609794639281e+01,2.4255212912718656e+00,1.1785609794639281e+01,9.5719482436743668e+00,9.7652000982811664e+00,1.2644637500043792e+01,1.3016871563644049e+01,7.4475505058014475e+00,7.2429080202695921e+00,7.4475505058014475e+00,1.3016871563644049e+01,2.4255212912718656e+00,3.9424207327451812e+00,7.4475505058014475e+00,1.3016871563644049e+01,7.4475505058014475e+00,7.4475505058014475e+00,1.3016871563644049e+01,1.2644637500043792e+01,7.4475505058014475e+00,7.4475505058014475e+00,9.6330545331040351e-01,2.4255212912718656e+00,2.4255212912718656e+00,4.7993259921123519e+00,9.7652000982811664e+00,1.4378396219826339e+01,1.9203084436086337e+00,4.7993259921123519e+00,9.7652000982811664e+00,9.7652000982811664e+00,1.9203084436086337e+00,2.4255212912718656e+00,1.4378396219826339e+01,1.9203084436086337e+00,7.2429080202695921e+00,9.6330545331040351e-01,7.2429080202695921e+00,1.1785609794639281e+01,1.4378396219826339e+01,1.9203084436086337e+00,3.9424207327451812e+00,0.0000000000000000e+00,1.1785609794639281e+01,2.4255212912718656e+00,9.7652000982811664e+00,1.3016871563644049e+01,7.2429080202695921e+00,1.1785609794639281e+01,1.2644637500043792e+01,1.4378396219826339e+01,1.2644637500043792e+01,9.5719482436743668e+00,7.4475505058014475e+00,3.9424207327451812e+00,4.7993259921123519e+00,9.7652000982811664e+00,5.7903715341900801e+00,0.0000000000000000e+00,9.6330545331040351e-01,1.3016871563644049e+01,9.7652000982811664e+00,5.7903715341900801e+00,1.1785609794639281e+01,0.0000000000000000e+00,5.7903715341900801e+00,9.7652000982811664e+00,1.2644637500043792e+01,9.5719482436743668e+00,1.2644637500043792e+01,1.3016871563644049e+01,1.2644637500043792e+01,9.5719482436743668e+00,5.7903715341900801e+00,1.1785609794639281e+01,3.9424207327451812e+00,1.1785609794639281e+01,9.7652000982811664e+00,9.7652000982811664e+00,1.9203084436086337e+00,1.1785609794639281e+01,5.7903715341900801e+00,1.2644637500043792e+01,1.2644637500043792e+01,9.6330545331040351e-01,1.2644637500043792e+01,9.6330545331040351e-01,4.7993259921123519e+00,9.7652000982811664e+00,9.5719482436743668e+00,6.1773775924882299e+00,1.3016871563644049e+01,9.7652000982811664e+00,3.9424207327451812e+00,6.1773775924882299e+00,7.2429080202695921e+00,0.0000000000000000e+00,6.1773775924882299e+00,2.4255212912718656e+00,3.9424207327451812e+00,1.9203084436086337e+00,1.3016871563644049e+01,9.6330545331040351e-01,3.9424207327451812e+00,2.4255212912718656e+00,1.9203084436086337e+00,1.2644637500043792e+01,1.9203084436086337e+00,2.4255212912718656e+00,9.5719482436743668e+00,3.9424207327451812e+00,2.4255212912718656e+00,1.9203084436086337e+00,1.9203084436086337e+00,1.3016871563644049e+01,1.2644637500043792e+01,1.3016871563644049e+01,5.7903715341900801e+00,3.9424207327451812e+00,1.3016871563644049e+01,1.2644637500043792e+01,1.3016871563644049e+01,1.2644637500043792e+01,7.2429080202695921e+00,1.2644637500043792e+01,9.7652000982811664e+00,3.9424207327451812e+00,1.3016871563644049e+01,1.4378396219826339e+01,4.7993259921123519e+00,3.9424207327451812e+00,1.3016871563644049e+01,3.9424207327451812e+00,1.3016871563644049e+01,1.3016871563644049e+01,1.3016871563644049e+01,9.5719482436743668e+00,2.4255212912718656e+00,2.4255212912718656e+00,1.2644637500043792e+01,5.7903715341900801e+00,1.1785609794639281e+01,4.7993259921123519e+00,7.2429080202695921e+00,1.1785609794639281e+01,1.3016871563644049e+01,7.2429080202695921e+00,1.9203084436086337e+00,1.2644637500043792e+01,1.3016871563644049e+01,1.1785609794639281e+01,9.5719482436743668e+00,6.1773775924882299e+00,2.4255212912718656e+00,9.5719482436743668e+00,2.4255212912718656e+00,1.2644637500043792e+01,7.2429080202695921e+00,1.2644637500043792e+01,1.2644637500043792e+01,1.2644637500043792e+01,1.3016871563644049e+01,6.1773775924882299e+00,4.7993259921123519e+00,4.7993259921123519e+00,1.3016871563644049e+01,9.6330545331040351e-01,9.5719482436743668e+00,9.5719482436743668e+00,5.7903715341900801e+00,9.5719482436743668e+00,9.5719482436743668e+00,0.0000000000000000e+00,1.1785609794639281e+01,9.5719482436743668e+00,1.9203084436086337e+00,5.7903715341900801e+00,1.3016871563644049e+01,9.5719482436743668e+00,6.1773775924882299e+00,9.5719482436743668e+00,7.4475505058014475e+00,9.7652000982811664e+00,9.6330545331040351e-01,1.3016871563644049e+01,1.1785609794639281e+01,0.0000000000000000e+00,1.1785609794639281e+01,1.1785609794639281e+01,7.4475505058014475e+00,1.3016871563644049e+01,1.3016871563644049e+01,3.9424207327451812e+00,1.4378396219826339e+01,7.4475505058014475e+00,1.3016871563644049e+01,1.1785609794639281e+01,1.1785609794639281e+01,9.6330545331040351e-01,1.2644637500043792e+01,1.2644637500043792e+01,1.1785609794639281e+01,1.1785609794639281e+01,1.9203084436086337e+00,1.4378396219826339e+01,9.7652000982811664e+00,1.1785609794639281e+01,3.9424207327451812e+00,1.4378396219826339e+01,1.4378396219826339e+01,1.3016871563644049e+01,1.4378396219826339e+01,1.4378396219826339e+01,1.2644637500043792e+01,3.9424207327451812e+00,1.1785609794639281e+01,1.1785609794639281e+01,1.2644637500043792e+01,1.1785609794639281e+01,1.1785609794639281e+01,1.1785609794639281e+01,9.7652000982811664e+00,1.4378396219826339e+01,7.4475505058014475e+00,1.1785609794639281e+01,6.1773775924882299e+00,1.2644637500043792e+01,9.5719482436743668e+00,1.2644637500043792e+01,1.1785609794639281e+01,5.7903715341900801e+00,2.4255212912718656e+00,1.1785609794639281e+01,2.4255212912718656e+00,1.1785609794639281e+01,1.1785609794639281e+01,1.3016871563644049e+01,9.5719482436743668e+00,1.3016871563644049e+01,9.7652000982811664e+00,1.3016871563644049e+01,1.1785609794639281e+01,7.2429080202695921e+00,2.4255212912718656e+00,9.7652000982811664e+00,1.4378396219826339e+01,1.1785609794639281e+01,0.0000000000000000e+00,4.7993259921123519e+00,4.7993259921123519e+00,1.3016871563644049e+01,1.4378396219826339e+01,1.3016871563644049e+01,9.7652000982811664e+00
4.4662184222636050e+00,1.2432251192703134e+01,1.2432251192703134e+01,1.2432251192703134e+01,0.0000000000000000e+00,9.1827397405625160e+00,1.2432251192703134e+01,9.1827397405625160e+00,1.2432251192703134e+01,3.9238880014596291e+00,1.2432251192703134e+01,1.2143983999787514e+01,6.6623554745849409e+00,6.6623554745849409e+00,1.2143983999787514e+01,1.2143983999787514e+01,9.0328469352139926e+00,1.2143983999787514e+01,9.0328469352139926e+00,1.2143983999787514e+01,1.1171493069896135e+01,1.1171493069896135e+01,1.1171493069896135e+01,1.2143983999787514e+01,1.2432251192703134e+01,1.2432251192703134e+01,6.6623554745849409e+00,2.9882397420616562e+00,7.1345496482000188e+00,1.2432251192703134e+01,1.2432251192703134e+01,7.1345496482000188e+00,5.7531338734192694e+00,1.2432251192703134e+01,1.1171493069896135e+01,1.2432251192703134e+01,6.6623554745849409e+00,5.7531338734192694e+00,1.2432251192703134e+01,6.6623554745849409e+00,2.9882397420616562e+00,6.6623554745849409e+00,1.2432251192703134e+01,1.1171493069896135e+01,0.0000000000000000e+00,1.2143983999787514e+01,1.2432251192703134e+01,6.6623554745849409e+00,1.2432251192703134e+01,1.2432251192703134e+01,9.0328469352139926e+00,9.0328469352139926e+00,7.1345496482000188e+00,9.1827397405625160e+00,6.6623554745849409e+00,1.2432251192703134e+01,4.4662184222636050e+00,6.6623554745849409e+00,1.2432251192703134e+01,1.2432251192703134e+01,1.2432251192703134e+01,9.5831195656364676e-01,1.2432251192703134e+01,1.3209798077321876e+01,1.2432251192703134e+01,1.3209798077321876e+01,9.1827397405625160e+00,1.3209798077321876e+01,6.6623554745849409e+00,1.3209798077321876e+01,1.2432251192703134e+01,1.2143983999787514e+01,1.2432251192703134e+01,0.0000000000000000e+00,1.2143983999787514e+01,1.2143983999787514e+01,0.0000000000000000e+00,6.6623554745849409e+00,1.2432251192703134e+01,0.0000000000000000e+00,1.3209798077321876e+01,0.0000000000000000e+00,1.2432251192703134e+01,1.1171493069896135e+01,1.1171493069896135e+01,1.2432251192703134e+01,1.2143983999787514e+01,1.2432251192703134e+01,1.2432251192703134e+01,4.4662184222636050e+00,1.2432251192703134e+01,9.0328469352139926e+00,9.1827397405625160e+00,9.0328469352139926e+00,9.0328469352139926e+00,1.2432251192703134e+01,1.2432251192703134e+01,6.6623554745849409e+00,9.0328469352139926e+00,9.0328469352139926e+00,9.5831195656364676e-01,3.9238880014596291e+00,9.5831195656364676e-01,9.0328469352139926e+00,1.1171493069896135e+01,1.1171493069896135e+01,1.8242152390013415e+00,9.0328469352139926e+00,1.3209798077321876e+01,4.4662184222636050e+00,1.2432251192703134e+01,1.2143983999787514e+01,9.9066283726951649e+00,1.2432251192703134e+01,1.2143983999787514e+01,1.2432251192703134e+01,1.2432251192703134e+01,9.1827397405625160e+00,9.1827397405625160e+00,9.0328469352139926e+00,1.2143983999787514e+01,9.9066283726951649e+00,7.1345496482000188e+00,6.6623554745849409e+00,9.0328469352139926e+00,1.2432251192703134e+01,1.2432251192703134e+01,1.2143983999787514e+01,1.2432251192703134e+01,1.2432251192703134e+01,0.0000000000000000e+00,9.9066283726951649e+00,9.9066283726951649e+00,7.1345496482000188e+00,1.3209798077321876e+01,1.3209798077321876e+01,7.1345496482000188e+00,9.1827397405625160e+00,7.1345496482000188e+00,9.9066283726951649e+00,1.2432251192703134e+01,1.2432251192703134e+01,1.2143983999787514e+01,1.2432251192703134e+01,4.4662184222636050e+00,3.9238880014596291e+00,3.9238880014596291e+00,1.2143983999787514e+01,1.1171493069896135e+01,9.9066283726951649e+00,9.0328469352139926e+00,9.5831195656364676e-01,9.1827397405625160e+00,1.1171493069896135e+01,9.5831195656364676e-01,9.9066283726951649e+00,1.2432251192703134e+01,1.3209798077321876e+01,1.2143983999787514e+01,7.1345496482000188e+00,1.2143983999787514e+01,9.0328469352139926e+00,9.0328469352139926e+00,1.2432251192703134e+01,1.1171493069896135e+01,1.1171493069896135e+01,1.2143983999787514e+01,1.2143983999787514e+01,3.9238880014596291e+00,9.5831195656364676e-01,0.0000000000000000e+00,1.2143983999787514e+01,1.2143983999787514e+01,9.9066283726951649e+00,3.9238880014596291e+00,1.2432251192703134e+01,1.2143983999787514e+01,1.8242152390013415e+00,7.1345496482000188e+00,1.8242152390013415e+00,5.7531338734192694e+00,1.8242152390013415e+00,9.5831195656364676e-01,1.2143983999787514e+01,1.2432251192703134e+01,1.3209798077321876e+01,2.9882397420616562e+00,1.2432251192703134e+01,1.3209798077321876e+01,1.3209798077321876e+01,9.1827397405625160e+00,1.2432251192703134e+01,1.2432251192703134e+01,1.3209798077321876e+01,3.9238880014596291e+00,9.9066283726951649e+00,1.3209798077321876e+01,4.4662184222636050e+00,1.8242152390013415e+00,1.2432251192703134e+01,1.2432251192703134e+01,1.2143983999787514e+01,1.2143983999787514e+01,1.2432251192703134e+01,7.1345496482000188e+00,1.3209798077321876e+01,1.2143983999787514e+01,0.0000000000000000e+00,1.3209798077321876e+01,2.9882397420616562e+00,5.7531338734192694e+00,5.7531338734192694e+00,6.6623554745849409e+00,1.2143983999787514e+01,5.7531338734192694e+00,1.3209798077321876e+01,1.2143983999787514e+01,1.8242152390013415e+00,9.9066283726951649e+00,9.1827397405625160e+00,1.1171493069896135e+01,1.2432251192703134e+01,7.1345496482000188e+00,1.2143983999787514e+01,3.9238880014596291e+00,1.2143983999787514e+01,0.0000000000000000e+00,1.2143983999787514e+01,7.1345496482000188e+00,1.2143983999787514e+01,4.4662184222636050e+00,0.0000000000000000e+00,1.3209798077321876e+01,1.8242152390013415e+00,9.5831195656364676e-01,6.6623554745849409e+00,1.2143983999787514e+01,1.2432251192703134e+01,1.2432251192703134e+01,1.2432251192703134e+01,1.8242152390013415e+00,1.2143983999787514e+01,9.9066283726951649e+00,6.6623554745849409e+00,1.1171493069896135e+01,1.1171493069896135e+01,7.1345496482000188e+00,9.9066283726951649e+00,1.1171493069896135e+01,1.1171493069896135e+01,1.2143983999787514e+01,4.4662184222636050e+00,1.2143983999787514e+01,1.2143983999787514e+01,1.2143983999787514e+01,1.2432251192703134e+01,1.8242152390013415e+00,1.2432251192703134e+01,6.6623554745849409e+00,6.6623554745849409e+00,7.1345496482000188e+00,1.2143983999787514e+01,9.1827397405625160e+00,9.1827397405625160e+00,4.4662184222636050e+00,1.2432251192703134e+01,9.1827397405625160e+00,1.1171493069896135e+01,1.2432251192703134e+01,4.4662184222636050e+00,1.2432251192703134e+01,1.2432251192703134e+01,9.5831195656364676e-01,1.1171493069896135e+01,9.0328469352139926e+00,1.1171493069896135e+01,2.9882397420616562e+00,9.9066283726951649e+00,1.2143983999787514e+01,1.2143983999787514e+01,4.4662184222636050e+00,7.1345496482000188e+00,1.2432251192703134e+01,7.1345496482000188e+00,3.9238880014596291e+00,4.4662184222636050e+00,1.1171493069896135e+01,3.9238880014596291e+00,1.2432251192703134e+01,9.9066283726951649e+00,7.1345496482000188e+00,7.1345496482000188e+00,3.9238880014596291e+00,1.2143983999787514e+01,6.6623554745849409e+00,9.0328469352139926e+00,7.1345496482000188e+00,1.2143983999787514e+01,7.1345496482000188e+00,6.6623554745849409e+00,1.2143983999787514e+01,1.2432251192703134e+01,9.5831195656364676e-01,6.6623554745849409e+00,7.1345496482000188e+00,1.2143983999787514e+01,7.1345496482000188e+00,7.1345496482000188e+00,9.1827397405625160e+00,6.6623554745849409e+00,7.1345496482000188e+00,4.4662184222636050e+00,1.3209798077321876e+01,9.0328469352139926e+00,1.2143983999787514e+01,5.7531338734192694e+00,1.2143983999787514e+01,1.2143983999787514e+01,1.2143983999787514e+01,9.0328469352139926e+00,9.0328469352139926e+00,1.2143983999787514e+01,9.1827397405625160e+00,5.7531338734192694e+00,1.2143983999787514e+01,1.2432251192703134e+01,1.2143983999787514e+01,1.3209798077321876e+01,1.2143983999787514e+01,1.2143983999787514e+01,1.2143983999787514e+01,9.9066283726951649e+00,4.4662184222636050e+00,9.9066283726951649e+00,1.2432251192703134e+01,9.9066283726951649e+00,9.9066283726951649e+00,9.0328469352139926e+00,3.9238880014596291e+00,1.2143983999787514e+01,9.0328469352139926e+00,6.6623554745849409e+00,1.2143983999787514e+01,1.8242152390013415e+00,1.2143983999787514e+01,9.0328469352139926e+00,1.2143983999787514e+01,1.2143983999787514e+01,9.0328469352139926e+00,9.0328469352139926e+00,1.3209798077321876e+01,1.2143983999787514e+01,1.2432251192703134e+01,1.2432251192703134e+01,1.2143983999787514e+01,1.3209798077321876e+01,6.6623554745849409e+00,1.8242152390013415e+00,1.1171493069896135e+01,1.2432251192703134e+01,1.2432251192703134e+01,1.2432251192703134e+01,1.2432251192703134e+01,1.2432251192703134e+01,9.1827397405625160e+00,1.2432251192703134e+01,1.2143983999787514e+01,3.9238880014596291e+00,1.2143983999787514e+01,9.1827397405625160e+00,1.1171493069896135e+01,9.0328469352139926e+00,9.1827397405625160e+00,9.1827397405625160e+00,1.2143983999787514e+01,9.0328469352139926e+00,7.1345496482000188e+00,9.9066283726951649e+00,6.6623554745849409e+00,9.5831195656364676e-01,1.1171493069896135e+01,2.9882397420616562e+00,1.1171493069896135e+01,9.1827397405625160e+00,5.7531338734192694e+00,9.9066283726951649e+00,2.9882397420616562e+00,1.1171493069896135e+01,4.4662184222636050e+00,9.9066283726951649e+00,9.0328469352139926e+00,1.3209798077321876e+01,1.8242152390013415e+00,9.0328469352139926e+00,1.2432251192703134e+01,1.1171493069896135e+01,5.7531338734192694e+00,1.2432251192703134e+01,1.1171493069896135e+01,2.9882397420616562e+00,1.2432251192703134e+01,1.2143983999787514e+01,1.8242152390013415e+00,4.4662184222636050e+00,9.1827397405625160e+00,9.1827397405625160e+00,9.0328469352139926e+00,4.4662184222636050e+00,7.1345496482000188e+00,1.3209798077321876e+01,1.2432251192703134e+01,4.4662184222636050e+00,1.1171493069896135e+01,1.2432251192703134e+01,1.1171493069896135e+01,1.1171493069896135e+01,6.6623554745849409e+00,7.1345496482000188e+00,7.1345496482000188e+00,1.2432251192703134e+01,4.4662184222636050e+00,4.4662184222636050e+00,5.7531338734192694e+00,1.2143983999787514e+01,1.2432251192703134e+01,9.1827397405625160e+00,1.2143983999787514e+01,9.1827397405625160e+00,1.2432251192703134e+01,7.1345496482000188e+00,1.1171493069896135e+01,1.1171493069896135e+01,1.3209798077321876e+01,1.3209798077321876e+01,7.1345496482000188e+00,5.7531338734192694e+00,9.1827397405625160e+00,9.0328469352139926e+00,5.7531338734192694e+00,7.1345496482000188e+00,3.9238880014596291e+00,9.9066283726951649e+00,1.2432251192703134e+01,7.1345496482000188e+00,1.2143983999787514e+01,1.2432251192703134e+01,9.1827397405625160e+00,4.4662184222636050e+00,6.6623554745849409e+00,1.2432251192703134e+01,9.5831195656364676e-01,9.0328469352139926e+00,1.2143983999787514e+01,9.0328469352139926e+00,1.2143983999787514e+01,9.5831195656364676e-01,1.2143983999787514e+01,1.2143983999787514e+01,1.2432251192703134e+01,9.9066283726951649e+00,2.9882397420616562e+00,7.1345496482000188e+00,7.1345496482000188e+00,7.1345496482000188e+00,1.3209798077321876e+01,1.3209798077321876e+01,7.1345496482000188e+00,1.3209798077321876e+01,2.9882397420616562e+00,1.3209798077321876e+01,4.4662184222636050e+00,7.1345496482000188e+00,1.2432251192703134e+01,9.9066283726951649e+00,1.8242152390013415e+00,4.4662184222636050e+00,1.2143983999787514e+01,1.2143983999787514e+01,9.9066283726951649e+00,1.2143983999787514e+01,1.1171493069896135e+01,1.1171493069896135e+01,1.1171493069896135e+01,1.8242152390013415e+00,5.7531338734192694e+00,4.4662184222636050e+00,5.7531338734192694e+00,5.7531338734192694e+00,9.1827397405625160e+00,9.1827397405625160e+00,1.1171493069896135e+01,6.6623554745849409e+00,5.7531338734192694e+00,9.1827397405625160e+00,1.8242152390013415e+00,9.5831195656364676e-01,9.9066283726951649e+00,7.1345496482000188e+00,7.1345496482000188e+00,7.1345496482000188e+00,9.1827397405625160e+00,9.1827397405625160e+00,9.1827397405625160e+00,9.9066283726951649e+00,5.7531338734192694e+00,1.1171493069896135e+01,1.2432251192703134e+01,9.1827397405625160e+00,1.2432251192703134e+01,9.5831195656364676e-01,1.2432251192703134e+01,1.2432251192703134e+01,9.1827397405625160e+00,9.9066283726951649e+00,1.3209798077321876e+01,6.6623554745849409e+00,9.1827397405625160e+00,9.9066283726951649e+00,9.9066283726951649e+00,9.9066283726951649e+00,0.0000000000000000e+00,1.2143983999787514e+01,1.8242152390013415e+00,9.5831195656364676e-01,9.9066283726951649e+00,1.8242152390013415e+00,0.0000000000000000e+00,9.9066283726951649e+00,9.1827397405625160e+00,9.1827397405625160e+00,9.1827397405625160e+00,1.2432251192703134e+01,1.2432251192703134e+01,1.2143983999787514e+01,4.4662184222636050e+00,7.1345496482000188e+00,1.2143983999787514e+01,1.2143983999787514e+01,0.0000000000000000e+00,1.2432251192703134e+01,9.1827397405625160e+00,1.3209798077321876e+01,1.8242152390013415e+00,1.2432251192703134e+01,0.0000000000000000e+00,6.6623554745849409e+00,9.9066283726951649e+00,9.0328469352139926e+00,4.4662184222636050e+00,1.2143983999787514e+01,9.9066283726951649e+00,9.9066283726951649e+00,1.2143983999787514e+01,9.9066283726951649e+00,4.4662184222636050e+00,9.9066283726951649e+00,1.2143983999787514e+01,9.1827397405625160e+00,0.0000000000000000e+00,1.8242152390013415e+00,9.9066283726951649e+00,1.2143983999787514e+01,1.1171493069896135e+01,3.9238880014596291e+00,9.9066283726951649e+00,3.9238880014596291e+00,5.7531338734192694e+00,1.3209798077321876e+01,1.2432251192703134e+01,9.9066283726951649e+00,9.9066283726951649e+00,9.9066283726951649e+00,9.9066283726951649e+00,9.9066283726951649e+00,9.5831195656364676e-01,3.9238880014596291e+00,6.6623554745849409e+00,3.9238880014596291e+00,3.9238880014596291e+00,1.1171493069896135e+01,3.9238880014596291e+00,2.9882397420616562e+00,3.9238880014596291e+00,1.2143983999787514e+01,1.2432251192703134e+01,1.2432251192703134e+01,1.2143983999787514e+01,3.9238880014596291e+00,6.6623554745849409e+00,1.2143983999787514e+01,0.0000000000000000e+00,1.8242152390013415e+00,6.6623554745849409e+00,9.1827397405625160e+00,1.2432251192703134e+01,9.5831195656364676e-01,1.2432251192703134e+01,1.2143983999787514e+01,6.6623554745849409e+00,1.2143983999787514e+01,1.2143983999787514e+01,6.6623554745849409e+00,0.0000000000000000e+00,1.1171493069896135e+01,1.1171493069896135e+01,0.0000000000000000e+00,1.1171493069896135e+01,6.6623554745849409e+00,3.9238880014596291e+00,5.7531338734192694e+00,9.1827397405625160e+00,1.2432251192703134e+01,1.2143983999787514e+01,1.2432251192703134e+01,9.1827397405625160e+00,9.1827397405625160e+00,2.9882397420616562e+00,5.7531338734192694e+00,5.7531338734192694e+00,9.1827397405625160e+00,9.1827397405625160e+00,1.2432251192703134e+01,5.7531338734192694e+00,5.7531338734192694e+00,1.3209798077321876e+01,1.3209798077321876e+01,1.1171493069896135e+01,9.9066283726951649e+00,1.2432251192703134e+01,9.9066283726951649e+00,1.8242152390013415e+00,1.2143983999787514e+01,1.3209798077321876e+01,9.5831195656364676e-01,4.4662184222636050e+00,5.7531338734192694e+00,5.7531338734192694e+00,1.1171493069896135e+01,1.2143983999787514e+01,1.2143983999787514e+01,1.2143983999787514e+01,1.2143983999787514e+01,9.1827397405625160e+00,2.9882397420616562e+00,1.2432251192703134e+01,1.3209798077321876e+01,9.1827397405625160e+00,9.1827397405625160e+00,9.0328469352139926e+00,9.0328469352139926e+00,1.2432251192703134e+01,5.7531338734192694e+00,3.9238880014596291e+00,3.9238880014596291e+00,9.9066283726951649e+00,1.2143983999787514e+01,4.4662184222636050e+00,1.3209798077321876e+01,7.1345496482000188e+00,1.3209798077321876e+01,1.8242152390013415e+00,7.1345496482000188e+00,1.3209798077321876e+01,5.7531338734192694e+00,1.2143983999787514e+01,0.0000000000000000e+00,1.2143983999787514e+01,1.2432251192703134e+01,2.9882397420616562e+00,7.1345496482000188e+00,1.3209798077321876e+01,3.9238880014596291e+00,9.9066283726951649e+00,1.3209798077321876e+01,3.9238880014596291e+00,9.1827397405625160e+00,4.4662184222636050e+00,5.7531338734192694e+00,1.8242152390013415e+00,1.8242152390013415e+00,1.2432251192703134e+01,7.1345496482000188e+00,1.2143983999787514e+01,1.3209798077321876e+01,7.1345496482000188e+00,5.7531338734192694e+00,7.1345496482000188e+00,5.7531338734192694e+00,4.4662184222636050e+00,9.5831195656364676e-01,3.9238880014596291e+00,1.8242152390013415e+00,5.7531338734192694e+00,1.2143983999787514e+01,1.8242152390013415e+00,2.9882397420616562e+00,1.3209798077321876e+01,9.1827397405625160e+00,6.6623554745849409e+00,2.9882397420616562e+00,2.9882397420616562e+00,1.3209798077321876e+01,1.2143983999787514e+01,3.9238880014596291e+00,1.1171493069896135e+01,1.2143983999787514e+01,1.2143983999787514e+01,7.1345496482000188e+00,0.0000000000000000e+00,6.6623554745849409e+00,9.1827397405625160e+00,6.6623554745849409e+00,9.1827397405625160e+00,1.8242152390013415e+00,2.9882397420616562e+00,3.9238880014596291e+00,1.8242152390013415e+00,1.3209798077321876e+01,1.1171493069896135e+01,9.9066283726951649e+00,9.1827397405625160e+00,9.1827397405625160e+00,9.1827397405625160e+00,1.1171493069896135e+01,7.1345496482000188e+00,7.1345496482000188e+00,2.9882397420616562e+00,5.7531338734192694e+00,1.2432251192703134e+01,1.2143983999787514e+01,1.2432251192703134e+01,1.2143983999787514e+01,9.0328469352139926e+00,1.8242152390013415e+00,9.1827397405625160e+00,1.2143983999787514e+01,1.2143983999787514e+01,1.2143983999787514e+01,7.1345496482000188e+00,1.2143983999787514e+01,5.7531338734192694e+00,1.2143983999787514e+01,1.2143983999787514e+01,1.2143983999787514e+01,9.0328469352139926e+00,9.0328469352139926e+00,4.4662184222636050e+00,3.9238880014596291e+00,1.2432251192703134e+01,1.3209798077321876e+01,3.9238880014596291e+00,5.7531338734192694e+00,1.1171493069896135e+01,6.6623554745849409e+00,9.9066283726951649e+00,1.3209798077321876e+01,1.8242152390013415e+00,1.2143983999787514e+01,9.5831195656364676e-01,1.2432251192703134e+01,5.7531338734192694e+00,1.2432251192703134e+01,5.7531338734192694e+00,5.7531338734192694e+00,4.4662184222636050e+00,5.7531338734192694e+00,9.9066283726951649e+00,1.1171493069896135e+01,3.9238880014596291e+00,6.6623554745849409e+00,1.2432251192703134e+01,9.1827397405625160e+00,9.1827397405625160e+00,9.1827397405625160e+00,1.2143983999787514e+01,6.6623554745849409e+00,9.5831195656364676e-01,5.7531338734192694e+00,9.9066283726951649e+00,1.2432251192703134e+01,9.0328469352139926e+00,3.9238880014596291e+00,9.0328469352139926e+00,1.3209798077321876e+01,9.5831195656364676e-01,9.5831195656364676e-01,1.2143983999787514e+01,1.2432251192703134e+01,1.2143983999787514e+01,1.2432251192703134e+01,1.2432251192703134e+01,3.9238880014596291e+00,1.1171493069896135e+01,9.9066283726951649e+00,9.9066283726951649e+00,2.9882397420616562e+00,9.0328469352139926e+00,9.5831195656364676e-01,6.6623554745849409e+00,9.9066283726951649e+00,1.2432251192703134e+01,1.2143983999787514e+01,9.1827397405625160e+00,1.2143983999787514e+01,9.0328469352139926e+00,1.2432251192703134e+01,1.2143983999787514e+01,1.2143983999787514e+01,1.2143983999787514e+01,1.2143983999787514e+01,9.5831195656364676e-01,9.5831195656364676e-01,1.2143983999787514e+01,9.9066283726951649e+00,6.6623554745849409e+00,5.7531338734192694e+00,6.6623554745849409e+00,2.9882397420616562e+00,1.3209798077321876e+01,3.9238880014596291e+00,1.1171493069896135e+01,5.7531338734192694e+00,1.1171493069896135e+01,9.1827397405625160e+00,9.1827397405625160e+00,9.1827397405625160e+00,1.2143983999787514e+01,2.9882397420616562e+00,5.7531338734192694e+00,1.8242152390013415e+00,9.9066283726951649e+00,1.1171493069896135e+01,1.3209798077321876e+01,1.2432251192703134e+01,9.9066283726951649e+00,9.0328469352139926e+00,3.9238880014596291e+00,9.0328469352139926e+00,1.1171493069896135e+01,1.1171493069896135e+01,1.1171493069896135e+01,1.1171493069896135e+01,9.5831195656364676e-01,2.9882397420616562e+00,1.2143983999787514e+01,9.1827397405625160e+00,1.1171493069896135e+01,1.2143983999787514e+01,1.2143983999787514e+01,1.3209798077321876e+01,1.2143983999787514e+01,1.8242152390013415e+00,6.6623554745849409e+00,7.1345496482000188e+00,1.1171493069896135e+01,5.7531338734192694e+00,1.1171493069896135e+01,7.1345496482000188e+00,1.3209798077321876e+01,1.2143983999787514e+01,1.2143983999787514e+01,1.1171493069896135e+01,1.3209798077321876e+01,9.0328469352139926e+00,1.3209798077321876e+01,9.9066283726951649e+00,9.9066283726951649e+00,1.1171493069896135e+01,6.6623554745849409e+00,3.9238880014596291e+00,9.5831195656364676e-01,2.9882397420616562e+00,5.7531338734192694e+00,1.2143983999787514e+01,9.1827397405625160e+00,1.2432251192703134e+01,1.3209798077321876e+01,5.7531338734192694e+00,1.1171493069896135e+01,1.2143983999787514e+01,1.2143983999787514e+01,1.2432251192703134e+01,1.2143983999787514e+01,1.1171493069896135e+01,1.8242152390013415e+00,6.6623554745849409e+00,5.7531338734192694e+00,1.1171493069896135e+01,1.2143983999787514e+01,9.0328469352139926e+00,9.0328469352139926e+00,5.7531338734192694e+00,1.2432251192703134e+01,1.2143983999787514e+01,5.7531338734192694e+00,7.1345496482000188e+00,1.1171493069896135e+01,9.5831195656364676e-01,1.2432251192703134e+01,1.8242152390013415e+00,4.4662184222636050e+00,4.4662184222636050e+00,1.2143983999787514e+01,1.2432251192703134e+01,1.1171493069896135e+01,1.1171493069896135e+01,6.6623554745849409e+00,1.2432251192703134e+01,6.6623554745849409e+00,0.0000000000000000e+00,1.8242152390013415e+00,1.2432251192703134e+01,1.2432251192703134e+01,1.2432251192703134e+01,1.1171493069896135e+01,1.2143983999787514e+01,1.3209798077321876e+01,9.5831195656364676e-01,4.4662184222636050e+00,9.0328469352139926e+00,1.3209798077321876e+01,5.7531338734192694e+00,6.6623554745849409e+00,6.6623554745849409e+00,7.1345496482000188e+00,1.3209798077321876e+01,6.6623554745849409e+00,1.1171493069896135e+01,1.2432251192703134e+01,9.1827397405625160e+00,1.1171493069896135e+01,7.1345496482000188e+00,1.1171493069896135e+01,1.2143983999787514e+01,9.9066283726951649e+00,6.6623554745849409e+00,9.1827397405625160e+00,4.4662184222636050e+00,1.3209798077321876e+01,0.0000000000000000e+00,1.1171493069896135e+01,1.2432251192703134e+01,3.9238880014596291e+00,9.1827397405625160e+00,1.2143983999787514e+01,1.2143983999787514e+01,1.2143983999787514e+01,6.6623554745849409e+00,1.2143983999787514e+01,0.0000000000000000e+00,7.1345496482000188e+00,9.1827397405625160e+00,3.9238880014596291e+00,9.1827397405625160e+00,1.2143983999787514e+01,1.2432251192703134e+01,1.2143983999787514e+01,4.4662184222636050e+00,1.2143983999787514e+01,4.4662184222636050e+00,7.1345496482000188e+00,1.1171493069896135e+01,5.7531338734192694e+00,9.9066283726951649e+00,0.0000000000000000e+00,9.1827397405625160e+00,1.2432251192703134e+01,1.2143983999787514e+01,1.3209798077321876e+01,3.9238880014596291e+00,1.3209798077321876e+01,1.3209798077321876e+01,9.9066283726951649e+00,9.0328469352139926e+00,9.9066283726951649e+00,2.9882397420616562e+00,4.4662184222636050e+00,1.3209798077321876e+01,5.7531338734192694e+00,9.0328469352139926e+00,4.4662184222636050e+00,9.0328469352139926e+00,1.3209798077321876e+01,1.3209798077321876e+01,7.1345496482000188e+00,1.3209798077321876e+01,5.7531338734192694e+00,5.7531338734192694e+00,7.1345496482000188e+00,3.9238880014596291e+00,1.2143983999787514e+01,9.9066283726951649e+00,9.1827397405625160e+00,9.1827397405625160e+00,9.1827397405625160e+00,9.1827397405625160e+00,9.9066283726951649e+00,9.9066283726951649e+00,1.3209798077321876e+01,1.3209798077321876e+01
1.4126251264198601e+01,1.1572985410592951e+01,8.3983145000637940e+00,1.1572985410592951e+01,6.7358711704556775e+00,8.3983145000637940e+00,1.1458436160179438e+01,5.1271490142388476e+00,1.1458436160179438e+01,1.4126251264198601e+01,8.3983145000637940e+00,1.1572985410592951e+01,1.1572985410592951e+01,1.4126251264198601e+01,1.1572985410592951e+01,8.9723266138170938e+00,8.3983145000637940e+00,1.4126251264198601e+01,8.9723266138170938e+00,8.3983145000637940e+00,1.4126251264198601e+01,9.0205277618996937e-01,1.4126251264198601e+01,5.1271490142388476e+00,0.0000000000000000e+00,8.9723266138170938e+00,1.1458436160179438e+01,1.4126251264198601e+01,1.4126251264198601e+01,2.8542776365909810e+00,1.1458436160179438e+01,6.7358711704556775e+00,2.8542776365909810e+00,9.9744826530320108e+00,0.0000000000000000e+00,1.1458436160179438e+01,1.1458436160179438e+01,2.8542776365909810e+00,8.3983145000637940e+00,1.1572985410592951e+01,6.7358711704556775e+00,5.3721668703317000e+00,5.1271490142388476e+00,1.4126251264198601e+01,6.7358711704556775e+00,9.9744826530320108e+00,0.0000000000000000e+00,1.1458436160179438e+01,2.8542776365909810e+00,1.1458436160179438e+01,2.8542776365909810e+00,8.3983145000637940e+00,8.3983145000637940e+00,1.1458436160179438e+01,9.9744826530320108e+00,6.8973820753017447e+00,8.3983145000637940e+00,1.1458436160179438e+01,9.9744826530320108e+00,8.3983145000637940e+00,6.8973820753017447e+00,1.2327011304720006e+01,9.0205277618996937e-01,1.1458436160179438e+01,9.9744826530320108e+00,6.7358711704556775e+00,1.4126251264198601e+01,9.9744826530320108e+00,9.0205277618996937e-01,6.7358711704556775e+00,1.2327011304720006e+01,1.9606316257802838e+00,1.1572985410592951e+01,1.1458436160179438e+01,1.9606316257802838e+00,5.3721668703317000e+00,1.1572985410592951e+01,1.9606316257802838e+00,1.1458436160179438e+01,1.2327011304720006e+01,1.2327011304720006e+01,5.1271490142388476e+00,1.2327011304720006e+01,1.2327011304720006e+01,8.3983145000637940e+00,1.2327011304720006e+01,8.3983145000637940e+00,6.8973820753017447e+00,2.8542776365909810e+00,9.9744826530320108e+00,9.9744826530320108e+00,1.9606316257802838e+00,8.3983145000637940e+00,9.9744826530320108e+00,9.9744826530320108e+00,1.4126251264198601e+01,1.1572985410592951e+01,8.3983145000637940e+00,1.1458436160179438e+01,8.3983145000637940e+00,6.8973820753017447e+00,1.2327011304720006e+01,6.7358711704556775e+00,6.7358711704556775e+00,0.0000000000000000e+00,9.9744826530320108e+00,5.1271490142388476e+00,5.1271490142388476e+00,8.9723266138170938e+00,5.1271490142388476e+00,5.3721668703317000e+00,5.3721668703317000e+00,9.0205277618996937e-01,8.9723266138170938e+00,6.7358711704556775e+00,5.3721668703317000e+00,5.1271490142388476e+00,9.9744826530320108e+00,6.7358711704556775e+00,6.7358711704556775e+00,1.4126251264198601e+01,1.1572985410592951e+01,8.3983145000637940e+00,1.1572985410592951e+01,6.7358711704556775e+00,3.6831307768255921e+00,8.3983145000637940e+00,6.7358711704556775e+00,8.3983145000637940e+00,1.4126251264198601e+01,6.7358711704556775e+00,1.4126251264198601e+01,1.9606316257802838e+00,6.7358711704556775e+00,5.1271490142388476e+00,1.2327011304720006e+01,1.4126251264198601e+01,1.4126251264198601e+01,5.1271490142388476e+00,1.4126251264198601e+01,5.3721668703317000e+00,6.7358711704556775e+00,6.8973820753017447e+00,5.1271490142388476e+00,1.4126251264198601e+01,5.3721668703317000e+00,5.1271490142388476e+00,6.7358711704556775e+00,6.8973820753017447e+00,6.8973820753017447e+00,1.4126251264198601e+01,1.4126251264198601e+01,9.0205277618996937e-01,5.1271490142388476e+00,6.7358711704556775e+00,6.7358711704556775e+00,6.8973820753017447e+00,5.1271490142388476e+00,1.4126251264198601e+01,1.4126251264198601e+01,1.2327011304720006e+01,1.2327011304720006e+01,8.9723266138170938e+00,5.3721668703317000e+00,5.1271490142388476e+00,1.4126251264198601e+01,6.7358711704556775e+00,1.9606316257802838e+00,5.1271490142388476e+00,1.1458436160179438e+01,1.2327011304720006e+01,8.9723266138170938e+00,2.8542776365909810e+00,8.9723266138170938e+00,5.3721668703317000e+00,1.4126251264198601e+01,1.4126251264198601e+01,6.7358711704556775e+00,1.4126251264198601e+01,3.6831307768255921e+00,6.8973820753017447e+00,3.6831307768255921e+00,1.4126251264198601e+01,1.4126251264198601e+01,1.4126251264198601e+01,6.7358711704556775e+00,2.8542776365909810e+00,1.4126251264198601e+01,1.4126251264198601e+01,1.4126251264198601e+01,3.6831307768255921e+00,8.9723266138170938e+00,5.3721668703317000e+00,5.1271490142388476e+00,1.4126251264198601e+01,5.1271490142388476e+00,1.1572985410592951e+01,6.7358711704556775e+00,1.4126251264198601e+01,8.3983145000637940e+00,5.3721668703317000e+00,9.9744826530320108e+00,8.3983145000637940e+00,1.2327011304720006e+01,1.4126251264198601e+01,3.6831307768255921e+00,1.4126251264198601e+01,8.9723266138170938e+00,1.4126251264198601e+01,1.2327011304720006e+01,1.4126251264198601e+01,1.4126251264198601e+01,1.4126251264198601e+01,5.1271490142388476e+00,1.4126251264198601e+01,8.3983145000637940e+00,3.6831307768255921e+00,8.3983145000637940e+00,8.3983145000637940e+00,1.2327011304720006e+01,5.1271490142388476e+00,6.7358711704556775e+00,1.4126251264198601e+01,9.9744826530320108e+00,6.8973820753017447e+00,1.4126251264198601e+01,2.8542776365909810e+00,1.4126251264198601e+01,9.0205277618996937e-01,1.2327011304720006e+01,1.4126251264198601e+01,1.4126251264198601e+01,9.9744826530320108e+00,1.2327011304720006e+01,5.3721668703317000e+00,8.9723266138170938e+00,8.9723266138170938e+00,8.9723266138170938e+00,1.4126251264198601e+01,8.3983145000637940e+00,1.2327011304720006e+01,1.4126251264198601e+01,1.4126251264198601e+01,1.1458436160179438e+01,5.1271490142388476e+00,1.4126251264198601e+01,1.1458436160179438e+01,6.8973820753017447e+00,1.1458436160179438e+01,1.1458436160179438e+01,1.4126251264198601e+01,0.0000000000000000e+00,3.6831307768255921e+00,6.8973820753017447e+00,6.8973820753017447e+00,9.9744826530320108e+00,3.6831307768255921e+00,1.4126251264198601e+01,6.8973820753017447e+00,8.3983145000637940e+00,1.1572985410592951e+01,8.9723266138170938e+00,6.7358711704556775e+00,8.9723266138170938e+00,1.1458436160179438e+01,1.1458436160179438e+01,1.4126251264198601e+01,1.4126251264198601e+01,8.3983145000637940e+00,1.1458436160179438e+01,3.6831307768255921e+00,6.7358711704556775e+00,1.1572985410592951e+01,5.3721668703317000e+00,9.9744826530320108e+00,1.9606316257802838e+00,9.9744826530320108e+00,1.9606316257802838e+00,1.4126251264198601e+01,5.1271490142388476e+00,9.0205277618996937e-01,9.0205277618996937e-01,1.4126251264198601e+01,9.9744826530320108e+00,1.2327011304720006e+01,5.1271490142388476e+00,1.4126251264198601e+01,3.6831307768255921e+00,1.4126251264198601e+01,1.4126251264198601e+01,1.4126251264198601e+01,9.9744826530320108e+00,9.9744826530320108e+00,9.9744826530320108e+00,3.6831307768255921e+00,3.6831307768255921e+00,1.4126251264198601e+01,6.7358711704556775e+00,9.9744826530320108e+00,1.4126251264198601e+01,5.1271490142388476e+00,2.8542776365909810e+00,1.2327011304720006e+01,1.2327011304720006e+01,8.9723266138170938e+00,1.4126251264198601e+01,8.3983145000637940e+00,8.3983145000637940e+00,1.4126251264198601e+01,6.7358711704556775e+00,2.8542776365909810e+00,1.4126251264198601e+01,1.4126251264198601e+01,1.4126251264198601e+01,3.6831307768255921e+00,1.4126251264198601e+01,5.3721668703317000e+00,1.9606316257802838e+00,0.0000000000000000e+00,1.4126251264198601e+01,8.9723266138170938e+00,8.9723266138170938e+00,8.9723266138170938e+00,1.1458436160179438e+01,1.1458436160179438e+01,1.4126251264198601e+01,1.1458436160179438e+01,5.1271490142388476e+00,1.4126251264198601e+01,5.1271490142388476e+00,6.8973820753017447e+00,1.4126251264198601e+01,6.7358711704556775e+00,5.1271490142388476e+00,1.4126251264198601e+01,9.9744826530320108e+00,1.4126251264198601e+01,3.6831307768255921e+00,6.7358711704556775e+00,1.4126251264198601e+01,1.4126251264198601e+01,5.1271490142388476e+00,8.9723266138170938e+00,6.8973820753017447e+00,1.4126251264198601e+01,8.9723266138170938e+00,1.2327011304720006e+01,2.8542776365909810e+00,1.1458436160179438e+01,1.2327011304720006e+01,1.1572985410592951e+01,1.1572985410592951e+01,9.9744826530320108e+00,5.3721668703317000e+00,8.9723266138170938e+00,8.9723266138170938e+00,9.9744826530320108e+00,1.1572985410592951e+01,8.3983145000637940e+00,5.3721668703317000e+00,8.9723266138170938e+00,1.2327011304720006e+01,5.3721668703317000e+00,2.8542776365909810e+00,6.8973820753017447e+00,9.9744826530320108e+00,0.0000000000000000e+00,3.6831307768255921e+00,9.9744826530320108e+00,9.0205277618996937e-01,8.3983145000637940e+00,1.1572985410592951e+01,1.4126251264198601e+01,1.4126251264198601e+01,1.4126251264198601e+01,1.9606316257802838e+00,1.4126251264198601e+01,1.1572985410592951e+01,1.1572985410592951e+01,8.9723266138170938e+00,8.9723266138170938e+00,1.2327011304720006e+01,8.9723266138170938e+00,1.2327011304720006e+01,2.8542776365909810e+00,1.9606316257802838e+00,3.6831307768255921e+00,9.9744826530320108e+00,3.6831307768255921e+00,6.7358711704556775e+00,1.4126251264198601e+01,8.3983145000637940e+00,5.3721668703317000e+00,1.9606316257802838e+00,6.7358711704556775e+00,1.2327011304720006e+01,6.8973820753017447e+00,1.4126251264198601e+01,0.0000000000000000e+00,5.1271490142388476e+00,8.9723266138170938e+00,5.1271490142388476e+00,5.3721668703317000e+00,1.1458436160179438e+01,1.1458436160179438e+01,5.3721668703317000e+00,5.3721668703317000e+00,1.4126251264198601e+01,5.3721668703317000e+00,0.0000000000000000e+00,8.3983145000637940e+00,8.3983145000637940e+00,9.9744826530320108e+00,1.1572985410592951e+01,1.9606316257802838e+00,1.9606316257802838e+00,1.2327011304720006e+01,0.0000000000000000e+00,1.4126251264198601e+01,9.9744826530320108e+00,0.0000000000000000e+00,8.3983145000637940e+00,9.9744826530320108e+00,2.8542776365909810e+00,1.4126251264198601e+01,0.0000000000000000e+00,1.1458436160179438e+01,1.1458436160179438e+01,1.1572985410592951e+01,1.1572985410592951e+01,1.4126251264198601e+01,9.9744826530320108e+00,1.2327011304720006e+01,8.9723266138170938e+00,1.4126251264198601e+01,6.7358711704556775e+00,9.9744826530320108e+00,9.9744826530320108e+00,9.9744826530320108e+00,1.4126251264198601e+01,5.3721668703317000e+00,9.0205277618996937e-01,9.9744826530320108e+00,1.1458436160179438e+01,1.1458436160179438e+01,1.1458436160179438e+01,0.0000000000000000e+00,1.1458436160179438e+01,1.1458436160179438e+01,9.0205277618996937e-01,1.1458436160179438e+01,1.4126251264198601e+01,8.9723266138170938e+00,1.1572985410592951e+01,1.4126251264198601e+01,1.1572985410592951e+01,1.2327011304720006e+01,8.9723266138170938e+00,1.1572985410592951e+01,1.4126251264198601e+01,1.4126251264198601e+01,1.4126251264198601e+01,1.9606316257802838e+00,8.3983145000637940e+00,9.9744826530320108e+00,1.4126251264198601e+01,1.4126251264198601e+01,1.4126251264198601e+01,1.4126251264198601e+01,1.2327011304720006e+01,5.1271490142388476e+00,1.2327011304720006e+01,2.8542776365909810e+00,1.1572985410592951e+01,9.9744826530320108e+00,9.0205277618996937e-01,1.4126251264198601e+01,5.3721668703317000e+00,5.3721668703317000e+00,1.4126251264198601e+01,8.3983145000637940e+00,1.1572985410592951e+01,1.4126251264198601e+01,5.3721668703317000e+00,5.3721668703317000e+00,5.3721668703317000e+00,1.4126251264198601e+01,5.1271490142388476e+00,1.4126251264198601e+01,1.4126251264198601e+01,9.9744826530320108e+00,6.8973820753017447e+00,6.8973820753017447e+00,1.2327011304720006e+01,1.1572985410592951e+01,5.3721668703317000e+00,9.9744826530320108e+00,9.0205277618996937e-01,1.4126251264198601e+01,0.0000000000000000e+00,5.1271490142388476e+00,1.4126251264198601e+01,6.8973820753017447e+00,1.9606316257802838e+00,3.6831307768255921e+00,1.4126251264198601e+01,6.8973820753017447e+00,9.9744826530320108e+00,3.6831307768255921e+00,1.4126251264198601e+01,1.1458436160179438e+01,6.8973820753017447e+00,1.4126251264198601e+01,8.9723266138170938e+00,1.4126251264198601e+01,9.9744826530320108e+00,1.4126251264198601e+01,3.6831307768255921e+00,8.9723266138170938e+00,5.1271490142388476e+00,8.9723266138170938e+00,1.4126251264198601e+01,5.1271490142388476e+00,1.4126251264198601e+01,9.9744826530320108e+00,6.7358711704556775e+00,8.9723266138170938e+00,5.1271490142388476e+00,1.1572985410592951e+01,8.9723266138170938e+00,9.9744826530320108e+00,6.8973820753017447e+00,0.0000000000000000e+00,1.4126251264198601e+01,1.4126251264198601e+01,5.1271490142388476e+00,1.1572985410592951e+01,1.4126251264198601e+01,9.0205277618996937e-01,0.0000000000000000e+00,5.3721668703317000e+00,5.1271490142388476e+00,1.4126251264198601e+01,1.4126251264198601e+01,1.9606316257802838e+00,9.9744826530320108e+00,1.2327011304720006e+01,8.3983145000637940e+00,1.4126251264198601e+01,1.4126251264198601e+01,9.9744826530320108e+00,5.3721668703317000e+00,8.3983145000637940e+00,9.0205277618996937e-01,6.7358711704556775e+00,1.2327011304720006e+01,1.4126251264198601e+01,1.4126251264198601e+01,9.9744826530320108e+00,1.2327011304720006e+01,1.4126251264198601e+01,9.9744826530320108e+00,1.1458436160179438e+01,1.1458436160179438e+01,1.1572985410592951e+01,1.4126251264198601e+01,9.9744826530320108e+00,6.8973820753017447e+00,1.4126251264198601e+01,1.9606316257802838e+00,1.4126251264198601e+01,6.7358711704556775e+00,1.1458436160179438e+01,1.4126251264198601e+01,1.2327011304720006e+01,5.3721668703317000e+00,5.1271490142388476e+00,1.1458436160179438e+01,1.4126251264198601e+01,1.4126251264198601e+01,5.1271490142388476e+00,1.1458436160179438e+01,1.4126251264198601e+01,1.4126251264198601e+01,9.0205277618996937e-01,1.9606316257802838e+00,9.9744826530320108e+00,1.4126251264198601e+01,1.4126251264198601e+01,9.0205277618996937e-01,1.1458436160179438e+01,5.3721668703317000e+00,1.2327011304720006e+01,1.1458436160179438e+01,1.4126251264198601e+01,8.9723266138170938e+00,1.1458436160179438e+01,1.4126251264198601e+01,6.7358711704556775e+00,1.2327011304720006e+01,8.9723266138170938e+00,8.9723266138170938e+00,9.9744826530320108e+00,9.9744826530320108e+00,2.8542776365909810e+00,5.3721668703317000e+00,2.8542776365909810e+00,1.1458436160179438e+01,8.9723266138170938e+00,1.4126251264198601e+01,0.0000000000000000e+00,5.1271490142388476e+00,6.8973820753017447e+00,1.4126251264198601e+01,1.4126251264198601e+01,1.4126251264198601e+01,2.8542776365909810e+00,1.4126251264198601e+01,8.9723266138170938e+00,1.4126251264198601e+01,1.1458436160179438e+01,0.0000000000000000e+00,9.9744826530320108e+00,9.9744826530320108e+00,5.3721668703317000e+00,1.1458436160179438e+01,1.4126251264198601e+01,1.4126251264198601e+01,1.9606316257802838e+00,3.6831307768255921e+00,3.6831307768255921e+00,1.4126251264198601e+01,6.7358711704556775e+00,8.9723266138170938e+00,1.4126251264198601e+01,6.7358711704556775e+00,9.0205277618996937e-01,1.2327011304720006e+01,1.2327011304720006e+01,1.9606316257802838e+00,9.9744826530320108e+00,1.1572985410592951e+01,1.2327011304720006e+01,0.0000000000000000e+00,1.4126251264198601e+01,1.4126251264198601e+01,6.7358711704556775e+00,1.4126251264198601e+01,9.0205277618996937e-01,9.0205277618996937e-01,1.2327011304720006e+01,1.4126251264198601e+01,1.2327011304720006e+01,9.9744826530320108e+00,8.9723266138170938e+00,6.7358711704556775e+00,1.2327011304720006e+01,1.9606316257802838e+00,1.2327011304720006e+01,1.2327011304720006e+01,6.8973820753017447e+00,5.1271490142388476e+00,1.1458436160179438e+01,1.1572985410592951e+01,3.6831307768255921e+00,8.3983145000637940e+00,5.3721668703317000e+00,6.8973820753017447e+00,8.9723266138170938e+00,8.9723266138170938e+00,1.4126251264198601e+01,6.7358711704556775e+00,9.9744826530320108e+00,1.4126251264198601e+01,6.8973820753017447e+00,1.4126251264198601e+01,1.4126251264198601e+01,1.1458436160179438e+01,8.9723266138170938e+00,1.1458436160179438e+01,8.9723266138170938e+00,9.9744826530320108e+00,1.1458436160179438e+01,8.3983145000637940e+00,1.2327011304720006e+01,1.4126251264198601e+01,1.1458436160179438e+01,1.4126251264198601e+01,1.4126251264198601e+01,1.4126251264198601e+01,8.9723266138170938e+00,2.8542776365909810e+00,1.4126251264198601e+01,1.1458436160179438e+01,1.1458436160179438e+01,1.4126251264198601e+01,6.7358711704556775e+00,8.9723266138170938e+00,8.9723266138170938e+00,6.8973820753017447e+00,8.9723266138170938e+00,6.8973820753017447e+00,1.1458436160179438e+01,5.1271490142388476e+00,1.4126251264198601e+01,5.1271490142388476e+00,5.3721668703317000e+00,1.4126251264198601e+01,1.4126251264198601e+01,1.1572985410592951e+01,5.3721668703317000e+00,1.4126251264198601e+01,1.1458436160179438e+01,1.1458436160179438e+01,9.9744826530320108e+00,5.3721668703317000e+00,5.3721668703317000e+00,5.1271490142388476e+00,1.2327011304720006e+01,6.7358711704556775e+00,9.0205277618996937e-01,1.4126251264198601e+01,1.4126251264198601e+01,1.4126251264198601e+01,5.1271490142388476e+00,5.3721668703317000e+00,1.4126251264198601e+01,1.1572985410592951e+01,1.1572985410592951e+01,1.4126251264198601e+01,6.7358711704556775e+00,2.8542776365909810e+00,2.8542776365909810e+00,1.4126251264198601e+01,6.7358711704556775e+00,1.1458436160179438e+01,1.1572985410592951e+01,1.2327011304720006e+01,9.9744826530320108e+00,1.9606316257802838e+00,9.9744826530320108e+00,1.1572985410592951e+01,3.6831307768255921e+00,8.9723266138170938e+00,1.2327011304720006e+01,1.2327011304720006e+01,1.1572985410592951e+01,1.1572985410592951e+01,9.9744826530320108e+00,1.4126251264198601e+01,5.1271490142388476e+00,1.9606316257802838e+00,2.8542776365909810e+00,5.3721668703317000e+00,1.4126251264198601e+01,9.9744826530320108e+00,5.3721668703317000e+00,5.3721668703317000e+00,9.0205277618996937e-01,8.9723266138170938e+00,1.1458436160179438e+01,9.0205277618996937e-01,9.9744826530320108e+00,1.4126251264198601e+01,9.0205277618996937e-01,1.4126251264198601e+01,1.1458436160179438e+01,9.9744826530320108e+00,1.4126251264198601e+01,6.7358711704556775e+00,1.1458436160179438e+01,6.7358711704556775e+00,1.9606316257802838e+00,5.3721668703317000e+00,9.0205277618996937e-01,6.7358711704556775e+00,9.9744826530320108e+00,5.1271490142388476e+00,5.1271490142388476e+00,6.7358711704556775e+00,8.9723266138170938e+00,6.7358711704556775e+00,9.9744826530320108e+00,8.9723266138170938e+00,1.1572985410592951e+01,1.1458436160179438e+01,9.9744826530320108e+00,1.4126251264198601e+01,9.9744826530320108e+00,1.4126251264198601e+01,1.1458436160179438e+01,1.4126251264198601e+01,1.4126251264198601e+01,8.9723266138170938e+00,8.9723266138170938e+00,1.4126251264198601e+01,9.9744826530320108e+00,1.2327011304720006e+01,1.2327011304720006e+01,1.1572985410592951e+01,1.1458436160179438e+01,8.9723266138170938e+00,2.8542776365909810e+00,2.8542776365909810e+00,1.2327011304720006e+01,5.1271490142388476e+00,5.3721668703317000e+00,5.3721668703317000e+00,1.2327011304720006e+01,0.0000000000000000e+00,1.1458436160179438e+01,9.9744826530320108e+00,1.2327011304720006e+01,1.4126251264198601e+01,1.4126251264198601e+01,1.1458436160179438e+01,1.4126251264198601e+01,1.4126251264198601e+01,2.8542776365909810e+00,8.9723266138170938e+00,5.3721668703317000e+00,9.9744826530320108e+00,1.4126251264198601e+01,9.9744826530320108e+00,5.3721668703317000e+00,1.1572985410592951e+01,1.1458436160179438e+01,6.7358711704556775e+00,5.1271490142388476e+00,5.3721668703317000e+00,5.3721668703317000e+00,9.0205277618996937e-01,5.1271490142388476e+00,2.8542776365909810e+00,9.9744826530320108e+00,8.9723266138170938e+00,5.1271490142388476e+00,1.4126251264198601e+01,1.2327011304720006e+01,2.8542776365909810e+00,6.8973820753017447e+00,1.2327011304720006e+01,1.4126251264198601e+01,6.8973820753017447e+00,1.9606316257802838e+00,8.9723266138170938e+00,1.1572985410592951e+01,1.1572985410592951e+01,1.4126251264198601e+01,8.9723266138170938e+00,8.3983145000637940e+00,1.4126251264198601e+01,9.0205277618996937e-01,0.0000000000000000e+00,1.4126251264198601e+01,1.9606316257802838e+00,6.8973820753017447e+00,1.2327011304720006e+01,9.9744826530320108e+00,9.9744826530320108e+00,8.3983145000637940e+00,1.1458436160179438e+01,1.2327011304720006e+01,1.2327011304720006e+01,1.1572985410592951e+01,1.9606316257802838e+00,6.8973820753017447e+00,1.2327011304720006e+01,2.8542776365909810e+00,8.9723266138170938e+00,5.3721668703317000e+00,5.1271490142388476e+00,6.8973820753017447e+00,8.9723266138170938e+00,5.1271490142388476e+00,8.9723266138170938e+00,8.9723266138170938e+00,8.9723266138170938e+00,1.4126251264198601e+01,2.8542776365909810e+00,5.1271490142388476e+00,1.4126251264198601e+01,8.9723266138170938e+00,6.8973820753017447e+00,9.9744826530320108e+00,1.4126251264198601e+01,8.9723266138170938e+00,1.4126251264198601e+01,5.1271490142388476e+00,6.7358711704556775e+00,1.1458436160179438e+01,1.1572985410592951e+01,1.4126251264198601e+01,5.1271490142388476e+00,6.7358711704556775e+00,1.4126251264198601e+01,1.4126251264198601e+01,1.1572985410592951e+01,1.2327011304720006e+01,1.2327011304720006e+01,1.2327011304720006e+01,8.9723266138170938e+00,0.0000000000000000e+00,1.4126251264198601e+01,8.9723266138170938e+00,1.4126251264198601e+01,1.4126251264198601e+01,1.1458436160179438e+01,1.1458436160179438e+01,1.9606316257802838e+00,8.3983145000637940e+00,1.1458436160179438e+01,1.9606316257802838e+00,3.6831307768255921e+00,1.1458436160179438e+01,6.7358711704556775e+00,5.3721668703317000e+00,1.2327011304720006e+01,1.2327011304720006e+01,1.4126251264198601e+01,1.4126251264198601e+01,1.1572985410592951e+01,6.7358711704556775e+00,6.7358711704556775e+00,6.7358711704556775e+00,6.7358711704556775e+00,5.3721668703317000e+00,1.2327011304720006e+01,8.3983145000637940e+00,9.0205277618996937e-01,3.6831307768255921e+00,1.4126251264198601e+01,8.9723266138170938e+00,8.3983145000637940e+00,9.9744826530320108e+00,1.1458436160179438e+01,8.9723266138170938e+00,8.9723266138170938e+00,1.1458436160179438e+01,1.2327011304720006e+01,9.0205277618996937e-01,1.4126251264198601e+01,6.7358711704556775e+00,1.4126251264198601e+01,9.0205277618996937e-01,5.1271490142388476e+00,8.9723266138170938e+00,8.3983145000637940e+00,0.0000000000000000e+00,1.1458436160179438e+01,6.7358711704556775e+00,6.7358711704556775e+00,6.7358711704556775e+00,1.2327011304720006e+01,6.7358711704556775e+00,1.4126251264198601e+01,8.3983145000637940e+00,8.9723266138170938e+00,1.9606316257802838e+00,1.4126251264198601e+01,9.9744826530320108e+00,1.1458436160179438e+01,9.9744826530320108e+00,9.9744826530320108e+00,5.1271490142388476e+00,1.4126251264198601e+01,1.4126251264198601e+01,9.0205277618996937e-01,9.9744826530320108e+00,1.2327011304720006e+01,1.2327011304720006e+01,1.2327011304720006e+01,1.4126251264198601e+01,1.4126251264198601e+01,6.7358711704556775e+00,1.2327011304720006e+01,1.4126251264198601e+01,3.6831307768255921e+00,9.9744826530320108e+00,9.9744826530320108e+00,1.2327011304720006e+01,0.0000000000000000e+00,3.6831307768255921e+00,5.3721668703317000e+00,6.8973820753017447e+00,2.8542776365909810e+00,1.2327011304720006e+01,1.1572985410592951e+01,9.9744826530320108e+00,6.7358711704556775e+00,2.8542776365909810e+00,8.3983145000637940e+00,1.1572985410592951e+01,8.3983145000637940e+00,6.7358711704556775e+00,6.8973820753017447e+00,9.9744826530320108e+00,6.7358711704556775e+00,6.8973820753017447e+00,6.7358711704556775e+00
8.8866268770308798e-01,5.5647768887617941e+00,5.5647768887617941e+00,1.3182016610547599e+01,1.3182016610547599e+01,1.1984555569371908e+01,1.1984555569371908e+01,0.0000000000000000e+00,1.1984555569371908e+01,4.1221432292135178e+00,1.0628588765859345e+01,0.0000000000000000e+00,1.1984555569371908e+01,1.1984555569371908e+01,4.1221432292135178e+00,1.1984555569371908e+01,2.8976588699344368e+00,1.1984555569371908e+01,4.7791663760018270e+00,8.8866268770308798e-01,1.1984555569371908e+01,1.1984555569371908e+01,4.7791663760018270e+00,1.1984555569371908e+01,1.1984555569371908e+01,1.3182016610547599e+01,4.7791663760018270e+00,1.8785415236035317e+00,1.1984555569371908e+01,7.5446472618495219e+00,1.8785415236035317e+00,0.0000000000000000e+00,1.3182016610547599e+01,1.1097649307495299e+01,4.1221432292135178e+00,1.3182016610547599e+01,6.6966211062844412e+00,1.1984555569371908e+01,6.6966211062844412e+00,1.1984555569371908e+01,1.1984555569371908e+01,1.8785415236035317e+00,1.3182016610547599e+01,1.1097649307495299e+01,1.1097649307495299e+01,1.3326310228611728e+01,1.3326310228611728e+01,5.5647768887617941e+00,5.5647768887617941e+00,1.3182016610547599e+01,1.3182016610547599e+01,1.3182016610547599e+01,8.9104219861155478e+00,4.7791663760018270e+00,1.1984555569371908e+01,8.8866268770308798e-01,4.7791663760018270e+00,1.1984555569371908e+01,8.9104219861155478e+00,8.2210362385374811e+00,4.7791663760018270e+00,2.8976588699344368e+00,4.7791663760018270e+00,1.1984555569371908e+01,1.1984555569371908e+01,1.1984555569371908e+01,8.9104219861155478e+00,1.1097649307495299e+01,1.1984555569371908e+01,4.1221432292135178e+00,8.9104219861155478e+00,4.1221432292135178e+00,1.3182016610547599e+01,1.1984555569371908e+01,1.1984555569371908e+01,1.1097649307495299e+01,1.3182016610547599e+01,8.2210362385374811e+00,5.5647768887617941e+00,1.1984555569371908e+01,0.0000000000000000e+00,4.7791663760018270e+00,5.5647768887617941e+00,5.5647768887617941e+00,1.3326310228611728e+01,1.3326310228611728e+01,5.5647768887617941e+00,1.3326310228611728e+01,4.1221432292135178e+00,1.3326310228611728e+01,8.9104219861155478e+00,1.3326310228611728e+01,1.1097649307495299e+01,1.3326310228611728e+01,1.1097649307495299e+01,1.8785415236035317e+00,1.3326310228611728e+01,1.8785415236035317e+00,1.3326310228611728e+01,1.0628588765859345e+01,8.9104219861155478e+00,1.8785415236035317e+00,8.9104219861155478e+00,1.1984555569371908e+01,4.1221432292135178e+00,1.1984555569371908e+01,8.2210362385374811e+00,1.1984555569371908e+01,7.5446472618495219e+00,1.1984555569371908e+01,8.8866268770308798e-01,1.3182016610547599e+01,1.1984555569371908e+01,1.3326310228611728e+01,2.8976588699344368e+00,4.1221432292135178e+00,7.5446472618495219e+00,1.1984555569371908e+01,1.1984555569371908e+01,7.5446472618495219e+00,1.0628588765859345e+01,2.8976588699344368e+00,8.9104219861155478e+00,1.3326310228611728e+01,1.0628588765859345e+01,8.9104219861155478e+00,1.3326310228611728e+01,1.3326310228611728e+01,1.1097649307495299e+01,1.0628588765859345e+01,1.0628588765859345e+01,1.3326310228611728e+01,1.3326310228611728e+01,1.1984555569371908e+01,1.3326310228611728e+01,1.3326310228611728e+01,1.3326310228611728e+01,8.2210362385374811e+00,1.1984555569371908e+01,1.8785415236035317e+00,4.7791663760018270e+00,1.1984555569371908e+01,7.5446472618495219e+00,1.1984555569371908e+01,8.2210362385374811e+00,8.8866268770308798e-01,8.2210362385374811e+00,1.1984555569371908e+01,6.6966211062844412e+00,1.1984555569371908e+01,4.7791663760018270e+00,1.8785415236035317e+00,1.1097649307495299e+01,4.1221432292135178e+00,1.1984555569371908e+01,1.1984555569371908e+01,8.9104219861155478e+00,5.5647768887617941e+00,1.1984555569371908e+01,5.5647768887617941e+00,1.3182016610547599e+01,1.3182016610547599e+01,1.1984555569371908e+01,8.9104219861155478e+00,1.3326310228611728e+01,1.0628588765859345e+01,8.2210362385374811e+00,4.7791663760018270e+00,1.1984555569371908e+01,8.2210362385374811e+00,5.5647768887617941e+00,1.3326310228611728e+01,1.0628588765859345e+01,1.1097649307495299e+01,8.9104219861155478e+00,1.3182016610547599e+01,1.3326310228611728e+01,6.6966211062844412e+00,1.3182016610547599e+01,8.2210362385374811e+00,8.2210362385374811e+00,8.2210362385374811e+00,4.7791663760018270e+00,7.5446472618495219e+00,4.7791663760018270e+00,7.5446472618495219e+00,8.2210362385374811e+00,0.0000000000000000e+00,1.3326310228611728e+01,1.3182016610547599e+01,4.7791663760018270e+00,1.1097649307495299e+01,1.3326310228611728e+01,1.3326310228611728e+01,1.1097649307495299e+01,1.3326310228611728e+01,8.9104219861155478e+00,1.3326310228611728e+01,1.3182016610547599e+01,2.8976588699344368e+00,1.3182016610547599e+01,1.1984555569371908e+01,5.5647768887617941e+00,1.0628588765859345e+01,6.6966211062844412e+00,1.0628588765859345e+01,1.0628588765859345e+01,1.0628588765859345e+01,1.3326310228611728e+01,4.7791663760018270e+00,1.1097649307495299e+01,4.1221432292135178e+00,4.1221432292135178e+00,1.1097649307495299e+01,5.5647768887617941e+00,8.9104219861155478e+00,8.9104219861155478e+00,1.3326310228611728e+01,6.6966211062844412e+00,6.6966211062844412e+00,6.6966211062844412e+00,1.1984555569371908e+01,1.1984555569371908e+01,1.1984555569371908e+01,7.5446472618495219e+00,1.1984555569371908e+01,8.8866268770308798e-01,1.1984555569371908e+01,1.1984555569371908e+01,1.1984555569371908e+01,1.1984555569371908e+01,8.8866268770308798e-01,1.8785415236035317e+00,1.1984555569371908e+01,1.1984555569371908e+01,2.8976588699344368e+00,1.1984555569371908e+01,1.1984555569371908e+01,8.9104219861155478e+00,1.1984555569371908e+01,6.6966211062844412e+00,8.8866268770308798e-01,8.2210362385374811e+00,1.1984555569371908e+01,2.8976588699344368e+00,2.8976588699344368e+00,1.3326310228611728e+01,1.1097649307495299e+01,8.9104219861155478e+00,2.8976588699344368e+00,8.2210362385374811e+00,6.6966211062844412e+00,1.3182016610547599e+01,1.1097649307495299e+01,1.3182016610547599e+01,1.1984555569371908e+01,5.5647768887617941e+00,1.3182016610547599e+01,1.1984555569371908e+01,1.0628588765859345e+01,8.2210362385374811e+00,1.0628588765859345e+01,7.5446472618495219e+00,1.1984555569371908e+01,1.1984555569371908e+01,1.1984555569371908e+01,8.2210362385374811e+00,8.2210362385374811e+00,6.6966211062844412e+00,4.1221432292135178e+00,1.1984555569371908e+01,4.1221432292135178e+00,1.3182016610547599e+01,1.1984555569371908e+01,1.3182016610547599e+01,1.1984555569371908e+01,1.3182016610547599e+01,1.1984555569371908e+01,1.3326310228611728e+01,1.3326310228611728e+01,1.1984555569371908e+01,8.9104219861155478e+00,1.8785415236035317e+00,1.8785415236035317e+00,8.9104219861155478e+00,8.9104219861155478e+00,1.3182016610547599e+01,1.1984555569371908e+01,1.1984555569371908e+01,5.5647768887617941e+00,1.1984555569371908e+01,1.1984555569371908e+01,6.6966211062844412e+00,1.1984555569371908e+01,8.2210362385374811e+00,1.1984555569371908e+01,1.1097649307495299e+01,1.3326310228611728e+01,8.8866268770308798e-01,5.5647768887617941e+00,1.1984555569371908e+01,1.3182016610547599e+01,1.1984555569371908e+01,1.1097649307495299e+01,8.8866268770308798e-01,1.3326310228611728e+01,6.6966211062844412e+00,4.7791663760018270e+00,1.1984555569371908e+01,1.1097649307495299e+01,1.1984555569371908e+01,1.3182016610547599e+01,1.1984555569371908e+01,1.1984555569371908e+01,1.8785415236035317e+00,1.3182016610547599e+01,1.3326310228611728e+01,6.6966211062844412e+00,1.8785415236035317e+00,1.1097649307495299e+01,1.0628588765859345e+01,1.3326310228611728e+01,1.0628588765859345e+01,1.1097649307495299e+01,1.1097649307495299e+01,1.1984555569371908e+01,8.2210362385374811e+00,1.1097649307495299e+01,7.5446472618495219e+00,1.1984555569371908e+01,4.7791663760018270e+00,7.5446472618495219e+00,4.7791663760018270e+00,1.1984555569371908e+01,1.0628588765859345e+01,1.8785415236035317e+00,4.1221432292135178e+00,4.1221432292135178e+00,4.1221432292135178e+00,1.1097649307495299e+01,4.1221432292135178e+00,6.6966211062844412e+00,5.5647768887617941e+00,1.1097649307495299e+01,8.2210362385374811e+00,8.8866268770308798e-01,8.2210362385374811e+00,1.3326310228611728e+01,1.3326310228611728e+01,1.1984555569371908e+01,6.6966211062844412e+00,1.0628588765859345e+01,0.0000000000000000e+00,4.1221432292135178e+00,1.1984555569371908e+01,1.3182016610547599e+01,1.3326310228611728e+01,8.8866268770308798e-01,8.8866268770308798e-01,1.3182016610547599e+01,2.8976588699344368e+00,1.3326310228611728e+01,4.7791663760018270e+00,6.6966211062844412e+00,1.1984555569371908e+01,8.8866268770308798e-01,1.3326310228611728e+01,8.2210362385374811e+00,1.1984555569371908e+01,8.9104219861155478e+00,1.3326310228611728e+01,4.7791663760018270e+00,2.8976588699344368e+00,2.8976588699344368e+00,1.3182016610547599e+01,1.3182016610547599e+01,1.3182016610547599e+01,1.8785415236035317e+00,1.0628588765859345e+01,4.1221432292135178e+00,1.0628588765859345e+01,1.1097649307495299e+01,1.3182016610547599e+01,4.7791663760018270e+00,2.8976588699344368e+00,8.8866268770308798e-01,7.5446472618495219e+00,1.1984555569371908e+01,1.3182016610547599e+01,1.1984555569371908e+01,1.1984555569371908e+01,4.1221432292135178e+00,5.5647768887617941e+00,1.3182016610547599e+01,1.8785415236035317e+00,5.5647768887617941e+00,4.1221432292135178e+00,7.5446472618495219e+00,1.1984555569371908e+01,6.6966211062844412e+00,1.3182016610547599e+01,1.3182016610547599e+01,1.3182016610547599e+01,8.2210362385374811e+00,6.6966211062844412e+00,6.6966211062844412e+00,1.8785415236035317e+00,8.2210362385374811e+00,1.1984555569371908e+01,0.0000000000000000e+00,5.5647768887617941e+00,6.6966211062844412e+00,1.1984555569371908e+01,8.2210362385374811e+00,8.2210362385374811e+00,8.2210362385374811e+00,1.3182016610547599e+01,8.2210362385374811e+00,1.1097649307495299e+01,8.2210362385374811e+00,8.9104219861155478e+00,0.0000000000000000e+00,8.2210362385374811e+00,1.1984555569371908e+01,8.8866268770308798e-01,6.6966211062844412e+00,0.0000000000000000e+00,1.3326310228611728e+01,4.7791663760018270e+00,7.5446472618495219e+00,1.3182016610547599e+01,7.5446472618495219e+00,1.3182016610547599e+01,1.3182016610547599e+01,1.3182016610547599e+01,7.5446472618495219e+00,1.3326310228611728e+01,1.3182016610547599e+01,5.5647768887617941e+00,8.8866268770308798e-01,1.3326310228611728e+01,8.8866268770308798e-01,8.8866268770308798e-01,8.2210362385374811e+00,8.2210362385374811e+00,7.5446472618495219e+00,1.3182016610547599e+01,8.2210362385374811e+00,8.9104219861155478e+00,1.1097649307495299e+01,8.8866268770308798e-01,4.7791663760018270e+00,1.3182016610547599e+01,1.1984555569371908e+01,8.8866268770308798e-01,1.3182016610547599e+01,6.6966211062844412e+00,5.5647768887617941e+00,2.8976588699344368e+00,8.8866268770308798e-01,4.1221432292135178e+00,1.8785415236035317e+00,1.3326310228611728e+01,0.0000000000000000e+00,5.5647768887617941e+00,1.1097649307495299e+01,1.0628588765859345e+01,1.1984555569371908e+01,1.0628588765859345e+01,7.5446472618495219e+00,7.5446472618495219e+00,1.1984555569371908e+01,0.0000000000000000e+00,1.0628588765859345e+01,1.1097649307495299e+01,1.3326310228611728e+01,1.3326310228611728e+01,4.1221432292135178e+00,1.8785415236035317e+00,1.3326310228611728e+01,1.1097649307495299e+01,1.1097649307495299e+01,1.1097649307495299e+01,1.3326310228611728e+01,1.1097649307495299e+01,1.3182016610547599e+01,1.1984555569371908e+01,4.1221432292135178e+00,1.1984555569371908e+01,6.6966211062844412e+00,1.1984555569371908e+01,1.3182016610547599e+01,7.5446472618495219e+00,7.5446472618495219e+00,7.5446472618495219e+00,7.5446472618495219e+00,1.0628588765859345e+01,1.0628588765859345e+01,1.1984555569371908e+01,1.1984555569371908e+01,1.1984555569371908e+01,1.1097649307495299e+01,5.5647768887617941e+00,1.3182016610547599e+01,1.3182016610547599e+01,0.0000000000000000e+00,1.3182016610547599e+01,1.1097649307495299e+01,1.1984555569371908e+01,6.6966211062844412e+00,1.3326310228611728e+01,1.1097649307495299e+01,6.6966211062844412e+00,1.3182016610547599e+01,1.3326310228611728e+01,8.9104219861155478e+00,1.1097649307495299e+01,1.3326310228611728e+01,1.1984555569371908e+01,1.1984555569371908e+01,1.1984555569371908e+01,1.1984555569371908e+01,1.1984555569371908e+01,1.8785415236035317e+00,1.1097649307495299e+01,8.2210362385374811e+00,5.5647768887617941e+00,4.1221432292135178e+00,5.5647768887617941e+00,8.9104219861155478e+00,7.5446472618495219e+00,1.1984555569371908e+01,8.8866268770308798e-01,1.3182016610547599e+01,1.1984555569371908e+01,1.3326310228611728e+01,6.6966211062844412e+00,4.7791663760018270e+00,2.8976588699344368e+00,8.2210362385374811e+00,4.7791663760018270e+00,1.3182016610547599e+01,1.3326310228611728e+01,1.1984555569371908e+01,6.6966211062844412e+00,4.1221432292135178e+00,1.3182016610547599e+01,1.0628588765859345e+01,8.2210362385374811e+00,1.1097649307495299e+01,6.6966211062844412e+00,1.1984555569371908e+01,1.3326310228611728e+01,8.9104219861155478e+00,1.3326310228611728e+01,1.3182016610547599e+01,1.1984555569371908e+01,1.1984555569371908e+01,1.3182016610547599e+01,4.7791663760018270e+00,1.3182016610547599e+01,1.0628588765859345e+01,1.3182016610547599e+01,1.3182016610547599e+01,7.5446472618495219e+00,7.5446472618495219e+00,7.5446472618495219e+00,1.1984555569371908e+01,1.1097649307495299e+01,1.0628588765859345e+01,8.9104219861155478e+00,1.1097649307495299e+01,6.6966211062844412e+00,1.1097649307495299e+01,1.1984555569371908e+01,0.0000000000000000e+00,1.1984555569371908e+01,1.1984555569371908e+01,7.5446472618495219e+00,1.3182016610547599e+01,1.1097649307495299e+01,4.1221432292135178e+00,1.1984555569371908e+01,1.1984555569371908e+01,1.1984555569371908e+01,1.3182016610547599e+01,1.3182016610547599e+01,1.3182016610547599e+01,8.9104219861155478e+00,0.0000000000000000e+00,7.5446472618495219e+00,5.5647768887617941e+00,1.3182016610547599e+01,1.1984555569371908e+01,8.8866268770308798e-01,1.3182016610547599e+01,1.1984555569371908e+01,1.1984555569371908e+01,1.3326310228611728e+01,1.1097649307495299e+01,1.1984555569371908e+01,8.9104219861155478e+00,1.1984555569371908e+01,6.6966211062844412e+00,5.5647768887617941e+00,4.1221432292135178e+00,4.7791663760018270e+00,1.1984555569371908e+01,6.6966211062844412e+00,1.3182016610547599e+01,5.5647768887617941e+00,1.1984555569371908e+01,1.1097649307495299e+01,1.1984555569371908e+01,1.3182016610547599e+01,1.1097649307495299e+01,8.9104219861155478e+00,1.1097649307495299e+01,5.5647768887617941e+00,1.0628588765859345e+01,1.1984555569371908e+01,4.1221432292135178e+00,8.9104219861155478e+00,1.3182016610547599e+01,4.1221432292135178e+00,1.1984555569371908e+01,1.3326310228611728e+01,8.8866268770308798e-01,1.1097649307495299e+01,1.1097649307495299e+01,1.1097649307495299e+01,2.8976588699344368e+00,4.1221432292135178e+00,1.1097649307495299e+01,1.1984555569371908e+01,5.5647768887617941e+00,1.3182016610547599e+01,1.1097649307495299e+01,5.5647768887617941e+00,5.5647768887617941e+00,1.0628588765859345e+01,1.1984555569371908e+01,1.1984555569371908e+01,1.1984555569371908e+01,1.1097649307495299e+01,1.1984555569371908e+01,5.5647768887617941e+00,1.1984555569371908e+01,8.2210362385374811e+00,5.5647768887617941e+00,1.3326310228611728e+01,1.0628588765859345e+01,1.3326310228611728e+01,1.3182016610547599e+01,7.5446472618495219e+00,1.3326310228611728e+01,1.1097649307495299e+01,1.3326310228611728e+01,2.8976588699344368e+00,7.5446472618495219e+00,1.3182016610547599e+01,1.1984555569371908e+01,1.3182016610547599e+01,1.3326310228611728e+01,1.8785415236035317e+00,1.3326310228611728e+01,1.3182016610547599e+01,8.8866268770308798e-01,8.2210362385374811e+00,8.2210362385374811e+00,5.5647768887617941e+00,7.5446472618495219e+00,1.3182016610547599e+01,1.3326310228611728e+01,4.1221432292135178e+00,0.0000000000000000e+00,8.8866268770308798e-01,1.1984555569371908e+01,8.8866268770308798e-01,8.2210362385374811e+00,2.8976588699344368e+00,1.3182016610547599e+01,8.2210362385374811e+00,1.3326310228611728e+01,1.1984555569371908e+01,1.3326310228611728e+01,8.9104219861155478e+00,4.1221432292135178e+00,8.8866268770308798e-01,1.1984555569371908e+01,1.3182016610547599e+01,4.7791663760018270e+00,1.1984555569371908e+01,1.1984555569371908e+01,1.0628588765859345e+01,1.3326310228611728e+01,1.3326310228611728e+01,8.2210362385374811e+00,5.5647768887617941e+00,1.1984555569371908e+01,1.3326310228611728e+01,1.8785415236035317e+00,8.2210362385374811e+00,1.3182016610547599e+01,8.2210362385374811e+00,5.5647768887617941e+00,1.3182016610547599e+01,8.9104219861155478e+00,1.1984555569371908e+01,8.2210362385374811e+00,8.9104219861155478e+00,1.3326310228611728e+01,5.5647768887617941e+00,8.2210362385374811e+00,8.9104219861155478e+00,8.9104219861155478e+00,8.9104219861155478e+00,8.9104219861155478e+00,1.3182016610547599e+01,7.5446472618495219e+00,1.3182016610547599e+01,1.3182016610547599e+01,1.0628588765859345e+01,1.3182016610547599e+01,1.1984555569371908e+01,1.3326310228611728e+01,6.6966211062844412e+00,5.5647768887617941e+00,1.0628588765859345e+01,8.8866268770308798e-01,1.1984555569371908e+01,1.0628588765859345e+01,1.0628588765859345e+01,1.0628588765859345e+01,1.0628588765859345e+01,5.5647768887617941e+00,4.7791663760018270e+00,5.5647768887617941e+00,8.9104219861155478e+00,1.3182016610547599e+01,1.0628588765859345e+01,7.5446472618495219e+00,1.3182016610547599e+01,1.3326310228611728e+01,1.0628588765859345e+01,1.0628588765859345e+01,8.9104219861155478e+00,1.3326310228611728e+01,7.5446472618495219e+00,8.2210362385374811e+00,1.0628588765859345e+01,1.3326310228611728e+01,4.7791663760018270e+00,5.5647768887617941e+00,8.9104219861155478e+00,1.0628588765859345e+01,1.1984555569371908e+01,1.1097649307495299e+01,4.7791663760018270e+00,1.3326310228611728e+01,1.1984555569371908e+01,8.9104219861155478e+00,1.8785415236035317e+00,1.1984555569371908e+01,8.2210362385374811e+00,5.5647768887617941e+00,1.0628588765859345e+01,5.5647768887617941e+00,5.5647768887617941e+00,1.8785415236035317e+00,1.3326310228611728e+01,4.1221432292135178e+00,2.8976588699344368e+00,1.1984555569371908e+01,4.7791663760018270e+00,4.7791663760018270e+00,1.0628588765859345e+01,1.0628588765859345e+01,1.3326310228611728e+01,8.9104219861155478e+00,6.6966211062844412e+00,1.1984555569371908e+01,1.1984555569371908e+01,1.3182016610547599e+01,1.0628588765859345e+01,1.3326310228611728e+01,1.3326310228611728e+01,6.6966211062844412e+00,4.1221432292135178e+00,6.6966211062844412e+00,1.8785415236035317e+00,6.6966211062844412e+00,5.5647768887617941e+00,1.3182016610547599e+01,1.3326310228611728e+01,1.3182016610547599e+01,1.0628588765859345e+01,1.8785415236035317e+00,8.9104219861155478e+00,8.8866268770308798e-01,5.5647768887617941e+00,5.5647768887617941e+00,1.3182016610547599e+01,4.7791663760018270e+00,1.1984555569371908e+01,1.3326310228611728e+01,4.7791663760018270e+00,1.1984555569371908e+01,1.8785415236035317e+00,7.5446472618495219e+00,1.1984555569371908e+01,1.1984555569371908e+01,4.1221432292135178e+00,1.0628588765859345e+01,1.3182016610547599e+01,0.0000000000000000e+00,8.2210362385374811e+00,1.3182016610547599e+01,1.3182016610547599e+01,1.0628588765859345e+01,1.0628588765859345e+01,1.0628588765859345e+01,1.0628588765859345e+01,1.0628588765859345e+01,1.8785415236035317e+00,1.3182016610547599e+01,1.3182016610547599e+01,1.1097649307495299e+01,1.0628588765859345e+01,1.3182016610547599e+01,1.1097649307495299e+01,1.3182016610547599e+01,8.8866268770308798e-01,1.1984555569371908e+01,1.3326310228611728e+01,1.3182016610547599e+01,1.1984555569371908e+01,8.8866268770308798e-01,8.9104219861155478e+00,8.8866268770308798e-01,1.0628588765859345e+01,0.0000000000000000e+00,1.1984555569371908e+01,1.1097649307495299e+01,1.1097649307495299e+01,8.2210362385374811e+00,1.8785415236035317e+00,1.3182016610547599e+01,0.0000000000000000e+00,1.1097649307495299e+01,1.1097649307495299e+01,8.9104219861155478e+00,1.1984555569371908e+01,1.3326310228611728e+01,1.1984555569371908e+01,1.0628588765859345e+01,1.3326310228611728e+01,1.3326310228611728e+01,8.9104219861155478e+00,8.2210362385374811e+00,6.6966211062844412e+00,1.1984555569371908e+01,1.1097649307495299e+01,8.8866268770308798e-01,8.2210362385374811e+00,8.2210362385374811e+00,1.3326310228611728e+01,1.1097649307495299e+01,0.0000000000000000e+00,1.8785415236035317e+00,1.1097649307495299e+01,1.1097649307495299e+01,8.2210362385374811e+00,8.9104219861155478e+00,1.3182016610547599e+01,8.9104219861155478e+00,8.9104219861155478e+00,6.6966211062844412e+00,1.8785415236035317e+00,6.6966211062844412e+00,1.1097649307495299e+01,1.3182016610547599e+01,8.2210362385374811e+00,8.2210362385374811e+00,6.6966211062844412e+00,1.3182016610547599e+01,1.3182016610547599e+01,4.7791663760018270e+00,1.3182016610547599e+01,1.3182016610547599e+01,1.1097649307495299e+01,4.7791663760018270e+00,1.1984555569371908e+01,1.3182016610547599e+01,1.3182016610547599e+01,1.3182016610547599e+01,1.3326310228611728e+01,1.3326310228611728e+01,1.3182016610547599e+01,1.1097649307495299e+01,6.6966211062844412e+00,6.6966211062844412e+00,6.6966211062844412e+00,6.6966211062844412e+00,6.6966211062844412e+00,1.3182016610547599e+01,1.1097649307495299e+01,1.3182016610547599e+01,1.1097649307495299e+01,8.8866268770308798e-01,6.6966211062844412e+00,8.2210362385374811e+00,1.0628588765859345e+01,1.3182016610547599e+01,1.1984555569371908e+01,6.6966211062844412e+00,1.3182016610547599e+01,2.8976588699344368e+00,1.1097649307495299e+01,4.1221432292135178e+00,8.9104219861155478e+00,1.8785415236035317e+00,1.1984555569371908e+01,0.0000000000000000e+00,1.1984555569371908e+01,1.3182016610547599e+01,8.2210362385374811e+00,1.8785415236035317e+00,1.1097649307495299e+01,5.5647768887617941e+00,1.1097649307495299e+01,1.3326310228611728e+01,1.1097649307495299e+01,1.1984555569371908e+01,7.5446472618495219e+00,4.7791663760018270e+00,5.5647768887617941e+00,1.1097649307495299e+01,8.2210362385374811e+00,1.1097649307495299e+01,1.3182016610547599e+01,1.1097649307495299e+01,1.1097649307495299e+01,6.6966211062844412e+00,1.1097649307495299e+01,1.3182016610547599e+01,1.1097649307495299e+01,4.7791663760018270e+00,1.3182016610547599e+01,1.3182016610547599e+01,1.3326310228611728e+01,7.5446472618495219e+00,1.3182016610547599e+01,1.1984555569371908e+01,8.2210362385374811e+00,6.6966211062844412e+00,7.5446472618495219e+00,1.0628588765859345e+01,1.3326310228611728e+01,1.3326310228611728e+01,1.3326310228611728e+01,1.3326310228611728e+01,7.5446472618495219e+00,1.3182016610547599e+01,1.1097649307495299e+01,1.8785415236035317e+00,8.9104219861155478e+00,6.6966211062844412e+00,1.1097649307495299e+01,6.6966211062844412e+00,6.6966211062844412e+00,8.2210362385374811e+00,8.2210362385374811e+00,1.1984555569371908e+01,1.3182016610547599e+01,1.3182016610547599e+01,1.1984555569371908e+01,1.3182016610547599e+01,1.1984555569371908e+01,1.0628588765859345e+01,1.3326310228611728e+01,8.8866268770308798e-01,4.7791663760018270e+00,4.7791663760018270e+00,1.1984555569371908e+01,1.1984555569371908e+01,0.0000000000000000e+00,1.1984555569371908e+01,4.1221432292135178e+00,1.1097649307495299e+01,6.6966211062844412e+00,4.1221432292135178e+00,1.3182016610547599e+01,2.8976588699344368e+00,8.2210362385374811e+00,6.6966211062844412e+00,1.3182016610547599e+01,1.3182016610547599e+01,1.3182016610547599e+01,8.9104219861155478e+00
0.0000000000000000e+00,0.0000000000000000e+00,0.0000000000000000e+00,0.0000000000000000e+00,0.0000000000000000e+00,0.0000000000000000e+00,0.0000000000000000e+00,0.0000000000000000e+00,0.0000000000000000e+00,0.0000000000000000e+00,0.0000000000000000e+00,0.0000000000000000e+00,0.0000000000000000e+00,0.0000000000000000e+00,0.0000000000000000e+00,0.0000000000000000e+00,0.0000000000000000e+00,0.0000000000000000e+00,0.0000000000000000e+00,0.0000000000000000e+00,0.0000000000000000e+00,0.0000000000000000e+00,0.0000000000000000e+00,0.0000000000000000e+00,0.0000000000000000e+00,0.0000000000000000e+00,0.0000000000000000e+00,0.0000000000000000e+00,0.0000000000000000e+00,0.0000000000000000e+00,0.0000000000000000e+00,0.0000000000000000e+00,0.0000000000000000e+00,0.0000000000000000e+00,0.0000000000000000e+00,0.0000000000000000e+00,0.0000000000000000e+00,0.0000000000000000e+00,0.0000000000000000e+00,0.0000000000000000e+00,0.0000000000000000e+00,0.0000000000000000e+00,0.0000000000000000e+00,0.0000000000000000e+00,0.0000000000000000e+00,0.0000000000000000e+00,0.0000000000000000e+00,0.0000000000000000e+00,0.0000000000000000e+00,0.0000000000000000e+00,0.0000000000000000e+00,0.0000000000000000e+00,0.0000000000000000e+00,0.0000000000000000e+00,0.0000000000000000e+00,0.0000000000000000e+00,0.0000000000000000e+00,0.0000000000000000e+00,0.0000000000000000e+00,0.0000000000000000e+00,0.0000000000000000e+00,0.0000000000000000e+00,0.0000000000000000e+00,0.0000000000000000e+00,0.0000000000000000e+00,0.0000000000000000e+00,0.0000000000000000e+00,0.0000000000000000e+00,0.0000000000000000e+00,0.0000000000000000e+00,0.0000000000000000e+00,0.0000000000000000e+00,0.0000000000000000e+00,0.0000000000000000e+00,0.0000000000000000e+00,0.0000000000000000e+00,0.0000000000000000e+00,0.0000000000000000e+00,0.0000000000000000e+00,0.0000000000000000e+00,0.0000000000000000e+00,0.0000000000000000e+00,0.0000000000000000e+00,0.0000000000000000e+00,0.0000000000000000e+00,0.0000000000000000e+00,0.0000000000000000e+00,0.0000000000000000e+00,0.0000000000000000e+00,0.0000000000000000e+00,0.0000000000000000e+00,0.0000000000000000e+00,0.0000000000000000e+00,0.0000000000000000e+00,0.0000000000000000e+00,0.0000000000000000e+00,0.0000000000000000e+00,0.0000000000000000e+00,0.0000000000000000e+00,0.0000000000000000e+00,0.0000000000000000e+00,0.0000000000000000e+00,0.0000000000000000e+00,0.0000000000000000e+00,0.0000000000000000e+00,0.0000000000000000e+00,0.0000000000000000e+00,0.0000000000000000e+00,0.0000000000000000e+00,0.0000000000000000e+00,0.0000000000000000e+00,0.0000000000000000e+00,0.0000000000000000e+00,0.0000000000000000e+00,0.0000000000000000e+00,0.0000000000000000e+00,0.0000000000000000e+00,0.0000000000000000e+00,0.0000000000000000e+00,0.0000000000000000e+00,0.0000000000000000e+00,0.0000000000000000e+00,0.0000000000000000e+00,0.0000000000000000e+00,0.0000000000000000e+00,0.0000000000000000e+00,0.0000000000000000e+00,0.0000000000000000e+00,0.0000000000000000e+00,0.0000000000000000e+00,0.0000000000000000e+00,0.0000000000000000e+00,0.0000000000000000e+00,0.0000000000000000e+00,0.0000000000000000e+00,0.0000000000000000e+00,0.0000000000000000e+00,0.0000000000000000e+00,0.0000000000000000e+00,0.0000000000000000e+00,0.0000000000000000e+00,0.0000000000000000e+00,0.0000000000000000e+00,0.0000000000000000e+00,0.0000000000000000e+00,0.0000000000000000e+00,0.0000000000000000e+00,0.0000000000000000e+00,0.0000000000000000e+00,0.0000000000000000e+00,0.0000000000000000e+00,0.0000000000000000e+00,0.0000000000000000e+00,0.0000000000000000e+00,0.0000000000000000e+00,0.0000000000000000e+00,0.0000000000000000e+00,0.0000000000000000e+00,0.0000000000000000e+00,0.0000000000000000e+00,0.0000000000000000e+00,0.0000000000000000e+00,0.0000000000000000e+00,0.0000000000000000e+00,0.0000000000000000e+00,0.0000000000000000e+00,0.0000000000000000e+00,0.0000000000000000e+00,0.0000000000000000e+00,0.0000000000000000e+00,0.0000000000000000e+00,0.0000000000000000e+00,0.0000000000000000e+00,0.0000000000000000e+00,0.0000000000000000e+00,0.0000000000000000e+00,0.0000000000000000e+00,0.0000000000000000e+00,0.0000000000000000e+00,0.0000000000000000e+00,0.0000000000000000e+00,0.0000000000000000e+00,0.0000000000000000e+00,0.0000000000000000e+00,0.0000000000000000e+00,0.0000000000000000e+00,0.0000000000000000e+00,0.0000000000000000e+00,0.0000000000000000e+00,0.0000000000000000e+00,0.0000000000000000e+00,0.0000000000000000e+00,0.0000000000000000e+00,0.0000000000000000e+00,0.0000000000000000e+00,0.0000000000000000e+00,0.0000000000000000e+00,0.0000000000000000e+00,0.0000000000000000e+00,0.0000000000000000e+00,0.0000000000000000e+00,0.0000000000000000e+00,0.0000000000000000e+00,0.0000000000000000e+00,0.0000000000000000e+00,0.0000000000000000e+00,0.0000000000000000e+00,0.0000000000000000e+00,0.0000000000000000e+00,0.0000000000000000e+00,0.0000000000000000e+00,0.0000000000000000e+00,0.0000000000000000e+00,0.0000000000000000e+00,0.0000000000000000e+00,0.0000000000000000e+00,0.0000000000000000e+00,0.0000000000000000e+00,0.0000000000000000e+00,0.0000000000000000e+00,0.0000000000000000e+00,0.0000000000000000e+00,0.0000000000000000e+00,0.0000000000000000e+00,0.0000000000000000e+00,0.0000000000000000e+00,0.0000000000000000e+00,0.0000000000000000e+00,0.0000000000000000e+00,0.0000000000000000e+00,0.0000000000000000e+00,0.0000000000000000e+00,0.0000000000000000e+00,0.0000000000000000e+00,0.0000000000000000e+00,0.0000000000000000e+00,0.0000000000000000e+00,0.0000000000000000e+00,0.0000000000000000e+00,0.0000000000000000e+00,0.0000000000000000e+00,0.0000000000000000e+00,0.0000000000000000e+00,0.0000000000000000e+00,0.0000000000000000e+00,0.0000000000000000e+00,0.0000000000000000e+00,0.0000000000000000e+00,0.0000000000000000e+00,0.0000000000000000e+00,0.0000000000000000e+00,0.0000000000000000e+00,0.0000000000000000e+00,0.0000000000000000e+00,0.0000000000000000e+00,0.0000000000000000e+00,0.0000000000000000e+00,0.0000000000000000e+00,0.0000000000000000e+00,0.0000000000000000e+00,0.0000000000000000e+00,0.0000000000000000e+00,0.0000000000000000e+00,0.0000000000000000e+00,0.0000000000000000e+00,0.0000000000000000e+00,0.0000000000000000e+00,0.0000000000000000e+00,0.0000000000000000e+00,0.0000000000000000e+00,0.0000000000000000e+00,0.0000000000000000e+00,0.0000000000000000e+00,0.0000000000000000e+00,0.0000000000000000e+00,0.0000000000000000e+00,0.0000000000000000e+00,0.0000000000000000e+00,0.0000000000000000e+00,0.0000000000000000e+00,0.0000000000000000e+00,0.0000000000000000e+00,0.0000000000000000e+00,0.0000000000000000e+00,0.0000000000000000e+00,0.0000000000000000e+00,0.0000000000000000e+00,0.0000000000000000e+00,0.0000000000000000e+00,0.0000000000000000e+00,0.0000000000000000e+00,0.0000000000000000e+00,0.0000000000000000e+00,0.0000000000000000e+00,0.0000000000000000e+00,0.0000000000000000e+00,0.0000000000000000e+00,0.0000000000000000e+00,0.0000000000000000e+00,0.0000000000000000e+00,0.0000000000000000e+00,0.0000000000000000e+00,0.0000000000000000e+00,0.0000000000000000e+00,0.0000000000000000e+00,0.0000000000000000e+00,0.0000000000000000e+00,0.0000000000000000e+00,0.0000000000000000e+00,0.0000000000000000e+00,0.0000000000000000e+00,0.0000000000000000e+00,0.0000000000000000e+00,0.0000000000000000e+00,0.0000000000000000e+00,0.0000000000000000e+00,0.0000000000000000e+00,0.0000000000000000e+00,0.0000000000000000e+00,0.0000000000000000e+00,0.0000000000000000e+00,0.0000000000000000e+00,0.0000000000000000e+00,0.0000000000000000e+00,0.0000000000000000e+00,0.0000000000000000e+00,0.0000000000000000e+00,0.0000000000000000e+00,0.0000000000000000e+00,0.0000000000000000e+00,0.0000000000000000e+00,0.0000000000000000e+00,0.0000000000000000e+00,0.0000000000000000e+00,0.0000000000000000e+00,0.0000000000000000e+00,0.0000000000000000e+00,0.0000000000000000e+00,0.0000000000000000e+00,0.0000000000000000e+00,0.0000000000000000e+00,0.0000000000000000e+00,0.0000000000000000e+00,0.0000000000000000e+00,0.0000000000000000e+00,0.0000000000000000e+00,0.0000000000000000e+00,0.0000000000000000e+00,0.0000000000000000e+00,0.0000000000000000e+00,0.0000000000000000e+00,0.0000000000000000e+00,0.0000000000000000e+00,0.0000000000000000e+00,0.0000000000000000e+00,0.0000000000000000e+00,0.0000000000000000e+00,0.0000000000000000e+00,0.0000000000000000e+00,0.0000000000000000e+00,0.0000000000000000e+00,0.0000000000000000e+00,0.0000000000000000e+00,0.0000000000000000e+00,0.0000000000000000e+00,0.0000000000000000e+00,0.0000000000000000e+00,0.0000000000000000e+00,0.0000000000000000e+00,0.0000000000000000e+00,0.0000000000000000e+00,0.0000000000000000e+00,0.0000000000000000e+00,0.0000000000000000e+00,0.0000000000000000e+00,0.0000000000000000e+00,0.0000000000000000e+00,0.0000000000000000e+00,0.0000000000000000e+00,0.0000000000000000e+00,0.0000000000000000e+00,0.0000000000000000e+00,0.0000000000000000e+00,0.0000000000000000e+00,0.0000000000000000e+00,0.0000000000000000e+00,0.0000000000000000e+00,0.0000000000000000e+00,0.0000000000000000e+00,0.0000000000000000e+00,0.0000000000000000e+00,0.0000000000000000e+00,0.0000000000000000e+00,0.0000000000000000e+00,0.0000000000000000e+00,0.0000000000000000e+00,0.0000000000000000e+00,0.0000000000000000e+00,0.0000000000000000e+00,0.0000000000000000e+00,0.0000000000000000e+00,0.0000000000000000e+00,0.0000000000000000e+00,0.0000000000000000e+00,0.0000000000000000e+00,0.0000000000000000e+00,0.0000000000000000e+00,0.0000000000000000e+00,0.0000000000000000e+00,0.0000000000000000e+00,0.0000000000000000e+00,0.0000000000000000e+00,0.0000000000000000e+00,0.0000000000000000e+00,0.0000000000000000e+00,0.0000000000000000e+00,0.0000000000000000e+00,0.0000000000000000e+00,0.0000000000000000e+00,0.0000000000000000e+00,0.0000000000000000e+00,0.0000000000000000e+00,0.0000000000000000e+00,0.0000000000000000e+00,0.0000000000000000e+00,0.0000000000000000e+00,0.0000000000000000e+00,0.0000000000000000e+00,0.0000000000000000e+00,0.0000000000000000e+00,0.0000000000000000e+00,0.0000000000000000e+00,0.0000000000000000e+00,0.0000000000000000e+00,0.0000000000000000e+00,0.0000000000000000e+00,0.0000000000000000e+00,0.0000000000000000e+00,0.0000000000000000e+00,0.0000000000000000e+00,0.0000000000000000e+00,0.0000000000000000e+00,0.0000000000000000e+00,0.0000000000000000e+00,0.0000000000000000e+00,0.0000000000000000e+00,0.0000000000000000e+00,0.0000000000000000e+00,0.0000000000000000e+00,0.0000000000000000e+00,0.0000000000000000e+00,0.0000000000000000e+00,0.0000000000000000e+00,0.0000000000000000e+00,0.0000000000000000e+00,0.0000000000000000e+00,0.0000000000000000e+00,0.0000000000000000e+00,0.0000000000000000e+00,0.0000000000000000e+00,0.0000000000000000e+00,0.0000000000000000e+00,0.0000000000000000e+00,0.0000000000000000e+00,0.0000000000000000e+00,0.0000000000000000e+00,0.0000000000000000e+00,0.0000000000000000e+00,0.0000000000000000e+00,0.0000000000000000e+00,0.0000000000000000e+00,0.0000000000000000e+00,0.0000000000000000e+00,0.0000000000000000e+00,0.0000000000000000e+00,0.0000000000000000e+00,0.0000000000000000e+00,0.0000000000000000e+00,0.0000000000000000e+00,0.0000000000000000e+00,0.0000000000000000e+00,0.0000000000000000e+00,0.0000000000000000e+00,0.0000000000000000e+00,0.0000000000000000e+00,0.0000000000000000e+00,0.0000000000000000e+00,0.0000000000000000e+00,0.0000000000000000e+00,0.0000000000000000e+00,0.0000000000000000e+00,0.0000000000000000e+00,0.0000000000000000e+00,0.0000000000000000e+00,0.0000000000000000e+00,0.0000000000000000e+00,0.0000000000000000e+00,0.0000000000000000e+00,0.0000000000000000e+00,0.0000000000000000e+00,0.0000000000000000e+00,0.0000000000000000e+00,0.0000000000000000e+00,0.0000000000000000e+00,0.0000000000000000e+00,0.0000000000000000e+00,0.0000000000000000e+00,0.0000000000000000e+00,0.0000000000000000e+00,0.0000000000000000e+00,0.0000000000000000e+00,0.0000000000000000e+00,0.0000000000000000e+00,0.0000000000000000e+00,0.0000000000000000e+00,0.0000000000000000e+00,0.0000000000000000e+00,0.0000000000000000e+00,0.0000000000000000e+00,0.0000000000000000e+00,0.0000000000000000e+00,0.0000000000000000e+00,0.0000000000000000e+00,0.0000000000000000e+00,0.0000000000000000e+00,0.0000000000000000e+00,0.0000000000000000e+00,0.0000000000000000e+00,0.0000000000000000e+00,0.0000000000000000e+00,0.0000000000000000e+00,0.0000000000000000e+00,0.0000000000000000e+00,0.0000000000000000e+00,0.0000000000000000e+00,0.0000000000000000e+00,0.0000000000000000e+00,0.0000000000000000e+00,0.0000000000000000e+00,0.0000000000000000e+00,0.0000000000000000e+00,0.0000000000000000e+00,0.0000000000000000e+00,0.0000000000000000e+00,0.0000000000000000e+00,0.0000000000000000e+00,0.0000000000000000e+00,0.0000000000000000e+00,0.0000000000000000e+00,0.0000000000000000e+00,0.0000000000000000e+00,0.0000000000000000e+00,0.0000000000000000e+00,0.0000000000000000e+00,0.0000000000000000e+00,0.0000000000000000e+00,0.0000000000000000e+00,0.0000000000000000e+00,0.0000000000000000e+00,0.0000000000000000e+00,0.0000000000000000e+00,0.0000000000000000e+00,0.0000000000000000e+00,0.0000000000000000e+00,0.0000000000000000e+00,0.0000000000000000e+00,0.0000000000000000e+00,0.0000000000000000e+00,0.0000000000000000e+00,0.0000000000000000e+00,0.0000000000000000e+00,0.0000000000000000e+00,0.0000000000000000e+00,0.0000000000000000e+00,0.0000000000000000e+00,0.0000000000000000e+00,0.0000000000000000e+00,0.0000000000000000e+00,0.0000000000000000e+00,0.0000000000000000e+00,0.0000000000000000e+00,0.0000000000000000e+00,0.0000000000000000e+00,0.0000000000000000e+00,0.0000000000000000e+00,0.0000000000000000e+00,0.0000000000000000e+00,0.0000000000000000e+00,0.0000000000000000e+00,0.0000000000000000e+00,0.0000000000000000e+00,0.0000000000000000e+00,0.0000000000000000e+00,0.0000000000000000e+00,0.0000000000000000e+00,0.0000000000000000e+00,0.0000000000000000e+00,0.0000000000000000e+00,0.0000000000000000e+00,0.0000000000000000e+00,0.0000000000000000e+00,0.0000000000000000e+00,0.0000000000000000e+00,0.0000000000000000e+00,0.0000000000000000e+00,0.0000000000000000e+00,0.0000000000000000e+00,0.0000000000000000e+00,0.0000000000000000e+00,0.0000000000000000e+00,0.0000000000000000e+00,0.0000000000000000e+00,0.0000000000000000e+00,0.0000000000000000e+00,0.0000000000000000e+00,0.0000000000000000e+00,0.0000000000000000e+00,0.0000000000000000e+00,0.0000000000000000e+00,0.0000000000000000e+00,0.0000000000000000e+00,0.0000000000000000e+00,0.0000000000000000e+00,0.0000000000000000e+00,0.0000000000000000e+00,0.0000000000000000e+00,0.0000000000000000e+00,0.0000000000000000e+00,0.0000000000000000e+00,0.0000000000000000e+00,0.0000000000000000e+00,0.0000000000000000e+00,0.0000000000000000e+00,0.0000000000000000e+00,0.0000000000000000e+00,0.0000000000000000e+00,0.0000000000000000e+00,0.0000000000000000e+00,0.0000000000000000e+00,0.0000000000000000e+00,0.0000000000000000e+00,0.0000000000000000e+00,0.0000000000000000e+00,0.0000000000000000e+00,0.0000000000000000e+00,0.0000000000000000e+00,0.0000000000000000e+00,0.0000000000000000e+00,0.0000000000000000e+00,0.0000000000000000e+00,0.0000000000000000e+00,0.0000000000000000e+00,0.0000000000000000e+00,0.0000000000000000e+00,0.0000000000000000e+00,0.0000000000000000e+00,0.0000000000000000e+00,0.0000000000000000e+00,0.0000000000000000e+00,0.0000000000000000e+00,0.0000000000000000e+00,0.0000000000000000e+00,0.0000000000000000e+00,0.0000000000000000e+00,0.0000000000000000e+00,0.0000000000000000e+00,0.0000000000000000e+00,0.0000000000000000e+00,0.0000000000000000e+00,0.0000000000000000e+00,0.0000000000000000e+00,0.0000000000000000e+00,0.0000000000000000e+00,0.0000000000000000e+00,0.0000000000000000e+00,0.0000000000000000e+00,0.0000000000000000e+00,0.0000000000000000e+00,0.0000000000000000e+00,0.0000000000000000e+00,0.0000000000000000e+00,0.0000000000000000e+00,0.0000000000000000e+00,0.0000000000000000e+00,0.0000000000000000e+00,0.0000000000000000e+00,0.0000000000000000e+00,0.0000000000000000e+00,0.0000000000000000e+00,0.0000000000000000e+00,0.0000000000000000e+00,0.0000000000000000e+00,0.0000000000000000e+00,0.0000000000000000e+00,0.0000000000000000e+00,0.0000000000000000e+00,0.0000000000000000e+00,0.0000000000000000e+00,0.0000000000000000e+00,0.0000000000000000e+00,0.0000000000000000e+00,0.0000000000000000e+00,0.0000000000000000e+00,0.0000000000000000e+00,0.0000000000000000e+00,0.0000000000000000e+00,0.0000000000000000e+00,0.0000000000000000e+00,0.0000000000000000e+00,0.0000000000000000e+00,0.0000000000000000e+00,0.0000000000000000e+00,0.0000000000000000e+00,0.0000000000000000e+00,0.0000000000000000e+00,0.0000000000000000e+00,0.0000000000000000e+00,0.0000000000000000e+00,0.0000000000000000e+00,0.0000000000000000e+00,0.0000000000000000e+00,0.0000000000000000e+00,0.0000000000000000e+00,0.0000000000000000e+00,0.0000000000000000e+00,0.0000000000000000e+00,0.0000000000000000e+00,0.0000000000000000e+00,0.0000000000000000e+00,0.0000000000000000e+00,0.0000000000000000e+00,0.0000000000000000e+00,0.0000000000000000e+00,0.0000000000000000e+00,0.0000000000000000e+00,0.0000000000000000e+00,0.0000000000000000e+00,0.0000000000000000e+00,0.0000000000000000e+00,0.0000000000000000e+00,0.0000000000000000e+00,0.0000000000000000e+00,0.0000000000000000e+00,0.0000000000000000e+00,0.0000000000000000e+00,0.0000000000000000e+00,0.0000000000000000e+00,0.0000000000000000e+00,0.0000000000000000e+00,0.0000000000000000e+00,0.0000000000000000e+00,0.0000000000000000e+00,0.0000000000000000e+00,0.0000000000000000e+00,0.0000000000000000e+00,0.0000000000000000e+00,0.0000000000000000e+00,0.0000000000000000e+00,0.0000000000000000e+00,0.0000000000000000e+00,0.0000000000000000e+00,0.0000000000000000e+00,0.0000000000000000e+00,0.0000000000000000e+00,0.0000000000000000e+00,0.0000000000000000e+00,0.0000000000000000e+00,0.0000000000000000e+00,0.0000000000000000e+00,0.0000000000000000e+00,0.0000000000000000e+00,0.0000000000000000e+00,0.0000000000000000e+00,0.0000000000000000e+00,0.0000000000000000e+00,0.0000000000000000e+00,0.0000000000000000e+00,0.0000000000000000e+00,0.0000000000000000e+00,0.0000000000000000e+00,0.0000000000000000e+00,0.0000000000000000e+00,0.0000000000000000e+00,0.0000000000000000e+00,0.0000000000000000e+00,0.0000000000000000e+00,0.0000000000000000e+00,0.0000000000000000e+00,0.0000000000000000e+00,0.0000000000000000e+00,0.0000000000000000e+00,0.0000000000000000e+00,0.0000000000000000e+00,0.0000000000000000e+00,0.0000000000000000e+00,0.0000000000000000e+00,0.0000000000000000e+00,0.0000000000000000e+00,0.0000000000000000e+00,0.0000000000000000e+00,0.0000000000000000e+00,0.0000000000000000e+00,0.0000000000000000e+00,0.0000000000000000e+00,0.0000000000000000e+00,0.0000000000000000e+00,0.0000000000000000e+00,0.0000000000000000e+00,0.0000000000000000e+00,0.0000000000000000e+00,0.0000000000000000e+00,0.0000000000000000e+00,0.0000000000000000e+00,0.0000000000000000e+00,0.0000000000000000e+00,0.0000000000000000e+00,0.0000000000000000e+00,0.0000000000000000e+00,0.0000000000000000e+00,0.0000000000000000e+00,0.0000000000000000e+00,0.0000000000000000e+00,0.0000000000000000e+00,0.0000000000000000e+00,0.0000000000000000e+00,0.0000000000000000e+00,0.0000000000000000e+00,0.0000000000000000e+00,0.0000000000000000e+00,0.0000000000000000e+00,0.0000000000000000e+00,0.0000000000000000e+00,0.0000000000000000e+00,0.0000000000000000e+00,0.0000000000000000e+00,0.0000000000000000e+00,0.0000000000000000e+00,0.0000000000000000e+00,0.0000000000000000e+00,0.0000000000000000e+00,0.0000000000000000e+00,0.0000000000000000e+00,0.0000000000000000e+00,0.0000000000000000e+00,0.0000000000000000e+00,0.0000000000000000e+00,0.0000000000000000e+00,0.0000000000000000e+00,0.0000000000000000e+00,0.0000000000000000e+00,0.0000000000000000e+00,0.0000000000000000e+00,0.0000000000000000e+00,0.0000000000000000e+00,0.0000000000000000e+00,0.0000000000000000e+00,0.0000000000000000e+00,0.0000000000000000e+00,0.0000000000000000e+00,0.0000000000000000e+00,0.0000000000000000e+00,0.0000000000000000e+00,0.0000000000000000e+00,0.0000000000000000e+00,0.0000000000000000e+00,0.0000000000000000e+00,0.0000000000000000e+00,0.0000000000000000e+00,0.0000000000000000e+00,0.0000000000000000e+00,0.0000000000000000e+00,0.0000000000000000e+00,0.0000000000000000e+00,0.0000000000000000e+00,0.0000000000000000e+00,0.0000000000000000e+00,0.0000000000000000e+00,0.0000000000000000e+00,0.0000000000000000e+00,0.0000000000000000e+00,0.0000000000000000e+00,0.0000000000000000e+00,0.0000000000000000e+00,0.0000000000000000e+00,0.0000000000000000e+00,0.0000000000000000e+00,0.0000000000000000e+00,0.0000000000000000e+00,0.0000000000000000e+00,0.0000000000000000e+00,0.0000000000000000e+00,0.0000000000000000e+00,0.0000000000000000e+00,0.0000000000000000e+00,0.0000000000000000e+00,0.0000000000000000e+00,0.0000000000000000e+00,0.0000000000000000e+00,0.0000000000000000e+00,0.0000000000000000e+00,0.0000000000000000e+00,0.0000000000000000e+00,0.0000000000000000e+00,0.0000000000000000e+00,0.0000000000000000e+00,0.0000000000000000e+00,0.0000000000000000e+00,0.0000000000000000e+00,0.0000000000000000e+00,0.0000000000000000e+00,0.0000000000000000e+00,0.0000000000000000e+00,0.0000000000000000e+00,0.0000000000000000e+00,0.0000000000000000e+00,0.0000000000000000e+00,0.0000000000000000e+00,0.0000000000000000e+00,0.0000000000000000e+00,0.0000000000000000e+00,0.0000000000000000e+00,0.0000000000000000e+00,0.0000000000000000e+00,0.0000000000000000e+00,0.0000000000000000e+00,0.0000000000000000e+00,0.0000000000000000e+00,0.0000000000000000e+00,0.0000000000000000e+00,0.0000000000000000e+00,0.0000000000000000e+00,0.0000000000000000e+00,0.0000000000000000e+00,0.0000000000000000e+00,0.0000000000000000e+00,0.0000000000000000e+00,0.0000000000000000e+00,0.0000000000000000e+00,0.0000000000000000e+00,0.0000000000000000e+00,0.0000000000000000e+00,0.0000000000000000e+00,0.0000000000000000e+00,0.0000000000000000e+00,0.0000000000000000e+00,0.0000000000000000e+00,0.0000000000000000e+00,0.0000000000000000e+00,0.0000000000000000e+00,0.0000000000000000e+00,0.0000000000000000e+00,0.0000000000000000e+00,0.0000000000000000e+00,0.0000000000000000e+00,0.0000000000000000e+00,0.0000000000000000e+00,0.0000000000000000e+00,0.0000000000000000e+00,0.0000000000000000e+00,0.0000000000000000e+00,0.0000000000000000e+00,0.0000000000000000e+00,0.0000000000000000e+00,0.0000000000000000e+00,0.0000000000000000e+00,0.0000000000000000e+00,0.0000000000000000e+00,0.0000000000000000e+00,0.0000000000000000e+00,0.0000000000000000e+00,0.0000000000000000e+00,0.0000000000000000e+00,0.0000000000000000e+00,0.0000000000000000e+00,0.0000000000000000e+00,0.0000000000000000e+00,0.0000000000000000e+00,0.0000000000000000e+00,0.0000000000000000e+00,0.0000000000000000e+00,0.0000000000000000e+00,0.0000000000000000e+00,0.0000000000000000e+00,0.0000000000000000e+00,0.0000000000000000e+00,0.0000000000000000e+00,0.0000000000000000e+00,0.0000000000000000e+00,0.0000000000000000e+00,0.0000000000000000e+00,0.0000000000000000e+00,0.0000000000000000e+00,0.0000000000000000e+00,0.0000000000000000e+00,0.0000000000000000e+00,0.0000000000000000e+00,0.0000000000000000e+00,0.0000000000000000e+00,0.0000000000000000e+00,0.0000000000000000e+00
8.0654731525003349e+00,8.0654731525003349e+00,9.8465446349490797e+00,9.8465446349490797e+00,9.8465446349490797e+00,9.8465446349490797e+00,9.8465446349490797e+00,0.0000000000000000e+00,9.8465446349490797e+00,1.4625909801111188e+01,1.4625909801111188e+01,9.8465446349490797e+00,9.8465446349490797e+00,9.8465446349490797e+00,3.6995608035437582e+00,9.8465446349490797e+00,9.8465446349490797e+00,9.8465446349490797e+00,8.6642406130225886e+00,9.8465446349490797e+00,9.8465446349490797e+00,8.0654731525003349e+00,8.0654731525003349e+00,8.6642406130225886e+00,9.8465446349490797e+00,8.6642406130225886e+00,9.8465446349490797e+00,9.8465446349490797e+00,9.8465446349490797e+00,9.8465446349490797e+00,4.8104938669129211e+00,9.5519811697740997e-01,1.4135010423258890e+01,9.5519811697740997e-01,9.8465446349490797e+00,9.8465446349490797e+00,1.9101575982584276e+00,1.9101575982584276e+00,1.4135010423258890e+01,8.0654731525003349e+00,7.9157409338479479e+00,9.8465446349490797e+00,7.9157409338479479e+00,1.1889884559855943e+01,9.8465446349490797e+00,7.9157409338479479e+00,9.8465446349490797e+00,7.9157409338479479e+00,7.9157409338479479e+00,9.8465446349490797e+00,7.9157409338479479e+00,7.9157409338479479e+00,2.8120750791843196e+00,9.8465446349490797e+00,5.7288502514165813e+00,8.0654731525003349e+00,7.9157409338479479e+00,1.9101575982584276e+00,3.6995608035437582e+00,9.8465446349490797e+00,8.6642406130225886e+00,1.4625909801111188e+01,1.2207874519524871e+01,1.2207874519524871e+01,1.2207874519524871e+01,8.6642406130225886e+00,7.9157409338479479e+00,8.0654731525003349e+00,8.0654731525003349e+00,8.0654731525003349e+00,1.2207874519524871e+01,0.0000000000000000e+00,5.7288502514165813e+00,1.9101575982584276e+00,3.6995608035437582e+00,4.8104938669129211e+00,3.6995608035437582e+00,9.8465446349490797e+00,5.7288502514165813e+00,1.2207874519524871e+01,1.1889884559855943e+01,9.8465446349490797e+00,7.9157409338479479e+00,0.0000000000000000e+00,7.9157409338479479e+00,8.0654731525003349e+00,4.8104938669129211e+00,9.8465446349490797e+00,8.0654731525003349e+00,9.8465446349490797e+00,9.8465446349490797e+00,9.8465446349490797e+00,6.9544513553929042e+00,8.0654731525003349e+00,1.4135010423258890e+01,6.9544513553929042e+00,8.0654731525003349e+00,8.0654731525003349e+00,1.9101575982584276e+00,8.0654731525003349e+00,1.4135010423258890e+01,6.9544513553929042e+00,9.8465446349490797e+00,1.4625909801111188e+01,3.6995608035437582e+00,9.5519811697740997e-01,1.4625909801111188e+01,1.4625909801111188e+01,1.4135010423258890e+01,5.7288502514165813e+00,7.9157409338479479e+00,7.9157409338479479e+00,0.0000000000000000e+00,1.4625909801111188e+01,4.8104938669129211e+00,1.4625909801111188e+01,1.2207874519524871e+01,2.8120750791843196e+00,6.9544513553929042e+00,8.6642406130225886e+00,1.1889884559855943e+01,1.1889884559855943e+01,7.9157409338479479e+00,8.6642406130225886e+00,9.8465446349490797e+00,1.4625909801111188e+01,1.4625909801111188e+01,1.4625909801111188e+01,1.2207874519524871e+01,1.2207874519524871e+01,2.8120750791843196e+00,2.8120750791843196e+00,1.4625909801111188e+01,8.0654731525003349e+00,1.9101575982584276e+00,1.9101575982584276e+00,2.8120750791843196e+00,1.1889884559855943e+01,6.9544513553929042e+00,1.1889884559855943e+01,9.8465446349490797e+00,1.1889884559855943e+01,1.4625909801111188e+01,1.4135010423258890e+01,5.7288502514165813e+00,1.1889884559855943e+01,9.8465446349490797e+00,7.9157409338479479e+00,1.9101575982584276e+00,5.7288502514165813e+00,1.2207874519524871e+01,9.8465446349490797e+00,1.4625909801111188e+01,1.1889884559855943e+01,1.4135010423258890e+01,3.6995608035437582e+00,9.8465446349490797e+00,1.4625909801111188e+01,3.6995608035437582e+00,0.0000000000000000e+00,5.7288502514165813e+00,4.8104938669129211e+00,8.0654731525003349e+00,4.8104938669129211e+00,1.1889884559855943e+01,7.9157409338479479e+00,5.7288502514165813e+00,4.8104938669129211e+00,7.9157409338479479e+00,7.9157409338479479e+00,7.9157409338479479e+00,6.9544513553929042e+00,8.6642406130225886e+00,8.0654731525003349e+00,8.0654731525003349e+00,8.0654731525003349e+00,1.4625909801111188e+01,5.7288502514165813e+00,1.4625909801111188e+01,6.9544513553929042e+00,1.4625909801111188e+01,9.8465446349490797e+00,9.8465446349490797e+00,9.8465446349490797e+00,1.4625909801111188e+01,1.9101575982584276e+00,6.9544513553929042e+00,1.4625909801111188e+01,1.9101575982584276e+00,7.9157409338479479e+00,7.9157409338479479e+00,1.4625909801111188e+01,7.9157409338479479e+00,1.4625909801111188e+01,1.4625909801111188e+01,1.4625909801111188e+01,9.5519811697740997e-01,1.4135010423258890e+01,8.6642406130225886e+00,1.4625909801111188e+01,8.0654731525003349e+00,8.0654731525003349e+00,4.8104938669129211e+00,1.9101575982584276e+00,6.9544513553929042e+00,6.9544513553929042e+00,8.0654731525003349e+00,6.9544513553929042e+00,1.4625909801111188e+01,8.0654731525003349e+00,8.6642406130225886e+00,8.0654731525003349e+00,6.9544513553929042e+00,6.9544513553929042e+00,7.9157409338479479e+00,8.0654731525003349e+00,7.9157409338479479e+00,4.8104938669129211e+00,7.9157409338479479e+00,7.9157409338479479e+00,1.1889884559855943e+01,3.6995608035437582e+00,7.9157409338479479e+00,9.8465446349490797e+00,4.8104938669129211e+00,0.0000000000000000e+00,1.9101575982584276e+00,1.4625909801111188e+01,1.9101575982584276e+00,9.8465446349490797e+00,9.8465446349490797e+00,3.6995608035437582e+00,1.1889884559855943e+01,1.4625909801111188e+01,5.7288502514165813e+00,3.6995608035437582e+00,9.5519811697740997e-01,1.4625909801111188e+01,1.4625909801111188e+01,1.4625909801111188e+01,1.4625909801111188e+01,9.8465446349490797e+00,1.1889884559855943e+01,1.4625909801111188e+01,1.4625909801111188e+01,1.4625909801111188e+01,9.5519811697740997e-01,7.9157409338479479e+00,4.8104938669129211e+00,5.7288502514165813e+00,4.8104938669129211e+00,1.4625909801111188e+01,1.1889884559855943e+01,9.8465446349490797e+00,1.4625909801111188e+01,1.4625909801111188e+01,9.8465446349490797e+00,4.8104938669129211e+00,1.1889884559855943e+01,2.8120750791843196e+00,3.6995608035437582e+00,1.2207874519524871e+01,1.4625909801111188e+01,1.4625909801111188e+01,1.9101575982584276e+00,1.2207874519524871e+01,9.8465446349490797e+00,3.6995608035437582e+00,0.0000000000000000e+00,1.4625909801111188e+01,1.4625909801111188e+01,7.9157409338479479e+00,1.4625909801111188e+01,1.4625909801111188e+01,1.4625909801111188e+01,1.4625909801111188e+01,1.9101575982584276e+00,8.6642406130225886e+00,1.4625909801111188e+01,0.0000000000000000e+00,1.4625909801111188e+01,3.6995608035437582e+00,1.4625909801111188e+01,1.4625909801111188e+01,1.1889884559855943e+01,1.4625909801111188e+01,2.8120750791843196e+00,4.8104938669129211e+00,6.9544513553929042e+00,1.2207874519524871e+01,1.4625909801111188e+01,1.4625909801111188e+01,1.4135010423258890e+01,7.9157409338479479e+00,8.0654731525003349e+00,1.4135010423258890e+01,1.4135010423258890e+01,2.8120750791843196e+00,2.8120750791843196e+00,9.8465446349490797e+00,3.6995608035437582e+00,9.8465446349490797e+00,9.8465446349490797e+00,9.8465446349490797e+00,8.6642406130225886e+00,3.6995608035437582e+00,1.4625909801111188e+01,9.8465446349490797e+00,8.0654731525003349e+00,8.0654731525003349e+00,9.8465446349490797e+00,5.7288502514165813e+00,1.4625909801111188e+01,1.4625909801111188e+01,1.4625909801111188e+01,1.4625909801111188e+01,9.8465446349490797e+00,9.8465446349490797e+00,8.0654731525003349e+00,1.4625909801111188e+01,4.8104938669129211e+00,1.4625909801111188e+01,2.8120750791843196e+00,0.0000000000000000e+00,8.0654731525003349e+00,5.7288502514165813e+00,2.8120750791843196e+00,9.5519811697740997e-01,9.8465446349490797e+00,8.0654731525003349e+00,1.1889884559855943e+01,1.1889884559855943e+01,8.0654731525003349e+00,8.0654731525003349e+00,1.2207874519524871e+01,7.9157409338479479e+00,5.7288502514165813e+00,1.9101575982584276e+00,8.0654731525003349e+00,9.8465446349490797e+00,8.6642406130225886e+00,1.4625909801111188e+01,5.7288502514165813e+00,8.0654731525003349e+00,1.4625909801111188e+01,1.4625909801111188e+01,1.9101575982584276e+00,1.9101575982584276e+00,5.7288502514165813e+00,2.8120750791843196e+00,1.4625909801111188e+01,1.9101575982584276e+00,1.4625909801111188e+01,7.9157409338479479e+00,1.2207874519524871e+01,1.9101575982584276e+00,9.8465446349490797e+00,0.0000000000000000e+00,1.4135010423258890e+01,9.5519811697740997e-01,1.2207874519524871e+01,1.2207874519524871e+01,5.7288502514165813e+00,9.8465446349490797e+00,5.7288502514165813e+00,5.7288502514165813e+00,9.8465446349490797e+00,5.7288502514165813e+00,1.1889884559855943e+01,9.8465446349490797e+00,8.6642406130225886e+00,5.7288502514165813e+00,1.4625909801111188e+01,6.9544513553929042e+00,6.9544513553929042e+00,8.0654731525003349e+00,5.7288502514165813e+00,1.1889884559855943e+01,1.2207874519524871e+01,1.1889884559855943e+01,7.9157409338479479e+00,6.9544513553929042e+00,1.2207874519524871e+01,1.9101575982584276e+00,1.1889884559855943e+01,1.2207874519524871e+01,6.9544513553929042e+00,7.9157409338479479e+00,7.9157409338479479e+00,3.6995608035437582e+00,1.2207874519524871e+01,1.1889884559855943e+01,1.2207874519524871e+01,2.8120750791843196e+00,7.9157409338479479e+00,7.9157409338479479e+00,1.2207874519524871e+01,1.2207874519524871e+01,8.0654731525003349e+00,1.4625909801111188e+01,1.2207874519524871e+01,0.0000000000000000e+00,7.9157409338479479e+00,9.8465446349490797e+00,0.0000000000000000e+00,1.2207874519524871e+01,4.8104938669129211e+00,2.8120750791843196e+00,0.0000000000000000e+00,1.4135010423258890e+01,9.5519811697740997e-01,9.8465446349490797e+00,8.0654731525003349e+00,1.1889884559855943e+01,6.9544513553929042e+00,8.0654731525003349e+00,1.9101575982584276e+00,8.0654731525003349e+00,1.4625909801111188e+01,1.2207874519524871e+01,9.5519811697740997e-01,7.9157409338479479e+00,9.8465446349490797e+00,1.4625909801111188e+01,9.8465446349490797e+00,6.9544513553929042e+00,2.8120750791843196e+00,9.8465446349490797e+00,9.8465446349490797e+00,4.8104938669129211e+00,1.2207874519524871e+01,2.8120750791843196e+00,1.2207874519524871e+01,9.8465446349490797e+00,5.7288502514165813e+00,1.1889884559855943e+01,1.1889884559855943e+01,1.1889884559855943e+01,1.1889884559855943e+01,9.8465446349490797e+00,1.4135010423258890e+01,1.4135010423258890e+01,1.4135010423258890e+01,6.9544513553929042e+00,1.4135010423258890e+01,1.9101575982584276e+00,9.8465446349490797e+00,2.8120750791843196e+00,1.4135010423258890e+01,9.8465446349490797e+00,6.9544513553929042e+00,2.8120750791843196e+00,1.4625909801111188e+01,9.8465446349490797e+00,7.9157409338479479e+00,1.4135010423258890e+01,8.0654731525003349e+00,7.9157409338479479e+00,1.1889884559855943e+01,1.1889884559855943e+01,1.9101575982584276e+00,1.1889884559855943e+01,1.4625909801111188e+01,1.1889884559855943e+01,1.4625909801111188e+01,5.7288502514165813e+00,1.9101575982584276e+00,1.2207874519524871e+01,1.4625909801111188e+01,8.6642406130225886e+00,8.0654731525003349e+00,5.7288502514165813e+00,6.9544513553929042e+00,4.8104938669129211e+00,8.0654731525003349e+00,1.4625909801111188e+01,1.4135010423258890e+01,8.0654731525003349e+00,3.6995608035437582e+00,4.8104938669129211e+00,3.6995608035437582e+00,6.9544513553929042e+00,6.9544513553929042e+00,1.4625909801111188e+01,9.5519811697740997e-01,1.1889884559855943e+01,1.4135010423258890e+01,1.1889884559855943e+01,9.8465446349490797e+00,1.1889884559855943e+01,1.2207874519524871e+01,9.8465446349490797e+00,1.2207874519524871e+01,1.2207874519524871e+01,1.1889884559855943e+01,5.7288502514165813e+00,1.4625909801111188e+01,2.8120750791843196e+00,1.1889884559855943e+01,7.9157409338479479e+00,1.4625909801111188e+01,1.9101575982584276e+00,8.6642406130225886e+00,9.8465446349490797e+00,2.8120750791843196e+00,2.8120750791843196e+00,2.8120750791843196e+00,1.4625909801111188e+01,7.9157409338479479e+00,1.9101575982584276e+00,2.8120750791843196e+00,1.4135010423258890e+01,1.9101575982584276e+00,1.4135010423258890e+01,7.9157409338479479e+00,7.9157409338479479e+00,1.2207874519524871e+01,9.8465446349490797e+00,9.8465446349490797e+00,1.1889884559855943e+01,1.2207874519524871e+01,8.6642406130225886e+00,1.2207874519524871e+01,1.2207874519524871e+01,1.1889884559855943e+01,1.1889884559855943e+01,1.9101575982584276e+00,1.2207874519524871e+01,9.8465446349490797e+00,6.9544513553929042e+00,9.8465446349490797e+00,9.8465446349490797e+00,1.1889884559855943e+01,1.4625909801111188e+01,1.1889884559855943e+01,5.7288502514165813e+00,1.2207874519524871e+01,1.1889884559855943e+01,9.8465446349490797e+00,9.8465446349490797e+00,9.8465446349490797e+00,9.5519811697740997e-01,1.2207874519524871e+01,9.8465446349490797e+00,6.9544513553929042e+00,5.7288502514165813e+00,7.9157409338479479e+00,6.9544513553929042e+00,9.8465446349490797e+00,3.6995608035437582e+00,1.9101575982584276e+00,3.6995608035437582e+00,1.4625909801111188e+01,8.0654731525003349e+00,1.9101575982584276e+00,1.9101575982584276e+00,3.6995608035437582e+00,3.6995608035437582e+00,1.4625909801111188e+01,2.8120750791843196e+00,1.4625909801111188e+01,1.1889884559855943e+01,1.1889884559855943e+01,7.9157409338479479e+00,8.0654731525003349e+00,5.7288502514165813e+00,9.8465446349490797e+00,5.7288502514165813e+00,1.4135010423258890e+01,8.6642406130225886e+00,1.9101575982584276e+00,4.8104938669129211e+00,5.7288502514165813e+00,8.0654731525003349e+00,1.2207874519524871e+01,2.8120750791843196e+00,8.6642406130225886e+00,1.2207874519524871e+01,9.8465446349490797e+00,1.4625909801111188e+01,9.8465446349490797e+00,1.4135010423258890e+01,1.2207874519524871e+01,1.9101575982584276e+00,9.8465446349490797e+00,1.4625909801111188e+01,1.2207874519524871e+01,5.7288502514165813e+00,9.5519811697740997e-01,3.6995608035437582e+00,9.5519811697740997e-01,6.9544513553929042e+00,5.7288502514165813e+00,1.4625909801111188e+01,8.6642406130225886e+00,1.4135010423258890e+01,1.2207874519524871e+01,1.2207874519524871e+01,4.8104938669129211e+00,8.0654731525003349e+00,9.8465446349490797e+00,8.0654731525003349e+00,1.4625909801111188e+01,1.9101575982584276e+00,5.7288502514165813e+00,6.9544513553929042e+00,1.4625909801111188e+01,7.9157409338479479e+00,1.4625909801111188e+01,1.4625909801111188e+01,1.4625909801111188e+01,1.4625909801111188e+01,8.0654731525003349e+00,5.7288502514165813e+00,1.4625909801111188e+01,4.8104938669129211e+00,4.8104938669129211e+00,1.4625909801111188e+01,1.1889884559855943e+01,1.4135010423258890e+01,1.4625909801111188e+01,1.4135010423258890e+01,1.4135010423258890e+01,7.9157409338479479e+00,1.4135010423258890e+01,1.4135010423258890e+01,1.1889884559855943e+01,1.1889884559855943e+01,1.1889884559855943e+01,1.2207874519524871e+01,1.2207874519524871e+01,1.4135010423258890e+01,4.8104938669129211e+00,1.2207874519524871e+01,8.6642406130225886e+00,1.4135010423258890e+01,1.2207874519524871e+01,9.8465446349490797e+00,1.4135010423258890e+01,1.4135010423258890e+01,1.4135010423258890e+01,1.4135010423258890e+01,8.6642406130225886e+00,0.0000000000000000e+00,1.1889884559855943e+01,1.4135010423258890e+01,1.9101575982584276e+00,1.4625909801111188e+01,6.9544513553929042e+00,8.6642406130225886e+00,1.2207874519524871e+01,8.6642406130225886e+00,8.6642406130225886e+00,1.4135010423258890e+01,1.4135010423258890e+01,9.5519811697740997e-01,1.2207874519524871e+01,1.1889884559855943e+01,1.1889884559855943e+01,1.2207874519524871e+01,8.6642406130225886e+00,6.9544513553929042e+00,8.6642406130225886e+00,9.8465446349490797e+00,9.8465446349490797e+00,1.2207874519524871e+01,1.1889884559855943e+01,1.4135010423258890e+01,1.4135010423258890e+01,9.8465446349490797e+00,1.4135010423258890e+01,1.2207874519524871e+01,1.9101575982584276e+00,5.7288502514165813e+00,1.4625909801111188e+01,1.4135010423258890e+01,1.4135010423258890e+01,1.4135010423258890e+01,1.1889884559855943e+01,7.9157409338479479e+00,8.6642406130225886e+00,1.1889884559855943e+01,1.1889884559855943e+01,8.0654731525003349e+00,1.4625909801111188e+01,8.0654731525003349e+00,9.8465446349490797e+00,9.8465446349490797e+00,1.4135010423258890e+01,1.4625909801111188e+01,1.4625909801111188e+01,5.7288502514165813e+00,1.2207874519524871e+01,4.8104938669129211e+00,4.8104938669129211e+00,1.1889884559855943e+01,1.4625909801111188e+01,1.4135010423258890e+01,2.8120750791843196e+00,1.4135010423258890e+01,1.2207874519524871e+01,6.9544513553929042e+00,3.6995608035437582e+00,8.6642406130225886e+00,1.4625909801111188e+01,7.9157409338479479e+00,1.4135010423258890e+01,8.6642406130225886e+00,7.9157409338479479e+00,7.9157409338479479e+00,1.2207874519524871e+01,2.8120750791843196e+00,1.2207874519524871e+01,6.9544513553929042e+00,1.2207874519524871e+01,3.6995608035437582e+00,9.5519811697740997e-01,8.6642406130225886e+00,7.9157409338479479e+00,9.5519811697740997e-01,1.2207874519524871e+01,1.1889884559855943e+01,8.0654731525003349e+00,1.2207874519524871e+01,8.6642406130225886e+00,3.6995608035437582e+00,8.0654731525003349e+00,1.4135010423258890e+01,4.8104938669129211e+00,1.2207874519524871e+01,1.2207874519524871e+01,9.5519811697740997e-01,6.9544513553929042e+00,8.6642406130225886e+00,9.8465446349490797e+00,1.4135010423258890e+01,1.2207874519524871e+01,8.6642406130225886e+00,8.6642406130225886e+00,1.2207874519524871e+01,1.4135010423258890e+01,1.4625909801111188e+01,1.4135010423258890e+01,1.4135010423258890e+01,1.4625909801111188e+01,1.4625909801111188e+01,1.4625909801111188e+01,1.2207874519524871e+01,1.1889884559855943e+01,1.4625909801111188e+01,1.2207874519524871e+01,5.7288502514165813e+00,1.9101575982584276e+00,9.5519811697740997e-01,9.8465446349490797e+00,1.1889884559855943e+01,1.4625909801111188e+01,1.4625909801111188e+01,5.7288502514165813e+00,6.9544513553929042e+00,8.0654731525003349e+00,8.6642406130225886e+00,8.0654731525003349e+00,6.9544513553929042e+00,8.6642406130225886e+00,3.6995608035437582e+00,1.4625909801111188e+01,1.4625909801111188e+01,2.8120750791843196e+00,4.8104938669129211e+00,6.9544513553929042e+00,6.9544513553929042e+00,8.0654731525003349e+00,4.8104938669129211e+00,5.7288502514165813e+00,8.6642406130225886e+00,1.4135010423258890e+01,1.2207874519524871e+01,4.8104938669129211e+00,1.4625909801111188e+01,8.0654731525003349e+00,1.2207874519524871e+01,8.0654731525003349e+00,9.8465446349490797e+00,1.2207874519524871e+01,6.9544513553929042e+00,6.9544513553929042e+00,1.4625909801111188e+01,8.0654731525003349e+00,6.9544513553929042e+00,1.4625909801111188e+01,1.4625909801111188e+01,1.4625909801111188e+01,3.6995608035437582e+00,6.9544513553929042e+00,8.6642406130225886e+00,1.2207874519524871e+01,5.7288502514165813e+00,1.4135010423258890e+01,3.6995608035437582e+00,1.4135010423258890e+01,1.4135010423258890e+01,1.4135010423258890e+01,4.8104938669129211e+00,4.8104938669129211e+00,7.9157409338479479e+00,1.4135010423258890e+01,8.6642406130225886e+00,9.8465446349490797e+00,1.9101575982584276e+00,5.7288502514165813e+00,6.9544513553929042e+00,9.8465446349490797e+00,9.5519811697740997e-01,8.6642406130225886e+00,1.4135010423258890e+01,9.8465446349490797e+00,6.9544513553929042e+00,1.2207874519524871e+01,1.2207874519524871e+01,6.9544513553929042e+00,1.2207874519524871e+01,1.1889884559855943e+01,5.7288502514165813e+00,1.9101575982584276e+00,1.1889884559855943e+01,1.2207874519524871e+01,8.0654731525003349e+00,1.4625909801111188e+01,1.4625909801111188e+01,4.8104938669129211e+00,3.6995608035437582e+00,4.8104938669129211e+00,1.4625909801111188e+01,1.1889884559855943e+01,5.7288502514165813e+00,7.9157409338479479e+00,9.8465446349490797e+00,1.9101575982584276e+00,1.2207874519524871e+01,8.6642406130225886e+00,1.2207874519524871e+01,6.9544513553929042e+00,1.4625909801111188e+01,1.4625909801111188e+01,6.9544513553929042e+00,1.2207874519524871e+01,9.8465446349490797e+00,1.2207874519524871e+01,2.8120750791843196e+00,6.9544513553929042e+00,2.8120750791843196e+00,2.8120750791843196e+00,1.2207874519524871e+01,5.7288502514165813e+00,1.4625909801111188e+01,6.9544513553929042e+00,1.1889884559855943e+01,1.2207874519524871e+01,9.8465446349490797e+00,1.4135010423258890e+01,1.4135010423258890e+01,1.1889884559855943e+01,1.4625909801111188e+01,1.4135010423258890e+01,9.5519811697740997e-01,1.4135010423258890e+01,1.2207874519524871e+01,1.1889884559855943e+01,1.4625909801111188e+01,8.0654731525003349e+00,1.2207874519524871e+01,0.0000000000000000e+00,1.2207874519524871e+01,2.8120750791843196e+00,1.4135010423258890e+01,6.9544513553929042e+00,1.1889884559855943e+01,9.8465446349490797e+00,9.5519811697740997e-01,2.8120750791843196e+00,7.9157409338479479e+00,8.6642406130225886e+00,9.8465446349490797e+00,1.4625909801111188e+01,7.9157409338479479e+00,1.1889884559855943e+01,1.4135010423258890e+01,1.1889884559855943e+01,0.0000000000000000e+00,0.0000000000000000e+00,3.6995608035437582e+00,2.8120750791843196e+00,1.2207874519524871e+01,1.2207874519524871e+01,8.6642406130225886e+00,7.9157409338479479e+00,7.9157409338479479e+00,7.9157409338479479e+00,5.7288502514165813e+00,5.7288502514165813e+00,2.8120750791843196e+00,1.4135010423258890e+01,1.4135010423258890e+01,8.6642406130225886e+00,8.6642406130225886e+00,9.8465446349490797e+00,9.8465446349490797e+00,5.7288502514165813e+00,2.8120750791843196e+00,1.4135010423258890e+01,8.0654731525003349e+00,1.4625909801111188e+01,1.4625909801111188e+01,5.7288502514165813e+00,1.2207874519524871e+01,1.4625909801111188e+01,5.7288502514165813e+00,1.4625909801111188e+01,1.4625909801111188e+01,9.8465446349490797e+00,7.9157409338479479e+00,1.1889884559855943e+01,8.0654731525003349e+00,8.0654731525003349e+00,9.5519811697740997e-01,9.5519811697740997e-01,1.4625909801111188e+01,1.2207874519524871e+01,8.6642406130225886e+00,9.8465446349490797e+00,4.8104938669129211e+00,9.8465446349490797e+00,1.2207874519524871e+01,9.8465446349490797e+00,9.5519811697740997e-01,6.9544513553929042e+00,9.8465446349490797e+00,6.9544513553929042e+00,6.9544513553929042e+00,8.6642406130225886e+00,9.8465446349490797e+00,1.4625909801111188e+01,1.4625909801111188e+01,1.4625909801111188e+01,1.4625909801111188e+01,1.4625909801111188e+01,4.8104938669129211e+00,1.2207874519524871e+01,2.8120750791843196e+00,1.4625909801111188e+01,1.4625909801111188e+01,1.4625909801111188e+01,1.2207874519524871e+01,1.2207874519524871e+01,1.1889884559855943e+01,1.2207874519524871e+01,8.0654731525003349e+00,1.4625909801111188e+01,6.9544513553929042e+00,6.9544513553929042e+00,3.6995608035437582e+00,1.4625909801111188e+01,6.9544513553929042e+00,9.8465446349490797e+00,0.0000000000000000e+00,1.1889884559855943e+01,5.7288502514165813e+00,1.1889884559855943e+01,9.5519811697740997e-01,3.6995608035437582e+00,9.8465446349490797e+00,8.6642406130225886e+00,9.8465446349490797e+00,3.6995608035437582e+00,1.1889884559855943e+01,9.8465446349490797e+00,1.2207874519524871e+01,9.8465446349490797e+00,8.0654731525003349e+00,9.8465446349490797e+00,0.0000000000000000e+00,8.0654731525003349e+00,9.8465446349490797e+00,1.1889884559855943e+01,1.1889884559855943e+01,1.9101575982584276e+00,9.8465446349490797e+00,0.0000000000000000e+00,1.9101575982584276e+00,5.7288502514165813e+00,8.0654731525003349e+00,1.1889884559855943e+01,7.9157409338479479e+00,6.9544513553929042e+00,1.1889884559855943e+01,7.9157409338479479e+00,6.9544513553929042e+00,6.9544513553929042e+00,7.9157409338479479e+00
9.0036708068952442e-01,9.0036708068952442e-01,1.4936511226363596e+01,3.4116479590239379e+00,1.4936511226363596e+01,1.4936511226363596e+01,3.4116479590239379e+00,9.0036708068952442e-01,1.4936511226363596e+01,1.4936511226363596e+01,1.4936511226363596e+01,0.0000000000000000e+00,1.4936511226363596e+01,9.7894174674937560e+00,1.4936511226363596e+01,1.4936511226363596e+01,1.4936511226363596e+01,6.0628913494669536e+00,8.3619752093870900e+00,1.4936511226363596e+01,3.1914931001709141e+00,1.4936511226363596e+01,8.4951235355176440e+00,1.4936511226363596e+01,0.0000000000000000e+00,8.4951235355176440e+00,8.4951235355176440e+00,0.0000000000000000e+00,4.8998884891493457e+00,8.4951235355176440e+00,1.3343538429577322e+01,1.3343538429577322e+01,1.4936511226363596e+01,1.3343538429577322e+01,1.3343538429577322e+01,1.3343538429577322e+01,1.3343538429577322e+01,9.0036708068952442e-01,1.4936511226363596e+01,1.3343538429577322e+01,8.4951235355176440e+00,3.4116479590239379e+00,1.3343538429577322e+01,1.4936511226363596e+01,1.3343538429577322e+01,1.4936511226363596e+01,6.0628913494669536e+00,1.0517442580900424e+01,8.4951235355176440e+00,1.0517442580900424e+01,8.4951235355176440e+00,3.1914931001709141e+00,1.0517442580900424e+01,0.0000000000000000e+00,8.4951235355176440e+00,1.4936511226363596e+01,8.4951235355176440e+00,1.4936511226363596e+01,1.4936511226363596e+01,1.4936511226363596e+01,1.1079201307647251e+01,1.1079201307647251e+01,1.0517442580900424e+01,1.0517442580900424e+01,1.0517442580900424e+01,1.0517442580900424e+01,1.4936511226363596e+01,3.4116479590239379e+00,1.4936511226363596e+01,1.2362885273552367e+01,1.3343538429577322e+01,1.2362885273552367e+01,1.2362885273552367e+01,1.3343538429577322e+01,0.0000000000000000e+00,9.0036708068952442e-01,9.7894174674937560e+00,3.4116479590239379e+00,9.7894174674937560e+00,9.7894174674937560e+00,1.2362885273552367e+01,1.2362885273552367e+01,1.3343538429577322e+01,9.0036708068952442e-01,1.2362885273552367e+01,8.4951235355176440e+00,1.4936511226363596e+01,1.4936511226363596e+01,1.2362885273552367e+01,1.4936511226363596e+01,1.3343538429577322e+01,3.1914931001709141e+00,3.1914931001709141e+00,8.4951235355176440e+00,1.2362885273552367e+01,1.4936511226363596e+01,8.4951235355176440e+00,6.0628913494669536e+00,3.4116479590239379e+00,1.2362885273552367e+01,3.4116479590239379e+00,8.4951235355176440e+00,1.2362885273552367e+01,8.4951235355176440e+00,4.8998884891493457e+00,1.2362885273552367e+01,6.0628913494669536e+00,1.4936511226363596e+01,1.2362885273552367e+01,1.4936511226363596e+01,1.4936511226363596e+01,4.8998884891493457e+00,1.0517442580900424e+01,1.8152700813386959e+00,9.0036708068952442e-01,3.1914931001709141e+00,0.0000000000000000e+00,3.1914931001709141e+00,1.1079201307647251e+01,1.2362885273552367e+01,1.2362885273552367e+01,8.3619752093870900e+00,1.2362885273552367e+01,1.4936511226363596e+01,1.0517442580900424e+01,1.0517442580900424e+01,8.3619752093870900e+00,4.8998884891493457e+00,0.0000000000000000e+00,1.4936511226363596e+01,1.3343538429577322e+01,8.4951235355176440e+00,1.4936511226363596e+01,1.1079201307647251e+01,1.4936511226363596e+01,8.4951235355176440e+00,8.3619752093870900e+00,1.4936511226363596e+01,3.4116479590239379e+00,6.7222100153981019e+00,9.0036708068952442e-01,1.1079201307647251e+01,1.2362885273552367e+01,1.4936511226363596e+01,8.3619752093870900e+00,8.3619752093870900e+00,3.1914931001709141e+00,8.3619752093870900e+00,6.7222100153981019e+00,1.1079201307647251e+01,0.0000000000000000e+00,1.4936511226363596e+01,1.4936511226363596e+01,1.4936511226363596e+01,1.4936511226363596e+01,1.4936511226363596e+01,1.3343538429577322e+01,1.4936511226363596e+01,1.4936511226363596e+01,1.2362885273552367e+01,1.3343538429577322e+01,8.4951235355176440e+00,8.4951235355176440e+00,1.3343538429577322e+01,8.4951235355176440e+00,1.4936511226363596e+01,1.3343538429577322e+01,1.4936511226363596e+01,8.3619752093870900e+00,4.8998884891493457e+00,4.8998884891493457e+00,6.7222100153981019e+00,3.4116479590239379e+00,3.1914931001709141e+00,1.4936511226363596e+01,6.7222100153981019e+00,1.0517442580900424e+01,9.7894174674937560e+00,3.4116479590239379e+00,1.3343538429577322e+01,6.0628913494669536e+00,1.4936511226363596e+01,9.0036708068952442e-01,9.7894174674937560e+00,1.4936511226363596e+01,1.4936511226363596e+01,1.3343538429577322e+01,6.0628913494669536e+00,8.4951235355176440e+00,8.4951235355176440e+00,1.4936511226363596e+01,8.3619752093870900e+00,1.4936511226363596e+01,6.0628913494669536e+00,6.0628913494669536e+00,8.4951235355176440e+00,8.4951235355176440e+00,6.0628913494669536e+00,1.4936511226363596e+01,9.7894174674937560e+00,1.2362885273552367e+01,1.4936511226363596e+01,1.4936511226363596e+01,1.8152700813386959e+00,1.4936511226363596e+01,1.0517442580900424e+01,1.1079201307647251e+01,1.1079201307647251e+01,1.8152700813386959e+00,1.4936511226363596e+01,1.4936511226363596e+01,0.0000000000000000e+00,8.4951235355176440e+00,1.4936511226363596e+01,1.4936511226363596e+01,1.4936511226363596e+01,1.4936511226363596e+01,1.4936511226363596e+01,1.2362885273552367e+01,1.4936511226363596e+01,9.0036708068952442e-01,6.7222100153981019e+00,8.3619752093870900e+00,8.4951235355176440e+00,1.1079201307647251e+01,1.1079201307647251e+01,3.4116479590239379e+00,3.4116479590239379e+00,8.3619752093870900e+00,3.1914931001709141e+00,0.0000000000000000e+00,1.8152700813386959e+00,9.0036708068952442e-01,1.1079201307647251e+01,1.1079201307647251e+01,0.0000000000000000e+00,1.2362885273552367e+01,1.8152700813386959e+00,9.0036708068952442e-01,6.0628913494669536e+00,6.0628913494669536e+00,1.4936511226363596e+01,3.4116479590239379e+00,1.4936511226363596e+01,4.8998884891493457e+00,1.1079201307647251e+01,1.4936511226363596e+01,1.4936511226363596e+01,1.4936511226363596e+01,0.0000000000000000e+00,6.7222100153981019e+00,1.4936511226363596e+01,9.7894174674937560e+00,1.4936511226363596e+01,9.7894174674937560e+00,8.3619752093870900e+00,1.1079201307647251e+01,4.8998884891493457e+00,9.7894174674937560e+00,8.4951235355176440e+00,8.3619752093870900e+00,8.4951235355176440e+00,1.4936511226363596e+01,1.0517442580900424e+01,8.3619752093870900e+00,1.4936511226363596e+01,1.4936511226363596e+01,1.2362885273552367e+01,8.3619752093870900e+00,6.7222100153981019e+00,8.3619752093870900e+00,1.4936511226363596e+01,1.0517442580900424e+01,1.4936511226363596e+01,3.1914931001709141e+00,1.4936511226363596e+01,3.4116479590239379e+00,8.3619752093870900e+00,1.4936511226363596e+01,1.4936511226363596e+01,1.1079201307647251e+01,1.8152700813386959e+00,1.8152700813386959e+00,1.1079201307647251e+01,1.1079201307647251e+01,3.4116479590239379e+00,8.3619752093870900e+00,1.1079201307647251e+01,3.1914931001709141e+00,1.4936511226363596e+01,0.0000000000000000e+00,3.1914931001709141e+00,8.3619752093870900e+00,1.4936511226363596e+01,1.4936511226363596e+01,1.2362885273552367e+01,9.7894174674937560e+00,8.3619752093870900e+00,9.0036708068952442e-01,3.4116479590239379e+00,0.0000000000000000e+00,6.0628913494669536e+00,1.2362885273552367e+01,1.4936511226363596e+01,9.7894174674937560e+00,1.2362885273552367e+01,1.1079201307647251e+01,1.1079201307647251e+01,4.8998884891493457e+00,1.4936511226363596e+01,1.3343538429577322e+01,6.0628913494669536e+00,6.0628913494669536e+00,1.0517442580900424e+01,9.0036708068952442e-01,8.3619752093870900e+00,1.1079201307647251e+01,3.4116479590239379e+00,3.4116479590239379e+00,1.0517442580900424e+01,1.1079201307647251e+01,8.3619752093870900e+00,1.1079201307647251e+01,8.3619752093870900e+00,3.1914931001709141e+00,1.4936511226363596e+01,1.2362885273552367e+01,8.4951235355176440e+00,1.4936511226363596e+01,0.0000000000000000e+00,8.4951235355176440e+00,0.0000000000000000e+00,8.3619752093870900e+00,1.0517442580900424e+01,1.8152700813386959e+00,1.2362885273552367e+01,8.3619752093870900e+00,1.2362885273552367e+01,9.0036708068952442e-01,1.4936511226363596e+01,9.7894174674937560e+00,1.1079201307647251e+01,1.2362885273552367e+01,9.0036708068952442e-01,9.7894174674937560e+00,8.3619752093870900e+00,1.8152700813386959e+00,1.1079201307647251e+01,1.4936511226363596e+01,1.2362885273552367e+01,0.0000000000000000e+00,1.4936511226363596e+01,3.1914931001709141e+00,1.4936511226363596e+01,1.2362885273552367e+01,1.4936511226363596e+01,1.3343538429577322e+01,6.7222100153981019e+00,1.3343538429577322e+01,6.7222100153981019e+00,6.7222100153981019e+00,1.1079201307647251e+01,1.0517442580900424e+01,1.2362885273552367e+01,1.8152700813386959e+00,9.0036708068952442e-01,9.7894174674937560e+00,1.3343538429577322e+01,1.3343538429577322e+01,1.4936511226363596e+01,1.2362885273552367e+01,1.2362885273552367e+01,1.4936511226363596e+01,0.0000000000000000e+00,1.4936511226363596e+01,1.4936511226363596e+01,8.3619752093870900e+00,1.4936511226363596e+01,3.1914931001709141e+00,1.0517442580900424e+01,1.2362885273552367e+01,8.3619752093870900e+00,3.1914931001709141e+00,1.1079201307647251e+01,1.1079201307647251e+01,1.1079201307647251e+01,3.4116479590239379e+00,1.4936511226363596e+01,1.1079201307647251e+01,1.4936511226363596e+01,1.1079201307647251e+01,1.2362885273552367e+01,4.8998884891493457e+00,6.0628913494669536e+00,1.2362885273552367e+01,1.0517442580900424e+01,1.0517442580900424e+01,1.4936511226363596e+01,1.0517442580900424e+01,1.0517442580900424e+01,1.4936511226363596e+01,9.7894174674937560e+00,1.2362885273552367e+01,0.0000000000000000e+00,6.0628913494669536e+00,3.4116479590239379e+00,1.4936511226363596e+01,9.7894174674937560e+00,6.0628913494669536e+00,1.4936511226363596e+01,1.2362885273552367e+01,1.4936511226363596e+01,1.4936511226363596e+01,1.4936511226363596e+01,1.1079201307647251e+01,1.2362885273552367e+01,9.7894174674937560e+00,8.4951235355176440e+00,1.4936511226363596e+01,1.4936511226363596e+01,1.2362885273552367e+01,1.2362885273552367e+01,1.4936511226363596e+01,1.4936511226363596e+01,1.4936511226363596e+01,1.1079201307647251e+01,1.8152700813386959e+00,1.1079201307647251e+01,9.7894174674937560e+00,1.4936511226363596e+01,1.0517442580900424e+01,1.3343538429577322e+01,1.3343538429577322e+01,9.7894174674937560e+00,6.7222100153981019e+00,8.3619752093870900e+00,4.8998884891493457e+00,6.0628913494669536e+00,9.0036708068952442e-01,1.4936511226363596e+01,1.3343538429577322e+01,1.3343538429577322e+01,0.0000000000000000e+00,3.4116479590239379e+00,9.7894174674937560e+00,1.3343538429577322e+01,9.7894174674937560e+00,1.1079201307647251e+01,0.0000000000000000e+00,3.1914931001709141e+00,0.0000000000000000e+00,1.1079201307647251e+01,1.1079201307647251e+01,1.1079201307647251e+01,4.8998884891493457e+00,1.2362885273552367e+01,1.1079201307647251e+01,0.0000000000000000e+00,1.4936511226363596e+01,1.1079201307647251e+01,1.2362885273552367e+01,1.3343538429577322e+01,1.0517442580900424e+01,6.7222100153981019e+00,1.3343538429577322e+01,1.1079201307647251e+01,6.0628913494669536e+00,6.0628913494669536e+00,8.3619752093870900e+00,6.0628913494669536e+00,1.2362885273552367e+01,1.4936511226363596e+01,1.4936511226363596e+01,0.0000000000000000e+00,6.0628913494669536e+00,6.7222100153981019e+00,9.0036708068952442e-01,9.7894174674937560e+00,1.4936511226363596e+01,1.4936511226363596e+01,1.1079201307647251e+01,1.4936511226363596e+01,1.4936511226363596e+01,6.0628913494669536e+00,1.4936511226363596e+01,1.4936511226363596e+01,9.7894174674937560e+00,1.8152700813386959e+00,1.3343538429577322e+01,6.0628913494669536e+00,6.7222100153981019e+00,1.4936511226363596e+01,1.4936511226363596e+01,1.4936511226363596e+01,1.4936511226363596e+01,1.4936511226363596e+01,1.4936511226363596e+01,1.4936511226363596e+01,1.4936511226363596e+01,1.0517442580900424e+01,0.0000000000000000e+00,3.4116479590239379e+00,1.4936511226363596e+01,1.3343538429577322e+01,1.3343538429577322e+01,3.4116479590239379e+00,1.4936511226363596e+01,1.4936511226363596e+01,1.4936511226363596e+01,1.4936511226363596e+01,3.1914931001709141e+00,3.1914931001709141e+00,4.8998884891493457e+00,6.0628913494669536e+00,6.0628913494669536e+00,6.0628913494669536e+00,1.3343538429577322e+01,1.0517442580900424e+01,6.7222100153981019e+00,1.4936511226363596e+01,1.4936511226363596e+01,1.4936511226363596e+01,1.4936511226363596e+01,9.0036708068952442e-01,1.4936511226363596e+01,1.3343538429577322e+01,8.3619752093870900e+00,9.0036708068952442e-01,1.4936511226363596e+01,8.4951235355176440e+00,1.4936511226363596e+01,1.0517442580900424e+01,1.4936511226363596e+01,9.0036708068952442e-01,8.4951235355176440e+00,1.0517442580900424e+01,1.8152700813386959e+00,8.4951235355176440e+00,1.2362885273552367e+01,1.4936511226363596e+01,1.3343538429577322e+01,1.0517442580900424e+01,1.8152700813386959e+00,1.2362885273552367e+01,1.0517442580900424e+01,1.4936511226363596e+01,1.3343538429577322e+01,1.0517442580900424e+01,1.4936511226363596e+01,1.4936511226363596e+01,1.4936511226363596e+01,6.0628913494669536e+00,1.3343538429577322e+01,9.7894174674937560e+00,1.3343538429577322e+01,1.8152700813386959e+00,1.4936511226363596e+01,1.3343538429577322e+01,1.3343538429577322e+01,1.3343538429577322e+01,6.7222100153981019e+00,1.3343538429577322e+01,1.4936511226363596e+01,1.2362885273552367e+01,1.4936511226363596e+01,1.4936511226363596e+01,1.4936511226363596e+01,1.4936511226363596e+01,8.4951235355176440e+00,1.0517442580900424e+01,8.4951235355176440e+00,1.3343538429577322e+01,1.3343538429577322e+01,1.4936511226363596e+01,1.8152700813386959e+00,1.3343538429577322e+01,1.4936511226363596e+01,1.4936511226363596e+01,1.0517442580900424e+01,1.2362885273552367e+01,1.3343538429577322e+01,9.0036708068952442e-01,1.4936511226363596e+01,1.3343538429577322e+01,1.4936511226363596e+01,9.0036708068952442e-01,8.4951235355176440e+00,9.7894174674937560e+00,9.0036708068952442e-01,1.3343538429577322e+01,3.4116479590239379e+00,1.4936511226363596e+01,0.0000000000000000e+00,1.3343538429577322e+01,4.8998884891493457e+00,1.2362885273552367e+01,8.4951235355176440e+00,3.1914931001709141e+00,4.8998884891493457e+00,8.4951235355176440e+00,3.1914931001709141e+00,4.8998884891493457e+00,3.1914931001709141e+00,0.0000000000000000e+00,1.8152700813386959e+00,1.4936511226363596e+01,1.4936511226363596e+01,1.3343538429577322e+01,3.1914931001709141e+00,1.4936511226363596e+01,4.8998884891493457e+00,6.0628913494669536e+00,1.4936511226363596e+01,6.7222100153981019e+00,1.4936511226363596e+01,9.0036708068952442e-01,6.0628913494669536e+00,1.4936511226363596e+01,3.1914931001709141e+00,9.0036708068952442e-01,1.4936511226363596e+01,4.8998884891493457e+00,1.2362885273552367e+01,6.0628913494669536e+00,9.0036708068952442e-01,1.0517442580900424e+01,3.4116479590239379e+00,3.4116479590239379e+00,1.2362885273552367e+01,8.3619752093870900e+00,1.0517442580900424e+01,9.7894174674937560e+00,6.0628913494669536e+00,1.2362885273552367e+01,1.3343538429577322e+01,9.7894174674937560e+00,1.2362885273552367e+01,1.1079201307647251e+01,1.4936511226363596e+01,1.3343538429577322e+01,6.0628913494669536e+00,1.2362885273552367e+01,1.4936511226363596e+01,6.0628913494669536e+00,9.0036708068952442e-01,6.0628913494669536e+00,1.0517442580900424e+01,1.4936511226363596e+01,1.4936511226363596e+01,3.1914931001709141e+00,8.3619752093870900e+00,6.7222100153981019e+00,6.0628913494669536e+00,1.0517442580900424e+01,1.8152700813386959e+00,8.4951235355176440e+00,1.1079201307647251e+01,1.3343538429577322e+01,8.4951235355176440e+00,8.3619752093870900e+00,1.1079201307647251e+01,3.1914931001709141e+00,6.7222100153981019e+00,9.7894174674937560e+00,8.3619752093870900e+00,4.8998884891493457e+00,1.1079201307647251e+01,1.2362885273552367e+01,1.4936511226363596e+01,1.0517442580900424e+01,1.4936511226363596e+01,1.4936511226363596e+01,1.0517442580900424e+01,1.0517442580900424e+01,1.2362885273552367e+01,8.3619752093870900e+00,6.0628913494669536e+00,9.7894174674937560e+00,8.3619752093870900e+00,8.3619752093870900e+00,1.0517442580900424e+01,1.4936511226363596e+01,8.3619752093870900e+00,1.2362885273552367e+01,6.7222100153981019e+00,1.2362885273552367e+01,1.4936511226363596e+01,9.7894174674937560e+00,1.8152700813386959e+00,1.8152700813386959e+00,6.0628913494669536e+00,9.7894174674937560e+00,9.7894174674937560e+00,8.3619752093870900e+00,8.4951235355176440e+00,3.4116479590239379e+00,1.8152700813386959e+00,8.3619752093870900e+00,8.4951235355176440e+00,6.0628913494669536e+00,1.0517442580900424e+01,1.2362885273552367e+01,8.3619752093870900e+00,8.3619752093870900e+00,1.4936511226363596e+01,1.2362885273552367e+01,1.1079201307647251e+01,1.4936511226363596e+01,8.4951235355176440e+00,6.7222100153981019e+00,8.3619752093870900e+00,9.0036708068952442e-01,1.4936511226363596e+01,1.4936511226363596e+01,1.1079201307647251e+01,1.1079201307647251e+01,1.4936511226363596e+01,8.3619752093870900e+00,1.4936511226363596e+01,6.0628913494669536e+00,6.0628913494669536e+00,8.3619752093870900e+00,1.4936511226363596e+01,6.0628913494669536e+00,6.0628913494669536e+00,1.2362885273552367e+01,8.3619752093870900e+00,1.4936511226363596e+01,1.4936511226363596e+01,1.0517442580900424e+01,1.0517442580900424e+01,3.1914931001709141e+00,1.0517442580900424e+01,1.8152700813386959e+00,1.1079201307647251e+01,1.1079201307647251e+01,8.3619752093870900e+00,3.1914931001709141e+00,3.1914931001709141e+00,1.4936511226363596e+01,8.3619752093870900e+00,1.4936511226363596e+01,1.0517442580900424e+01,1.0517442580900424e+01,1.4936511226363596e+01,9.0036708068952442e-01,9.7894174674937560e+00,1.4936511226363596e+01,1.4936511226363596e+01,0.0000000000000000e+00,9.7894174674937560e+00,3.1914931001709141e+00,1.4936511226363596e+01,1.4936511226363596e+01,1.3343538429577322e+01,1.4936511226363596e+01,9.0036708068952442e-01,8.3619752093870900e+00,9.7894174674937560e+00,8.3619752093870900e+00,8.3619752093870900e+00,9.7894174674937560e+00,1.0517442580900424e+01,6.7222100153981019e+00,9.7894174674937560e+00,8.4951235355176440e+00,9.7894174674937560e+00,3.4116479590239379e+00,8.3619752093870900e+00,3.1914931001709141e+00,8.4951235355176440e+00,1.0517442580900424e+01,1.1079201307647251e+01,8.3619752093870900e+00,8.3619752093870900e+00,3.1914931001709141e+00,3.4116479590239379e+00,1.3343538429577322e+01,8.3619752093870900e+00,8.3619752093870900e+00,3.1914931001709141e+00,1.2362885273552367e+01,1.2362885273552367e+01,1.4936511226363596e+01,1.4936511226363596e+01,1.2362885273552367e+01,3.1914931001709141e+00,8.3619752093870900e+00,1.4936511226363596e+01,1.3343538429577322e+01,1.2362885273552367e+01,3.1914931001709141e+00,4.8998884891493457e+00,8.4951235355176440e+00,8.3619752093870900e+00,9.7894174674937560e+00,9.7894174674937560e+00,3.1914931001709141e+00,3.4116479590239379e+00,9.7894174674937560e+00,1.4936511226363596e+01,9.7894174674937560e+00,1.2362885273552367e+01,1.4936511226363596e+01,1.0517442580900424e+01,9.7894174674937560e+00,3.4116479590239379e+00,1.4936511226363596e+01,1.4936511226363596e+01,1.3343538429577322e+01,8.4951235355176440e+00,1.8152700813386959e+00,9.0036708068952442e-01,1.4936511226363596e+01,8.4951235355176440e+00,1.0517442580900424e+01,1.2362885273552367e+01,1.1079201307647251e+01,0.0000000000000000e+00,1.2362885273552367e+01,6.0628913494669536e+00,6.0628913494669536e+00,6.7222100153981019e+00,8.3619752093870900e+00,6.0628913494669536e+00,6.0628913494669536e+00,1.0517442580900424e+01,1.3343538429577322e+01,1.2362885273552367e+01,1.2362885273552367e+01,1.2362885273552367e+01,3.4116479590239379e+00,8.3619752093870900e+00,6.0628913494669536e+00,6.0628913494669536e+00,1.3343538429577322e+01,6.7222100153981019e+00,1.3343538429577322e+01,1.2362885273552367e+01,6.7222100153981019e+00,1.4936511226363596e+01,1.4936511226363596e+01,9.7894174674937560e+00,1.4936511226363596e+01,1.4936511226363596e+01,6.7222100153981019e+00,8.3619752093870900e+00,8.3619752093870900e+00,0.0000000000000000e+00,1.1079201307647251e+01,1.1079201307647251e+01,1.2362885273552367e+01,3.1914931001709141e+00,1.4936511226363596e+01,1.1079201307647251e+01,6.7222100153981019e+00,1.4936511226363596e+01,1.4936511226363596e+01,1.4936511226363596e+01,1.4936511226363596e+01,6.0628913494669536e+00,0.0000000000000000e+00,1.4936511226363596e+01,9.7894174674937560e+00,9.7894174674937560e+00,1.1079201307647251e+01,9.7894174674937560e+00,1.1079201307647251e+01,3.1914931001709141e+00,1.1079201307647251e+01,1.1079201307647251e+01,8.4951235355176440e+00,1.1079201307647251e+01,1.2362885273552367e+01,6.0628913494669536e+00,1.1079201307647251e+01,8.3619752093870900e+00,1.2362885273552367e+01,1.4936511226363596e+01,6.7222100153981019e+00,3.1914931001709141e+00,1.4936511226363596e+01,8.3619752093870900e+00,8.3619752093870900e+00,1.1079201307647251e+01,9.7894174674937560e+00,0.0000000000000000e+00,1.2362885273552367e+01,4.8998884891493457e+00,1.0517442580900424e+01,8.3619752093870900e+00,8.3619752093870900e+00,1.4936511226363596e+01,8.3619752093870900e+00,1.0517442580900424e+01,1.0517442580900424e+01,1.0517442580900424e+01,1.4936511226363596e+01,8.3619752093870900e+00,8.3619752093870900e+00,8.3619752093870900e+00,8.3619752093870900e+00,1.2362885273552367e+01,1.1079201307647251e+01,1.0517442580900424e+01,9.0036708068952442e-01,1.2362885273552367e+01,6.0628913494669536e+00,3.1914931001709141e+00,3.4116479590239379e+00,6.0628913494669536e+00,1.2362885273552367e+01,1.2362885273552367e+01,1.4936511226363596e+01,1.4936511226363596e+01,0.0000000000000000e+00,1.2362885273552367e+01,6.7222100153981019e+00,8.3619752093870900e+00,8.3619752093870900e+00,8.3619752093870900e+00,1.0517442580900424e+01,8.3619752093870900e+00,1.2362885273552367e+01,1.2362885273552367e+01,1.2362885273552367e+01,1.2362885273552367e+01,1.2362885273552367e+01,1.2362885273552367e+01,1.1079201307647251e+01,9.0036708068952442e-01,6.7222100153981019e+00,1.3343538429577322e+01,8.4951235355176440e+00,1.1079201307647251e+01,1.2362885273552367e+01,8.4951235355176440e+00,1.0517442580900424e+01,1.2362885273552367e+01,1.2362885273552367e+01,1.4936511226363596e+01,1.3343538429577322e+01,1.4936511226363596e+01,1.4936511226363596e+01,1.4936511226363596e+01,8.3619752093870900e+00,6.0628913494669536e+00,0.0000000000000000e+00,6.0628913494669536e+00,6.7222100153981019e+00,9.7894174674937560e+00,6.0628913494669536e+00,1.8152700813386959e+00,9.7894174674937560e+00,9.7894174674937560e+00,1.0517442580900424e+01,9.0036708068952442e-01,1.4936511226363596e+01,9.7894174674937560e+00,8.3619752093870900e+00,8.3619752093870900e+00,1.4936511226363596e+01,9.7894174674937560e+00,1.3343538429577322e+01,1.3343538429577322e+01,1.0517442580900424e+01,1.0517442580900424e+01,1.4936511226363596e+01,1.1079201307647251e+01,1.8152700813386959e+00,6.7222100153981019e+00,1.4936511226363596e+01,1.3343538429577322e+01,3.4116479590239379e+00,9.7894174674937560e+00,9.7894174674937560e+00,1.4936511226363596e+01,1.4936511226363596e+01,1.2362885273552367e+01,1.8152700813386959e+00,1.4936511226363596e+01,1.8152700813386959e+00,6.0628913494669536e+00,1.1079201307647251e+01,9.7894174674937560e+00,1.4936511226363596e+01,1.3343538429577322e+01,8.4951235355176440e+00,1.0517442580900424e+01,6.0628913494669536e+00,1.4936511226363596e+01,9.7894174674937560e+00,1.2362885273552367e+01,1.2362885273552367e+01,1.2362885273552367e+01,1.2362885273552367e+01,8.3619752093870900e+00,8.3619752093870900e+00,6.7222100153981019e+00,6.7222100153981019e+00
1.4298644628454079e+01,8.5223587452941150e+00,8.5223587452941150e+00,8.5223587452941150e+00,1.1577763282894256e+01,8.5223587452941150e+00,1.4298644628454079e+01,1.4298644628454079e+01,1.4298644628454079e+01,8.5223587452941150e+00,1.9377774265159273e+00,1.4298644628454079e+01,1.4298644628454079e+01,1.4298644628454079e+01,1.3314550948952435e+01,9.2322407235175135e+00,9.2322407235175135e+00,1.3314550948952435e+01,9.2322407235175135e+00,6.1982936122013310e+00,6.1982936122013310e+00,6.1982936122013310e+00,9.2322407235175135e+00,1.4298644628454079e+01,1.3314550948952435e+01,1.9377774265159273e+00,1.4298644628454079e+01,1.4298644628454079e+01,1.0739645915968770e+01,1.1577763282894256e+01,1.3114343027841720e+01,1.1577763282894256e+01,1.1577763282894256e+01,1.4298644628454079e+01,9.1752508610509853e+00,1.4298644628454079e+01,1.3314550948952435e+01,8.5223587452941150e+00,6.7014582138083814e+00,9.8677060852987808e-01,1.1577763282894256e+01,1.0739645915968770e+01,1.9377774265159273e+00,1.1577763282894256e+01,9.8677060852987808e-01,3.2442676037735216e+00,1.0739645915968770e+01,1.0739645915968770e+01,1.0739645915968770e+01,1.0739645915968770e+01,1.1577763282894256e+01,1.1577763282894256e+01,9.8677060852987808e-01,1.1577763282894256e+01,6.1982936122013310e+00,1.1577763282894256e+01,4.8171470277132293e+00,9.8677060852987808e-01,1.0739645915968770e+01,1.3114343027841720e+01,6.7014582138083814e+00,1.9377774265159273e+00,8.5223587452941150e+00,6.7014582138083814e+00,3.2442676037735216e+00,1.0739645915968770e+01,1.9377774265159273e+00,1.0739645915968770e+01,8.5223587452941150e+00,1.3314550948952435e+01,3.2442676037735216e+00,1.0739645915968770e+01,8.5223587452941150e+00,1.0739645915968770e+01,6.7014582138083814e+00,1.1577763282894256e+01,9.1752508610509853e+00,1.0739645915968770e+01,4.8171470277132293e+00,1.3114343027841720e+01,1.1577763282894256e+01,1.1577763282894256e+01,1.1577763282894256e+01,8.5223587452941150e+00,8.5223587452941150e+00,9.8677060852987808e-01,1.1577763282894256e+01,0.0000000000000000e+00,1.3114343027841720e+01,1.3114343027841720e+01,6.1982936122013310e+00,1.3114343027841720e+01,1.9377774265159273e+00,1.3114343027841720e+01,6.1982936122013310e+00,3.9514942457792999e+00,8.5223587452941150e+00,1.1577763282894256e+01,6.1982936122013310e+00,3.2442676037735216e+00,1.4298644628454079e+01,8.5223587452941150e+00,1.4298644628454079e+01,8.5223587452941150e+00,1.0739645915968770e+01,1.0739645915968770e+01,8.5223587452941150e+00,1.3114343027841720e+01,1.1577763282894256e+01,1.1577763282894256e+01,9.2322407235175135e+00,6.7014582138083814e+00,8.5223587452941150e+00,6.1982936122013310e+00,0.0000000000000000e+00,9.2322407235175135e+00,1.1577763282894256e+01,1.3314550948952435e+01,6.7014582138083814e+00,8.5223587452941150e+00,1.3114343027841720e+01,4.8171470277132293e+00,0.0000000000000000e+00,1.4298644628454079e+01,8.5223587452941150e+00,1.3314550948952435e+01,9.1752508610509853e+00,6.1982936122013310e+00,6.7014582138083814e+00,1.3314550948952435e+01,1.3114343027841720e+01,6.7014582138083814e+00,9.2322407235175135e+00,1.3314550948952435e+01,6.1982936122013310e+00,6.7014582138083814e+00,8.5223587452941150e+00,1.0739645915968770e+01,8.5223587452941150e+00,1.9377774265159273e+00,6.7014582138083814e+00,9.2322407235175135e+00,1.4298644628454079e+01,9.1752508610509853e+00,1.0739645915968770e+01,1.9377774265159273e+00,1.3114343027841720e+01,1.3314550948952435e+01,1.1577763282894256e+01,8.5223587452941150e+00,3.2442676037735216e+00,9.8677060852987808e-01,8.5223587452941150e+00,8.5223587452941150e+00,1.9377774265159273e+00,0.0000000000000000e+00,1.0739645915968770e+01,1.0739645915968770e+01,1.1577763282894256e+01,1.1577763282894256e+01,1.1577763282894256e+01,0.0000000000000000e+00,8.5223587452941150e+00,9.1752508610509853e+00,9.1752508610509853e+00,9.2322407235175135e+00,9.8677060852987808e-01,1.0739645915968770e+01,8.5223587452941150e+00,1.4298644628454079e+01,6.1982936122013310e+00,1.9377774265159273e+00,9.1752508610509853e+00,9.8677060852987808e-01,6.1982936122013310e+00,9.8677060852987808e-01,9.2322407235175135e+00,1.4298644628454079e+01,1.1577763282894256e+01,8.5223587452941150e+00,9.2322407235175135e+00,1.0739645915968770e+01,1.3314550948952435e+01,1.3314550948952435e+01,1.1577763282894256e+01,8.5223587452941150e+00,1.0739645915968770e+01,9.8677060852987808e-01,1.1577763282894256e+01,1.0739645915968770e+01,9.2322407235175135e+00,3.2442676037735216e+00,3.9514942457792999e+00,1.3314550948952435e+01,1.1577763282894256e+01,1.1577763282894256e+01,1.3314550948952435e+01,3.2442676037735216e+00,8.5223587452941150e+00,6.1982936122013310e+00,1.1577763282894256e+01,6.1982936122013310e+00,1.4298644628454079e+01,1.3314550948952435e+01,3.9514942457792999e+00,1.1577763282894256e+01,1.0739645915968770e+01,1.3314550948952435e+01,8.5223587452941150e+00,1.4298644628454079e+01,8.5223587452941150e+00,1.4298644628454079e+01,8.5223587452941150e+00,1.4298644628454079e+01,1.9377774265159273e+00,1.0739645915968770e+01,8.5223587452941150e+00,1.4298644628454079e+01,1.1577763282894256e+01,1.4298644628454079e+01,8.5223587452941150e+00,1.3314550948952435e+01,1.3314550948952435e+01,1.4298644628454079e+01,0.0000000000000000e+00,9.8677060852987808e-01,6.7014582138083814e+00,3.9514942457792999e+00,9.8677060852987808e-01,9.8677060852987808e-01,0.0000000000000000e+00,9.1752508610509853e+00,1.3314550948952435e+01,3.2442676037735216e+00,1.4298644628454079e+01,6.1982936122013310e+00,8.5223587452941150e+00,1.3314550948952435e+01,1.3314550948952435e+01,9.1752508610509853e+00,1.3114343027841720e+01,1.3114343027841720e+01,1.4298644628454079e+01,8.5223587452941150e+00,1.3114343027841720e+01,6.1982936122013310e+00,1.3314550948952435e+01,8.5223587452941150e+00,1.4298644628454079e+01,8.5223587452941150e+00,1.0739645915968770e+01,1.3314550948952435e+01,1.3114343027841720e+01,1.3114343027841720e+01,4.8171470277132293e+00,6.1982936122013310e+00,1.1577763282894256e+01,9.8677060852987808e-01,9.8677060852987808e-01,8.5223587452941150e+00,6.7014582138083814e+00,9.1752508610509853e+00,1.3314550948952435e+01,1.9377774265159273e+00,1.1577763282894256e+01,1.4298644628454079e+01,9.1752508610509853e+00,1.4298644628454079e+01,1.4298644628454079e+01,6.1982936122013310e+00,8.5223587452941150e+00,1.1577763282894256e+01,1.1577763282894256e+01,1.1577763282894256e+01,4.8171470277132293e+00,1.4298644628454079e+01,1.1577763282894256e+01,3.9514942457792999e+00,1.4298644628454079e+01,1.4298644628454079e+01,4.8171470277132293e+00,3.2442676037735216e+00,0.0000000000000000e+00,1.4298644628454079e+01,1.3114343027841720e+01,9.1752508610509853e+00,1.4298644628454079e+01,9.8677060852987808e-01,1.0739645915968770e+01,1.3314550948952435e+01,1.4298644628454079e+01,9.8677060852987808e-01,1.3114343027841720e+01,1.1577763282894256e+01,1.3314550948952435e+01,1.1577763282894256e+01,1.1577763282894256e+01,1.1577763282894256e+01,1.9377774265159273e+00,1.3314550948952435e+01,4.8171470277132293e+00,4.8171470277132293e+00,9.2322407235175135e+00,8.5223587452941150e+00,4.8171470277132293e+00,3.2442676037735216e+00,4.8171470277132293e+00,9.2322407235175135e+00,6.7014582138083814e+00,1.1577763282894256e+01,1.1577763282894256e+01,1.1577763282894256e+01,0.0000000000000000e+00,8.5223587452941150e+00,1.3314550948952435e+01,3.9514942457792999e+00,1.1577763282894256e+01,3.9514942457792999e+00,1.3114343027841720e+01,9.8677060852987808e-01,6.7014582138083814e+00,8.5223587452941150e+00,1.1577763282894256e+01,1.0739645915968770e+01,1.1577763282894256e+01,9.1752508610509853e+00,9.1752508610509853e+00,0.0000000000000000e+00,1.3314550948952435e+01,1.3314550948952435e+01,0.0000000000000000e+00,1.3314550948952435e+01,1.0739645915968770e+01,9.1752508610509853e+00,1.3314550948952435e+01,1.1577763282894256e+01,1.1577763282894256e+01,1.1577763282894256e+01,1.1577763282894256e+01,1.1577763282894256e+01,1.9377774265159273e+00,0.0000000000000000e+00,6.7014582138083814e+00,1.1577763282894256e+01,1.1577763282894256e+01,1.1577763282894256e+01,1.1577763282894256e+01,9.8677060852987808e-01,3.2442676037735216e+00,1.1577763282894256e+01,0.0000000000000000e+00,1.3314550948952435e+01,9.1752508610509853e+00,9.1752508610509853e+00,9.1752508610509853e+00,1.3314550948952435e+01,6.1982936122013310e+00,9.1752508610509853e+00,4.8171470277132293e+00,6.1982936122013310e+00,4.8171470277132293e+00,6.7014582138083814e+00,1.3114343027841720e+01,1.1577763282894256e+01,1.9377774265159273e+00,9.1752508610509853e+00,1.1577763282894256e+01,1.4298644628454079e+01,1.1577763282894256e+01,6.1982936122013310e+00,1.1577763282894256e+01,1.3114343027841720e+01,9.1752508610509853e+00,8.5223587452941150e+00,1.9377774265159273e+00,1.4298644628454079e+01,1.1577763282894256e+01,6.7014582138083814e+00,1.3114343027841720e+01,1.3114343027841720e+01,1.0739645915968770e+01,1.0739645915968770e+01,1.3114343027841720e+01,1.3114343027841720e+01,1.4298644628454079e+01,1.4298644628454079e+01,1.4298644628454079e+01,6.1982936122013310e+00,3.9514942457792999e+00,1.9377774265159273e+00,1.3314550948952435e+01,1.9377774265159273e+00,1.4298644628454079e+01,3.9514942457792999e+00,6.1982936122013310e+00,1.4298644628454079e+01,1.1577763282894256e+01,4.8171470277132293e+00,1.1577763282894256e+01,6.1982936122013310e+00,1.3114343027841720e+01,1.3114343027841720e+01,3.9514942457792999e+00,1.3114343027841720e+01,1.3114343027841720e+01,3.2442676037735216e+00,9.1752508610509853e+00,8.5223587452941150e+00,3.2442676037735216e+00,1.1577763282894256e+01,0.0000000000000000e+00,1.1577763282894256e+01,3.9514942457792999e+00,1.1577763282894256e+01,6.7014582138083814e+00,1.3114343027841720e+01,1.3314550948952435e+01,1.1577763282894256e+01,3.2442676037735216e+00,9.2322407235175135e+00,6.1982936122013310e+00,9.1752508610509853e+00,9.1752508610509853e+00,1.3314550948952435e+01,6.7014582138083814e+00,1.3314550948952435e+01,3.2442676037735216e+00,1.3314550948952435e+01,1.1577763282894256e+01,1.4298644628454079e+01,1.4298644628454079e+01,1.0739645915968770e+01,9.1752508610509853e+00,1.4298644628454079e+01,1.4298644628454079e+01,9.1752508610509853e+00,9.2322407235175135e+00,9.2322407235175135e+00,0.0000000000000000e+00,1.4298644628454079e+01,1.3114343027841720e+01,9.1752508610509853e+00,3.2442676037735216e+00,1.0739645915968770e+01,9.1752508610509853e+00,9.2322407235175135e+00,6.7014582138083814e+00,8.5223587452941150e+00,9.1752508610509853e+00,1.3114343027841720e+01,1.1577763282894256e+01,1.1577763282894256e+01,1.4298644628454079e+01,6.1982936122013310e+00,8.5223587452941150e+00,8.5223587452941150e+00,9.8677060852987808e-01,1.1577763282894256e+01,1.0739645915968770e+01,1.3314550948952435e+01,9.1752508610509853e+00,6.7014582138083814e+00,1.4298644628454079e+01,3.9514942457792999e+00,8.5223587452941150e+00,1.1577763282894256e+01,1.1577763282894256e+01,6.1982936122013310e+00,1.9377774265159273e+00,1.1577763282894256e+01,3.9514942457792999e+00,1.3114343027841720e+01,8.5223587452941150e+00,1.1577763282894256e+01,1.3314550948952435e+01,1.3314550948952435e+01,3.2442676037735216e+00,1.0739645915968770e+01,1.9377774265159273e+00,9.1752508610509853e+00,9.1752508610509853e+00,1.1577763282894256e+01,9.8677060852987808e-01,1.3314550948952435e+01,1.9377774265159273e+00,9.1752508610509853e+00,9.1752508610509853e+00,6.7014582138083814e+00,6.7014582138083814e+00,1.3314550948952435e+01,6.1982936122013310e+00,6.7014582138083814e+00,6.7014582138083814e+00,1.3114343027841720e+01,1.4298644628454079e+01,6.1982936122013310e+00,1.3114343027841720e+01,1.3114343027841720e+01,8.5223587452941150e+00,6.1982936122013310e+00,1.1577763282894256e+01,1.1577763282894256e+01,9.1752508610509853e+00,1.1577763282894256e+01,4.8171470277132293e+00,3.9514942457792999e+00,6.1982936122013310e+00,1.3314550948952435e+01,1.1577763282894256e+01,6.7014582138083814e+00,1.4298644628454079e+01,1.9377774265159273e+00,1.3114343027841720e+01,4.8171470277132293e+00,1.0739645915968770e+01,1.1577763282894256e+01,0.0000000000000000e+00,1.0739645915968770e+01,1.0739645915968770e+01,0.0000000000000000e+00,1.1577763282894256e+01,1.4298644628454079e+01,1.1577763282894256e+01,1.0739645915968770e+01,6.1982936122013310e+00,1.1577763282894256e+01,6.1982936122013310e+00,6.1982936122013310e+00,6.1982936122013310e+00,4.8171470277132293e+00,1.4298644628454079e+01,8.5223587452941150e+00,1.0739645915968770e+01,1.3114343027841720e+01,9.2322407235175135e+00,9.2322407235175135e+00,1.4298644628454079e+01,9.2322407235175135e+00,3.2442676037735216e+00,1.3114343027841720e+01,1.0739645915968770e+01,1.0739645915968770e+01,1.3114343027841720e+01,1.3314550948952435e+01,1.0739645915968770e+01,1.3314550948952435e+01,1.0739645915968770e+01,1.1577763282894256e+01,3.9514942457792999e+00,6.7014582138083814e+00,8.5223587452941150e+00,9.1752508610509853e+00,3.9514942457792999e+00,1.0739645915968770e+01,9.2322407235175135e+00,8.5223587452941150e+00,1.3114343027841720e+01,0.0000000000000000e+00,1.0739645915968770e+01,1.1577763282894256e+01,1.0739645915968770e+01,1.4298644628454079e+01,4.8171470277132293e+00,1.4298644628454079e+01,3.9514942457792999e+00,1.3314550948952435e+01,1.4298644628454079e+01,1.3314550948952435e+01,4.8171470277132293e+00,6.7014582138083814e+00,1.0739645915968770e+01,1.0739645915968770e+01,1.0739645915968770e+01,1.4298644628454079e+01,6.1982936122013310e+00,3.2442676037735216e+00,3.2442676037735216e+00,3.2442676037735216e+00,1.1577763282894256e+01,1.0739645915968770e+01,4.8171470277132293e+00,1.0739645915968770e+01,1.1577763282894256e+01,1.0739645915968770e+01,1.0739645915968770e+01,3.9514942457792999e+00,0.0000000000000000e+00,3.9514942457792999e+00,3.9514942457792999e+00,1.0739645915968770e+01,1.1577763282894256e+01,3.9514942457792999e+00,1.0739645915968770e+01,9.1752508610509853e+00,9.1752508610509853e+00,8.5223587452941150e+00,9.1752508610509853e+00,8.5223587452941150e+00,1.0739645915968770e+01,9.2322407235175135e+00,3.2442676037735216e+00,9.2322407235175135e+00,4.8171470277132293e+00,1.4298644628454079e+01,1.4298644628454079e+01,1.3314550948952435e+01,1.1577763282894256e+01,1.4298644628454079e+01,6.1982936122013310e+00,9.1752508610509853e+00,4.8171470277132293e+00,1.1577763282894256e+01,1.1577763282894256e+01,1.0739645915968770e+01,9.8677060852987808e-01,1.4298644628454079e+01,1.1577763282894256e+01,1.1577763282894256e+01,8.5223587452941150e+00,6.7014582138083814e+00,1.0739645915968770e+01,6.1982936122013310e+00,3.9514942457792999e+00,8.5223587452941150e+00,3.9514942457792999e+00,6.1982936122013310e+00,3.9514942457792999e+00,3.9514942457792999e+00,9.1752508610509853e+00,4.8171470277132293e+00,1.4298644628454079e+01,6.7014582138083814e+00,1.3314550948952435e+01,1.4298644628454079e+01,1.3314550948952435e+01,9.1752508610509853e+00,9.2322407235175135e+00,9.2322407235175135e+00,9.8677060852987808e-01,1.3114343027841720e+01,9.2322407235175135e+00,1.1577763282894256e+01,8.5223587452941150e+00,8.5223587452941150e+00,8.5223587452941150e+00,9.2322407235175135e+00,0.0000000000000000e+00,1.3314550948952435e+01,1.9377774265159273e+00,1.3114343027841720e+01,1.0739645915968770e+01,1.3114343027841720e+01,1.3314550948952435e+01,3.2442676037735216e+00,9.2322407235175135e+00,1.1577763282894256e+01,1.1577763282894256e+01,1.1577763282894256e+01,1.9377774265159273e+00,3.2442676037735216e+00,8.5223587452941150e+00,8.5223587452941150e+00,6.1982936122013310e+00,8.5223587452941150e+00,1.1577763282894256e+01,9.8677060852987808e-01,1.4298644628454079e+01,1.4298644628454079e+01,1.3314550948952435e+01,1.4298644628454079e+01,1.0739645915968770e+01,9.2322407235175135e+00,1.1577763282894256e+01,9.8677060852987808e-01,1.1577763282894256e+01,9.1752508610509853e+00,1.9377774265159273e+00,8.5223587452941150e+00,4.8171470277132293e+00,1.0739645915968770e+01,1.3314550948952435e+01,9.1752508610509853e+00,1.3314550948952435e+01,1.3314550948952435e+01,1.3314550948952435e+01,1.3314550948952435e+01,1.3314550948952435e+01,8.5223587452941150e+00,1.4298644628454079e+01,9.1752508610509853e+00,1.4298644628454079e+01,9.1752508610509853e+00,1.4298644628454079e+01,1.3314550948952435e+01,1.0739645915968770e+01,1.0739645915968770e+01,1.4298644628454079e+01,9.1752508610509853e+00,9.8677060852987808e-01,9.8677060852987808e-01,1.0739645915968770e+01,9.1752508610509853e+00,6.1982936122013310e+00,1.1577763282894256e+01,1.1577763282894256e+01,1.0739645915968770e+01,1.1577763282894256e+01,9.1752508610509853e+00,3.9514942457792999e+00,9.2322407235175135e+00,1.3314550948952435e+01,1.0739645915968770e+01,1.3314550948952435e+01,1.3314550948952435e+01,9.1752508610509853e+00,1.3114343027841720e+01,1.4298644628454079e+01,1.3314550948952435e+01,1.4298644628454079e+01,0.0000000000000000e+00,1.9377774265159273e+00,4.8171470277132293e+00,1.9377774265159273e+00,1.4298644628454079e+01,1.4298644628454079e+01,1.1577763282894256e+01,6.1982936122013310e+00,4.8171470277132293e+00,8.5223587452941150e+00,8.5223587452941150e+00,8.5223587452941150e+00,6.7014582138083814e+00,1.1577763282894256e+01,1.1577763282894256e+01,1.4298644628454079e+01,8.5223587452941150e+00,1.3314550948952435e+01,3.9514942457792999e+00,1.4298644628454079e+01,6.1982936122013310e+00,1.4298644628454079e+01,1.4298644628454079e+01,1.4298644628454079e+01,1.1577763282894256e+01,9.1752508610509853e+00,9.1752508610509853e+00,1.1577763282894256e+01,4.8171470277132293e+00,1.3114343027841720e+01,0.0000000000000000e+00,3.9514942457792999e+00,1.3114343027841720e+01,1.9377774265159273e+00,8.5223587452941150e+00,1.3114343027841720e+01,9.2322407235175135e+00,1.3114343027841720e+01,1.9377774265159273e+00,3.9514942457792999e+00,1.4298644628454079e+01,1.3114343027841720e+01,9.1752508610509853e+00,1.3114343027841720e+01,1.3114343027841720e+01,9.2322407235175135e+00,4.8171470277132293e+00,1.3114343027841720e+01,1.9377774265159273e+00,1.3114343027841720e+01,1.1577763282894256e+01,6.1982936122013310e+00,4.8171470277132293e+00,1.4298644628454079e+01,0.0000000000000000e+00,8.5223587452941150e+00,9.2322407235175135e+00,4.8171470277132293e+00,1.0739645915968770e+01,8.5223587452941150e+00,4.8171470277132293e+00,1.4298644628454079e+01,6.1982936122013310e+00,4.8171470277132293e+00,1.9377774265159273e+00,9.2322407235175135e+00,1.4298644628454079e+01,9.1752508610509853e+00,1.3114343027841720e+01,9.1752508610509853e+00,1.1577763282894256e+01,1.1577763282894256e+01,1.0739645915968770e+01,1.1577763282894256e+01,8.5223587452941150e+00,6.1982936122013310e+00,9.1752508610509853e+00,0.0000000000000000e+00,1.4298644628454079e+01,1.4298644628454079e+01,4.8171470277132293e+00,1.4298644628454079e+01,6.1982936122013310e+00,4.8171470277132293e+00,1.1577763282894256e+01,4.8171470277132293e+00,9.1752508610509853e+00,1.4298644628454079e+01,1.4298644628454079e+01,1.3314550948952435e+01,8.5223587452941150e+00,1.4298644628454079e+01,1.4298644628454079e+01,9.1752508610509853e+00,1.1577763282894256e+01,6.7014582138083814e+00,9.1752508610509853e+00,1.4298644628454079e+01,1.4298644628454079e+01,6.1982936122013310e+00,6.1982936122013310e+00,9.1752508610509853e+00,1.1577763282894256e+01,1.4298644628454079e+01,9.2322407235175135e+00,6.7014582138083814e+00,3.9514942457792999e+00,1.4298644628454079e+01,1.4298644628454079e+01,3.9514942457792999e+00,6.7014582138083814e+00,9.2322407235175135e+00,1.3114343027841720e+01,1.9377774265159273e+00,1.0739645915968770e+01,3.9514942457792999e+00,1.3114343027841720e+01,1.3114343027841720e+01,1.3114343027841720e+01,1.4298644628454079e+01,6.7014582138083814e+00,1.1577763282894256e+01,1.4298644628454079e+01,0.0000000000000000e+00,1.3314550948952435e+01,1.4298644628454079e+01,4.8171470277132293e+00,1.3314550948952435e+01,9.2322407235175135e+00,1.3114343027841720e+01,0.0000000000000000e+00,1.4298644628454079e+01,9.1752508610509853e+00,1.1577763282894256e+01,1.1577763282894256e+01,8.5223587452941150e+00,1.4298644628454079e+01,1.1577763282894256e+01,9.2322407235175135e+00,4.8171470277132293e+00,9.8677060852987808e-01,9.2322407235175135e+00,9.1752508610509853e+00,1.0739645915968770e+01,9.1752508610509853e+00,3.9514942457792999e+00,1.9377774265159273e+00,1.4298644628454079e+01,4.8171470277132293e+00,3.9514942457792999e+00,3.9514942457792999e+00,8.5223587452941150e+00,1.3314550948952435e+01,9.2322407235175135e+00,1.9377774265159273e+00,9.1752508610509853e+00,1.1577763282894256e+01,1.4298644628454079e+01,9.2322407235175135e+00,9.1752508610509853e+00,9.1752508610509853e+00,1.4298644628454079e+01,1.4298644628454079e+01,9.1752508610509853e+00,0.0000000000000000e+00,1.4298644628454079e+01,3.9514942457792999e+00,1.3114343027841720e+01,1.4298644628454079e+01,9.1752508610509853e+00,1.4298644628454079e+01,1.4298644628454079e+01,1.4298644628454079e+01,1.4298644628454079e+01,1.1577763282894256e+01,1.4298644628454079e+01,6.1982936122013310e+00,9.1752508610509853e+00,8.5223587452941150e+00,1.4298644628454079e+01,6.1982936122013310e+00,3.2442676037735216e+00,6.1982936122013310e+00,9.2322407235175135e+00,8.5223587452941150e+00,9.1752508610509853e+00,9.1752508610509853e+00,1.4298644628454079e+01,3.2442676037735216e+00,1.3114343027841720e+01,1.4298644628454079e+01,6.7014582138083814e+00,1.3314550948952435e+01,1.4298644628454079e+01,3.2442676037735216e+00,1.9377774265159273e+00,3.9514942457792999e+00,1.9377774265159273e+00,9.1752508610509853e+00,8.5223587452941150e+00,1.4298644628454079e+01,1.0739645915968770e+01,1.0739645915968770e+01,1.3314550948952435e+01,1.0739645915968770e+01,1.3314550948952435e+01,4.8171470277132293e+00,1.3314550948952435e+01,1.1577763282894256e+01,1.3114343027841720e+01,6.7014582138083814e+00,6.1982936122013310e+00,1.4298644628454079e+01,1.4298644628454079e+01,1.4298644628454079e+01,6.1982936122013310e+00,1.3114343027841720e+01,1.4298644628454079e+01,1.3114343027841720e+01,6.1982936122013310e+00,1.4298644628454079e+01,1.0739645915968770e+01,3.2442676037735216e+00,1.1577763282894256e+01,1.1577763282894256e+01,1.1577763282894256e+01,1.0739645915968770e+01,1.3114343027841720e+01,9.2322407235175135e+00,1.4298644628454079e+01,1.1577763282894256e+01,3.2442676037735216e+00,1.3314550948952435e+01,1.1577763282894256e+01,1.1577763282894256e+01,1.1577763282894256e+01,1.9377774265159273e+00,9.8677060852987808e-01,4.8171470277132293e+00,6.1982936122013310e+00,1.0739645915968770e+01,1.3314550948952435e+01,9.1752508610509853e+00,9.2322407235175135e+00,1.1577763282894256e+01,1.3314550948952435e+01,9.2322407235175135e+00,9.2322407235175135e+00,3.9514942457792999e+00,4.8171470277132293e+00,9.8677060852987808e-01,1.9377774265159273e+00,1.4298644628454079e+01,1.4298644628454079e+01,4.8171470277132293e+00,1.4298644628454079e+01,1.1577763282894256e+01,1.0739645915968770e+01,1.0739645915968770e+01,8.5223587452941150e+00,1.4298644628454079e+01,1.4298644628454079e+01,4.8171470277132293e+00,1.4298644628454079e+01,1.4298644628454079e+01,9.8677060852987808e-01,1.4298644628454079e+01,1.4298644628454079e+01,3.2442676037735216e+00,1.9377774265159273e+00,3.2442676037735216e+00,9.8677060852987808e-01,1.3314550948952435e+01,4.8171470277132293e+00,0.0000000000000000e+00,1.4298644628454079e+01,9.8677060852987808e-01,1.1577763282894256e+01,1.1577763282894256e+01,1.0739645915968770e+01,1.4298644628454079e+01
9.6639135499670592e-01,1.0466955756079175e+01,6.4530643332863509e+00,6.4530643332863509e+00,1.1891819287537682e+01,1.1891819287537682e+01,1.1891819287537682e+01,2.1084990326083028e+00,9.1328206647420913e+00,9.1328206647420913e+00,1.1891819287537682e+01,9.1328206647420913e+00,2.1084990326083028e+00,6.4530643332863509e+00,1.0466955756079175e+01,1.0466955756079175e+01,1.4295382966044830e+01,1.4295382966044830e+01,0.0000000000000000e+00,9.1328206647420913e+00,9.1328206647420913e+00,1.1891819287537682e+01,5.8640108424005355e+00,3.8421854181401569e+00,2.8292066407407725e+00,1.0466955756079175e+01,1.0466955756079175e+01,1.0466955756079175e+01,1.0466955756079175e+01,1.0466955756079175e+01,1.1891819287537682e+01,1.1891819287537682e+01,1.1891819287537682e+01,1.1891819287537682e+01,1.1891819287537682e+01,1.1891819287537682e+01,1.1891819287537682e+01,1.1891819287537682e+01,1.1891819287537682e+01,1.1891819287537682e+01,1.0955594981820905e+01,1.0955594981820905e+01,1.0466955756079175e+01,1.1891819287537682e+01,9.6639135499670592e-01,1.1891819287537682e+01,1.1891819287537682e+01,1.0466955756079175e+01,1.4295382966044830e+01,1.0466955756079175e+01,1.0466955756079175e+01,1.1891819287537682e+01,0.0000000000000000e+00,9.6639135499670592e-01,7.7803618772533989e+00,9.1328206647420913e+00,0.0000000000000000e+00,1.4295382966044830e+01,2.1084990326083028e+00,1.4295382966044830e+01,1.0955594981820905e+01,3.8421854181401569e+00,1.0466955756079175e+01,4.8879557141573224e+00,2.8292066407407725e+00,3.8421854181401569e+00,1.0466955756079175e+01,1.0466955756079175e+01,1.1891819287537682e+01,1.1891819287537682e+01,1.1891819287537682e+01,6.4530643332863509e+00,1.0466955756079175e+01,1.0466955756079175e+01,1.1891819287537682e+01,3.8421854181401569e+00,1.3928985281639575e+01,2.8292066407407725e+00,4.8879557141573224e+00,2.8292066407407725e+00,1.0466955756079175e+01,9.1328206647420913e+00,1.4295382966044830e+01,1.2221356928197565e+01,1.3928985281639575e+01,5.8640108424005355e+00,1.0466955756079175e+01,2.8292066407407725e+00,5.8640108424005355e+00,2.8292066407407725e+00,3.8421854181401569e+00,1.3928985281639575e+01,1.3928985281639575e+01,1.1891819287537682e+01,3.8421854181401569e+00,2.8292066407407725e+00,1.4295382966044830e+01,6.4530643332863509e+00,1.4295382966044830e+01,9.6639135499670592e-01,1.2221356928197565e+01,6.4530643332863509e+00,6.4530643332863509e+00,9.1328206647420913e+00,1.0466955756079175e+01,5.8640108424005355e+00,1.3928985281639575e+01,6.4530643332863509e+00,1.4295382966044830e+01,5.8640108424005355e+00,1.0955594981820905e+01,2.8292066407407725e+00,1.4295382966044830e+01,3.8421854181401569e+00,1.3928985281639575e+01,6.4530643332863509e+00,1.3928985281639575e+01,1.0466955756079175e+01,9.1328206647420913e+00,1.0466955756079175e+01,1.4295382966044830e+01,4.8879557141573224e+00,9.6639135499670592e-01,1.0955594981820905e+01,2.1084990326083028e+00,1.4295382966044830e+01,1.0955594981820905e+01,1.2221356928197565e+01,1.0955594981820905e+01,3.8421854181401569e+00,1.0955594981820905e+01,1.3928985281639575e+01,7.7803618772533989e+00,1.2221356928197565e+01,7.7803618772533989e+00,1.0466955756079175e+01,1.4295382966044830e+01,9.1328206647420913e+00,3.8421854181401569e+00,1.0955594981820905e+01,9.1328206647420913e+00,1.4295382966044830e+01,1.2221356928197565e+01,1.4295382966044830e+01,1.4295382966044830e+01,0.0000000000000000e+00,9.1328206647420913e+00,1.0466955756079175e+01,1.2221356928197565e+01,1.2221356928197565e+01,2.1084990326083028e+00,3.8421854181401569e+00,9.1328206647420913e+00,1.3928985281639575e+01,1.0955594981820905e+01,7.7803618772533989e+00,1.0955594981820905e+01,1.4295382966044830e+01,1.2221356928197565e+01,9.1328206647420913e+00,1.4295382966044830e+01,9.1328206647420913e+00,2.1084990326083028e+00,1.0466955756079175e+01,1.4295382966044830e+01,1.0955594981820905e+01,1.4295382966044830e+01,1.4295382966044830e+01,1.0955594981820905e+01,3.8421854181401569e+00,0.0000000000000000e+00,5.8640108424005355e+00,1.0955594981820905e+01,5.8640108424005355e+00,7.7803618772533989e+00,2.1084990326083028e+00,0.0000000000000000e+00,6.4530643332863509e+00,4.8879557141573224e+00,1.0466955756079175e+01,1.0466955756079175e+01,2.1084990326083028e+00,2.1084990326083028e+00,9.1328206647420913e+00,2.8292066407407725e+00,1.4295382966044830e+01,9.1328206647420913e+00,6.4530643332863509e+00,0.0000000000000000e+00,4.8879557141573224e+00,2.8292066407407725e+00,6.4530643332863509e+00,9.1328206647420913e+00,0.0000000000000000e+00,3.8421854181401569e+00,1.4295382966044830e+01,9.1328206647420913e+00,1.2221356928197565e+01,1.4295382966044830e+01,4.8879557141573224e+00,1.2221356928197565e+01,1.2221356928197565e+01,1.2221356928197565e+01,7.7803618772533989e+00,4.8879557141573224e+00,9.6639135499670592e-01,1.0466955756079175e+01,9.1328206647420913e+00,9.1328206647420913e+00,9.6639135499670592e-01,1.4295382966044830e+01,1.4295382966044830e+01,9.1328206647420913e+00,1.0466955756079175e+01,1.0466955756079175e+01,1.0955594981820905e+01,1.0955594981820905e+01,1.4295382966044830e+01,1.0466955756079175e+01,1.0955594981820905e+01,2.1084990326083028e+00,1.1891819287537682e+01,1.1891819287537682e+01,0.0000000000000000e+00,1.1891819287537682e+01,9.6639135499670592e-01,6.4530643332863509e+00,9.6639135499670592e-01,6.4530643332863509e+00,7.7803618772533989e+00,0.0000000000000000e+00,1.0955594981820905e+01,1.1891819287537682e+01,2.8292066407407725e+00,1.2221356928197565e+01,6.4530643332863509e+00,1.4295382966044830e+01,1.1891819287537682e+01,1.1891819287537682e+01,1.2221356928197565e+01,1.3928985281639575e+01,1.2221356928197565e+01,1.2221356928197565e+01,6.4530643332863509e+00,0.0000000000000000e+00,1.4295382966044830e+01,1.4295382966044830e+01,1.4295382966044830e+01,1.4295382966044830e+01,1.0466955756079175e+01,6.4530643332863509e+00,9.6639135499670592e-01,4.8879557141573224e+00,6.4530643332863509e+00,2.1084990326083028e+00,1.4295382966044830e+01,1.4295382966044830e+01,1.2221356928197565e+01,1.2221356928197565e+01,9.6639135499670592e-01,2.1084990326083028e+00,4.8879557141573224e+00,0.0000000000000000e+00,2.8292066407407725e+00,1.4295382966044830e+01,9.1328206647420913e+00,0.0000000000000000e+00,9.1328206647420913e+00,2.8292066407407725e+00,1.0955594981820905e+01,1.0466955756079175e+01,1.0466955756079175e+01,7.7803618772533989e+00,1.1891819287537682e+01,4.8879557141573224e+00,2.8292066407407725e+00,1.4295382966044830e+01,1.0955594981820905e+01,1.0955594981820905e+01,1.0955594981820905e+01,1.0955594981820905e+01,9.6639135499670592e-01,6.4530643332863509e+00,5.8640108424005355e+00,7.7803618772533989e+00,7.7803618772533989e+00,1.4295382966044830e+01,4.8879557141573224e+00,1.0466955756079175e+01,9.1328206647420913e+00,3.8421854181401569e+00,4.8879557141573224e+00,1.1891819287537682e+01,1.3928985281639575e+01,1.4295382966044830e+01,2.1084990326083028e+00,1.3928985281639575e+01,9.1328206647420913e+00,1.1891819287537682e+01,9.1328206647420913e+00,3.8421854181401569e+00,1.0955594981820905e+01,1.1891819287537682e+01,4.8879557141573224e+00,2.8292066407407725e+00,1.0955594981820905e+01,0.0000000000000000e+00,3.8421854181401569e+00,9.6639135499670592e-01,1.0466955756079175e+01,1.4295382966044830e+01,7.7803618772533989e+00,1.4295382966044830e+01,6.4530643332863509e+00,1.3928985281639575e+01,9.1328206647420913e+00,3.8421854181401569e+00,1.4295382966044830e+01,1.0466955756079175e+01,7.7803618772533989e+00,1.4295382966044830e+01,1.1891819287537682e+01,1.3928985281639575e+01,1.3928985281639575e+01,9.1328206647420913e+00,9.1328206647420913e+00,9.1328206647420913e+00,9.1328206647420913e+00,1.3928985281639575e+01,1.0955594981820905e+01,1.0466955756079175e+01,1.3928985281639575e+01,6.4530643332863509e+00,1.3928985281639575e+01,1.0955594981820905e+01,1.0466955756079175e+01,1.0466955756079175e+01,1.1891819287537682e+01,1.0466955756079175e+01,7.7803618772533989e+00,1.0466955756079175e+01,1.0466955756079175e+01,0.0000000000000000e+00,1.1891819287537682e+01,3.8421854181401569e+00,2.8292066407407725e+00,1.4295382966044830e+01,2.1084990326083028e+00,1.0955594981820905e+01,9.1328206647420913e+00,2.1084990326083028e+00,1.0955594981820905e+01,2.8292066407407725e+00,1.1891819287537682e+01,1.0955594981820905e+01,1.0955594981820905e+01,9.1328206647420913e+00,3.8421854181401569e+00,1.1891819287537682e+01,1.4295382966044830e+01,1.1891819287537682e+01,1.0466955756079175e+01,1.1891819287537682e+01,1.2221356928197565e+01,1.2221356928197565e+01,9.6639135499670592e-01,1.0955594981820905e+01,3.8421854181401569e+00,1.1891819287537682e+01,9.6639135499670592e-01,1.1891819287537682e+01,1.0955594981820905e+01,1.2221356928197565e+01,1.3928985281639575e+01,1.1891819287537682e+01,1.0955594981820905e+01,1.3928985281639575e+01,1.1891819287537682e+01,1.1891819287537682e+01,7.7803618772533989e+00,1.0466955756079175e+01,1.3928985281639575e+01,7.7803618772533989e+00,1.0955594981820905e+01,1.4295382966044830e+01,1.2221356928197565e+01,1.2221356928197565e+01,4.8879557141573224e+00,1.2221356928197565e+01,1.1891819287537682e+01,5.8640108424005355e+00,1.2221356928197565e+01,6.4530643332863509e+00,1.2221356928197565e+01,1.0466955756079175e+01,1.2221356928197565e+01,1.2221356928197565e+01,1.2221356928197565e+01,1.4295382966044830e+01,1.2221356928197565e+01,7.7803618772533989e+00,1.0466955756079175e+01,1.4295382966044830e+01,6.4530643332863509e+00,1.1891819287537682e+01,3.8421854181401569e+00,1.0955594981820905e+01,1.2221356928197565e+01,1.1891819287537682e+01,1.0955594981820905e+01,1.2221356928197565e+01,1.1891819287537682e+01,1.2221356928197565e+01,1.2221356928197565e+01,5.8640108424005355e+00,6.4530643332863509e+00,1.2221356928197565e+01,1.4295382966044830e+01,1.2221356928197565e+01,1.2221356928197565e+01,1.0466955756079175e+01,9.1328206647420913e+00,4.8879557141573224e+00,1.0955594981820905e+01,1.0955594981820905e+01,1.0955594981820905e+01,1.2221356928197565e+01,1.3928985281639575e+01,7.7803618772533989e+00,0.0000000000000000e+00,1.3928985281639575e+01,1.0466955756079175e+01,1.4295382966044830e+01,1.0955594981820905e+01,1.0955594981820905e+01,1.2221356928197565e+01,1.0955594981820905e+01,1.0955594981820905e+01,1.2221356928197565e+01,1.1891819287537682e+01,1.0955594981820905e+01,1.1891819287537682e+01,6.4530643332863509e+00,1.4295382966044830e+01,5.8640108424005355e+00,1.0955594981820905e+01,1.3928985281639575e+01,2.1084990326083028e+00,1.3928985281639575e+01,4.8879557141573224e+00,1.4295382966044830e+01,0.0000000000000000e+00,1.1891819287537682e+01,6.4530643332863509e+00,9.1328206647420913e+00,2.1084990326083028e+00,2.1084990326083028e+00,2.1084990326083028e+00,1.2221356928197565e+01,9.6639135499670592e-01,4.8879557141573224e+00,1.4295382966044830e+01,1.2221356928197565e+01,1.4295382966044830e+01,3.8421854181401569e+00,1.0466955756079175e+01,1.4295382966044830e+01,7.7803618772533989e+00,7.7803618772533989e+00,1.2221356928197565e+01,1.1891819287537682e+01,0.0000000000000000e+00,9.6639135499670592e-01,1.4295382966044830e+01,1.0466955756079175e+01,1.1891819287537682e+01,2.1084990326083028e+00,1.0955594981820905e+01,1.3928985281639575e+01,4.8879557141573224e+00,1.4295382966044830e+01,1.1891819287537682e+01,1.0466955756079175e+01,1.3928985281639575e+01,0.0000000000000000e+00,1.1891819287537682e+01,1.4295382966044830e+01,1.0466955756079175e+01,2.8292066407407725e+00,1.0955594981820905e+01,1.0955594981820905e+01,1.0955594981820905e+01,1.4295382966044830e+01,2.1084990326083028e+00,1.0466955756079175e+01,2.1084990326083028e+00,9.6639135499670592e-01,9.6639135499670592e-01,9.6639135499670592e-01,1.0466955756079175e+01,1.2221356928197565e+01,1.2221356928197565e+01,2.1084990326083028e+00,4.8879557141573224e+00,1.1891819287537682e+01,1.2221356928197565e+01,1.0955594981820905e+01,1.1891819287537682e+01,9.6639135499670592e-01,7.7803618772533989e+00,1.1891819287537682e+01,4.8879557141573224e+00,1.0955594981820905e+01,4.8879557141573224e+00,1.2221356928197565e+01,1.1891819287537682e+01,1.3928985281639575e+01,1.1891819287537682e+01,6.4530643332863509e+00,1.4295382966044830e+01,1.2221356928197565e+01,1.0466955756079175e+01,1.1891819287537682e+01,1.0466955756079175e+01,4.8879557141573224e+00,1.0955594981820905e+01,4.8879557141573224e+00,1.2221356928197565e+01,1.0955594981820905e+01,7.7803618772533989e+00,4.8879557141573224e+00,1.0955594981820905e+01,1.2221356928197565e+01,1.4295382966044830e+01,1.4295382966044830e+01,1.2221356928197565e+01,1.3928985281639575e+01,1.4295382966044830e+01,1.4295382966044830e+01,1.2221356928197565e+01,0.0000000000000000e+00,1.4295382966044830e+01,9.1328206647420913e+00,7.7803618772533989e+00,1.0955594981820905e+01,2.8292066407407725e+00,4.8879557141573224e+00,2.1084990326083028e+00,2.8292066407407725e+00,9.1328206647420913e+00,9.1328206647420913e+00,1.2221356928197565e+01,1.2221356928197565e+01,1.0955594981820905e+01,1.2221356928197565e+01,1.3928985281639575e+01,1.4295382966044830e+01,1.3928985281639575e+01,1.3928985281639575e+01,1.3928985281639575e+01,3.8421854181401569e+00,2.8292066407407725e+00,3.8421854181401569e+00,1.2221356928197565e+01,4.8879557141573224e+00,2.8292066407407725e+00,4.8879557141573224e+00,1.1891819287537682e+01,1.1891819287537682e+01,1.3928985281639575e+01,1.3928985281639575e+01,1.1891819287537682e+01,5.8640108424005355e+00,4.8879557141573224e+00,1.2221356928197565e+01,1.0955594981820905e+01,1.0955594981820905e+01,1.4295382966044830e+01,1.1891819287537682e+01,1.4295382966044830e+01,1.1891819287537682e+01,6.4530643332863509e+00,1.0955594981820905e+01,7.7803618772533989e+00,1.0955594981820905e+01,4.8879557141573224e+00,1.0955594981820905e+01,1.1891819287537682e+01,1.1891819287537682e+01,9.6639135499670592e-01,1.0466955756079175e+01,3.8421854181401569e+00,1.4295382966044830e+01,6.4530643332863509e+00,5.8640108424005355e+00,6.4530643332863509e+00,6.4530643332863509e+00,2.8292066407407725e+00,9.1328206647420913e+00,1.1891819287537682e+01,0.0000000000000000e+00,6.4530643332863509e+00,1.3928985281639575e+01,5.8640108424005355e+00,5.8640108424005355e+00,1.2221356928197565e+01,3.8421854181401569e+00,1.0466955756079175e+01,1.0955594981820905e+01,1.0955594981820905e+01,5.8640108424005355e+00,2.1084990326083028e+00,6.4530643332863509e+00,6.4530643332863509e+00,1.1891819287537682e+01,1.0955594981820905e+01,1.1891819287537682e+01,5.8640108424005355e+00,6.4530643332863509e+00,2.1084990326083028e+00,4.8879557141573224e+00,9.6639135499670592e-01,5.8640108424005355e+00,1.1891819287537682e+01,6.4530643332863509e+00,1.3928985281639575e+01,1.1891819287537682e+01,7.7803618772533989e+00,1.1891819287537682e+01,1.1891819287537682e+01,1.0955594981820905e+01,6.4530643332863509e+00,1.0955594981820905e+01,0.0000000000000000e+00,1.4295382966044830e+01,1.2221356928197565e+01,5.8640108424005355e+00,5.8640108424005355e+00,1.3928985281639575e+01,1.1891819287537682e+01,1.4295382966044830e+01,1.0955594981820905e+01,3.8421854181401569e+00,1.1891819287537682e+01,9.6639135499670592e-01,1.1891819287537682e+01,2.8292066407407725e+00,2.8292066407407725e+00,1.2221356928197565e+01,1.2221356928197565e+01,1.3928985281639575e+01,1.3928985281639575e+01,1.0955594981820905e+01,5.8640108424005355e+00,2.1084990326083028e+00,2.8292066407407725e+00,1.0466955756079175e+01,4.8879557141573224e+00,1.0466955756079175e+01,1.2221356928197565e+01,1.1891819287537682e+01,1.3928985281639575e+01,2.8292066407407725e+00,1.2221356928197565e+01,4.8879557141573224e+00,1.0955594981820905e+01,1.0955594981820905e+01,1.2221356928197565e+01,3.8421854181401569e+00,1.3928985281639575e+01,0.0000000000000000e+00,9.1328206647420913e+00,1.1891819287537682e+01,9.6639135499670592e-01,9.6639135499670592e-01,1.3928985281639575e+01,2.8292066407407725e+00,1.3928985281639575e+01,1.2221356928197565e+01,7.7803618772533989e+00,1.2221356928197565e+01,1.3928985281639575e+01,9.1328206647420913e+00,1.2221356928197565e+01,1.3928985281639575e+01,1.3928985281639575e+01,1.0955594981820905e+01,1.2221356928197565e+01,4.8879557141573224e+00,1.3928985281639575e+01,1.2221356928197565e+01,5.8640108424005355e+00,1.3928985281639575e+01,1.0955594981820905e+01,0.0000000000000000e+00,9.6639135499670592e-01,6.4530643332863509e+00,1.3928985281639575e+01,1.3928985281639575e+01,1.0466955756079175e+01,3.8421854181401569e+00,1.2221356928197565e+01,3.8421854181401569e+00,1.2221356928197565e+01,7.7803618772533989e+00,1.3928985281639575e+01,7.7803618772533989e+00,7.7803618772533989e+00,2.1084990326083028e+00,1.3928985281639575e+01,1.2221356928197565e+01,1.3928985281639575e+01,0.0000000000000000e+00,1.3928985281639575e+01,4.8879557141573224e+00,1.3928985281639575e+01,3.8421854181401569e+00,9.1328206647420913e+00,1.2221356928197565e+01,7.7803618772533989e+00,9.1328206647420913e+00,1.0955594981820905e+01,7.7803618772533989e+00,1.3928985281639575e+01,2.1084990326083028e+00,1.3928985281639575e+01,1.2221356928197565e+01,9.1328206647420913e+00,2.1084990326083028e+00,1.3928985281639575e+01,1.2221356928197565e+01,7.7803618772533989e+00,9.1328206647420913e+00,1.3928985281639575e+01,4.8879557141573224e+00,1.0466955756079175e+01,5.8640108424005355e+00,5.8640108424005355e+00,1.4295382966044830e+01,1.0466955756079175e+01,1.2221356928197565e+01,9.1328206647420913e+00,1.4295382966044830e+01,9.1328206647420913e+00,6.4530643332863509e+00,1.0955594981820905e+01,5.8640108424005355e+00,1.3928985281639575e+01,1.0466955756079175e+01,1.3928985281639575e+01,9.1328206647420913e+00,6.4530643332863509e+00,3.8421854181401569e+00,1.2221356928197565e+01,1.0955594981820905e+01,1.0955594981820905e+01,1.0955594981820905e+01,1.0955594981820905e+01,0.0000000000000000e+00,6.4530643332863509e+00,7.7803618772533989e+00,1.2221356928197565e+01,2.8292066407407725e+00,1.3928985281639575e+01,1.2221356928197565e+01,1.1891819287537682e+01,0.0000000000000000e+00,1.0466955756079175e+01,1.1891819287537682e+01,1.0466955756079175e+01,1.3928985281639575e+01,1.2221356928197565e+01,1.3928985281639575e+01,3.8421854181401569e+00,3.8421854181401569e+00,3.8421854181401569e+00,0.0000000000000000e+00,1.3928985281639575e+01,1.3928985281639575e+01,1.3928985281639575e+01,1.3928985281639575e+01,2.1084990326083028e+00,1.3928985281639575e+01,2.1084990326083028e+00,1.1891819287537682e+01,1.3928985281639575e+01,1.3928985281639575e+01,1.3928985281639575e+01,7.7803618772533989e+00,1.3928985281639575e+01,1.4295382966044830e+01,1.3928985281639575e+01,2.1084990326083028e+00,7.7803618772533989e+00,1.3928985281639575e+01,1.4295382966044830e+01,5.8640108424005355e+00,5.8640108424005355e+00,1.3928985281639575e+01,1.3928985281639575e+01,1.3928985281639575e+01,1.4295382966044830e+01,7.7803618772533989e+00,9.1328206647420913e+00,1.3928985281639575e+01,1.3928985281639575e+01,1.3928985281639575e+01,1.3928985281639575e+01,5.8640108424005355e+00,1.3928985281639575e+01,1.3928985281639575e+01,1.3928985281639575e+01,5.8640108424005355e+00,1.1891819287537682e+01,7.7803618772533989e+00,1.4295382966044830e+01,1.3928985281639575e+01,1.4295382966044830e+01,1.3928985281639575e+01,1.3928985281639575e+01,1.3928985281639575e+01,6.4530643332863509e+00,1.0955594981820905e+01,1.3928985281639575e+01,1.3928985281639575e+01,1.3928985281639575e+01,1.1891819287537682e+01,4.8879557141573224e+00,5.8640108424005355e+00,2.1084990326083028e+00,1.4295382966044830e+01,1.4295382966044830e+01,5.8640108424005355e+00,2.1084990326083028e+00,5.8640108424005355e+00,5.8640108424005355e+00,7.7803618772533989e+00,1.3928985281639575e+01,1.4295382966044830e+01,1.4295382966044830e+01,0.0000000000000000e+00,2.8292066407407725e+00,1.1891819287537682e+01,1.3928985281639575e+01,1.1891819287537682e+01,1.1891819287537682e+01,1.3928985281639575e+01,1.3928985281639575e+01,1.2221356928197565e+01,6.4530643332863509e+00,1.0955594981820905e+01,2.1084990326083028e+00,2.1084990326083028e+00,0.0000000000000000e+00,1.3928985281639575e+01,3.8421854181401569e+00,9.1328206647420913e+00,1.3928985281639575e+01,1.3928985281639575e+01,1.3928985281639575e+01,3.8421854181401569e+00,2.1084990326083028e+00,1.4295382966044830e+01,2.8292066407407725e+00,3.8421854181401569e+00,4.8879557141573224e+00,2.1084990326083028e+00,4.8879557141573224e+00,1.2221356928197565e+01,2.8292066407407725e+00,2.1084990326083028e+00,1.3928985281639575e+01,7.7803618772533989e+00,1.2221356928197565e+01,4.8879557141573224e+00,1.4295382966044830e+01,1.4295382966044830e+01,1.3928985281639575e+01,1.0466955756079175e+01,3.8421854181401569e+00,1.3928985281639575e+01,6.4530643332863509e+00,1.1891819287537682e+01,0.0000000000000000e+00,6.4530643332863509e+00,1.0466955756079175e+01,1.0466955756079175e+01,1.4295382966044830e+01,1.0466955756079175e+01,1.3928985281639575e+01,1.2221356928197565e+01,1.3928985281639575e+01,4.8879557141573224e+00,1.4295382966044830e+01,1.0466955756079175e+01,0.0000000000000000e+00,1.4295382966044830e+01,4.8879557141573224e+00,4.8879557141573224e+00,6.4530643332863509e+00,1.3928985281639575e+01,7.7803618772533989e+00,4.8879557141573224e+00,1.3928985281639575e+01,1.3928985281639575e+01,1.4295382966044830e+01,1.4295382966044830e+01,4.8879557141573224e+00,1.0955594981820905e+01,1.3928985281639575e+01,1.4295382966044830e+01,1.0955594981820905e+01,1.3928985281639575e+01,5.8640108424005355e+00,7.7803618772533989e+00,7.7803618772533989e+00,1.2221356928197565e+01,7.7803618772533989e+00,1.1891819287537682e+01,1.1891819287537682e+01,1.0955594981820905e+01,9.6639135499670592e-01,9.6639135499670592e-01,2.8292066407407725e+00,6.4530643332863509e+00,1.1891819287537682e+01,6.4530643332863509e+00,6.4530643332863509e+00,9.6639135499670592e-01,1.0955594981820905e+01,1.4295382966044830e+01,4.8879557141573224e+00,3.8421854181401569e+00,3.8421854181401569e+00,1.2221356928197565e+01,9.6639135499670592e-01,6.4530643332863509e+00,9.1328206647420913e+00,1.4295382966044830e+01,9.1328206647420913e+00,9.1328206647420913e+00,9.1328206647420913e+00,1.3928985281639575e+01,1.3928985281639575e+01,9.1328206647420913e+00,0.0000000000000000e+00,5.8640108424005355e+00,1.3928985281639575e+01,6.4530643332863509e+00,1.3928985281639575e+01,1.0955594981820905e+01,2.8292066407407725e+00,1.4295382966044830e+01,1.3928985281639575e+01,4.8879557141573224e+00,1.1891819287537682e+01,1.1891819287537682e+01,1.1891819287537682e+01,3.8421854181401569e+00,1.3928985281639575e+01,1.2221356928197565e+01,1.3928985281639575e+01,1.3928985281639575e+01,0.0000000000000000e+00,2.1084990326083028e+00,1.1891819287537682e+01,9.6639135499670592e-01,1.1891819287537682e+01,1.0955594981820905e+01,1.1891819287537682e+01,1.3928985281639575e+01,1.0955594981820905e+01,3.8421854181401569e+00,9.1328206647420913e+00,6.4530643332863509e+00,9.1328206647420913e+00,1.1891819287537682e+01,1.0955594981820905e+01,1.0955594981820905e+01,1.3928985281639575e+01,1.1891819287537682e+01,1.1891819287537682e+01,1.3928985281639575e+01,2.8292066407407725e+00,6.4530643332863509e+00,2.8292066407407725e+00,1.0466955756079175e+01,1.0466955756079175e+01,2.8292066407407725e+00,1.1891819287537682e+01,1.3928985281639575e+01,1.0466955756079175e+01,1.4295382966044830e+01,1.4295382966044830e+01,1.4295382966044830e+01,1.4295382966044830e+01,1.1891819287537682e+01,2.1084990326083028e+00,1.4295382966044830e+01,1.1891819287537682e+01
0.0000000000000000e+00,0.0000000000000000e+00,0.0000000000000000e+00,0.0000000000000000e+00,0.0000000000000000e+00,0.0000000000000000e+00,0.0000000000000000e+00,0.0000000000000000e+00,0.0000000000000000e+00,0.0000000000000000e+00,0.0000000000000000e+00,0.0000000000000000e+00,0.0000000000000000e+00,0.0000000000000000e+00,0.0000000000000000e+00,0.0000000000000000e+00,0.0000000000000000e+00,0.0000000000000000e+00,0.0000000000000000e+00,0.0000000000000000e+00,0.0000000000000000e+00,0.0000000000000000e+00,0.0000000000000000e+00,0.0000000000000000e+00,0.0000000000000000e+00,0.0000000000000000e+00,0.0000000000000000e+00,0.0000000000000000e+00,0.0000000000000000e+00,0.0000000000000000e+00,0.0000000000000000e+00,0.0000000000000000e+00,0.0000000000000000e+00,0.0000000000000000e+00,0.0000000000000000e+00,0.0000000000000000e+00,0.0000000000000000e+00,0.0000000000000000e+00,0.0000000000000000e+00,0.0000000000000000e+00,0.0000000000000000e+00,0.0000000000000000e+00,0.0000000000000000e+00,0.0000000000000000e+00,0.0000000000000000e+00,0.0000000000000000e+00,0.0000000000000000e+00,0.0000000000000000e+00,0.0000000000000000e+00,0.0000000000000000e+00,0.0000000000000000e+00,0.0000000000000000e+00,0.0000000000000000e+00,0.0000000000000000e+00,0.0000000000000000e+00,0.0000000000000000e+00,0.0000000000000000e+00,0.0000000000000000e+00,0.0000000000000000e+00,0.0000000000000000e+00,0.0000000000000000e+00,0.0000000000000000e+00,0.0000000000000000e+00,0.0000000000000000e+00,0.0000000000000000e+00,0.0000000000000000e+00,0.0000000000000000e+00,0.0000000000000000e+00,0.0000000000000000e+00,0.0000000000000000e+00,0.0000000000000000e+00,0.0000000000000000e+00,0.0000000000000000e+00,0.0000000000000000e+00,0.0000000000000000e+00,0.0000000000000000e+00,0.0000000000000000e+00,0.0000000000000000e+00,0.0000000000000000e+00,0.0000000000000000e+00,0.0000000000000000e+00,0.0000000000000000e+00,0.0000000000000000e+00,0.0000000000000000e+00,0.0000000000000000e+00,0.0000000000000000e+00,0.0000000000000000e+00,0.0000000000000000e+00,0.0000000000000000e+00,0.0000000000000000e+00,0.0000000000000000e+00,0.0000000000000000e+00,0.0000000000000000e+00,0.0000000000000000e+00,0.0000000000000000e+00,0.0000000000000000e+00,0.0000000000000000e+00,0.0000000000000000e+00,0.0000000000000000e+00,0.0000000000000000e+00,0.0000000000000000e+00,0.0000000000000000e+00,0.0000000000000000e+00,0.0000000000000000e+00,0.0000000000000000e+00,0.0000000000000000e+00,0.0000000000000000e+00,0.0000000000000000e+00,0.0000000000000000e+00,0.0000000000000000e+00,0.0000000000000000e+00,0.0000000000000000e+00,0.0000000000000000e+00,0.0000000000000000e+00,0.0000000000000000e+00,0.0000000000000000e+00,0.0000000000000000e+00,0.0000000000000000e+00,0.0000000000000000e+00,0.0000000000000000e+00,0.0000000000000000e+00,0.0000000000000000e+00,0.0000000000000000e+00,0.0000000000000000e+00,0.0000000000000000e+00,0.0000000000000000e+00,0.0000000000000000e+00,0.0000000000000000e+00,0.0000000000000000e+00,0.0000000000000000e+00,0.0000000000000000e+00,0.0000000000000000e+00,0.0000000000000000e+00,0.0000000000000000e+00,0.0000000000000000e+00,0.0000000000000000e+00,0.0000000000000000e+00,0.0000000000000000e+00,0.0000000000000000e+00,0.0000000000000000e+00,0.0000000000000000e+00,0.0000000000000000e+00,0.0000000000000000e+00,0.0000000000000000e+00,0.0000000000000000e+00,0.0000000000000000e+00,0.0000000000000000e+00,0.0000000000000000e+00,0.0000000000000000e+00,0.0000000000000000e+00,0.0000000000000000e+00,0.0000000000000000e+00,0.0000000000000000e+00,0.0000000000000000e+00,0.0000000000000000e+00,0.0000000000000000e+00,0.0000000000000000e+00,0.0000000000000000e+00,0.0000000000000000e+00,0.0000000000000000e+00,0.0000000000000000e+00,0.0000000000000000e+00,0.0000000000000000e+00,0.0000000000000000e+00,0.0000000000000000e+00,0.0000000000000000e+00,0.0000000000000000e+00,0.0000000000000000e+00,0.0000000000000000e+00,0.0000000000000000e+00,0.0000000000000000e+00,0.0000000000000000e+00,0.0000000000000000e+00,0.0000000000000000e+00,0.0000000000000000e+00,0.0000000000000000e+00,0.0000000000000000e+00,0.0000000000000000e+00,0.0000000000000000e+00,0.0000000000000000e+00,0.0000000000000000e+00,0.0000000000000000e+00,0.0000000000000000e+00,0.0000000000000000e+00,0.0000000000000000e+00,0.0000000000000000e+00,0.0000000000000000e+00,0.0000000000000000e+00,0.0000000000000000e+00,0.0000000000000000e+00,0.0000000000000000e+00,0.0000000000000000e+00,0.0000000000000000e+00,0.0000000000000000e+00,0.0000000000000000e+00,0.0000000000000000e+00,0.0000000000000000e+00,0.0000000000000000e+00,0.0000000000000000e+00,0.0000000000000000e+00,0.0000000000000000e+00,0.0000000000000000e+00,0.0000000000000000e+00,0.0000000000000000e+00,0.0000000000000000e+00,0.0000000000000000e+00,0.0000000000000000e+00,0.0000000000000000e+00,0.0000000000000000e+00,0.0000000000000000e+00,0.0000000000000000e+00,0.0000000000000000e+00,0.0000000000000000e+00,0.0000000000000000e+00,0.0000000000000000e+00,0.0000000000000000e+00,0.0000000000000000e+00,0.0000000000000000e+00,0.0000000000000000e+00,0.0000000000000000e+00,0.0000000000000000e+00,0.0000000000000000e+00,0.0000000000000000e+00,0.0000000000000000e+00,0.0000000000000000e+00,0.0000000000000000e+00,0.0000000000000000e+00,0.0000000000000000e+00,0.0000000000000000e+00,0.0000000000000000e+00,0.0000000000000000e+00,0.0000000000000000e+00,0.0000000000000000e+00,0.0000000000000000e+00,0.0000000000000000e+00,0.0000000000000000e+00,0.0000000000000000e+00,0.0000000000000000e+00,0.0000000000000000e+00,0.0000000000000000e+00,0.0000000000000000e+00,0.0000000000000000e+00,0.0000000000000000e+00,0.0000000000000000e+00,0.0000000000000000e+00,0.0000000000000000e+00,0.0000000000000000e+00,0.0000000000000000e+00,0.0000000000000000e+00,0.0000000000000000e+00,0.0000000000000000e+00,0.0000000000000000e+00,0.0000000000000000e+00,0.0000000000000000e+00,0.0000000000000000e+00,0.0000000000000000e+00,0.0000000000000000e+00,0.0000000000000000e+00,0.0000000000000000e+00,0.0000000000000000e+00,0.0000000000000000e+00,0.0000000000000000e+00,0.0000000000000000e+00,0.0000000000000000e+00,0.0000000000000000e+00,0.0000000000000000e+00,0.0000000000000000e+00,0.0000000000000000e+00,0.0000000000000000e+00,0.0000000000000000e+00,0.0000000000000000e+00,0.0000000000000000e+00,0.0000000000000000e+00,0.0000000000000000e+00,0.0000000000000000e+00,0.0000000000000000e+00,0.0000000000000000e+00,0.0000000000000000e+00,0.0000000000000000e+00,0.0000000000000000e+00,0.0000000000000000e+00,0.0000000000000000e+00,0.0000000000000000e+00,0.0000000000000000e+00,0.0000000000000000e+00,0.0000000000000000e+00,0.0000000000000000e+00,0.0000000000000000e+00,0.0000000000000000e+00,0.0000000000000000e+00,0.0000000000000000e+00,0.0000000000000000e+00,0.0000000000000000e+00,0.0000000000000000e+00,0.0000000000000000e+00,0.0000000000000000e+00,0.0000000000000000e+00,0.0000000000000000e+00,0.0000000000000000e+00,0.0000000000000000e+00,0.0000000000000000e+00,0.0000000000000000e+00,0.0000000000000000e+00,0.0000000000000000e+00,0.0000000000000000e+00,0.0000000000000000e+00,0.0000000000000000e+00,0.0000000000000000e+00,0.0000000000000000e+00,0.0000000000000000e+00,0.0000000000000000e+00,0.0000000000000000e+00,0.0000000000000000e+00,0.0000000000000000e+00,0.0000000000000000e+00,0.0000000000000000e+00,0.0000000000000000e+00,0.0000000000000000e+00,0.0000000000000000e+00,0.0000000000000000e+00,0.0000000000000000e+00,0.0000000000000000e+00,0.0000000000000000e+00,0.0000000000000000e+00,0.0000000000000000e+00,0.0000000000000000e+00,0.0000000000000000e+00,0.0000000000000000e+00,0.0000000000000000e+00,0.0000000000000000e+00,0.0000000000000000e+00,0.0000000000000000e+00,0.0000000000000000e+00,0.0000000000000000e+00,0.0000000000000000e+00,0.0000000000000000e+00,0.0000000000000000e+00,0.0000000000000000e+00,0.0000000000000000e+00,0.0000000000000000e+00,0.0000000000000000e+00,0.0000000000000000e+00,0.0000000000000000e+00,0.0000000000000000e+00,0.0000000000000000e+00,0.0000000000000000e+00,0.0000000000000000e+00,0.0000000000000000e+00,0.0000000000000000e+00,0.0000000000000000e+00,0.0000000000000000e+00,0.0000000000000000e+00,0.0000000000000000e+00,0.0000000000000000e+00,0.0000000000000000e+00,0.0000000000000000e+00,0.0000000000000000e+00,0.0000000000000000e+00,0.0000000000000000e+00,0.0000000000000000e+00,0.0000000000000000e+00,0.0000000000000000e+00,0.0000000000000000e+00,0.0000000000000000e+00,0.0000000000000000e+00,0.0000000000000000e+00,0.0000000000000000e+00,0.0000000000000000e+00,0.0000000000000000e+00,0.0000000000000000e+00,0.0000000000000000e+00,0.0000000000000000e+00,0.0000000000000000e+00,0.0000000000000000e+00,0.0000000000000000e+00,0.0000000000000000e+00,0.0000000000000000e+00,0.0000000000000000e+00,0.0000000000000000e+00,0.0000000000000000e+00,0.0000000000000000e+00,0.0000000000000000e+00,0.0000000000000000e+00,0.0000000000000000e+00,0.0000000000000000e+00,0.0000000000000000e+00,0.0000000000000000e+00,0.0000000000000000e+00,0.0000000000000000e+00,0.0000000000000000e+00,0.0000000000000000e+00,0.0000000000000000e+00,0.0000000000000000e+00,0.0000000000000000e+00,0.0000000000000000e+00,0.0000000000000000e+00,0.0000000000000000e+00,0.0000000000000000e+00,0.0000000000000000e+00,0.0000000000000000e+00,0.0000000000000000e+00,0.0000000000000000e+00,0.0000000000000000e+00,0.0000000000000000e+00,0.0000000000000000e+00,0.0000000000000000e+00,0.0000000000000000e+00,0.0000000000000000e+00,0.0000000000000000e+00,0.0000000000000000e+00,0.0000000000000000e+00,0.0000000000000000e+00,0.0000000000000000e+00,0.0000000000000000e+00,0.0000000000000000e+00,0.0000000000000000e+00,0.0000000000000000e+00,0.0000000000000000e+00,0.0000000000000000e+00,0.0000000000000000e+00,0.0000000000000000e+00,0.0000000000000000e+00,0.0000000000000000e+00,0.0000000000000000e+00,0.0000000000000000e+00,0.0000000000000000e+00,0.0000000000000000e+00,0.0000000000000000e+00,0.0000000000000000e+00,0.0000000000000000e+00,0.0000000000000000e+00,0.0000000000000000e+00,0.0000000000000000e+00,0.0000000000000000e+00,0.0000000000000000e+00,0.0000000000000000e+00,0.0000000000000000e+00,0.0000000000000000e+00,0.0000000000000000e+00,0.0000000000000000e+00,0.0000000000000000e+00,0.0000000000000000e+00,0.0000000000000000e+00,0.0000000000000000e+00,0.0000000000000000e+00,0.0000000000000000e+00,0.0000000000000000e+00,0.0000000000000000e+00,0.0000000000000000e+00,0.0000000000000000e+00,0.0000000000000000e+00,0.0000000000000000e+00,0.0000000000000000e+00,0.0000000000000000e+00,0.0000000000000000e+00,0.0000000000000000e+00,0.0000000000000000e+00,0.0000000000000000e+00,0.0000000000000000e+00,0.0000000000000000e+00,0.0000000000000000e+00,0.0000000000000000e+00,0.0000000000000000e+00,0.0000000000000000e+00,0.0000000000000000e+00,0.0000000000000000e+00,0.0000000000000000e+00,0.0000000000000000e+00,0.0000000000000000e+00,0.0000000000000000e+00,0.0000000000000000e+00,0.0000000000000000e+00,0.0000000000000000e+00,0.0000000000000000e+00,0.0000000000000000e+00,0.0000000000000000e+00,0.0000000000000000e+00,0.0000000000000000e+00,0.0000000000000000e+00,0.0000000000000000e+00,0.0000000000000000e+00,0.0000000000000000e+00,0.0000000000000000e+00,0.0000000000000000e+00,0.0000000000000000e+00,0.0000000000000000e+00,0.0000000000000000e+00,0.0000000000000000e+00,0.0000000000000000e+00,0.0000000000000000e+00,0.0000000000000000e+00,0.0000000000000000e+00,0.0000000000000000e+00,0.0000000000000000e+00,0.0000000000000000e+00,0.0000000000000000e+00,0.0000000000000000e+00,0.0000000000000000e+00,0.0000000000000000e+00,0.0000000000000000e+00,0.0000000000000000e+00,0.0000000000000000e+00,0.0000000000000000e+00,0.0000000000000000e+00,0.0000000000000000e+00,0.0000000000000000e+00,0.0000000000000000e+00,0.0000000000000000e+00,0.0000000000000000e+00,0.0000000000000000e+00,0.0000000000000000e+00,0.0000000000000000e+00,0.0000000000000000e+00,0.0000000000000000e+00,0.0000000000000000e+00,0.0000000000000000e+00,0.0000000000000000e+00,0.0000000000000000e+00,0.0000000000000000e+00,0.0000000000000000e+00,0.0000000000000000e+00,0.0000000000000000e+00,0.0000000000000000e+00,0.0000000000000000e+00,0.0000000000000000e+00,0.0000000000000000e+00,0.0000000000000000e+00,0.0000000000000000e+00,0.0000000000000000e+00,0.0000000000000000e+00,0.0000000000000000e+00,0.0000000000000000e+00,0.0000000000000000e+00,0.0000000000000000e+00,0.0000000000000000e+00,0.0000000000000000e+00,0.0000000000000000e+00,0.0000000000000000e+00,0.0000000000000000e+00,0.0000000000000000e+00,0.0000000000000000e+00,0.0000000000000000e+00,0.0000000000000000e+00,0.0000000000000000e+00,0.0000000000000000e+00,0.0000000000000000e+00,0.0000000000000000e+00,0.0000000000000000e+00,0.0000000000000000e+00,0.0000000000000000e+00,0.0000000000000000e+00,0.0000000000000000e+00,0.0000000000000000e+00,0.0000000000000000e+00,0.0000000000000000e+00,0.0000000000000000e+00,0.0000000000000000e+00,0.0000000000000000e+00,0.0000000000000000e+00,0.0000000000000000e+00,0.0000000000000000e+00,0.0000000000000000e+00,0.0000000000000000e+00,0.0000000000000000e+00,0.0000000000000000e+00,0.0000000000000000e+00,0.0000000000000000e+00,0.0000000000000000e+00,0.0000000000000000e+00,0.0000000000000000e+00,0.0000000000000000e+00,0.0000000000000000e+00,0.0000000000000000e+00,0.0000000000000000e+00,0.0000000000000000e+00,0.0000000000000000e+00,0.0000000000000000e+00,0.0000000000000000e+00,0.0000000000000000e+00,0.0000000000000000e+00,0.0000000000000000e+00,0.0000000000000000e+00,0.0000000000000000e+00,0.0000000000000000e+00,0.0000000000000000e+00,0.0000000000000000e+00,0.0000000000000000e+00,0.0000000000000000e+00,0.0000000000000000e+00,0.0000000000000000e+00,0.0000000000000000e+00,0.0000000000000000e+00,0.0000000000000000e+00,0.0000000000000000e+00,0.0000000000000000e+00,0.0000000000000000e+00,0.0000000000000000e+00,0.0000000000000000e+00,0.0000000000000000e+00,0.0000000000000000e+00,0.0000000000000000e+00,0.0000000000000000e+00,0.0000000000000000e+00,0.0000000000000000e+00,0.0000000000000000e+00,0.0000000000000000e+00,0.0000000000000000e+00,0.0000000000000000e+00,0.0000000000000000e+00,0.0000000000000000e+00,0.0000000000000000e+00,0.0000000000000000e+00,0.0000000000000000e+00,0.0000000000000000e+00,0.0000000000000000e+00,0.0000000000000000e+00,0.0000000000000000e+00,0.0000000000000000e+00,0.0000000000000000e+00,0.0000000000000000e+00,0.0000000000000000e+00,0.0000000000000000e+00,0.0000000000000000e+00,0.0000000000000000e+00,0.0000000000000000e+00,0.0000000000000000e+00,0.0000000000000000e+00,0.0000000000000000e+00,0.0000000000000000e+00,0.0000000000000000e+00,0.0000000000000000e+00,0.0000000000000000e+00,0.0000000000000000e+00,0.0000000000000000e+00,0.0000000000000000e+00,0.0000000000000000e+00,0.0000000000000000e+00,0.0000000000000000e+00,0.0000000000000000e+00,0.0000000000000000e+00,0.0000000000000000e+00,0.0000000000000000e+00,0.0000000000000000e+00,0.0000000000000000e+00,0.0000000000000000e+00,0.0000000000000000e+00,0.0000000000000000e+00,0.0000000000000000e+00,0.0000000000000000e+00,0.0000000000000000e+00,0.0000000000000000e+00,0.0000000000000000e+00,0.0000000000000000e+00,0.0000000000000000e+00,0.0000000000000000e+00,0.0000000000000000e+00,0.0000000000000000e+00,0.0000000000000000e+00,0.0000000000000000e+00,0.0000000000000000e+00,0.0000000000000000e+00,0.0000000000000000e+00,0.0000000000000000e+00,0.0000000000000000e+00,0.0000000000000000e+00,0.0000000000000000e+00,0.0000000000000000e+00,0.0000000000000000e+00,0.0000000000000000e+00,0.0000000000000000e+00,0.0000000000000000e+00,0.0000000000000000e+00,0.0000000000000000e+00,0.0000000000000000e+00,0.0000000000000000e+00,0.0000000000000000e+00,0.0000000000000000e+00,0.0000000000000000e+00,0.0000000000000000e+00,0.0000000000000000e+00,0.0000000000000000e+00,0.0000000000000000e+00,0.0000000000000000e+00,0.0000000000000000e+00,0.0000000000000000e+00,0.0000000000000000e+00,0.0000000000000000e+00,0.0000000000000000e+00,0.0000000000000000e+00,0.0000000000000000e+00,0.0000000000000000e+00,0.0000000000000000e+00,0.0000000000000000e+00,0.0000000000000000e+00,0.0000000000000000e+00,0.0000000000000000e+00,0.0000000000000000e+00,0.0000000000000000e+00,0.0000000000000000e+00,0.0000000000000000e+00,0.0000000000000000e+00,0.0000000000000000e+00,0.0000000000000000e+00,0.0000000000000000e+00,0.0000000000000000e+00,0.0000000000000000e+00,0.0000000000000000e+00,0.0000000000000000e+00,0.0000000000000000e+00,0.0000000000000000e+00,0.0000000000000000e+00,0.0000000000000000e+00,0.0000000000000000e+00,0.0000000000000000e+00,0.0000000000000000e+00,0.0000000000000000e+00,0.0000000000000000e+00,0.0000000000000000e+00,0.0000000000000000e+00,0.0000000000000000e+00,0.0000000000000000e+00,0.0000000000000000e+00,0.0000000000000000e+00,0.0000000000000000e+00,0.0000000000000000e+00,0.0000000000000000e+00,0.0000000000000000e+00,0.0000000000000000e+00,0.0000000000000000e+00,0.0000000000000000e+00,0.0000000000000000e+00,0.0000000000000000e+00,0.0000000000000000e+00,0.0000000000000000e+00,0.0000000000000000e+00,0.0000000000000000e+00,0.0000000000000000e+00,0.0000000000000000e+00,0.0000000000000000e+00,0.0000000000000000e+00,0.0000000000000000e+00,0.0000000000000000e+00,0.0000000000000000e+00,0.0000000000000000e+00,0.0000000000000000e+00,0.0000000000000000e+00,0.0000000000000000e+00,0.0000000000000000e+00,0.0000000000000000e+00,0.0000000000000000e+00,0.0000000000000000e+00,0.0000000000000000e+00,0.0000000000000000e+00,0.0000000000000000e+00,0.0000000000000000e+00,0.0000000000000000e+00,0.0000000000000000e+00,0.0000000000000000e+00,0.0000000000000000e+00,0.0000000000000000e+00,0.0000000000000000e+00,0.0000000000000000e+00,0.0000000000000000e+00,0.0000000000000000e+00,0.0000000000000000e+00,0.0000000000000000e+00,0.0000000000000000e+00,0.0000000000000000e+00,0.0000000000000000e+00,0.0000000000000000e+00,0.0000000000000000e+00,0.0000000000000000e+00,0.0000000000000000e+00,0.0000000000000000e+00,0.0000000000000000e+00,0.0000000000000000e+00,0.0000000000000000e+00,0.0000000000000000e+00,0.0000000000000000e+00,0.0000000000000000e+00,0.0000000000000000e+00,0.0000000000000000e+00,0.0000000000000000e+00,0.0000000000000000e+00,0.0000000000000000e+00,0.0000000000000000e+00,0.0000000000000000e+00,0.0000000000000000e+00,0.0000000000000000e+00,0.0000000000000000e+00,0.0000000000000000e+00,0.0000000000000000e+00,0.0000000000000000e+00,0.0000000000000000e+00,0.0000000000000000e+00,0.0000000000000000e+00,0.0000000000000000e+00,0.0000000000000000e+00,0.0000000000000000e+00,0.0000000000000000e+00,0.0000000000000000e+00,0.0000000000000000e+00,0.0000000000000000e+00,0.0000000000000000e+00,0.0000000000000000e+00,0.0000000000000000e+00,0.0000000000000000e+00,0.0000000000000000e+00,0.0000000000000000e+00,0.0000000000000000e+00,0.0000000000000000e+00,0.0000000000000000e+00,0.0000000000000000e+00,0.0000000000000000e+00,0.0000000000000000e+00,0.0000000000000000e+00,0.0000000000000000e+00,0.0000000000000000e+00,0.0000000000000000e+00,0.0000000000000000e+00,0.0000000000000000e+00,0.0000000000000000e+00,0.0000000000000000e+00,0.0000000000000000e+00,0.0000000000000000e+00,0.0000000000000000e+00,0.0000000000000000e+00,0.0000000000000000e+00,0.0000000000000000e+00,0.0000000000000000e+00,0.0000000000000000e+00,0.0000000000000000e+00,0.0000000000000000e+00,0.0000000000000000e+00,0.0000000000000000e+00,0.0000000000000000e+00,0.0000000000000000e+00,0.0000000000000000e+00,0.0000000000000000e+00,0.0000000000000000e+00,0.0000000000000000e+00,0.0000000000000000e+00,0.0000000000000000e+00,0.0000000000000000e+00,0.0000000000000000e+00,0.0000000000000000e+00,0.0000000000000000e+00,0.0000000000000000e+00,0.0000000000000000e+00,0.0000000000000000e+00,0.0000000000000000e+00,0.0000000000000000e+00,0.0000000000000000e+00,0.0000000000000000e+00,0.0000000000000000e+00,0.0000000000000000e+00,0.0000000000000000e+00,0.0000000000000000e+00,0.0000000000000000e+00,0.0000000000000000e+00,0.0000000000000000e+00,0.0000000000000000e+00,0.0000000000000000e+00,0.0000000000000000e+00,0.0000000000000000e+00,0.0000000000000000e+00,0.0000000000000000e+00,0.0000000000000000e+00,0.0000000000000000e+00,0.0000000000000000e+00,0.0000000000000000e+00,0.0000000000000000e+00,0.0000000000000000e+00,0.0000000000000000e+00,0.0000000000000000e+00,0.0000000000000000e+00,0.0000000000000000e+00,0.0000000000000000e+00,0.0000000000000000e+00,0.0000000000000000e+00,0.0000000000000000e+00,0.0000000000000000e+00,0.0000000000000000e+00,0.0000000000000000e+00,0.0000000000000000e+00,0.0000000000000000e+00,0.0000000000000000e+00,0.0000000000000000e+00,0.0000000000000000e+00,0.0000000000000000e+00,0.0000000000000000e+00,0.0000000000000000e+00,0.0000000000000000e+00,0.0000000000000000e+00,0.0000000000000000e+00,0.0000000000000000e+00,0.0000000000000000e+00,0.0000000000000000e+00,0.0000000000000000e+00,0.0000000000000000e+00,0.0000000000000000e+00,0.0000000000000000e+00,0.0000000000000000e+00,0.0000000000000000e+00,0.0000000000000000e+00,0.0000000000000000e+00,0.0000000000000000e+00,0.0000000000000000e+00,0.0000000000000000e+00,0.0000000000000000e+00,0.0000000000000000e+00,0.0000000000000000e+00,0.0000000000000000e+00,0.0000000000000000e+00,0.0000000000000000e+00,0.0000000000000000e+00,0.0000000000000000e+00,0.0000000000000000e+00,0.0000000000000000e+00,0.0000000000000000e+00,0.0000000000000000e+00,0.0000000000000000e+00,0.0000000000000000e+00,0.0000000000000000e+00,0.0000000000000000e+00,0.0000000000000000e+00,0.0000000000000000e+00,0.0000000000000000e+00,0.0000000000000000e+00,0.0000000000000000e+00,0.0000000000000000e+00,0.0000000000000000e+00,0.0000000000000000e+00,0.0000000000000000e+00,0.0000000000000000e+00,0.0000000000000000e+00,0.0000000000000000e+00,0.0000000000000000e+00,0.0000000000000000e+00,0.0000000000000000e+00,0.0000000000000000e+00,0.0000000000000000e+00,0.0000000000000000e+00,0.0000000000000000e+00,0.0000000000000000e+00,0.0000000000000000e+00,0.0000000000000000e+00,0.0000000000000000e+00,0.0000000000000000e+00,0.0000000000000000e+00,0.0000000000000000e+00,0.0000000000000000e+00,0.0000000000000000e+00,0.0000000000000000e+00,0.0000000000000000e+00,0.0000000000000000e+00,0.0000000000000000e+00,0.0000000000000000e+00,0.0000000000000000e+00,0.0000000000000000e+00,0.0000000000000000e+00,0.0000000000000000e+00,0.0000000000000000e+00,0.0000000000000000e+00,0.0000000000000000e+00,0.0000000000000000e+00,0.0000000000000000e+00,0.0000000000000000e+00,0.0000000000000000e+00,0.0000000000000000e+00,0.0000000000000000e+00,0.0000000000000000e+00,0.0000000000000000e+00,0.0000000000000000e+00,0.0000000000000000e+00,0.0000000000000000e+00,0.0000000000000000e+00,0.0000000000000000e+00,0.0000000000000000e+00,0.0000000000000000e+00,0.0000000000000000e+00,0.0000000000000000e+00,0.0000000000000000e+00,0.0000000000000000e+00,0.0000000000000000e+00,0.0000000000000000e+00,0.0000000000000000e+00,0.0000000000000000e+00,0.0000000000000000e+00,0.0000000000000000e+00,0.0000000000000000e+00,0.0000000000000000e+00,0.0000000000000000e+00,0.0000000000000000e+00,0.0000000000000000e+00,0.0000000000000000e+00,0.0000000000000000e+00,0.0000000000000000e+00,0.0000000000000000e+00,0.0000000000000000e+00
9.2552479807753751e-01,9.2552479807753751e-01,9.2552479807753751e-01,8.2087043703684817e+00,8.2087043703684817e+00,6.4003397056755631e+00,8.2087043703684817e+00,1.3605798432426067e+01,8.2087043703684817e+00,1.8670459107945585e+00,1.8670459107945585e+00,1.0166074789228594e+01,1.1093021399273896e+01,1.3605798432426067e+01,0.0000000000000000e+00,8.6174456238296635e+00,5.5583382458638209e+00,8.2087043703684817e+00,5.5583382458638209e+00,6.4003397056755631e+00,1.3605798432426067e+01,8.6174456238296635e+00,3.9415473468660811e+00,0.0000000000000000e+00,8.2087043703684817e+00,3.9415473468660811e+00,1.1093021399273896e+01,1.1093021399273896e+01,1.3605798432426067e+01,8.2087043703684817e+00,1.3923536739644716e+01,1.3605798432426067e+01,1.3605798432426067e+01,1.3605798432426067e+01,1.3605798432426067e+01,1.3605798432426067e+01,8.6174456238296635e+00,1.2061840764466226e+01,1.3605798432426067e+01,3.9415473468660811e+00,1.3605798432426067e+01,1.3605798432426067e+01,8.2087043703684817e+00,1.1093021399273896e+01,1.0166074789228594e+01,1.3923536739644716e+01,1.8670459107945585e+00,1.8670459107945585e+00,8.2087043703684817e+00,0.0000000000000000e+00,8.2087043703684817e+00,1.1093021399273896e+01,1.3605798432426067e+01,1.0952159375767504e+01,1.1093021399273896e+01,0.0000000000000000e+00,1.1093021399273896e+01,1.2061840764466226e+01,3.9415473468660811e+00,3.1396256594117853e+00,9.2552479807753751e-01,1.0952159375767504e+01,1.2061840764466226e+01,8.6174456238296635e+00,6.4003397056755631e+00,1.1093021399273896e+01,8.2087043703684817e+00,3.9415473468660811e+00,1.0166074789228594e+01,3.1396256594117853e+00,1.0952159375767504e+01,8.2087043703684817e+00,1.0952159375767504e+01,1.0166074789228594e+01,1.2061840764466226e+01,6.4003397056755631e+00,6.4003397056755631e+00,6.4003397056755631e+00,6.4003397056755631e+00,1.1093021399273896e+01,1.1093021399273896e+01,1.1093021399273896e+01,3.9415473468660811e+00,1.3605798432426067e+01,3.9415473468660811e+00,1.3605798432426067e+01,4.8566058473673088e+00,1.1093021399273896e+01,6.4003397056755631e+00,1.3605798432426067e+01,1.3605798432426067e+01,1.3923536739644716e+01,8.2087043703684817e+00,6.4003397056755631e+00,1.3923536739644716e+01,1.1093021399273896e+01,1.8670459107945585e+00,3.9415473468660811e+00,3.9415473468660811e+00,3.1396256594117853e+00,1.2061840764466226e+01,1.2061840764466226e+01,4.8566058473673088e+00,1.0952159375767504e+01,4.8566058473673088e+00,1.0952159375767504e+01,1.0166074789228594e+01,1.3605798432426067e+01,3.9415473468660811e+00,1.1093021399273896e+01,1.8670459107945585e+00,3.1396256594117853e+00,8.6174456238296635e+00,5.5583382458638209e+00,1.3605798432426067e+01,1.3605798432426067e+01,8.6174456238296635e+00,1.1093021399273896e+01,3.1396256594117853e+00,1.0952159375767504e+01,1.3605798432426067e+01,5.5583382458638209e+00,1.3605798432426067e+01,6.4003397056755631e+00,1.8670459107945585e+00,1.3605798432426067e+01,1.3605798432426067e+01,5.5583382458638209e+00,1.3605798432426067e+01,6.4003397056755631e+00,0.0000000000000000e+00,6.4003397056755631e+00,1.1093021399273896e+01,1.1093021399273896e+01,0.0000000000000000e+00,5.5583382458638209e+00,5.5583382458638209e+00,5.5583382458638209e+00,6.4003397056755631e+00,6.4003397056755631e+00,0.0000000000000000e+00,3.9415473468660811e+00,1.1093021399273896e+01,8.2087043703684817e+00,1.1093021399273896e+01,1.0952159375767504e+01,1.2061840764466226e+01,1.2061840764466226e+01,1.3605798432426067e+01,1.3605798432426067e+01,9.2552479807753751e-01,1.1093021399273896e+01,1.1093021399273896e+01,1.0952159375767504e+01,1.3605798432426067e+01,1.3605798432426067e+01,1.3605798432426067e+01,1.3923536739644716e+01,1.2061840764466226e+01,1.2061840764466226e+01,5.5583382458638209e+00,1.0952159375767504e+01,1.3605798432426067e+01,1.1093021399273896e+01,3.1396256594117853e+00,3.9415473468660811e+00,6.4003397056755631e+00,8.2087043703684817e+00,3.1396256594117853e+00,1.3923536739644716e+01,0.0000000000000000e+00,1.1093021399273896e+01,8.2087043703684817e+00,1.2061840764466226e+01,1.0952159375767504e+01,8.2087043703684817e+00,1.1093021399273896e+01,9.2552479807753751e-01,1.1093021399273896e+01,1.3923536739644716e+01,1.1093021399273896e+01,1.1093021399273896e+01,1.1093021399273896e+01,1.1093021399273896e+01,1.1093021399273896e+01,1.1093021399273896e+01,6.4003397056755631e+00,9.2552479807753751e-01,1.3923536739644716e+01,1.8670459107945585e+00,1.1093021399273896e+01,1.3605798432426067e+01,1.3605798432426067e+01,1.3605798432426067e+01,1.1093021399273896e+01,1.1093021399273896e+01,1.3605798432426067e+01,1.8670459107945585e+00,1.3923536739644716e+01,1.1093021399273896e+01,5.5583382458638209e+00,6.4003397056755631e+00,8.2087043703684817e+00,8.2087043703684817e+00,6.4003397056755631e+00,1.1093021399273896e+01,9.2552479807753751e-01,1.2061840764466226e+01,1.3605798432426067e+01,1.3605798432426067e+01,1.0166074789228594e+01,3.1396256594117853e+00,1.2061840764466226e+01,1.8670459107945585e+00,1.8670459107945585e+00,1.3923536739644716e+01,4.8566058473673088e+00,1.1093021399273896e+01,1.3605798432426067e+01,8.2087043703684817e+00,1.3605798432426067e+01,1.1093021399273896e+01,5.5583382458638209e+00,8.6174456238296635e+00,1.1093021399273896e+01,1.0952159375767504e+01,1.1093021399273896e+01,3.1396256594117853e+00,3.1396256594117853e+00,1.8670459107945585e+00,1.3605798432426067e+01,5.5583382458638209e+00,1.1093021399273896e+01,1.3923536739644716e+01,1.0952159375767504e+01,1.8670459107945585e+00,1.3605798432426067e+01,3.9415473468660811e+00,1.0952159375767504e+01,1.3605798432426067e+01,1.2061840764466226e+01,1.8670459107945585e+00,5.5583382458638209e+00,8.2087043703684817e+00,8.2087043703684817e+00,1.3605798432426067e+01,1.0166074789228594e+01,1.1093021399273896e+01,1.0952159375767504e+01,1.0166074789228594e+01,1.0952159375767504e+01,1.0952159375767504e+01,8.2087043703684817e+00,1.0166074789228594e+01,1.8670459107945585e+00,8.2087043703684817e+00,5.5583382458638209e+00,1.0952159375767504e+01,1.2061840764466226e+01,3.9415473468660811e+00,9.2552479807753751e-01,6.4003397056755631e+00,1.2061840764466226e+01,1.0166074789228594e+01,6.4003397056755631e+00,1.3923536739644716e+01,1.3923536739644716e+01,1.3923536739644716e+01,3.9415473468660811e+00,1.0166074789228594e+01,3.9415473468660811e+00,1.0952159375767504e+01,6.4003397056755631e+00,1.0952159375767504e+01,1.3605798432426067e+01,8.2087043703684817e+00,3.9415473468660811e+00,1.1093021399273896e+01,6.4003397056755631e+00,4.8566058473673088e+00,1.1093021399273896e+01,1.1093021399273896e+01,1.3923536739644716e+01,6.4003397056755631e+00,1.8670459107945585e+00,1.2061840764466226e+01,8.2087043703684817e+00,9.2552479807753751e-01,8.2087043703684817e+00,4.8566058473673088e+00,1.8670459107945585e+00,1.1093021399273896e+01,5.5583382458638209e+00,1.1093021399273896e+01,1.2061840764466226e+01,1.0952159375767504e+01,6.4003397056755631e+00,9.2552479807753751e-01,3.9415473468660811e+00,0.0000000000000000e+00,8.2087043703684817e+00,8.2087043703684817e+00,4.8566058473673088e+00,8.2087043703684817e+00,8.2087043703684817e+00,8.2087043703684817e+00,3.1396256594117853e+00,1.2061840764466226e+01,1.2061840764466226e+01,6.4003397056755631e+00,1.2061840764466226e+01,6.4003397056755631e+00,1.0166074789228594e+01,3.1396256594117853e+00,1.1093021399273896e+01,1.1093021399273896e+01,1.1093021399273896e+01,1.3605798432426067e+01,1.1093021399273896e+01,1.1093021399273896e+01,1.1093021399273896e+01,1.1093021399273896e+01,1.0952159375767504e+01,8.6174456238296635e+00,8.6174456238296635e+00,1.1093021399273896e+01,5.5583382458638209e+00,0.0000000000000000e+00,0.0000000000000000e+00,1.8670459107945585e+00,3.9415473468660811e+00,1.2061840764466226e+01,9.2552479807753751e-01,4.8566058473673088e+00,5.5583382458638209e+00,1.3923536739644716e+01,1.2061840764466226e+01,5.5583382458638209e+00,4.8566058473673088e+00,1.2061840764466226e+01,3.1396256594117853e+00,8.2087043703684817e+00,1.0166074789228594e+01,1.0166074789228594e+01,1.3605798432426067e+01,1.2061840764466226e+01,1.3923536739644716e+01,1.0166074789228594e+01,1.3923536739644716e+01,1.3605798432426067e+01,1.3923536739644716e+01,1.3923536739644716e+01,1.2061840764466226e+01,1.3923536739644716e+01,1.0166074789228594e+01,8.2087043703684817e+00,8.2087043703684817e+00,9.2552479807753751e-01,1.3605798432426067e+01,8.6174456238296635e+00,1.3605798432426067e+01,5.5583382458638209e+00,3.1396256594117853e+00,3.9415473468660811e+00,4.8566058473673088e+00,1.3605798432426067e+01,8.6174456238296635e+00,1.2061840764466226e+01,4.8566058473673088e+00,4.8566058473673088e+00,0.0000000000000000e+00,3.9415473468660811e+00,1.3923536739644716e+01,1.0166074789228594e+01,1.1093021399273896e+01,1.3605798432426067e+01,4.8566058473673088e+00,4.8566058473673088e+00,3.9415473468660811e+00,1.0952159375767504e+01,1.2061840764466226e+01,1.3923536739644716e+01,1.3923536739644716e+01,8.6174456238296635e+00,1.0166074789228594e+01,3.9415473468660811e+00,1.2061840764466226e+01,8.6174456238296635e+00,3.9415473468660811e+00,1.0166074789228594e+01,8.6174456238296635e+00,8.6174456238296635e+00,1.0166074789228594e+01,1.0166074789228594e+01,1.8670459107945585e+00,1.2061840764466226e+01,1.3923536739644716e+01,1.1093021399273896e+01,1.0952159375767504e+01,8.6174456238296635e+00,8.6174456238296635e+00,1.3605798432426067e+01,1.0952159375767504e+01,8.2087043703684817e+00,1.0952159375767504e+01,1.8670459107945585e+00,4.8566058473673088e+00,3.9415473468660811e+00,4.8566058473673088e+00,1.1093021399273896e+01,8.2087043703684817e+00,6.4003397056755631e+00,1.3605798432426067e+01,3.1396256594117853e+00,1.3923536739644716e+01,1.0166074789228594e+01,8.2087043703684817e+00,9.2552479807753751e-01,1.1093021399273896e+01,1.2061840764466226e+01,9.2552479807753751e-01,4.8566058473673088e+00,4.8566058473673088e+00,8.6174456238296635e+00,4.8566058473673088e+00,3.9415473468660811e+00,8.6174456238296635e+00,9.2552479807753751e-01,6.4003397056755631e+00,1.0166074789228594e+01,1.0952159375767504e+01,1.1093021399273896e+01,5.5583382458638209e+00,1.0952159375767504e+01,3.1396256594117853e+00,5.5583382458638209e+00,1.0952159375767504e+01,3.9415473468660811e+00,6.4003397056755631e+00,1.2061840764466226e+01,4.8566058473673088e+00,9.2552479807753751e-01,8.6174456238296635e+00,1.0952159375767504e+01,1.0952159375767504e+01,1.1093021399273896e+01,9.2552479807753751e-01,1.1093021399273896e+01,1.2061840764466226e+01,8.2087043703684817e+00,1.0952159375767504e+01,1.3923536739644716e+01,1.3605798432426067e+01,1.3923536739644716e+01,1.1093021399273896e+01,1.1093021399273896e+01,8.6174456238296635e+00,8.2087043703684817e+00,1.2061840764466226e+01,1.0952159375767504e+01,1.2061840764466226e+01,1.2061840764466226e+01,4.8566058473673088e+00,8.2087043703684817e+00,8.2087043703684817e+00,1.2061840764466226e+01,1.3923536739644716e+01,1.8670459107945585e+00,1.0166074789228594e+01,1.1093021399273896e+01,3.9415473468660811e+00,4.8566058473673088e+00,5.5583382458638209e+00,1.1093021399273896e+01,1.3923536739644716e+01,1.2061840764466226e+01,1.1093021399273896e+01,6.4003397056755631e+00,6.4003397056755631e+00,8.2087043703684817e+00,1.8670459107945585e+00,1.1093021399273896e+01,3.9415473468660811e+00,1.8670459107945585e+00,1.3923536739644716e+01,1.8670459107945585e+00,1.0166074789228594e+01,1.2061840764466226e+01,1.3605798432426067e+01,1.0952159375767504e+01,8.2087043703684817e+00,1.8670459107945585e+00,9.2552479807753751e-01,1.3923536739644716e+01,1.8670459107945585e+00,1.3923536739644716e+01,1.3923536739644716e+01,1.3923536739644716e+01,1.3923536739644716e+01,1.3605798432426067e+01,1.3923536739644716e+01,1.3923536739644716e+01,1.3923536739644716e+01,1.3923536739644716e+01,1.3923536739644716e+01,8.6174456238296635e+00,1.3923536739644716e+01,1.3923536739644716e+01,0.0000000000000000e+00,8.2087043703684817e+00,1.3923536739644716e+01,1.3923536739644716e+01,0.0000000000000000e+00,1.2061840764466226e+01,8.2087043703684817e+00,3.1396256594117853e+00,8.6174456238296635e+00,1.0166074789228594e+01,1.2061840764466226e+01,1.3923536739644716e+01,8.2087043703684817e+00,1.2061840764466226e+01,1.2061840764466226e+01,1.2061840764466226e+01,0.0000000000000000e+00,8.6174456238296635e+00,5.5583382458638209e+00,6.4003397056755631e+00,6.4003397056755631e+00,5.5583382458638209e+00,1.8670459107945585e+00,8.6174456238296635e+00,1.0166074789228594e+01,1.3923536739644716e+01,1.3605798432426067e+01,9.2552479807753751e-01,5.5583382458638209e+00,8.6174456238296635e+00,8.6174456238296635e+00,5.5583382458638209e+00,8.2087043703684817e+00,1.3923536739644716e+01,1.3923536739644716e+01,1.0952159375767504e+01,1.3923536739644716e+01,1.1093021399273896e+01,1.0952159375767504e+01,3.9415473468660811e+00,1.0952159375767504e+01,1.3923536739644716e+01,1.8670459107945585e+00,8.6174456238296635e+00,4.8566058473673088e+00,3.1396256594117853e+00,1.0166074789228594e+01,3.9415473468660811e+00,1.3605798432426067e+01,1.1093021399273896e+01,3.9415473468660811e+00,1.8670459107945585e+00,1.2061840764466226e+01,9.2552479807753751e-01,3.9415473468660811e+00,3.9415473468660811e+00,0.0000000000000000e+00,6.4003397056755631e+00,1.2061840764466226e+01,1.3923536739644716e+01,1.2061840764466226e+01,1.3923536739644716e+01,1.0952159375767504e+01,3.9415473468660811e+00,8.6174456238296635e+00,0.0000000000000000e+00,1.0166074789228594e+01,1.3923536739644716e+01,9.2552479807753751e-01,1.8670459107945585e+00,1.2061840764466226e+01,9.2552479807753751e-01,8.2087043703684817e+00,1.3923536739644716e+01,5.5583382458638209e+00,1.8670459107945585e+00,1.3923536739644716e+01,1.2061840764466226e+01,4.8566058473673088e+00,1.3923536739644716e+01,1.3923536739644716e+01,3.9415473468660811e+00,1.3923536739644716e+01,8.6174456238296635e+00,1.0952159375767504e+01,1.3923536739644716e+01,8.6174456238296635e+00,8.6174456238296635e+00,8.6174456238296635e+00,5.5583382458638209e+00,5.5583382458638209e+00,6.4003397056755631e+00,1.3923536739644716e+01,1.0166074789228594e+01,8.2087043703684817e+00,1.1093021399273896e+01,1.3923536739644716e+01,1.3923536739644716e+01,9.2552479807753751e-01,5.5583382458638209e+00,3.1396256594117853e+00,1.0166074789228594e+01,1.0166074789228594e+01,1.0166074789228594e+01,3.1396256594117853e+00,8.6174456238296635e+00,3.1396256594117853e+00,1.3923536739644716e+01,8.6174456238296635e+00,1.1093021399273896e+01,1.1093021399273896e+01,1.3923536739644716e+01,1.0166074789228594e+01,1.3923536739644716e+01,8.6174456238296635e+00,1.3923536739644716e+01,1.3923536739644716e+01,1.3605798432426067e+01,1.2061840764466226e+01,1.2061840764466226e+01,3.1396256594117853e+00,3.9415473468660811e+00,1.3923536739644716e+01,6.4003397056755631e+00,6.4003397056755631e+00,1.3923536739644716e+01,1.3923536739644716e+01,6.4003397056755631e+00,8.6174456238296635e+00,1.8670459107945585e+00,1.0952159375767504e+01,5.5583382458638209e+00,3.9415473468660811e+00,1.3923536739644716e+01,1.0952159375767504e+01,1.0952159375767504e+01,5.5583382458638209e+00,1.0952159375767504e+01,1.3923536739644716e+01,1.0952159375767504e+01,1.8670459107945585e+00,1.0952159375767504e+01,6.4003397056755631e+00,1.0166074789228594e+01,1.3923536739644716e+01,1.8670459107945585e+00,6.4003397056755631e+00,1.2061840764466226e+01,1.2061840764466226e+01,1.2061840764466226e+01,1.0166074789228594e+01,3.9415473468660811e+00,1.2061840764466226e+01,5.5583382458638209e+00,4.8566058473673088e+00,1.3605798432426067e+01,3.9415473468660811e+00,5.5583382458638209e+00,1.3923536739644716e+01,8.6174456238296635e+00,1.3923536739644716e+01,1.3923536739644716e+01,8.2087043703684817e+00,1.2061840764466226e+01,4.8566058473673088e+00,8.6174456238296635e+00,1.2061840764466226e+01,1.2061840764466226e+01,4.8566058473673088e+00,6.4003397056755631e+00,9.2552479807753751e-01,1.3923536739644716e+01,6.4003397056755631e+00,1.2061840764466226e+01,1.2061840764466226e+01,1.2061840764466226e+01,0.0000000000000000e+00,1.2061840764466226e+01,3.9415473468660811e+00,6.4003397056755631e+00,6.4003397056755631e+00,6.4003397056755631e+00,4.8566058473673088e+00,0.0000000000000000e+00,1.3605798432426067e+01,1.3923536739644716e+01,1.3923536739644716e+01,1.3923536739644716e+01,1.8670459107945585e+00,1.3605798432426067e+01,4.8566058473673088e+00,1.3923536739644716e+01,1.3923536739644716e+01,1.0166074789228594e+01,1.3923536739644716e+01,1.3923536739644716e+01,1.2061840764466226e+01,1.2061840764466226e+01,3.1396256594117853e+00,1.3923536739644716e+01,1.1093021399273896e+01,5.5583382458638209e+00,1.3923536739644716e+01,8.2087043703684817e+00,6.4003397056755631e+00,1.1093021399273896e+01,1.8670459107945585e+00,9.2552479807753751e-01,1.3923536739644716e+01,1.3923536739644716e+01,1.2061840764466226e+01,1.0166074789228594e+01,1.1093021399273896e+01,1.1093021399273896e+01,1.2061840764466226e+01,1.1093021399273896e+01,1.2061840764466226e+01,1.0952159375767504e+01,1.2061840764466226e+01,1.2061840764466226e+01,0.0000000000000000e+00,3.9415473468660811e+00,8.2087043703684817e+00,8.2087043703684817e+00,3.1396256594117853e+00,6.4003397056755631e+00,3.1396256594117853e+00,1.1093021399273896e+01,1.3923536739644716e+01,1.3605798432426067e+01,1.3605798432426067e+01,8.2087043703684817e+00,1.3923536739644716e+01,1.3605798432426067e+01,1.3923536739644716e+01,1.1093021399273896e+01,1.8670459107945585e+00,6.4003397056755631e+00,1.3605798432426067e+01,1.0166074789228594e+01,1.3605798432426067e+01,6.4003397056755631e+00,1.0166074789228594e+01,3.9415473468660811e+00,3.9415473468660811e+00,1.1093021399273896e+01,5.5583382458638209e+00,8.2087043703684817e+00,6.4003397056755631e+00,1.2061840764466226e+01,1.2061840764466226e+01,4.8566058473673088e+00,1.3923536739644716e+01,3.9415473468660811e+00,1.0166074789228594e+01,6.4003397056755631e+00,1.3605798432426067e+01,1.0166074789228594e+01,3.1396256594117853e+00,5.5583382458638209e+00,1.0166074789228594e+01,0.0000000000000000e+00,8.6174456238296635e+00,6.4003397056755631e+00,6.4003397056755631e+00,6.4003397056755631e+00,1.0166074789228594e+01,1.0952159375767504e+01,4.8566058473673088e+00,6.4003397056755631e+00,1.0952159375767504e+01,1.0166074789228594e+01,6.4003397056755631e+00,6.4003397056755631e+00,3.1396256594117853e+00,8.6174456238296635e+00,0.0000000000000000e+00,3.9415473468660811e+00,8.6174456238296635e+00,0.0000000000000000e+00,5.5583382458638209e+00,4.8566058473673088e+00,8.2087043703684817e+00,4.8566058473673088e+00,1.3605798432426067e+01,9.2552479807753751e-01,5.5583382458638209e+00,1.3605798432426067e+01,1.2061840764466226e+01,3.1396256594117853e+00,3.9415473468660811e+00,1.8670459107945585e+00,1.3605798432426067e+01,1.3605798432426067e+01,1.8670459107945585e+00,1.3923536739644716e+01,8.2087043703684817e+00,1.2061840764466226e+01,3.1396256594117853e+00,4.8566058473673088e+00,1.2061840764466226e+01,6.4003397056755631e+00,1.3605798432426067e+01,8.2087043703684817e+00,8.2087043703684817e+00,1.3605798432426067e+01,1.3605798432426067e+01,0.0000000000000000e+00,1.2061840764466226e+01,9.2552479807753751e-01,1.3923536739644716e+01,4.8566058473673088e+00,1.0952159375767504e+01,4.8566058473673088e+00,1.3605798432426067e+01,1.3923536739644716e+01,6.4003397056755631e+00,1.8670459107945585e+00,1.1093021399273896e+01,3.1396256594117853e+00,1.1093021399273896e+01,1.3923536739644716e+01,1.2061840764466226e+01,6.4003397056755631e+00,1.0166074789228594e+01,1.3605798432426067e+01,1.3605798432426067e+01,1.0952159375767504e+01,3.1396256594117853e+00,1.3605798432426067e+01,3.1396256594117853e+00,8.2087043703684817e+00,1.2061840764466226e+01,1.3605798432426067e+01,3.1396256594117853e+00,1.2061840764466226e+01,1.0166074789228594e+01,6.4003397056755631e+00,6.4003397056755631e+00,1.3923536739644716e+01,0.0000000000000000e+00,8.2087043703684817e+00,1.2061840764466226e+01,1.0166074789228594e+01,0.0000000000000000e+00,1.3923536739644716e+01,1.2061840764466226e+01,1.2061840764466226e+01,0.0000000000000000e+00,1.2061840764466226e+01,1.2061840764466226e+01,1.2061840764466226e+01,3.1396256594117853e+00,8.6174456238296635e+00,1.2061840764466226e+01,1.2061840764466226e+01,1.2061840764466226e+01,1.2061840764466226e+01,1.2061840764466226e+01,9.2552479807753751e-01,1.1093021399273896e+01,1.8670459107945585e+00,1.3605798432426067e+01,1.1093021399273896e+01,6.4003397056755631e+00,6.4003397056755631e+00,1.3605798432426067e+01,0.0000000000000000e+00,1.2061840764466226e+01,1.1093021399273896e+01,1.3605798432426067e+01,1.3923536739644716e+01,0.0000000000000000e+00,1.3605798432426067e+01,1.2061840764466226e+01,6.4003397056755631e+00,1.2061840764466226e+01,3.1396256594117853e+00,6.4003397056755631e+00,3.9415473468660811e+00,1.3605798432426067e+01,1.3605798432426067e+01,8.6174456238296635e+00,8.6174456238296635e+00,8.6174456238296635e+00,8.6174456238296635e+00,3.1396256594117853e+00,1.3923536739644716e+01,4.8566058473673088e+00,8.2087043703684817e+00,1.2061840764466226e+01,1.2061840764466226e+01,3.1396256594117853e+00,1.0166074789228594e+01,1.3923536739644716e+01,1.3923536739644716e+01,1.3923536739644716e+01,1.3605798432426067e+01,8.6174456238296635e+00,3.9415473468660811e+00,1.3605798432426067e+01,1.2061840764466226e+01,1.2061840764466226e+01,5.5583382458638209e+00,1.0166074789228594e+01,1.0166074789228594e+01,1.2061840764466226e+01,1.3605798432426067e+01,4.8566058473673088e+00,1.0952159375767504e+01,3.1396256594117853e+00,1.3605798432426067e+01,1.3923536739644716e+01,6.4003397056755631e+00,3.1396256594117853e+00,1.0952159375767504e+01,1.2061840764466226e+01,1.8670459107945585e+00,3.1396256594117853e+00,1.0952159375767504e+01,1.3605798432426067e+01,8.6174456238296635e+00,1.1093021399273896e+01,1.3923536739644716e+01,1.1093021399273896e+01,1.1093021399273896e+01,9.2552479807753751e-01,3.1396256594117853e+00,5.5583382458638209e+00,1.3923536739644716e+01,1.0952159375767504e+01,1.0952159375767504e+01,1.0952159375767504e+01,0.0000000000000000e+00,1.0952159375767504e+01,1.3605798432426067e+01,1.2061840764466226e+01,1.3605798432426067e+01,1.8670459107945585e+00,1.3605798432426067e+01,1.1093021399273896e+01,3.1396256594117853e+00,8.2087043703684817e+00,0.0000000000000000e+00,1.3923536739644716e+01,1.0952159375767504e+01,1.3605798432426067e+01,6.4003397056755631e+00,6.4003397056755631e+00,6.4003397056755631e+00,1.1093021399273896e+01,1.1093021399273896e+01,9.2552479807753751e-01,1.0952159375767504e+01,9.2552479807753751e-01,9.2552479807753751e-01,0.0000000000000000e+00,6.4003397056755631e+00,4.8566058473673088e+00,9.2552479807753751e-01,1.1093021399273896e+01,1.3923536739644716e+01,0.0000000000000000e+00,1.1093021399273896e+01,1.2061840764466226e+01,8.6174456238296635e+00,4.8566058473673088e+00,1.3923536739644716e+01,9.2552479807753751e-01,1.3605798432426067e+01,1.3605798432426067e+01,1.0952159375767504e+01,1.3605798432426067e+01,1.0952159375767504e+01,5.5583382458638209e+00,8.2087043703684817e+00,1.2061840764466226e+01,1.3605798432426067e+01,8.6174456238296635e+00,1.3923536739644716e+01,1.1093021399273896e+01,1.1093021399273896e+01,1.1093021399273896e+01,1.3923536739644716e+01,1.8670459107945585e+00,3.1396256594117853e+00,1.0166074789228594e+01,1.1093021399273896e+01,1.1093021399273896e+01,9.2552479807753751e-01,8.2087043703684817e+00,5.5583382458638209e+00
1.5863957934644576e+01,1.5863957934644576e+01,9.8707517928330617e+00,9.8707517928330617e+00,5.5143320591628253e+00,9.5387005728479366e+00,1.2050686366411526e+01,8.0227375145616531e+00,1.5863957934644576e+01,1.5863957934644576e+01,1.0410503354483129e+01,1.0410503354483129e+01,8.9355986778015772e-01,5.5143320591628253e+00,9.5387005728479366e+00,1.5863957934644576e+01,5.7065532776123824e+00,1.5863957934644576e+01,2.8857252631818011e+00,2.0179810036405379e+00,5.7065532776123824e+00,2.0179810036405379e+00,1.5863957934644576e+01,9.5387005728479366e+00,1.5863957934644576e+01,8.0227375145616531e+00,8.9355986778015772e-01,2.0179810036405379e+00,9.8707517928330617e+00,3.6352013050625676e+00,8.9355986778015772e-01,2.8857252631818011e+00,5.5143320591628253e+00,8.9355986778015772e-01,2.8857252631818011e+00,9.5387005728479366e+00,1.0410503354483129e+01,9.5387005728479366e+00,2.0179810036405379e+00,5.5143320591628253e+00,1.3990154070675556e+01,1.3990154070675556e+01,1.3990154070675556e+01,1.3990154070675556e+01,8.0227375145616531e+00,1.5863957934644576e+01,1.5863957934644576e+01,1.5863957934644576e+01,1.5863957934644576e+01,5.5143320591628253e+00,5.5143320591628253e+00,5.5143320591628253e+00,9.5387005728479366e+00,2.0179810036405379e+00,3.6352013050625676e+00,1.5863957934644576e+01,5.5143320591628253e+00,1.5863957934644576e+01,1.5863957934644576e+01,2.0179810036405379e+00,3.6352013050625676e+00,1.5863957934644576e+01,5.5143320591628253e+00,5.7065532776123824e+00,5.7065532776123824e+00,1.0410503354483129e+01,1.5863957934644576e+01,5.7065532776123824e+00,1.0410503354483129e+01,9.8707517928330617e+00,1.0410503354483129e+01,1.5863957934644576e+01,1.0410503354483129e+01,1.5863957934644576e+01,5.7065532776123824e+00,6.2052417138646447e+00,1.2246241961915798e+01,5.7065532776123824e+00,1.0410503354483129e+01,1.0410503354483129e+01,1.2246241961915798e+01,5.7065532776123824e+00,2.0179810036405379e+00,3.6352013050625676e+00,1.5863957934644576e+01,2.0179810036405379e+00,5.7065532776123824e+00,1.0410503354483129e+01,1.0410503354483129e+01,1.2246241961915798e+01,1.2246241961915798e+01,3.6352013050625676e+00,1.0410503354483129e+01,9.5387005728479366e+00,9.8707517928330617e+00,2.0179810036405379e+00,8.0227375145616531e+00,1.0410503354483129e+01,1.3990154070675556e+01,5.5143320591628253e+00,1.3990154070675556e+01,9.5387005728479366e+00,9.5387005728479366e+00,1.3990154070675556e+01,1.5863957934644576e+01,1.2246241961915798e+01,0.0000000000000000e+00,8.9355986778015772e-01,1.3990154070675556e+01,1.5863957934644576e+01,1.3990154070675556e+01,1.2050686366411526e+01,2.8857252631818011e+00,2.8857252631818011e+00,6.2052417138646447e+00,9.8707517928330617e+00,3.6352013050625676e+00,8.9355986778015772e-01,1.5863957934644576e+01,1.3990154070675556e+01,1.2246241961915798e+01,1.0410503354483129e+01,1.3990154070675556e+01,5.5143320591628253e+00,1.2246241961915798e+01,1.3990154070675556e+01,0.0000000000000000e+00,1.0410503354483129e+01,6.2052417138646447e+00,1.2050686366411526e+01,0.0000000000000000e+00,2.8857252631818011e+00,1.3990154070675556e+01,1.3990154070675556e+01,1.3990154070675556e+01,1.0410503354483129e+01,5.7065532776123824e+00,1.3990154070675556e+01,5.5143320591628253e+00,3.6352013050625676e+00,3.6352013050625676e+00,8.0227375145616531e+00,1.3990154070675556e+01,8.0227375145616531e+00,8.0227375145616531e+00,1.3990154070675556e+01,1.3990154070675556e+01,1.3990154070675556e+01,8.0227375145616531e+00,1.3990154070675556e+01,1.3990154070675556e+01,2.0179810036405379e+00,1.3990154070675556e+01,1.5863957934644576e+01,5.5143320591628253e+00,1.2050686366411526e+01,9.8707517928330617e+00,8.0227375145616531e+00,9.8707517928330617e+00,1.5863957934644576e+01,3.6352013050625676e+00,9.5387005728479366e+00,9.8707517928330617e+00,1.3990154070675556e+01,2.0179810036405379e+00,1.5863957934644576e+01,2.0179810036405379e+00,9.8707517928330617e+00,9.8707517928330617e+00,9.8707517928330617e+00,0.0000000000000000e+00,5.5143320591628253e+00,1.0410503354483129e+01,2.0179810036405379e+00,5.5143320591628253e+00,5.5143320591628253e+00,6.2052417138646447e+00,1.2246241961915798e+01,1.2050686366411526e+01,9.8707517928330617e+00,8.9355986778015772e-01,1.5863957934644576e+01,9.8707517928330617e+00,9.8707517928330617e+00,1.5863957934644576e+01,0.0000000000000000e+00,1.5863957934644576e+01,1.2246241961915798e+01,1.5863957934644576e+01,1.5863957934644576e+01,5.5143320591628253e+00,5.5143320591628253e+00,1.5863957934644576e+01,5.7065532776123824e+00,8.0227375145616531e+00,1.3990154070675556e+01,2.8857252631818011e+00,2.8857252631818011e+00,1.3990154070675556e+01,2.8857252631818011e+00,1.2050686366411526e+01,1.5863957934644576e+01,1.5863957934644576e+01,9.5387005728479366e+00,6.2052417138646447e+00,1.0410503354483129e+01,1.2050686366411526e+01,6.2052417138646447e+00,1.3990154070675556e+01,8.0227375145616531e+00,1.3990154070675556e+01,8.9355986778015772e-01,9.5387005728479366e+00,5.5143320591628253e+00,1.0410503354483129e+01,1.3990154070675556e+01,1.3990154070675556e+01,6.2052417138646447e+00,1.3990154070675556e+01,1.2246241961915798e+01,1.5863957934644576e+01,1.2246241961915798e+01,1.3990154070675556e+01,1.2050686366411526e+01,0.0000000000000000e+00,1.2246241961915798e+01,5.7065532776123824e+00,5.7065532776123824e+00,8.9355986778015772e-01,0.0000000000000000e+00,1.2246241961915798e+01,3.6352013050625676e+00,1.5863957934644576e+01,1.5863957934644576e+01,1.5863957934644576e+01,1.5863957934644576e+01,5.5143320591628253e+00,1.3990154070675556e+01,1.2246241961915798e+01,1.3990154070675556e+01,2.0179810036405379e+00,0.0000000000000000e+00,5.7065532776123824e+00,1.3990154070675556e+01,1.2050686366411526e+01,1.5863957934644576e+01,8.0227375145616531e+00,1.5863957934644576e+01,1.5863957934644576e+01,5.7065532776123824e+00,1.0410503354483129e+01,1.5863957934644576e+01,1.3990154070675556e+01,1.5863957934644576e+01,1.0410503354483129e+01,1.5863957934644576e+01,2.8857252631818011e+00,9.8707517928330617e+00,1.5863957934644576e+01,6.2052417138646447e+00,2.0179810036405379e+00,5.5143320591628253e+00,1.5863957934644576e+01,1.5863957934644576e+01,1.3990154070675556e+01,1.5863957934644576e+01,9.8707517928330617e+00,1.0410503354483129e+01,8.0227375145616531e+00,1.3990154070675556e+01,1.0410503354483129e+01,6.2052417138646447e+00,1.0410503354483129e+01,1.0410503354483129e+01,1.2050686366411526e+01,8.0227375145616531e+00,1.3990154070675556e+01,5.7065532776123824e+00,8.0227375145616531e+00,9.5387005728479366e+00,0.0000000000000000e+00,6.2052417138646447e+00,6.2052417138646447e+00,9.5387005728479366e+00,1.5863957934644576e+01,9.5387005728479366e+00,1.0410503354483129e+01,8.0227375145616531e+00,1.3990154070675556e+01,1.3990154070675556e+01,9.8707517928330617e+00,8.9355986778015772e-01,1.5863957934644576e+01,5.7065532776123824e+00,1.5863957934644576e+01,9.8707517928330617e+00,6.2052417138646447e+00,1.5863957934644576e+01,9.5387005728479366e+00,0.0000000000000000e+00,9.5387005728479366e+00,1.2246241961915798e+01,1.2050686366411526e+01,1.2050686366411526e+01,2.0179810036405379e+00,9.5387005728479366e+00,1.5863957934644576e+01,1.3990154070675556e+01,1.2246241961915798e+01,1.3990154070675556e+01,1.5863957934644576e+01,9.5387005728479366e+00,0.0000000000000000e+00,1.3990154070675556e+01,9.5387005728479366e+00,8.9355986778015772e-01,6.2052417138646447e+00,1.3990154070675556e+01,8.0227375145616531e+00,9.5387005728479366e+00,5.5143320591628253e+00,3.6352013050625676e+00,1.0410503354483129e+01,1.0410503354483129e+01,5.5143320591628253e+00,1.5863957934644576e+01,8.0227375145616531e+00,0.0000000000000000e+00,9.5387005728479366e+00,9.5387005728479366e+00,1.5863957934644576e+01,5.5143320591628253e+00,1.2246241961915798e+01,1.3990154070675556e+01,1.2050686366411526e+01,1.3990154070675556e+01,1.2050686366411526e+01,8.9355986778015772e-01,8.9355986778015772e-01,2.0179810036405379e+00,1.2246241961915798e+01,2.0179810036405379e+00,1.0410503354483129e+01,1.0410503354483129e+01,1.5863957934644576e+01,1.2246241961915798e+01,5.7065532776123824e+00,0.0000000000000000e+00,2.8857252631818011e+00,2.8857252631818011e+00,2.8857252631818011e+00,9.5387005728479366e+00,3.6352013050625676e+00,1.3990154070675556e+01,1.5863957934644576e+01,6.2052417138646447e+00,6.2052417138646447e+00,1.3990154070675556e+01,5.7065532776123824e+00,5.5143320591628253e+00,3.6352013050625676e+00,1.5863957934644576e+01,1.3990154070675556e+01,1.5863957934644576e+01,1.5863957934644576e+01,1.2050686366411526e+01,5.7065532776123824e+00,1.2050686366411526e+01,1.2050686366411526e+01,1.5863957934644576e+01,1.3990154070675556e+01,1.2246241961915798e+01,1.2246241961915798e+01,1.2246241961915798e+01,1.2246241961915798e+01,1.2246241961915798e+01,1.3990154070675556e+01,6.2052417138646447e+00,1.5863957934644576e+01,1.5863957934644576e+01,9.5387005728479366e+00,1.2246241961915798e+01,1.0410503354483129e+01,1.3990154070675556e+01,1.5863957934644576e+01,2.8857252631818011e+00,9.5387005728479366e+00,1.3990154070675556e+01,1.3990154070675556e+01,2.8857252631818011e+00,1.0410503354483129e+01,1.3990154070675556e+01,1.2050686366411526e+01,1.2246241961915798e+01,1.3990154070675556e+01,3.6352013050625676e+00,1.0410503354483129e+01,1.5863957934644576e+01,0.0000000000000000e+00,1.0410503354483129e+01,9.8707517928330617e+00,1.3990154070675556e+01,1.5863957934644576e+01,1.0410503354483129e+01,1.5863957934644576e+01,1.0410503354483129e+01,1.0410503354483129e+01,0.0000000000000000e+00,2.8857252631818011e+00,1.0410503354483129e+01,1.5863957934644576e+01,9.8707517928330617e+00,1.5863957934644576e+01,1.5863957934644576e+01,8.9355986778015772e-01,1.5863957934644576e+01,1.3990154070675556e+01,1.5863957934644576e+01,1.5863957934644576e+01,1.5863957934644576e+01,8.9355986778015772e-01,1.2246241961915798e+01,6.2052417138646447e+00,1.0410503354483129e+01,8.9355986778015772e-01,0.0000000000000000e+00,1.5863957934644576e+01,1.3990154070675556e+01,1.3990154070675556e+01,1.5863957934644576e+01,1.5863957934644576e+01,1.5863957934644576e+01,9.5387005728479366e+00,2.0179810036405379e+00,1.5863957934644576e+01,2.0179810036405379e+00,1.5863957934644576e+01,1.5863957934644576e+01,5.5143320591628253e+00,2.0179810036405379e+00,5.5143320591628253e+00,8.0227375145616531e+00,1.2246241961915798e+01,8.9355986778015772e-01,1.2246241961915798e+01,1.5863957934644576e+01,1.5863957934644576e+01,3.6352013050625676e+00,1.2246241961915798e+01,5.5143320591628253e+00,2.0179810036405379e+00,2.0179810036405379e+00,9.8707517928330617e+00,9.8707517928330617e+00,5.5143320591628253e+00,8.9355986778015772e-01,9.8707517928330617e+00,9.8707517928330617e+00,1.3990154070675556e+01,1.0410503354483129e+01,1.2050686366411526e+01,1.2246241961915798e+01,6.2052417138646447e+00,1.5863957934644576e+01,1.0410503354483129e+01,1.5863957934644576e+01,9.5387005728479366e+00,1.2246241961915798e+01,1.5863957934644576e+01,1.2246241961915798e+01,1.2246241961915798e+01,1.2246241961915798e+01,1.5863957934644576e+01,8.9355986778015772e-01,1.2246241961915798e+01,1.2246241961915798e+01,8.9355986778015772e-01,1.2246241961915798e+01,1.5863957934644576e+01,5.7065532776123824e+00,1.2246241961915798e+01,1.5863957934644576e+01,1.2246241961915798e+01,1.0410503354483129e+01,1.0410503354483129e+01,1.3990154070675556e+01,0.0000000000000000e+00,1.0410503354483129e+01,1.5863957934644576e+01,3.6352013050625676e+00,1.3990154070675556e+01,9.5387005728479366e+00,1.2246241961915798e+01,2.0179810036405379e+00,9.8707517928330617e+00,2.8857252631818011e+00,1.5863957934644576e+01,3.6352013050625676e+00,1.3990154070675556e+01,1.3990154070675556e+01,1.3990154070675556e+01,1.3990154070675556e+01,9.5387005728479366e+00,2.8857252631818011e+00,1.5863957934644576e+01,1.3990154070675556e+01,1.2246241961915798e+01,9.5387005728479366e+00,3.6352013050625676e+00,3.6352013050625676e+00,1.5863957934644576e+01,5.5143320591628253e+00,9.5387005728479366e+00,1.3990154070675556e+01,1.3990154070675556e+01,9.5387005728479366e+00,1.3990154070675556e+01,1.2050686366411526e+01,1.0410503354483129e+01,1.2050686366411526e+01,1.5863957934644576e+01,1.5863957934644576e+01,1.3990154070675556e+01,8.0227375145616531e+00,8.9355986778015772e-01,8.0227375145616531e+00,1.0410503354483129e+01,2.8857252631818011e+00,8.0227375145616531e+00,9.8707517928330617e+00,1.2050686366411526e+01,2.8857252631818011e+00,1.5863957934644576e+01,1.2050686366411526e+01,5.7065532776123824e+00,0.0000000000000000e+00,9.5387005728479366e+00,1.5863957934644576e+01,9.5387005728479366e+00,1.5863957934644576e+01,1.2050686366411526e+01,1.0410503354483129e+01,9.8707517928330617e+00,1.3990154070675556e+01,9.8707517928330617e+00,1.0410503354483129e+01,2.0179810036405379e+00,1.2246241961915798e+01,8.0227375145616531e+00,1.2050686366411526e+01,1.3990154070675556e+01,1.3990154070675556e+01,1.5863957934644576e+01,1.5863957934644576e+01,2.8857252631818011e+00,1.3990154070675556e+01,1.5863957934644576e+01,1.3990154070675556e+01,8.0227375145616531e+00,1.0410503354483129e+01,1.2246241961915798e+01,9.8707517928330617e+00,1.2246241961915798e+01,1.5863957934644576e+01,2.0179810036405379e+00,9.5387005728479366e+00,8.0227375145616531e+00,1.5863957934644576e+01,0.0000000000000000e+00,5.5143320591628253e+00,1.2050686366411526e+01,5.7065532776123824e+00,1.2050686366411526e+01,6.2052417138646447e+00,1.5863957934644576e+01,1.2050686366411526e+01,1.3990154070675556e+01,2.0179810036405379e+00,2.0179810036405379e+00,6.2052417138646447e+00,1.2050686366411526e+01,1.3990154070675556e+01,3.6352013050625676e+00,1.2050686366411526e+01,1.2050686366411526e+01,1.2050686366411526e+01,1.2050686366411526e+01,0.0000000000000000e+00,2.0179810036405379e+00,2.0179810036405379e+00,1.0410503354483129e+01,1.2050686366411526e+01,1.2050686366411526e+01,1.0410503354483129e+01,1.0410503354483129e+01,1.2050686366411526e+01,8.0227375145616531e+00,1.3990154070675556e+01,1.5863957934644576e+01,8.0227375145616531e+00,1.2246241961915798e+01,1.2246241961915798e+01,1.2050686366411526e+01,8.0227375145616531e+00,0.0000000000000000e+00,1.2246241961915798e+01,5.5143320591628253e+00,1.2050686366411526e+01,1.2050686366411526e+01,1.2246241961915798e+01,9.5387005728479366e+00,6.2052417138646447e+00,5.7065532776123824e+00,9.8707517928330617e+00,3.6352013050625676e+00,1.2050686366411526e+01,9.8707517928330617e+00,6.2052417138646447e+00,1.2246241961915798e+01,6.2052417138646447e+00,1.2246241961915798e+01,1.2246241961915798e+01,1.2246241961915798e+01,1.2246241961915798e+01,1.2246241961915798e+01,1.2246241961915798e+01,1.2050686366411526e+01,5.7065532776123824e+00,1.2246241961915798e+01,1.2246241961915798e+01,9.5387005728479366e+00,1.2246241961915798e+01,9.8707517928330617e+00,9.5387005728479366e+00,2.0179810036405379e+00,1.2246241961915798e+01,1.2246241961915798e+01,1.5863957934644576e+01,1.2246241961915798e+01,2.0179810036405379e+00,1.5863957934644576e+01,5.7065532776123824e+00,1.2246241961915798e+01,1.5863957934644576e+01,1.5863957934644576e+01,1.2050686366411526e+01,8.0227375145616531e+00,1.5863957934644576e+01,1.2050686366411526e+01,1.2050686366411526e+01,1.2050686366411526e+01,1.5863957934644576e+01,1.2050686366411526e+01,0.0000000000000000e+00,5.7065532776123824e+00,1.5863957934644576e+01,1.3990154070675556e+01,1.5863957934644576e+01,1.3990154070675556e+01,1.5863957934644576e+01,1.5863957934644576e+01,8.9355986778015772e-01,1.5863957934644576e+01,1.5863957934644576e+01,6.2052417138646447e+00,1.2050686366411526e+01,1.2050686366411526e+01,1.3990154070675556e+01,1.5863957934644576e+01,1.2050686366411526e+01,2.8857252631818011e+00,9.5387005728479366e+00,5.7065532776123824e+00,5.5143320591628253e+00,5.5143320591628253e+00,5.5143320591628253e+00,1.2246241961915798e+01,1.5863957934644576e+01,3.6352013050625676e+00,1.3990154070675556e+01,1.2246241961915798e+01,5.7065532776123824e+00,1.5863957934644576e+01,1.2050686366411526e+01,0.0000000000000000e+00,1.5863957934644576e+01,1.2050686366411526e+01,2.0179810036405379e+00,2.8857252631818011e+00,1.2050686366411526e+01,5.5143320591628253e+00,1.2050686366411526e+01,5.7065532776123824e+00,1.2246241961915798e+01,2.0179810036405379e+00,1.5863957934644576e+01,1.2050686366411526e+01,1.5863957934644576e+01,1.2050686366411526e+01,1.5863957934644576e+01,6.2052417138646447e+00,1.2246241961915798e+01,1.2246241961915798e+01,1.2050686366411526e+01,1.5863957934644576e+01,5.7065532776123824e+00,1.2050686366411526e+01,1.3990154070675556e+01,1.5863957934644576e+01,2.8857252631818011e+00,1.2246241961915798e+01,0.0000000000000000e+00,1.5863957934644576e+01,1.2246241961915798e+01,9.8707517928330617e+00,8.9355986778015772e-01,1.2050686366411526e+01,5.7065532776123824e+00,2.0179810036405379e+00,1.3990154070675556e+01,5.5143320591628253e+00,6.2052417138646447e+00,1.0410503354483129e+01,1.5863957934644576e+01,1.2246241961915798e+01,1.5863957934644576e+01,8.9355986778015772e-01,1.0410503354483129e+01,1.0410503354483129e+01,1.5863957934644576e+01,9.5387005728479366e+00,8.9355986778015772e-01,9.5387005728479366e+00,1.5863957934644576e+01,3.6352013050625676e+00,1.5863957934644576e+01,9.5387005728479366e+00,9.5387005728479366e+00,1.3990154070675556e+01,9.5387005728479366e+00,1.2050686366411526e+01,8.9355986778015772e-01,8.0227375145616531e+00,1.5863957934644576e+01,1.5863957934644576e+01,1.2050686366411526e+01,1.5863957934644576e+01,3.6352013050625676e+00,1.2246241961915798e+01,1.2246241961915798e+01,5.5143320591628253e+00,6.2052417138646447e+00,8.9355986778015772e-01,1.2246241961915798e+01,1.2246241961915798e+01,9.5387005728479366e+00,1.3990154070675556e+01,1.2246241961915798e+01,1.3990154070675556e+01,5.5143320591628253e+00,1.3990154070675556e+01,9.8707517928330617e+00,8.0227375145616531e+00,1.2246241961915798e+01,1.0410503354483129e+01,1.3990154070675556e+01,1.2050686366411526e+01,9.8707517928330617e+00,1.2050686366411526e+01,1.2246241961915798e+01,1.2050686366411526e+01,9.5387005728479366e+00,1.2050686366411526e+01,1.2050686366411526e+01,1.2246241961915798e+01,5.7065532776123824e+00,5.7065532776123824e+00,5.7065532776123824e+00,1.2050686366411526e+01,1.2246241961915798e+01,9.5387005728479366e+00,1.2050686366411526e+01,6.2052417138646447e+00,9.5387005728479366e+00,1.2246241961915798e+01,5.7065532776123824e+00,1.2246241961915798e+01,1.3990154070675556e+01,1.3990154070675556e+01,1.5863957934644576e+01,0.0000000000000000e+00,3.6352013050625676e+00,1.2246241961915798e+01,1.5863957934644576e+01,9.5387005728479366e+00,9.5387005728479366e+00,1.0410503354483129e+01,1.2246241961915798e+01,1.5863957934644576e+01,1.2050686366411526e+01,1.3990154070675556e+01,1.2246241961915798e+01,8.9355986778015772e-01,1.5863957934644576e+01,1.3990154070675556e+01,8.9355986778015772e-01,1.2050686366411526e+01,5.7065532776123824e+00,1.2050686366411526e+01,0.0000000000000000e+00,8.9355986778015772e-01,1.2050686366411526e+01,3.6352013050625676e+00,1.2246241961915798e+01,5.5143320591628253e+00,1.2050686366411526e+01,1.0410503354483129e+01,1.0410503354483129e+01,1.0410503354483129e+01,1.0410503354483129e+01,1.5863957934644576e+01,5.7065532776123824e+00,0.0000000000000000e+00,9.8707517928330617e+00,1.2246241961915798e+01,5.7065532776123824e+00,6.2052417138646447e+00,3.6352013050625676e+00,9.8707517928330617e+00,1.2246241961915798e+01,9.8707517928330617e+00,9.8707517928330617e+00,9.8707517928330617e+00,1.2246241961915798e+01,0.0000000000000000e+00,1.0410503354483129e+01,9.5387005728479366e+00,6.2052417138646447e+00,1.5863957934644576e+01,1.2246241961915798e+01,1.2246241961915798e+01,1.5863957934644576e+01,1.2246241961915798e+01,1.2246241961915798e+01,5.5143320591628253e+00,1.2246241961915798e+01,1.2246241961915798e+01,1.2050686366411526e+01,8.0227375145616531e+00,5.7065532776123824e+00,1.2246241961915798e+01,2.8857252631818011e+00,2.8857252631818011e+00,1.2246241961915798e+01,9.8707517928330617e+00,5.5143320591628253e+00,5.5143320591628253e+00,1.2246241961915798e+01,1.2246241961915798e+01,8.9355986778015772e-01,1.0410503354483129e+01,1.2050686366411526e+01,6.2052417138646447e+00,2.8857252631818011e+00,1.2050686366411526e+01,1.3990154070675556e+01,2.0179810036405379e+00,1.2050686366411526e+01,1.3990154070675556e+01,1.3990154070675556e+01,8.0227375145616531e+00,3.6352013050625676e+00,2.8857252631818011e+00,1.2050686366411526e+01,5.5143320591628253e+00,2.0179810036405379e+00,8.0227375145616531e+00,8.0227375145616531e+00,1.2050686366411526e+01,0.0000000000000000e+00,6.2052417138646447e+00,3.6352013050625676e+00,1.2246241961915798e+01,8.0227375145616531e+00,1.2050686366411526e+01,2.0179810036405379e+00,1.2050686366411526e+01,1.2246241961915798e+01,9.8707517928330617e+00,8.9355986778015772e-01,2.8857252631818011e+00,9.5387005728479366e+00,1.5863957934644576e+01,1.5863957934644576e+01,1.3990154070675556e+01,9.8707517928330617e+00,1.2050686366411526e+01,1.3990154070675556e+01,1.3990154070675556e+01,9.5387005728479366e+00,2.8857252631818011e+00,1.2050686366411526e+01,8.0227375145616531e+00,1.5863957934644576e+01,1.5863957934644576e+01,9.8707517928330617e+00,1.3990154070675556e+01,5.7065532776123824e+00,1.5863957934644576e+01,1.5863957934644576e+01,1.5863957934644576e+01,1.5863957934644576e+01,1.5863957934644576e+01,1.2050686366411526e+01,9.5387005728479366e+00,1.5863957934644576e+01,1.5863957934644576e+01,1.2246241961915798e+01,1.5863957934644576e+01,5.5143320591628253e+00,1.5863957934644576e+01,0.0000000000000000e+00,9.8707517928330617e+00,1.2246241961915798e+01,1.3990154070675556e+01,1.5863957934644576e+01,1.3990154070675556e+01,1.5863957934644576e+01,1.2050686366411526e+01,5.5143320591628253e+00,1.3990154070675556e+01,1.2050686366411526e+01,1.2050686366411526e+01,8.0227375145616531e+00,1.5863957934644576e+01,1.5863957934644576e+01,1.2050686366411526e+01,5.5143320591628253e+00,3.6352013050625676e+00,1.5863957934644576e+01,6.2052417138646447e+00,6.2052417138646447e+00,1.2050686366411526e+01,1.3990154070675556e+01,1.3990154070675556e+01,5.5143320591628253e+00,2.8857252631818011e+00,9.8707517928330617e+00,1.0410503354483129e+01,8.9355986778015772e-01,1.2246241961915798e+01,1.2246241961915798e+01,1.3990154070675556e+01,1.2050686366411526e+01,1.5863957934644576e+01,9.8707517928330617e+00,8.0227375145616531e+00,6.2052417138646447e+00,3.6352013050625676e+00,1.3990154070675556e+01,5.7065532776123824e+00,5.7065532776123824e+00,1.0410503354483129e+01,1.2246241961915798e+01,1.2246241961915798e+01,9.5387005728479366e+00,1.3990154070675556e+01,1.2246241961915798e+01,6.2052417138646447e+00,1.5863957934644576e+01,1.0410503354483129e+01,5.5143320591628253e+00,1.2246241961915798e+01,9.8707517928330617e+00,9.8707517928330617e+00,5.5143320591628253e+00,9.8707517928330617e+00,8.0227375145616531e+00,1.3990154070675556e+01,1.0410503354483129e+01,1.2246241961915798e+01,1.0410503354483129e+01,1.0410503354483129e+01,8.0227375145616531e+00,1.5863957934644576e+01,1.2246241961915798e+01,9.8707517928330617e+00,9.5387005728479366e+00,1.0410503354483129e+01,1.3990154070675556e+01,1.5863957934644576e+01,6.2052417138646447e+00,5.7065532776123824e+00,5.7065532776123824e+00,9.5387005728479366e+00,3.6352013050625676e+00,1.5863957934644576e+01,3.6352013050625676e+00,1.0410503354483129e+01,6.2052417138646447e+00
9.5529840735955815e+00,9.1481830795480690e+00,9.1481830795480690e+00,9.1481830795480690e+00,1.1233189429726513e+01,1.1233189429726513e+01,1.8317534147503196e+00,1.8317534147503196e+00,1.1233189429726513e+01,1.1233189429726513e+01,1.1233189429726513e+01,9.5529840735955815e+00,7.4567051511149653e+00,1.1233189429726513e+01,1.2102329322817127e+01,1.8317534147503196e+00,1.1233189429726513e+01,1.1233189429726513e+01,1.2102329322817127e+01,1.1233189429726513e+01,1.1233189429726513e+01,9.7517869842497518e-01,1.1233189429726513e+01,1.2102329322817127e+01,1.1233189429726513e+01,7.4567051511149653e+00,1.1233189429726513e+01,7.4567051511149653e+00,2.9621629606596738e+00,7.4567051511149653e+00,1.1233189429726513e+01,2.9621629606596738e+00,2.9621629606596738e+00,1.2102329322817127e+01,1.1233189429726513e+01,4.7630306718008306e+00,2.9621629606596738e+00,3.8291024369159028e+00,1.1233189429726513e+01,7.4567051511149653e+00,3.8291024369159028e+00,1.1233189429726513e+01,1.2102329322817127e+01,3.8291024369159028e+00,1.2566581113765297e+01,4.7630306718008306e+00,6.4403772148592644e+00,5.6220372363108559e+00,1.2566581113765297e+01,1.2566581113765297e+01,4.7630306718008306e+00,1.2102329322817127e+01,1.2566581113765297e+01,1.2102329322817127e+01,7.4567051511149653e+00,6.4403772148592644e+00,9.5529840735955815e+00,0.0000000000000000e+00,1.1213858221783065e+01,1.1213858221783065e+01,5.6220372363108559e+00,5.6220372363108559e+00,3.8291024369159028e+00,9.7517869842497518e-01,9.1481830795480690e+00,1.2102329322817127e+01,1.1233189429726513e+01,9.1481830795480690e+00,1.2566581113765297e+01,6.4403772148592644e+00,6.4403772148592644e+00,9.1481830795480690e+00,9.1481830795480690e+00,1.2566581113765297e+01,1.1233189429726513e+01,9.1481830795480690e+00,9.5529840735955815e+00,9.1481830795480690e+00,6.4403772148592644e+00,9.1481830795480690e+00,3.8291024369159028e+00,1.1213858221783065e+01,1.2566581113765297e+01,1.8317534147503196e+00,1.2566581113765297e+01,2.9621629606596738e+00,1.2102329322817127e+01,6.4403772148592644e+00,6.4403772148592644e+00,1.1213858221783065e+01,1.1233189429726513e+01,7.4567051511149653e+00,6.4403772148592644e+00,5.6220372363108559e+00,9.7517869842497518e-01,6.4403772148592644e+00,1.1213858221783065e+01,6.4403772148592644e+00,2.9621629606596738e+00,6.4403772148592644e+00,1.1213858221783065e+01,1.2566581113765297e+01,1.2566581113765297e+01,1.2566581113765297e+01,5.6220372363108559e+00,1.2566581113765297e+01,6.4403772148592644e+00,1.1233189429726513e+01,6.4403772148592644e+00,6.4403772148592644e+00,9.5529840735955815e+00,9.1481830795480690e+00,9.7517869842497518e-01,3.8291024369159028e+00,3.8291024369159028e+00,1.1213858221783065e+01,6.4403772148592644e+00,1.1213858221783065e+01,1.1213858221783065e+01,1.4637530293676134e+01,1.2566581113765297e+01,1.1213858221783065e+01,9.7517869842497518e-01,1.1233189429726513e+01,9.5529840735955815e+00,1.1213858221783065e+01,1.1213858221783065e+01,9.7517869842497518e-01,1.1213858221783065e+01,1.2566581113765297e+01,1.2566581113765297e+01,9.1481830795480690e+00,6.4403772148592644e+00,0.0000000000000000e+00,1.1233189429726513e+01,6.4403772148592644e+00,3.8291024369159028e+00,1.2566581113765297e+01,1.1233189429726513e+01,6.4403772148592644e+00,1.4637530293676134e+01,1.4637530293676134e+01,1.1213858221783065e+01,9.7517869842497518e-01,1.4637530293676134e+01,2.9621629606596738e+00,1.2566581113765297e+01,1.4637530293676134e+01,1.4637530293676134e+01,1.4637530293676134e+01,0.0000000000000000e+00,1.2566581113765297e+01,1.2566581113765297e+01,1.1213858221783065e+01,7.4567051511149653e+00,4.7630306718008306e+00,9.1481830795480690e+00,1.1213858221783065e+01,1.1213858221783065e+01,1.1213858221783065e+01,6.4403772148592644e+00,2.9621629606596738e+00,1.2566581113765297e+01,1.1213858221783065e+01,6.4403772148592644e+00,5.6220372363108559e+00,6.4403772148592644e+00,9.1481830795480690e+00,4.7630306718008306e+00,0.0000000000000000e+00,9.5529840735955815e+00,1.1213858221783065e+01,4.7630306718008306e+00,6.4403772148592644e+00,7.4567051511149653e+00,3.8291024369159028e+00,3.8291024369159028e+00,7.4567051511149653e+00,1.1213858221783065e+01,1.4637530293676134e+01,7.4567051511149653e+00,1.8317534147503196e+00,6.4403772148592644e+00,6.4403772148592644e+00,6.4403772148592644e+00,1.2102329322817127e+01,1.1213858221783065e+01,1.1213858221783065e+01,1.8317534147503196e+00,1.1213858221783065e+01,1.2566581113765297e+01,5.6220372363108559e+00,1.2566581113765297e+01,4.7630306718008306e+00,7.4567051511149653e+00,0.0000000000000000e+00,9.7517869842497518e-01,1.2102329322817127e+01,1.1213858221783065e+01,7.4567051511149653e+00,7.4567051511149653e+00,4.7630306718008306e+00,9.5529840735955815e+00,6.4403772148592644e+00,1.1233189429726513e+01,1.1233189429726513e+01,1.1233189429726513e+01,6.4403772148592644e+00,5.6220372363108559e+00,9.7517869842497518e-01,9.5529840735955815e+00,5.6220372363108559e+00,1.1233189429726513e+01,1.2102329322817127e+01,9.1481830795480690e+00,0.0000000000000000e+00,0.0000000000000000e+00,1.2566581113765297e+01,9.5529840735955815e+00,1.2102329322817127e+01,1.2102329322817127e+01,1.2102329322817127e+01,1.2102329322817127e+01,1.2566581113765297e+01,9.5529840735955815e+00,9.5529840735955815e+00,9.1481830795480690e+00,9.5529840735955815e+00,1.2566581113765297e+01,9.5529840735955815e+00,9.1481830795480690e+00,1.1213858221783065e+01,0.0000000000000000e+00,1.1213858221783065e+01,1.1213858221783065e+01,9.1481830795480690e+00,9.1481830795480690e+00,1.2102329322817127e+01,1.2102329322817127e+01,6.4403772148592644e+00,1.1233189429726513e+01,1.2102329322817127e+01,6.4403772148592644e+00,1.2566581113765297e+01,1.2566581113765297e+01,4.7630306718008306e+00,1.1213858221783065e+01,9.1481830795480690e+00,1.2566581113765297e+01,9.1481830795480690e+00,1.2566581113765297e+01,6.4403772148592644e+00,1.8317534147503196e+00,9.1481830795480690e+00,1.1213858221783065e+01,1.2566581113765297e+01,3.8291024369159028e+00,3.8291024369159028e+00,1.1233189429726513e+01,1.1213858221783065e+01,9.7517869842497518e-01,9.7517869842497518e-01,9.5529840735955815e+00,9.5529840735955815e+00,2.9621629606596738e+00,1.1213858221783065e+01,1.2102329322817127e+01,0.0000000000000000e+00,1.1213858221783065e+01,1.1213858221783065e+01,2.9621629606596738e+00,0.0000000000000000e+00,7.4567051511149653e+00,1.2566581113765297e+01,1.2566581113765297e+01,1.2566581113765297e+01,9.1481830795480690e+00,1.1233189429726513e+01,1.2102329322817127e+01,1.2566581113765297e+01,1.2566581113765297e+01,1.1213858221783065e+01,1.1213858221783065e+01,1.2102329322817127e+01,1.2102329322817127e+01,1.2566581113765297e+01,7.4567051511149653e+00,1.1233189429726513e+01,4.7630306718008306e+00,1.1213858221783065e+01,1.1233189429726513e+01,2.9621629606596738e+00,1.1233189429726513e+01,4.7630306718008306e+00,1.2102329322817127e+01,3.8291024369159028e+00,9.1481830795480690e+00,0.0000000000000000e+00,1.2102329322817127e+01,1.8317534147503196e+00,9.1481830795480690e+00,1.1233189429726513e+01,1.2566581113765297e+01,1.2566581113765297e+01,9.1481830795480690e+00,1.2566581113765297e+01,1.2566581113765297e+01,1.2566581113765297e+01,1.2566581113765297e+01,3.8291024369159028e+00,9.7517869842497518e-01,1.4637530293676134e+01,6.4403772148592644e+00,1.2566581113765297e+01,9.7517869842497518e-01,9.5529840735955815e+00,1.2566581113765297e+01,1.2566581113765297e+01,1.2566581113765297e+01,1.1233189429726513e+01,2.9621629606596738e+00,9.7517869842497518e-01,9.7517869842497518e-01,1.8317534147503196e+00,6.4403772148592644e+00,1.4637530293676134e+01,1.2102329322817127e+01,1.2102329322817127e+01,1.2102329322817127e+01,9.1481830795480690e+00,9.1481830795480690e+00,4.7630306718008306e+00,1.8317534147503196e+00,1.8317534147503196e+00,0.0000000000000000e+00,1.2566581113765297e+01,1.2102329322817127e+01,1.2102329322817127e+01,5.6220372363108559e+00,5.6220372363108559e+00,5.6220372363108559e+00,1.4637530293676134e+01,3.8291024369159028e+00,1.4637530293676134e+01,0.0000000000000000e+00,5.6220372363108559e+00,1.1213858221783065e+01,1.1213858221783065e+01,7.4567051511149653e+00,1.4637530293676134e+01,9.5529840735955815e+00,6.4403772148592644e+00,1.2102329322817127e+01,1.8317534147503196e+00,1.1233189429726513e+01,0.0000000000000000e+00,1.2566581113765297e+01,1.2566581113765297e+01,3.8291024369159028e+00,6.4403772148592644e+00,1.1213858221783065e+01,1.2102329322817127e+01,1.2102329322817127e+01,1.1213858221783065e+01,1.2102329322817127e+01,1.2566581113765297e+01,1.1213858221783065e+01,1.1213858221783065e+01,4.7630306718008306e+00,4.7630306718008306e+00,2.9621629606596738e+00,1.1213858221783065e+01,1.1233189429726513e+01,1.1233189429726513e+01,0.0000000000000000e+00,1.1233189429726513e+01,9.5529840735955815e+00,1.1213858221783065e+01,1.1213858221783065e+01,5.6220372363108559e+00,6.4403772148592644e+00,0.0000000000000000e+00,5.6220372363108559e+00,3.8291024369159028e+00,1.8317534147503196e+00,1.8317534147503196e+00,1.2102329322817127e+01,1.4637530293676134e+01,1.2102329322817127e+01,1.1213858221783065e+01,7.4567051511149653e+00,9.5529840735955815e+00,1.1213858221783065e+01,2.9621629606596738e+00,2.9621629606596738e+00,1.4637530293676134e+01,9.5529840735955815e+00,1.1213858221783065e+01,1.8317534147503196e+00,7.4567051511149653e+00,1.1213858221783065e+01,1.1213858221783065e+01,9.7517869842497518e-01,6.4403772148592644e+00,7.4567051511149653e+00,5.6220372363108559e+00,4.7630306718008306e+00,6.4403772148592644e+00,9.7517869842497518e-01,9.1481830795480690e+00,1.4637530293676134e+01,9.1481830795480690e+00,1.2102329322817127e+01,1.1233189429726513e+01,1.1213858221783065e+01,1.2566581113765297e+01,1.1213858221783065e+01,4.7630306718008306e+00,4.7630306718008306e+00,4.7630306718008306e+00,9.5529840735955815e+00,4.7630306718008306e+00,9.5529840735955815e+00,2.9621629606596738e+00,2.9621629606596738e+00,3.8291024369159028e+00,1.8317534147503196e+00,1.1213858221783065e+01,1.1213858221783065e+01,0.0000000000000000e+00,6.4403772148592644e+00,9.7517869842497518e-01,1.4637530293676134e+01,1.2102329322817127e+01,1.2566581113765297e+01,1.1213858221783065e+01,1.1213858221783065e+01,1.2566581113765297e+01,9.5529840735955815e+00,1.1213858221783065e+01,1.2566581113765297e+01,1.1213858221783065e+01,1.4637530293676134e+01,1.2566581113765297e+01,1.4637530293676134e+01,1.1233189429726513e+01,1.1233189429726513e+01,1.2102329322817127e+01,1.1213858221783065e+01,7.4567051511149653e+00,9.5529840735955815e+00,1.2566581113765297e+01,9.5529840735955815e+00,1.1213858221783065e+01,9.5529840735955815e+00,9.1481830795480690e+00,9.7517869842497518e-01,1.2566581113765297e+01,3.8291024369159028e+00,1.1213858221783065e+01,1.4637530293676134e+01,1.1213858221783065e+01,1.4637530293676134e+01,3.8291024369159028e+00,1.1213858221783065e+01,4.7630306718008306e+00,1.1233189429726513e+01,6.4403772148592644e+00,3.8291024369159028e+00,1.4637530293676134e+01,6.4403772148592644e+00,7.4567051511149653e+00,1.2566581113765297e+01,7.4567051511149653e+00,1.8317534147503196e+00,9.5529840735955815e+00,6.4403772148592644e+00,1.1233189429726513e+01,1.4637530293676134e+01,1.4637530293676134e+01,9.1481830795480690e+00,1.4637530293676134e+01,1.4637530293676134e+01,1.4637530293676134e+01,7.4567051511149653e+00,1.2102329322817127e+01,1.4637530293676134e+01,1.4637530293676134e+01,6.4403772148592644e+00,9.5529840735955815e+00,9.5529840735955815e+00,9.5529840735955815e+00,1.1233189429726513e+01,9.5529840735955815e+00,7.4567051511149653e+00,1.8317534147503196e+00,4.7630306718008306e+00,6.4403772148592644e+00,1.4637530293676134e+01,1.4637530293676134e+01,6.4403772148592644e+00,1.2102329322817127e+01,1.2566581113765297e+01,9.5529840735955815e+00,1.2102329322817127e+01,9.1481830795480690e+00,1.4637530293676134e+01,1.2566581113765297e+01,5.6220372363108559e+00,0.0000000000000000e+00,1.2566581113765297e+01,1.4637530293676134e+01,1.2566581113765297e+01,9.5529840735955815e+00,1.2102329322817127e+01,1.1213858221783065e+01,1.2102329322817127e+01,1.2566581113765297e+01,1.4637530293676134e+01,9.1481830795480690e+00,2.9621629606596738e+00,1.2102329322817127e+01,1.2566581113765297e+01,1.2566581113765297e+01,5.6220372363108559e+00,1.4637530293676134e+01,7.4567051511149653e+00,9.1481830795480690e+00,1.2102329322817127e+01,7.4567051511149653e+00,1.2566581113765297e+01,1.2566581113765297e+01,9.5529840735955815e+00,1.1213858221783065e+01,9.1481830795480690e+00,1.2566581113765297e+01,1.2566581113765297e+01,9.7517869842497518e-01,1.2566581113765297e+01,1.1213858221783065e+01,1.1213858221783065e+01,6.4403772148592644e+00,1.2566581113765297e+01,1.1233189429726513e+01,2.9621629606596738e+00,1.4637530293676134e+01,1.2566581113765297e+01,1.1213858221783065e+01,9.1481830795480690e+00,1.4637530293676134e+01,1.1213858221783065e+01,6.4403772148592644e+00,5.6220372363108559e+00,3.8291024369159028e+00,1.1213858221783065e+01,0.0000000000000000e+00,1.1233189429726513e+01,9.1481830795480690e+00,9.1481830795480690e+00,9.1481830795480690e+00,3.8291024369159028e+00,1.2566581113765297e+01,1.1213858221783065e+01,1.2566581113765297e+01,3.8291024369159028e+00,1.2102329322817127e+01,1.2102329322817127e+01,7.4567051511149653e+00,2.9621629606596738e+00,7.4567051511149653e+00,1.1233189429726513e+01,3.8291024369159028e+00,1.4637530293676134e+01,1.4637530293676134e+01,1.4637530293676134e+01,4.7630306718008306e+00,1.4637530293676134e+01,9.7517869842497518e-01,1.4637530293676134e+01,9.5529840735955815e+00,1.4637530293676134e+01,1.2102329322817127e+01,9.5529840735955815e+00,2.9621629606596738e+00,1.1233189429726513e+01,1.2566581113765297e+01,1.2102329322817127e+01,1.1233189429726513e+01,6.4403772148592644e+00,1.2102329322817127e+01,1.2102329322817127e+01,1.1233189429726513e+01,4.7630306718008306e+00,2.9621629606596738e+00,9.1481830795480690e+00,1.4637530293676134e+01,1.4637530293676134e+01,2.9621629606596738e+00,1.1213858221783065e+01,2.9621629606596738e+00,1.1213858221783065e+01,1.4637530293676134e+01,1.1233189429726513e+01,1.1233189429726513e+01,1.8317534147503196e+00,5.6220372363108559e+00,5.6220372363108559e+00,6.4403772148592644e+00,2.9621629606596738e+00,1.1233189429726513e+01,1.1233189429726513e+01,1.1233189429726513e+01,1.2566581113765297e+01,0.0000000000000000e+00,1.1213858221783065e+01,1.1233189429726513e+01,7.4567051511149653e+00,1.2566581113765297e+01,9.1481830795480690e+00,1.4637530293676134e+01,6.4403772148592644e+00,7.4567051511149653e+00,1.1213858221783065e+01,1.1213858221783065e+01,1.1213858221783065e+01,6.4403772148592644e+00,9.1481830795480690e+00,9.7517869842497518e-01,6.4403772148592644e+00,1.2566581113765297e+01,1.1213858221783065e+01,2.9621629606596738e+00,9.7517869842497518e-01,1.8317534147503196e+00,6.4403772148592644e+00,9.1481830795480690e+00,1.4637530293676134e+01,6.4403772148592644e+00,1.4637530293676134e+01,6.4403772148592644e+00,1.1233189429726513e+01,1.1233189429726513e+01,9.5529840735955815e+00,1.4637530293676134e+01,1.4637530293676134e+01,1.4637530293676134e+01,6.4403772148592644e+00,1.1233189429726513e+01,1.4637530293676134e+01,1.1233189429726513e+01,1.1233189429726513e+01,1.2102329322817127e+01,9.5529840735955815e+00,6.4403772148592644e+00,6.4403772148592644e+00,3.8291024369159028e+00,6.4403772148592644e+00,1.1213858221783065e+01,1.4637530293676134e+01,1.1233189429726513e+01,6.4403772148592644e+00,1.2102329322817127e+01,6.4403772148592644e+00,7.4567051511149653e+00,6.4403772148592644e+00,1.4637530293676134e+01,9.1481830795480690e+00,1.1213858221783065e+01,1.4637530293676134e+01,0.0000000000000000e+00,9.5529840735955815e+00,1.4637530293676134e+01,1.4637530293676134e+01,1.4637530293676134e+01,1.4637530293676134e+01,9.1481830795480690e+00,1.8317534147503196e+00,9.1481830795480690e+00,7.4567051511149653e+00,1.2566581113765297e+01,1.4637530293676134e+01,1.1213858221783065e+01,1.4637530293676134e+01,1.8317534147503196e+00,1.1213858221783065e+01,1.4637530293676134e+01,1.4637530293676134e+01,1.8317534147503196e+00,9.7517869842497518e-01,9.1481830795480690e+00,4.7630306718008306e+00,9.1481830795480690e+00,5.6220372363108559e+00,1.4637530293676134e+01,2.9621629606596738e+00,0.0000000000000000e+00,1.1213858221783065e+01,2.9621629606596738e+00,1.4637530293676134e+01,1.2566581113765297e+01,9.5529840735955815e+00,9.5529840735955815e+00,1.4637530293676134e+01,1.2566581113765297e+01,3.8291024369159028e+00,1.1213858221783065e+01,5.6220372363108559e+00,9.1481830795480690e+00,1.2566581113765297e+01,9.1481830795480690e+00,6.4403772148592644e+00,1.1213858221783065e+01,1.2566581113765297e+01,1.1213858221783065e+01,3.8291024369159028e+00,1.1213858221783065e+01,6.4403772148592644e+00,9.7517869842497518e-01,1.1213858221783065e+01,1.4637530293676134e+01,1.2566581113765297e+01,9.5529840735955815e+00,1.1213858221783065e+01,4.7630306718008306e+00,9.7517869842497518e-01,1.1233189429726513e+01,1.1233189429726513e+01,1.8317534147503196e+00,1.4637530293676134e+01,1.4637530293676134e+01,1.4637530293676134e+01,7.4567051511149653e+00,1.1213858221783065e+01,1.1233189429726513e+01,1.2566581113765297e+01,1.2566581113765297e+01,1.4637530293676134e+01,7.4567051511149653e+00,1.4637530293676134e+01,9.7517869842497518e-01,9.7517869842497518e-01,9.1481830795480690e+00,1.2566581113765297e+01,1.1213858221783065e+01,1.2566581113765297e+01,9.1481830795480690e+00,1.2102329322817127e+01,1.2566581113765297e+01,3.8291024369159028e+00,9.7517869842497518e-01,5.6220372363108559e+00,1.2566581113765297e+01,1.2566581113765297e+01,9.5529840735955815e+00,4.7630306718008306e+00,3.8291024369159028e+00,1.1213858221783065e+01,1.1233189429726513e+01,1.1213858221783065e+01,9.5529840735955815e+00,1.4637530293676134e+01,1.4637530293676134e+01,9.1481830795480690e+00,0.0000000000000000e+00,1.4637530293676134e+01,1.2566581113765297e+01,1.8317534147503196e+00,2.9621629606596738e+00,3.8291024369159028e+00,9.7517869842497518e-01,1.4637530293676134e+01,1.1233189429726513e+01,1.4637530293676134e+01,6.4403772148592644e+00,6.4403772148592644e+00,1.4637530293676134e+01,1.1233189429726513e+01,5.6220372363108559e+00,5.6220372363108559e+00,4.7630306718008306e+00,9.1481830795480690e+00,4.7630306718008306e+00,9.1481830795480690e+00,9.7517869842497518e-01,1.1233189429726513e+01,1.1233189429726513e+01,1.4637530293676134e+01,1.1213858221783065e+01,6.4403772148592644e+00,9.7517869842497518e-01,1.4637530293676134e+01,4.7630306718008306e+00,4.7630306718008306e+00,9.7517869842497518e-01,1.1233189429726513e+01,5.6220372363108559e+00,2.9621629606596738e+00,6.4403772148592644e+00,1.1233189429726513e+01,1.2566581113765297e+01,1.2566581113765297e+01,1.8317534147503196e+00,1.1233189429726513e+01,1.8317534147503196e+00,1.4637530293676134e+01,5.6220372363108559e+00,1.2566581113765297e+01,3.8291024369159028e+00,9.1481830795480690e+00,9.1481830795480690e+00,9.1481830795480690e+00,1.1213858221783065e+01,1.2102329322817127e+01,1.2566581113765297e+01,9.5529840735955815e+00,3.8291024369159028e+00,7.4567051511149653e+00,9.1481830795480690e+00,1.2566581113765297e+01,5.6220372363108559e+00,1.8317534147503196e+00,1.4637530293676134e+01,1.4637530293676134e+01,1.2102329322817127e+01,1.1213858221783065e+01,1.1213858221783065e+01,1.1233189429726513e+01,7.4567051511149653e+00,1.2102329322817127e+01,7.4567051511149653e+00,1.8317534147503196e+00,9.1481830795480690e+00,9.7517869842497518e-01,1.8317534147503196e+00,1.4637530293676134e+01,6.4403772148592644e+00,2.9621629606596738e+00,4.7630306718008306e+00,1.4637530293676134e+01,1.1213858221783065e+01,1.1233189429726513e+01,1.2102329322817127e+01,1.1233189429726513e+01,1.4637530293676134e+01,0.0000000000000000e+00,6.4403772148592644e+00,1.1233189429726513e+01,4.7630306718008306e+00,9.7517869842497518e-01,6.4403772148592644e+00,4.7630306718008306e+00,1.1233189429726513e+01,5.6220372363108559e+00,1.2566581113765297e+01,9.1481830795480690e+00,9.1481830795480690e+00,1.4637530293676134e+01,1.4637530293676134e+01,9.7517869842497518e-01,3.8291024369159028e+00,1.1213858221783065e+01,9.1481830795480690e+00,1.1213858221783065e+01,1.4637530293676134e+01,7.4567051511149653e+00,1.1233189429726513e+01,1.8317534147503196e+00,7.4567051511149653e+00,6.4403772148592644e+00,1.4637530293676134e+01,6.4403772148592644e+00,1.1233189429726513e+01,1.4637530293676134e+01,9.1481830795480690e+00,2.9621629606596738e+00,3.8291024369159028e+00,1.8317534147503196e+00,4.7630306718008306e+00,1.1213858221783065e+01,9.5529840735955815e+00,9.1481830795480690e+00,3.8291024369159028e+00,1.1213858221783065e+01,1.2566581113765297e+01,1.1213858221783065e+01,1.2566581113765297e+01,1.1233189429726513e+01,6.4403772148592644e+00,1.1233189429726513e+01,1.2566581113765297e+01,1.2566581113765297e+01,1.1233189429726513e+01,1.1213858221783065e+01,1.1213858221783065e+01,1.1213858221783065e+01,9.1481830795480690e+00,1.1233189429726513e+01,1.1233189429726513e+01,9.1481830795480690e+00,1.2566581113765297e+01,1.1213858221783065e+01,5.6220372363108559e+00,5.6220372363108559e+00,5.6220372363108559e+00,1.1213858221783065e+01,9.5529840735955815e+00,6.4403772148592644e+00,1.1233189429726513e+01,1.1233189429726513e+01,9.7517869842497518e-01,6.4403772148592644e+00,6.4403772148592644e+00,5.6220372363108559e+00,1.8317534147503196e+00,6.4403772148592644e+00,1.1233189429726513e+01,1.1233189429726513e+01,1.1233189429726513e+01,7.4567051511149653e+00,1.2102329322817127e+01,1.4637530293676134e+01,9.5529840735955815e+00,1.8317534147503196e+00,1.4637530293676134e+01,1.1233189429726513e+01,1.2102329322817127e+01,4.7630306718008306e+00,6.4403772148592644e+00,9.1481830795480690e+00,1.2102329322817127e+01,6.4403772148592644e+00,9.7517869842497518e-01,6.4403772148592644e+00,1.4637530293676134e+01,5.6220372363108559e+00,0.0000000000000000e+00,1.1213858221783065e+01,9.1481830795480690e+00,9.1481830795480690e+00,1.1213858221783065e+01,1.2102329322817127e+01,9.1481830795480690e+00,1.8317534147503196e+00,1.2566581113765297e+01,1.2566581113765297e+01,1.1213858221783065e+01,9.7517869842497518e-01,1.1213858221783065e+01,1.1233189429726513e+01,7.4567051511149653e+00,1.8317534147503196e+00,1.4637530293676134e+01,1.2102329322817127e+01,1.1233189429726513e+01,0.0000000000000000e+00,4.7630306718008306e+00,1.2102329322817127e+01,9.7517869842497518e-01,0.0000000000000000e+00,1.1233189429726513e+01,1.1233189429726513e+01,9.7517869842497518e-01,1.2566581113765297e+01,1.2102329322817127e+01,1.2102329322817127e+01,7.4567051511149653e+00,1.4637530293676134e+01,1.4637530293676134e+01,1.2102329322817127e+01,9.1481830795480690e+00,1.2102329322817127e+01,1.2102329322817127e+01,1.2566581113765297e+01,7.4567051511149653e+00,1.1233189429726513e+01,1.4637530293676134e+01,6.4403772148592644e+00,6.4403772148592644e+00,1.4637530293676134e+01,9.1481830795480690e+00,1.4637530293676134e+01,1.1213858221783065e+01,6.4403772148592644e+00,6.4403772148592644e+00,1.4637530293676134e+01,1.2566581113765297e+01,1.1233189429726513e+01,1.2102329322817127e+01,1.2102329322817127e+01,6.4403772148592644e+00,9.1481830795480690e+00,1.4637530293676134e+01,1.4637530293676134e+01,1.1213858221783065e+01,5.6220372363108559e+00,9.5529840735955815e+00,1.4637530293676134e+01,1.1213858221783065e+01,1.4637530293676134e+01,1.4637530293676134e+01
9.7578580394669814e+00,9.7578580394669814e+00,7.2294548769150948e+00,1.0108652794478038e+01,9.7578580394669814e+00,1.1432304493699707e+01,1.5655534066490750e+01,9.7578580394669814e+00,1.5655534066490750e+01,1.5655534066490750e+01,0.0000000000000000e+00,9.7578580394669814e+00,1.5655534066490750e+01,1.5655534066490750e+01,7.2294548769150948e+00,1.5655534066490750e+01,4.4239673030924571e+00,4.4239673030924571e+00,1.5655534066490750e+01,7.2294548769150948e+00,1.5655534066490750e+01,1.9373848659823829e+00,4.4239673030924571e+00,1.1432304493699707e+01,7.2294548769150948e+00,6.7558310556176400e+00,9.7578580394669814e+00,1.1432304493699707e+01,1.2106044820394933e+01,1.2106044820394933e+01,1.2106044820394933e+01,1.0108652794478038e+01,3.7984750768914699e+00,1.1432304493699707e+01,7.2294548769150948e+00,1.0108652794478038e+01,3.1718416630957575e+00,7.2294548769150948e+00,9.7243295614037950e-01,1.9373848659823829e+00,1.3814447731560270e+01,9.7578580394669814e+00,1.3814447731560270e+01,1.3814447731560270e+01,1.3814447731560270e+01,7.2294548769150948e+00,7.2294548769150948e+00,1.0108652794478038e+01,1.3814447731560270e+01,1.2106044820394933e+01,9.7243295614037950e-01,1.2106044820394933e+01,9.7578580394669814e+00,1.3814447731560270e+01,4.4239673030924571e+00,7.2294548769150948e+00,0.0000000000000000e+00,1.3814447731560270e+01,9.7578580394669814e+00,3.7984750768914699e+00,3.7984750768914699e+00,1.2106044820394933e+01,1.5655534066490750e+01,9.3455849352594971e+00,3.1718416630957575e+00,9.7578580394669814e+00,9.7243295614037950e-01,3.7984750768914699e+00,7.2294548769150948e+00,5.8073437228907760e+00,1.3814447731560270e+01,6.7558310556176400e+00,3.7984750768914699e+00,5.8073437228907760e+00,7.2294548769150948e+00,5.8073437228907760e+00,1.3814447731560270e+01,5.8073437228907760e+00,1.1432304493699707e+01,5.8073437228907760e+00,1.3814447731560270e+01,9.3455849352594971e+00,1.5655534066490750e+01,3.7984750768914699e+00,1.3814447731560270e+01,3.1718416630957575e+00,1.1432304493699707e+01,1.3814447731560270e+01,1.0108652794478038e+01,6.7558310556176400e+00,1.3814447731560270e+01,1.2106044820394933e+01,6.7558310556176400e+00,4.4239673030924571e+00,3.7984750768914699e+00,1.0108652794478038e+01,1.3814447731560270e+01,1.9373848659823829e+00,1.2106044820394933e+01,5.8073437228907760e+00,9.3455849352594971e+00,3.7984750768914699e+00,9.7243295614037950e-01,1.0108652794478038e+01,9.3455849352594971e+00,9.3455849352594971e+00,9.3455849352594971e+00,9.3455849352594971e+00,9.3455849352594971e+00,9.3455849352594971e+00,1.3814447731560270e+01,1.3814447731560270e+01,9.3455849352594971e+00,9.3455849352594971e+00,9.7578580394669814e+00,9.3455849352594971e+00,9.7578580394669814e+00,9.7578580394669814e+00,7.2294548769150948e+00,9.7578580394669814e+00,1.5655534066490750e+01,1.5655534066490750e+01,1.5655534066490750e+01,1.1432304493699707e+01,1.5655534066490750e+01,1.1432304493699707e+01,1.5655534066490750e+01,9.7578580394669814e+00,1.1432304493699707e+01,7.2294548769150948e+00,7.2294548769150948e+00,3.7984750768914699e+00,5.8073437228907760e+00,1.5655534066490750e+01,1.5655534066490750e+01,3.7984750768914699e+00,7.2294548769150948e+00,3.1718416630957575e+00,1.5655534066490750e+01,7.2294548769150948e+00,7.2294548769150948e+00,3.1718416630957575e+00,1.9373848659823829e+00,9.7243295614037950e-01,6.7558310556176400e+00,3.1718416630957575e+00,9.7243295614037950e-01,9.7578580394669814e+00,9.7243295614037950e-01,9.7578580394669814e+00,9.7578580394669814e+00,1.2106044820394933e+01,0.0000000000000000e+00,9.7578580394669814e+00,6.7558310556176400e+00,1.2106044820394933e+01,1.5655534066490750e+01,0.0000000000000000e+00,1.2106044820394933e+01,1.2106044820394933e+01,1.5655534066490750e+01,1.5655534066490750e+01,1.2106044820394933e+01,4.4239673030924571e+00,1.5655534066490750e+01,3.1718416630957575e+00,0.0000000000000000e+00,1.5655534066490750e+01,9.3455849352594971e+00,9.7578580394669814e+00,4.4239673030924571e+00,5.8073437228907760e+00,4.4239673030924571e+00,3.1718416630957575e+00,9.7243295614037950e-01,1.2106044820394933e+01,1.5655534066490750e+01,1.5655534066490750e+01,1.5655534066490750e+01,6.7558310556176400e+00,1.3814447731560270e+01,1.3814447731560270e+01,0.0000000000000000e+00,1.0108652794478038e+01,1.5655534066490750e+01,1.5655534066490750e+01,1.5655534066490750e+01,6.7558310556176400e+00,4.4239673030924571e+00,1.3814447731560270e+01,9.7243295614037950e-01,1.3814447731560270e+01,1.3814447731560270e+01,1.5655534066490750e+01,1.5655534066490750e+01,1.5655534066490750e+01,9.7243295614037950e-01,1.5655534066490750e+01,1.9373848659823829e+00,1.5655534066490750e+01,1.5655534066490750e+01,1.5655534066490750e+01,1.5655534066490750e+01,4.4239673030924571e+00,1.1432304493699707e+01,1.3814447731560270e+01,1.2106044820394933e+01,1.5655534066490750e+01,1.0108652794478038e+01,1.1432304493699707e+01,9.3455849352594971e+00,6.7558310556176400e+00,1.1432304493699707e+01,0.0000000000000000e+00,0.0000000000000000e+00,3.7984750768914699e+00,1.5655534066490750e+01,0.0000000000000000e+00,9.7243295614037950e-01,1.5655534066490750e+01,1.2106044820394933e+01,1.5655534066490750e+01,1.2106044820394933e+01,1.2106044820394933e+01,1.0108652794478038e+01,1.5655534066490750e+01,1.5655534066490750e+01,1.5655534066490750e+01,3.1718416630957575e+00,1.5655534066490750e+01,1.5655534066490750e+01,1.5655534066490750e+01,7.2294548769150948e+00,4.4239673030924571e+00,1.5655534066490750e+01,1.0108652794478038e+01,6.7558310556176400e+00,7.2294548769150948e+00,1.3814447731560270e+01,1.3814447731560270e+01,3.7984750768914699e+00,1.5655534066490750e+01,1.5655534066490750e+01,7.2294548769150948e+00,3.1718416630957575e+00,1.9373848659823829e+00,7.2294548769150948e+00,1.0108652794478038e+01,9.7243295614037950e-01,0.0000000000000000e+00,1.2106044820394933e+01,9.7243295614037950e-01,0.0000000000000000e+00,1.5655534066490750e+01,7.2294548769150948e+00,1.9373848659823829e+00,1.0108652794478038e+01,1.5655534066490750e+01,1.5655534066490750e+01,5.8073437228907760e+00,1.2106044820394933e+01,1.5655534066490750e+01,1.1432304493699707e+01,9.7578580394669814e+00,1.2106044820394933e+01,4.4239673030924571e+00,1.1432304493699707e+01,9.7578580394669814e+00,9.3455849352594971e+00,1.5655534066490750e+01,9.7578580394669814e+00,1.9373848659823829e+00,9.3455849352594971e+00,1.2106044820394933e+01,9.3455849352594971e+00,3.7984750768914699e+00,9.7578580394669814e+00,6.7558310556176400e+00,4.4239673030924571e+00,1.5655534066490750e+01,1.0108652794478038e+01,1.5655534066490750e+01,7.2294548769150948e+00,1.5655534066490750e+01,1.1432304493699707e+01,9.7243295614037950e-01,9.3455849352594971e+00,9.3455849352594971e+00,1.5655534066490750e+01,1.5655534066490750e+01,5.8073437228907760e+00,5.8073437228907760e+00,6.7558310556176400e+00,1.5655534066490750e+01,1.5655534066490750e+01,7.2294548769150948e+00,1.2106044820394933e+01,0.0000000000000000e+00,1.0108652794478038e+01,1.3814447731560270e+01,9.7578580394669814e+00,1.5655534066490750e+01,0.0000000000000000e+00,1.5655534066490750e+01,3.1718416630957575e+00,1.5655534066490750e+01,1.5655534066490750e+01,4.4239673030924571e+00,9.7578580394669814e+00,9.7578580394669814e+00,1.5655534066490750e+01,7.2294548769150948e+00,7.2294548769150948e+00,6.7558310556176400e+00,7.2294548769150948e+00,1.3814447731560270e+01,1.5655534066490750e+01,1.9373848659823829e+00,1.2106044820394933e+01,1.5655534066490750e+01,1.9373848659823829e+00,1.5655534066490750e+01,0.0000000000000000e+00,1.3814447731560270e+01,6.7558310556176400e+00,6.7558310556176400e+00,9.3455849352594971e+00,1.5655534066490750e+01,0.0000000000000000e+00,1.3814447731560270e+01,5.8073437228907760e+00,5.8073437228907760e+00,6.7558310556176400e+00,3.1718416630957575e+00,3.1718416630957575e+00,1.3814447731560270e+01,1.1432304493699707e+01,6.7558310556176400e+00,1.2106044820394933e+01,9.7578580394669814e+00,1.5655534066490750e+01,1.9373848659823829e+00,4.4239673030924571e+00,1.1432304493699707e+01,0.0000000000000000e+00,0.0000000000000000e+00,1.3814447731560270e+01,1.5655534066490750e+01,0.0000000000000000e+00,1.3814447731560270e+01,1.3814447731560270e+01,1.3814447731560270e+01,9.7243295614037950e-01,6.7558310556176400e+00,1.1432304493699707e+01,1.3814447731560270e+01,1.1432304493699707e+01,1.3814447731560270e+01,7.2294548769150948e+00,1.1432304493699707e+01,1.5655534066490750e+01,4.4239673030924571e+00,1.5655534066490750e+01,5.8073437228907760e+00,1.3814447731560270e+01,6.7558310556176400e+00,3.7984750768914699e+00,9.7578580394669814e+00,1.5655534066490750e+01,5.8073437228907760e+00,1.2106044820394933e+01,1.1432304493699707e+01,1.2106044820394933e+01,1.9373848659823829e+00,7.2294548769150948e+00,1.1432304493699707e+01,1.1432304493699707e+01,3.1718416630957575e+00,6.7558310556176400e+00,1.3814447731560270e+01,9.7243295614037950e-01,1.5655534066490750e+01,4.4239673030924571e+00,1.2106044820394933e+01,6.7558310556176400e+00,9.7243295614037950e-01,6.7558310556176400e+00,6.7558310556176400e+00,9.7578580394669814e+00,9.3455849352594971e+00,9.3455849352594971e+00,1.2106044820394933e+01,9.7578580394669814e+00,7.2294548769150948e+00,9.7243295614037950e-01,1.1432304493699707e+01,1.5655534066490750e+01,4.4239673030924571e+00,1.5655534066490750e+01,6.7558310556176400e+00,5.8073437228907760e+00,1.5655534066490750e+01,0.0000000000000000e+00,1.3814447731560270e+01,1.5655534066490750e+01,1.2106044820394933e+01,1.1432304493699707e+01,1.5655534066490750e+01,1.3814447731560270e+01,1.5655534066490750e+01,1.2106044820394933e+01,9.7578580394669814e+00,0.0000000000000000e+00,1.5655534066490750e+01,1.5655534066490750e+01,1.3814447731560270e+01,1.3814447731560270e+01,1.1432304493699707e+01,9.3455849352594971e+00,1.5655534066490750e+01,3.7984750768914699e+00,5.8073437228907760e+00,6.7558310556176400e+00,1.5655534066490750e+01,1.1432304493699707e+01,9.3455849352594971e+00,9.3455849352594971e+00,1.9373848659823829e+00,1.0108652794478038e+01,1.5655534066490750e+01,1.5655534066490750e+01,3.7984750768914699e+00,1.1432304493699707e+01,0.0000000000000000e+00,6.7558310556176400e+00,1.5655534066490750e+01,1.0108652794478038e+01,6.7558310556176400e+00,1.1432304493699707e+01,1.2106044820394933e+01,5.8073437228907760e+00,1.1432304493699707e+01,1.1432304493699707e+01,1.2106044820394933e+01,9.7578580394669814e+00,0.0000000000000000e+00,5.8073437228907760e+00,1.5655534066490750e+01,1.2106044820394933e+01,9.7578580394669814e+00,1.0108652794478038e+01,9.7578580394669814e+00,1.2106044820394933e+01,9.7578580394669814e+00,1.5655534066490750e+01,9.7578580394669814e+00,5.8073437228907760e+00,7.2294548769150948e+00,6.7558310556176400e+00,7.2294548769150948e+00,1.0108652794478038e+01,7.2294548769150948e+00,4.4239673030924571e+00,3.7984750768914699e+00,3.7984750768914699e+00,6.7558310556176400e+00,9.7578580394669814e+00,1.2106044820394933e+01,1.5655534066490750e+01,6.7558310556176400e+00,9.3455849352594971e+00,1.3814447731560270e+01,1.5655534066490750e+01,1.5655534066490750e+01,1.3814447731560270e+01,1.3814447731560270e+01,5.8073437228907760e+00,5.8073437228907760e+00,5.8073437228907760e+00,3.7984750768914699e+00,7.2294548769150948e+00,6.7558310556176400e+00,1.9373848659823829e+00,1.3814447731560270e+01,1.3814447731560270e+01,0.0000000000000000e+00,5.8073437228907760e+00,1.3814447731560270e+01,9.3455849352594971e+00,1.3814447731560270e+01,6.7558310556176400e+00,5.8073437228907760e+00,9.7243295614037950e-01,1.9373848659823829e+00,1.1432304493699707e+01,1.1432304493699707e+01,3.7984750768914699e+00,1.5655534066490750e+01,1.3814447731560270e+01,7.2294548769150948e+00,9.3455849352594971e+00,1.1432304493699707e+01,1.3814447731560270e+01,4.4239673030924571e+00,4.4239673030924571e+00,1.9373848659823829e+00,1.2106044820394933e+01,1.2106044820394933e+01,1.9373848659823829e+00,1.3814447731560270e+01,1.3814447731560270e+01,1.1432304493699707e+01,1.1432304493699707e+01,1.3814447731560270e+01,1.1432304493699707e+01,3.7984750768914699e+00,9.7243295614037950e-01,6.7558310556176400e+00,1.2106044820394933e+01,3.7984750768914699e+00,9.7243295614037950e-01,1.2106044820394933e+01,6.7558310556176400e+00,6.7558310556176400e+00,9.3455849352594971e+00,7.2294548769150948e+00,1.5655534066490750e+01,1.3814447731560270e+01,7.2294548769150948e+00,5.8073437228907760e+00,1.5655534066490750e+01,1.0108652794478038e+01,7.2294548769150948e+00,3.7984750768914699e+00,5.8073437228907760e+00,1.5655534066490750e+01,5.8073437228907760e+00,3.7984750768914699e+00,6.7558310556176400e+00,1.3814447731560270e+01,1.1432304493699707e+01,1.3814447731560270e+01,9.7578580394669814e+00,1.5655534066490750e+01,7.2294548769150948e+00,7.2294548769150948e+00,9.7578580394669814e+00,1.1432304493699707e+01,1.1432304493699707e+01,6.7558310556176400e+00,1.1432304493699707e+01,6.7558310556176400e+00,1.9373848659823829e+00,7.2294548769150948e+00,1.5655534066490750e+01,9.7243295614037950e-01,9.7578580394669814e+00,1.5655534066490750e+01,1.9373848659823829e+00,9.7578580394669814e+00,0.0000000000000000e+00,9.7578580394669814e+00,1.3814447731560270e+01,1.5655534066490750e+01,1.3814447731560270e+01,9.7578580394669814e+00,1.0108652794478038e+01,1.3814447731560270e+01,7.2294548769150948e+00,9.7578580394669814e+00,9.7578580394669814e+00,9.7578580394669814e+00,1.5655534066490750e+01,1.3814447731560270e+01,9.7578580394669814e+00,1.1432304493699707e+01,6.7558310556176400e+00,1.5655534066490750e+01,1.3814447731560270e+01,9.3455849352594971e+00,9.7243295614037950e-01,5.8073437228907760e+00,1.5655534066490750e+01,6.7558310556176400e+00,1.0108652794478038e+01,9.7243295614037950e-01,9.3455849352594971e+00,7.2294548769150948e+00,9.7578580394669814e+00,1.1432304493699707e+01,9.7243295614037950e-01,7.2294548769150948e+00,7.2294548769150948e+00,9.3455849352594971e+00,7.2294548769150948e+00,5.8073437228907760e+00,3.7984750768914699e+00,1.1432304493699707e+01,5.8073437228907760e+00,1.5655534066490750e+01,1.5655534066490750e+01,9.3455849352594971e+00,0.0000000000000000e+00,7.2294548769150948e+00,6.7558310556176400e+00,1.1432304493699707e+01,1.3814447731560270e+01,1.5655534066490750e+01,1.1432304493699707e+01,9.7578580394669814e+00,0.0000000000000000e+00,9.7243295614037950e-01,9.7243295614037950e-01,1.3814447731560270e+01,1.5655534066490750e+01,1.3814447731560270e+01,3.1718416630957575e+00,5.8073437228907760e+00,1.0108652794478038e+01,6.7558310556176400e+00,1.0108652794478038e+01,6.7558310556176400e+00,6.7558310556176400e+00,1.5655534066490750e+01,1.0108652794478038e+01,1.1432304493699707e+01,1.0108652794478038e+01,1.9373848659823829e+00,1.1432304493699707e+01,1.5655534066490750e+01,1.5655534066490750e+01,0.0000000000000000e+00,9.7578580394669814e+00,7.2294548769150948e+00,1.0108652794478038e+01,1.0108652794478038e+01,0.0000000000000000e+00,1.1432304493699707e+01,4.4239673030924571e+00,1.0108652794478038e+01,1.0108652794478038e+01,1.5655534066490750e+01,1.3814447731560270e+01,4.4239673030924571e+00,1.5655534066490750e+01,1.5655534066490750e+01,7.2294548769150948e+00,7.2294548769150948e+00,1.5655534066490750e+01,1.3814447731560270e+01,1.5655534066490750e+01,9.7243295614037950e-01,9.7243295614037950e-01,9.7578580394669814e+00,3.7984750768914699e+00,1.3814447731560270e+01,1.3814447731560270e+01,9.7578580394669814e+00,9.3455849352594971e+00,9.7243295614037950e-01,1.3814447731560270e+01,1.5655534066490750e+01,4.4239673030924571e+00,9.3455849352594971e+00,9.7243295614037950e-01,1.9373848659823829e+00,1.5655534066490750e+01,9.3455849352594971e+00,1.5655534066490750e+01,9.7243295614037950e-01,1.3814447731560270e+01,1.5655534066490750e+01,4.4239673030924571e+00,1.3814447731560270e+01,3.7984750768914699e+00,1.5655534066490750e+01,1.9373848659823829e+00,0.0000000000000000e+00,1.5655534066490750e+01,1.2106044820394933e+01,9.7243295614037950e-01,1.5655534066490750e+01,6.7558310556176400e+00,6.7558310556176400e+00,9.7578580394669814e+00,3.7984750768914699e+00,1.1432304493699707e+01,1.5655534066490750e+01,1.0108652794478038e+01,1.5655534066490750e+01,1.1432304493699707e+01,1.1432304493699707e+01,5.8073437228907760e+00,9.7243295614037950e-01,5.8073437228907760e+00,5.8073437228907760e+00,1.0108652794478038e+01,1.1432304493699707e+01,9.3455849352594971e+00,9.7578580394669814e+00,1.5655534066490750e+01,1.1432304493699707e+01,1.5655534066490750e+01,9.7243295614037950e-01,1.5655534066490750e+01,3.7984750768914699e+00,1.5655534066490750e+01,1.1432304493699707e+01,9.3455849352594971e+00,3.1718416630957575e+00,9.3455849352594971e+00,1.3814447731560270e+01,9.7243295614037950e-01,1.9373848659823829e+00,4.4239673030924571e+00,5.8073437228907760e+00,1.0108652794478038e+01,1.1432304493699707e+01,9.7578580394669814e+00,1.1432304493699707e+01,1.5655534066490750e+01,9.7578580394669814e+00,1.2106044820394933e+01,4.4239673030924571e+00,9.3455849352594971e+00,1.2106044820394933e+01,1.5655534066490750e+01,5.8073437228907760e+00,1.1432304493699707e+01,1.2106044820394933e+01,5.8073437228907760e+00,1.1432304493699707e+01,1.3814447731560270e+01,1.5655534066490750e+01,1.2106044820394933e+01,1.1432304493699707e+01,9.7243295614037950e-01,9.7578580394669814e+00,5.8073437228907760e+00,1.5655534066490750e+01,9.7578580394669814e+00,1.2106044820394933e+01,1.0108652794478038e+01,1.2106044820394933e+01,3.7984750768914699e+00,5.8073437228907760e+00,1.2106044820394933e+01,1.9373848659823829e+00,9.3455849352594971e+00,5.8073437228907760e+00,3.1718416630957575e+00,1.5655534066490750e+01,1.0108652794478038e+01,3.7984750768914699e+00,5.8073437228907760e+00,3.1718416630957575e+00,9.3455849352594971e+00,5.8073437228907760e+00,1.2106044820394933e+01,7.2294548769150948e+00,1.5655534066490750e+01,9.3455849352594971e+00,1.2106044820394933e+01,1.5655534066490750e+01,0.0000000000000000e+00,1.5655534066490750e+01,1.5655534066490750e+01,1.5655534066490750e+01,1.5655534066490750e+01,5.8073437228907760e+00,7.2294548769150948e+00,7.2294548769150948e+00,9.7243295614037950e-01,0.0000000000000000e+00,7.2294548769150948e+00,0.0000000000000000e+00,0.0000000000000000e+00,1.2106044820394933e+01,7.2294548769150948e+00,1.1432304493699707e+01,1.3814447731560270e+01,1.5655534066490750e+01,5.8073437228907760e+00,1.5655534066490750e+01,1.5655534066490750e+01,1.3814447731560270e+01,0.0000000000000000e+00,5.8073437228907760e+00,1.5655534066490750e+01,5.8073437228907760e+00,0.0000000000000000e+00,5.8073437228907760e+00,5.8073437228907760e+00,1.1432304493699707e+01,5.8073437228907760e+00,1.3814447731560270e+01,9.3455849352594971e+00,1.3814447731560270e+01,1.3814447731560270e+01,6.7558310556176400e+00,1.5655534066490750e+01,1.5655534066490750e+01,3.1718416630957575e+00,9.7578580394669814e+00,1.5655534066490750e+01,1.2106044820394933e+01,1.5655534066490750e+01,0.0000000000000000e+00,1.2106044820394933e+01,1.3814447731560270e+01,1.2106044820394933e+01,1.1432304493699707e+01,5.8073437228907760e+00,0.0000000000000000e+00,1.5655534066490750e+01,1.2106044820394933e+01,3.1718416630957575e+00,1.0108652794478038e+01,1.2106044820394933e+01,1.0108652794478038e+01,1.2106044820394933e+01,1.3814447731560270e+01,9.3455849352594971e+00,9.7578580394669814e+00,7.2294548769150948e+00,9.7578580394669814e+00,1.2106044820394933e+01,4.4239673030924571e+00,6.7558310556176400e+00,9.3455849352594971e+00,1.0108652794478038e+01,0.0000000000000000e+00,1.2106044820394933e+01,1.0108652794478038e+01,0.0000000000000000e+00,1.2106044820394933e+01,9.7243295614037950e-01,1.5655534066490750e+01,1.0108652794478038e+01,0.0000000000000000e+00,5.8073437228907760e+00,5.8073437228907760e+00,1.2106044820394933e+01,0.0000000000000000e+00,1.0108652794478038e+01,4.4239673030924571e+00,9.3455849352594971e+00,9.3455849352594971e+00,1.1432304493699707e+01,4.4239673030924571e+00,1.1432304493699707e+01,1.2106044820394933e+01,9.7243295614037950e-01,9.3455849352594971e+00,9.3455849352594971e+00,9.7243295614037950e-01,5.8073437228907760e+00,0.0000000000000000e+00,6.7558310556176400e+00,6.7558310556176400e+00,6.7558310556176400e+00,1.2106044820394933e+01,6.7558310556176400e+00,1.3814447731560270e+01,4.4239673030924571e+00,5.8073437228907760e+00,1.0108652794478038e+01,7.2294548769150948e+00,7.2294548769150948e+00,9.3455849352594971e+00,9.3455849352594971e+00,9.3455849352594971e+00,9.7578580394669814e+00,4.4239673030924571e+00,9.3455849352594971e+00,9.3455849352594971e+00,3.1718416630957575e+00,1.1432304493699707e+01,1.3814447731560270e+01,1.2106044820394933e+01,9.3455849352594971e+00,6.7558310556176400e+00,9.3455849352594971e+00,4.4239673030924571e+00,9.3455849352594971e+00,9.3455849352594971e+00,9.3455849352594971e+00,6.7558310556176400e+00,3.1718416630957575e+00,7.2294548769150948e+00,9.3455849352594971e+00,3.7984750768914699e+00,9.3455849352594971e+00,3.1718416630957575e+00,7.2294548769150948e+00,7.2294548769150948e+00,6.7558310556176400e+00,7.2294548769150948e+00,4.4239673030924571e+00,9.3455849352594971e+00,6.7558310556176400e+00,7.2294548769150948e+00,7.2294548769150948e+00,3.1718416630957575e+00,7.2294548769150948e+00,7.2294548769150948e+00,1.9373848659823829e+00,6.7558310556176400e+00,1.1432304493699707e+01,1.1432304493699707e+01,6.7558310556176400e+00,4.4239673030924571e+00,9.7243295614037950e-01,9.3455849352594971e+00,1.1432304493699707e+01,1.1432304493699707e+01,1.5655534066490750e+01,7.2294548769150948e+00,3.1718416630957575e+00,3.1718416630957575e+00,1.9373848659823829e+00,9.7578580394669814e+00,3.7984750768914699e+00,1.1432304493699707e+01,1.5655534066490750e+01,9.7578580394669814e+00,1.0108652794478038e+01,1.0108652794478038e+01,1.5655534066490750e+01,4.4239673030924571e+00,1.1432304493699707e+01,7.2294548769150948e+00,1.1432304493699707e+01,9.7578580394669814e+00,0.0000000000000000e+00,1.5655534066490750e+01,9.7578580394669814e+00,3.1718416630957575e+00,1.5655534066490750e+01,7.2294548769150948e+00,9.7578580394669814e+00,9.7578580394669814e+00,1.2106044820394933e+01,1.0108652794478038e+01,1.0108652794478038e+01,1.5655534066490750e+01,1.5655534066490750e+01,1.5655534066490750e+01,9.3455849352594971e+00,1.1432304493699707e+01,1.5655534066490750e+01,3.1718416630957575e+00,1.1432304493699707e+01,9.7578580394669814e+00,9.3455849352594971e+00,1.5655534066490750e+01,1.5655534066490750e+01,3.7984750768914699e+00,1.0108652794478038e+01,1.0108652794478038e+01,1.0108652794478038e+01,1.0108652794478038e+01,1.0108652794478038e+01,1.0108652794478038e+01,0.0000000000000000e+00,1.0108652794478038e+01,1.5655534066490750e+01,3.7984750768914699e+00,5.8073437228907760e+00,9.3455849352594971e+00,1.5655534066490750e+01,1.9373848659823829e+00,9.3455849352594971e+00,1.5655534066490750e+01,0.0000000000000000e+00,1.5655534066490750e+01,1.2106044820394933e+01,1.2106044820394933e+01,5.8073437228907760e+00,1.1432304493699707e+01,1.5655534066490750e+01,7.2294548769150948e+00,1.5655534066490750e+01,4.4239673030924571e+00,5.8073437228907760e+00,1.5655534066490750e+01,1.5655534066490750e+01,4.4239673030924571e+00,7.2294548769150948e+00,7.2294548769150948e+00,1.3814447731560270e+01,4.4239673030924571e+00,1.9373848659823829e+00,5.8073437228907760e+00,9.7243295614037950e-01,1.5655534066490750e+01,6.7558310556176400e+00,1.5655534066490750e+01,1.0108652794478038e+01,7.2294548769150948e+00
0.0000000000000000e+00,0.0000000000000000e+00,0.0000000000000000e+00,0.0000000000000000e+00,0.0000000000000000e+00,0.0000000000000000e+00,0.0000000000000000e+00,0.0000000000000000e+00,0.0000000000000000e+00,0.0000000000000000e+00,0.0000000000000000e+00,0.0000000000000000e+00,0.0000000000000000e+00,0.0000000000000000e+00,0.0000000000000000e+00,0.0000000000000000e+00,0.0000000000000000e+00,0.0000000000000000e+00,0.0000000000000000e+00,0.0000000000000000e+00,0.0000000000000000e+00,0.0000000000000000e+00,0.0000000000000000e+00,0.0000000000000000e+00,0.0000000000000000e+00,0.0000000000000000e+00,0.0000000000000000e+00,0.0000000000000000e+00,0.0000000000000000e+00,0.0000000000000000e+00,0.0000000000000000e+00,0.0000000000000000e+00,0.0000000000000000e+00,0.0000000000000000e+00,0.0000000000000000e+00,0.0000000000000000e+00,0.0000000000000000e+00,0.0000000000000000e+00,0.0000000000000000e+00,0.0000000000000000e+00,0.0000000000000000e+00,0.0000000000000000e+00,0.0000000000000000e+00,0.0000000000000000e+00,0.0000000000000000e+00,0.0000000000000000e+00,0.0000000000000000e+00,0.0000000000000000e+00,0.0000000000000000e+00,0.0000000000000000e+00,0.0000000000000000e+00,0.0000000000000000e+00,0.0000000000000000e+00,0.0000000000000000e+00,0.0000000000000000e+00,0.0000000000000000e+00,0.0000000000000000e+00,0.0000000000000000e+00,0.0000000000000000e+00,0.0000000000000000e+00,0.0000000000000000e+00,0.0000000000000000e+00,0.0000000000000000e+00,0.0000000000000000e+00,0.0000000000000000e+00,0.0000000000000000e+00,0.0000000000000000e+00,0.0000000000000000e+00,0.0000000000000000e+00,0.0000000000000000e+00,0.0000000000000000e+00,0.0000000000000000e+00,0.0000000000000000e+00,0.0000000000000000e+00,0.0000000000000000e+00,0.0000000000000000e+00,0.0000000000000000e+00,0.0000000000000000e+00,0.0000000000000000e+00,0.0000000000000000e+00,0.0000000000000000e+00,0.0000000000000000e+00,0.0000000000000000e+00,0.0000000000000000e+00,0.0000000000000000e+00,0.0000000000000000e+00,0.0000000000000000e+00,0.0000000000000000e+00,0.0000000000000000e+00,0.0000000000000000e+00,0.0000000000000000e+00,0.0000000000000000e+00,0.0000000000000000e+00,0.0000000000000000e+00,0.0000000000000000e+00,0.0000000000000000e+00,0.0000000000000000e+00,0.0000000000000000e+00,0.0000000000000000e+00,0.0000000000000000e+00,0.0000000000000000e+00,0.0000000000000000e+00,0.0000000000000000e+00,0.0000000000000000e+00,0.0000000000000000e+00,0.0000000000000000e+00,0.0000000000000000e+00,0.0000000000000000e+00,0.0000000000000000e+00,0.0000000000000000e+00,0.0000000000000000e+00,0.0000000000000000e+00,0.0000000000000000e+00,0.0000000000000000e+00,0.0000000000000000e+00,0.0000000000000000e+00,0.0000000000000000e+00,0.0000000000000000e+00,0.0000000000000000e+00,0.0000000000000000e+00,0.0000000000000000e+00,0.0000000000000000e+00,0.0000000000000000e+00,0.0000000000000000e+00,0.0000000000000000e+00,0.0000000000000000e+00,0.0000000000000000e+00,0.0000000000000000e+00,0.0000000000000000e+00,0.0000000000000000e+00,0.0000000000000000e+00,0.0000000000000000e+00,0.0000000000000000e+00,0.0000000000000000e+00,0.0000000000000000e+00,0.0000000000000000e+00,0.0000000000000000e+00,0.0000000000000000e+00,0.0000000000000000e+00,0.0000000000000000e+00,0.0000000000000000e+00,0.0000000000000000e+00,0.0000000000000000e+00,0.0000000000000000e+00,0.0000000000000000e+00,0.0000000000000000e+00,0.0000000000000000e+00,0.0000000000000000e+00,0.0000000000000000e+00,0.0000000000000000e+00,0.0000000000000000e+00,0.0000000000000000e+00,0.0000000000000000e+00,0.0000000000000000e+00,0.0000000000000000e+00,0.0000000000000000e+00,0.0000000000000000e+00,0.0000000000000000e+00,0.0000000000000000e+00,0.0000000000000000e+00,0.0000000000000000e+00,0.0000000000000000e+00,0.0000000000000000e+00,0.0000000000000000e+00,0.0000000000000000e+00,0.0000000000000000e+00,0.0000000000000000e+00,0.0000000000000000e+00,0.0000000000000000e+00,0.0000000000000000e+00,0.0000000000000000e+00,0.0000000000000000e+00,0.0000000000000000e+00,0.0000000000000000e+00,0.0000000000000000e+00,0.0000000000000000e+00,0.0000000000000000e+00,0.0000000000000000e+00,0.0000000000000000e+00,0.0000000000000000e+00,0.0000000000000000e+00,0.0000000000000000e+00,0.0000000000000000e+00,0.0000000000000000e+00,0.0000000000000000e+00,0.0000000000000000e+00,0.0000000000000000e+00,0.0000000000000000e+00,0.0000000000000000e+00,0.0000000000000000e+00,0.0000000000000000e+00,0.0000000000000000e+00,0.0000000000000000e+00,0.0000000000000000e+00,0.0000000000000000e+00,0.0000000000000000e+00,0.0000000000000000e+00,0.0000000000000000e+00,0.0000000000000000e+00,0.0000000000000000e+00,0.0000000000000000e+00,0.0000000000000000e+00,0.0000000000000000e+00,0.0000000000000000e+00,0.0000000000000000e+00,0.0000000000000000e+00,0.0000000000000000e+00,0.0000000000000000e+00,0.0000000000000000e+00,0.0000000000000000e+00,0.0000000000000000e+00,0.0000000000000000e+00,0.0000000000000000e+00,0.0000000000000000e+00,0.0000000000000000e+00,0.0000000000000000e+00,0.0000000000000000e+00,0.0000000000000000e+00,0.0000000000000000e+00,0.0000000000000000e+00,0.0000000000000000e+00,0.0000000000000000e+00,0.0000000000000000e+00,0.0000000000000000e+00,0.0000000000000000e+00,0.0000000000000000e+00,0.0000000000000000e+00,0.0000000000000000e+00,0.0000000000000000e+00,0.0000000000000000e+00,0.0000000000000000e+00,0.0000000000000000e+00,0.0000000000000000e+00,0.0000000000000000e+00,0.0000000000000000e+00,0.0000000000000000e+00,0.0000000000000000e+00,0.0000000000000000e+00,0.0000000000000000e+00,0.0000000000000000e+00,0.0000000000000000e+00,0.0000000000000000e+00,0.0000000000000000e+00,0.0000000000000000e+00,0.0000000000000000e+00,0.0000000000000000e+00,0.0000000000000000e+00,0.0000000000000000e+00,0.0000000000000000e+00,0.0000000000000000e+00,0.0000000000000000e+00,0.0000000000000000e+00,0.0000000000000000e+00,0.0000000000000000e+00,0.0000000000000000e+00,0.0000000000000000e+00,0.0000000000000000e+00,0.0000000000000000e+00,0.0000000000000000e+00,0.0000000000000000e+00,0.0000000000000000e+00,0.0000000000000000e+00,0.0000000000000000e+00,0.0000000000000000e+00,0.0000000000000000e+00,0.0000000000000000e+00,0.0000000000000000e+00,0.0000000000000000e+00,0.0000000000000000e+00,0.0000000000000000e+00,0.0000000000000000e+00,0.0000000000000000e+00,0.0000000000000000e+00,0.0000000000000000e+00,0.0000000000000000e+00,0.0000000000000000e+00,0.0000000000000000e+00,0.0000000000000000e+00,0.0000000000000000e+00,0.0000000000000000e+00,0.0000000000000000e+00,0.0000000000000000e+00,0.0000000000000000e+00,0.0000000000000000e+00,0.0000000000000000e+00,0.0000000000000000e+00,0.0000000000000000e+00,0.0000000000000000e+00,0.0000000000000000e+00,0.0000000000000000e+00,0.0000000000000000e+00,0.0000000000000000e+00,0.0000000000000000e+00,0.0000000000000000e+00,0.0000000000000000e+00,0.0000000000000000e+00,0.0000000000000000e+00,0.0000000000000000e+00,0.0000000000000000e+00,0.0000000000000000e+00,0.0000000000000000e+00,0.0000000000000000e+00,0.0000000000000000e+00,0.0000000000000000e+00,0.0000000000000000e+00,0.0000000000000000e+00,0.0000000000000000e+00,0.0000000000000000e+00,0.0000000000000000e+00,0.0000000000000000e+00,0.0000000000000000e+00,0.0000000000000000e+00,0.0000000000000000e+00,0.0000000000000000e+00,0.0000000000000000e+00,0.0000000000000000e+00,0.0000000000000000e+00,0.0000000000000000e+00,0.0000000000000000e+00,0.0000000000000000e+00,0.0000000000000000e+00,0.0000000000000000e+00,0.0000000000000000e+00,0.0000000000000000e+00,0.0000000000000000e+00,0.0000000000000000e+00,0.0000000000000000e+00,0.0000000000000000e+00,0.0000000000000000e+00,0.0000000000000000e+00,0.0000000000000000e+00,0.0000000000000000e+00,0.0000000000000000e+00,0.0000000000000000e+00,0.0000000000000000e+00,0.0000000000000000e+00,0.0000000000000000e+00,0.0000000000000000e+00,0.0000000000000000e+00,0.0000000000000000e+00,0.0000000000000000e+00,0.0000000000000000e+00,0.0000000000000000e+00,0.0000000000000000e+00,0.0000000000000000e+00,0.0000000000000000e+00,0.0000000000000000e+00,0.0000000000000000e+00,0.0000000000000000e+00,0.0000000000000000e+00,0.0000000000000000e+00,0.0000000000000000e+00,0.0000000000000000e+00,0.0000000000000000e+00,0.0000000000000000e+00,0.0000000000000000e+00,0.0000000000000000e+00,0.0000000000000000e+00,0.0000000000000000e+00,0.0000000000000000e+00,0.0000000000000000e+00,0.0000000000000000e+00,0.0000000000000000e+00,0.0000000000000000e+00,0.0000000000000000e+00,0.0000000000000000e+00,0.0000000000000000e+00,0.0000000000000000e+00,0.0000000000000000e+00,0.0000000000000000e+00,0.0000000000000000e+00,0.0000000000000000e+00,0.0000000000000000e+00,0.0000000000000000e+00,0.0000000000000000e+00,0.0000000000000000e+00,0.0000000000000000e+00,0.0000000000000000e+00,0.0000000000000000e+00,0.0000000000000000e+00,0.0000000000000000e+00,0.0000000000000000e+00,0.0000000000000000e+00,0.0000000000000000e+00,0.0000000000000000e+00,0.0000000000000000e+00,0.0000000000000000e+00,0.0000000000000000e+00,0.0000000000000000e+00,0.0000000000000000e+00,0.0000000000000000e+00,0.0000000000000000e+00,0.0000000000000000e+00,0.0000000000000000e+00,0.0000000000000000e+00,0.0000000000000000e+00,0.0000000000000000e+00,0.0000000000000000e+00,0.0000000000000000e+00,0.0000000000000000e+00,0.0000000000000000e+00,0.0000000000000000e+00,0.0000000000000000e+00,0.0000000000000000e+00,0.0000000000000000e+00,0.0000000000000000e+00,0.0000000000000000e+00,0.0000000000000000e+00,0.0000000000000000e+00,0.0000000000000000e+00,0.0000000000000000e+00,0.0000000000000000e+00,0.0000000000000000e+00,0.0000000000000000e+00,0.0000000000000000e+00,0.0000000000000000e+00,0.0000000000000000e+00,0.0000000000000000e+00,0.0000000000000000e+00,0.0000000000000000e+00,0.0000000000000000e+00,0.0000000000000000e+00,0.0000000000000000e+00,0.0000000000000000e+00,0.0000000000000000e+00,0.0000000000000000e+00,0.0000000000000000e+00,0.0000000000000000e+00,0.0000000000000000e+00,0.0000000000000000e+00,0.0000000000000000e+00,0.0000000000000000e+00,0.0000000000000000e+00,0.0000000000000000e+00,0.0000000000000000e+00,0.0000000000000000e+00,0.0000000000000000e+00,0.0000000000000000e+00,0.0000000000000000e+00,0.0000000000000000e+00,0.0000000000000000e+00,0.0000000000000000e+00,0.0000000000000000e+00,0.0000000000000000e+00,0.0000000000000000e+00,0.0000000000000000e+00,0.0000000000000000e+00,0.0000000000000000e+00,0.0000000000000000e+00,0.0000000000000000e+00,0.0000000000000000e+00,0.0000000000000000e+00,0.0000000000000000e+00,0.0000000000000000e+00,0.0000000000000000e+00,0.0000000000000000e+00,0.0000000000000000e+00,0.0000000000000000e+00,0.0000000000000000e+00,0.0000000000000000e+00,0.0000000000000000e+00,0.0000000000000000e+00,0.0000000000000000e+00,0.0000000000000000e+00,0.0000000000000000e+00,0.0000000000000000e+00,0.0000000000000000e+00,0.0000000000000000e+00,0.0000000000000000e+00,0.0000000000000000e+00,0.0000000000000000e+00,0.0000000000000000e+00,0.0000000000000000e+00,0.0000000000000000e+00,0.0000000000000000e+00,0.0000000000000000e+00,0.0000000000000000e+00,0.0000000000000000e+00,0.0000000000000000e+00,0.0000000000000000e+00,0.0000000000000000e+00,0.0000000000000000e+00,0.0000000000000000e+00,0.0000000000000000e+00,0.0000000000000000e+00,0.0000000000000000e+00,0.0000000000000000e+00,0.0000000000000000e+00,0.0000000000000000e+00,0.0000000000000000e+00,0.0000000000000000e+00,0.0000000000000000e+00,0.0000000000000000e+00,0.0000000000000000e+00,0.0000000000000000e+00,0.0000000000000000e+00,0.0000000000000000e+00,0.0000000000000000e+00,0.0000000000000000e+00,0.0000000000000000e+00,0.0000000000000000e+00,0.0000000000000000e+00,0.0000000000000000e+00,0.0000000000000000e+00,0.0000000000000000e+00,0.0000000000000000e+00,0.0000000000000000e+00,0.0000000000000000e+00,0.0000000000000000e+00,0.0000000000000000e+00,0.0000000000000000e+00,0.0000000000000000e+00,0.0000000000000000e+00,0.0000000000000000e+00,0.0000000000000000e+00,0.0000000000000000e+00,0.0000000000000000e+00,0.0000000000000000e+00,0.0000000000000000e+00,0.0000000000000000e+00,0.0000000000000000e+00,0.0000000000000000e+00,0.0000000000000000e+00,0.0000000000000000e+00,0.0000000000000000e+00,0.0000000000000000e+00,0.0000000000000000e+00,0.0000000000000000e+00,0.0000000000000000e+00,0.0000000000000000e+00,0.0000000000000000e+00,0.0000000000000000e+00,0.0000000000000000e+00,0.0000000000000000e+00,0.0000000000000000e+00,0.0000000000000000e+00,0.0000000000000000e+00,0.0000000000000000e+00,0.0000000000000000e+00,0.0000000000000000e+00,0.0000000000000000e+00,0.0000000000000000e+00,0.0000000000000000e+00,0.0000000000000000e+00,0.0000000000000000e+00,0.0000000000000000e+00,0.0000000000000000e+00,0.0000000000000000e+00,0.0000000000000000e+00,0.0000000000000000e+00,0.0000000000000000e+00,0.0000000000000000e+00,0.0000000000000000e+00,0.0000000000000000e+00,0.0000000000000000e+00,0.0000000000000000e+00,0.0000000000000000e+00,0.0000000000000000e+00,0.0000000000000000e+00,0.0000000000000000e+00,0.0000000000000000e+00,0.0000000000000000e+00,0.0000000000000000e+00,0.0000000000000000e+00,0.0000000000000000e+00,0.0000000000000000e+00,0.0000000000000000e+00,0.0000000000000000e+00,0.0000000000000000e+00,0.0000000000000000e+00,0.0000000000000000e+00,0.0000000000000000e+00,0.0000000000000000e+00,0.0000000000000000e+00,0.0000000000000000e+00,0.0000000000000000e+00,0.0000000000000000e+00,0.0000000000000000e+00,0.0000000000000000e+00,0.0000000000000000e+00,0.0000000000000000e+00,0.0000000000000000e+00,0.0000000000000000e+00,0.0000000000000000e+00,0.0000000000000000e+00,0.0000000000000000e+00,0.0000000000000000e+00,0.0000000000000000e+00,0.0000000000000000e+00,0.0000000000000000e+00,0.0000000000000000e+00,0.0000000000000000e+00,0.0000000000000000e+00,0.0000000000000000e+00,0.0000000000000000e+00,0.0000000000000000e+00,0.0000000000000000e+00,0.0000000000000000e+00,0.0000000000000000e+00,0.0000000000000000e+00,0.0000000000000000e+00,0.0000000000000000e+00,0.0000000000000000e+00,0.0000000000000000e+00,0.0000000000000000e+00,0.0000000000000000e+00,0.0000000000000000e+00,0.0000000000000000e+00,0.0000000000000000e+00,0.0000000000000000e+00,0.0000000000000000e+00,0.0000000000000000e+00,0.0000000000000000e+00,0.0000000000000000e+00,0.0000000000000000e+00,0.0000000000000000e+00,0.0000000000000000e+00,0.0000000000000000e+00,0.0000000000000000e+00,0.0000000000000000e+00,0.0000000000000000e+00,0.0000000000000000e+00,0.0000000000000000e+00,0.0000000000000000e+00,0.0000000000000000e+00,0.0000000000000000e+00,0.0000000000000000e+00,0.0000000000000000e+00,0.0000000000000000e+00,0.0000000000000000e+00,0.0000000000000000e+00,0.0000000000000000e+00,0.0000000000000000e+00,0.0000000000000000e+00,0.0000000000000000e+00,0.0000000000000000e+00,0.0000000000000000e+00,0.0000000000000000e+00,0.0000000000000000e+00,0.0000000000000000e+00,0.0000000000000000e+00,0.0000000000000000e+00,0.0000000000000000e+00,0.0000000000000000e+00,0.0000000000000000e+00,0.0000000000000000e+00,0.0000000000000000e+00,0.0000000000000000e+00,0.0000000000000000e+00,0.0000000000000000e+00,0.0000000000000000e+00,0.0000000000000000e+00,0.0000000000000000e+00,0.0000000000000000e+00,0.0000000000000000e+00,0.0000000000000000e+00,0.0000000000000000e+00,0.0000000000000000e+00,0.0000000000000000e+00,0.0000000000000000e+00,0.0000000000000000e+00,0.0000000000000000e+00,0.0000000000000000e+00,0.0000000000000000e+00,0.0000000000000000e+00,0.0000000000000000e+00,0.0000000000000000e+00,0.0000000000000000e+00,0.0000000000000000e+00,0.0000000000000000e+00,0.0000000000000000e+00,0.0000000000000000e+00,0.0000000000000000e+00,0.0000000000000000e+00,0.0000000000000000e+00,0.0000000000000000e+00,0.0000000000000000e+00,0.0000000000000000e+00,0.0000000000000000e+00,0.0000000000000000e+00,0.0000000000000000e+00,0.0000000000000000e+00,0.0000000000000000e+00,0.0000000000000000e+00,0.0000000000000000e+00,0.0000000000000000e+00,0.0000000000000000e+00,0.0000000000000000e+00,0.0000000000000000e+00,0.0000000000000000e+00,0.0000000000000000e+00,0.0000000000000000e+00,0.0000000000000000e+00,0.0000000000000000e+00,0.0000000000000000e+00,0.0000000000000000e+00,0.0000000000000000e+00,0.0000000000000000e+00,0.0000000000000000e+00,0.0000000000000000e+00,0.0000000000000000e+00,0.0000000000000000e+00,0.0000000000000000e+00,0.0000000000000000e+00,0.0000000000000000e+00,0.0000000000000000e+00,0.0000000000000000e+00,0.0000000000000000e+00,0.0000000000000000e+00,0.0000000000000000e+00,0.0000000000000000e+00,0.0000000000000000e+00,0.0000000000000000e+00,0.0000000000000000e+00,0.0000000000000000e+00,0.0000000000000000e+00,0.0000000000000000e+00,0.0000000000000000e+00,0.0000000000000000e+00,0.0000000000000000e+00,0.0000000000000000e+00,0.0000000000000000e+00,0.0000000000000000e+00,0.0000000000000000e+00,0.0000000000000000e+00,0.0000000000000000e+00,0.0000000000000000e+00,0.0000000000000000e+00,0.0000000000000000e+00,0.0000000000000000e+00,0.0000000000000000e+00,0.0000000000000000e+00,0.0000000000000000e+00,0.0000000000000000e+00,0.0000000000000000e+00,0.0000000000000000e+00,0.0000000000000000e+00,0.0000000000000000e+00,0.0000000000000000e+00,0.0000000000000000e+00,0.0000000000000000e+00,0.0000000000000000e+00,0.0000000000000000e+00,0.0000000000000000e+00,0.0000000000000000e+00,0.0000000000000000e+00,0.0000000000000000e+00,0.0000000000000000e+00,0.0000000000000000e+00,0.0000000000000000e+00,0.0000000000000000e+00,0.0000000000000000e+00,0.0000000000000000e+00,0.0000000000000000e+00,0.0000000000000000e+00,0.0000000000000000e+00,0.0000000000000000e+00,0.0000000000000000e+00,0.0000000000000000e+00,0.0000000000000000e+00,0.0000000000000000e+00,0.0000000000000000e+00,0.0000000000000000e+00,0.0000000000000000e+00,0.0000000000000000e+00,0.0000000000000000e+00,0.0000000000000000e+00,0.0000000000000000e+00,0.0000000000000000e+00,0.0000000000000000e+00,0.0000000000000000e+00,0.0000000000000000e+00,0.0000000000000000e+00,0.0000000000000000e+00,0.0000000000000000e+00,0.0000000000000000e+00,0.0000000000000000e+00,0.0000000000000000e+00,0.0000000000000000e+00,0.0000000000000000e+00,0.0000000000000000e+00,0.0000000000000000e+00,0.0000000000000000e+00,0.0000000000000000e+00,0.0000000000000000e+00,0.0000000000000000e+00,0.0000000000000000e+00,0.0000000000000000e+00,0.0000000000000000e+00,0.0000000000000000e+00,0.0000000000000000e+00,0.0000000000000000e+00,0.0000000000000000e+00,0.0000000000000000e+00,0.0000000000000000e+00,0.0000000000000000e+00,0.0000000000000000e+00,0.0000000000000000e+00,0.0000000000000000e+00,0.0000000000000000e+00,0.0000000000000000e+00,0.0000000000000000e+00,0.0000000000000000e+00,0.0000000000000000e+00,0.0000000000000000e+00,0.0000000000000000e+00,0.0000000000000000e+00,0.0000000000000000e+00,0.0000000000000000e+00,0.0000000000000000e+00,0.0000000000000000e+00,0.0000000000000000e+00,0.0000000000000000e+00,0.0000000000000000e+00,0.0000000000000000e+00,0.0000000000000000e+00,0.0000000000000000e+00,0.0000000000000000e+00,0.0000000000000000e+00,0.0000000000000000e+00,0.0000000000000000e+00,0.0000000000000000e+00,0.0000000000000000e+00,0.0000000000000000e+00,0.0000000000000000e+00,0.0000000000000000e+00,0.0000000000000000e+00,0.0000000000000000e+00,0.0000000000000000e+00,0.0000000000000000e+00,0.0000000000000000e+00,0.0000000000000000e+00,0.0000000000000000e+00,0.0000000000000000e+00,0.0000000000000000e+00,0.0000000000000000e+00,0.0000000000000000e+00,0.0000000000000000e+00,0.0000000000000000e+00,0.0000000000000000e+00,0.0000000000000000e+00,0.0000000000000000e+00,0.0000000000000000e+00,0.0000000000000000e+00,0.0000000000000000e+00,0.0000000000000000e+00,0.0000000000000000e+00,0.0000000000000000e+00,0.0000000000000000e+00,0.0000000000000000e+00,0.0000000000000000e+00,0.0000000000000000e+00,0.0000000000000000e+00,0.0000000000000000e+00,0.0000000000000000e+00,0.0000000000000000e+00,0.0000000000000000e+00,0.0000000000000000e+00,0.0000000000000000e+00,0.0000000000000000e+00,0.0000000000000000e+00,0.0000000000000000e+00,0.0000000000000000e+00,0.0000000000000000e+00,0.0000000000000000e+00,0.0000000000000000e+00,0.0000000000000000e+00,0.0000000000000000e+00,0.0000000000000000e+00,0.0000000000000000e+00,0.0000000000000000e+00,0.0000000000000000e+00,0.0000000000000000e+00,0.0000000000000000e+00,0.0000000000000000e+00,0.0000000000000000e+00,0.0000000000000000e+00,0.0000000000000000e+00,0.0000000000000000e+00,0.0000000000000000e+00,0.0000000000000000e+00,0.0000000000000000e+00,0.0000000000000000e+00,0.0000000000000000e+00,0.0000000000000000e+00,0.0000000000000000e+00,0.0000000000000000e+00,0.0000000000000000e+00,0.0000000000000000e+00,0.0000000000000000e+00,0.0000000000000000e+00,0.0000000000000000e+00,0.0000000000000000e+00,0.0000000000000000e+00,0.0000000000000000e+00,0.0000000000000000e+00,0.0000000000000000e+00,0.0000000000000000e+00,0.0000000000000000e+00,0.0000000000000000e+00,0.0000000000000000e+00,0.0000000000000000e+00,0.0000000000000000e+00,0.0000000000000000e+00,0.0000000000000000e+00,0.0000000000000000e+00,0.0000000000000000e+00,0.0000000000000000e+00,0.0000000000000000e+00,0.0000000000000000e+00,0.0000000000000000e+00,0.0000000000000000e+00,0.0000000000000000e+00,0.0000000000000000e+00,0.0000000000000000e+00,0.0000000000000000e+00,0.0000000000000000e+00,0.0000000000000000e+00,0.0000000000000000e+00,0.0000000000000000e+00,0.0000000000000000e+00,0.0000000000000000e+00,0.0000000000000000e+00,0.0000000000000000e+00,0.0000000000000000e+00,0.0000000000000000e+00,0.0000000000000000e+00,0.0000000000000000e+00,0.0000000000000000e+00,0.0000000000000000e+00,0.0000000000000000e+00,0.0000000000000000e+00,0.0000000000000000e+00,0.0000000000000000e+00,0.0000000000000000e+00,0.0000000000000000e+00,0.0000000000000000e+00,0.0000000000000000e+00,0.0000000000000000e+00,0.0000000000000000e+00,0.0000000000000000e+00,0.0000000000000000e+00,0.0000000000000000e+00,0.0000000000000000e+00,0.0000000000000000e+00,0.0000000000000000e+00,0.0000000000000000e+00,0.0000000000000000e+00,0.0000000000000000e+00,0.0000000000000000e+00,0.0000000000000000e+00,0.0000000000000000e+00,0.0000000000000000e+00,0.0000000000000000e+00,0.0000000000000000e+00,0.0000000000000000e+00,0.0000000000000000e+00,0.0000000000000000e+00,0.0000000000000000e+00,0.0000000000000000e+00,0.0000000000000000e+00,0.0000000000000000e+00,0.0000000000000000e+00,0.0000000000000000e+00,0.0000000000000000e+00,0.0000000000000000e+00,0.0000000000000000e+00,0.0000000000000000e+00,0.0000000000000000e+00,0.0000000000000000e+00,0.0000000000000000e+00,0.0000000000000000e+00,0.0000000000000000e+00,0.0000000000000000e+00,0.0000000000000000e+00,0.0000000000000000e+00,0.0000000000000000e+00,0.0000000000000000e+00,0.0000000000000000e+00,0.0000000000000000e+00,0.0000000000000000e+00,0.0000000000000000e+00,0.0000000000000000e+00,0.0000000000000000e+00,0.0000000000000000e+00,0.0000000000000000e+00,0.0000000000000000e+00,0.0000000000000000e+00,0.0000000000000000e+00,0.0000000000000000e+00,0.0000000000000000e+00,0.0000000000000000e+00,0.0000000000000000e+00,0.0000000000000000e+00,0.0000000000000000e+00,0.0000000000000000e+00,0.0000000000000000e+00,0.0000000000000000e+00,0.0000000000000000e+00,0.0000000000000000e+00
1.4098453291811325e+01,0.0000000000000000e+00,9.1813478373794954e-01,1.4098453291811325e+01,1.2117622491525696e+01,4.5282856576625798e+00,1.4098453291811325e+01,1.4098453291811325e+01,1.4098453291811325e+01,1.4098453291811325e+01,4.5282856576625798e+00,1.4098453291811325e+01,3.6839280770219411e+00,1.4098453291811325e+01,3.6839280770219411e+00,1.4098453291811325e+01,7.9068645883304285e+00,1.4098453291811325e+01,1.4098453291811325e+01,6.9652828872621191e+00,4.5282856576625798e+00,8.6494096821340065e+00,8.6494096821340065e+00,7.4786391132607672e+00,7.4786391132607672e+00,7.4786391132607672e+00,8.6494096821340065e+00,0.0000000000000000e+00,8.6494096821340065e+00,7.4786391132607672e+00,1.3529360725162212e+01,4.5282856576625798e+00,7.4786391132607672e+00,9.1813478373794954e-01,1.3529360725162212e+01,1.2117622491525696e+01,9.1813478373794954e-01,1.3529360725162212e+01,1.2318276139217406e+01,4.5282856576625798e+00,1.3529360725162212e+01,1.4098453291811325e+01,1.4098453291811325e+01,1.3529360725162212e+01,3.6839280770219411e+00,7.4786391132607672e+00,1.4098453291811325e+01,2.7246041130099647e+00,1.4098453291811325e+01,1.4098453291811325e+01,2.7246041130099647e+00,1.4098453291811325e+01,1.4098453291811325e+01,4.5282856576625798e+00,4.5282856576625798e+00,8.6494096821340065e+00,0.0000000000000000e+00,7.4786391132607672e+00,6.9652828872621191e+00,1.4098453291811325e+01,1.2117622491525696e+01,1.4098453291811325e+01,1.2117622491525696e+01,1.2117622491525696e+01,1.4098453291811325e+01,9.1813478373794954e-01,1.4098453291811325e+01,9.1813478373794954e-01,8.6494096821340065e+00,9.1813478373794954e-01,4.5282856576625798e+00,1.4098453291811325e+01,1.1576083719223440e+01,7.4786391132607672e+00,1.4098453291811325e+01,3.6839280770219411e+00,4.5282856576625798e+00,4.5282856576625798e+00,1.3529360725162212e+01,7.4786391132607672e+00,1.4098453291811325e+01,1.4098453291811325e+01,1.3529360725162212e+01,1.3529360725162212e+01,1.4098453291811325e+01,1.4098453291811325e+01,1.4098453291811325e+01,7.9068645883304285e+00,3.6839280770219411e+00,1.3529360725162212e+01,1.3529360725162212e+01,9.1813478373794954e-01,1.3529360725162212e+01,1.4098453291811325e+01,5.1391807441837996e+00,1.3529360725162212e+01,1.3529360725162212e+01,1.3529360725162212e+01,1.3529360725162212e+01,6.9652828872621191e+00,7.4786391132607672e+00,9.1813478373794954e-01,0.0000000000000000e+00,1.1576083719223440e+01,1.4098453291811325e+01,7.4786391132607672e+00,1.2117622491525696e+01,7.4786391132607672e+00,1.4098453291811325e+01,1.3529360725162212e+01,1.3529360725162212e+01,8.6494096821340065e+00,1.3529360725162212e+01,7.4786391132607672e+00,1.4098453291811325e+01,7.9068645883304285e+00,7.4786391132607672e+00,1.4098453291811325e+01,7.9068645883304285e+00,2.7246041130099647e+00,7.9068645883304285e+00,0.0000000000000000e+00,7.4786391132607672e+00,1.2117622491525696e+01,3.6839280770219411e+00,1.3529360725162212e+01,1.3529360725162212e+01,1.3529360725162212e+01,7.4786391132607672e+00,1.3529360725162212e+01,8.6494096821340065e+00,6.9652828872621191e+00,2.7246041130099647e+00,1.2117622491525696e+01,1.2117622491525696e+01,2.7246041130099647e+00,1.3529360725162212e+01,1.3529360725162212e+01,3.6839280770219411e+00,1.9617620864616638e+00,1.4098453291811325e+01,2.7246041130099647e+00,7.4786391132607672e+00,8.6494096821340065e+00,8.6494096821340065e+00,1.4098453291811325e+01,1.4098453291811325e+01,1.3529360725162212e+01,1.4098453291811325e+01,1.4098453291811325e+01,4.5282856576625798e+00,1.3529360725162212e+01,1.3529360725162212e+01,1.1576083719223440e+01,1.1576083719223440e+01,1.4098453291811325e+01,1.4098453291811325e+01,1.2318276139217406e+01,1.4098453291811325e+01,1.3529360725162212e+01,4.5282856576625798e+00,1.1576083719223440e+01,9.1813478373794954e-01,8.6494096821340065e+00,1.4098453291811325e+01,5.1391807441837996e+00,4.5282856576625798e+00,6.9652828872621191e+00,1.4098453291811325e+01,4.5282856576625798e+00,1.1576083719223440e+01,4.5282856576625798e+00,4.5282856576625798e+00,9.1813478373794954e-01,1.2117622491525696e+01,1.2117622491525696e+01,7.4786391132607672e+00,8.6494096821340065e+00,8.6494096821340065e+00,9.1813478373794954e-01,1.9617620864616638e+00,1.9617620864616638e+00,7.4786391132607672e+00,8.6494096821340065e+00,1.4098453291811325e+01,1.3529360725162212e+01,1.1576083719223440e+01,3.6839280770219411e+00,1.2117622491525696e+01,1.4098453291811325e+01,1.2117622491525696e+01,2.7246041130099647e+00,1.2117622491525696e+01,0.0000000000000000e+00,8.6494096821340065e+00,0.0000000000000000e+00,1.4098453291811325e+01,8.6494096821340065e+00,2.7246041130099647e+00,1.9617620864616638e+00,7.9068645883304285e+00,7.9068645883304285e+00,0.0000000000000000e+00,3.6839280770219411e+00,6.9652828872621191e+00,1.1576083719223440e+01,1.2117622491525696e+01,1.3529360725162212e+01,1.3529360725162212e+01,1.2117622491525696e+01,7.9068645883304285e+00,1.1576083719223440e+01,8.6494096821340065e+00,8.6494096821340065e+00,1.4098453291811325e+01,1.2318276139217406e+01,1.9617620864616638e+00,1.4098453291811325e+01,1.4098453291811325e+01,1.3529360725162212e+01,7.9068645883304285e+00,1.2117622491525696e+01,7.9068645883304285e+00,0.0000000000000000e+00,1.2318276139217406e+01,1.3529360725162212e+01,0.0000000000000000e+00,1.4098453291811325e+01,1.9617620864616638e+00,6.9652828872621191e+00,1.4098453291811325e+01,1.4098453291811325e+01,1.4098453291811325e+01,1.3529360725162212e+01,1.2318276139217406e+01,2.7246041130099647e+00,2.7246041130099647e+00,1.4098453291811325e+01,1.4098453291811325e+01,2.7246041130099647e+00,1.4098453291811325e+01,1.1576083719223440e+01,1.1576083719223440e+01,1.3529360725162212e+01,7.9068645883304285e+00,6.9652828872621191e+00,1.3529360725162212e+01,1.4098453291811325e+01,1.4098453291811325e+01,1.3529360725162212e+01,3.6839280770219411e+00,1.3529360725162212e+01,3.6839280770219411e+00,1.3529360725162212e+01,1.3529360725162212e+01,1.3529360725162212e+01,2.7246041130099647e+00,1.3529360725162212e+01,7.4786391132607672e+00,1.4098453291811325e+01,1.2117622491525696e+01,4.5282856576625798e+00,7.4786391132607672e+00,1.9617620864616638e+00,7.9068645883304285e+00,6.9652828872621191e+00,1.2318276139217406e+01,7.4786391132607672e+00,1.3529360725162212e+01,1.3529360725162212e+01,7.9068645883304285e+00,7.9068645883304285e+00,1.1576083719223440e+01,6.9652828872621191e+00,1.2318276139217406e+01,1.3529360725162212e+01,1.1576083719223440e+01,3.6839280770219411e+00,1.2318276139217406e+01,1.3529360725162212e+01,6.9652828872621191e+00,1.2318276139217406e+01,6.9652828872621191e+00,9.1813478373794954e-01,6.9652828872621191e+00,5.1391807441837996e+00,1.2117622491525696e+01,6.9652828872621191e+00,1.9617620864616638e+00,6.9652828872621191e+00,6.9652828872621191e+00,1.9617620864616638e+00,1.4098453291811325e+01,1.4098453291811325e+01,1.2318276139217406e+01,1.1576083719223440e+01,1.3529360725162212e+01,1.2117622491525696e+01,1.2318276139217406e+01,1.3529360725162212e+01,1.2117622491525696e+01,6.9652828872621191e+00,1.4098453291811325e+01,1.3529360725162212e+01,1.4098453291811325e+01,0.0000000000000000e+00,3.6839280770219411e+00,1.9617620864616638e+00,1.2318276139217406e+01,1.2318276139217406e+01,6.9652828872621191e+00,1.3529360725162212e+01,1.2117622491525696e+01,2.7246041130099647e+00,1.4098453291811325e+01,4.5282856576625798e+00,1.9617620864616638e+00,1.2318276139217406e+01,3.6839280770219411e+00,1.3529360725162212e+01,1.2318276139217406e+01,7.4786391132607672e+00,6.9652828872621191e+00,1.2318276139217406e+01,1.3529360725162212e+01,0.0000000000000000e+00,1.4098453291811325e+01,3.6839280770219411e+00,1.4098453291811325e+01,1.4098453291811325e+01,1.2318276139217406e+01,5.1391807441837996e+00,7.4786391132607672e+00,6.9652828872621191e+00,6.9652828872621191e+00,6.9652828872621191e+00,1.3529360725162212e+01,4.5282856576625798e+00,1.2117622491525696e+01,7.9068645883304285e+00,7.9068645883304285e+00,2.7246041130099647e+00,4.5282856576625798e+00,1.4098453291811325e+01,8.6494096821340065e+00,1.2117622491525696e+01,6.9652828872621191e+00,7.4786391132607672e+00,1.3529360725162212e+01,9.1813478373794954e-01,1.4098453291811325e+01,1.4098453291811325e+01,7.4786391132607672e+00,1.3529360725162212e+01,7.4786391132607672e+00,6.9652828872621191e+00,7.9068645883304285e+00,7.9068645883304285e+00,1.2318276139217406e+01,1.2318276139217406e+01,1.2117622491525696e+01,1.9617620864616638e+00,1.3529360725162212e+01,1.3529360725162212e+01,1.3529360725162212e+01,2.7246041130099647e+00,1.2117622491525696e+01,1.2318276139217406e+01,4.5282856576625798e+00,1.3529360725162212e+01,1.9617620864616638e+00,1.2117622491525696e+01,1.9617620864616638e+00,4.5282856576625798e+00,1.2117622491525696e+01,1.2117622491525696e+01,1.2117622491525696e+01,1.4098453291811325e+01,1.4098453291811325e+01,5.1391807441837996e+00,5.1391807441837996e+00,8.6494096821340065e+00,9.1813478373794954e-01,9.1813478373794954e-01,1.3529360725162212e+01,1.1576083719223440e+01,9.1813478373794954e-01,0.0000000000000000e+00,4.5282856576625798e+00,7.9068645883304285e+00,1.4098453291811325e+01,2.7246041130099647e+00,1.4098453291811325e+01,7.4786391132607672e+00,5.1391807441837996e+00,7.9068645883304285e+00,1.4098453291811325e+01,1.9617620864616638e+00,1.3529360725162212e+01,8.6494096821340065e+00,1.4098453291811325e+01,2.7246041130099647e+00,1.2117622491525696e+01,1.4098453291811325e+01,1.4098453291811325e+01,0.0000000000000000e+00,0.0000000000000000e+00,8.6494096821340065e+00,8.6494096821340065e+00,6.9652828872621191e+00,1.3529360725162212e+01,8.6494096821340065e+00,4.5282856576625798e+00,1.9617620864616638e+00,1.9617620864616638e+00,1.1576083719223440e+01,7.9068645883304285e+00,1.4098453291811325e+01,1.4098453291811325e+01,1.3529360725162212e+01,1.3529360725162212e+01,1.9617620864616638e+00,6.9652828872621191e+00,3.6839280770219411e+00,6.9652828872621191e+00,3.6839280770219411e+00,6.9652828872621191e+00,1.9617620864616638e+00,6.9652828872621191e+00,5.1391807441837996e+00,6.9652828872621191e+00,1.3529360725162212e+01,1.2318276139217406e+01,0.0000000000000000e+00,8.6494096821340065e+00,6.9652828872621191e+00,6.9652828872621191e+00,7.4786391132607672e+00,1.2318276139217406e+01,1.9617620864616638e+00,1.2318276139217406e+01,1.2318276139217406e+01,5.1391807441837996e+00,1.2318276139217406e+01,1.2318276139217406e+01,6.9652828872621191e+00,1.2318276139217406e+01,1.2318276139217406e+01,1.2318276139217406e+01,1.9617620864616638e+00,8.6494096821340065e+00,1.1576083719223440e+01,0.0000000000000000e+00,7.4786391132607672e+00,1.3529360725162212e+01,1.3529360725162212e+01,1.3529360725162212e+01,1.2318276139217406e+01,6.9652828872621191e+00,6.9652828872621191e+00,1.3529360725162212e+01,6.9652828872621191e+00,7.4786391132607672e+00,7.4786391132607672e+00,1.3529360725162212e+01,6.9652828872621191e+00,0.0000000000000000e+00,7.9068645883304285e+00,0.0000000000000000e+00,1.3529360725162212e+01,1.3529360725162212e+01,1.3529360725162212e+01,1.9617620864616638e+00,1.3529360725162212e+01,5.1391807441837996e+00,4.5282856576625798e+00,1.2318276139217406e+01,7.9068645883304285e+00,1.1576083719223440e+01,1.3529360725162212e+01,2.7246041130099647e+00,6.9652828872621191e+00,1.3529360725162212e+01,8.6494096821340065e+00,1.3529360725162212e+01,1.3529360725162212e+01,1.1576083719223440e+01,0.0000000000000000e+00,4.5282856576625798e+00,4.5282856576625798e+00,1.1576083719223440e+01,1.3529360725162212e+01,5.1391807441837996e+00,4.5282856576625798e+00,1.2318276139217406e+01,1.2318276139217406e+01,1.1576083719223440e+01,1.2318276139217406e+01,3.6839280770219411e+00,1.1576083719223440e+01,3.6839280770219411e+00,1.2117622491525696e+01,4.5282856576625798e+00,6.9652828872621191e+00,1.3529360725162212e+01,9.1813478373794954e-01,6.9652828872621191e+00,2.7246041130099647e+00,7.4786391132607672e+00,1.2117622491525696e+01,8.6494096821340065e+00,1.2117622491525696e+01,8.6494096821340065e+00,1.2318276139217406e+01,7.9068645883304285e+00,0.0000000000000000e+00,7.4786391132607672e+00,2.7246041130099647e+00,5.1391807441837996e+00,3.6839280770219411e+00,1.2318276139217406e+01,1.2318276139217406e+01,1.2117622491525696e+01,1.2318276139217406e+01,2.7246041130099647e+00,8.6494096821340065e+00,1.2117622491525696e+01,2.7246041130099647e+00,3.6839280770219411e+00,1.2117622491525696e+01,0.0000000000000000e+00,7.9068645883304285e+00,1.2117622491525696e+01,1.2117622491525696e+01,9.1813478373794954e-01,1.2117622491525696e+01,1.2117622491525696e+01,7.4786391132607672e+00,3.6839280770219411e+00,1.2117622491525696e+01,6.9652828872621191e+00,1.2117622491525696e+01,1.2117622491525696e+01,1.2117622491525696e+01,1.4098453291811325e+01,1.3529360725162212e+01,1.2117622491525696e+01,1.2117622491525696e+01,1.2117622491525696e+01,1.2117622491525696e+01,3.6839280770219411e+00,1.4098453291811325e+01,1.9617620864616638e+00,1.1576083719223440e+01,1.2117622491525696e+01,8.6494096821340065e+00,3.6839280770219411e+00,2.7246041130099647e+00,9.1813478373794954e-01,1.3529360725162212e+01,9.1813478373794954e-01,9.1813478373794954e-01,6.9652828872621191e+00,6.9652828872621191e+00,9.1813478373794954e-01,7.4786391132607672e+00,0.0000000000000000e+00,7.9068645883304285e+00,7.4786391132607672e+00,6.9652828872621191e+00,7.4786391132607672e+00,1.3529360725162212e+01,1.4098453291811325e+01,1.4098453291811325e+01,6.9652828872621191e+00,3.6839280770219411e+00,8.6494096821340065e+00,7.4786391132607672e+00,1.2117622491525696e+01,1.2117622491525696e+01,7.4786391132607672e+00,1.3529360725162212e+01,1.2117622491525696e+01,1.2117622491525696e+01,8.6494096821340065e+00,7.4786391132607672e+00,3.6839280770219411e+00,7.9068645883304285e+00,9.1813478373794954e-01,0.0000000000000000e+00,1.2117622491525696e+01,1.4098453291811325e+01,1.3529360725162212e+01,1.9617620864616638e+00,1.2318276139217406e+01,1.2318276139217406e+01,4.5282856576625798e+00,2.7246041130099647e+00,1.3529360725162212e+01,1.9617620864616638e+00,3.6839280770219411e+00,1.2117622491525696e+01,1.4098453291811325e+01,1.2117622491525696e+01,3.6839280770219411e+00,1.4098453291811325e+01,1.4098453291811325e+01,1.2117622491525696e+01,1.2117622491525696e+01,6.9652828872621191e+00,1.4098453291811325e+01,1.2318276139217406e+01,1.2318276139217406e+01,2.7246041130099647e+00,1.4098453291811325e+01,1.4098453291811325e+01,1.1576083719223440e+01,1.1576083719223440e+01,2.7246041130099647e+00,4.5282856576625798e+00,1.2117622491525696e+01,3.6839280770219411e+00,1.3529360725162212e+01,1.3529360725162212e+01,1.9617620864616638e+00,7.4786391132607672e+00,7.4786391132607672e+00,6.9652828872621191e+00,6.9652828872621191e+00,1.9617620864616638e+00,1.4098453291811325e+01,8.6494096821340065e+00,5.1391807441837996e+00,1.4098453291811325e+01,1.4098453291811325e+01,5.1391807441837996e+00,5.1391807441837996e+00,1.4098453291811325e+01,8.6494096821340065e+00,1.4098453291811325e+01,1.2318276139217406e+01,1.4098453291811325e+01,0.0000000000000000e+00,1.4098453291811325e+01,7.4786391132607672e+00,7.4786391132607672e+00,5.1391807441837996e+00,1.4098453291811325e+01,1.2117622491525696e+01,8.6494096821340065e+00,1.1576083719223440e+01,3.6839280770219411e+00,1.4098453291811325e+01,4.5282856576625798e+00,1.3529360725162212e+01,1.9617620864616638e+00,6.9652828872621191e+00,1.3529360725162212e+01,0.0000000000000000e+00,1.4098453291811325e+01,0.0000000000000000e+00,5.1391807441837996e+00,3.6839280770219411e+00,7.9068645883304285e+00,1.4098453291811325e+01,5.1391807441837996e+00,6.9652828872621191e+00,1.9617620864616638e+00,5.1391807441837996e+00,1.4098453291811325e+01,1.2117622491525696e+01,7.9068645883304285e+00,3.6839280770219411e+00,1.3529360725162212e+01,1.4098453291811325e+01,3.6839280770219411e+00,1.3529360725162212e+01,1.1576083719223440e+01,4.5282856576625798e+00,3.6839280770219411e+00,3.6839280770219411e+00,4.5282856576625798e+00,9.1813478373794954e-01,7.9068645883304285e+00,5.1391807441837996e+00,2.7246041130099647e+00,6.9652828872621191e+00,1.9617620864616638e+00,1.2117622491525696e+01,2.7246041130099647e+00,0.0000000000000000e+00,1.4098453291811325e+01,9.1813478373794954e-01,1.2318276139217406e+01,3.6839280770219411e+00,1.2318276139217406e+01,4.5282856576625798e+00,1.2318276139217406e+01,1.3529360725162212e+01,7.4786391132607672e+00,7.4786391132607672e+00,8.6494096821340065e+00,1.4098453291811325e+01,5.1391807441837996e+00,1.4098453291811325e+01,1.4098453291811325e+01,3.6839280770219411e+00,1.2117622491525696e+01,1.3529360725162212e+01,7.9068645883304285e+00,6.9652828872621191e+00,4.5282856576625798e+00,8.6494096821340065e+00,8.6494096821340065e+00,5.1391807441837996e+00,1.2117622491525696e+01,7.9068645883304285e+00,3.6839280770219411e+00,1.4098453291811325e+01,3.6839280770219411e+00,1.4098453291811325e+01,3.6839280770219411e+00,2.7246041130099647e+00,1.4098453291811325e+01,1.4098453291811325e+01,1.3529360725162212e+01,3.6839280770219411e+00,1.9617620864616638e+00,8.6494096821340065e+00,1.4098453291811325e+01,9.1813478373794954e-01,1.3529360725162212e+01,1.3529360725162212e+01,1.3529360725162212e+01,1.2318276139217406e+01,6.9652828872621191e+00,1.3529360725162212e+01,5.1391807441837996e+00,1.4098453291811325e+01,1.2318276139217406e+01,1.9617620864616638e+00,1.2117622491525696e+01,1.2117622491525696e+01,5.1391807441837996e+00,4.5282856576625798e+00,4.5282856576625798e+00,1.4098453291811325e+01,4.5282856576625798e+00,1.9617620864616638e+00,8.6494096821340065e+00,1.2318276139217406e+01,1.2117622491525696e+01,1.1576083719223440e+01,5.1391807441837996e+00,4.5282856576625798e+00,5.1391807441837996e+00,1.2117622491525696e+01,7.4786391132607672e+00,1.4098453291811325e+01,8.6494096821340065e+00,1.2117622491525696e+01,8.6494096821340065e+00,1.2117622491525696e+01,8.6494096821340065e+00,8.6494096821340065e+00,1.2117622491525696e+01,1.1576083719223440e+01,8.6494096821340065e+00,1.2117622491525696e+01,1.2117622491525696e+01,1.2117622491525696e+01,2.7246041130099647e+00,1.1576083719223440e+01,8.6494096821340065e+00,1.4098453291811325e+01,1.2117622491525696e+01,9.1813478373794954e-01,7.4786391132607672e+00,1.1576083719223440e+01,0.0000000000000000e+00,1.2117622491525696e+01,1.4098453291811325e+01,7.4786391132607672e+00,1.3529360725162212e+01,1.4098453291811325e+01,1.9617620864616638e+00,1.1576083719223440e+01,1.4098453291811325e+01,1.2318276139217406e+01,1.2318276139217406e+01,2.7246041130099647e+00,0.0000000000000000e+00,1.4098453291811325e+01,1.1576083719223440e+01,1.9617620864616638e+00,1.2318276139217406e+01,1.2318276139217406e+01,4.5282856576625798e+00,1.9617620864616638e+00,5.1391807441837996e+00,1.2117622491525696e+01,4.5282856576625798e+00,1.2117622491525696e+01,7.9068645883304285e+00,1.2117622491525696e+01,1.4098453291811325e+01,1.3529360725162212e+01,0.0000000000000000e+00,1.4098453291811325e+01,1.2117622491525696e+01,1.2117622491525696e+01,1.2117622491525696e+01,1.2117622491525696e+01,1.4098453291811325e+01,1.2318276139217406e+01,1.2117622491525696e+01,1.2318276139217406e+01,1.2117622491525696e+01,1.2117622491525696e+01,1.4098453291811325e+01,7.9068645883304285e+00,7.9068645883304285e+00,4.5282856576625798e+00,1.9617620864616638e+00,1.2117622491525696e+01,1.2117622491525696e+01,1.3529360725162212e+01,6.9652828872621191e+00,0.0000000000000000e+00,1.1576083719223440e+01,1.3529360725162212e+01,6.9652828872621191e+00,1.3529360725162212e+01,7.4786391132607672e+00,1.4098453291811325e+01,7.4786391132607672e+00,7.9068645883304285e+00,4.5282856576625798e+00,9.1813478373794954e-01,1.2117622491525696e+01,1.2117622491525696e+01,7.9068645883304285e+00,1.1576083719223440e+01,0.0000000000000000e+00,7.4786391132607672e+00,1.3529360725162212e+01,7.4786391132607672e+00,7.4786391132607672e+00,1.9617620864616638e+00,1.2318276139217406e+01,1.4098453291811325e+01,1.2318276139217406e+01,1.9617620864616638e+00,1.2318276139217406e+01,2.7246041130099647e+00,1.2318276139217406e+01,0.0000000000000000e+00,1.2117622491525696e+01,6.9652828872621191e+00,1.3529360725162212e+01,1.2117622491525696e+01,1.3529360725162212e+01,1.3529360725162212e+01,1.3529360725162212e+01,8.6494096821340065e+00,3.6839280770219411e+00,7.9068645883304285e+00,7.9068645883304285e+00,7.9068645883304285e+00,3.6839280770219411e+00,1.1576083719223440e+01,1.4098453291811325e+01,1.3529360725162212e+01,1.4098453291811325e+01,1.3529360725162212e+01,1.4098453291811325e+01,1.4098453291811325e+01,2.7246041130099647e+00,1.3529360725162212e+01,3.6839280770219411e+00,1.4098453291811325e+01,1.4098453291811325e+01,1.3529360725162212e+01,1.2117622491525696e+01,1.2318276139217406e+01,1.3529360725162212e+01,1.3529360725162212e+01,1.3529360725162212e+01,1.2117622491525696e+01,1.2117622491525696e+01,1.9617620864616638e+00,1.2117622491525696e+01,1.2117622491525696e+01,1.2117622491525696e+01,1.2117622491525696e+01,1.3529360725162212e+01,6.9652828872621191e+00,1.2117622491525696e+01,1.9617620864616638e+00,1.2117622491525696e+01,6.9652828872621191e+00,1.2117622491525696e+01,1.1576083719223440e+01,1.4098453291811325e+01,1.2117622491525696e+01,1.3529360725162212e+01,1.2117622491525696e+01,1.4098453291811325e+01,6.9652828872621191e+00,6.9652828872621191e+00,6.9652828872621191e+00,6.9652828872621191e+00,1.4098453291811325e+01,6.9652828872621191e+00,7.9068645883304285e+00,7.9068645883304285e+00,3.6839280770219411e+00,3.6839280770219411e+00,1.2117622491525696e+01,3.6839280770219411e+00,1.1576083719223440e+01,1.2117622491525696e+01,9.1813478373794954e-01,1.4098453291811325e+01,1.4098453291811325e+01,3.6839280770219411e+00,6.9652828872621191e+00,6.9652828872621191e+00,8.6494096821340065e+00,0.0000000000000000e+00,3.6839280770219411e+00,4.5282856576625798e+00,1.4098453291811325e+01,6.9652828872621191e+00,6.9652828872621191e+00,6.9652828872621191e+00,8.6494096821340065e+00,1.9617620864616638e+00,1.1576083719223440e+01,5.1391807441837996e+00,1.2117622491525696e+01,5.1391807441837996e+00,5.1391807441837996e+00,1.1576083719223440e+01,1.9617620864616638e+00,1.1576083719223440e+01,1.1576083719223440e+01,5.1391807441837996e+00,1.2117622491525696e+01,6.9652828872621191e+00,1.2117622491525696e+01,1.2117622491525696e+01,1.2117622491525696e+01,1.2117622491525696e+01,1.2117622491525696e+01,1.4098453291811325e+01,9.1813478373794954e-01,5.1391807441837996e+00,1.9617620864616638e+00,1.2117622491525696e+01,8.6494096821340065e+00,1.2117622491525696e+01,1.4098453291811325e+01,1.2117622491525696e+01,1.4098453291811325e+01,8.6494096821340065e+00,7.4786391132607672e+00,5.1391807441837996e+00,3.6839280770219411e+00,9.1813478373794954e-01,1.9617620864616638e+00,8.6494096821340065e+00,1.3529360725162212e+01,8.6494096821340065e+00,4.5282856576625798e+00,0.0000000000000000e+00,1.2117622491525696e+01,7.4786391132607672e+00,1.3529360725162212e+01,4.5282856576625798e+00,1.2117622491525696e+01,1.3529360725162212e+01,1.2117622491525696e+01,1.3529360725162212e+01,1.3529360725162212e+01,1.3529360725162212e+01,1.2117622491525696e+01,9.1813478373794954e-01,1.2318276139217406e+01,1.2318276139217406e+01,0.0000000000000000e+00,1.2318276139217406e+01,1.3529360725162212e+01,8.6494096821340065e+00,8.6494096821340065e+00,1.2318276139217406e+01,7.4786391132607672e+00,7.9068645883304285e+00,1.9617620864616638e+00,6.9652828872621191e+00
3.9781903229283007e+00,2.8690369784576566e+00,5.0772903647769496e+00,5.0772903647769496e+00,5.0772903647769496e+00,5.0772903647769496e+00,3.9781903229283007e+00,3.9781903229283007e+00,1.8898040917692644e+00,2.8690369784576566e+00,2.8690369784576566e+00,5.0772903647769496e+00,5.0772903647769496e+00,8.3096918791735241e+00,1.3818285164842818e+01,8.6995305698756482e+00,5.0772903647769496e+00,5.0772903647769496e+00,5.0772903647769496e+00,1.3818285164842818e+01,2.8690369784576566e+00,2.8690369784576566e+00,2.8690369784576566e+00,0.0000000000000000e+00,8.3096918791735241e+00,1.0144982757084280e+00,1.4338517191571455e+01,8.3096918791735241e+00,1.8898040917692644e+00,1.3818285164842818e+01,1.4338517191571455e+01,1.4338517191571455e+01,2.8690369784576566e+00,1.3818285164842818e+01,1.4338517191571455e+01,1.4338517191571455e+01,8.6995305698756482e+00,1.8898040917692644e+00,1.1495539879530025e+01,1.4338517191571455e+01,5.0772903647769496e+00,8.6995305698756482e+00,8.6995305698756482e+00,8.6995305698756482e+00,1.8898040917692644e+00,9.9125741693967768e+00,9.9125741693967768e+00,1.3818285164842818e+01,1.1974853686154875e+01,1.1974853686154875e+01,2.8690369784576566e+00,1.3818285164842818e+01,1.3818285164842818e+01,0.0000000000000000e+00,8.3096918791735241e+00,1.1974853686154875e+01,8.6995305698756482e+00,1.0144982757084280e+00,1.4338517191571455e+01,1.0144982757084280e+00,1.0144982757084280e+00,6.8073544028819342e+00,1.3818285164842818e+01,5.0772903647769496e+00,1.4338517191571455e+01,8.6995305698756482e+00,8.6995305698756482e+00,8.6995305698756482e+00,1.1495539879530025e+01,1.3818285164842818e+01,0.0000000000000000e+00,5.3580283920330345e+00,8.6995305698756482e+00,1.4338517191571455e+01,1.3818285164842818e+01,1.1974853686154875e+01,1.4338517191571455e+01,1.1730994687591636e+01,8.6995305698756482e+00,2.8690369784576566e+00,0.0000000000000000e+00,1.3818285164842818e+01,1.1730994687591636e+01,1.1730994687591636e+01,1.1730994687591636e+01,8.6995305698756482e+00,1.8898040917692644e+00,8.6995305698756482e+00,1.1974853686154875e+01,1.4338517191571455e+01,9.9125741693967768e+00,9.9125741693967768e+00,5.0772903647769496e+00,8.3096918791735241e+00,1.4338517191571455e+01,1.3818285164842818e+01,1.4338517191571455e+01,1.8898040917692644e+00,1.4338517191571455e+01,1.3818285164842818e+01,5.0772903647769496e+00,1.4338517191571455e+01,8.3096918791735241e+00,9.9125741693967768e+00,1.1730994687591636e+01,1.1730994687591636e+01,2.8690369784576566e+00,1.1495539879530025e+01,1.0144982757084280e+00,1.8898040917692644e+00,1.4338517191571455e+01,1.1730994687591636e+01,1.3818285164842818e+01,8.3096918791735241e+00,1.1495539879530025e+01,1.4338517191571455e+01,1.1495539879530025e+01,1.4338517191571455e+01,1.4338517191571455e+01,1.1730994687591636e+01,9.9125741693967768e+00,1.1730994687591636e+01,9.9125741693967768e+00,1.4338517191571455e+01,1.4338517191571455e+01,8.3096918791735241e+00,1.1974853686154875e+01,1.3818285164842818e+01,1.3818285164842818e+01,1.3818285164842818e+01,5.3580283920330345e+00,1.0144982757084280e+00,1.3818285164842818e+01,5.0772903647769496e+00,1.3818285164842818e+01,6.8073544028819342e+00,5.0772903647769496e+00,1.4338517191571455e+01,9.9125741693967768e+00,8.6995305698756482e+00,1.4338517191571455e+01,9.9125741693967768e+00,1.3818285164842818e+01,9.9125741693967768e+00,9.9125741693967768e+00,9.9125741693967768e+00,1.1974853686154875e+01,5.3580283920330345e+00,2.8690369784576566e+00,0.0000000000000000e+00,1.3818285164842818e+01,1.8898040917692644e+00,1.0144982757084280e+00,6.8073544028819342e+00,1.1730994687591636e+01,1.4338517191571455e+01,8.6995305698756482e+00,1.3818285164842818e+01,9.9125741693967768e+00,6.8073544028819342e+00,1.1974853686154875e+01,1.1495539879530025e+01,1.4338517191571455e+01,8.3096918791735241e+00,1.3818285164842818e+01,6.8073544028819342e+00,9.9125741693967768e+00,1.1730994687591636e+01,8.6995305698756482e+00,8.6995305698756482e+00,8.6995305698756482e+00,8.6995305698756482e+00,9.9125741693967768e+00,8.6995305698756482e+00,0.0000000000000000e+00,8.6995305698756482e+00,8.6995305698756482e+00,1.0144982757084280e+00,8.6995305698756482e+00,8.6995305698756482e+00,8.6995305698756482e+00,1.8898040917692644e+00,8.3096918791735241e+00,1.1730994687591636e+01,1.4338517191571455e+01,5.3580283920330345e+00,8.6995305698756482e+00,1.8898040917692644e+00,1.1974853686154875e+01,1.1974853686154875e+01,1.0144982757084280e+00,1.1730994687591636e+01,8.3096918791735241e+00,1.1730994687591636e+01,9.9125741693967768e+00,1.4338517191571455e+01,1.4338517191571455e+01,8.6995305698756482e+00,1.4338517191571455e+01,0.0000000000000000e+00,8.6995305698756482e+00,8.6995305698756482e+00,1.4338517191571455e+01,1.4338517191571455e+01,1.1730994687591636e+01,1.4338517191571455e+01,9.9125741693967768e+00,1.3818285164842818e+01,1.1495539879530025e+01,1.4338517191571455e+01,1.3818285164842818e+01,1.4338517191571455e+01,1.4338517191571455e+01,8.3096918791735241e+00,0.0000000000000000e+00,8.6995305698756482e+00,9.9125741693967768e+00,1.4338517191571455e+01,1.4338517191571455e+01,1.8898040917692644e+00,0.0000000000000000e+00,1.4338517191571455e+01,0.0000000000000000e+00,2.8690369784576566e+00,1.4338517191571455e+01,1.4338517191571455e+01,1.1974853686154875e+01,1.1730994687591636e+01,1.3818285164842818e+01,8.6995305698756482e+00,8.6995305698756482e+00,9.9125741693967768e+00,9.9125741693967768e+00,9.9125741693967768e+00,1.0144982757084280e+00,5.3580283920330345e+00,5.3580283920330345e+00,5.3580283920330345e+00,1.3818285164842818e+01,2.8690369784576566e+00,1.4338517191571455e+01,1.4338517191571455e+01,1.1974853686154875e+01,1.4338517191571455e+01,1.8898040917692644e+00,1.8898040917692644e+00,9.9125741693967768e+00,8.6995305698756482e+00,1.1730994687591636e+01,1.1730994687591636e+01,1.1495539879530025e+01,1.3818285164842818e+01,9.9125741693967768e+00,2.8690369784576566e+00,3.9781903229283007e+00,8.6995305698756482e+00,1.3818285164842818e+01,1.1730994687591636e+01,9.9125741693967768e+00,3.9781903229283007e+00,1.3818285164842818e+01,9.9125741693967768e+00,9.9125741693967768e+00,1.3818285164842818e+01,8.6995305698756482e+00,1.3818285164842818e+01,1.3818285164842818e+01,2.8690369784576566e+00,6.8073544028819342e+00,9.9125741693967768e+00,1.4338517191571455e+01,1.4338517191571455e+01,1.1730994687591636e+01,2.8690369784576566e+00,1.8898040917692644e+00,1.1974853686154875e+01,1.8898040917692644e+00,1.3818285164842818e+01,1.1974853686154875e+01,1.0144982757084280e+00,5.3580283920330345e+00,1.4338517191571455e+01,5.3580283920330345e+00,1.3818285164842818e+01,1.1730994687591636e+01,1.1495539879530025e+01,1.3818285164842818e+01,8.6995305698756482e+00,8.3096918791735241e+00,6.8073544028819342e+00,8.6995305698756482e+00,8.6995305698756482e+00,1.1730994687591636e+01,1.1730994687591636e+01,8.6995305698756482e+00,9.9125741693967768e+00,8.6995305698756482e+00,1.0144982757084280e+00,0.0000000000000000e+00,1.1730994687591636e+01,1.4338517191571455e+01,1.3818285164842818e+01,1.3818285164842818e+01,1.1730994687591636e+01,1.1495539879530025e+01,1.4338517191571455e+01,9.9125741693967768e+00,2.8690369784576566e+00,1.1730994687591636e+01,1.1974853686154875e+01,1.1495539879530025e+01,1.1974853686154875e+01,1.1730994687591636e+01,1.1730994687591636e+01,0.0000000000000000e+00,2.8690369784576566e+00,1.3818285164842818e+01,5.0772903647769496e+00,1.3818285164842818e+01,6.8073544028819342e+00,1.8898040917692644e+00,1.1730994687591636e+01,1.4338517191571455e+01,1.3818285164842818e+01,2.8690369784576566e+00,1.1730994687591636e+01,8.3096918791735241e+00,1.4338517191571455e+01,5.0772903647769496e+00,1.1730994687591636e+01,1.4338517191571455e+01,1.8898040917692644e+00,1.4338517191571455e+01,1.1730994687591636e+01,8.6995305698756482e+00,1.1730994687591636e+01,9.9125741693967768e+00,1.1730994687591636e+01,5.0772903647769496e+00,1.1495539879530025e+01,1.8898040917692644e+00,1.1730994687591636e+01,1.1730994687591636e+01,1.1730994687591636e+01,1.1495539879530025e+01,1.4338517191571455e+01,1.4338517191571455e+01,1.4338517191571455e+01,5.3580283920330345e+00,1.1730994687591636e+01,1.4338517191571455e+01,8.6995305698756482e+00,1.1495539879530025e+01,5.3580283920330345e+00,5.0772903647769496e+00,5.3580283920330345e+00,9.9125741693967768e+00,9.9125741693967768e+00,0.0000000000000000e+00,5.3580283920330345e+00,1.1495539879530025e+01,1.1495539879530025e+01,5.0772903647769496e+00,5.3580283920330345e+00,1.1730994687591636e+01,1.1730994687591636e+01,5.3580283920330345e+00,1.4338517191571455e+01,6.8073544028819342e+00,1.1495539879530025e+01,5.0772903647769496e+00,5.0772903647769496e+00,1.8898040917692644e+00,1.1730994687591636e+01,1.1730994687591636e+01,1.1730994687591636e+01,1.3818285164842818e+01,1.1974853686154875e+01,1.1974853686154875e+01,1.4338517191571455e+01,8.6995305698756482e+00,1.3818285164842818e+01,2.8690369784576566e+00,8.3096918791735241e+00,1.0144982757084280e+00,8.3096918791735241e+00,0.0000000000000000e+00,1.1974853686154875e+01,8.6995305698756482e+00,6.8073544028819342e+00,6.8073544028819342e+00,1.1495539879530025e+01,3.9781903229283007e+00,5.3580283920330345e+00,1.3818285164842818e+01,1.4338517191571455e+01,5.0772903647769496e+00,2.8690369784576566e+00,1.1730994687591636e+01,1.0144982757084280e+00,5.3580283920330345e+00,1.1974853686154875e+01,1.1974853686154875e+01,1.1495539879530025e+01,6.8073544028819342e+00,2.8690369784576566e+00,1.8898040917692644e+00,1.8898040917692644e+00,9.9125741693967768e+00,0.0000000000000000e+00,1.1495539879530025e+01,1.4338517191571455e+01,5.0772903647769496e+00,1.1974853686154875e+01,5.0772903647769496e+00,6.8073544028819342e+00,6.8073544028819342e+00,3.9781903229283007e+00,1.3818285164842818e+01,1.4338517191571455e+01,1.3818285164842818e+01,1.1974853686154875e+01,8.6995305698756482e+00,8.6995305698756482e+00,5.3580283920330345e+00,1.3818285164842818e+01,2.8690369784576566e+00,8.6995305698756482e+00,6.8073544028819342e+00,9.9125741693967768e+00,9.9125741693967768e+00,1.1730994687591636e+01,1.4338517191571455e+01,5.0772903647769496e+00,3.9781903229283007e+00,1.1974853686154875e+01,8.6995305698756482e+00,6.8073544028819342e+00,1.1730994687591636e+01,6.8073544028819342e+00,2.8690369784576566e+00,8.6995305698756482e+00,1.1730994687591636e+01,0.0000000000000000e+00,1.3818285164842818e+01,8.6995305698756482e+00,8.3096918791735241e+00,1.1730994687591636e+01,1.1974853686154875e+01,1.1974853686154875e+01,2.8690369784576566e+00,1.3818285164842818e+01,3.9781903229283007e+00,1.3818285164842818e+01,1.3818285164842818e+01,1.3818285164842818e+01,8.6995305698756482e+00,1.3818285164842818e+01,1.3818285164842818e+01,8.6995305698756482e+00,1.3818285164842818e+01,1.1974853686154875e+01,9.9125741693967768e+00,9.9125741693967768e+00,6.8073544028819342e+00,1.3818285164842818e+01,1.0144982757084280e+00,1.3818285164842818e+01,1.3818285164842818e+01,6.8073544028819342e+00,9.9125741693967768e+00,6.8073544028819342e+00,8.6995305698756482e+00,1.1730994687591636e+01,9.9125741693967768e+00,1.0144982757084280e+00,1.3818285164842818e+01,1.3818285164842818e+01,1.3818285164842818e+01,3.9781903229283007e+00,3.9781903229283007e+00,9.9125741693967768e+00,9.9125741693967768e+00,2.8690369784576566e+00,1.3818285164842818e+01,9.9125741693967768e+00,8.6995305698756482e+00,8.6995305698756482e+00,9.9125741693967768e+00,1.3818285164842818e+01,1.4338517191571455e+01,8.3096918791735241e+00,1.3818285164842818e+01,9.9125741693967768e+00,5.3580283920330345e+00,9.9125741693967768e+00,0.0000000000000000e+00,5.0772903647769496e+00,1.3818285164842818e+01,9.9125741693967768e+00,8.6995305698756482e+00,1.1974853686154875e+01,1.1974853686154875e+01,9.9125741693967768e+00,5.0772903647769496e+00,8.3096918791735241e+00,9.9125741693967768e+00,1.3818285164842818e+01,1.3818285164842818e+01,1.3818285164842818e+01,5.3580283920330345e+00,6.8073544028819342e+00,1.3818285164842818e+01,1.8898040917692644e+00,8.3096918791735241e+00,3.9781903229283007e+00,9.9125741693967768e+00,6.8073544028819342e+00,5.0772903647769496e+00,8.3096918791735241e+00,0.0000000000000000e+00,9.9125741693967768e+00,8.6995305698756482e+00,5.3580283920330345e+00,1.8898040917692644e+00,1.3818285164842818e+01,8.3096918791735241e+00,9.9125741693967768e+00,1.4338517191571455e+01,1.0144982757084280e+00,1.4338517191571455e+01,5.3580283920330345e+00,2.8690369784576566e+00,1.1730994687591636e+01,1.4338517191571455e+01,8.3096918791735241e+00,1.4338517191571455e+01,8.3096918791735241e+00,8.6995305698756482e+00,2.8690369784576566e+00,9.9125741693967768e+00,1.1974853686154875e+01,1.1974853686154875e+01,3.9781903229283007e+00,1.1974853686154875e+01,1.3818285164842818e+01,5.3580283920330345e+00,1.1730994687591636e+01,1.1730994687591636e+01,6.8073544028819342e+00,8.3096918791735241e+00,0.0000000000000000e+00,0.0000000000000000e+00,1.4338517191571455e+01,3.9781903229283007e+00,1.0144982757084280e+00,1.4338517191571455e+01,1.1495539879530025e+01,0.0000000000000000e+00,1.1495539879530025e+01,1.0144982757084280e+00,0.0000000000000000e+00,1.0144982757084280e+00,1.1495539879530025e+01,1.4338517191571455e+01,9.9125741693967768e+00,1.3818285164842818e+01,9.9125741693967768e+00,9.9125741693967768e+00,1.1730994687591636e+01,8.3096918791735241e+00,3.9781903229283007e+00,1.1730994687591636e+01,1.1730994687591636e+01,9.9125741693967768e+00,9.9125741693967768e+00,9.9125741693967768e+00,5.3580283920330345e+00,9.9125741693967768e+00,1.1730994687591636e+01,9.9125741693967768e+00,1.1730994687591636e+01,2.8690369784576566e+00,9.9125741693967768e+00,9.9125741693967768e+00,1.1730994687591636e+01,1.1730994687591636e+01,1.8898040917692644e+00,1.1730994687591636e+01,1.1974853686154875e+01,2.8690369784576566e+00,9.9125741693967768e+00,3.9781903229283007e+00,1.4338517191571455e+01,0.0000000000000000e+00,1.0144982757084280e+00,8.3096918791735241e+00,1.4338517191571455e+01,3.9781903229283007e+00,5.0772903647769496e+00,1.1495539879530025e+01,1.3818285164842818e+01,1.8898040917692644e+00,1.0144982757084280e+00,1.4338517191571455e+01,1.1974853686154875e+01,8.3096918791735241e+00,1.1730994687591636e+01,8.6995305698756482e+00,1.0144982757084280e+00,1.4338517191571455e+01,1.1730994687591636e+01,1.1974853686154875e+01,1.1974853686154875e+01,9.9125741693967768e+00,1.8898040917692644e+00,6.8073544028819342e+00,1.1495539879530025e+01,8.3096918791735241e+00,1.8898040917692644e+00,9.9125741693967768e+00,1.1495539879530025e+01,3.9781903229283007e+00,3.9781903229283007e+00,3.9781903229283007e+00,1.3818285164842818e+01,1.4338517191571455e+01,1.4338517191571455e+01,8.3096918791735241e+00,1.8898040917692644e+00,8.6995305698756482e+00,0.0000000000000000e+00,1.0144982757084280e+00,1.4338517191571455e+01,1.4338517191571455e+01,1.4338517191571455e+01,8.3096918791735241e+00,1.1730994687591636e+01,1.8898040917692644e+00,1.1974853686154875e+01,1.3818285164842818e+01,1.3818285164842818e+01,1.3818285164842818e+01,8.3096918791735241e+00,1.3818285164842818e+01,1.8898040917692644e+00,8.6995305698756482e+00,8.6995305698756482e+00,1.4338517191571455e+01,8.6995305698756482e+00,1.1495539879530025e+01,6.8073544028819342e+00,2.8690369784576566e+00,3.9781903229283007e+00,1.1730994687591636e+01,1.8898040917692644e+00,9.9125741693967768e+00,2.8690369784576566e+00,8.3096918791735241e+00,8.3096918791735241e+00,6.8073544028819342e+00,1.3818285164842818e+01,1.3818285164842818e+01,5.0772903647769496e+00,1.1730994687591636e+01,1.1730994687591636e+01,1.3818285164842818e+01,6.8073544028819342e+00,9.9125741693967768e+00,3.9781903229283007e+00,3.9781903229283007e+00,1.1730994687591636e+01,5.3580283920330345e+00,8.3096918791735241e+00,0.0000000000000000e+00,1.0144982757084280e+00,6.8073544028819342e+00,8.6995305698756482e+00,1.8898040917692644e+00,8.3096918791735241e+00,8.6995305698756482e+00,1.1495539879530025e+01,1.1495539879530025e+01,1.1495539879530025e+01,8.6995305698756482e+00,8.6995305698756482e+00,2.8690369784576566e+00,0.0000000000000000e+00,5.0772903647769496e+00,3.9781903229283007e+00,1.1495539879530025e+01,1.1730994687591636e+01,1.4338517191571455e+01,6.8073544028819342e+00,8.6995305698756482e+00,6.8073544028819342e+00,6.8073544028819342e+00,1.4338517191571455e+01,1.1495539879530025e+01,1.1730994687591636e+01,1.8898040917692644e+00,1.1730994687591636e+01,1.0144982757084280e+00,6.8073544028819342e+00,6.8073544028819342e+00,1.4338517191571455e+01,8.6995305698756482e+00,5.3580283920330345e+00,1.1974853686154875e+01,6.8073544028819342e+00,8.6995305698756482e+00,8.6995305698756482e+00,9.9125741693967768e+00,1.1495539879530025e+01,8.6995305698756482e+00,1.1495539879530025e+01,5.0772903647769496e+00,1.1495539879530025e+01,1.4338517191571455e+01,1.4338517191571455e+01,0.0000000000000000e+00,1.4338517191571455e+01,1.4338517191571455e+01,6.8073544028819342e+00,1.1974853686154875e+01,1.4338517191571455e+01,1.4338517191571455e+01,9.9125741693967768e+00,0.0000000000000000e+00,1.1495539879530025e+01,2.8690369784576566e+00,1.1495539879530025e+01,1.8898040917692644e+00,9.9125741693967768e+00,1.1495539879530025e+01,8.3096918791735241e+00,1.1495539879530025e+01,1.3818285164842818e+01,5.3580283920330345e+00,1.3818285164842818e+01,1.0144982757084280e+00,1.4338517191571455e+01,1.8898040917692644e+00,1.1730994687591636e+01,5.3580283920330345e+00,1.3818285164842818e+01,1.4338517191571455e+01,3.9781903229283007e+00,8.3096918791735241e+00,2.8690369784576566e+00,1.4338517191571455e+01,1.8898040917692644e+00,1.1495539879530025e+01,1.3818285164842818e+01,8.6995305698756482e+00,1.8898040917692644e+00,9.9125741693967768e+00,8.3096918791735241e+00,6.8073544028819342e+00,8.3096918791735241e+00,1.1495539879530025e+01,8.3096918791735241e+00,8.3096918791735241e+00,8.3096918791735241e+00,1.1495539879530025e+01,9.9125741693967768e+00,9.9125741693967768e+00,3.9781903229283007e+00,1.4338517191571455e+01,1.3818285164842818e+01,1.4338517191571455e+01,8.6995305698756482e+00,1.3818285164842818e+01,1.3818285164842818e+01,5.0772903647769496e+00,1.1495539879530025e+01,8.6995305698756482e+00,1.1495539879530025e+01,8.3096918791735241e+00,1.8898040917692644e+00,3.9781903229283007e+00,9.9125741693967768e+00,9.9125741693967768e+00,8.3096918791735241e+00,1.1495539879530025e+01,8.3096918791735241e+00,1.1730994687591636e+01,1.1730994687591636e+01,5.3580283920330345e+00,9.9125741693967768e+00,3.9781903229283007e+00,5.0772903647769496e+00,1.1730994687591636e+01,1.1730994687591636e+01,8.6995305698756482e+00,2.8690369784576566e+00,8.6995305698756482e+00,8.3096918791735241e+00,9.9125741693967768e+00,1.0144982757084280e+00,9.9125741693967768e+00,1.8898040917692644e+00,1.4338517191571455e+01,1.3818285164842818e+01,1.8898040917692644e+00,1.3818285164842818e+01,0.0000000000000000e+00,1.4338517191571455e+01,1.1495539879530025e+01,1.4338517191571455e+01,6.8073544028819342e+00,1.1974853686154875e+01,1.1974853686154875e+01,1.1974853686154875e+01,1.8898040917692644e+00,1.1974853686154875e+01,8.6995305698756482e+00,6.8073544028819342e+00,9.9125741693967768e+00,6.8073544028819342e+00,6.8073544028819342e+00,1.4338517191571455e+01,6.8073544028819342e+00,1.1974853686154875e+01,1.1974853686154875e+01,0.0000000000000000e+00,1.1730994687591636e+01,1.1730994687591636e+01,8.6995305698756482e+00,1.0144982757084280e+00,1.1730994687591636e+01,1.1974853686154875e+01,1.0144982757084280e+00,1.1730994687591636e+01,8.6995305698756482e+00,1.4338517191571455e+01,1.4338517191571455e+01,8.6995305698756482e+00,1.0144982757084280e+00,5.0772903647769496e+00,1.1730994687591636e+01,1.1495539879530025e+01,1.0144982757084280e+00,1.4338517191571455e+01,1.1730994687591636e+01,1.1730994687591636e+01,6.8073544028819342e+00,6.8073544028819342e+00,1.3818285164842818e+01,1.3818285164842818e+01,8.3096918791735241e+00,5.3580283920330345e+00,1.3818285164842818e+01,6.8073544028819342e+00,9.9125741693967768e+00,1.4338517191571455e+01,1.4338517191571455e+01,1.1495539879530025e+01,1.4338517191571455e+01,0.0000000000000000e+00,8.3096918791735241e+00,1.4338517191571455e+01,8.3096918791735241e+00,1.4338517191571455e+01,1.3818285164842818e+01,6.8073544028819342e+00,1.4338517191571455e+01,1.4338517191571455e+01,1.4338517191571455e+01,6.8073544028819342e+00,1.4338517191571455e+01,1.4338517191571455e+01,1.4338517191571455e+01,1.4338517191571455e+01,8.3096918791735241e+00,8.3096918791735241e+00,1.4338517191571455e+01,1.1495539879530025e+01,8.3096918791735241e+00,1.1730994687591636e+01,5.0772903647769496e+00,1.4338517191571455e+01,1.3818285164842818e+01,1.4338517191571455e+01,1.4338517191571455e+01,3.9781903229283007e+00,5.3580283920330345e+00,6.8073544028819342e+00,2.8690369784576566e+00,0.0000000000000000e+00,1.4338517191571455e+01,1.3818285164842818e+01,1.4338517191571455e+01,1.3818285164842818e+01,5.0772903647769496e+00,1.3818285164842818e+01,1.4338517191571455e+01,1.4338517191571455e+01,1.4338517191571455e+01,1.1974853686154875e+01,1.8898040917692644e+00,9.9125741693967768e+00,9.9125741693967768e+00,1.4338517191571455e+01,1.4338517191571455e+01,1.4338517191571455e+01,1.3818285164842818e+01,1.1974853686154875e+01,8.3096918791735241e+00,1.4338517191571455e+01,1.1974853686154875e+01,1.1974853686154875e+01,1.1974853686154875e+01,1.1495539879530025e+01,1.3818285164842818e+01,1.1495539879530025e+01,6.8073544028819342e+00,1.1495539879530025e+01,8.3096918791735241e+00,1.1974853686154875e+01,1.1730994687591636e+01,1.1730994687591636e+01,8.3096918791735241e+00,1.4338517191571455e+01,1.1495539879530025e+01,1.1974853686154875e+01,8.3096918791735241e+00,8.3096918791735241e+00,1.1730994687591636e+01,6.8073544028819342e+00,8.3096918791735241e+00,1.4338517191571455e+01,8.6995305698756482e+00,1.3818285164842818e+01,1.0144982757084280e+00,1.4338517191571455e+01,8.3096918791735241e+00,1.3818285164842818e+01,1.3818285164842818e+01,1.8898040917692644e+00,1.3818285164842818e+01,1.3818285164842818e+01,1.3818285164842818e+01,1.1974853686154875e+01,1.3818285164842818e+01,1.3818285164842818e+01,1.3818285164842818e+01,1.3818285164842818e+01,1.8898040917692644e+00,1.3818285164842818e+01,8.3096918791735241e+00,8.6995305698756482e+00,1.3818285164842818e+01,1.3818285164842818e+01,1.3818285164842818e+01,1.1495539879530025e+01,9.9125741693967768e+00,0.0000000000000000e+00,1.4338517191571455e+01,8.6995305698756482e+00,1.1495539879530025e+01,1.4338517191571455e+01,1.4338517191571455e+01,1.3818285164842818e+01,1.1495539879530025e+01,0.0000000000000000e+00,2.8690369784576566e+00,3.9781903229283007e+00,9.9125741693967768e+00,2.8690369784576566e+00,3.9781903229283007e+00,1.3818285164842818e+01,6.8073544028819342e+00,6.8073544028819342e+00,1.3818285164842818e+01,1.3818285164842818e+01,1.4338517191571455e+01,8.3096918791735241e+00,8.6995305698756482e+00,8.6995305698756482e+00,8.6995305698756482e+00,1.1974853686154875e+01,9.9125741693967768e+00,2.8690369784576566e+00,1.1495539879530025e+01,8.6995305698756482e+00,6.8073544028819342e+00,1.1730994687591636e+01,8.6995305698756482e+00,2.8690369784576566e+00,2.8690369784576566e+00,1.8898040917692644e+00,1.8898040917692644e+00,8.3096918791735241e+00,5.0772903647769496e+00,1.3818285164842818e+01,1.1730994687591636e+01,8.6995305698756482e+00,3.9781903229283007e+00,1.4338517191571455e+01
9.3084902946898556e+00,0.0000000000000000e+00,0.0000000000000000e+00,9.3084902946898556e+00,9.3084902946898556e+00,9.3084902946898556e+00,3.9860959592045564e+00,9.3084902946898556e+00,9.3084902946898556e+00,9.3084902946898556e+00,9.3084902946898556e+00,9.3084902946898556e+00,1.3352651064709470e+01,9.3084902946898556e+00,9.3084902946898556e+00,1.2884367057376425e+01,7.0694272712637405e+00,0.0000000000000000e+00,9.3084902946898556e+00,9.3084902946898556e+00,9.3084902946898556e+00,9.3084902946898556e+00,0.0000000000000000e+00,5.7482523684117348e+00,9.3084902946898556e+00,9.3084902946898556e+00,9.3084902946898556e+00,0.0000000000000000e+00,1.2884367057376425e+01,9.3084902946898556e+00,1.3164637658755765e+01,5.7482523684117348e+00,9.6081187991264194e+00,1.1348707258741612e+01,9.3084902946898556e+00,9.3084902946898556e+00,9.3084902946898556e+00,6.7859567658615507e+00,9.3084902946898556e+00,7.4818024900851983e+00,9.3084902946898556e+00,9.3084902946898556e+00,8.9759147327734135e-01,7.0694272712637405e+00,1.2884367057376425e+01,7.0694272712637405e+00,3.9860959592045564e+00,9.3084902946898556e+00,4.7425956229283370e+00,1.9249776668579439e+00,3.0064441594510667e+00,1.3352651064709470e+01,7.4818024900851983e+00,7.4818024900851983e+00,7.4818024900851983e+00,7.4818024900851983e+00,9.3084902946898556e+00,9.3084902946898556e+00,9.3084902946898556e+00,7.0694272712637405e+00,8.9759147327734135e-01,9.3084902946898556e+00,1.1348707258741612e+01,7.0694272712637405e+00,4.7425956229283370e+00,3.0064441594510667e+00,7.4818024900851983e+00,1.2884367057376425e+01,1.3164637658755765e+01,1.2884367057376425e+01,0.0000000000000000e+00,1.9249776668579439e+00,1.2884367057376425e+01,9.3084902946898556e+00,9.3084902946898556e+00,9.3084902946898556e+00,8.9759147327734135e-01,1.2884367057376425e+01,9.3084902946898556e+00,7.4818024900851983e+00,1.2884367057376425e+01,5.7482523684117348e+00,1.3164637658755765e+01,1.3164637658755765e+01,4.7425956229283370e+00,1.3164637658755765e+01,7.0694272712637405e+00,3.0064441594510667e+00,4.7425956229283370e+00,1.3164637658755765e+01,1.3164637658755765e+01,1.2884367057376425e+01,7.4818024900851983e+00,1.2884367057376425e+01,1.2884367057376425e+01,1.2884367057376425e+01,0.0000000000000000e+00,3.9860959592045564e+00,1.1348707258741612e+01,1.3164637658755765e+01,7.0694272712637405e+00,1.3164637658755765e+01,9.3084902946898556e+00,1.3164637658755765e+01,7.4818024900851983e+00,9.3084902946898556e+00,6.7859567658615507e+00,9.3084902946898556e+00,1.3352651064709470e+01,8.9759147327734135e-01,8.9759147327734135e-01,6.7859567658615507e+00,6.7859567658615507e+00,6.7859567658615507e+00,7.4818024900851983e+00,4.7425956229283370e+00,7.0694272712637405e+00,7.0694272712637405e+00,9.3084902946898556e+00,9.3084902946898556e+00,1.3352651064709470e+01,9.3084902946898556e+00,3.9860959592045564e+00,1.3352651064709470e+01,9.3084902946898556e+00,7.4818024900851983e+00,1.3352651064709470e+01,1.3352651064709470e+01,1.3352651064709470e+01,9.3084902946898556e+00,1.2884367057376425e+01,1.2884367057376425e+01,1.2884367057376425e+01,1.3352651064709470e+01,1.3352651064709470e+01,6.7859567658615507e+00,9.3084902946898556e+00,1.3352651064709470e+01,1.9249776668579439e+00,9.3084902946898556e+00,9.6081187991264194e+00,1.2884367057376425e+01,1.3164637658755765e+01,1.3352651064709470e+01,1.3352651064709470e+01,9.6081187991264194e+00,1.3352651064709470e+01,7.4818024900851983e+00,3.9860959592045564e+00,3.9860959592045564e+00,1.3352651064709470e+01,1.3352651064709470e+01,1.9249776668579439e+00,9.3084902946898556e+00,1.9249776668579439e+00,1.1348707258741612e+01,6.7859567658615507e+00,4.7425956229283370e+00,1.3352651064709470e+01,1.2884367057376425e+01,1.3164637658755765e+01,6.7859567658615507e+00,1.3164637658755765e+01,1.3164637658755765e+01,3.9860959592045564e+00,1.3164637658755765e+01,8.9759147327734135e-01,1.2884367057376425e+01,3.0064441594510667e+00,5.7482523684117348e+00,5.7482523684117348e+00,9.3084902946898556e+00,1.3164637658755765e+01,5.7482523684117348e+00,1.3352651064709470e+01,1.3164637658755765e+01,1.9249776668579439e+00,9.3084902946898556e+00,1.3352651064709470e+01,4.7425956229283370e+00,4.7425956229283370e+00,6.7859567658615507e+00,1.3164637658755765e+01,1.3164637658755765e+01,9.3084902946898556e+00,1.3164637658755765e+01,9.3084902946898556e+00,1.1348707258741612e+01,1.3164637658755765e+01,9.3084902946898556e+00,9.3084902946898556e+00,7.4818024900851983e+00,1.3164637658755765e+01,9.6081187991264194e+00,9.6081187991264194e+00,9.6081187991264194e+00,1.2884367057376425e+01,1.9249776668579439e+00,4.7425956229283370e+00,5.7482523684117348e+00,9.3084902946898556e+00,5.7482523684117348e+00,1.2884367057376425e+01,1.3164637658755765e+01,3.9860959592045564e+00,9.6081187991264194e+00,1.1348707258741612e+01,1.3352651064709470e+01,3.9860959592045564e+00,7.4818024900851983e+00,6.7859567658615507e+00,6.7859567658615507e+00,1.3164637658755765e+01,6.7859567658615507e+00,8.9759147327734135e-01,1.3352651064709470e+01,1.3352651064709470e+01,6.7859567658615507e+00,1.2884367057376425e+01,1.3164637658755765e+01,1.3164637658755765e+01,1.2884367057376425e+01,7.4818024900851983e+00,9.6081187991264194e+00,3.9860959592045564e+00,8.9759147327734135e-01,9.6081187991264194e+00,9.6081187991264194e+00,1.1348707258741612e+01,1.1348707258741612e+01,9.3084902946898556e+00,1.1348707258741612e+01,7.0694272712637405e+00,7.0694272712637405e+00,1.1348707258741612e+01,1.9249776668579439e+00,0.0000000000000000e+00,9.3084902946898556e+00,1.3164637658755765e+01,1.3352651064709470e+01,1.3352651064709470e+01,9.6081187991264194e+00,1.3352651064709470e+01,0.0000000000000000e+00,6.7859567658615507e+00,9.6081187991264194e+00,4.7425956229283370e+00,8.9759147327734135e-01,9.3084902946898556e+00,3.9860959592045564e+00,1.1348707258741612e+01,7.0694272712637405e+00,3.9860959592045564e+00,1.1348707258741612e+01,7.4818024900851983e+00,1.3164637658755765e+01,1.3164637658755765e+01,1.1348707258741612e+01,4.7425956229283370e+00,6.7859567658615507e+00,3.9860959592045564e+00,4.7425956229283370e+00,1.2884367057376425e+01,5.7482523684117348e+00,1.1348707258741612e+01,1.2884367057376425e+01,9.3084902946898556e+00,9.6081187991264194e+00,4.7425956229283370e+00,4.7425956229283370e+00,9.6081187991264194e+00,9.3084902946898556e+00,1.3164637658755765e+01,8.9759147327734135e-01,1.3352651064709470e+01,9.3084902946898556e+00,1.3352651064709470e+01,7.0694272712637405e+00,1.2884367057376425e+01,1.1348707258741612e+01,1.2884367057376425e+01,8.9759147327734135e-01,1.2884367057376425e+01,7.0694272712637405e+00,1.3352651064709470e+01,1.3352651064709470e+01,4.7425956229283370e+00,9.3084902946898556e+00,9.3084902946898556e+00,7.4818024900851983e+00,1.9249776668579439e+00,7.4818024900851983e+00,9.3084902946898556e+00,4.7425956229283370e+00,9.3084902946898556e+00,3.9860959592045564e+00,1.3164637658755765e+01,1.3164637658755765e+01,1.2884367057376425e+01,1.3352651064709470e+01,1.1348707258741612e+01,1.3164637658755765e+01,1.1348707258741612e+01,7.4818024900851983e+00,6.7859567658615507e+00,6.7859567658615507e+00,1.2884367057376425e+01,4.7425956229283370e+00,3.0064441594510667e+00,7.0694272712637405e+00,1.2884367057376425e+01,1.2884367057376425e+01,1.3164637658755765e+01,1.3164637658755765e+01,7.4818024900851983e+00,9.3084902946898556e+00,4.7425956229283370e+00,0.0000000000000000e+00,9.3084902946898556e+00,4.7425956229283370e+00,6.7859567658615507e+00,1.2884367057376425e+01,1.3164637658755765e+01,9.3084902946898556e+00,8.9759147327734135e-01,6.7859567658615507e+00,4.7425956229283370e+00,4.7425956229283370e+00,5.7482523684117348e+00,1.3352651064709470e+01,4.7425956229283370e+00,1.3164637658755765e+01,1.3164637658755765e+01,9.3084902946898556e+00,1.3164637658755765e+01,1.3352651064709470e+01,7.4818024900851983e+00,1.2884367057376425e+01,1.3164637658755765e+01,1.2884367057376425e+01,7.0694272712637405e+00,9.6081187991264194e+00,7.4818024900851983e+00,1.2884367057376425e+01,9.3084902946898556e+00,9.3084902946898556e+00,1.2884367057376425e+01,5.7482523684117348e+00,1.3164637658755765e+01,9.3084902946898556e+00,1.9249776668579439e+00,1.9249776668579439e+00,9.6081187991264194e+00,9.3084902946898556e+00,9.3084902946898556e+00,9.3084902946898556e+00,1.3164637658755765e+01,9.6081187991264194e+00,9.6081187991264194e+00,7.0694272712637405e+00,7.4818024900851983e+00,9.3084902946898556e+00,1.3164637658755765e+01,1.2884367057376425e+01,1.3164637658755765e+01,1.3352651064709470e+01,1.3164637658755765e+01,7.0694272712637405e+00,1.3164637658755765e+01,1.3164637658755765e+01,8.9759147327734135e-01,1.3164637658755765e+01,9.6081187991264194e+00,1.3164637658755765e+01,1.2884367057376425e+01,9.6081187991264194e+00,5.7482523684117348e+00,3.0064441594510667e+00,7.4818024900851983e+00,1.3352651064709470e+01,1.2884367057376425e+01,1.2884367057376425e+01,1.3352651064709470e+01,5.7482523684117348e+00,5.7482523684117348e+00,7.4818024900851983e+00,1.3352651064709470e+01,7.0694272712637405e+00,1.1348707258741612e+01,1.2884367057376425e+01,5.7482523684117348e+00,9.3084902946898556e+00,9.3084902946898556e+00,6.7859567658615507e+00,1.1348707258741612e+01,3.0064441594510667e+00,9.3084902946898556e+00,9.3084902946898556e+00,1.2884367057376425e+01,1.1348707258741612e+01,4.7425956229283370e+00,7.4818024900851983e+00,1.9249776668579439e+00,3.9860959592045564e+00,5.7482523684117348e+00,1.3352651064709470e+01,1.3352651064709470e+01,9.3084902946898556e+00,1.9249776668579439e+00,3.0064441594510667e+00,0.0000000000000000e+00,3.9860959592045564e+00,7.0694272712637405e+00,8.9759147327734135e-01,1.3352651064709470e+01,9.6081187991264194e+00,9.6081187991264194e+00,9.6081187991264194e+00,3.9860959592045564e+00,7.4818024900851983e+00,5.7482523684117348e+00,1.1348707258741612e+01,0.0000000000000000e+00,1.3164637658755765e+01,7.4818024900851983e+00,6.7859567658615507e+00,7.4818024900851983e+00,6.7859567658615507e+00,9.6081187991264194e+00,1.3164637658755765e+01,1.3164637658755765e+01,5.7482523684117348e+00,7.4818024900851983e+00,1.2884367057376425e+01,3.9860959592045564e+00,1.3164637658755765e+01,1.3164637658755765e+01,1.1348707258741612e+01,1.2884367057376425e+01,3.0064441594510667e+00,1.2884367057376425e+01,7.0694272712637405e+00,1.2884367057376425e+01,7.0694272712637405e+00,6.7859567658615507e+00,9.3084902946898556e+00,1.9249776668579439e+00,1.1348707258741612e+01,1.3352651064709470e+01,0.0000000000000000e+00,3.9860959592045564e+00,1.9249776668579439e+00,1.3164637658755765e+01,1.3164637658755765e+01,1.1348707258741612e+01,8.9759147327734135e-01,1.2884367057376425e+01,1.1348707258741612e+01,1.3352651064709470e+01,1.9249776668579439e+00,7.0694272712637405e+00,6.7859567658615507e+00,1.3164637658755765e+01,1.3164637658755765e+01,1.2884367057376425e+01,5.7482523684117348e+00,7.0694272712637405e+00,1.3352651064709470e+01,1.3164637658755765e+01,1.3164637658755765e+01,7.4818024900851983e+00,7.4818024900851983e+00,5.7482523684117348e+00,9.3084902946898556e+00,1.9249776668579439e+00,1.3164637658755765e+01,9.3084902946898556e+00,9.3084902946898556e+00,1.3164637658755765e+01,1.3164637658755765e+01,5.7482523684117348e+00,1.3164637658755765e+01,1.9249776668579439e+00,9.3084902946898556e+00,1.9249776668579439e+00,5.7482523684117348e+00,4.7425956229283370e+00,5.7482523684117348e+00,1.3164637658755765e+01,1.3164637658755765e+01,9.3084902946898556e+00,7.4818024900851983e+00,9.3084902946898556e+00,9.3084902946898556e+00,1.1348707258741612e+01,7.4818024900851983e+00,7.4818024900851983e+00,7.4818024900851983e+00,1.2884367057376425e+01,3.0064441594510667e+00,4.7425956229283370e+00,1.1348707258741612e+01,9.6081187991264194e+00,1.3164637658755765e+01,9.3084902946898556e+00,1.3352651064709470e+01,9.6081187991264194e+00,1.3352651064709470e+01,4.7425956229283370e+00,3.9860959592045564e+00,1.3352651064709470e+01,1.2884367057376425e+01,1.3352651064709470e+01,7.0694272712637405e+00,5.7482523684117348e+00,3.0064441594510667e+00,1.1348707258741612e+01,1.1348707258741612e+01,1.2884367057376425e+01,1.3164637658755765e+01,1.3164637658755765e+01,1.3164637658755765e+01,9.6081187991264194e+00,1.3164637658755765e+01,1.1348707258741612e+01,7.0694272712637405e+00,9.6081187991264194e+00,1.2884367057376425e+01,8.9759147327734135e-01,6.7859567658615507e+00,7.0694272712637405e+00,7.4818024900851983e+00,1.2884367057376425e+01,1.2884367057376425e+01,0.0000000000000000e+00,4.7425956229283370e+00,9.3084902946898556e+00,7.4818024900851983e+00,1.2884367057376425e+01,7.4818024900851983e+00,1.9249776668579439e+00,4.7425956229283370e+00,1.3164637658755765e+01,7.0694272712637405e+00,8.9759147327734135e-01,1.2884367057376425e+01,1.2884367057376425e+01,6.7859567658615507e+00,9.3084902946898556e+00,6.7859567658615507e+00,7.0694272712637405e+00,9.6081187991264194e+00,1.3164637658755765e+01,1.2884367057376425e+01,9.3084902946898556e+00,0.0000000000000000e+00,4.7425956229283370e+00,1.2884367057376425e+01,1.2884367057376425e+01,6.7859567658615507e+00,1.2884367057376425e+01,1.2884367057376425e+01,0.0000000000000000e+00,1.9249776668579439e+00,1.2884367057376425e+01,1.2884367057376425e+01,1.2884367057376425e+01,1.2884367057376425e+01,6.7859567658615507e+00,3.0064441594510667e+00,3.0064441594510667e+00,9.6081187991264194e+00,3.9860959592045564e+00,1.2884367057376425e+01,8.9759147327734135e-01,1.3164637658755765e+01,5.7482523684117348e+00,1.3164637658755765e+01,1.3164637658755765e+01,9.3084902946898556e+00,3.9860959592045564e+00,1.9249776668579439e+00,6.7859567658615507e+00,3.9860959592045564e+00,0.0000000000000000e+00,9.6081187991264194e+00,1.3164637658755765e+01,1.1348707258741612e+01,1.1348707258741612e+01,9.6081187991264194e+00,0.0000000000000000e+00,9.6081187991264194e+00,1.3352651064709470e+01,9.6081187991264194e+00,1.3164637658755765e+01,1.3164637658755765e+01,9.3084902946898556e+00,1.3164637658755765e+01,1.3352651064709470e+01,9.6081187991264194e+00,4.7425956229283370e+00,3.0064441594510667e+00,1.3352651064709470e+01,1.3352651064709470e+01,1.3352651064709470e+01,1.3352651064709470e+01,1.9249776668579439e+00,7.4818024900851983e+00,1.2884367057376425e+01,1.3352651064709470e+01,0.0000000000000000e+00,9.6081187991264194e+00,1.3352651064709470e+01,5.7482523684117348e+00,1.3352651064709470e+01,1.3352651064709470e+01,1.3352651064709470e+01,1.3352651064709470e+01,9.6081187991264194e+00,9.3084902946898556e+00,1.3352651064709470e+01,1.3352651064709470e+01,4.7425956229283370e+00,7.0694272712637405e+00,1.1348707258741612e+01,1.3352651064709470e+01,1.2884367057376425e+01,1.3352651064709470e+01,1.3352651064709470e+01,1.3352651064709470e+01,1.9249776668579439e+00,1.3352651064709470e+01,5.7482523684117348e+00,1.3164637658755765e+01,1.3352651064709470e+01,1.3352651064709470e+01,1.3352651064709470e+01,1.3352651064709470e+01,9.3084902946898556e+00,5.7482523684117348e+00,1.3352651064709470e+01,1.2884367057376425e+01,1.3164637658755765e+01,6.7859567658615507e+00,7.4818024900851983e+00,9.6081187991264194e+00,3.0064441594510667e+00,1.2884367057376425e+01,1.3164637658755765e+01,1.3352651064709470e+01,9.6081187991264194e+00,7.4818024900851983e+00,7.4818024900851983e+00,9.6081187991264194e+00,1.3164637658755765e+01,1.2884367057376425e+01,1.3352651064709470e+01,4.7425956229283370e+00,0.0000000000000000e+00,0.0000000000000000e+00,9.6081187991264194e+00,6.7859567658615507e+00,9.6081187991264194e+00,1.3164637658755765e+01,1.9249776668579439e+00,1.2884367057376425e+01,8.9759147327734135e-01,5.7482523684117348e+00,6.7859567658615507e+00,1.2884367057376425e+01,1.2884367057376425e+01,8.9759147327734135e-01,6.7859567658615507e+00,1.3352651064709470e+01,1.3352651064709470e+01,7.0694272712637405e+00,1.3352651064709470e+01,7.4818024900851983e+00,0.0000000000000000e+00,5.7482523684117348e+00,1.3164637658755765e+01,4.7425956229283370e+00,0.0000000000000000e+00,1.3352651064709470e+01,6.7859567658615507e+00,0.0000000000000000e+00,7.0694272712637405e+00,7.0694272712637405e+00,7.0694272712637405e+00,7.0694272712637405e+00,1.2884367057376425e+01,7.0694272712637405e+00,1.3164637658755765e+01,7.0694272712637405e+00,3.9860959592045564e+00,1.3352651064709470e+01,1.3164637658755765e+01,1.3352651064709470e+01,1.2884367057376425e+01,1.3352651064709470e+01,0.0000000000000000e+00,1.3164637658755765e+01,3.9860959592045564e+00,3.9860959592045564e+00,1.3164637658755765e+01,1.2884367057376425e+01,6.7859567658615507e+00,7.4818024900851983e+00,9.6081187991264194e+00,1.3164637658755765e+01,1.1348707258741612e+01,1.3164637658755765e+01,1.3352651064709470e+01,4.7425956229283370e+00,3.0064441594510667e+00,6.7859567658615507e+00,9.3084902946898556e+00,1.2884367057376425e+01,9.6081187991264194e+00,1.3164637658755765e+01,9.6081187991264194e+00,9.3084902946898556e+00,4.7425956229283370e+00,0.0000000000000000e+00,1.3164637658755765e+01,6.7859567658615507e+00,9.3084902946898556e+00,1.3164637658755765e+01,9.6081187991264194e+00,7.0694272712637405e+00,1.9249776668579439e+00,9.6081187991264194e+00,9.6081187991264194e+00,7.0694272712637405e+00,8.9759147327734135e-01,9.3084902946898556e+00,1.3164637658755765e+01,1.3352651064709470e+01,1.1348707258741612e+01,1.2884367057376425e+01,4.7425956229283370e+00,4.7425956229283370e+00,1.9249776668579439e+00,1.2884367057376425e+01,1.2884367057376425e+01,1.2884367057376425e+01,4.7425956229283370e+00,4.7425956229283370e+00,1.3352651064709470e+01,1.3352651064709470e+01,1.3164637658755765e+01,6.7859567658615507e+00,1.3164637658755765e+01,4.7425956229283370e+00,3.0064441594510667e+00,1.2884367057376425e+01,6.7859567658615507e+00,1.3164637658755765e+01,4.7425956229283370e+00,1.3352651064709470e+01,1.3164637658755765e+01,7.0694272712637405e+00,1.3352651064709470e+01,1.9249776668579439e+00,5.7482523684117348e+00,3.9860959592045564e+00,1.2884367057376425e+01,1.3164637658755765e+01,1.3164637658755765e+01,1.1348707258741612e+01,1.3164637658755765e+01,8.9759147327734135e-01,3.9860959592045564e+00,8.9759147327734135e-01,3.0064441594510667e+00,9.6081187991264194e+00,3.9860959592045564e+00,3.9860959592045564e+00,3.0064441594510667e+00,9.6081187991264194e+00,3.0064441594510667e+00,1.9249776668579439e+00,9.3084902946898556e+00,1.9249776668579439e+00,1.3352651064709470e+01,1.3352651064709470e+01,1.3352651064709470e+01,9.3084902946898556e+00,6.7859567658615507e+00,1.3352651064709470e+01,4.7425956229283370e+00,1.3164637658755765e+01,7.4818024900851983e+00,1.3352651064709470e+01,1.3352651064709470e+01,1.3352651064709470e+01,1.3352651064709470e+01,3.0064441594510667e+00,4.7425956229283370e+00,3.0064441594510667e+00,1.3352651064709470e+01,1.2884367057376425e+01,1.3352651064709470e+01,0.0000000000000000e+00,4.7425956229283370e+00,7.4818024900851983e+00,9.3084902946898556e+00,3.0064441594510667e+00,8.9759147327734135e-01,1.3352651064709470e+01,9.3084902946898556e+00,9.6081187991264194e+00,1.2884367057376425e+01,7.0694272712637405e+00,1.2884367057376425e+01,1.2884367057376425e+01,1.2884367057376425e+01,6.7859567658615507e+00,1.3164637658755765e+01,9.3084902946898556e+00,8.9759147327734135e-01,3.9860959592045564e+00,1.3352651064709470e+01,1.1348707258741612e+01,1.3164637658755765e+01,6.7859567658615507e+00,1.1348707258741612e+01,1.1348707258741612e+01,1.2884367057376425e+01,7.4818024900851983e+00,1.3352651064709470e+01,5.7482523684117348e+00,3.9860959592045564e+00,4.7425956229283370e+00,3.9860959592045564e+00,4.7425956229283370e+00,1.9249776668579439e+00,1.9249776668579439e+00,3.9860959592045564e+00,8.9759147327734135e-01,9.6081187991264194e+00,1.1348707258741612e+01,8.9759147327734135e-01,5.7482523684117348e+00,1.3164637658755765e+01,1.3352651064709470e+01,1.3352651064709470e+01,4.7425956229283370e+00,4.7425956229283370e+00,5.7482523684117348e+00,1.3164637658755765e+01,3.9860959592045564e+00,9.6081187991264194e+00,7.4818024900851983e+00,7.4818024900851983e+00,1.3352651064709470e+01,8.9759147327734135e-01,1.3164637658755765e+01,1.2884367057376425e+01,5.7482523684117348e+00,4.7425956229283370e+00,1.3164637658755765e+01,7.4818024900851983e+00,4.7425956229283370e+00,1.9249776668579439e+00,7.0694272712637405e+00,1.2884367057376425e+01,1.3164637658755765e+01,4.7425956229283370e+00,7.4818024900851983e+00,1.3164637658755765e+01,1.3164637658755765e+01,1.2884367057376425e+01,8.9759147327734135e-01,8.9759147327734135e-01,1.3164637658755765e+01,1.3164637658755765e+01,7.4818024900851983e+00,7.4818024900851983e+00,1.1348707258741612e+01,3.9860959592045564e+00,7.0694272712637405e+00,9.3084902946898556e+00,1.3352651064709470e+01,0.0000000000000000e+00,7.0694272712637405e+00,1.3352651064709470e+01,1.1348707258741612e+01,9.3084902946898556e+00,3.9860959592045564e+00,1.1348707258741612e+01,4.7425956229283370e+00,3.9860959592045564e+00,7.0694272712637405e+00,1.1348707258741612e+01,1.9249776668579439e+00,1.1348707258741612e+01,1.1348707258741612e+01,9.6081187991264194e+00,7.4818024900851983e+00,9.3084902946898556e+00,1.1348707258741612e+01,1.3352651064709470e+01,1.3352651064709470e+01,3.9860959592045564e+00,8.9759147327734135e-01,1.3164637658755765e+01,1.3164637658755765e+01,1.1348707258741612e+01,1.2884367057376425e+01,1.3352651064709470e+01,1.3164637658755765e+01,1.3352651064709470e+01,1.2884367057376425e+01,3.0064441594510667e+00,9.3084902946898556e+00,1.1348707258741612e+01,1.1348707258741612e+01,7.0694272712637405e+00,7.0694272712637405e+00,1.3164637658755765e+01,6.7859567658615507e+00,7.0694272712637405e+00,1.3164637658755765e+01,9.3084902946898556e+00,1.3164637658755765e+01,1.3164637658755765e+01,1.3164637658755765e+01,9.3084902946898556e+00,7.4818024900851983e+00,9.6081187991264194e+00,3.9860959592045564e+00,1.2884367057376425e+01,1.3352651064709470e+01,1.3164637658755765e+01,1.3352651064709470e+01,1.2884367057376425e+01,1.2884367057376425e+01,1.9249776668579439e+00,7.0694272712637405e+00,6.7859567658615507e+00,1.1348707258741612e+01,7.4818024900851983e+00,6.7859567658615507e+00,1.2884367057376425e+01,7.4818024900851983e+00,1.3352651064709470e+01,1.3352651064709470e+01,1.1348707258741612e+01,5.7482523684117348e+00,3.9860959592045564e+00,9.3084902946898556e+00,9.3084902946898556e+00,9.6081187991264194e+00,5.7482523684117348e+00,9.3084902946898556e+00,1.2884367057376425e+01,1.3164637658755765e+01,6.7859567658615507e+00,7.4818024900851983e+00,1.2884367057376425e+01,6.7859567658615507e+00,1.1348707258741612e+01,1.3164637658755765e+01,1.1348707258741612e+01,1.1348707258741612e+01,1.1348707258741612e+01,1.1348707258741612e+01,1.3164637658755765e+01,0.0000000000000000e+00,7.0694272712637405e+00,1.3164637658755765e+01,1.2884367057376425e+01,1.3164637658755765e+01,1.3352651064709470e+01,7.0694272712637405e+00,1.1348707258741612e+01,1.1348707258741612e+01,1.2884367057376425e+01,1.3164637658755765e+01,1.3164637658755765e+01,7.4818024900851983e+00,4.7425956229283370e+00,1.2884367057376425e+01,1.1348707258741612e+01,1.3164637658755765e+01,1.3164637658755765e+01,7.0694272712637405e+00,1.2884367057376425e+01,1.1348707258741612e+01,1.3164637658755765e+01,1.2884367057376425e+01,1.2884367057376425e+01,4.7425956229283370e+00,7.0694272712637405e+00,1.9249776668579439e+00,5.7482523684117348e+00,7.4818024900851983e+00,1.3164637658755765e+01,1.2884367057376425e+01
2.8784217157536931e+00,8.7221062191026242e+00,2.8784217157536931e+00,8.7221062191026242e+00,8.7221062191026242e+00,8.7221062191026242e+00,1.0457850877038068e+01,5.6504714863202441e+00,8.7221062191026242e+00,1.1479765952092039e+01,3.9345916620311079e+00,1.0457850877038068e+01,0.0000000000000000e+00,1.0457850877038068e+01,8.7221062191026242e+00,0.0000000000000000e+00,1.0457850877038068e+01,1.0457850877038068e+01,1.0457850877038068e+01,2.8784217157536931e+00,8.8719056083150527e-01,5.6504714863202441e+00,1.0457850877038068e+01,1.8710948281164077e+00,8.7221062191026242e+00,5.6504714863202441e+00,3.9345916620311079e+00,8.7221062191026242e+00,5.6504714863202441e+00,8.7221062191026242e+00,1.1498185617682772e+01,1.1498185617682772e+01,1.1498185617682772e+01,8.8719056083150527e-01,8.7221062191026242e+00,8.7221062191026242e+00,1.0457850877038068e+01,1.0457850877038068e+01,8.7221062191026242e+00,1.0457850877038068e+01,5.6504714863202441e+00,0.0000000000000000e+00,8.7221062191026242e+00,1.0457850877038068e+01,3.9345916620311079e+00,8.8719056083150527e-01,1.1498185617682772e+01,7.4259080574333245e+00,2.8784217157536931e+00,8.7221062191026242e+00,8.8719056083150527e-01,1.8710948281164077e+00,1.0457850877038068e+01,1.3644817618652944e+01,1.1479765952092039e+01,3.9345916620311079e+00,1.2575780107355811e+01,8.7221062191026242e+00,3.9345916620311079e+00,8.7221062191026242e+00,1.0457850877038068e+01,1.3644817618652944e+01,1.1498185617682772e+01,1.3644817618652944e+01,1.1479765952092039e+01,1.0457850877038068e+01,1.0457850877038068e+01,1.0457850877038068e+01,8.7221062191026242e+00,0.0000000000000000e+00,1.8710948281164077e+00,8.7221062191026242e+00,6.7543425104168398e+00,5.6504714863202441e+00,7.9008797294834396e+00,1.1498185617682772e+01,5.6504714863202441e+00,5.6504714863202441e+00,7.4259080574333245e+00,1.0457850877038068e+01,8.7221062191026242e+00,1.3644817618652944e+01,6.7543425104168398e+00,5.6504714863202441e+00,5.6504714863202441e+00,1.3644817618652944e+01,2.8784217157536931e+00,1.3644817618652944e+01,7.9008797294834396e+00,1.3644817618652944e+01,0.0000000000000000e+00,8.7221062191026242e+00,1.3644817618652944e+01,5.6504714863202441e+00,2.8784217157536931e+00,7.4259080574333245e+00,1.3644817618652944e+01,7.4259080574333245e+00,1.3644817618652944e+01,6.7543425104168398e+00,6.7543425104168398e+00,6.7543425104168398e+00,6.7543425104168398e+00,6.7543425104168398e+00,6.7543425104168398e+00,4.6229128663691919e+00,4.6229128663691919e+00,7.4259080574333245e+00,1.3644817618652944e+01,1.3644817618652944e+01,7.9008797294834396e+00,1.1479765952092039e+01,8.8719056083150527e-01,6.7543425104168398e+00,1.1479765952092039e+01,7.9008797294834396e+00,4.6229128663691919e+00,5.6504714863202441e+00,2.8784217157536931e+00,8.7221062191026242e+00,6.7543425104168398e+00,8.7221062191026242e+00,7.4259080574333245e+00,8.7221062191026242e+00,8.7221062191026242e+00,8.7221062191026242e+00,8.7221062191026242e+00,8.7221062191026242e+00,7.9008797294834396e+00,6.7543425104168398e+00,6.7543425104168398e+00,7.4259080574333245e+00,7.9008797294834396e+00,1.3644817618652944e+01,7.9008797294834396e+00,7.9008797294834396e+00,1.1479765952092039e+01,1.8710948281164077e+00,1.8710948281164077e+00,1.1479765952092039e+01,1.3644817618652944e+01,1.3644817618652944e+01,6.7543425104168398e+00,4.6229128663691919e+00,4.6229128663691919e+00,7.9008797294834396e+00,4.6229128663691919e+00,4.6229128663691919e+00,1.2575780107355811e+01,1.3644817618652944e+01,2.8784217157536931e+00,8.7221062191026242e+00,2.8784217157536931e+00,1.2575780107355811e+01,2.8784217157536931e+00,8.7221062191026242e+00,1.0457850877038068e+01,2.8784217157536931e+00,0.0000000000000000e+00,5.6504714863202441e+00,5.6504714863202441e+00,4.6229128663691919e+00,8.8719056083150527e-01,0.0000000000000000e+00,6.7543425104168398e+00,1.1498185617682772e+01,1.1498185617682772e+01,6.7543425104168398e+00,1.1479765952092039e+01,1.3644817618652944e+01,6.7543425104168398e+00,1.1479765952092039e+01,8.8719056083150527e-01,1.1498185617682772e+01,1.1498185617682772e+01,1.1498185617682772e+01,1.1498185617682772e+01,0.0000000000000000e+00,1.1498185617682772e+01,1.1498185617682772e+01,1.1498185617682772e+01,1.1498185617682772e+01,2.8784217157536931e+00,1.2575780107355811e+01,1.0457850877038068e+01,1.3644817618652944e+01,7.9008797294834396e+00,2.8784217157536931e+00,8.7221062191026242e+00,8.7221062191026242e+00,5.6504714863202441e+00,1.0457850877038068e+01,1.0457850877038068e+01,1.3644817618652944e+01,1.1498185617682772e+01,1.1479765952092039e+01,1.0457850877038068e+01,7.4259080574333245e+00,6.7543425104168398e+00,7.4259080574333245e+00,0.0000000000000000e+00,1.3644817618652944e+01,1.3644817618652944e+01,1.3644817618652944e+01,2.8784217157536931e+00,1.1498185617682772e+01,1.1479765952092039e+01,1.8710948281164077e+00,1.3644817618652944e+01,1.0457850877038068e+01,1.0457850877038068e+01,1.1479765952092039e+01,1.0457850877038068e+01,1.1479765952092039e+01,1.1498185617682772e+01,6.7543425104168398e+00,1.1498185617682772e+01,1.3644817618652944e+01,7.4259080574333245e+00,0.0000000000000000e+00,1.1479765952092039e+01,1.0457850877038068e+01,1.1498185617682772e+01,8.7221062191026242e+00,1.0457850877038068e+01,1.1479765952092039e+01,1.0457850877038068e+01,1.8710948281164077e+00,3.9345916620311079e+00,8.8719056083150527e-01,1.0457850877038068e+01,7.9008797294834396e+00,1.3644817618652944e+01,1.8710948281164077e+00,0.0000000000000000e+00,7.4259080574333245e+00,1.8710948281164077e+00,1.3644817618652944e+01,8.8719056083150527e-01,1.2575780107355811e+01,1.1479765952092039e+01,8.7221062191026242e+00,1.3644817618652944e+01,7.4259080574333245e+00,1.8710948281164077e+00,8.7221062191026242e+00,1.8710948281164077e+00,1.3644817618652944e+01,1.3644817618652944e+01,1.0457850877038068e+01,1.0457850877038068e+01,1.1498185617682772e+01,6.7543425104168398e+00,1.3644817618652944e+01,1.1479765952092039e+01,1.3644817618652944e+01,1.3644817618652944e+01,1.3644817618652944e+01,5.6504714863202441e+00,1.0457850877038068e+01,6.7543425104168398e+00,1.1498185617682772e+01,1.0457850877038068e+01,5.6504714863202441e+00,6.7543425104168398e+00,1.3644817618652944e+01,1.0457850877038068e+01,8.7221062191026242e+00,1.1498185617682772e+01,1.8710948281164077e+00,2.8784217157536931e+00,7.9008797294834396e+00,7.9008797294834396e+00,1.8710948281164077e+00,1.0457850877038068e+01,1.0457850877038068e+01,1.0457850877038068e+01,1.0457850877038068e+01,1.0457850877038068e+01,1.0457850877038068e+01,8.8719056083150527e-01,1.0457850877038068e+01,5.6504714863202441e+00,8.8719056083150527e-01,1.3644817618652944e+01,7.9008797294834396e+00,1.3644817618652944e+01,1.1479765952092039e+01,1.0457850877038068e+01,1.0457850877038068e+01,4.6229128663691919e+00,1.8710948281164077e+00,7.9008797294834396e+00,8.7221062191026242e+00,1.1498185617682772e+01,8.7221062191026242e+00,2.8784217157536931e+00,5.6504714863202441e+00,8.8719056083150527e-01,5.6504714863202441e+00,0.0000000000000000e+00,6.7543425104168398e+00,1.0457850877038068e+01,7.9008797294834396e+00,1.2575780107355811e+01,2.8784217157536931e+00,7.4259080574333245e+00,6.7543425104168398e+00,8.7221062191026242e+00,7.4259080574333245e+00,0.0000000000000000e+00,2.8784217157536931e+00,1.3644817618652944e+01,5.6504714863202441e+00,1.0457850877038068e+01,1.0457850877038068e+01,1.0457850877038068e+01,8.8719056083150527e-01,4.6229128663691919e+00,1.0457850877038068e+01,3.9345916620311079e+00,7.4259080574333245e+00,8.7221062191026242e+00,8.7221062191026242e+00,7.9008797294834396e+00,7.4259080574333245e+00,1.3644817618652944e+01,1.1479765952092039e+01,4.6229128663691919e+00,6.7543425104168398e+00,4.6229128663691919e+00,0.0000000000000000e+00,7.9008797294834396e+00,7.9008797294834396e+00,3.9345916620311079e+00,1.3644817618652944e+01,1.0457850877038068e+01,7.4259080574333245e+00,1.3644817618652944e+01,3.9345916620311079e+00,1.3644817618652944e+01,1.3644817618652944e+01,1.1479765952092039e+01,1.3644817618652944e+01,1.8710948281164077e+00,1.3644817618652944e+01,1.1479765952092039e+01,1.3644817618652944e+01,6.7543425104168398e+00,1.8710948281164077e+00,7.9008797294834396e+00,1.0457850877038068e+01,1.1498185617682772e+01,1.0457850877038068e+01,1.0457850877038068e+01,1.3644817618652944e+01,1.1479765952092039e+01,7.9008797294834396e+00,3.9345916620311079e+00,1.3644817618652944e+01,1.0457850877038068e+01,8.7221062191026242e+00,0.0000000000000000e+00,1.1479765952092039e+01,1.3644817618652944e+01,2.8784217157536931e+00,1.0457850877038068e+01,7.4259080574333245e+00,3.9345916620311079e+00,1.0457850877038068e+01,1.3644817618652944e+01,1.3644817618652944e+01,1.0457850877038068e+01,1.0457850877038068e+01,5.6504714863202441e+00,1.0457850877038068e+01,3.9345916620311079e+00,3.9345916620311079e+00,1.0457850877038068e+01,1.3644817618652944e+01,8.7221062191026242e+00,6.7543425104168398e+00,1.0457850877038068e+01,1.0457850877038068e+01,6.7543425104168398e+00,2.8784217157536931e+00,2.8784217157536931e+00,1.0457850877038068e+01,7.9008797294834396e+00,8.7221062191026242e+00,8.7221062191026242e+00,1.0457850877038068e+01,1.0457850877038068e+01,1.0457850877038068e+01,8.7221062191026242e+00,1.0457850877038068e+01,1.0457850877038068e+01,1.1498185617682772e+01,1.1479765952092039e+01,1.0457850877038068e+01,6.7543425104168398e+00,7.4259080574333245e+00,5.6504714863202441e+00,1.2575780107355811e+01,5.6504714863202441e+00,5.6504714863202441e+00,2.8784217157536931e+00,5.6504714863202441e+00,7.4259080574333245e+00,1.1498185617682772e+01,1.2575780107355811e+01,3.9345916620311079e+00,1.3644817618652944e+01,6.7543425104168398e+00,7.4259080574333245e+00,1.3644817618652944e+01,2.8784217157536931e+00,7.4259080574333245e+00,2.8784217157536931e+00,2.8784217157536931e+00,7.4259080574333245e+00,7.9008797294834396e+00,7.9008797294834396e+00,5.6504714863202441e+00,8.7221062191026242e+00,1.1479765952092039e+01,1.1479765952092039e+01,2.8784217157536931e+00,2.8784217157536931e+00,1.1479765952092039e+01,2.8784217157536931e+00,6.7543425104168398e+00,0.0000000000000000e+00,2.8784217157536931e+00,7.9008797294834396e+00,5.6504714863202441e+00,5.6504714863202441e+00,1.3644817618652944e+01,1.0457850877038068e+01,1.1479765952092039e+01,1.3644817618652944e+01,8.7221062191026242e+00,1.0457850877038068e+01,1.0457850877038068e+01,0.0000000000000000e+00,7.9008797294834396e+00,7.9008797294834396e+00,1.8710948281164077e+00,8.7221062191026242e+00,5.6504714863202441e+00,7.4259080574333245e+00,7.4259080574333245e+00,1.3644817618652944e+01,7.4259080574333245e+00,1.1498185617682772e+01,1.3644817618652944e+01,1.1498185617682772e+01,1.3644817618652944e+01,2.8784217157536931e+00,1.2575780107355811e+01,5.6504714863202441e+00,8.8719056083150527e-01,6.7543425104168398e+00,1.3644817618652944e+01,1.3644817618652944e+01,1.3644817618652944e+01,1.0457850877038068e+01,1.1498185617682772e+01,8.8719056083150527e-01,5.6504714863202441e+00,5.6504714863202441e+00,1.0457850877038068e+01,1.1479765952092039e+01,1.0457850877038068e+01,8.8719056083150527e-01,1.2575780107355811e+01,1.2575780107355811e+01,1.1498185617682772e+01,1.1479765952092039e+01,1.1479765952092039e+01,1.2575780107355811e+01,5.6504714863202441e+00,1.3644817618652944e+01,1.3644817618652944e+01,1.2575780107355811e+01,1.2575780107355811e+01,1.2575780107355811e+01,1.3644817618652944e+01,1.3644817618652944e+01,1.3644817618652944e+01,1.1479765952092039e+01,1.2575780107355811e+01,1.2575780107355811e+01,1.2575780107355811e+01,1.2575780107355811e+01,1.2575780107355811e+01,1.2575780107355811e+01,1.1498185617682772e+01,1.2575780107355811e+01,8.7221062191026242e+00,1.8710948281164077e+00,1.1498185617682772e+01,1.2575780107355811e+01,7.4259080574333245e+00,7.4259080574333245e+00,3.9345916620311079e+00,3.9345916620311079e+00,7.4259080574333245e+00,1.0457850877038068e+01,1.3644817618652944e+01,7.4259080574333245e+00,1.2575780107355811e+01,6.7543425104168398e+00,1.2575780107355811e+01,6.7543425104168398e+00,3.9345916620311079e+00,1.1479765952092039e+01,0.0000000000000000e+00,1.0457850877038068e+01,1.0457850877038068e+01,1.2575780107355811e+01,6.7543425104168398e+00,1.2575780107355811e+01,5.6504714863202441e+00,0.0000000000000000e+00,5.6504714863202441e+00,1.3644817618652944e+01,1.3644817618652944e+01,8.7221062191026242e+00,7.9008797294834396e+00,3.9345916620311079e+00,1.1479765952092039e+01,8.7221062191026242e+00,1.2575780107355811e+01,2.8784217157536931e+00,1.0457850877038068e+01,1.2575780107355811e+01,1.2575780107355811e+01,4.6229128663691919e+00,3.9345916620311079e+00,1.1479765952092039e+01,1.3644817618652944e+01,1.3644817618652944e+01,1.3644817618652944e+01,7.4259080574333245e+00,2.8784217157536931e+00,7.4259080574333245e+00,1.3644817618652944e+01,1.3644817618652944e+01,1.3644817618652944e+01,1.3644817618652944e+01,8.7221062191026242e+00,1.8710948281164077e+00,1.1498185617682772e+01,8.7221062191026242e+00,8.7221062191026242e+00,6.7543425104168398e+00,7.4259080574333245e+00,7.9008797294834396e+00,1.1479765952092039e+01,1.2575780107355811e+01,1.1498185617682772e+01,4.6229128663691919e+00,8.7221062191026242e+00,8.7221062191026242e+00,8.8719056083150527e-01,1.3644817618652944e+01,1.8710948281164077e+00,1.1479765952092039e+01,1.1498185617682772e+01,8.7221062191026242e+00,1.2575780107355811e+01,1.1498185617682772e+01,4.6229128663691919e+00,1.1479765952092039e+01,4.6229128663691919e+00,5.6504714863202441e+00,1.1498185617682772e+01,7.4259080574333245e+00,7.4259080574333245e+00,1.1479765952092039e+01,1.2575780107355811e+01,6.7543425104168398e+00,8.7221062191026242e+00,1.3644817618652944e+01,8.7221062191026242e+00,1.0457850877038068e+01,4.6229128663691919e+00,1.0457850877038068e+01,1.1498185617682772e+01,1.1479765952092039e+01,4.6229128663691919e+00,1.1498185617682772e+01,7.9008797294834396e+00,4.6229128663691919e+00,5.6504714863202441e+00,1.0457850877038068e+01,1.8710948281164077e+00,8.7221062191026242e+00,1.2575780107355811e+01,2.8784217157536931e+00,1.1498185617682772e+01,0.0000000000000000e+00,4.6229128663691919e+00,7.4259080574333245e+00,6.7543425104168398e+00,1.1498185617682772e+01,1.1498185617682772e+01,7.4259080574333245e+00,1.1498185617682772e+01,1.1498185617682772e+01,7.4259080574333245e+00,1.2575780107355811e+01,8.7221062191026242e+00,1.1479765952092039e+01,1.1479765952092039e+01,1.3644817618652944e+01,4.6229128663691919e+00,2.8784217157536931e+00,1.1479765952092039e+01,1.1479765952092039e+01,7.4259080574333245e+00,1.2575780107355811e+01,4.6229128663691919e+00,4.6229128663691919e+00,1.3644817618652944e+01,7.9008797294834396e+00,1.1479765952092039e+01,4.6229128663691919e+00,1.2575780107355811e+01,1.2575780107355811e+01,1.2575780107355811e+01,0.0000000000000000e+00,1.2575780107355811e+01,6.7543425104168398e+00,1.8710948281164077e+00,1.2575780107355811e+01,1.3644817618652944e+01,1.3644817618652944e+01,1.3644817618652944e+01,1.3644817618652944e+01,1.1479765952092039e+01,1.3644817618652944e+01,7.4259080574333245e+00,7.9008797294834396e+00,6.7543425104168398e+00,1.3644817618652944e+01,1.8710948281164077e+00,8.8719056083150527e-01,1.3644817618652944e+01,8.7221062191026242e+00,1.1479765952092039e+01,7.9008797294834396e+00,7.9008797294834396e+00,0.0000000000000000e+00,7.9008797294834396e+00,5.6504714863202441e+00,8.7221062191026242e+00,1.1479765952092039e+01,1.3644817618652944e+01,1.3644817618652944e+01,5.6504714863202441e+00,7.9008797294834396e+00,1.1479765952092039e+01,1.2575780107355811e+01,7.4259080574333245e+00,1.2575780107355811e+01,3.9345916620311079e+00,2.8784217157536931e+00,5.6504714863202441e+00,1.1479765952092039e+01,1.1479765952092039e+01,2.8784217157536931e+00,7.4259080574333245e+00,1.0457850877038068e+01,1.1498185617682772e+01,1.3644817618652944e+01,7.4259080574333245e+00,0.0000000000000000e+00,5.6504714863202441e+00,8.7221062191026242e+00,8.7221062191026242e+00,1.1479765952092039e+01,1.2575780107355811e+01,1.2575780107355811e+01,1.2575780107355811e+01,1.2575780107355811e+01,1.2575780107355811e+01,4.6229128663691919e+00,4.6229128663691919e+00,0.0000000000000000e+00,1.1479765952092039e+01,1.3644817618652944e+01,7.9008797294834396e+00,1.1479765952092039e+01,1.8710948281164077e+00,1.0457850877038068e+01,1.3644817618652944e+01,5.6504714863202441e+00,1.2575780107355811e+01,7.9008797294834396e+00,1.0457850877038068e+01,1.3644817618652944e+01,1.8710948281164077e+00,1.3644817618652944e+01,3.9345916620311079e+00,1.3644817618652944e+01,8.7221062191026242e+00,1.3644817618652944e+01,8.7221062191026242e+00,7.4259080574333245e+00,4.6229128663691919e+00,2.8784217157536931e+00,1.1479765952092039e+01,1.3644817618652944e+01,8.7221062191026242e+00,6.7543425104168398e+00,3.9345916620311079e+00,1.3644817618652944e+01,1.1479765952092039e+01,4.6229128663691919e+00,1.2575780107355811e+01,7.9008797294834396e+00,8.7221062191026242e+00,5.6504714863202441e+00,1.2575780107355811e+01,1.1498185617682772e+01,1.2575780107355811e+01,1.1498185617682772e+01,1.1498185617682772e+01,1.1498185617682772e+01,1.8710948281164077e+00,1.3644817618652944e+01,7.4259080574333245e+00,1.1479765952092039e+01,2.8784217157536931e+00,5.6504714863202441e+00,7.4259080574333245e+00,1.3644817618652944e+01,5.6504714863202441e+00,1.3644817618652944e+01,7.9008797294834396e+00,5.6504714863202441e+00,7.4259080574333245e+00,1.1479765952092039e+01,1.8710948281164077e+00,1.1498185617682772e+01,1.1479765952092039e+01,2.8784217157536931e+00,2.8784217157536931e+00,7.9008797294834396e+00,1.1479765952092039e+01,1.1479765952092039e+01,1.1479765952092039e+01,2.8784217157536931e+00,0.0000000000000000e+00,1.1498185617682772e+01,5.6504714863202441e+00,5.6504714863202441e+00,1.0457850877038068e+01,1.1498185617682772e+01,1.8710948281164077e+00,1.1479765952092039e+01,1.1479765952092039e+01,4.6229128663691919e+00,4.6229128663691919e+00,1.1479765952092039e+01,2.8784217157536931e+00,1.3644817618652944e+01,3.9345916620311079e+00,6.7543425104168398e+00,1.2575780107355811e+01,1.2575780107355811e+01,8.8719056083150527e-01,1.2575780107355811e+01,1.1498185617682772e+01,8.7221062191026242e+00,1.1479765952092039e+01,6.7543425104168398e+00,8.7221062191026242e+00,6.7543425104168398e+00,3.9345916620311079e+00,1.8710948281164077e+00,1.1498185617682772e+01,1.1498185617682772e+01,5.6504714863202441e+00,5.6504714863202441e+00,1.1498185617682772e+01,1.0457850877038068e+01,1.1479765952092039e+01,1.1479765952092039e+01,1.1479765952092039e+01,3.9345916620311079e+00,1.1479765952092039e+01,1.1479765952092039e+01,2.8784217157536931e+00,1.1479765952092039e+01,1.3644817618652944e+01,1.1479765952092039e+01,1.1479765952092039e+01,8.7221062191026242e+00,1.1479765952092039e+01,1.1498185617682772e+01,3.9345916620311079e+00,4.6229128663691919e+00,7.4259080574333245e+00,1.3644817618652944e+01,1.8710948281164077e+00,1.0457850877038068e+01,1.3644817618652944e+01,1.3644817618652944e+01,1.1479765952092039e+01,1.1479765952092039e+01,8.8719056083150527e-01,7.4259080574333245e+00,7.9008797294834396e+00,7.9008797294834396e+00,5.6504714863202441e+00,3.9345916620311079e+00,5.6504714863202441e+00,3.9345916620311079e+00,8.8719056083150527e-01,8.7221062191026242e+00,3.9345916620311079e+00,7.9008797294834396e+00,1.1498185617682772e+01,3.9345916620311079e+00,1.3644817618652944e+01,1.1498185617682772e+01,1.3644817618652944e+01,6.7543425104168398e+00,0.0000000000000000e+00,1.3644817618652944e+01,4.6229128663691919e+00,3.9345916620311079e+00,1.1479765952092039e+01,0.0000000000000000e+00,1.0457850877038068e+01,4.6229128663691919e+00,4.6229128663691919e+00,1.1479765952092039e+01,1.1479765952092039e+01,6.7543425104168398e+00,1.1479765952092039e+01,1.1498185617682772e+01,6.7543425104168398e+00,5.6504714863202441e+00,1.2575780107355811e+01,7.9008797294834396e+00,1.0457850877038068e+01,1.8710948281164077e+00,1.3644817618652944e+01,7.9008797294834396e+00,1.1498185617682772e+01,1.1498185617682772e+01,1.1498185617682772e+01,1.1498185617682772e+01,1.3644817618652944e+01,1.1479765952092039e+01,7.9008797294834396e+00,7.4259080574333245e+00,8.8719056083150527e-01,5.6504714863202441e+00,1.8710948281164077e+00,6.7543425104168398e+00,8.8719056083150527e-01,1.1479765952092039e+01,8.7221062191026242e+00,1.1479765952092039e+01,1.1479765952092039e+01,3.9345916620311079e+00,7.4259080574333245e+00,8.8719056083150527e-01,1.2575780107355811e+01,1.1479765952092039e+01,1.1498185617682772e+01,1.1479765952092039e+01,7.4259080574333245e+00,1.3644817618652944e+01,1.1479765952092039e+01,4.6229128663691919e+00,1.1479765952092039e+01,1.1479765952092039e+01,1.1479765952092039e+01,1.1479765952092039e+01,1.0457850877038068e+01,2.8784217157536931e+00,1.0457850877038068e+01,1.0457850877038068e+01,1.0457850877038068e+01,1.1479765952092039e+01,1.0457850877038068e+01,1.0457850877038068e+01,4.6229128663691919e+00,8.8719056083150527e-01,4.6229128663691919e+00,1.1479765952092039e+01,3.9345916620311079e+00,1.1479765952092039e+01,1.1479765952092039e+01,7.9008797294834396e+00,1.1479765952092039e+01,2.8784217157536931e+00,5.6504714863202441e+00,1.2575780107355811e+01,2.8784217157536931e+00,7.9008797294834396e+00,6.7543425104168398e+00,1.0457850877038068e+01,4.6229128663691919e+00,6.7543425104168398e+00,8.8719056083150527e-01,7.4259080574333245e+00,7.9008797294834396e+00,3.9345916620311079e+00,3.9345916620311079e+00,7.4259080574333245e+00,1.3644817618652944e+01,1.1479765952092039e+01,1.3644817618652944e+01,1.1498185617682772e+01,4.6229128663691919e+00,1.0457850877038068e+01,5.6504714863202441e+00,1.0457850877038068e+01,1.1479765952092039e+01,8.8719056083150527e-01,1.1479765952092039e+01,7.9008797294834396e+00,3.9345916620311079e+00,5.6504714863202441e+00,1.8710948281164077e+00,1.1479765952092039e+01,1.8710948281164077e+00,1.1479765952092039e+01,5.6504714863202441e+00,7.4259080574333245e+00,6.7543425104168398e+00,7.9008797294834396e+00,6.7543425104168398e+00,8.8719056083150527e-01,6.7543425104168398e+00,1.3644817618652944e+01,1.0457850877038068e+01,8.7221062191026242e+00,6.7543425104168398e+00,5.6504714863202441e+00,4.6229128663691919e+00,1.1498185617682772e+01,1.0457850877038068e+01,1.1498185617682772e+01,7.4259080574333245e+00,1.0457850877038068e+01,1.0457850877038068e+01,1.0457850877038068e+01,1.2575780107355811e+01,1.2575780107355811e+01,1.1498185617682772e+01,1.8710948281164077e+00,5.6504714863202441e+00,1.0457850877038068e+01,6.7543425104168398e+00,1.0457850877038068e+01,3.9345916620311079e+00,1.0457850877038068e+01,1.0457850877038068e+01,1.2575780107355811e+01,1.1479765952092039e+01,4.6229128663691919e+00,7.9008797294834396e+00,8.8719056083150527e-01,1.3644817618652944e+01,1.8710948281164077e+00,0.0000000000000000e+00,8.7221062191026242e+00,1.1498185617682772e+01,0.0000000000000000e+00,1.1479765952092039e+01,8.7221062191026242e+00,1.1479765952092039e+01,7.4259080574333245e+00,7.9008797294834396e+00,7.9008797294834396e+00,7.9008797294834396e+00,7.9008797294834396e+00,7.4259080574333245e+00,1.1479765952092039e+01,1.1498185617682772e+01,1.1479765952092039e+01,6.7543425104168398e+00,8.7221062191026242e+00,6.7543425104168398e+00,1.2575780107355811e+01,7.4259080574333245e+00,8.7221062191026242e+00,7.9008797294834396e+00,1.0457850877038068e+01,8.7221062191026242e+00,5.6504714863202441e+00,6.7543425104168398e+00
3.7018950966108171e+00,1.0923861296805912e+01,8.3278656522645844e-01,1.0923861296805912e+01,1.0923861296805912e+01,1.0923861296805912e+01,1.0923861296805912e+01,0.0000000000000000e+00,1.0923861296805912e+01,1.0923861296805912e+01,1.0923861296805912e+01,1.0923861296805912e+01,1.0923861296805912e+01,1.0923861296805912e+01,7.7582247472077750e+00,1.0923861296805912e+01,9.3290651169627470e+00,1.0923861296805912e+01,1.0923861296805912e+01,9.3290651169627470e+00,4.3941339750097219e+00,0.0000000000000000e+00,1.0923861296805912e+01,6.2531920516492923e+00,1.2026718192993240e+01,1.8114732038954997e+00,1.2026718192993240e+01,7.3140626582906876e+00,7.7582247472077750e+00,1.4323177919482765e+01,5.8494332062580856e+00,7.3140626582906876e+00,1.0923861296805912e+01,1.2026718192993240e+01,1.8114732038954997e+00,1.2026718192993240e+01,1.2026718192993240e+01,1.2026718192993240e+01,9.3290651169627470e+00,3.7018950966108171e+00,7.3140626582906876e+00,1.2026718192993240e+01,1.4323177919482765e+01,6.2531920516492923e+00,1.0720274377764028e+01,1.2026718192993240e+01,1.4323177919482765e+01,1.0923861296805912e+01,5.8494332062580856e+00,0.0000000000000000e+00,8.3278656522645844e-01,1.2026718192993240e+01,1.3312676332205607e+01,9.3290651169627470e+00,1.2026718192993240e+01,2.8232961365443590e+00,1.0923861296805912e+01,7.3140626582906876e+00,1.3312676332205607e+01,1.3312676332205607e+01,1.0720274377764028e+01,1.2026718192993240e+01,1.2026718192993240e+01,4.3941339750097219e+00,1.8114732038954997e+00,1.0923861296805912e+01,1.0720274377764028e+01,1.0923861296805912e+01,1.0923861296805912e+01,8.3278656522645844e-01,1.2026718192993240e+01,5.8494332062580856e+00,6.2531920516492923e+00,1.0923861296805912e+01,5.8494332062580856e+00,1.8114732038954997e+00,1.2026718192993240e+01,1.2026718192993240e+01,0.0000000000000000e+00,6.2531920516492923e+00,1.0923861296805912e+01,7.7582247472077750e+00,1.4323177919482765e+01,0.0000000000000000e+00,1.2026718192993240e+01,9.3290651169627470e+00,1.3312676332205607e+01,2.8232961365443590e+00,1.2026718192993240e+01,0.0000000000000000e+00,1.3312676332205607e+01,4.3941339750097219e+00,1.3312676332205607e+01,9.3290651169627470e+00,9.3290651169627470e+00,0.0000000000000000e+00,4.3941339750097219e+00,0.0000000000000000e+00,4.3941339750097219e+00,9.3290651169627470e+00,1.3312676332205607e+01,4.3941339750097219e+00,1.0720274377764028e+01,5.8494332062580856e+00,5.8494332062580856e+00,1.8114732038954997e+00,9.3290651169627470e+00,1.4323177919482765e+01,1.4323177919482765e+01,1.4323177919482765e+01,1.2026718192993240e+01,1.0923861296805912e+01,1.4323177919482765e+01,9.3290651169627470e+00,1.4323177919482765e+01,1.4323177919482765e+01,1.0923861296805912e+01,1.4323177919482765e+01,1.4323177919482765e+01,1.3312676332205607e+01,1.3312676332205607e+01,1.4323177919482765e+01,4.3941339750097219e+00,1.4323177919482765e+01,3.7018950966108171e+00,9.3290651169627470e+00,1.4323177919482765e+01,1.4323177919482765e+01,9.3290651169627470e+00,5.8494332062580856e+00,5.8494332062580856e+00,1.2026718192993240e+01,8.3278656522645844e-01,5.8494332062580856e+00,1.4323177919482765e+01,4.3941339750097219e+00,0.0000000000000000e+00,1.3312676332205607e+01,1.4323177919482765e+01,1.2026718192993240e+01,1.0923861296805912e+01,1.0923861296805912e+01,1.0923861296805912e+01,3.7018950966108171e+00,1.3312676332205607e+01,1.4323177919482765e+01,1.2026718192993240e+01,1.0923861296805912e+01,1.0720274377764028e+01,1.8114732038954997e+00,1.2026718192993240e+01,1.0923861296805912e+01,0.0000000000000000e+00,1.0923861296805912e+01,1.4323177919482765e+01,5.8494332062580856e+00,2.8232961365443590e+00,7.3140626582906876e+00,1.0923861296805912e+01,1.0923861296805912e+01,1.2026718192993240e+01,1.2026718192993240e+01,1.2026718192993240e+01,8.3278656522645844e-01,1.3312676332205607e+01,4.3941339750097219e+00,1.3312676332205607e+01,1.0720274377764028e+01,0.0000000000000000e+00,1.0923861296805912e+01,2.8232961365443590e+00,1.0720274377764028e+01,1.0720274377764028e+01,1.3312676332205607e+01,1.3312676332205607e+01,4.3941339750097219e+00,1.8114732038954997e+00,1.3312676332205607e+01,1.2026718192993240e+01,1.2026718192993240e+01,1.2026718192993240e+01,1.0720274377764028e+01,1.8114732038954997e+00,7.7582247472077750e+00,7.3140626582906876e+00,1.4323177919482765e+01,1.4323177919482765e+01,7.3140626582906876e+00,1.4323177919482765e+01,1.3312676332205607e+01,1.0923861296805912e+01,1.2026718192993240e+01,1.4323177919482765e+01,1.2026718192993240e+01,6.2531920516492923e+00,1.2026718192993240e+01,1.2026718192993240e+01,1.0923861296805912e+01,1.0720274377764028e+01,1.0923861296805912e+01,6.2531920516492923e+00,1.4323177919482765e+01,7.3140626582906876e+00,9.3290651169627470e+00,1.2026718192993240e+01,0.0000000000000000e+00,1.8114732038954997e+00,9.3290651169627470e+00,9.3290651169627470e+00,1.3312676332205607e+01,1.4323177919482765e+01,1.4323177919482765e+01,1.2026718192993240e+01,4.3941339750097219e+00,8.3278656522645844e-01,1.4323177919482765e+01,1.4323177919482765e+01,1.2026718192993240e+01,1.3312676332205607e+01,1.0923861296805912e+01,9.3290651169627470e+00,7.7582247472077750e+00,6.2531920516492923e+00,7.7582247472077750e+00,9.3290651169627470e+00,1.3312676332205607e+01,6.2531920516492923e+00,1.3312676332205607e+01,7.7582247472077750e+00,0.0000000000000000e+00,6.2531920516492923e+00,1.0923861296805912e+01,1.2026718192993240e+01,1.0923861296805912e+01,3.7018950966108171e+00,3.7018950966108171e+00,1.0923861296805912e+01,9.3290651169627470e+00,9.3290651169627470e+00,1.0923861296805912e+01,5.8494332062580856e+00,1.0923861296805912e+01,8.3278656522645844e-01,5.8494332062580856e+00,1.3312676332205607e+01,1.4323177919482765e+01,1.2026718192993240e+01,4.3941339750097219e+00,1.2026718192993240e+01,5.8494332062580856e+00,1.0923861296805912e+01,4.3941339750097219e+00,1.0923861296805912e+01,0.0000000000000000e+00,1.0923861296805912e+01,1.2026718192993240e+01,4.3941339750097219e+00,1.3312676332205607e+01,7.3140626582906876e+00,3.7018950966108171e+00,0.0000000000000000e+00,5.8494332062580856e+00,1.0720274377764028e+01,1.0720274377764028e+01,4.3941339750097219e+00,1.0923861296805912e+01,9.3290651169627470e+00,0.0000000000000000e+00,1.2026718192993240e+01,1.0923861296805912e+01,4.3941339750097219e+00,5.8494332062580856e+00,1.0923861296805912e+01,1.0720274377764028e+01,3.7018950966108171e+00,5.8494332062580856e+00,1.0720274377764028e+01,1.2026718192993240e+01,1.2026718192993240e+01,1.0720274377764028e+01,9.3290651169627470e+00,1.3312676332205607e+01,1.0923861296805912e+01,1.2026718192993240e+01,7.3140626582906876e+00,9.3290651169627470e+00,7.3140626582906876e+00,1.4323177919482765e+01,1.0720274377764028e+01,1.8114732038954997e+00,1.0720274377764028e+01,0.0000000000000000e+00,1.2026718192993240e+01,3.7018950966108171e+00,1.3312676332205607e+01,8.3278656522645844e-01,5.8494332062580856e+00,2.8232961365443590e+00,1.3312676332205607e+01,1.3312676332205607e+01,1.2026718192993240e+01,4.3941339750097219e+00,4.3941339750097219e+00,1.3312676332205607e+01,2.8232961365443590e+00,4.3941339750097219e+00,6.2531920516492923e+00,1.3312676332205607e+01,9.3290651169627470e+00,1.2026718192993240e+01,1.0923861296805912e+01,1.3312676332205607e+01,6.2531920516492923e+00,1.2026718192993240e+01,3.7018950966108171e+00,1.0923861296805912e+01,1.2026718192993240e+01,1.0923861296805912e+01,1.0923861296805912e+01,1.0923861296805912e+01,8.3278656522645844e-01,8.3278656522645844e-01,7.3140626582906876e+00,7.3140626582906876e+00,1.8114732038954997e+00,2.8232961365443590e+00,1.2026718192993240e+01,1.3312676332205607e+01,1.0720274377764028e+01,1.2026718192993240e+01,1.0923861296805912e+01,1.3312676332205607e+01,1.4323177919482765e+01,1.4323177919482765e+01,1.0720274377764028e+01,1.0720274377764028e+01,1.0720274377764028e+01,1.4323177919482765e+01,1.0923861296805912e+01,1.4323177919482765e+01,1.0923861296805912e+01,1.8114732038954997e+00,1.0923861296805912e+01,8.3278656522645844e-01,0.0000000000000000e+00,1.4323177919482765e+01,1.0720274377764028e+01,1.0923861296805912e+01,1.0720274377764028e+01,1.8114732038954997e+00,1.3312676332205607e+01,1.0720274377764028e+01,7.7582247472077750e+00,1.2026718192993240e+01,1.2026718192993240e+01,1.0720274377764028e+01,1.0720274377764028e+01,1.8114732038954997e+00,1.2026718192993240e+01,1.0720274377764028e+01,1.2026718192993240e+01,1.2026718192993240e+01,7.3140626582906876e+00,5.8494332062580856e+00,1.4323177919482765e+01,1.0923861296805912e+01,1.0923861296805912e+01,4.3941339750097219e+00,7.7582247472077750e+00,1.3312676332205607e+01,1.3312676332205607e+01,1.3312676332205607e+01,1.0720274377764028e+01,1.0720274377764028e+01,1.3312676332205607e+01,1.3312676332205607e+01,2.8232961365443590e+00,7.7582247472077750e+00,1.3312676332205607e+01,7.7582247472077750e+00,8.3278656522645844e-01,1.4323177919482765e+01,1.4323177919482765e+01,8.3278656522645844e-01,1.0923861296805912e+01,1.3312676332205607e+01,1.3312676332205607e+01,1.4323177919482765e+01,1.3312676332205607e+01,7.7582247472077750e+00,4.3941339750097219e+00,9.3290651169627470e+00,1.0923861296805912e+01,4.3941339750097219e+00,3.7018950966108171e+00,3.7018950966108171e+00,1.0923861296805912e+01,6.2531920516492923e+00,1.3312676332205607e+01,1.0923861296805912e+01,1.0923861296805912e+01,2.8232961365443590e+00,1.4323177919482765e+01,1.2026718192993240e+01,7.7582247472077750e+00,7.7582247472077750e+00,9.3290651169627470e+00,1.0923861296805912e+01,1.3312676332205607e+01,1.0923861296805912e+01,1.3312676332205607e+01,1.3312676332205607e+01,1.0923861296805912e+01,1.0923861296805912e+01,1.0720274377764028e+01,1.0923861296805912e+01,1.4323177919482765e+01,0.0000000000000000e+00,1.3312676332205607e+01,1.3312676332205607e+01,1.8114732038954997e+00,1.8114732038954997e+00,1.3312676332205607e+01,1.3312676332205607e+01,1.4323177919482765e+01,1.0923861296805912e+01,1.0923861296805912e+01,1.3312676332205607e+01,1.0923861296805912e+01,1.0923861296805912e+01,1.0923861296805912e+01,1.0720274377764028e+01,1.3312676332205607e+01,1.8114732038954997e+00,1.2026718192993240e+01,7.7582247472077750e+00,7.7582247472077750e+00,5.8494332062580856e+00,5.8494332062580856e+00,1.0923861296805912e+01,3.7018950966108171e+00,1.2026718192993240e+01,1.0923861296805912e+01,1.0923861296805912e+01,1.2026718192993240e+01,1.2026718192993240e+01,3.7018950966108171e+00,1.8114732038954997e+00,1.2026718192993240e+01,1.0720274377764028e+01,0.0000000000000000e+00,1.4323177919482765e+01,3.7018950966108171e+00,1.4323177919482765e+01,1.4323177919482765e+01,1.0923861296805912e+01,1.0923861296805912e+01,1.0923861296805912e+01,1.4323177919482765e+01,1.4323177919482765e+01,1.3312676332205607e+01,8.3278656522645844e-01,9.3290651169627470e+00,5.8494332062580856e+00,9.3290651169627470e+00,2.8232961365443590e+00,1.0923861296805912e+01,1.8114732038954997e+00,6.2531920516492923e+00,7.7582247472077750e+00,9.3290651169627470e+00,1.4323177919482765e+01,1.3312676332205607e+01,1.4323177919482765e+01,1.0923861296805912e+01,2.8232961365443590e+00,7.7582247472077750e+00,7.7582247472077750e+00,4.3941339750097219e+00,4.3941339750097219e+00,8.3278656522645844e-01,1.2026718192993240e+01,1.0923861296805912e+01,4.3941339750097219e+00,1.3312676332205607e+01,1.4323177919482765e+01,7.7582247472077750e+00,1.2026718192993240e+01,9.3290651169627470e+00,1.4323177919482765e+01,1.4323177919482765e+01,1.2026718192993240e+01,1.0923861296805912e+01,1.2026718192993240e+01,7.3140626582906876e+00,1.0923861296805912e+01,1.8114732038954997e+00,1.0923861296805912e+01,3.7018950966108171e+00,1.4323177919482765e+01,1.4323177919482765e+01,1.3312676332205607e+01,0.0000000000000000e+00,1.3312676332205607e+01,2.8232961365443590e+00,1.0720274377764028e+01,1.0923861296805912e+01,0.0000000000000000e+00,1.3312676332205607e+01,1.8114732038954997e+00,7.7582247472077750e+00,1.0923861296805912e+01,1.8114732038954997e+00,2.8232961365443590e+00,9.3290651169627470e+00,0.0000000000000000e+00,1.2026718192993240e+01,1.3312676332205607e+01,1.0923861296805912e+01,9.3290651169627470e+00,9.3290651169627470e+00,1.2026718192993240e+01,7.7582247472077750e+00,9.3290651169627470e+00,1.8114732038954997e+00,1.0923861296805912e+01,8.3278656522645844e-01,1.3312676332205607e+01,1.4323177919482765e+01,1.3312676332205607e+01,1.0923861296805912e+01,4.3941339750097219e+00,4.3941339750097219e+00,1.2026718192993240e+01,1.2026718192993240e+01,6.2531920516492923e+00,7.3140626582906876e+00,1.0720274377764028e+01,1.8114732038954997e+00,8.3278656522645844e-01,4.3941339750097219e+00,1.3312676332205607e+01,2.8232961365443590e+00,5.8494332062580856e+00,1.4323177919482765e+01,1.3312676332205607e+01,1.4323177919482765e+01,1.8114732038954997e+00,1.3312676332205607e+01,1.0923861296805912e+01,1.0923861296805912e+01,1.3312676332205607e+01,1.3312676332205607e+01,1.4323177919482765e+01,1.2026718192993240e+01,1.3312676332205607e+01,6.2531920516492923e+00,1.0923861296805912e+01,1.0923861296805912e+01,1.8114732038954997e+00,1.3312676332205607e+01,7.7582247472077750e+00,1.3312676332205607e+01,1.0720274377764028e+01,6.2531920516492923e+00,2.8232961365443590e+00,2.8232961365443590e+00,0.0000000000000000e+00,2.8232961365443590e+00,1.8114732038954997e+00,1.0720274377764028e+01,1.3312676332205607e+01,1.3312676332205607e+01,7.7582247472077750e+00,1.3312676332205607e+01,1.3312676332205607e+01,9.3290651169627470e+00,0.0000000000000000e+00,1.3312676332205607e+01,7.3140626582906876e+00,1.4323177919482765e+01,7.7582247472077750e+00,7.7582247472077750e+00,3.7018950966108171e+00,1.8114732038954997e+00,4.3941339750097219e+00,1.0720274377764028e+01,9.3290651169627470e+00,1.3312676332205607e+01,9.3290651169627470e+00,9.3290651169627470e+00,1.3312676332205607e+01,1.3312676332205607e+01,1.3312676332205607e+01,1.3312676332205607e+01,1.0720274377764028e+01,1.0923861296805912e+01,8.3278656522645844e-01,9.3290651169627470e+00,1.3312676332205607e+01,0.0000000000000000e+00,1.8114732038954997e+00,7.3140626582906876e+00,1.0720274377764028e+01,1.3312676332205607e+01,1.8114732038954997e+00,1.0720274377764028e+01,1.0923861296805912e+01,1.0923861296805912e+01,1.0923861296805912e+01,1.3312676332205607e+01,1.4323177919482765e+01,1.0720274377764028e+01,1.0923861296805912e+01,1.0923861296805912e+01,6.2531920516492923e+00,1.8114732038954997e+00,8.3278656522645844e-01,1.2026718192993240e+01,2.8232961365443590e+00,1.0923861296805912e+01,1.8114732038954997e+00,1.3312676332205607e+01,1.4323177919482765e+01,5.8494332062580856e+00,7.3140626582906876e+00,9.3290651169627470e+00,1.0923861296805912e+01,1.0923861296805912e+01,1.0923861296805912e+01,4.3941339750097219e+00,1.2026718192993240e+01,1.3312676332205607e+01,7.3140626582906876e+00,1.2026718192993240e+01,4.3941339750097219e+00,7.7582247472077750e+00,7.3140626582906876e+00,4.3941339750097219e+00,6.2531920516492923e+00,1.0923861296805912e+01,1.0923861296805912e+01,1.0923861296805912e+01,1.4323177919482765e+01,2.8232961365443590e+00,1.4323177919482765e+01,7.3140626582906876e+00,1.4323177919482765e+01,1.0923861296805912e+01,0.0000000000000000e+00,1.4323177919482765e+01,7.7582247472077750e+00,1.4323177919482765e+01,1.0923861296805912e+01,1.0720274377764028e+01,1.2026718192993240e+01,1.0923861296805912e+01,1.2026718192993240e+01,1.0720274377764028e+01,8.3278656522645844e-01,7.7582247472077750e+00,1.4323177919482765e+01,1.4323177919482765e+01,6.2531920516492923e+00,1.4323177919482765e+01,9.3290651169627470e+00,6.2531920516492923e+00,8.3278656522645844e-01,7.7582247472077750e+00,1.0720274377764028e+01,1.4323177919482765e+01,4.3941339750097219e+00,2.8232961365443590e+00,1.3312676332205607e+01,1.4323177919482765e+01,1.4323177919482765e+01,1.3312676332205607e+01,1.3312676332205607e+01,1.3312676332205607e+01,1.3312676332205607e+01,1.4323177919482765e+01,1.4323177919482765e+01,3.7018950966108171e+00,2.8232961365443590e+00,7.7582247472077750e+00,7.7582247472077750e+00,0.0000000000000000e+00,7.7582247472077750e+00,7.3140626582906876e+00,2.8232961365443590e+00,1.2026718192993240e+01,1.4323177919482765e+01,7.7582247472077750e+00,1.0720274377764028e+01,1.0720274377764028e+01,1.2026718192993240e+01,1.2026718192993240e+01,1.2026718192993240e+01,9.3290651169627470e+00,2.8232961365443590e+00,1.2026718192993240e+01,1.3312676332205607e+01,1.0720274377764028e+01,9.3290651169627470e+00,1.4323177919482765e+01,2.8232961365443590e+00,1.0923861296805912e+01,1.8114732038954997e+00,7.7582247472077750e+00,7.7582247472077750e+00,6.2531920516492923e+00,1.4323177919482765e+01,1.0720274377764028e+01,9.3290651169627470e+00,1.0720274377764028e+01,1.4323177919482765e+01,1.3312676332205607e+01,7.7582247472077750e+00,1.3312676332205607e+01,5.8494332062580856e+00,1.0720274377764028e+01,7.7582247472077750e+00,2.8232961365443590e+00,1.4323177919482765e+01,1.0923861296805912e+01,9.3290651169627470e+00,1.2026718192993240e+01,1.2026718192993240e+01,5.8494332062580856e+00,7.3140626582906876e+00,8.3278656522645844e-01,1.4323177919482765e+01,1.2026718192993240e+01,1.2026718192993240e+01,7.7582247472077750e+00,9.3290651169627470e+00,1.3312676332205607e+01,1.0720274377764028e+01,1.0923861296805912e+01,1.0923861296805912e+01,9.3290651169627470e+00,9.3290651169627470e+00,1.0720274377764028e+01,1.4323177919482765e+01,2.8232961365443590e+00,1.0720274377764028e+01,1.2026718192993240e+01,9.3290651169627470e+00,3.7018950966108171e+00,1.2026718192993240e+01,1.0923861296805912e+01,1.2026718192993240e+01,0.0000000000000000e+00,1.3312676332205607e+01,1.0923861296805912e+01,1.4323177919482765e+01,1.3312676332205607e+01,4.3941339750097219e+00,8.3278656522645844e-01,7.7582247472077750e+00,0.0000000000000000e+00,5.8494332062580856e+00,1.0923861296805912e+01,4.3941339750097219e+00,1.3312676332205607e+01,0.0000000000000000e+00,1.4323177919482765e+01,7.7582247472077750e+00,5.8494332062580856e+00,1.3312676332205607e+01,8.3278656522645844e-01,1.4323177919482765e+01,9.3290651169627470e+00,1.3312676332205607e+01,7.7582247472077750e+00,1.4323177919482765e+01,1.2026718192993240e+01,8.3278656522645844e-01,1.0720274377764028e+01,4.3941339750097219e+00,4.3941339750097219e+00,1.4323177919482765e+01,1.0923861296805912e+01,1.0923861296805912e+01,1.4323177919482765e+01,1.4323177919482765e+01,0.0000000000000000e+00,1.4323177919482765e+01,3.7018950966108171e+00,0.0000000000000000e+00,9.3290651169627470e+00,5.8494332062580856e+00,9.3290651169627470e+00,9.3290651169627470e+00,9.3290651169627470e+00,1.4323177919482765e+01,1.0720274377764028e+01,1.0720274377764028e+01,9.3290651169627470e+00,9.3290651169627470e+00,8.3278656522645844e-01,1.4323177919482765e+01,1.4323177919482765e+01,7.3140626582906876e+00,1.2026718192993240e+01,0.0000000000000000e+00,1.3312676332205607e+01,0.0000000000000000e+00,7.3140626582906876e+00,0.0000000000000000e+00,2.8232961365443590e+00,1.0923861296805912e+01,1.0923861296805912e+01,4.3941339750097219e+00,8.3278656522645844e-01,9.3290651169627470e+00,6.2531920516492923e+00,1.4323177919482765e+01,9.3290651169627470e+00,1.2026718192993240e+01,1.2026718192993240e+01,9.3290651169627470e+00,9.3290651169627470e+00,1.0923861296805912e+01,1.2026718192993240e+01,1.4323177919482765e+01,1.4323177919482765e+01,1.2026718192993240e+01,1.8114732038954997e+00,7.3140626582906876e+00,1.4323177919482765e+01,8.3278656522645844e-01,7.7582247472077750e+00,6.2531920516492923e+00,9.3290651169627470e+00,9.3290651169627470e+00,9.3290651169627470e+00,1.4323177919482765e+01,7.3140626582906876e+00,1.0720274377764028e+01,1.0923861296805912e+01,1.0720274377764028e+01,1.4323177919482765e+01,1.2026718192993240e+01,5.8494332062580856e+00,1.0923861296805912e+01,1.2026718192993240e+01,1.3312676332205607e+01,7.7582247472077750e+00,1.4323177919482765e+01,3.7018950966108171e+00,1.4323177919482765e+01,1.4323177919482765e+01,1.3312676332205607e+01,1.3312676332205607e+01,1.4323177919482765e+01,2.8232961365443590e+00,1.4323177919482765e+01,5.8494332062580856e+00,1.4323177919482765e+01,1.4323177919482765e+01,1.4323177919482765e+01,1.4323177919482765e+01,1.4323177919482765e+01,0.0000000000000000e+00,9.3290651169627470e+00,1.0923861296805912e+01,1.0720274377764028e+01,1.2026718192993240e+01,6.2531920516492923e+00,1.2026718192993240e+01,2.8232961365443590e+00,7.3140626582906876e+00,9.3290651169627470e+00,3.7018950966108171e+00,9.3290651169627470e+00,1.8114732038954997e+00,5.8494332062580856e+00,1.4323177919482765e+01,1.0923861296805912e+01,1.0923861296805912e+01,1.4323177919482765e+01,1.0923861296805912e+01,1.4323177919482765e+01,1.0923861296805912e+01,1.3312676332205607e+01,1.0923861296805912e+01,1.0923861296805912e+01,1.4323177919482765e+01,1.0923861296805912e+01,2.8232961365443590e+00,1.0923861296805912e+01,1.0923861296805912e+01,8.3278656522645844e-01,1.3312676332205607e+01,1.2026718192993240e+01,8.3278656522645844e-01,6.2531920516492923e+00,6.2531920516492923e+00,8.3278656522645844e-01,7.7582247472077750e+00,1.0923861296805912e+01,9.3290651169627470e+00,1.0720274377764028e+01,1.3312676332205607e+01,9.3290651169627470e+00,1.8114732038954997e+00,1.3312676332205607e+01,6.2531920516492923e+00,8.3278656522645844e-01,1.3312676332205607e+01,9.3290651169627470e+00,9.3290651169627470e+00,0.0000000000000000e+00,0.0000000000000000e+00,9.3290651169627470e+00,9.3290651169627470e+00,1.0720274377764028e+01,1.8114732038954997e+00,7.3140626582906876e+00,5.8494332062580856e+00,1.3312676332205607e+01,1.0720274377764028e+01,3.7018950966108171e+00,8.3278656522645844e-01,9.3290651169627470e+00,1.0923861296805912e+01,1.4323177919482765e+01,1.0720274377764028e+01,1.3312676332205607e+01,7.7582247472077750e+00,9.3290651169627470e+00,1.4323177919482765e+01,1.4323177919482765e+01,9.3290651169627470e+00,9.3290651169627470e+00,7.3140626582906876e+00,1.0720274377764028e+01,6.2531920516492923e+00,6.2531920516492923e+00,1.3312676332205607e+01,3.7018950966108171e+00,2.8232961365443590e+00,6.2531920516492923e+00,6.2531920516492923e+00,7.7582247472077750e+00,5.8494332062580856e+00,9.3290651169627470e+00,1.3312676332205607e+01,1.3312676332205607e+01,7.7582247472077750e+00,1.4323177919482765e+01,7.7582247472077750e+00,9.3290651169627470e+00,1.2026718192993240e+01,6.2531920516492923e+00,1.4323177919482765e+01,7.3140626582906876e+00,1.4323177919482765e+01,1.8114732038954997e+00,1.3312676332205607e+01,7.3140626582906876e+00,1.8114732038954997e+00,1.3312676332205607e+01,1.4323177919482765e+01,1.2026718192993240e+01,6.2531920516492923e+00,7.7582247472077750e+00,2.8232961365443590e+00,1.3312676332205607e+01,0.0000000000000000e+00,7.7582247472077750e+00,1.3312676332205607e+01,1.3312676332205607e+01,1.0923861296805912e+01,1.4323177919482765e+01,3.7018950966108171e+00,1.2026718192993240e+01,3.7018950966108171e+00,1.4323177919482765e+01,4.3941339750097219e+00,4.3941339750097219e+00,7.7582247472077750e+00,5.8494332062580856e+00,1.3312676332205607e+01,6.2531920516492923e+00,1.4323177919482765e+01,1.8114732038954997e+00,1.8114732038954997e+00,1.3312676332205607e+01,1.3312676332205607e+01,9.3290651169627470e+00,7.3140626582906876e+00,1.3312676332205607e+01,1.0720274377764028e+01,8.3278656522645844e-01,1.4323177919482765e+01,7.3140626582906876e+00,4.3941339750097219e+00,2.8232961365443590e+00
1.5154952450917637e+01,1.5154952450917637e+01,1.5154952450917637e+01,1.5154952450917637e+01,1.1154185648077100e+01,3.4194742797611370e+00,1.1154185648077100e+01,1.1154185648077100e+01,3.4194742797611370e+00,3.4194742797611370e+00,1.9174564917021901e+00,1.5154952450917637e+01,1.1154185648077100e+01,1.5154952450917637e+01,8.3560044883813156e-01,1.5154952450917637e+01,1.5154952450917637e+01,1.2310247403338408e+01,5.8092118334713927e+00,1.5154952450917637e+01,1.5154952450917637e+01,1.2603893599113709e+01,1.2603893599113709e+01,1.5154952450917637e+01,5.3371149397264714e+00,1.5154952450917637e+01,1.9174564917021901e+00,1.1154185648077100e+01,9.1755069143961734e+00,2.7107813335091961e+00,9.5804816099562888e+00,9.1755069143961734e+00,1.2603893599113709e+01,1.2310247403338408e+01,0.0000000000000000e+00,1.2310247403338408e+01,0.0000000000000000e+00,5.8092118334713927e+00,1.2310247403338408e+01,1.1154185648077100e+01,1.5154952450917637e+01,1.1154185648077100e+01,1.2603893599113709e+01,3.4194742797611370e+00,1.2310247403338408e+01,2.7107813335091961e+00,5.8092118334713927e+00,1.1154185648077100e+01,1.1154185648077100e+01,7.3209028236477582e+00,7.3209028236477582e+00,1.2310247403338408e+01,0.0000000000000000e+00,1.2603893599113709e+01,1.2603893599113709e+01,1.2603893599113709e+01,5.3371149397264714e+00,1.2310247403338408e+01,1.2310247403338408e+01,1.2310247403338408e+01,1.2310247403338408e+01,1.5154952450917637e+01,9.1755069143961734e+00,7.3209028236477582e+00,8.1996857511076850e+00,1.1154185648077100e+01,8.1996857511076850e+00,1.5154952450917637e+01,1.1154185648077100e+01,1.2310247403338408e+01,2.7107813335091961e+00,2.7107813335091961e+00,1.5154952450917637e+01,1.5154952450917637e+01,8.1996857511076850e+00,2.7107813335091961e+00,1.5154952450917637e+01,7.3209028236477582e+00,1.2310247403338408e+01,1.5154952450917637e+01,1.5154952450917637e+01,7.3209028236477582e+00,7.3209028236477582e+00,7.3209028236477582e+00,1.2603893599113709e+01,1.2603893599113709e+01,5.3371149397264714e+00,9.1755069143961734e+00,1.5154952450917637e+01,1.5154952450917637e+01,4.5315105134773317e+00,9.1755069143961734e+00,1.2310247403338408e+01,2.7107813335091961e+00,5.3371149397264714e+00,5.3371149397264714e+00,5.3371149397264714e+00,5.3371149397264714e+00,5.8092118334713927e+00,1.2603893599113709e+01,7.3209028236477582e+00,2.7107813335091961e+00,5.8092118334713927e+00,1.2310247403338408e+01,1.1154185648077100e+01,1.5154952450917637e+01,1.2603893599113709e+01,1.1154185648077100e+01,1.1154185648077100e+01,1.2603893599113709e+01,1.2603893599113709e+01,9.1755069143961734e+00,1.1154185648077100e+01,1.1154185648077100e+01,1.5154952450917637e+01,4.5315105134773317e+00,0.0000000000000000e+00,4.5315105134773317e+00,9.1755069143961734e+00,0.0000000000000000e+00,1.9174564917021901e+00,1.5154952450917637e+01,1.1154185648077100e+01,1.1154185648077100e+01,5.3371149397264714e+00,8.1996857511076850e+00,7.3209028236477582e+00,8.1996857511076850e+00,8.1996857511076850e+00,1.9174564917021901e+00,8.3560044883813156e-01,1.1154185648077100e+01,7.3209028236477582e+00,1.5154952450917637e+01,8.1996857511076850e+00,9.5804816099562888e+00,7.3209028236477582e+00,7.3209028236477582e+00,5.3371149397264714e+00,9.5804816099562888e+00,9.5804816099562888e+00,1.1154185648077100e+01,1.1154185648077100e+01,1.2603893599113709e+01,1.2603893599113709e+01,1.5154952450917637e+01,1.1154185648077100e+01,5.3371149397264714e+00,1.1154185648077100e+01,1.5154952450917637e+01,4.5315105134773317e+00,1.2310247403338408e+01,1.2310247403338408e+01,4.5315105134773317e+00,1.5154952450917637e+01,0.0000000000000000e+00,1.2310247403338408e+01,4.5315105134773317e+00,4.5315105134773317e+00,1.2310247403338408e+01,8.1996857511076850e+00,1.2310247403338408e+01,0.0000000000000000e+00,3.4194742797611370e+00,8.1996857511076850e+00,7.3209028236477582e+00,1.2603893599113709e+01,7.3209028236477582e+00,5.3371149397264714e+00,8.1996857511076850e+00,1.2603893599113709e+01,9.5804816099562888e+00,9.1755069143961734e+00,9.1755069143961734e+00,1.2603893599113709e+01,4.5315105134773317e+00,7.3209028236477582e+00,5.3371149397264714e+00,9.5804816099562888e+00,1.5154952450917637e+01,2.7107813335091961e+00,8.3560044883813156e-01,1.5154952450917637e+01,4.5315105134773317e+00,3.4194742797611370e+00,7.3209028236477582e+00,9.1755069143961734e+00,1.2603893599113709e+01,5.3371149397264714e+00,5.8092118334713927e+00,1.9174564917021901e+00,4.5315105134773317e+00,5.8092118334713927e+00,5.8092118334713927e+00,1.1154185648077100e+01,9.1755069143961734e+00,5.8092118334713927e+00,8.3560044883813156e-01,8.1996857511076850e+00,1.5154952450917637e+01,5.8092118334713927e+00,8.1996857511076850e+00,9.5804816099562888e+00,9.5804816099562888e+00,9.5804816099562888e+00,5.8092118334713927e+00,4.5315105134773317e+00,5.8092118334713927e+00,5.8092118334713927e+00,1.1154185648077100e+01,8.3560044883813156e-01,7.3209028236477582e+00,9.5804816099562888e+00,8.1996857511076850e+00,1.5154952450917637e+01,3.4194742797611370e+00,4.5315105134773317e+00,5.8092118334713927e+00,8.1996857511076850e+00,7.3209028236477582e+00,1.2603893599113709e+01,8.1996857511076850e+00,5.3371149397264714e+00,8.3560044883813156e-01,1.2603893599113709e+01,5.3371149397264714e+00,1.2603893599113709e+01,1.2603893599113709e+01,9.5804816099562888e+00,9.5804816099562888e+00,9.5804816099562888e+00,9.5804816099562888e+00,1.2603893599113709e+01,0.0000000000000000e+00,1.5154952450917637e+01,1.9174564917021901e+00,1.1154185648077100e+01,0.0000000000000000e+00,1.2603893599113709e+01,1.2603893599113709e+01,8.1996857511076850e+00,5.8092118334713927e+00,3.4194742797611370e+00,1.2310247403338408e+01,9.1755069143961734e+00,3.4194742797611370e+00,9.1755069143961734e+00,9.1755069143961734e+00,1.9174564917021901e+00,1.2310247403338408e+01,1.2310247403338408e+01,1.1154185648077100e+01,1.2310247403338408e+01,2.7107813335091961e+00,9.5804816099562888e+00,3.4194742797611370e+00,9.5804816099562888e+00,1.2603893599113709e+01,1.9174564917021901e+00,1.2603893599113709e+01,9.1755069143961734e+00,1.2310247403338408e+01,7.3209028236477582e+00,8.1996857511076850e+00,1.2310247403338408e+01,9.1755069143961734e+00,8.3560044883813156e-01,1.9174564917021901e+00,8.3560044883813156e-01,1.1154185648077100e+01,8.1996857511076850e+00,1.2310247403338408e+01,7.3209028236477582e+00,1.2603893599113709e+01,1.2603893599113709e+01,1.1154185648077100e+01,1.1154185648077100e+01,1.1154185648077100e+01,9.1755069143961734e+00,1.1154185648077100e+01,1.1154185648077100e+01,1.2310247403338408e+01,8.3560044883813156e-01,8.3560044883813156e-01,1.2603893599113709e+01,0.0000000000000000e+00,7.3209028236477582e+00,9.5804816099562888e+00,7.3209028236477582e+00,5.3371149397264714e+00,1.2310247403338408e+01,5.8092118334713927e+00,5.3371149397264714e+00,1.2310247403338408e+01,9.1755069143961734e+00,5.3371149397264714e+00,4.5315105134773317e+00,5.3371149397264714e+00,8.1996857511076850e+00,4.5315105134773317e+00,1.5154952450917637e+01,2.7107813335091961e+00,9.5804816099562888e+00,1.1154185648077100e+01,1.5154952450917637e+01,1.9174564917021901e+00,1.5154952450917637e+01,9.5804816099562888e+00,7.3209028236477582e+00,9.5804816099562888e+00,4.5315105134773317e+00,9.5804816099562888e+00,5.8092118334713927e+00,1.1154185648077100e+01,1.1154185648077100e+01,5.8092118334713927e+00,5.8092118334713927e+00,1.1154185648077100e+01,1.9174564917021901e+00,2.7107813335091961e+00,2.7107813335091961e+00,0.0000000000000000e+00,5.8092118334713927e+00,9.5804816099562888e+00,1.2310247403338408e+01,5.8092118334713927e+00,1.2310247403338408e+01,9.5804816099562888e+00,8.1996857511076850e+00,8.1996857511076850e+00,9.5804816099562888e+00,8.1996857511076850e+00,1.2310247403338408e+01,2.7107813335091961e+00,5.8092118334713927e+00,1.2603893599113709e+01,9.5804816099562888e+00,9.5804816099562888e+00,9.5804816099562888e+00,5.8092118334713927e+00,9.5804816099562888e+00,9.5804816099562888e+00,5.8092118334713927e+00,2.7107813335091961e+00,9.5804816099562888e+00,9.5804816099562888e+00,1.2603893599113709e+01,1.2603893599113709e+01,1.2603893599113709e+01,1.1154185648077100e+01,1.1154185648077100e+01,9.5804816099562888e+00,5.8092118334713927e+00,9.5804816099562888e+00,1.1154185648077100e+01,9.5804816099562888e+00,9.5804816099562888e+00,9.5804816099562888e+00,4.5315105134773317e+00,1.1154185648077100e+01,9.5804816099562888e+00,5.3371149397264714e+00,9.5804816099562888e+00,3.4194742797611370e+00,1.2310247403338408e+01,9.5804816099562888e+00,1.1154185648077100e+01,1.1154185648077100e+01,1.1154185648077100e+01,1.1154185648077100e+01,7.3209028236477582e+00,3.4194742797611370e+00,7.3209028236477582e+00,1.1154185648077100e+01,1.1154185648077100e+01,1.1154185648077100e+01,1.1154185648077100e+01,1.1154185648077100e+01,1.1154185648077100e+01,3.4194742797611370e+00,1.2603893599113709e+01,1.5154952450917637e+01,1.5154952450917637e+01,1.1154185648077100e+01,1.9174564917021901e+00,8.3560044883813156e-01,1.1154185648077100e+01,1.1154185648077100e+01,1.1154185648077100e+01,8.3560044883813156e-01,1.9174564917021901e+00,1.1154185648077100e+01,1.1154185648077100e+01,4.5315105134773317e+00,1.1154185648077100e+01,9.5804816099562888e+00,1.1154185648077100e+01,1.1154185648077100e+01,1.2603893599113709e+01,1.1154185648077100e+01,1.1154185648077100e+01,1.1154185648077100e+01,1.5154952450917637e+01,1.2603893599113709e+01,1.1154185648077100e+01,1.1154185648077100e+01,1.1154185648077100e+01,3.4194742797611370e+00,1.1154185648077100e+01,1.1154185648077100e+01,1.1154185648077100e+01,5.3371149397264714e+00,2.7107813335091961e+00,7.3209028236477582e+00,1.1154185648077100e+01,8.3560044883813156e-01,1.1154185648077100e+01,3.4194742797611370e+00,1.1154185648077100e+01,7.3209028236477582e+00,1.1154185648077100e+01,1.1154185648077100e+01,1.1154185648077100e+01,1.1154185648077100e+01,8.3560044883813156e-01,1.1154185648077100e+01,1.9174564917021901e+00,1.1154185648077100e+01,1.1154185648077100e+01,1.1154185648077100e+01,1.1154185648077100e+01,8.3560044883813156e-01,5.8092118334713927e+00,1.5154952450917637e+01,5.3371149397264714e+00,1.1154185648077100e+01,1.1154185648077100e+01,9.1755069143961734e+00,0.0000000000000000e+00,9.1755069143961734e+00,1.1154185648077100e+01,1.1154185648077100e+01,9.5804816099562888e+00,2.7107813335091961e+00,1.1154185648077100e+01,1.1154185648077100e+01,0.0000000000000000e+00,1.1154185648077100e+01,1.9174564917021901e+00,1.1154185648077100e+01,1.5154952450917637e+01,1.2310247403338408e+01,1.1154185648077100e+01,1.2310247403338408e+01,8.3560044883813156e-01,1.9174564917021901e+00,1.1154185648077100e+01,1.2310247403338408e+01,1.5154952450917637e+01,1.2310247403338408e+01,1.5154952450917637e+01,4.5315105134773317e+00,1.5154952450917637e+01,3.4194742797611370e+00,1.9174564917021901e+00,9.5804816099562888e+00,1.2603893599113709e+01,1.1154185648077100e+01,2.7107813335091961e+00,1.2603893599113709e+01,1.5154952450917637e+01,1.9174564917021901e+00,9.5804816099562888e+00,9.5804816099562888e+00,1.2603893599113709e+01,1.2603893599113709e+01,5.8092118334713927e+00,3.4194742797611370e+00,9.5804816099562888e+00,9.5804816099562888e+00,1.2310247403338408e+01,9.5804816099562888e+00,5.3371149397264714e+00,4.5315105134773317e+00,1.9174564917021901e+00,1.1154185648077100e+01,1.2310247403338408e+01,9.5804816099562888e+00,7.3209028236477582e+00,9.5804816099562888e+00,2.7107813335091961e+00,7.3209028236477582e+00,1.9174564917021901e+00,1.9174564917021901e+00,1.9174564917021901e+00,7.3209028236477582e+00,1.9174564917021901e+00,8.1996857511076850e+00,7.3209028236477582e+00,7.3209028236477582e+00,4.5315105134773317e+00,9.5804816099562888e+00,4.5315105134773317e+00,9.1755069143961734e+00,9.5804816099562888e+00,7.3209028236477582e+00,1.5154952450917637e+01,7.3209028236477582e+00,1.2310247403338408e+01,5.8092118334713927e+00,7.3209028236477582e+00,1.5154952450917637e+01,1.5154952450917637e+01,2.7107813335091961e+00,1.5154952450917637e+01,1.2603893599113709e+01,4.5315105134773317e+00,1.2603893599113709e+01,8.3560044883813156e-01,1.5154952450917637e+01,0.0000000000000000e+00,1.2603893599113709e+01,1.1154185648077100e+01,1.5154952450917637e+01,1.2603893599113709e+01,9.5804816099562888e+00,1.2603893599113709e+01,9.5804816099562888e+00,8.1996857511076850e+00,1.2310247403338408e+01,1.5154952450917637e+01,9.5804816099562888e+00,9.5804816099562888e+00,1.2310247403338408e+01,1.2603893599113709e+01,1.5154952450917637e+01,1.1154185648077100e+01,1.2310247403338408e+01,5.3371149397264714e+00,0.0000000000000000e+00,1.2603893599113709e+01,5.8092118334713927e+00,1.2310247403338408e+01,5.8092118334713927e+00,7.3209028236477582e+00,5.8092118334713927e+00,1.1154185648077100e+01,1.2310247403338408e+01,1.2310247403338408e+01,1.5154952450917637e+01,1.1154185648077100e+01,0.0000000000000000e+00,1.1154185648077100e+01,3.4194742797611370e+00,1.2310247403338408e+01,1.2603893599113709e+01,3.4194742797611370e+00,5.3371149397264714e+00,1.2603893599113709e+01,9.5804816099562888e+00,8.3560044883813156e-01,1.2603893599113709e+01,1.2310247403338408e+01,1.1154185648077100e+01,9.5804816099562888e+00,1.1154185648077100e+01,4.5315105134773317e+00,9.5804816099562888e+00,1.2603893599113709e+01,1.9174564917021901e+00,1.2603893599113709e+01,5.3371149397264714e+00,1.1154185648077100e+01,9.5804816099562888e+00,1.2603893599113709e+01,2.7107813335091961e+00,1.2310247403338408e+01,1.1154185648077100e+01,7.3209028236477582e+00,1.1154185648077100e+01,4.5315105134773317e+00,1.1154185648077100e+01,1.1154185648077100e+01,1.1154185648077100e+01,9.5804816099562888e+00,9.5804816099562888e+00,7.3209028236477582e+00,4.5315105134773317e+00,1.1154185648077100e+01,1.2603893599113709e+01,1.2603893599113709e+01,1.1154185648077100e+01,1.1154185648077100e+01,1.2603893599113709e+01,1.1154185648077100e+01,4.5315105134773317e+00,1.1154185648077100e+01,8.3560044883813156e-01,8.3560044883813156e-01,1.2603893599113709e+01,1.2603893599113709e+01,1.2603893599113709e+01,1.1154185648077100e+01,1.1154185648077100e+01,0.0000000000000000e+00,1.2603893599113709e+01,1.2310247403338408e+01,1.2310247403338408e+01,1.2603893599113709e+01,1.1154185648077100e+01,9.1755069143961734e+00,9.5804816099562888e+00,1.1154185648077100e+01,9.5804816099562888e+00,9.5804816099562888e+00,9.1755069143961734e+00,0.0000000000000000e+00,8.1996857511076850e+00,8.1996857511076850e+00,9.1755069143961734e+00,1.2603893599113709e+01,5.8092118334713927e+00,1.5154952450917637e+01,2.7107813335091961e+00,9.5804816099562888e+00,1.9174564917021901e+00,8.3560044883813156e-01,5.3371149397264714e+00,1.2603893599113709e+01,9.5804816099562888e+00,9.5804816099562888e+00,5.3371149397264714e+00,7.3209028236477582e+00,1.2310247403338408e+01,2.7107813335091961e+00,1.1154185648077100e+01,1.1154185648077100e+01,1.5154952450917637e+01,1.1154185648077100e+01,1.5154952450917637e+01,1.1154185648077100e+01,5.8092118334713927e+00,1.1154185648077100e+01,7.3209028236477582e+00,1.5154952450917637e+01,5.8092118334713927e+00,5.3371149397264714e+00,5.3371149397264714e+00,9.5804816099562888e+00,3.4194742797611370e+00,3.4194742797611370e+00,1.2310247403338408e+01,5.3371149397264714e+00,8.1996857511076850e+00,1.5154952450917637e+01,2.7107813335091961e+00,1.2310247403338408e+01,5.8092118334713927e+00,4.5315105134773317e+00,1.2310247403338408e+01,9.5804816099562888e+00,5.3371149397264714e+00,8.1996857511076850e+00,9.5804816099562888e+00,1.2310247403338408e+01,9.1755069143961734e+00,7.3209028236477582e+00,0.0000000000000000e+00,1.2603893599113709e+01,9.5804816099562888e+00,7.3209028236477582e+00,9.5804816099562888e+00,1.2603893599113709e+01,1.2603893599113709e+01,1.2310247403338408e+01,9.5804816099562888e+00,3.4194742797611370e+00,3.4194742797611370e+00,9.5804816099562888e+00,3.4194742797611370e+00,5.8092118334713927e+00,5.3371149397264714e+00,3.4194742797611370e+00,3.4194742797611370e+00,7.3209028236477582e+00,1.2603893599113709e+01,9.1755069143961734e+00,1.1154185648077100e+01,1.5154952450917637e+01,1.2310247403338408e+01,1.1154185648077100e+01,1.2310247403338408e+01,1.1154185648077100e+01,1.1154185648077100e+01,9.5804816099562888e+00,9.5804816099562888e+00,1.9174564917021901e+00,8.1996857511076850e+00,1.1154185648077100e+01,1.1154185648077100e+01,2.7107813335091961e+00,9.5804816099562888e+00,8.1996857511076850e+00,1.2310247403338408e+01,1.2603893599113709e+01,1.2310247403338408e+01,3.4194742797611370e+00,9.5804816099562888e+00,1.2310247403338408e+01,1.1154185648077100e+01,1.1154185648077100e+01,1.1154185648077100e+01,1.2310247403338408e+01,1.9174564917021901e+00,7.3209028236477582e+00,1.2310247403338408e+01,2.7107813335091961e+00,9.5804816099562888e+00,0.0000000000000000e+00,1.5154952450917637e+01,1.1154185648077100e+01,1.5154952450917637e+01,3.4194742797611370e+00,1.2310247403338408e+01,1.2603893599113709e+01,1.2310247403338408e+01,1.2603893599113709e+01,2.7107813335091961e+00,1.2603893599113709e+01,5.3371149397264714e+00,8.3560044883813156e-01,9.1755069143961734e+00,5.3371149397264714e+00,1.1154185648077100e+01,1.5154952450917637e+01,1.1154185648077100e+01,2.7107813335091961e+00,1.5154952450917637e+01,1.5154952450917637e+01,1.5154952450917637e+01,0.0000000000000000e+00,9.5804816099562888e+00,1.5154952450917637e+01,1.2603893599113709e+01,1.1154185648077100e+01,7.3209028236477582e+00,5.3371149397264714e+00,1.2603893599113709e+01,9.5804816099562888e+00,1.5154952450917637e+01,9.5804816099562888e+00,1.5154952450917637e+01,1.5154952450917637e+01,1.2603893599113709e+01,9.5804816099562888e+00,7.3209028236477582e+00,9.5804816099562888e+00,9.5804816099562888e+00,1.5154952450917637e+01,9.5804816099562888e+00,1.5154952450917637e+01,9.5804816099562888e+00,9.5804816099562888e+00,1.1154185648077100e+01,1.1154185648077100e+01,1.2310247403338408e+01,1.5154952450917637e+01,7.3209028236477582e+00,1.1154185648077100e+01,1.2603893599113709e+01,1.2603893599113709e+01,3.4194742797611370e+00,4.5315105134773317e+00,8.3560044883813156e-01,1.2310247403338408e+01,8.3560044883813156e-01,1.1154185648077100e+01,1.2603893599113709e+01,1.2603893599113709e+01,9.5804816099562888e+00,1.2603893599113709e+01,1.5154952450917637e+01,2.7107813335091961e+00,9.1755069143961734e+00,5.3371149397264714e+00,1.1154185648077100e+01,1.9174564917021901e+00,8.3560044883813156e-01,1.1154185648077100e+01,1.5154952450917637e+01,1.5154952450917637e+01,3.4194742797611370e+00,4.5315105134773317e+00,4.5315105134773317e+00,1.2603893599113709e+01,1.2603893599113709e+01,4.5315105134773317e+00,1.1154185648077100e+01,1.2603893599113709e+01,5.3371149397264714e+00,1.2603893599113709e+01,3.4194742797611370e+00,2.7107813335091961e+00,4.5315105134773317e+00,1.5154952450917637e+01,1.5154952450917637e+01,1.5154952450917637e+01,1.1154185648077100e+01,3.4194742797611370e+00,1.5154952450917637e+01,5.8092118334713927e+00,4.5315105134773317e+00,1.1154185648077100e+01,1.9174564917021901e+00,9.1755069143961734e+00,2.7107813335091961e+00,1.5154952450917637e+01,1.1154185648077100e+01,1.5154952450917637e+01,8.3560044883813156e-01,0.0000000000000000e+00,1.5154952450917637e+01,3.4194742797611370e+00,4.5315105134773317e+00,1.2310247403338408e+01,4.5315105134773317e+00,9.5804816099562888e+00,2.7107813335091961e+00,1.5154952450917637e+01,0.0000000000000000e+00,5.3371149397264714e+00,9.5804816099562888e+00,8.3560044883813156e-01,9.5804816099562888e+00,9.5804816099562888e+00,1.2603893599113709e+01,1.2603893599113709e+01,1.5154952450917637e+01,1.2603893599113709e+01,1.1154185648077100e+01,8.1996857511076850e+00,8.1996857511076850e+00,1.2310247403338408e+01,9.5804816099562888e+00,0.0000000000000000e+00,1.1154185648077100e+01,1.1154185648077100e+01,9.5804816099562888e+00,8.3560044883813156e-01,1.5154952450917637e+01,1.9174564917021901e+00,9.1755069143961734e+00,9.1755069143961734e+00,9.1755069143961734e+00,1.2310247403338408e+01,1.5154952450917637e+01,1.2603893599113709e+01,2.7107813335091961e+00,1.2603893599113709e+01,8.1996857511076850e+00,1.1154185648077100e+01,9.5804816099562888e+00,8.1996857511076850e+00,8.3560044883813156e-01,5.8092118334713927e+00,1.5154952450917637e+01,0.0000000000000000e+00,1.9174564917021901e+00,9.5804816099562888e+00,9.5804816099562888e+00,9.5804816099562888e+00,1.5154952450917637e+01,0.0000000000000000e+00,2.7107813335091961e+00,4.5315105134773317e+00,7.3209028236477582e+00,4.5315105134773317e+00,1.2310247403338408e+01,1.2310247403338408e+01,1.5154952450917637e+01,1.5154952450917637e+01,8.1996857511076850e+00,1.9174564917021901e+00,7.3209028236477582e+00,8.1996857511076850e+00,1.2310247403338408e+01,7.3209028236477582e+00,9.5804816099562888e+00,1.2603893599113709e+01,1.2603893599113709e+01,1.5154952450917637e+01,1.9174564917021901e+00,4.5315105134773317e+00,8.1996857511076850e+00,1.1154185648077100e+01,1.1154185648077100e+01,1.1154185648077100e+01,8.1996857511076850e+00,8.1996857511076850e+00,9.1755069143961734e+00,8.3560044883813156e-01,1.2310247403338408e+01,1.1154185648077100e+01,9.5804816099562888e+00,4.5315105134773317e+00,1.9174564917021901e+00,1.2603893599113709e+01,5.8092118334713927e+00,1.2603893599113709e+01,1.2310247403338408e+01,1.2310247403338408e+01,8.3560044883813156e-01,1.1154185648077100e+01,1.9174564917021901e+00,5.8092118334713927e+00,1.1154185648077100e+01,2.7107813335091961e+00,1.5154952450917637e+01,1.1154185648077100e+01,1.5154952450917637e+01,4.5315105134773317e+00,1.5154952450917637e+01,5.3371149397264714e+00,9.5804816099562888e+00,1.2603893599113709e+01,1.2603893599113709e+01,4.5315105134773317e+00,0.0000000000000000e+00,1.2603893599113709e+01,1.1154185648077100e+01,1.5154952450917637e+01,4.5315105134773317e+00,3.4194742797611370e+00,1.2603893599113709e+01,9.5804816099562888e+00,1.5154952450917637e+01,1.5154952450917637e+01,3.4194742797611370e+00,4.5315105134773317e+00,4.5315105134773317e+00,4.5315105134773317e+00,1.5154952450917637e+01,3.4194742797611370e+00,1.1154185648077100e+01,1.1154185648077100e+01,1.1154185648077100e+01,3.4194742797611370e+00,1.1154185648077100e+01,1.9174564917021901e+00,1.2603893599113709e+01,5.3371149397264714e+00,8.1996857511076850e+00,1.1154185648077100e+01,1.2603893599113709e+01,1.2603893599113709e+01,8.1996857511076850e+00,8.3560044883813156e-01,9.1755069143961734e+00,1.5154952450917637e+01,8.1996857511076850e+00,4.5315105134773317e+00,1.2310247403338408e+01,8.1996857511076850e+00,8.1996857511076850e+00,9.1755069143961734e+00,3.4194742797611370e+00,9.1755069143961734e+00,1.2603893599113709e+01,8.1996857511076850e+00,8.1996857511076850e+00,0.0000000000000000e+00,1.2603893599113709e+01,3.4194742797611370e+00,4.5315105134773317e+00,3.4194742797611370e+00,8.1996857511076850e+00,1.2603893599113709e+01,1.2603893599113709e+01,5.8092118334713927e+00,8.1996857511076850e+00,5.3371149397264714e+00,1.1154185648077100e+01,9.1755069143961734e+00,1.1154185648077100e+01,1.5154952450917637e+01,1.5154952450917637e+01,9.1755069143961734e+00,1.1154185648077100e+01,1.1154185648077100e+01,5.8092118334713927e+00,5.8092118334713927e+00,1.2603893599113709e+01,0.0000000000000000e+00,8.1996857511076850e+00,9.5804816099562888e+00,1.2603893599113709e+01,8.1996857511076850e+00,4.5315105134773317e+00,1.2310247403338408e+01,1.5154952450917637e+01
7.0021333574988285e+00,7.0021333574988285e+00,8.6466232095803193e+00,7.0021333574988285e+00,4.7660043142340092e+00,3.7167815091958021e+00,0.0000000000000000e+00,7.0021333574988285e+00,3.7167815091958021e+00,8.6466232095803193e+00,1.7086647600631426e+00,7.0021333574988285e+00,6.8467025318511618e+00,7.0021333574988285e+00,3.0086204097000397e+00,9.4155715475975366e-01,7.0021333574988285e+00,3.0086204097000397e+00,4.7660043142340092e+00,7.0021333574988285e+00,8.6466232095803193e+00,8.6466232095803193e+00,8.6466232095803193e+00,7.0021333574988285e+00,3.7167815091958021e+00,3.7167815091958021e+00,8.6466232095803193e+00,7.0021333574988285e+00,1.3030573005177123e+01,4.8545814793449926e+00,4.8545814793449926e+00,4.8545814793449926e+00,4.8545814793449926e+00,4.8545814793449926e+00,1.2334368571707664e+01,1.2334368571707664e+01,4.7660043142340092e+00,1.3030573005177123e+01,8.6466232095803193e+00,7.6048787783856602e+00,1.3030573005177123e+01,3.7167815091958021e+00,4.7660043142340092e+00,9.4155715475975366e-01,1.2334368571707664e+01,4.7660043142340092e+00,4.7660043142340092e+00,1.0696131337735178e+01,4.7660043142340092e+00,1.3233913500069194e+01,1.2334368571707664e+01,1.1424131196617191e+01,1.3233913500069194e+01,1.3233913500069194e+01,4.7660043142340092e+00,6.8467025318511618e+00,6.8467025318511618e+00,1.2334368571707664e+01,1.2334368571707664e+01,4.8545814793449926e+00,0.0000000000000000e+00,1.3233913500069194e+01,9.4155715475975366e-01,3.0086204097000397e+00,9.4155715475975366e-01,4.8545814793449926e+00,1.2334368571707664e+01,7.0021333574988285e+00,7.0021333574988285e+00,3.7167815091958021e+00,8.6466232095803193e+00,7.0021333574988285e+00,7.0021333574988285e+00,7.0021333574988285e+00,3.7167815091958021e+00,7.0021333574988285e+00,9.4155715475975366e-01,1.2334368571707664e+01,3.0086204097000397e+00,3.0086204097000397e+00,7.0021333574988285e+00,1.0696131337735178e+01,4.8545814793449926e+00,7.0021333574988285e+00,3.0086204097000397e+00,4.7660043142340092e+00,1.0696131337735178e+01,1.3233913500069194e+01,1.2334368571707664e+01,1.0696131337735178e+01,1.3233913500069194e+01,7.0021333574988285e+00,1.3233913500069194e+01,3.7167815091958021e+00,1.3233913500069194e+01,3.0086204097000397e+00,1.1424131196617191e+01,1.0696131337735178e+01,1.0696131337735178e+01,8.6466232095803193e+00,1.1424131196617191e+01,0.0000000000000000e+00,1.2334368571707664e+01,1.2334368571707664e+01,1.2334368571707664e+01,1.2334368571707664e+01,1.2334368571707664e+01,1.3233913500069194e+01,7.6048787783856602e+00,8.6466232095803193e+00,8.6466232095803193e+00,1.3030573005177123e+01,1.7086647600631426e+00,7.6048787783856602e+00,9.4155715475975366e-01,7.6048787783856602e+00,1.0696131337735178e+01,1.7086647600631426e+00,1.7086647600631426e+00,1.7086647600631426e+00,1.0696131337735178e+01,1.3030573005177123e+01,7.6048787783856602e+00,1.0696131337735178e+01,7.6048787783856602e+00,1.3030573005177123e+01,1.0696131337735178e+01,7.6048787783856602e+00,8.6466232095803193e+00,1.0696131337735178e+01,1.3030573005177123e+01,1.1424131196617191e+01,8.6466232095803193e+00,1.1424131196617191e+01,1.0696131337735178e+01,1.1424131196617191e+01,9.4155715475975366e-01,9.4155715475975366e-01,8.6466232095803193e+00,1.0696131337735178e+01,1.2334368571707664e+01,4.7660043142340092e+00,8.6466232095803193e+00,8.6466232095803193e+00,1.3030573005177123e+01,1.7086647600631426e+00,4.7660043142340092e+00,3.0086204097000397e+00,6.8467025318511618e+00,1.3030573005177123e+01,1.0696131337735178e+01,1.0696131337735178e+01,1.3030573005177123e+01,8.6466232095803193e+00,1.0696131337735178e+01,8.6466232095803193e+00,6.8467025318511618e+00,1.0696131337735178e+01,1.2334368571707664e+01,7.0021333574988285e+00,1.3030573005177123e+01,1.2334368571707664e+01,4.7660043142340092e+00,1.3030573005177123e+01,8.6466232095803193e+00,1.3233913500069194e+01,8.6466232095803193e+00,6.8467025318511618e+00,6.8467025318511618e+00,1.7086647600631426e+00,1.7086647600631426e+00,4.7660043142340092e+00,1.2334368571707664e+01,6.8467025318511618e+00,1.2334368571707664e+01,1.2334368571707664e+01,1.0696131337735178e+01,7.0021333574988285e+00,4.7660043142340092e+00,8.6466232095803193e+00,3.0086204097000397e+00,1.7086647600631426e+00,1.2334368571707664e+01,1.7086647600631426e+00,1.2334368571707664e+01,7.6048787783856602e+00,3.0086204097000397e+00,1.7086647600631426e+00,4.8545814793449926e+00,4.7660043142340092e+00,1.2334368571707664e+01,7.0021333574988285e+00,7.6048787783856602e+00,7.6048787783856602e+00,1.0696131337735178e+01,3.7167815091958021e+00,8.6466232095803193e+00,6.8467025318511618e+00,7.6048787783856602e+00,8.6466232095803193e+00,1.3233913500069194e+01,1.2334368571707664e+01,1.0696131337735178e+01,4.8545814793449926e+00,8.6466232095803193e+00,4.8545814793449926e+00,1.0696131337735178e+01,1.3030573005177123e+01,1.3233913500069194e+01,1.3233913500069194e+01,3.7167815091958021e+00,8.6466232095803193e+00,1.0696131337735178e+01,9.4155715475975366e-01,1.2334368571707664e+01,1.2334368571707664e+01,1.2334368571707664e+01,3.7167815091958021e+00,1.3233913500069194e+01,1.3233913500069194e+01,1.3233913500069194e+01,9.4155715475975366e-01,7.6048787783856602e+00,3.7167815091958021e+00,1.3233913500069194e+01,1.3030573005177123e+01,4.7660043142340092e+00,8.6466232095803193e+00,1.7086647600631426e+00,1.3233913500069194e+01,1.2334368571707664e+01,3.0086204097000397e+00,6.8467025318511618e+00,1.0696131337735178e+01,1.0696131337735178e+01,1.3233913500069194e+01,1.2334368571707664e+01,1.3233913500069194e+01,0.0000000000000000e+00,1.0696131337735178e+01,1.2334368571707664e+01,1.3030573005177123e+01,7.6048787783856602e+00,3.0086204097000397e+00,7.0021333574988285e+00,7.0021333574988285e+00,6.8467025318511618e+00,8.6466232095803193e+00,7.0021333574988285e+00,3.7167815091958021e+00,1.0696131337735178e+01,3.7167815091958021e+00,1.0696131337735178e+01,1.0696131337735178e+01,8.6466232095803193e+00,8.6466232095803193e+00,1.2334368571707664e+01,8.6466232095803193e+00,0.0000000000000000e+00,1.2334368571707664e+01,1.0696131337735178e+01,7.6048787783856602e+00,7.6048787783856602e+00,7.6048787783856602e+00,8.6466232095803193e+00,6.8467025318511618e+00,6.8467025318511618e+00,4.7660043142340092e+00,4.7660043142340092e+00,4.7660043142340092e+00,1.2334368571707664e+01,8.6466232095803193e+00,1.2334368571707664e+01,3.7167815091958021e+00,4.8545814793449926e+00,1.2334368571707664e+01,1.2334368571707664e+01,4.7660043142340092e+00,7.6048787783856602e+00,1.3030573005177123e+01,1.0696131337735178e+01,1.0696131337735178e+01,7.6048787783856602e+00,4.8545814793449926e+00,8.6466232095803193e+00,7.6048787783856602e+00,7.6048787783856602e+00,1.2334368571707664e+01,1.0696131337735178e+01,3.0086204097000397e+00,1.1424131196617191e+01,0.0000000000000000e+00,7.6048787783856602e+00,1.2334368571707664e+01,1.1424131196617191e+01,1.3233913500069194e+01,1.3233913500069194e+01,1.3233913500069194e+01,3.0086204097000397e+00,4.8545814793449926e+00,6.8467025318511618e+00,8.6466232095803193e+00,7.6048787783856602e+00,3.7167815091958021e+00,6.8467025318511618e+00,6.8467025318511618e+00,3.0086204097000397e+00,1.3030573005177123e+01,8.6466232095803193e+00,1.3233913500069194e+01,6.8467025318511618e+00,1.2334368571707664e+01,1.3233913500069194e+01,8.6466232095803193e+00,1.3233913500069194e+01,1.3233913500069194e+01,1.3233913500069194e+01,1.3233913500069194e+01,9.4155715475975366e-01,7.0021333574988285e+00,1.0696131337735178e+01,3.0086204097000397e+00,1.2334368571707664e+01,1.0696131337735178e+01,8.6466232095803193e+00,1.0696131337735178e+01,1.0696131337735178e+01,4.8545814793449926e+00,1.1424131196617191e+01,9.4155715475975366e-01,1.2334368571707664e+01,1.2334368571707664e+01,8.6466232095803193e+00,1.3030573005177123e+01,1.0696131337735178e+01,1.0696131337735178e+01,7.0021333574988285e+00,1.2334368571707664e+01,7.0021333574988285e+00,7.0021333574988285e+00,4.7660043142340092e+00,1.0696131337735178e+01,1.0696131337735178e+01,7.6048787783856602e+00,3.7167815091958021e+00,3.7167815091958021e+00,7.6048787783856602e+00,1.3233913500069194e+01,1.3030573005177123e+01,1.0696131337735178e+01,1.3030573005177123e+01,4.7660043142340092e+00,1.3030573005177123e+01,3.7167815091958021e+00,3.7167815091958021e+00,1.3233913500069194e+01,8.6466232095803193e+00,1.0696131337735178e+01,9.4155715475975366e-01,1.3233913500069194e+01,1.3030573005177123e+01,8.6466232095803193e+00,0.0000000000000000e+00,6.8467025318511618e+00,4.8545814793449926e+00,1.1424131196617191e+01,1.3233913500069194e+01,7.0021333574988285e+00,1.7086647600631426e+00,1.7086647600631426e+00,1.1424131196617191e+01,9.4155715475975366e-01,1.2334368571707664e+01,1.1424131196617191e+01,1.1424131196617191e+01,1.1424131196617191e+01,8.6466232095803193e+00,1.1424131196617191e+01,1.7086647600631426e+00,1.2334368571707664e+01,4.7660043142340092e+00,1.1424131196617191e+01,1.2334368571707664e+01,1.2334368571707664e+01,1.0696131337735178e+01,1.1424131196617191e+01,4.7660043142340092e+00,9.4155715475975366e-01,8.6466232095803193e+00,8.6466232095803193e+00,8.6466232095803193e+00,3.7167815091958021e+00,1.3030573005177123e+01,0.0000000000000000e+00,1.0696131337735178e+01,1.1424131196617191e+01,0.0000000000000000e+00,1.1424131196617191e+01,3.7167815091958021e+00,1.1424131196617191e+01,1.3233913500069194e+01,1.2334368571707664e+01,1.2334368571707664e+01,1.3030573005177123e+01,1.2334368571707664e+01,1.1424131196617191e+01,7.6048787783856602e+00,3.0086204097000397e+00,1.3030573005177123e+01,1.3233913500069194e+01,7.6048787783856602e+00,6.8467025318511618e+00,7.6048787783856602e+00,3.0086204097000397e+00,6.8467025318511618e+00,1.1424131196617191e+01,1.2334368571707664e+01,1.2334368571707664e+01,1.3233913500069194e+01,1.3030573005177123e+01,7.6048787783856602e+00,1.0696131337735178e+01,1.2334368571707664e+01,1.2334368571707664e+01,7.6048787783856602e+00,3.7167815091958021e+00,1.2334368571707664e+01,1.7086647600631426e+00,1.3233913500069194e+01,1.7086647600631426e+00,1.1424131196617191e+01,1.2334368571707664e+01,1.7086647600631426e+00,6.8467025318511618e+00,1.3030573005177123e+01,1.3030573005177123e+01,8.6466232095803193e+00,1.3233913500069194e+01,8.6466232095803193e+00,4.8545814793449926e+00,1.3233913500069194e+01,6.8467025318511618e+00,4.7660043142340092e+00,4.8545814793449926e+00,1.3233913500069194e+01,4.8545814793449926e+00,4.7660043142340092e+00,7.0021333574988285e+00,1.3233913500069194e+01,6.8467025318511618e+00,8.6466232095803193e+00,9.4155715475975366e-01,7.6048787783856602e+00,4.8545814793449926e+00,3.0086204097000397e+00,7.0021333574988285e+00,1.3233913500069194e+01,7.6048787783856602e+00,1.1424131196617191e+01,8.6466232095803193e+00,7.6048787783856602e+00,7.6048787783856602e+00,8.6466232095803193e+00,1.3030573005177123e+01,1.0696131337735178e+01,1.0696131337735178e+01,7.0021333574988285e+00,4.8545814793449926e+00,1.3030573005177123e+01,1.2334368571707664e+01,1.0696131337735178e+01,7.6048787783856602e+00,1.2334368571707664e+01,1.3030573005177123e+01,7.6048787783856602e+00,4.7660043142340092e+00,1.7086647600631426e+00,1.1424131196617191e+01,0.0000000000000000e+00,4.8545814793449926e+00,6.8467025318511618e+00,1.2334368571707664e+01,1.2334368571707664e+01,1.7086647600631426e+00,3.0086204097000397e+00,8.6466232095803193e+00,1.2334368571707664e+01,1.0696131337735178e+01,1.3233913500069194e+01,3.7167815091958021e+00,1.2334368571707664e+01,7.0021333574988285e+00,1.3030573005177123e+01,7.6048787783856602e+00,8.6466232095803193e+00,3.7167815091958021e+00,1.3030573005177123e+01,1.3030573005177123e+01,1.3030573005177123e+01,1.2334368571707664e+01,1.0696131337735178e+01,1.3030573005177123e+01,6.8467025318511618e+00,1.2334368571707664e+01,4.7660043142340092e+00,7.6048787783856602e+00,1.1424131196617191e+01,9.4155715475975366e-01,1.3030573005177123e+01,0.0000000000000000e+00,6.8467025318511618e+00,1.0696131337735178e+01,1.3233913500069194e+01,1.3030573005177123e+01,7.0021333574988285e+00,1.2334368571707664e+01,1.0696131337735178e+01,1.0696131337735178e+01,8.6466232095803193e+00,6.8467025318511618e+00,1.0696131337735178e+01,1.3233913500069194e+01,1.0696131337735178e+01,1.3030573005177123e+01,1.3030573005177123e+01,1.3030573005177123e+01,7.0021333574988285e+00,1.1424131196617191e+01,7.0021333574988285e+00,1.3030573005177123e+01,1.0696131337735178e+01,1.3030573005177123e+01,7.0021333574988285e+00,1.0696131337735178e+01,1.3233913500069194e+01,8.6466232095803193e+00,1.3030573005177123e+01,1.3030573005177123e+01,7.0021333574988285e+00,8.6466232095803193e+00,1.3030573005177123e+01,1.3030573005177123e+01,9.4155715475975366e-01,7.6048787783856602e+00,3.0086204097000397e+00,7.6048787783856602e+00,1.3030573005177123e+01,1.0696131337735178e+01,7.6048787783856602e+00,9.4155715475975366e-01,4.7660043142340092e+00,7.6048787783856602e+00,1.3233913500069194e+01,1.3233913500069194e+01,1.7086647600631426e+00,3.0086204097000397e+00,7.6048787783856602e+00,1.3030573005177123e+01,1.3233913500069194e+01,1.3233913500069194e+01,1.3233913500069194e+01,1.1424131196617191e+01,4.8545814793449926e+00,1.1424131196617191e+01,4.8545814793449926e+00,7.6048787783856602e+00,7.6048787783856602e+00,9.4155715475975366e-01,3.7167815091958021e+00,1.2334368571707664e+01,4.8545814793449926e+00,6.8467025318511618e+00,1.2334368571707664e+01,9.4155715475975366e-01,1.2334368571707664e+01,0.0000000000000000e+00,1.2334368571707664e+01,1.3233913500069194e+01,9.4155715475975366e-01,1.3233913500069194e+01,7.0021333574988285e+00,1.3233913500069194e+01,1.3233913500069194e+01,1.3233913500069194e+01,1.2334368571707664e+01,1.3030573005177123e+01,1.1424131196617191e+01,6.8467025318511618e+00,4.7660043142340092e+00,1.0696131337735178e+01,7.0021333574988285e+00,1.3030573005177123e+01,1.3233913500069194e+01,1.1424131196617191e+01,7.6048787783856602e+00,7.6048787783856602e+00,1.2334368571707664e+01,7.0021333574988285e+00,1.1424131196617191e+01,4.7660043142340092e+00,4.8545814793449926e+00,8.6466232095803193e+00,1.2334368571707664e+01,1.1424131196617191e+01,1.3233913500069194e+01,1.2334368571707664e+01,1.3030573005177123e+01,1.3030573005177123e+01,1.3233913500069194e+01,1.3233913500069194e+01,1.3233913500069194e+01,7.6048787783856602e+00,7.6048787783856602e+00,7.0021333574988285e+00,7.6048787783856602e+00,7.6048787783856602e+00,1.3233913500069194e+01,1.3233913500069194e+01,9.4155715475975366e-01,1.0696131337735178e+01,1.1424131196617191e+01,1.3233913500069194e+01,3.0086204097000397e+00,1.2334368571707664e+01,1.3233913500069194e+01,1.0696131337735178e+01,8.6466232095803193e+00,1.1424131196617191e+01,1.3233913500069194e+01,1.3233913500069194e+01,1.1424131196617191e+01,8.6466232095803193e+00,1.3233913500069194e+01,1.0696131337735178e+01,1.3030573005177123e+01,1.7086647600631426e+00,1.7086647600631426e+00,1.3030573005177123e+01,1.3030573005177123e+01,6.8467025318511618e+00,7.0021333574988285e+00,1.3030573005177123e+01,3.0086204097000397e+00,1.2334368571707664e+01,1.2334368571707664e+01,1.2334368571707664e+01,1.2334368571707664e+01,8.6466232095803193e+00,8.6466232095803193e+00,1.3030573005177123e+01,1.3030573005177123e+01,1.3030573005177123e+01,0.0000000000000000e+00,1.3233913500069194e+01,4.7660043142340092e+00,1.3233913500069194e+01,8.6466232095803193e+00,1.3233913500069194e+01,8.6466232095803193e+00,1.3233913500069194e+01,3.0086204097000397e+00,1.1424131196617191e+01,7.0021333574988285e+00,8.6466232095803193e+00,1.0696131337735178e+01,0.0000000000000000e+00,6.8467025318511618e+00,1.3233913500069194e+01,1.3030573005177123e+01,1.3030573005177123e+01,1.3233913500069194e+01,1.3233913500069194e+01,1.3030573005177123e+01,1.3030573005177123e+01,1.3030573005177123e+01,1.0696131337735178e+01,1.3030573005177123e+01,7.0021333574988285e+00,1.3030573005177123e+01,9.4155715475975366e-01,1.3233913500069194e+01,6.8467025318511618e+00,8.6466232095803193e+00,4.8545814793449926e+00,1.3233913500069194e+01,8.6466232095803193e+00,1.2334368571707664e+01,4.8545814793449926e+00,4.8545814793449926e+00,6.8467025318511618e+00,6.8467025318511618e+00,6.8467025318511618e+00,7.0021333574988285e+00,1.1424131196617191e+01,8.6466232095803193e+00,1.0696131337735178e+01,3.0086204097000397e+00,8.6466232095803193e+00,7.6048787783856602e+00,9.4155715475975366e-01,1.0696131337735178e+01,7.0021333574988285e+00,8.6466232095803193e+00,3.0086204097000397e+00,1.3030573005177123e+01,7.6048787783856602e+00,7.6048787783856602e+00,1.3233913500069194e+01,1.1424131196617191e+01,9.4155715475975366e-01,3.7167815091958021e+00,7.0021333574988285e+00,7.0021333574988285e+00,4.7660043142340092e+00,7.0021333574988285e+00,7.0021333574988285e+00,7.0021333574988285e+00,1.3233913500069194e+01,7.0021333574988285e+00,1.1424131196617191e+01,4.8545814793449926e+00,4.8545814793449926e+00,7.0021333574988285e+00,9.4155715475975366e-01,9.4155715475975366e-01,1.2334368571707664e+01,7.0021333574988285e+00,1.3030573005177123e+01,0.0000000000000000e+00,1.2334368571707664e+01,8.6466232095803193e+00,1.3233913500069194e+01,1.7086647600631426e+00,1.0696131337735178e+01,1.2334368571707664e+01,3.0086204097000397e+00,8.6466232095803193e+00,7.0021333574988285e+00,1.2334368571707664e+01,3.0086204097000397e+00,1.0696131337735178e+01,1.2334368571707664e+01,7.0021333574988285e+00,7.0021333574988285e+00,6.8467025318511618e+00,1.3233913500069194e+01,1.3233913500069194e+01,7.0021333574988285e+00,1.3030573005177123e+01,6.8467025318511618e+00,1.3233913500069194e+01,7.0021333574988285e+00,8.6466232095803193e+00,1.3233913500069194e+01,1.3030573005177123e+01,4.8545814793449926e+00,9.4155715475975366e-01,1.3030573005177123e+01,1.3030573005177123e+01,9.4155715475975366e-01,1.0696131337735178e+01,1.3233913500069194e+01,1.3030573005177123e+01,1.0696131337735178e+01,1.3030573005177123e+01,1.3030573005177123e+01,1.3030573005177123e+01,1.3233913500069194e+01,4.7660043142340092e+00,4.8545814793449926e+00,4.7660043142340092e+00,7.6048787783856602e+00,1.2334368571707664e+01,3.0086204097000397e+00,8.6466232095803193e+00,3.0086204097000397e+00,8.6466232095803193e+00,1.2334368571707664e+01,1.0696131337735178e+01,1.2334368571707664e+01,1.1424131196617191e+01,1.3233913500069194e+01,8.6466232095803193e+00,1.7086647600631426e+00,1.1424131196617191e+01,0.0000000000000000e+00,6.8467025318511618e+00,1.2334368571707664e+01,8.6466232095803193e+00,9.4155715475975366e-01,1.3233913500069194e+01,1.3233913500069194e+01,7.0021333574988285e+00,1.3233913500069194e+01,1.3233913500069194e+01,1.3233913500069194e+01,7.0021333574988285e+00,7.0021333574988285e+00,1.3233913500069194e+01,1.1424131196617191e+01,1.1424131196617191e+01,1.1424131196617191e+01,1.2334368571707664e+01,1.0696131337735178e+01,3.7167815091958021e+00,8.6466232095803193e+00,4.7660043142340092e+00,1.1424131196617191e+01,3.0086204097000397e+00,1.0696131337735178e+01,8.6466232095803193e+00,1.1424131196617191e+01,1.0696131337735178e+01,1.0696131337735178e+01,7.0021333574988285e+00,4.7660043142340092e+00,4.8545814793449926e+00,1.3233913500069194e+01,1.0696131337735178e+01,1.2334368571707664e+01,9.4155715475975366e-01,3.0086204097000397e+00,0.0000000000000000e+00,1.2334368571707664e+01,7.0021333574988285e+00,7.6048787783856602e+00,1.2334368571707664e+01,7.0021333574988285e+00,8.6466232095803193e+00,1.2334368571707664e+01,1.2334368571707664e+01,8.6466232095803193e+00,1.2334368571707664e+01,4.8545814793449926e+00,7.0021333574988285e+00,1.2334368571707664e+01,7.0021333574988285e+00,1.3233913500069194e+01,3.0086204097000397e+00,1.7086647600631426e+00,3.0086204097000397e+00,1.0696131337735178e+01,1.3233913500069194e+01,8.6466232095803193e+00,3.7167815091958021e+00,1.3030573005177123e+01,3.0086204097000397e+00,4.7660043142340092e+00,1.2334368571707664e+01,1.2334368571707664e+01,1.2334368571707664e+01,1.2334368571707664e+01,1.2334368571707664e+01,1.3030573005177123e+01,1.1424131196617191e+01,6.8467025318511618e+00,6.8467025318511618e+00,9.4155715475975366e-01,4.8545814793449926e+00,3.7167815091958021e+00,1.0696131337735178e+01,1.3233913500069194e+01,1.0696131337735178e+01,1.2334368571707664e+01,1.3030573005177123e+01,1.3030573005177123e+01,7.6048787783856602e+00,0.0000000000000000e+00,1.2334368571707664e+01,1.2334368571707664e+01,3.7167815091958021e+00,7.0021333574988285e+00,6.8467025318511618e+00,6.8467025318511618e+00,6.8467025318511618e+00,1.3233913500069194e+01,1.3233913500069194e+01,1.2334368571707664e+01,1.2334368571707664e+01,7.6048787783856602e+00,7.6048787783856602e+00,1.3233913500069194e+01,8.6466232095803193e+00,0.0000000000000000e+00,7.6048787783856602e+00,1.2334368571707664e+01,7.0021333574988285e+00,0.0000000000000000e+00,1.7086647600631426e+00,7.6048787783856602e+00,7.0021333574988285e+00,3.7167815091958021e+00,1.7086647600631426e+00,6.8467025318511618e+00,1.1424131196617191e+01,9.4155715475975366e-01,1.1424131196617191e+01,7.0021333574988285e+00,0.0000000000000000e+00,1.3030573005177123e+01,1.0696131337735178e+01,1.7086647600631426e+00,1.3030573005177123e+01,9.4155715475975366e-01,1.3030573005177123e+01,7.6048787783856602e+00,7.6048787783856602e+00,8.6466232095803193e+00,8.6466232095803193e+00,1.3233913500069194e+01,6.8467025318511618e+00,8.6466232095803193e+00,8.6466232095803193e+00,6.8467025318511618e+00,0.0000000000000000e+00,7.0021333574988285e+00,0.0000000000000000e+00,0.0000000000000000e+00,6.8467025318511618e+00,1.3030573005177123e+01,3.0086204097000397e+00,1.3030573005177123e+01,1.1424131196617191e+01,1.0696131337735178e+01,1.1424131196617191e+01,1.3030573005177123e+01,1.2334368571707664e+01,1.0696131337735178e+01,4.8545814793449926e+00,1.0696131337735178e+01,4.8545814793449926e+00,1.2334368571707664e+01,1.0696131337735178e+01,7.0021333574988285e+00,7.6048787783856602e+00,1.2334368571707664e+01,6.8467025318511618e+00,7.0021333574988285e+00,1.2334368571707664e+01,0.0000000000000000e+00,7.0021333574988285e+00,1.1424131196617191e+01,3.0086204097000397e+00,7.0021333574988285e+00,7.0021333574988285e+00,0.0000000000000000e+00,7.0021333574988285e+00,1.1424131196617191e+01,4.8545814793449926e+00,4.8545814793449926e+00,1.0696131337735178e+01,1.1424131196617191e+01,0.0000000000000000e+00,1.3030573005177123e+01,1.1424131196617191e+01,3.0086204097000397e+00,1.2334368571707664e+01,1.0696131337735178e+01,9.4155715475975366e-01,8.6466232095803193e+00,7.0021333574988285e+00,1.0696131337735178e+01,7.0021333574988285e+00,1.0696131337735178e+01,3.0086204097000397e+00,4.8545814793449926e+00,8.6466232095803193e+00,1.0696131337735178e+01,1.2334368571707664e+01,7.0021333574988285e+00,6.8467025318511618e+00,6.8467025318511618e+00,6.8467025318511618e+00,1.3030573005177123e+01,9.4155715475975366e-01,8.6466232095803193e+00,1.3233913500069194e+01,7.0021333574988285e+00,1.3233913500069194e+01,1.7086647600631426e+00,3.0086204097000397e+00,1.3233913500069194e+01,1.3030573005177123e+01,1.3030573005177123e+01,1.3233913500069194e+01,1.3233913500069194e+01,7.0021333574988285e+00,1.3233913500069194e+01,1.2334368571707664e+01,7.6048787783856602e+00,1.7086647600631426e+00,6.8467025318511618e+00,7.6048787783856602e+00,1.7086647600631426e+00,1.3233913500069194e+01,8.6466232095803193e+00,1.1424131196617191e+01,1.7086647600631426e+00,7.0021333574988285e+00,1.3233913500069194e+01
1.1376361219146489e+01,7.5608980498398175e+00,7.5608980498398175e+00,7.5608980498398175e+00,7.5608980498398175e+00,7.5608980498398175e+00,1.1376361219146489e+01,4.7322998955123055e+00,3.9147090932605888e+00,1.1376361219146489e+01,1.1376361219146489e+01,1.0833191494444016e+01,1.1376361219146489e+01,1.1376361219146489e+01,0.0000000000000000e+00,1.1829684687409427e+01,1.1376361219146489e+01,1.1376361219146489e+01,9.5143206333014625e+00,1.1376361219146489e+01,2.7390059208398516e+00,0.0000000000000000e+00,1.1376361219146489e+01,3.8031350055638948e+00,3.8031350055638948e+00,3.8031350055638948e+00,3.9147090932605888e+00,1.1376361219146489e+01,1.0833191494444016e+01,1.8663947970498018e+00,1.3220935822999795e+01,4.7322998955123055e+00,2.7390059208398516e+00,9.0985494902810515e-01,4.7322998955123055e+00,4.7322998955123055e+00,1.1376361219146489e+01,4.7322998955123055e+00,9.5143206333014625e+00,9.5143206333014625e+00,9.5143206333014625e+00,1.1376361219146489e+01,1.8663947970498018e+00,0.0000000000000000e+00,6.7505486864464723e+00,1.1829684687409427e+01,1.1829684687409427e+01,6.7505486864464723e+00,1.1829684687409427e+01,7.5608980498398175e+00,1.2182706805770108e+01,6.7505486864464723e+00,6.8181989230644291e+00,1.3220935822999795e+01,6.7505486864464723e+00,2.7390059208398516e+00,1.1376361219146489e+01,1.1376361219146489e+01,7.5608980498398175e+00,1.3220935822999795e+01,1.1376361219146489e+01,1.3220935822999795e+01,1.3220935822999795e+01,1.3220935822999795e+01,1.1376361219146489e+01,1.3220935822999795e+01,1.1376361219146489e+01,1.1376361219146489e+01,1.1376361219146489e+01,1.1376361219146489e+01,1.1376361219146489e+01,1.3220935822999795e+01,2.7390059208398516e+00,1.3220935822999795e+01,9.0985494902810515e-01,1.1376361219146489e+01,9.0985494902810515e-01,1.3220935822999795e+01,6.8181989230644291e+00,1.3220935822999795e+01,1.1376361219146489e+01,1.3220935822999795e+01,7.5608980498398175e+00,1.2182706805770108e+01,9.5143206333014625e+00,1.8663947970498018e+00,9.0985494902810515e-01,1.2182706805770108e+01,1.3220935822999795e+01,1.1376361219146489e+01,4.7322998955123055e+00,3.8031350055638948e+00,1.3220935822999795e+01,1.2182706805770108e+01,1.1829684687409427e+01,6.7505486864464723e+00,1.3220935822999795e+01,0.0000000000000000e+00,1.0833191494444016e+01,1.3220935822999795e+01,1.0833191494444016e+01,6.8181989230644291e+00,1.3220935822999795e+01,1.3220935822999795e+01,6.7505486864464723e+00,1.1376361219146489e+01,1.2182706805770108e+01,9.0985494902810515e-01,1.2182706805770108e+01,3.8031350055638948e+00,1.0833191494444016e+01,1.1829684687409427e+01,3.8031350055638948e+00,9.0985494902810515e-01,1.3220935822999795e+01,1.3220935822999795e+01,1.1829684687409427e+01,1.0833191494444016e+01,9.0985494902810515e-01,1.2182706805770108e+01,1.2182706805770108e+01,1.1376361219146489e+01,6.7505486864464723e+00,1.2182706805770108e+01,1.0833191494444016e+01,1.1376361219146489e+01,1.1376361219146489e+01,4.7322998955123055e+00,1.1376361219146489e+01,9.0985494902810515e-01,3.9147090932605888e+00,1.2182706805770108e+01,1.0833191494444016e+01,3.9147090932605888e+00,1.8663947970498018e+00,1.1376361219146489e+01,4.7322998955123055e+00,1.0833191494444016e+01,4.7322998955123055e+00,3.8031350055638948e+00,1.1376361219146489e+01,4.7322998955123055e+00,1.1376361219146489e+01,1.0833191494444016e+01,6.8181989230644291e+00,9.0985494902810515e-01,1.1376361219146489e+01,1.1829684687409427e+01,1.1829684687409427e+01,0.0000000000000000e+00,3.8031350055638948e+00,1.2182706805770108e+01,7.5608980498398175e+00,1.1829684687409427e+01,1.1829684687409427e+01,1.1829684687409427e+01,7.5608980498398175e+00,7.5608980498398175e+00,1.3220935822999795e+01,9.5143206333014625e+00,1.3220935822999795e+01,1.1829684687409427e+01,7.5608980498398175e+00,1.1376361219146489e+01,1.3220935822999795e+01,9.0985494902810515e-01,3.8031350055638948e+00,2.7390059208398516e+00,7.5608980498398175e+00,9.5143206333014625e+00,7.5608980498398175e+00,7.5608980498398175e+00,6.7505486864464723e+00,1.3220935822999795e+01,1.1376361219146489e+01,6.7505486864464723e+00,6.7505486864464723e+00,6.7505486864464723e+00,1.1376361219146489e+01,9.0985494902810515e-01,4.7322998955123055e+00,1.1376361219146489e+01,1.1376361219146489e+01,1.1376361219146489e+01,0.0000000000000000e+00,9.5143206333014625e+00,1.1376361219146489e+01,4.7322998955123055e+00,1.2182706805770108e+01,1.2182706805770108e+01,2.7390059208398516e+00,1.3220935822999795e+01,6.8181989230644291e+00,2.7390059208398516e+00,0.0000000000000000e+00,1.3220935822999795e+01,1.1376361219146489e+01,1.1829684687409427e+01,1.3220935822999795e+01,1.1376361219146489e+01,1.1376361219146489e+01,1.1376361219146489e+01,1.0833191494444016e+01,1.0833191494444016e+01,1.1376361219146489e+01,1.1376361219146489e+01,9.5143206333014625e+00,6.8181989230644291e+00,1.1376361219146489e+01,6.8181989230644291e+00,7.5608980498398175e+00,3.8031350055638948e+00,1.1376361219146489e+01,1.2182706805770108e+01,1.1376361219146489e+01,9.5143206333014625e+00,1.1376361219146489e+01,1.1829684687409427e+01,1.0833191494444016e+01,0.0000000000000000e+00,6.7505486864464723e+00,2.7390059208398516e+00,1.1829684687409427e+01,1.1376361219146489e+01,1.1829684687409427e+01,1.1829684687409427e+01,1.1829684687409427e+01,4.7322998955123055e+00,1.1829684687409427e+01,6.8181989230644291e+00,7.5608980498398175e+00,1.8663947970498018e+00,1.2182706805770108e+01,1.1829684687409427e+01,4.7322998955123055e+00,1.1829684687409427e+01,9.5143206333014625e+00,3.8031350055638948e+00,1.8663947970498018e+00,7.5608980498398175e+00,7.5608980498398175e+00,1.8663947970498018e+00,7.5608980498398175e+00,6.7505486864464723e+00,1.0833191494444016e+01,1.0833191494444016e+01,1.8663947970498018e+00,7.5608980498398175e+00,1.1376361219146489e+01,1.0833191494444016e+01,1.0833191494444016e+01,1.1376361219146489e+01,3.9147090932605888e+00,3.9147090932605888e+00,7.5608980498398175e+00,7.5608980498398175e+00,1.3220935822999795e+01,1.2182706805770108e+01,1.0833191494444016e+01,6.7505486864464723e+00,1.2182706805770108e+01,1.0833191494444016e+01,6.8181989230644291e+00,1.1376361219146489e+01,1.0833191494444016e+01,1.2182706805770108e+01,3.9147090932605888e+00,6.8181989230644291e+00,3.8031350055638948e+00,1.3220935822999795e+01,1.0833191494444016e+01,6.7505486864464723e+00,3.8031350055638948e+00,3.9147090932605888e+00,3.8031350055638948e+00,1.3220935822999795e+01,1.3220935822999795e+01,9.5143206333014625e+00,7.5608980498398175e+00,9.5143206333014625e+00,9.0985494902810515e-01,6.7505486864464723e+00,7.5608980498398175e+00,7.5608980498398175e+00,1.3220935822999795e+01,1.0833191494444016e+01,9.5143206333014625e+00,1.0833191494444016e+01,1.3220935822999795e+01,1.3220935822999795e+01,1.3220935822999795e+01,1.1376361219146489e+01,1.0833191494444016e+01,1.1376361219146489e+01,1.8663947970498018e+00,1.1829684687409427e+01,9.5143206333014625e+00,1.0833191494444016e+01,6.8181989230644291e+00,2.7390059208398516e+00,7.5608980498398175e+00,9.5143206333014625e+00,1.3220935822999795e+01,1.3220935822999795e+01,3.8031350055638948e+00,2.7390059208398516e+00,0.0000000000000000e+00,1.3220935822999795e+01,1.0833191494444016e+01,1.1829684687409427e+01,1.0833191494444016e+01,1.1829684687409427e+01,1.0833191494444016e+01,1.0833191494444016e+01,1.3220935822999795e+01,1.0833191494444016e+01,1.1829684687409427e+01,1.1376361219146489e+01,1.3220935822999795e+01,0.0000000000000000e+00,1.1829684687409427e+01,4.7322998955123055e+00,1.3220935822999795e+01,1.0833191494444016e+01,7.5608980498398175e+00,1.1829684687409427e+01,4.7322998955123055e+00,3.9147090932605888e+00,1.1829684687409427e+01,9.5143206333014625e+00,1.1829684687409427e+01,1.8663947970498018e+00,6.8181989230644291e+00,7.5608980498398175e+00,9.5143206333014625e+00,1.0833191494444016e+01,1.0833191494444016e+01,1.0833191494444016e+01,1.0833191494444016e+01,3.9147090932605888e+00,1.0833191494444016e+01,6.7505486864464723e+00,1.0833191494444016e+01,1.3220935822999795e+01,1.3220935822999795e+01,4.7322998955123055e+00,1.3220935822999795e+01,1.0833191494444016e+01,2.7390059208398516e+00,9.5143206333014625e+00,1.1829684687409427e+01,9.0985494902810515e-01,1.3220935822999795e+01,1.3220935822999795e+01,1.0833191494444016e+01,1.0833191494444016e+01,1.0833191494444016e+01,1.3220935822999795e+01,1.0833191494444016e+01,1.0833191494444016e+01,1.3220935822999795e+01,1.0833191494444016e+01,1.3220935822999795e+01,1.3220935822999795e+01,1.3220935822999795e+01,3.8031350055638948e+00,3.9147090932605888e+00,9.5143206333014625e+00,1.1376361219146489e+01,7.5608980498398175e+00,1.2182706805770108e+01,1.1829684687409427e+01,2.7390059208398516e+00,7.5608980498398175e+00,1.1376361219146489e+01,1.2182706805770108e+01,3.9147090932605888e+00,0.0000000000000000e+00,6.7505486864464723e+00,3.9147090932605888e+00,2.7390059208398516e+00,1.1376361219146489e+01,6.8181989230644291e+00,4.7322998955123055e+00,6.8181989230644291e+00,1.8663947970498018e+00,3.9147090932605888e+00,1.1829684687409427e+01,1.0833191494444016e+01,1.0833191494444016e+01,1.3220935822999795e+01,6.8181989230644291e+00,3.9147090932605888e+00,3.8031350055638948e+00,3.8031350055638948e+00,7.5608980498398175e+00,1.8663947970498018e+00,6.7505486864464723e+00,0.0000000000000000e+00,9.5143206333014625e+00,1.0833191494444016e+01,2.7390059208398516e+00,4.7322998955123055e+00,6.8181989230644291e+00,1.0833191494444016e+01,9.0985494902810515e-01,3.9147090932605888e+00,1.0833191494444016e+01,9.0985494902810515e-01,1.1376361219146489e+01,1.0833191494444016e+01,2.7390059208398516e+00,6.7505486864464723e+00,1.0833191494444016e+01,1.3220935822999795e+01,4.7322998955123055e+00,1.1829684687409427e+01,3.9147090932605888e+00,1.3220935822999795e+01,1.3220935822999795e+01,1.8663947970498018e+00,1.1376361219146489e+01,1.1829684687409427e+01,1.1829684687409427e+01,1.3220935822999795e+01,1.1829684687409427e+01,1.1829684687409427e+01,1.0833191494444016e+01,1.3220935822999795e+01,7.5608980498398175e+00,1.0833191494444016e+01,4.7322998955123055e+00,1.2182706805770108e+01,4.7322998955123055e+00,1.3220935822999795e+01,2.7390059208398516e+00,1.2182706805770108e+01,2.7390059208398516e+00,6.7505486864464723e+00,1.1376361219146489e+01,1.3220935822999795e+01,6.7505486864464723e+00,1.1829684687409427e+01,2.7390059208398516e+00,7.5608980498398175e+00,4.7322998955123055e+00,1.3220935822999795e+01,1.3220935822999795e+01,1.1376361219146489e+01,1.3220935822999795e+01,9.5143206333014625e+00,9.5143206333014625e+00,7.5608980498398175e+00,1.0833191494444016e+01,1.1829684687409427e+01,1.1376361219146489e+01,9.0985494902810515e-01,1.2182706805770108e+01,1.3220935822999795e+01,1.3220935822999795e+01,1.2182706805770108e+01,1.2182706805770108e+01,1.1829684687409427e+01,3.8031350055638948e+00,1.1829684687409427e+01,1.2182706805770108e+01,3.8031350055638948e+00,1.3220935822999795e+01,1.3220935822999795e+01,1.0833191494444016e+01,1.3220935822999795e+01,6.7505486864464723e+00,1.1829684687409427e+01,1.3220935822999795e+01,1.1829684687409427e+01,2.7390059208398516e+00,1.1376361219146489e+01,7.5608980498398175e+00,1.3220935822999795e+01,4.7322998955123055e+00,1.1829684687409427e+01,1.1829684687409427e+01,1.1376361219146489e+01,1.1376361219146489e+01,1.3220935822999795e+01,6.8181989230644291e+00,1.1829684687409427e+01,1.2182706805770108e+01,1.2182706805770108e+01,1.2182706805770108e+01,6.7505486864464723e+00,1.1829684687409427e+01,1.3220935822999795e+01,0.0000000000000000e+00,3.8031350055638948e+00,1.1376361219146489e+01,1.2182706805770108e+01,4.7322998955123055e+00,3.8031350055638948e+00,1.1829684687409427e+01,1.1829684687409427e+01,1.2182706805770108e+01,2.7390059208398516e+00,0.0000000000000000e+00,3.9147090932605888e+00,0.0000000000000000e+00,9.5143206333014625e+00,7.5608980498398175e+00,1.1376361219146489e+01,1.2182706805770108e+01,1.1829684687409427e+01,1.1376361219146489e+01,1.1376361219146489e+01,1.0833191494444016e+01,4.7322998955123055e+00,1.1376361219146489e+01,7.5608980498398175e+00,3.9147090932605888e+00,1.3220935822999795e+01,2.7390059208398516e+00,1.2182706805770108e+01,7.5608980498398175e+00,2.7390059208398516e+00,1.2182706805770108e+01,1.2182706805770108e+01,6.7505486864464723e+00,6.7505486864464723e+00,3.8031350055638948e+00,7.5608980498398175e+00,1.3220935822999795e+01,1.3220935822999795e+01,2.7390059208398516e+00,7.5608980498398175e+00,7.5608980498398175e+00,1.3220935822999795e+01,2.7390059208398516e+00,6.7505486864464723e+00,6.7505486864464723e+00,2.7390059208398516e+00,1.2182706805770108e+01,1.0833191494444016e+01,1.1829684687409427e+01,6.7505486864464723e+00,1.3220935822999795e+01,1.3220935822999795e+01,6.8181989230644291e+00,1.1376361219146489e+01,9.0985494902810515e-01,3.9147090932605888e+00,1.0833191494444016e+01,1.3220935822999795e+01,7.5608980498398175e+00,7.5608980498398175e+00,1.3220935822999795e+01,1.0833191494444016e+01,4.7322998955123055e+00,6.8181989230644291e+00,1.3220935822999795e+01,7.5608980498398175e+00,2.7390059208398516e+00,7.5608980498398175e+00,9.5143206333014625e+00,6.7505486864464723e+00,7.5608980498398175e+00,3.8031350055638948e+00,6.8181989230644291e+00,7.5608980498398175e+00,2.7390059208398516e+00,9.0985494902810515e-01,2.7390059208398516e+00,9.0985494902810515e-01,1.0833191494444016e+01,1.0833191494444016e+01,1.0833191494444016e+01,1.0833191494444016e+01,6.7505486864464723e+00,1.1376361219146489e+01,1.0833191494444016e+01,6.8181989230644291e+00,1.0833191494444016e+01,1.0833191494444016e+01,1.1376361219146489e+01,9.5143206333014625e+00,7.5608980498398175e+00,1.0833191494444016e+01,1.0833191494444016e+01,1.0833191494444016e+01,1.3220935822999795e+01,4.7322998955123055e+00,6.8181989230644291e+00,7.5608980498398175e+00,1.0833191494444016e+01,1.0833191494444016e+01,7.5608980498398175e+00,7.5608980498398175e+00,6.7505486864464723e+00,1.2182706805770108e+01,6.7505486864464723e+00,0.0000000000000000e+00,6.7505486864464723e+00,7.5608980498398175e+00,6.8181989230644291e+00,1.0833191494444016e+01,1.1376361219146489e+01,7.5608980498398175e+00,1.3220935822999795e+01,1.0833191494444016e+01,1.1376361219146489e+01,2.7390059208398516e+00,7.5608980498398175e+00,9.0985494902810515e-01,1.1376361219146489e+01,7.5608980498398175e+00,4.7322998955123055e+00,7.5608980498398175e+00,0.0000000000000000e+00,1.0833191494444016e+01,9.0985494902810515e-01,1.1376361219146489e+01,1.8663947970498018e+00,7.5608980498398175e+00,1.1376361219146489e+01,1.0833191494444016e+01,0.0000000000000000e+00,1.8663947970498018e+00,1.1376361219146489e+01,1.8663947970498018e+00,7.5608980498398175e+00,3.8031350055638948e+00,1.2182706805770108e+01,1.0833191494444016e+01,2.7390059208398516e+00,9.0985494902810515e-01,1.1829684687409427e+01,1.0833191494444016e+01,1.1376361219146489e+01,6.7505486864464723e+00,2.7390059208398516e+00,1.2182706805770108e+01,7.5608980498398175e+00,1.1376361219146489e+01,1.2182706805770108e+01,3.9147090932605888e+00,1.1376361219146489e+01,1.0833191494444016e+01,3.8031350055638948e+00,1.0833191494444016e+01,9.5143206333014625e+00,1.2182706805770108e+01,1.1376361219146489e+01,1.0833191494444016e+01,1.0833191494444016e+01,1.0833191494444016e+01,1.3220935822999795e+01,1.1376361219146489e+01,3.9147090932605888e+00,1.1829684687409427e+01,1.1376361219146489e+01,1.2182706805770108e+01,3.9147090932605888e+00,4.7322998955123055e+00,1.2182706805770108e+01,6.8181989230644291e+00,1.0833191494444016e+01,1.3220935822999795e+01,6.8181989230644291e+00,7.5608980498398175e+00,9.0985494902810515e-01,6.7505486864464723e+00,6.8181989230644291e+00,1.1829684687409427e+01,7.5608980498398175e+00,1.0833191494444016e+01,7.5608980498398175e+00,1.1376361219146489e+01,1.0833191494444016e+01,6.8181989230644291e+00,4.7322998955123055e+00,2.7390059208398516e+00,2.7390059208398516e+00,1.2182706805770108e+01,1.2182706805770108e+01,1.2182706805770108e+01,9.5143206333014625e+00,4.7322998955123055e+00,1.3220935822999795e+01,7.5608980498398175e+00,6.8181989230644291e+00,6.8181989230644291e+00,6.8181989230644291e+00,1.2182706805770108e+01,1.1376361219146489e+01,1.1376361219146489e+01,3.9147090932605888e+00,6.8181989230644291e+00,0.0000000000000000e+00,1.1376361219146489e+01,7.5608980498398175e+00,7.5608980498398175e+00,7.5608980498398175e+00,3.9147090932605888e+00,7.5608980498398175e+00,6.8181989230644291e+00,6.8181989230644291e+00,3.9147090932605888e+00,1.0833191494444016e+01,1.1829684687409427e+01,1.1829684687409427e+01,3.9147090932605888e+00,1.1829684687409427e+01,1.2182706805770108e+01,3.9147090932605888e+00,1.2182706805770108e+01,1.1376361219146489e+01,0.0000000000000000e+00,1.0833191494444016e+01,1.0833191494444016e+01,7.5608980498398175e+00,1.1376361219146489e+01,1.1376361219146489e+01,3.8031350055638948e+00,7.5608980498398175e+00,6.7505486864464723e+00,3.8031350055638948e+00,1.0833191494444016e+01,1.2182706805770108e+01,1.8663947970498018e+00,0.0000000000000000e+00,1.1376361219146489e+01,1.1376361219146489e+01,6.8181989230644291e+00,1.0833191494444016e+01,7.5608980498398175e+00,3.9147090932605888e+00,7.5608980498398175e+00,1.8663947970498018e+00,2.7390059208398516e+00,1.0833191494444016e+01,1.0833191494444016e+01,9.0985494902810515e-01,3.9147090932605888e+00,2.7390059208398516e+00,7.5608980498398175e+00,4.7322998955123055e+00,4.7322998955123055e+00,4.7322998955123055e+00,6.8181989230644291e+00,2.7390059208398516e+00,1.2182706805770108e+01,1.0833191494444016e+01,3.8031350055638948e+00,3.8031350055638948e+00,1.3220935822999795e+01,1.2182706805770108e+01,0.0000000000000000e+00,1.3220935822999795e+01,1.3220935822999795e+01,9.0985494902810515e-01,1.3220935822999795e+01,6.8181989230644291e+00,6.8181989230644291e+00,1.0833191494444016e+01,6.8181989230644291e+00,3.9147090932605888e+00,6.8181989230644291e+00,1.0833191494444016e+01,7.5608980498398175e+00,9.5143206333014625e+00,9.5143206333014625e+00,9.5143206333014625e+00,1.0833191494444016e+01,1.0833191494444016e+01,6.7505486864464723e+00,1.1829684687409427e+01,6.7505486864464723e+00,1.8663947970498018e+00,1.1829684687409427e+01,1.1829684687409427e+01,3.9147090932605888e+00,3.9147090932605888e+00,9.5143206333014625e+00,1.2182706805770108e+01,1.1376361219146489e+01,4.7322998955123055e+00,4.7322998955123055e+00,1.1829684687409427e+01,1.0833191494444016e+01,1.2182706805770108e+01,1.0833191494444016e+01,1.0833191494444016e+01,1.1376361219146489e+01,1.1829684687409427e+01,6.7505486864464723e+00,6.7505486864464723e+00,6.7505486864464723e+00,1.2182706805770108e+01,2.7390059208398516e+00,3.8031350055638948e+00,1.3220935822999795e+01,7.5608980498398175e+00,9.0985494902810515e-01,9.5143206333014625e+00,1.0833191494444016e+01,9.0985494902810515e-01,4.7322998955123055e+00,6.7505486864464723e+00,1.1829684687409427e+01,1.0833191494444016e+01,6.8181989230644291e+00,1.0833191494444016e+01,4.7322998955123055e+00,7.5608980498398175e+00,3.9147090932605888e+00,1.1376361219146489e+01,1.1376361219146489e+01,9.5143206333014625e+00,7.5608980498398175e+00,1.3220935822999795e+01,1.3220935822999795e+01,6.7505486864464723e+00,1.1376361219146489e+01,6.7505486864464723e+00,6.7505486864464723e+00,6.7505486864464723e+00,6.7505486864464723e+00,6.7505486864464723e+00,1.3220935822999795e+01,9.5143206333014625e+00,1.3220935822999795e+01,1.3220935822999795e+01,1.3220935822999795e+01,1.1829684687409427e+01,1.2182706805770108e+01,9.5143206333014625e+00,6.8181989230644291e+00,6.7505486864464723e+00,9.5143206333014625e+00,0.0000000000000000e+00,7.5608980498398175e+00,6.8181989230644291e+00,1.0833191494444016e+01,7.5608980498398175e+00,9.5143206333014625e+00,9.0985494902810515e-01,3.9147090932605888e+00,1.0833191494444016e+01,6.8181989230644291e+00,1.3220935822999795e+01,6.7505486864464723e+00,0.0000000000000000e+00,9.5143206333014625e+00,1.1376361219146489e+01,6.8181989230644291e+00,2.7390059208398516e+00,2.7390059208398516e+00,1.2182706805770108e+01,1.1376361219146489e+01,1.1376361219146489e+01,1.3220935822999795e+01,2.7390059208398516e+00,1.8663947970498018e+00,1.0833191494444016e+01,1.0833191494444016e+01,2.7390059208398516e+00,1.0833191494444016e+01,9.5143206333014625e+00,1.3220935822999795e+01,1.0833191494444016e+01,6.8181989230644291e+00,6.7505486864464723e+00,6.8181989230644291e+00,0.0000000000000000e+00,6.8181989230644291e+00,6.7505486864464723e+00,1.2182706805770108e+01,1.2182706805770108e+01,1.8663947970498018e+00,1.0833191494444016e+01,9.5143206333014625e+00,1.8663947970498018e+00,1.1376361219146489e+01,9.5143206333014625e+00,7.5608980498398175e+00,6.7505486864464723e+00,6.7505486864464723e+00,1.1376361219146489e+01,1.3220935822999795e+01,1.0833191494444016e+01,1.0833191494444016e+01,3.9147090932605888e+00,1.0833191494444016e+01,1.0833191494444016e+01,1.0833191494444016e+01,3.8031350055638948e+00,1.8663947970498018e+00,1.3220935822999795e+01,1.0833191494444016e+01,1.2182706805770108e+01,7.5608980498398175e+00,1.3220935822999795e+01,1.3220935822999795e+01,3.9147090932605888e+00,1.1376361219146489e+01,3.9147090932605888e+00,2.7390059208398516e+00,1.2182706805770108e+01,1.1829684687409427e+01,1.2182706805770108e+01,1.2182706805770108e+01,9.0985494902810515e-01,6.8181989230644291e+00,7.5608980498398175e+00,1.2182706805770108e+01,0.0000000000000000e+00,6.8181989230644291e+00,1.0833191494444016e+01,1.0833191494444016e+01,1.0833191494444016e+01,4.7322998955123055e+00,4.7322998955123055e+00,3.8031350055638948e+00,0.0000000000000000e+00,6.7505486864464723e+00,1.1829684687409427e+01,2.7390059208398516e+00,1.8663947970498018e+00,1.0833191494444016e+01,1.2182706805770108e+01,2.7390059208398516e+00,9.0985494902810515e-01,3.8031350055638948e+00,9.5143206333014625e+00,7.5608980498398175e+00,7.5608980498398175e+00,1.3220935822999795e+01,1.3220935822999795e+01,1.1829684687409427e+01,1.0833191494444016e+01,3.9147090932605888e+00,1.0833191494444016e+01,4.7322998955123055e+00,6.7505486864464723e+00,1.0833191494444016e+01,4.7322998955123055e+00,1.0833191494444016e+01,1.8663947970498018e+00,1.0833191494444016e+01,1.3220935822999795e+01,1.8663947970498018e+00,1.3220935822999795e+01,1.3220935822999795e+01,2.7390059208398516e+00,6.8181989230644291e+00,1.8663947970498018e+00,1.2182706805770108e+01,1.8663947970498018e+00,2.7390059208398516e+00,3.9147090932605888e+00,4.7322998955123055e+00,4.7322998955123055e+00,1.0833191494444016e+01,9.5143206333014625e+00,1.2182706805770108e+01,6.8181989230644291e+00,4.7322998955123055e+00,9.0985494902810515e-01,1.2182706805770108e+01,3.9147090932605888e+00,1.2182706805770108e+01,3.8031350055638948e+00,1.3220935822999795e+01,1.3220935822999795e+01,1.8663947970498018e+00,1.0833191494444016e+01,6.8181989230644291e+00,1.1376361219146489e+01,1.0833191494444016e+01,7.5608980498398175e+00,3.8031350055638948e+00,1.0833191494444016e+01,1.3220935822999795e+01,1.2182706805770108e+01,1.2182706805770108e+01,0.0000000000000000e+00,1.1829684687409427e+01,1.1829684687409427e+01,1.2182706805770108e+01,1.2182706805770108e+01,3.8031350055638948e+00,1.1376361219146489e+01,1.2182706805770108e+01,1.2182706805770108e+01,6.8181989230644291e+00,1.3220935822999795e+01,9.5143206333014625e+00,6.7505486864464723e+00,6.7505486864464723e+00,1.2182706805770108e+01,2.7390059208398516e+00,2.7390059208398516e+00
6.5451656501416347e+00,8.0059206503681200e+00,6.5451656501416347e+00,2.6625914639446218e+00,8.0059206503681200e+00,8.0059206503681200e+00,8.0059206503681200e+00,1.0298853157780091e+01,9.9085434786489621e+00,8.0059206503681200e+00,2.6625914639446218e+00,9.9085434786489621e+00,6.5451656501416347e+00,9.9085434786489621e+00,8.0059206503681200e+00,9.9085434786489621e+00,9.9085434786489621e+00,8.0059206503681200e+00,5.0081519355295594e+00,9.9085434786489621e+00,6.5451656501416347e+00,9.9085434786489621e+00,5.0081519355295594e+00,8.0059206503681200e+00,3.4659804592328562e+00,1.0906089659338175e+01,4.3192908895072666e+00,8.0059206503681200e+00,5.0081519355295594e+00,2.6625914639446218e+00,1.8188469661212328e+00,5.0081519355295594e+00,5.0081519355295594e+00,1.0906089659338175e+01,5.0081519355295594e+00,9.9085434786489621e+00,5.0081519355295594e+00,8.0059206503681200e+00,1.3651358249468336e+01,1.1738401790074420e+01,9.9085434786489621e+00,1.1738401790074420e+01,0.0000000000000000e+00,0.0000000000000000e+00,1.1738401790074420e+01,8.0059206503681200e+00,1.8188469661212328e+00,1.8188469661212328e+00,5.0081519355295594e+00,1.1738401790074420e+01,6.6041286909953536e+00,3.4659804592328562e+00,1.0298853157780091e+01,3.4659804592328562e+00,1.8188469661212328e+00,1.8188469661212328e+00,1.1738401790074420e+01,3.4659804592328562e+00,3.4659804592328562e+00,1.3651358249468336e+01,1.3570075015274252e+01,1.3570075015274252e+01,1.1738401790074420e+01,1.1738401790074420e+01,4.3192908895072666e+00,4.3192908895072666e+00,1.8188469661212328e+00,1.8188469661212328e+00,8.0059206503681200e+00,1.1738401790074420e+01,8.9299599053911916e-01,1.0906089659338175e+01,1.1738401790074420e+01,1.0298853157780091e+01,8.0059206503681200e+00,1.1738401790074420e+01,1.8188469661212328e+00,8.0059206503681200e+00,1.1738401790074420e+01,1.0298853157780091e+01,1.1738401790074420e+01,1.0298853157780091e+01,5.0081519355295594e+00,2.6625914639446218e+00,9.9085434786489621e+00,1.1738401790074420e+01,1.3570075015274252e+01,1.0298853157780091e+01,6.6041286909953536e+00,8.9299599053911916e-01,8.0059206503681200e+00,8.0059206503681200e+00,4.3192908895072666e+00,1.1738401790074420e+01,2.6625914639446218e+00,1.0298853157780091e+01,1.3570075015274252e+01,9.9085434786489621e+00,1.3570075015274252e+01,1.3570075015274252e+01,1.1738401790074420e+01,1.0298853157780091e+01,1.3651358249468336e+01,1.3651358249468336e+01,1.3651358249468336e+01,1.3651358249468336e+01,1.3570075015274252e+01,2.6625914639446218e+00,1.8188469661212328e+00,1.3651358249468336e+01,6.6041286909953536e+00,3.4659804592328562e+00,1.3651358249468336e+01,1.3570075015274252e+01,1.3651358249468336e+01,6.6041286909953536e+00,1.1738401790074420e+01,1.1738401790074420e+01,1.3570075015274252e+01,1.3570075015274252e+01,6.6041286909953536e+00,6.6041286909953536e+00,6.6041286909953536e+00,6.5451656501416347e+00,1.3651358249468336e+01,2.6625914639446218e+00,1.3570075015274252e+01,1.3651358249468336e+01,1.1738401790074420e+01,6.5451656501416347e+00,1.1738401790074420e+01,1.3651358249468336e+01,1.3570075015274252e+01,1.3570075015274252e+01,4.3192908895072666e+00,1.3570075015274252e+01,9.9085434786489621e+00,8.0059206503681200e+00,1.1738401790074420e+01,9.9085434786489621e+00,4.3192908895072666e+00,5.0081519355295594e+00,9.9085434786489621e+00,5.0081519355295594e+00,5.0081519355295594e+00,1.3570075015274252e+01,1.3570075015274252e+01,1.3570075015274252e+01,1.3570075015274252e+01,9.9085434786489621e+00,5.0081519355295594e+00,1.3570075015274252e+01,4.3192908895072666e+00,1.1738401790074420e+01,1.1738401790074420e+01,1.3651358249468336e+01,1.3651358249468336e+01,8.9299599053911916e-01,3.4659804592328562e+00,1.3651358249468336e+01,9.9085434786489621e+00,6.6041286909953536e+00,1.8188469661212328e+00,6.6041286909953536e+00,1.3570075015274252e+01,1.3570075015274252e+01,1.1738401790074420e+01,8.0059206503681200e+00,8.0059206503681200e+00,5.0081519355295594e+00,1.3570075015274252e+01,6.6041286909953536e+00,1.3651358249468336e+01,1.3651358249468336e+01,1.3651358249468336e+01,8.0059206503681200e+00,0.0000000000000000e+00,1.3570075015274252e+01,9.9085434786489621e+00,1.3570075015274252e+01,2.6625914639446218e+00,1.3570075015274252e+01,1.3570075015274252e+01,1.3570075015274252e+01,8.0059206503681200e+00,1.3570075015274252e+01,1.3651358249468336e+01,1.3651358249468336e+01,8.9299599053911916e-01,3.4659804592328562e+00,1.0298853157780091e+01,8.0059206503681200e+00,1.3651358249468336e+01,6.5451656501416347e+00,1.3651358249468336e+01,6.5451656501416347e+00,1.1738401790074420e+01,1.3651358249468336e+01,1.8188469661212328e+00,5.0081519355295594e+00,1.3651358249468336e+01,1.8188469661212328e+00,1.3651358249468336e+01,1.3570075015274252e+01,4.3192908895072666e+00,1.3651358249468336e+01,1.3651358249468336e+01,1.0298853157780091e+01,1.3651358249468336e+01,6.6041286909953536e+00,6.5451656501416347e+00,1.3570075015274252e+01,3.4659804592328562e+00,1.3570075015274252e+01,8.0059206503681200e+00,1.3651358249468336e+01,8.9299599053911916e-01,3.4659804592328562e+00,1.3651358249468336e+01,1.3651358249468336e+01,0.0000000000000000e+00,1.3651358249468336e+01,0.0000000000000000e+00,1.0298853157780091e+01,1.3651358249468336e+01,1.3651358249468336e+01,1.3651358249468336e+01,6.5451656501416347e+00,1.8188469661212328e+00,6.5451656501416347e+00,6.5451656501416347e+00,6.5451656501416347e+00,1.3651358249468336e+01,9.9085434786489621e+00,6.5451656501416347e+00,1.3570075015274252e+01,1.3651358249468336e+01,1.0906089659338175e+01,1.0906089659338175e+01,1.0906089659338175e+01,0.0000000000000000e+00,6.6041286909953536e+00,8.0059206503681200e+00,6.6041286909953536e+00,8.0059206503681200e+00,1.3570075015274252e+01,1.3651358249468336e+01,3.4659804592328562e+00,4.3192908895072666e+00,8.0059206503681200e+00,1.0906089659338175e+01,1.3570075015274252e+01,6.5451656501416347e+00,1.3651358249468336e+01,2.6625914639446218e+00,1.3651358249468336e+01,2.6625914639446218e+00,1.1738401790074420e+01,1.0906089659338175e+01,8.0059206503681200e+00,1.1738401790074420e+01,1.8188469661212328e+00,1.3651358249468336e+01,1.3651358249468336e+01,8.9299599053911916e-01,1.0906089659338175e+01,1.0906089659338175e+01,1.3651358249468336e+01,1.3651358249468336e+01,8.0059206503681200e+00,9.9085434786489621e+00,9.9085434786489621e+00,6.6041286909953536e+00,1.3651358249468336e+01,1.1738401790074420e+01,1.1738401790074420e+01,6.6041286909953536e+00,1.3651358249468336e+01,4.3192908895072666e+00,1.3651358249468336e+01,0.0000000000000000e+00,1.0298853157780091e+01,1.0298853157780091e+01,1.3651358249468336e+01,1.3570075015274252e+01,6.6041286909953536e+00,1.3651358249468336e+01,1.3570075015274252e+01,1.0298853157780091e+01,5.0081519355295594e+00,1.3651358249468336e+01,6.5451656501416347e+00,1.3651358249468336e+01,1.3651358249468336e+01,1.3651358249468336e+01,6.5451656501416347e+00,1.0906089659338175e+01,6.6041286909953536e+00,6.5451656501416347e+00,8.0059206503681200e+00,1.3651358249468336e+01,1.3651358249468336e+01,6.6041286909953536e+00,1.3651358249468336e+01,8.0059206503681200e+00,3.4659804592328562e+00,1.3570075015274252e+01,1.3570075015274252e+01,1.3570075015274252e+01,0.0000000000000000e+00,1.3570075015274252e+01,1.0298853157780091e+01,4.3192908895072666e+00,3.4659804592328562e+00,1.0906089659338175e+01,6.6041286909953536e+00,1.3570075015274252e+01,1.3570075015274252e+01,1.3570075015274252e+01,1.8188469661212328e+00,1.3651358249468336e+01,4.3192908895072666e+00,3.4659804592328562e+00,2.6625914639446218e+00,2.6625914639446218e+00,1.0906089659338175e+01,1.1738401790074420e+01,1.0906089659338175e+01,2.6625914639446218e+00,2.6625914639446218e+00,1.3570075015274252e+01,9.9085434786489621e+00,1.3570075015274252e+01,1.3570075015274252e+01,1.3570075015274252e+01,6.6041286909953536e+00,8.0059206503681200e+00,5.0081519355295594e+00,1.0298853157780091e+01,1.3651358249468336e+01,9.9085434786489621e+00,0.0000000000000000e+00,1.3570075015274252e+01,8.0059206503681200e+00,8.0059206503681200e+00,8.0059206503681200e+00,8.0059206503681200e+00,6.5451656501416347e+00,1.3570075015274252e+01,6.5451656501416347e+00,1.0906089659338175e+01,1.3570075015274252e+01,0.0000000000000000e+00,1.3651358249468336e+01,6.5451656501416347e+00,4.3192908895072666e+00,4.3192908895072666e+00,4.3192908895072666e+00,8.9299599053911916e-01,8.9299599053911916e-01,1.3570075015274252e+01,1.3651358249468336e+01,6.5451656501416347e+00,1.3570075015274252e+01,1.3651358249468336e+01,6.5451656501416347e+00,3.4659804592328562e+00,6.5451656501416347e+00,1.0906089659338175e+01,1.3570075015274252e+01,1.3651358249468336e+01,2.6625914639446218e+00,1.3570075015274252e+01,1.1738401790074420e+01,1.8188469661212328e+00,1.0298853157780091e+01,6.6041286909953536e+00,1.3570075015274252e+01,1.3570075015274252e+01,8.9299599053911916e-01,1.3570075015274252e+01,8.9299599053911916e-01,1.3570075015274252e+01,3.4659804592328562e+00,1.3570075015274252e+01,2.6625914639446218e+00,8.0059206503681200e+00,1.3651358249468336e+01,1.3651358249468336e+01,8.0059206503681200e+00,1.1738401790074420e+01,4.3192908895072666e+00,1.8188469661212328e+00,1.3570075015274252e+01,1.1738401790074420e+01,1.0298853157780091e+01,1.0298853157780091e+01,1.1738401790074420e+01,1.1738401790074420e+01,1.3570075015274252e+01,1.3651358249468336e+01,1.0298853157780091e+01,1.3570075015274252e+01,3.4659804592328562e+00,1.3570075015274252e+01,1.0906089659338175e+01,1.1738401790074420e+01,1.3651358249468336e+01,1.1738401790074420e+01,1.3651358249468336e+01,1.1738401790074420e+01,1.1738401790074420e+01,1.1738401790074420e+01,5.0081519355295594e+00,8.0059206503681200e+00,6.5451656501416347e+00,6.6041286909953536e+00,1.1738401790074420e+01,1.3570075015274252e+01,8.9299599053911916e-01,1.3651358249468336e+01,1.3570075015274252e+01,1.0298853157780091e+01,1.0298853157780091e+01,1.0906089659338175e+01,1.3651358249468336e+01,1.0906089659338175e+01,8.0059206503681200e+00,1.3651358249468336e+01,1.3651358249468336e+01,1.3570075015274252e+01,5.0081519355295594e+00,8.0059206503681200e+00,8.0059206503681200e+00,1.0906089659338175e+01,1.3570075015274252e+01,1.1738401790074420e+01,1.1738401790074420e+01,1.1738401790074420e+01,9.9085434786489621e+00,5.0081519355295594e+00,1.1738401790074420e+01,2.6625914639446218e+00,6.6041286909953536e+00,9.9085434786489621e+00,6.6041286909953536e+00,1.0298853157780091e+01,1.3570075015274252e+01,2.6625914639446218e+00,1.3570075015274252e+01,6.6041286909953536e+00,8.0059206503681200e+00,1.3570075015274252e+01,8.0059206503681200e+00,1.0298853157780091e+01,0.0000000000000000e+00,1.3651358249468336e+01,6.5451656501416347e+00,1.3651358249468336e+01,6.6041286909953536e+00,1.3651358249468336e+01,9.9085434786489621e+00,1.3651358249468336e+01,6.5451656501416347e+00,1.1738401790074420e+01,1.0298853157780091e+01,2.6625914639446218e+00,1.0298853157780091e+01,1.3570075015274252e+01,1.1738401790074420e+01,2.6625914639446218e+00,1.1738401790074420e+01,8.0059206503681200e+00,1.1738401790074420e+01,6.5451656501416347e+00,6.6041286909953536e+00,1.0906089659338175e+01,6.5451656501416347e+00,6.5451656501416347e+00,6.6041286909953536e+00,1.3651358249468336e+01,1.3651358249468336e+01,0.0000000000000000e+00,8.9299599053911916e-01,1.3651358249468336e+01,2.6625914639446218e+00,2.6625914639446218e+00,1.0298853157780091e+01,2.6625914639446218e+00,1.1738401790074420e+01,1.1738401790074420e+01,6.6041286909953536e+00,1.0906089659338175e+01,1.8188469661212328e+00,1.3570075015274252e+01,1.0298853157780091e+01,1.0298853157780091e+01,1.1738401790074420e+01,1.0906089659338175e+01,4.3192908895072666e+00,1.1738401790074420e+01,6.6041286909953536e+00,6.6041286909953536e+00,9.9085434786489621e+00,1.0906089659338175e+01,6.6041286909953536e+00,3.4659804592328562e+00,1.3651358249468336e+01,2.6625914639446218e+00,1.3651358249468336e+01,1.3570075015274252e+01,1.0906089659338175e+01,2.6625914639446218e+00,3.4659804592328562e+00,1.1738401790074420e+01,1.3651358249468336e+01,1.1738401790074420e+01,0.0000000000000000e+00,2.6625914639446218e+00,1.0298853157780091e+01,4.3192908895072666e+00,1.0906089659338175e+01,6.5451656501416347e+00,1.0906089659338175e+01,1.0906089659338175e+01,4.3192908895072666e+00,1.3570075015274252e+01,1.8188469661212328e+00,1.3651358249468336e+01,1.0906089659338175e+01,1.3570075015274252e+01,1.3570075015274252e+01,1.3570075015274252e+01,1.3570075015274252e+01,4.3192908895072666e+00,1.3570075015274252e+01,1.1738401790074420e+01,1.0906089659338175e+01,1.8188469661212328e+00,8.0059206503681200e+00,8.0059206503681200e+00,3.4659804592328562e+00,2.6625914639446218e+00,2.6625914639446218e+00,8.9299599053911916e-01,0.0000000000000000e+00,1.1738401790074420e+01,1.3570075015274252e+01,1.3651358249468336e+01,0.0000000000000000e+00,1.3651358249468336e+01,1.3570075015274252e+01,1.3570075015274252e+01,1.3651358249468336e+01,9.9085434786489621e+00,1.0906089659338175e+01,1.8188469661212328e+00,8.0059206503681200e+00,1.0298853157780091e+01,1.0906089659338175e+01,1.0906089659338175e+01,1.3651358249468336e+01,9.9085434786489621e+00,1.1738401790074420e+01,1.0298853157780091e+01,1.0298853157780091e+01,1.1738401790074420e+01,2.6625914639446218e+00,3.4659804592328562e+00,1.0906089659338175e+01,1.0906089659338175e+01,1.1738401790074420e+01,4.3192908895072666e+00,8.0059206503681200e+00,2.6625914639446218e+00,1.3570075015274252e+01,6.5451656501416347e+00,1.0906089659338175e+01,1.1738401790074420e+01,8.0059206503681200e+00,8.9299599053911916e-01,1.1738401790074420e+01,1.1738401790074420e+01,1.3570075015274252e+01,2.6625914639446218e+00,1.0906089659338175e+01,6.5451656501416347e+00,1.1738401790074420e+01,2.6625914639446218e+00,1.1738401790074420e+01,1.1738401790074420e+01,4.3192908895072666e+00,2.6625914639446218e+00,1.3570075015274252e+01,9.9085434786489621e+00,1.1738401790074420e+01,1.1738401790074420e+01,4.3192908895072666e+00,1.8188469661212328e+00,1.1738401790074420e+01,1.1738401790074420e+01,1.1738401790074420e+01,1.1738401790074420e+01,1.0298853157780091e+01,1.0298853157780091e+01,1.1738401790074420e+01,8.9299599053911916e-01,1.1738401790074420e+01,1.1738401790074420e+01,1.3651358249468336e+01,1.1738401790074420e+01,1.1738401790074420e+01,1.1738401790074420e+01,3.4659804592328562e+00,8.9299599053911916e-01,5.0081519355295594e+00,5.0081519355295594e+00,1.3651358249468336e+01,1.3570075015274252e+01,1.3570075015274252e+01,1.8188469661212328e+00,1.3570075015274252e+01,6.6041286909953536e+00,9.9085434786489621e+00,1.1738401790074420e+01,1.0906089659338175e+01,9.9085434786489621e+00,6.6041286909953536e+00,9.9085434786489621e+00,1.1738401790074420e+01,9.9085434786489621e+00,1.3570075015274252e+01,1.1738401790074420e+01,1.1738401790074420e+01,8.0059206503681200e+00,6.5451656501416347e+00,1.8188469661212328e+00,1.3570075015274252e+01,1.8188469661212328e+00,8.9299599053911916e-01,1.0906089659338175e+01,9.9085434786489621e+00,1.0906089659338175e+01,1.3570075015274252e+01,1.1738401790074420e+01,9.9085434786489621e+00,8.9299599053911916e-01,8.9299599053911916e-01,1.0906089659338175e+01,1.3570075015274252e+01,9.9085434786489621e+00,9.9085434786489621e+00,8.9299599053911916e-01,8.0059206503681200e+00,5.0081519355295594e+00,1.3651358249468336e+01,6.5451656501416347e+00,8.0059206503681200e+00,8.0059206503681200e+00,1.0906089659338175e+01,1.3651358249468336e+01,1.3651358249468336e+01,3.4659804592328562e+00,1.3651358249468336e+01,1.0906089659338175e+01,2.6625914639446218e+00,1.8188469661212328e+00,9.9085434786489621e+00,9.9085434786489621e+00,1.3570075015274252e+01,5.0081519355295594e+00,5.0081519355295594e+00,1.3570075015274252e+01,1.3570075015274252e+01,1.3570075015274252e+01,1.0298853157780091e+01,1.3570075015274252e+01,1.1738401790074420e+01,1.3651358249468336e+01,1.1738401790074420e+01,1.3570075015274252e+01,2.6625914639446218e+00,1.3570075015274252e+01,6.5451656501416347e+00,1.3570075015274252e+01,1.3570075015274252e+01,1.3570075015274252e+01,6.5451656501416347e+00,1.0298853157780091e+01,1.0298853157780091e+01,3.4659804592328562e+00,8.9299599053911916e-01,5.0081519355295594e+00,3.4659804592328562e+00,3.4659804592328562e+00,1.0298853157780091e+01,1.3570075015274252e+01,6.5451656501416347e+00,1.1738401790074420e+01,1.3570075015274252e+01,1.1738401790074420e+01,8.9299599053911916e-01,8.0059206503681200e+00,6.5451656501416347e+00,6.5451656501416347e+00,5.0081519355295594e+00,1.8188469661212328e+00,0.0000000000000000e+00,1.3570075015274252e+01,1.3570075015274252e+01,8.0059206503681200e+00,1.3651358249468336e+01,8.9299599053911916e-01,1.3651358249468336e+01,1.8188469661212328e+00,9.9085434786489621e+00,2.6625914639446218e+00,6.5451656501416347e+00,1.3651358249468336e+01,1.3651358249468336e+01,5.0081519355295594e+00,5.0081519355295594e+00,1.0298853157780091e+01,3.4659804592328562e+00,4.3192908895072666e+00,1.3651358249468336e+01,1.3651358249468336e+01,2.6625914639446218e+00,0.0000000000000000e+00,1.3570075015274252e+01,4.3192908895072666e+00,1.3570075015274252e+01,1.3651358249468336e+01,1.3651358249468336e+01,1.3570075015274252e+01,1.3570075015274252e+01,1.3570075015274252e+01,8.0059206503681200e+00,1.0298853157780091e+01,1.3651358249468336e+01,8.0059206503681200e+00,8.0059206503681200e+00,6.5451656501416347e+00,0.0000000000000000e+00,1.1738401790074420e+01,4.3192908895072666e+00,5.0081519355295594e+00,6.6041286909953536e+00,1.0906089659338175e+01,1.0906089659338175e+01,1.3651358249468336e+01,1.3570075015274252e+01,1.1738401790074420e+01,1.1738401790074420e+01,4.3192908895072666e+00,1.3651358249468336e+01,1.3651358249468336e+01,1.3651358249468336e+01,5.0081519355295594e+00,6.6041286909953536e+00,6.6041286909953536e+00,4.3192908895072666e+00,1.1738401790074420e+01,4.3192908895072666e+00,6.6041286909953536e+00,8.0059206503681200e+00,1.1738401790074420e+01,2.6625914639446218e+00,8.0059206503681200e+00,0.0000000000000000e+00,1.1738401790074420e+01,1.3651358249468336e+01,1.3570075015274252e+01,1.3570075015274252e+01,1.0298853157780091e+01,8.9299599053911916e-01,1.3651358249468336e+01,1.3570075015274252e+01,0.0000000000000000e+00,1.0298853157780091e+01,5.0081519355295594e+00,4.3192908895072666e+00,0.0000000000000000e+00,1.3651358249468336e+01,3.4659804592328562e+00,8.0059206503681200e+00,1.3570075015274252e+01,1.0298853157780091e+01,4.3192908895072666e+00,1.3651358249468336e+01,5.0081519355295594e+00,2.6625914639446218e+00,2.6625914639446218e+00,1.3651358249468336e+01,1.3651358249468336e+01,3.4659804592328562e+00,1.0906089659338175e+01,5.0081519355295594e+00,1.1738401790074420e+01,1.3570075015274252e+01,4.3192908895072666e+00,4.3192908895072666e+00,9.9085434786489621e+00,5.0081519355295594e+00,1.3570075015274252e+01,6.6041286909953536e+00,1.3570075015274252e+01,1.3570075015274252e+01,8.9299599053911916e-01,8.9299599053911916e-01,1.3651358249468336e+01,1.1738401790074420e+01,3.4659804592328562e+00,1.0298853157780091e+01,1.1738401790074420e+01,5.0081519355295594e+00,5.0081519355295594e+00,1.1738401790074420e+01,5.0081519355295594e+00,1.1738401790074420e+01,1.1738401790074420e+01,9.9085434786489621e+00,1.1738401790074420e+01,1.3570075015274252e+01,1.1738401790074420e+01,1.0906089659338175e+01,9.9085434786489621e+00,1.1738401790074420e+01,8.0059206503681200e+00,1.1738401790074420e+01,1.3651358249468336e+01,8.9299599053911916e-01,1.3651358249468336e+01,1.3570075015274252e+01,2.6625914639446218e+00,1.3651358249468336e+01,6.6041286909953536e+00,1.3570075015274252e+01,8.0059206503681200e+00,1.1738401790074420e+01,8.0059206503681200e+00,6.5451656501416347e+00,1.3570075015274252e+01,1.3651358249468336e+01,1.1738401790074420e+01,3.4659804592328562e+00,9.9085434786489621e+00,1.3570075015274252e+01,1.3570075015274252e+01,1.8188469661212328e+00,6.5451656501416347e+00,1.1738401790074420e+01,6.5451656501416347e+00,2.6625914639446218e+00,1.0298853157780091e+01,1.1738401790074420e+01,1.0298853157780091e+01,1.1738401790074420e+01,6.5451656501416347e+00,1.0298853157780091e+01,3.4659804592328562e+00,4.3192908895072666e+00,5.0081519355295594e+00,1.3570075015274252e+01,5.0081519355295594e+00,1.0298853157780091e+01,1.0298853157780091e+01,1.0906089659338175e+01,1.0906089659338175e+01,1.8188469661212328e+00,1.0906089659338175e+01,2.6625914639446218e+00,1.0906089659338175e+01,1.0906089659338175e+01,1.0298853157780091e+01,2.6625914639446218e+00,9.9085434786489621e+00,1.0298853157780091e+01,1.0298853157780091e+01,1.0298853157780091e+01,5.0081519355295594e+00,8.0059206503681200e+00,1.1738401790074420e+01,1.3651358249468336e+01,6.5451656501416347e+00,1.0906089659338175e+01,1.1738401790074420e+01,2.6625914639446218e+00,3.4659804592328562e+00,3.4659804592328562e+00,2.6625914639446218e+00,6.6041286909953536e+00,6.5451656501416347e+00,1.3570075015274252e+01,6.5451656501416347e+00,6.5451656501416347e+00,1.3651358249468336e+01,1.3651358249468336e+01,3.4659804592328562e+00,1.1738401790074420e+01,6.6041286909953536e+00,8.0059206503681200e+00,1.8188469661212328e+00,1.8188469661212328e+00,1.3570075015274252e+01,6.6041286909953536e+00,1.0298853157780091e+01,1.3570075015274252e+01,1.3570075015274252e+01,8.0059206503681200e+00,1.1738401790074420e+01,9.9085434786489621e+00,1.0298853157780091e+01,8.0059206503681200e+00,5.0081519355295594e+00,2.6625914639446218e+00,9.9085434786489621e+00,1.0906089659338175e+01,4.3192908895072666e+00,9.9085434786489621e+00,1.3651358249468336e+01,9.9085434786489621e+00,0.0000000000000000e+00,5.0081519355295594e+00,6.6041286909953536e+00,1.3570075015274252e+01,8.0059206503681200e+00,1.3651358249468336e+01,1.3570075015274252e+01,0.0000000000000000e+00,4.3192908895072666e+00,1.0298853157780091e+01,2.6625914639446218e+00,0.0000000000000000e+00,0.0000000000000000e+00,1.0906089659338175e+01,1.3651358249468336e+01,1.3570075015274252e+01,6.5451656501416347e+00,2.6625914639446218e+00,5.0081519355295594e+00,8.9299599053911916e-01,1.0906089659338175e+01,1.3570075015274252e+01,1.1738401790074420e+01,8.9299599053911916e-01,2.6625914639446218e+00,8.9299599053911916e-01,1.3570075015274252e+01,1.0298853157780091e+01,1.3570075015274252e+01,1.3570075015274252e+01,1.0906089659338175e+01,5.0081519355295594e+00,1.3570075015274252e+01,1.3651358249468336e+01,6.6041286909953536e+00,6.6041286909953536e+00,2.6625914639446218e+00,1.0906089659338175e+01,5.0081519355295594e+00,0.0000000000000000e+00,1.0906089659338175e+01,3.4659804592328562e+00,1.3651358249468336e+01,9.9085434786489621e+00,1.1738401790074420e+01,5.0081519355295594e+00,3.4659804592328562e+00,9.9085434786489621e+00,9.9085434786489621e+00,1.1738401790074420e+01,1.8188469661212328e+00,1.1738401790074420e+01,1.1738401790074420e+01,1.3651358249468336e+01,8.0059206503681200e+00,1.3570075015274252e+01,1.0906089659338175e+01,6.6041286909953536e+00,1.3651358249468336e+01,9.9085434786489621e+00,9.9085434786489621e+00,3.4659804592328562e+00,1.8188469661212328e+00,1.3570075015274252e+01,1.3651358249468336e+01,5.0081519355295594e+00,9.9085434786489621e+00,6.5451656501416347e+00,1.3570075015274252e+01,8.0059206503681200e+00,8.0059206503681200e+00,9.9085434786489621e+00,4.3192908895072666e+00,2.6625914639446218e+00,8.9299599053911916e-01,1.3651358249468336e+01,1.1738401790074420e+01,8.0059206503681200e+00
1.0266178998831727e+01,5.2733810064532491e+00,5.2733810064532491e+00,1.0266178998831727e+01,1.4188612899536160e+01,1.0266178998831727e+01,5.2733810064532491e+00,1.4852322020999946e+01,5.2733810064532491e+00,6.8500154855457840e+00,6.8500154855457840e+00,6.8500154855457840e+00,1.0266178998831727e+01,1.4852322020999946e+01,1.0266178998831727e+01,1.4852322020999946e+01,1.4188612899536160e+01,1.0266178998831727e+01,1.0266178998831727e+01,1.7206869948459178e+00,1.7206869948459178e+00,1.7206869948459178e+00,1.4852322020999946e+01,8.9656552056297691e+00,1.4188612899536160e+01,1.1431928458823167e+01,1.1431928458823167e+01,0.0000000000000000e+00,4.6897098485587136e+00,1.0266178998831727e+01,1.7206869948459178e+00,3.5928448007111053e+00,1.4188612899536160e+01,1.4188612899536160e+01,1.4852322020999946e+01,8.3691285708835323e+00,1.1576871241120529e+01,8.6106195697458543e-01,1.7206869948459178e+00,1.4852322020999946e+01,1.4852322020999946e+01,1.4852322020999946e+01,1.1431928458823167e+01,1.4852322020999946e+01,1.7206869948459178e+00,1.7206869948459178e+00,1.1576871241120529e+01,1.4188612899536160e+01,1.1431928458823167e+01,1.4852322020999946e+01,1.1431928458823167e+01,1.4852322020999946e+01,1.4852322020999946e+01,8.6106195697458543e-01,7.3194031493547538e+00,1.7206869948459178e+00,1.4852322020999946e+01,1.4188612899536160e+01,1.7206869948459178e+00,1.7206869948459178e+00,8.6106195697458543e-01,1.4852322020999946e+01,7.3194031493547538e+00,1.0266178998831727e+01,1.0266178998831727e+01,1.0266178998831727e+01,1.0266178998831727e+01,8.3691285708835323e+00,8.3691285708835323e+00,8.3691285708835323e+00,1.4852322020999946e+01,1.1431928458823167e+01,1.0266178998831727e+01,1.0266178998831727e+01,1.0266178998831727e+01,8.9656552056297691e+00,6.8500154855457840e+00,6.8500154855457840e+00,8.9656552056297691e+00,1.4852322020999946e+01,1.4852322020999946e+01,1.4852322020999946e+01,1.4852322020999946e+01,1.7206869948459178e+00,1.4852322020999946e+01,1.4852322020999946e+01,8.3691285708835323e+00,1.1431928458823167e+01,1.7206869948459178e+00,0.0000000000000000e+00,2.7551844823996978e+00,1.7206869948459178e+00,6.8500154855457840e+00,1.0266178998831727e+01,2.7551844823996978e+00,7.3194031493547538e+00,8.6106195697458543e-01,8.3691285708835323e+00,1.4852322020999946e+01,1.4852322020999946e+01,1.4852322020999946e+01,1.4852322020999946e+01,1.4852322020999946e+01,1.1431928458823167e+01,1.4852322020999946e+01,1.1431928458823167e+01,1.4852322020999946e+01,1.4852322020999946e+01,1.4188612899536160e+01,1.0266178998831727e+01,1.1431928458823167e+01,1.1431928458823167e+01,4.6897098485587136e+00,1.1431928458823167e+01,1.1431928458823167e+01,8.6106195697458543e-01,6.8500154855457840e+00,6.8500154855457840e+00,1.1431928458823167e+01,8.3691285708835323e+00,7.3194031493547538e+00,1.1576871241120529e+01,1.1576871241120529e+01,5.2733810064532491e+00,8.3691285708835323e+00,8.3691285708835323e+00,5.2733810064532491e+00,8.6106195697458543e-01,1.4852322020999946e+01,0.0000000000000000e+00,1.7206869948459178e+00,1.0266178998831727e+01,1.4188612899536160e+01,1.0266178998831727e+01,1.4852322020999946e+01,1.1431928458823167e+01,1.1431928458823167e+01,1.0266178998831727e+01,7.3194031493547538e+00,1.4852322020999946e+01,1.4852322020999946e+01,8.9656552056297691e+00,5.2733810064532491e+00,0.0000000000000000e+00,5.2733810064532491e+00,1.1431928458823167e+01,5.2733810064532491e+00,6.8500154855457840e+00,1.4852322020999946e+01,4.6897098485587136e+00,7.3194031493547538e+00,6.8500154855457840e+00,8.3691285708835323e+00,4.6897098485587136e+00,1.0266178998831727e+01,1.0266178998831727e+01,7.3194031493547538e+00,1.4188612899536160e+01,8.3691285708835323e+00,8.3691285708835323e+00,1.0266178998831727e+01,8.9656552056297691e+00,7.3194031493547538e+00,1.4852322020999946e+01,7.3194031493547538e+00,5.2733810064532491e+00,1.0266178998831727e+01,5.2733810064532491e+00,6.8500154855457840e+00,1.4188612899536160e+01,6.8500154855457840e+00,1.4852322020999946e+01,1.4852322020999946e+01,1.4852322020999946e+01,1.4188612899536160e+01,1.4188612899536160e+01,1.4188612899536160e+01,2.7551844823996978e+00,1.4852322020999946e+01,1.4852322020999946e+01,7.3194031493547538e+00,1.4188612899536160e+01,1.4852322020999946e+01,1.4852322020999946e+01,6.8500154855457840e+00,1.1431928458823167e+01,8.9656552056297691e+00,1.0266178998831727e+01,1.1576871241120529e+01,8.3691285708835323e+00,8.9656552056297691e+00,1.7206869948459178e+00,1.4852322020999946e+01,1.4852322020999946e+01,1.7206869948459178e+00,3.5928448007111053e+00,1.4852322020999946e+01,8.6106195697458543e-01,1.7206869948459178e+00,1.4852322020999946e+01,1.4852322020999946e+01,1.4852322020999946e+01,1.1576871241120529e+01,1.7206869948459178e+00,1.4852322020999946e+01,8.3691285708835323e+00,4.6897098485587136e+00,1.7206869948459178e+00,1.1431928458823167e+01,1.4852322020999946e+01,8.9656552056297691e+00,8.9656552056297691e+00,1.4852322020999946e+01,1.4852322020999946e+01,1.4852322020999946e+01,4.6897098485587136e+00,1.4852322020999946e+01,1.4852322020999946e+01,7.3194031493547538e+00,8.9656552056297691e+00,8.9656552056297691e+00,4.6897098485587136e+00,4.6897098485587136e+00,1.4188612899536160e+01,8.9656552056297691e+00,8.9656552056297691e+00,0.0000000000000000e+00,8.9656552056297691e+00,8.9656552056297691e+00,8.9656552056297691e+00,1.0266178998831727e+01,1.4852322020999946e+01,8.9656552056297691e+00,8.9656552056297691e+00,1.0266178998831727e+01,1.1576871241120529e+01,1.4852322020999946e+01,1.0266178998831727e+01,1.1576871241120529e+01,1.1576871241120529e+01,1.4852322020999946e+01,0.0000000000000000e+00,1.7206869948459178e+00,7.3194031493547538e+00,8.9656552056297691e+00,1.0266178998831727e+01,8.9656552056297691e+00,1.0266178998831727e+01,1.0266178998831727e+01,0.0000000000000000e+00,4.6897098485587136e+00,8.9656552056297691e+00,8.9656552056297691e+00,4.6897098485587136e+00,1.4188612899536160e+01,1.7206869948459178e+00,7.3194031493547538e+00,2.7551844823996978e+00,8.9656552056297691e+00,4.6897098485587136e+00,8.9656552056297691e+00,4.6897098485587136e+00,5.2733810064532491e+00,6.8500154855457840e+00,6.8500154855457840e+00,1.4852322020999946e+01,7.3194031493547538e+00,8.6106195697458543e-01,1.4852322020999946e+01,8.9656552056297691e+00,6.8500154855457840e+00,8.9656552056297691e+00,1.4188612899536160e+01,8.3691285708835323e+00,2.7551844823996978e+00,1.4852322020999946e+01,1.1576871241120529e+01,1.4852322020999946e+01,0.0000000000000000e+00,1.1431928458823167e+01,1.1576871241120529e+01,1.1576871241120529e+01,1.4852322020999946e+01,1.4852322020999946e+01,6.8500154855457840e+00,7.3194031493547538e+00,8.9656552056297691e+00,1.4188612899536160e+01,8.9656552056297691e+00,8.9656552056297691e+00,1.4852322020999946e+01,8.9656552056297691e+00,1.4188612899536160e+01,6.8500154855457840e+00,1.1576871241120529e+01,6.8500154855457840e+00,2.7551844823996978e+00,1.4188612899536160e+01,1.0266178998831727e+01,0.0000000000000000e+00,1.0266178998831727e+01,1.0266178998831727e+01,5.2733810064532491e+00,1.4852322020999946e+01,8.9656552056297691e+00,1.7206869948459178e+00,1.4188612899536160e+01,1.1431928458823167e+01,8.9656552056297691e+00,1.4852322020999946e+01,1.4852322020999946e+01,8.6106195697458543e-01,6.8500154855457840e+00,1.4188612899536160e+01,8.3691285708835323e+00,8.6106195697458543e-01,1.4852322020999946e+01,1.4852322020999946e+01,1.4852322020999946e+01,1.4852322020999946e+01,1.1431928458823167e+01,1.0266178998831727e+01,1.0266178998831727e+01,0.0000000000000000e+00,6.8500154855457840e+00,5.2733810064532491e+00,1.4852322020999946e+01,8.6106195697458543e-01,6.8500154855457840e+00,8.6106195697458543e-01,1.4852322020999946e+01,1.7206869948459178e+00,1.4852322020999946e+01,1.4852322020999946e+01,1.0266178998831727e+01,1.4852322020999946e+01,1.4852322020999946e+01,1.4852322020999946e+01,1.4188612899536160e+01,1.1431928458823167e+01,1.1431928458823167e+01,2.7551844823996978e+00,1.4852322020999946e+01,8.9656552056297691e+00,1.4188612899536160e+01,8.6106195697458543e-01,3.5928448007111053e+00,8.9656552056297691e+00,1.7206869948459178e+00,1.4852322020999946e+01,1.7206869948459178e+00,8.9656552056297691e+00,8.9656552056297691e+00,7.3194031493547538e+00,1.1431928458823167e+01,7.3194031493547538e+00,1.0266178998831727e+01,8.6106195697458543e-01,1.4852322020999946e+01,1.4852322020999946e+01,1.4188612899536160e+01,8.3691285708835323e+00,1.1431928458823167e+01,8.9656552056297691e+00,1.1431928458823167e+01,1.4852322020999946e+01,1.0266178998831727e+01,1.7206869948459178e+00,1.4852322020999946e+01,2.7551844823996978e+00,8.6106195697458543e-01,1.4188612899536160e+01,1.4852322020999946e+01,1.4852322020999946e+01,1.7206869948459178e+00,1.0266178998831727e+01,1.0266178998831727e+01,1.1576871241120529e+01,1.0266178998831727e+01,3.5928448007111053e+00,1.1431928458823167e+01,1.4852322020999946e+01,1.4852322020999946e+01,1.4188612899536160e+01,1.1431928458823167e+01,8.6106195697458543e-01,1.4852322020999946e+01,1.1431928458823167e+01,1.4852322020999946e+01,4.6897098485587136e+00,1.4852322020999946e+01,8.6106195697458543e-01,1.1431928458823167e+01,1.7206869948459178e+00,8.9656552056297691e+00,1.4852322020999946e+01,1.4188612899536160e+01,8.9656552056297691e+00,1.1576871241120529e+01,7.3194031493547538e+00,1.1431928458823167e+01,1.4852322020999946e+01,1.0266178998831727e+01,1.0266178998831727e+01,1.4852322020999946e+01,1.0266178998831727e+01,1.4188612899536160e+01,1.0266178998831727e+01,5.2733810064532491e+00,1.4852322020999946e+01,1.4852322020999946e+01,1.0266178998831727e+01,8.9656552056297691e+00,2.7551844823996978e+00,1.4852322020999946e+01,1.7206869948459178e+00,1.1431928458823167e+01,6.8500154855457840e+00,8.3691285708835323e+00,1.1431928458823167e+01,1.4188612899536160e+01,1.1431928458823167e+01,8.3691285708835323e+00,1.4852322020999946e+01,1.4852322020999946e+01,5.2733810064532491e+00,8.6106195697458543e-01,8.6106195697458543e-01,4.6897098485587136e+00,8.3691285708835323e+00,1.4852322020999946e+01,6.8500154855457840e+00,4.6897098485587136e+00,1.7206869948459178e+00,1.4852322020999946e+01,2.7551844823996978e+00,1.4852322020999946e+01,4.6897098485587136e+00,4.6897098485587136e+00,5.2733810064532491e+00,8.3691285708835323e+00,1.0266178998831727e+01,1.1576871241120529e+01,1.0266178998831727e+01,1.4188612899536160e+01,1.4852322020999946e+01,1.4852322020999946e+01,4.6897098485587136e+00,1.1576871241120529e+01,5.2733810064532491e+00,7.3194031493547538e+00,1.1431928458823167e+01,8.9656552056297691e+00,1.1431928458823167e+01,1.1431928458823167e+01,8.3691285708835323e+00,6.8500154855457840e+00,5.2733810064532491e+00,1.1431928458823167e+01,1.4188612899536160e+01,1.0266178998831727e+01,1.1431928458823167e+01,1.4188612899536160e+01,0.0000000000000000e+00,3.5928448007111053e+00,1.4852322020999946e+01,5.2733810064532491e+00,1.4188612899536160e+01,8.6106195697458543e-01,4.6897098485587136e+00,1.4852322020999946e+01,1.4852322020999946e+01,1.1431928458823167e+01,7.3194031493547538e+00,1.4852322020999946e+01,1.4188612899536160e+01,1.4852322020999946e+01,7.3194031493547538e+00,1.4852322020999946e+01,5.2733810064532491e+00,1.4188612899536160e+01,1.4188612899536160e+01,0.0000000000000000e+00,1.4188612899536160e+01,1.4852322020999946e+01,1.7206869948459178e+00,1.1431928458823167e+01,5.2733810064532491e+00,1.4188612899536160e+01,6.8500154855457840e+00,8.6106195697458543e-01,1.1576871241120529e+01,8.6106195697458543e-01,1.1576871241120529e+01,2.7551844823996978e+00,1.1431928458823167e+01,7.3194031493547538e+00,1.1431928458823167e+01,1.1431928458823167e+01,1.1431928458823167e+01,1.1431928458823167e+01,1.0266178998831727e+01,1.4852322020999946e+01,8.9656552056297691e+00,1.1431928458823167e+01,1.1431928458823167e+01,1.1576871241120529e+01,1.1431928458823167e+01,1.4188612899536160e+01,8.9656552056297691e+00,3.5928448007111053e+00,8.9656552056297691e+00,1.4188612899536160e+01,8.9656552056297691e+00,4.6897098485587136e+00,1.4188612899536160e+01,1.4188612899536160e+01,1.4188612899536160e+01,8.9656552056297691e+00,8.9656552056297691e+00,1.1431928458823167e+01,4.6897098485587136e+00,1.4188612899536160e+01,1.4188612899536160e+01,3.5928448007111053e+00,1.1431928458823167e+01,1.4852322020999946e+01,1.4852322020999946e+01,1.4188612899536160e+01,1.1431928458823167e+01,1.1431928458823167e+01,1.4852322020999946e+01,1.4852322020999946e+01,4.6897098485587136e+00,2.7551844823996978e+00,1.4188612899536160e+01,1.4852322020999946e+01,1.1576871241120529e+01,3.5928448007111053e+00,1.4188612899536160e+01,4.6897098485587136e+00,1.4852322020999946e+01,1.1431928458823167e+01,1.7206869948459178e+00,1.4852322020999946e+01,8.9656552056297691e+00,0.0000000000000000e+00,2.7551844823996978e+00,2.7551844823996978e+00,1.4852322020999946e+01,8.9656552056297691e+00,1.0266178998831727e+01,8.9656552056297691e+00,1.1576871241120529e+01,1.1576871241120529e+01,1.4852322020999946e+01,8.6106195697458543e-01,2.7551844823996978e+00,1.4852322020999946e+01,1.4852322020999946e+01,8.9656552056297691e+00,8.3691285708835323e+00,7.3194031493547538e+00,1.1431928458823167e+01,1.0266178998831727e+01,1.4852322020999946e+01,1.7206869948459178e+00,8.3691285708835323e+00,1.4852322020999946e+01,1.4852322020999946e+01,1.4852322020999946e+01,5.2733810064532491e+00,1.4852322020999946e+01,1.4852322020999946e+01,4.6897098485587136e+00,1.1576871241120529e+01,1.1576871241120529e+01,1.1431928458823167e+01,1.1576871241120529e+01,1.7206869948459178e+00,0.0000000000000000e+00,1.1576871241120529e+01,8.3691285708835323e+00,1.4852322020999946e+01,5.2733810064532491e+00,0.0000000000000000e+00,2.7551844823996978e+00,8.9656552056297691e+00,3.5928448007111053e+00,7.3194031493547538e+00,8.3691285708835323e+00,1.4852322020999946e+01,0.0000000000000000e+00,1.1576871241120529e+01,8.9656552056297691e+00,1.4852322020999946e+01,3.5928448007111053e+00,1.1576871241120529e+01,6.8500154855457840e+00,1.0266178998831727e+01,1.1576871241120529e+01,8.3691285708835323e+00,1.4852322020999946e+01,8.3691285708835323e+00,8.3691285708835323e+00,7.3194031493547538e+00,5.2733810064532491e+00,1.4852322020999946e+01,1.4852322020999946e+01,1.0266178998831727e+01,1.0266178998831727e+01,7.3194031493547538e+00,5.2733810064532491e+00,0.0000000000000000e+00,1.4852322020999946e+01,1.4852322020999946e+01,1.1431928458823167e+01,1.1431928458823167e+01,1.1431928458823167e+01,1.1576871241120529e+01,1.1431928458823167e+01,8.9656552056297691e+00,4.6897098485587136e+00,4.6897098485587136e+00,0.0000000000000000e+00,1.1576871241120529e+01,1.4852322020999946e+01,1.4852322020999946e+01,5.2733810064532491e+00,1.0266178998831727e+01,8.9656552056297691e+00,1.1431928458823167e+01,1.1431928458823167e+01,6.8500154855457840e+00,8.3691285708835323e+00,8.6106195697458543e-01,1.1431928458823167e+01,1.4852322020999946e+01,1.1431928458823167e+01,1.1431928458823167e+01,8.6106195697458543e-01,1.7206869948459178e+00,5.2733810064532491e+00,1.4852322020999946e+01,1.1576871241120529e+01,7.3194031493547538e+00,1.0266178998831727e+01,1.1431928458823167e+01,1.1431928458823167e+01,8.9656552056297691e+00,1.1576871241120529e+01,1.1576871241120529e+01,8.3691285708835323e+00,1.4852322020999946e+01,8.6106195697458543e-01,8.6106195697458543e-01,8.9656552056297691e+00,1.1431928458823167e+01,1.1431928458823167e+01,7.3194031493547538e+00,1.4852322020999946e+01,3.5928448007111053e+00,1.4852322020999946e+01,1.0266178998831727e+01,1.4852322020999946e+01,1.1431928458823167e+01,1.1431928458823167e+01,1.4852322020999946e+01,8.9656552056297691e+00,8.9656552056297691e+00,1.4188612899536160e+01,1.4188612899536160e+01,8.3691285708835323e+00,2.7551844823996978e+00,1.0266178998831727e+01,1.4188612899536160e+01,1.1431928458823167e+01,1.1431928458823167e+01,1.1576871241120529e+01,8.9656552056297691e+00,1.1576871241120529e+01,8.9656552056297691e+00,3.5928448007111053e+00,0.0000000000000000e+00,1.1576871241120529e+01,0.0000000000000000e+00,1.1576871241120529e+01,8.9656552056297691e+00,1.1431928458823167e+01,1.4852322020999946e+01,0.0000000000000000e+00,1.4852322020999946e+01,1.1431928458823167e+01,2.7551844823996978e+00,7.3194031493547538e+00,6.8500154855457840e+00,8.3691285708835323e+00,8.3691285708835323e+00,5.2733810064532491e+00,7.3194031493547538e+00,1.4852322020999946e+01,2.7551844823996978e+00,1.4188612899536160e+01,1.4188612899536160e+01,7.3194031493547538e+00,5.2733810064532491e+00,6.8500154855457840e+00,7.3194031493547538e+00,7.3194031493547538e+00,1.1431928458823167e+01,1.4188612899536160e+01,1.4852322020999946e+01,1.4852322020999946e+01,1.0266178998831727e+01,1.4852322020999946e+01,1.1431928458823167e+01,1.1576871241120529e+01,1.4188612899536160e+01,4.6897098485587136e+00,4.6897098485587136e+00,4.6897098485587136e+00,4.6897098485587136e+00,1.4852322020999946e+01,4.6897098485587136e+00,2.7551844823996978e+00,1.4852322020999946e+01,7.3194031493547538e+00,0.0000000000000000e+00,1.0266178998831727e+01,8.3691285708835323e+00,8.3691285708835323e+00,0.0000000000000000e+00,1.7206869948459178e+00,1.0266178998831727e+01,1.0266178998831727e+01,1.0266178998831727e+01,7.3194031493547538e+00,1.1576871241120529e+01,0.0000000000000000e+00,3.5928448007111053e+00,1.4188612899536160e+01,7.3194031493547538e+00,1.0266178998831727e+01,1.0266178998831727e+01,1.0266178998831727e+01,1.1576871241120529e+01,1.4852322020999946e+01,1.4852322020999946e+01,0.0000000000000000e+00,8.3691285708835323e+00,1.4852322020999946e+01,8.9656552056297691e+00,6.8500154855457840e+00,8.9656552056297691e+00,7.3194031493547538e+00,7.3194031493547538e+00,7.3194031493547538e+00,3.5928448007111053e+00,1.1576871241120529e+01,1.4188612899536160e+01,8.6106195697458543e-01,1.4188612899536160e+01,1.1576871241120529e+01,1.1576871241120529e+01,1.4188612899536160e+01,1.4852322020999946e+01,1.1576871241120529e+01,1.0266178998831727e+01,3.5928448007111053e+00,0.0000000000000000e+00,1.7206869948459178e+00,2.7551844823996978e+00,1.1431928458823167e+01,0.0000000000000000e+00,1.1431928458823167e+01,1.1431928458823167e+01,3.5928448007111053e+00,2.7551844823996978e+00,3.5928448007111053e+00,7.3194031493547538e+00,7.3194031493547538e+00,1.0266178998831727e+01,1.4188612899536160e+01,0.0000000000000000e+00,8.6106195697458543e-01,1.0266178998831727e+01,2.7551844823996978e+00,1.7206869948459178e+00,1.4852322020999946e+01,8.6106195697458543e-01,6.8500154855457840e+00,0.0000000000000000e+00,1.0266178998831727e+01,1.4188612899536160e+01,1.4188612899536160e+01,6.8500154855457840e+00,7.3194031493547538e+00,2.7551844823996978e+00,1.4188612899536160e+01,1.4852322020999946e+01,1.7206869948459178e+00,8.9656552056297691e+00,1.4852322020999946e+01,1.4852322020999946e+01,4.6897098485587136e+00,8.3691285708835323e+00,1.0266178998831727e+01,1.1431928458823167e+01,1.1431928458823167e+01,1.0266178998831727e+01,5.2733810064532491e+00,0.0000000000000000e+00,4.6897098485587136e+00,1.1431928458823167e+01,7.3194031493547538e+00,7.3194031493547538e+00,4.6897098485587136e+00,4.6897098485587136e+00,1.0266178998831727e+01,8.9656552056297691e+00,8.9656552056297691e+00,8.9656552056297691e+00,0.0000000000000000e+00,6.8500154855457840e+00,1.1576871241120529e+01,1.1576871241120529e+01,7.3194031493547538e+00,1.4188612899536160e+01,1.1431928458823167e+01,1.7206869948459178e+00,6.8500154855457840e+00,1.1431928458823167e+01,8.9656552056297691e+00,8.9656552056297691e+00,1.1431928458823167e+01,6.8500154855457840e+00,1.4852322020999946e+01,1.1576871241120529e+01,8.6106195697458543e-01,1.1431928458823167e+01,2.7551844823996978e+00,1.0266178998831727e+01,1.4852322020999946e+01,1.1431928458823167e+01,2.7551844823996978e+00,1.4188612899536160e+01,1.1576871241120529e+01,6.8500154855457840e+00,1.1576871241120529e+01,1.0266178998831727e+01,3.5928448007111053e+00,3.5928448007111053e+00,8.6106195697458543e-01,1.4852322020999946e+01,1.4852322020999946e+01,7.3194031493547538e+00,5.2733810064532491e+00,1.0266178998831727e+01,8.9656552056297691e+00,1.7206869948459178e+00,1.1431928458823167e+01,2.7551844823996978e+00,8.9656552056297691e+00,2.7551844823996978e+00,7.3194031493547538e+00,1.4852322020999946e+01,7.3194031493547538e+00,1.1431928458823167e+01,1.4852322020999946e+01,0.0000000000000000e+00,1.0266178998831727e+01,1.4852322020999946e+01,6.8500154855457840e+00,1.0266178998831727e+01,1.4852322020999946e+01,8.3691285708835323e+00,1.4188612899536160e+01,7.3194031493547538e+00,3.5928448007111053e+00,0.0000000000000000e+00,3.5928448007111053e+00,8.3691285708835323e+00,7.3194031493547538e+00,8.9656552056297691e+00,7.3194031493547538e+00,4.6897098485587136e+00,1.4852322020999946e+01,6.8500154855457840e+00,1.4852322020999946e+01,1.4188612899536160e+01,0.0000000000000000e+00,1.1431928458823167e+01,1.0266178998831727e+01,1.4852322020999946e+01,3.5928448007111053e+00,6.8500154855457840e+00,0.0000000000000000e+00,1.0266178998831727e+01,1.1431928458823167e+01,1.1431928458823167e+01,8.6106195697458543e-01,1.4852322020999946e+01,7.3194031493547538e+00,4.6897098485587136e+00,8.6106195697458543e-01,7.3194031493547538e+00,1.4188612899536160e+01,7.3194031493547538e+00,1.1576871241120529e+01,1.1431928458823167e+01,1.1576871241120529e+01,1.0266178998831727e+01,1.1576871241120529e+01,3.5928448007111053e+00,1.4852322020999946e+01,7.3194031493547538e+00,6.8500154855457840e+00,1.7206869948459178e+00,1.4188612899536160e+01,1.1576871241120529e+01,1.1431928458823167e+01,1.1431928458823167e+01,1.1576871241120529e+01,1.0266178998831727e+01,1.1576871241120529e+01,1.1431928458823167e+01,1.4188612899536160e+01,5.2733810064532491e+00,5.2733810064532491e+00,5.2733810064532491e+00,1.1431928458823167e+01,1.4852322020999946e+01,5.2733810064532491e+00,7.3194031493547538e+00,1.7206869948459178e+00,1.1576871241120529e+01,1.1576871241120529e+01,2.7551844823996978e+00,1.7206869948459178e+00,0.0000000000000000e+00,3.5928448007111053e+00,7.3194031493547538e+00,1.1576871241120529e+01,7.3194031493547538e+00,7.3194031493547538e+00,1.1576871241120529e+01,1.1576871241120529e+01,5.2733810064532491e+00,1.0266178998831727e+01,3.5928448007111053e+00,6.8500154855457840e+00,1.0266178998831727e+01,8.6106195697458543e-01,1.4852322020999946e+01,6.8500154855457840e+00,1.4852322020999946e+01,6.8500154855457840e+00,8.6106195697458543e-01,1.4852322020999946e+01,1.4852322020999946e+01,6.8500154855457840e+00,6.8500154855457840e+00,1.4188612899536160e+01,1.1576871241120529e+01,1.1576871241120529e+01,1.1576871241120529e+01,1.1431928458823167e+01,8.9656552056297691e+00,1.0266178998831727e+01,1.4852322020999946e+01,7.3194031493547538e+00,4.6897098485587136e+00,1.0266178998831727e+01,4.6897098485587136e+00,3.5928448007111053e+00,1.4852322020999946e+01,8.3691285708835323e+00,8.3691285708835323e+00,1.4852322020999946e+01,8.3691285708835323e+00,4.6897098485587136e+00,4.6897098485587136e+00,1.7206869948459178e+00,1.4852322020999946e+01,1.4852322020999946e+01,5.2733810064532491e+00,1.4188612899536160e+01,7.3194031493547538e+00,1.4852322020999946e+01,1.4188612899536160e+01,1.0266178998831727e+01,6.8500154855457840e+00,1.4852322020999946e+01,5.2733810064532491e+00,1.0266178998831727e+01,1.4852322020999946e+01,1.1576871241120529e+01,1.4852322020999946e+01,1.4852322020999946e+01,1.1576871241120529e+01
1.1696783788521486e+01,1.6622566484063201e+00,6.4162055494276267e+00,6.4162055494276267e+00,6.4162055494276267e+00,6.4162055494276267e+00,6.4162055494276267e+00,1.4343886447421298e+01,1.2912596518856351e+01,9.4557781716378759e+00,9.9157396226036987e+00,3.6772030388601462e+00,3.6772030388601462e+00,3.6772030388601462e+00,9.2590752708466162e-01,9.4557781716378759e+00,1.2912596518856351e+01,1.2912596518856351e+01,2.8430775113729823e+00,1.1696783788521486e+01,3.6772030388601462e+00,1.2912596518856351e+01,1.2912596518856351e+01,7.5969252481396916e+00,7.5969252481396916e+00,7.5969252481396916e+00,1.2912596518856351e+01,9.4557781716378759e+00,1.2912596518856351e+01,7.5969252481396916e+00,1.2912596518856351e+01,1.4343886447421298e+01,3.6772030388601462e+00,2.8430775113729823e+00,9.9157396226036987e+00,1.2912596518856351e+01,1.2260478181084613e+01,0.0000000000000000e+00,1.4343886447421298e+01,1.2260478181084613e+01,1.2260478181084613e+01,8.4809118783541013e+00,8.4809118783541013e+00,4.9219812547547965e+00,4.9219812547547965e+00,1.1696783788521486e+01,1.2260478181084613e+01,9.9157396226036987e+00,7.5969252481396916e+00,5.6036561488254906e+00,1.1696783788521486e+01,3.6772030388601462e+00,1.4343886447421298e+01,4.9219812547547965e+00,3.6772030388601462e+00,8.4809118783541013e+00,1.2260478181084613e+01,1.2260478181084613e+01,4.9219812547547965e+00,1.2260478181084613e+01,4.9219812547547965e+00,9.4557781716378759e+00,1.2912596518856351e+01,6.4162055494276267e+00,4.9219812547547965e+00,7.5969252481396916e+00,1.4343886447421298e+01,6.4162055494276267e+00,3.6772030388601462e+00,3.6772030388601462e+00,1.4343886447421298e+01,5.6036561488254906e+00,1.4343886447421298e+01,5.6036561488254906e+00,2.8430775113729823e+00,8.4809118783541013e+00,5.6036561488254906e+00,6.4162055494276267e+00,0.0000000000000000e+00,3.6772030388601462e+00,0.0000000000000000e+00,1.4343886447421298e+01,1.4343886447421298e+01,1.2260478181084613e+01,1.1696783788521486e+01,1.2260478181084613e+01,1.2260478181084613e+01,9.4557781716378759e+00,4.9219812547547965e+00,5.6036561488254906e+00,1.2912596518856351e+01,9.4557781716378759e+00,9.4557781716378759e+00,8.4809118783541013e+00,8.4809118783541013e+00,3.6772030388601462e+00,3.6772030388601462e+00,1.1696783788521486e+01,0.0000000000000000e+00,7.5969252481396916e+00,8.4809118783541013e+00,1.1696783788521486e+01,3.6772030388601462e+00,0.0000000000000000e+00,1.2912596518856351e+01,1.4343886447421298e+01,9.9157396226036987e+00,9.2590752708466162e-01,9.9157396226036987e+00,1.1696783788521486e+01,1.2912596518856351e+01,1.2912596518856351e+01,1.1696783788521486e+01,8.4809118783541013e+00,7.5969252481396916e+00,0.0000000000000000e+00,1.2912596518856351e+01,2.8430775113729823e+00,1.2912596518856351e+01,1.2912596518856351e+01,8.4809118783541013e+00,8.4809118783541013e+00,9.4557781716378759e+00,1.2912596518856351e+01,2.8430775113729823e+00,5.6036561488254906e+00,1.4343886447421298e+01,1.1696783788521486e+01,5.6036561488254906e+00,2.8430775113729823e+00,1.1696783788521486e+01,1.2912596518856351e+01,1.2912596518856351e+01,1.1696783788521486e+01,1.2912596518856351e+01,1.2912596518856351e+01,8.4809118783541013e+00,3.6772030388601462e+00,8.4809118783541013e+00,9.2590752708466162e-01,1.1696783788521486e+01,1.1696783788521486e+01,1.1696783788521486e+01,8.4809118783541013e+00,1.1696783788521486e+01,1.2912596518856351e+01,8.4809118783541013e+00,1.4343886447421298e+01,1.1696783788521486e+01,9.9157396226036987e+00,1.2912596518856351e+01,1.2912596518856351e+01,9.4557781716378759e+00,9.2590752708466162e-01,1.2912596518856351e+01,1.2912596518856351e+01,1.4343886447421298e+01,6.4162055494276267e+00,1.2912596518856351e+01,7.5969252481396916e+00,9.9157396226036987e+00,1.6622566484063201e+00,3.6772030388601462e+00,1.2912596518856351e+01,1.6622566484063201e+00,1.2912596518856351e+01,9.9157396226036987e+00,9.9157396226036987e+00,8.4809118783541013e+00,1.4343886447421298e+01,7.5969252481396916e+00,1.4343886447421298e+01,1.4343886447421298e+01,1.4343886447421298e+01,1.4343886447421298e+01,0.0000000000000000e+00,1.2260478181084613e+01,1.4343886447421298e+01,3.6772030388601462e+00,1.4343886447421298e+01,3.6772030388601462e+00,1.2912596518856351e+01,1.4343886447421298e+01,1.6622566484063201e+00,1.2912596518856351e+01,1.4343886447421298e+01,1.1696783788521486e+01,1.2260478181084613e+01,2.8430775113729823e+00,1.6622566484063201e+00,1.4343886447421298e+01,1.4343886447421298e+01,1.6622566484063201e+00,1.1696783788521486e+01,1.1696783788521486e+01,3.6772030388601462e+00,2.8430775113729823e+00,2.8430775113729823e+00,5.6036561488254906e+00,6.4162055494276267e+00,1.4343886447421298e+01,2.8430775113729823e+00,2.8430775113729823e+00,8.4809118783541013e+00,8.4809118783541013e+00,1.4343886447421298e+01,1.1696783788521486e+01,1.4343886447421298e+01,3.6772030388601462e+00,1.1696783788521486e+01,3.6772030388601462e+00,1.4343886447421298e+01,1.4343886447421298e+01,2.8430775113729823e+00,1.1696783788521486e+01,1.4343886447421298e+01,1.4343886447421298e+01,3.6772030388601462e+00,1.1696783788521486e+01,1.1696783788521486e+01,1.1696783788521486e+01,9.2590752708466162e-01,1.4343886447421298e+01,3.6772030388601462e+00,9.9157396226036987e+00,0.0000000000000000e+00,1.2912596518856351e+01,1.4343886447421298e+01,1.4343886447421298e+01,1.2912596518856351e+01,9.9157396226036987e+00,9.9157396226036987e+00,1.2260478181084613e+01,6.4162055494276267e+00,4.9219812547547965e+00,9.9157396226036987e+00,9.9157396226036987e+00,9.9157396226036987e+00,1.2912596518856351e+01,8.4809118783541013e+00,1.4343886447421298e+01,9.9157396226036987e+00,1.4343886447421298e+01,2.8430775113729823e+00,1.2260478181084613e+01,1.1696783788521486e+01,9.4557781716378759e+00,1.2912596518856351e+01,1.4343886447421298e+01,3.6772030388601462e+00,1.2260478181084613e+01,4.9219812547547965e+00,1.2260478181084613e+01,6.4162055494276267e+00,1.4343886447421298e+01,0.0000000000000000e+00,1.2260478181084613e+01,1.1696783788521486e+01,0.0000000000000000e+00,2.8430775113729823e+00,1.4343886447421298e+01,1.4343886447421298e+01,1.4343886447421298e+01,0.0000000000000000e+00,1.4343886447421298e+01,9.4557781716378759e+00,4.9219812547547965e+00,1.4343886447421298e+01,1.4343886447421298e+01,1.2912596518856351e+01,9.4557781716378759e+00,1.4343886447421298e+01,6.4162055494276267e+00,3.6772030388601462e+00,5.6036561488254906e+00,6.4162055494276267e+00,1.2260478181084613e+01,1.2260478181084613e+01,1.2260478181084613e+01,3.6772030388601462e+00,1.4343886447421298e+01,1.4343886447421298e+01,1.4343886447421298e+01,6.4162055494276267e+00,9.2590752708466162e-01,5.6036561488254906e+00,1.4343886447421298e+01,6.4162055494276267e+00,9.4557781716378759e+00,1.4343886447421298e+01,1.4343886447421298e+01,9.2590752708466162e-01,1.4343886447421298e+01,1.4343886447421298e+01,1.4343886447421298e+01,9.2590752708466162e-01,1.2260478181084613e+01,4.9219812547547965e+00,1.4343886447421298e+01,1.1696783788521486e+01,2.8430775113729823e+00,9.4557781716378759e+00,1.4343886447421298e+01,1.1696783788521486e+01,8.4809118783541013e+00,1.4343886447421298e+01,9.2590752708466162e-01,4.9219812547547965e+00,1.4343886447421298e+01,5.6036561488254906e+00,1.1696783788521486e+01,1.1696783788521486e+01,1.4343886447421298e+01,2.8430775113729823e+00,9.2590752708466162e-01,4.9219812547547965e+00,1.6622566484063201e+00,1.4343886447421298e+01,6.4162055494276267e+00,1.4343886447421298e+01,1.2912596518856351e+01,1.1696783788521486e+01,1.2912596518856351e+01,1.4343886447421298e+01,0.0000000000000000e+00,1.1696783788521486e+01,1.1696783788521486e+01,2.8430775113729823e+00,1.1696783788521486e+01,3.6772030388601462e+00,8.4809118783541013e+00,3.6772030388601462e+00,9.4557781716378759e+00,0.0000000000000000e+00,1.2912596518856351e+01,1.2912596518856351e+01,1.2912596518856351e+01,7.5969252481396916e+00,1.4343886447421298e+01,9.4557781716378759e+00,1.4343886447421298e+01,1.6622566484063201e+00,1.2912596518856351e+01,7.5969252481396916e+00,5.6036561488254906e+00,9.9157396226036987e+00,1.1696783788521486e+01,9.2590752708466162e-01,9.2590752708466162e-01,3.6772030388601462e+00,3.6772030388601462e+00,1.4343886447421298e+01,2.8430775113729823e+00,3.6772030388601462e+00,9.9157396226036987e+00,1.2260478181084613e+01,9.4557781716378759e+00,1.1696783788521486e+01,1.4343886447421298e+01,1.1696783788521486e+01,1.6622566484063201e+00,1.2260478181084613e+01,1.2260478181084613e+01,1.1696783788521486e+01,1.1696783788521486e+01,1.1696783788521486e+01,1.1696783788521486e+01,1.2912596518856351e+01,1.2912596518856351e+01,1.4343886447421298e+01,6.4162055494276267e+00,5.6036561488254906e+00,1.2912596518856351e+01,1.1696783788521486e+01,9.4557781716378759e+00,8.4809118783541013e+00,1.4343886447421298e+01,9.2590752708466162e-01,1.1696783788521486e+01,1.1696783788521486e+01,1.2912596518856351e+01,9.4557781716378759e+00,4.9219812547547965e+00,1.2912596518856351e+01,0.0000000000000000e+00,6.4162055494276267e+00,1.1696783788521486e+01,1.1696783788521486e+01,1.1696783788521486e+01,1.1696783788521486e+01,1.2912596518856351e+01,1.2912596518856351e+01,1.4343886447421298e+01,4.9219812547547965e+00,2.8430775113729823e+00,1.2912596518856351e+01,1.1696783788521486e+01,1.2912596518856351e+01,1.2912596518856351e+01,7.5969252481396916e+00,1.2912596518856351e+01,1.2912596518856351e+01,1.1696783788521486e+01,1.1696783788521486e+01,8.4809118783541013e+00,4.9219812547547965e+00,8.4809118783541013e+00,8.4809118783541013e+00,1.2912596518856351e+01,8.4809118783541013e+00,2.8430775113729823e+00,8.4809118783541013e+00,5.6036561488254906e+00,1.4343886447421298e+01,1.4343886447421298e+01,1.6622566484063201e+00,8.4809118783541013e+00,1.4343886447421298e+01,1.2912596518856351e+01,4.9219812547547965e+00,5.6036561488254906e+00,1.4343886447421298e+01,2.8430775113729823e+00,4.9219812547547965e+00,6.4162055494276267e+00,8.4809118783541013e+00,1.4343886447421298e+01,1.4343886447421298e+01,1.4343886447421298e+01,1.1696783788521486e+01,1.4343886447421298e+01,9.2590752708466162e-01,1.1696783788521486e+01,1.4343886447421298e+01,1.1696783788521486e+01,0.0000000000000000e+00,2.8430775113729823e+00,1.4343886447421298e+01,0.0000000000000000e+00,6.4162055494276267e+00,1.4343886447421298e+01,1.1696783788521486e+01,1.4343886447421298e+01,0.0000000000000000e+00,1.1696783788521486e+01,4.9219812547547965e+00,1.6622566484063201e+00,2.8430775113729823e+00,4.9219812547547965e+00,1.2912596518856351e+01,9.4557781716378759e+00,1.4343886447421298e+01,9.9157396226036987e+00,1.1696783788521486e+01,5.6036561488254906e+00,9.9157396226036987e+00,3.6772030388601462e+00,4.9219812547547965e+00,1.2912596518856351e+01,1.2912596518856351e+01,1.4343886447421298e+01,1.4343886447421298e+01,5.6036561488254906e+00,5.6036561488254906e+00,1.4343886447421298e+01,1.2260478181084613e+01,1.2260478181084613e+01,1.2260478181084613e+01,4.9219812547547965e+00,1.2260478181084613e+01,1.1696783788521486e+01,1.4343886447421298e+01,1.4343886447421298e+01,1.4343886447421298e+01,1.4343886447421298e+01,1.4343886447421298e+01,7.5969252481396916e+00,8.4809118783541013e+00,0.0000000000000000e+00,8.4809118783541013e+00,1.4343886447421298e+01,1.6622566484063201e+00,1.2912596518856351e+01,1.2260478181084613e+01,1.2912596518856351e+01,1.2912596518856351e+01,9.9157396226036987e+00,1.1696783788521486e+01,1.2912596518856351e+01,1.4343886447421298e+01,0.0000000000000000e+00,1.2912596518856351e+01,1.2260478181084613e+01,1.2912596518856351e+01,3.6772030388601462e+00,1.2912596518856351e+01,1.2912596518856351e+01,1.2912596518856351e+01,6.4162055494276267e+00,1.2260478181084613e+01,1.2912596518856351e+01,1.2260478181084613e+01,1.4343886447421298e+01,5.6036561488254906e+00,1.6622566484063201e+00,1.4343886447421298e+01,1.2260478181084613e+01,6.4162055494276267e+00,1.4343886447421298e+01,9.4557781716378759e+00,7.5969252481396916e+00,1.2912596518856351e+01,1.2912596518856351e+01,1.4343886447421298e+01,0.0000000000000000e+00,9.4557781716378759e+00,1.4343886447421298e+01,1.2912596518856351e+01,4.9219812547547965e+00,9.2590752708466162e-01,7.5969252481396916e+00,1.4343886447421298e+01,1.2912596518856351e+01,1.1696783788521486e+01,9.4557781716378759e+00,4.9219812547547965e+00,1.4343886447421298e+01,1.2912596518856351e+01,1.2912596518856351e+01,8.4809118783541013e+00,8.4809118783541013e+00,1.4343886447421298e+01,1.2260478181084613e+01,6.4162055494276267e+00,1.2260478181084613e+01,8.4809118783541013e+00,5.6036561488254906e+00,9.9157396226036987e+00,9.9157396226036987e+00,4.9219812547547965e+00,9.9157396226036987e+00,9.4557781716378759e+00,9.2590752708466162e-01,8.4809118783541013e+00,4.9219812547547965e+00,9.9157396226036987e+00,9.9157396226036987e+00,1.2260478181084613e+01,6.4162055494276267e+00,2.8430775113729823e+00,1.2260478181084613e+01,6.4162055494276267e+00,3.6772030388601462e+00,6.4162055494276267e+00,8.4809118783541013e+00,1.4343886447421298e+01,1.4343886447421298e+01,1.1696783788521486e+01,8.4809118783541013e+00,7.5969252481396916e+00,3.6772030388601462e+00,1.4343886447421298e+01,8.4809118783541013e+00,1.4343886447421298e+01,1.4343886447421298e+01,1.1696783788521486e+01,2.8430775113729823e+00,1.1696783788521486e+01,0.0000000000000000e+00,1.1696783788521486e+01,9.9157396226036987e+00,1.2260478181084613e+01,9.9157396226036987e+00,0.0000000000000000e+00,1.2260478181084613e+01,5.6036561488254906e+00,1.4343886447421298e+01,9.9157396226036987e+00,3.6772030388601462e+00,4.9219812547547965e+00,1.1696783788521486e+01,2.8430775113729823e+00,1.1696783788521486e+01,1.2260478181084613e+01,1.6622566484063201e+00,1.6622566484063201e+00,1.1696783788521486e+01,6.4162055494276267e+00,9.4557781716378759e+00,4.9219812547547965e+00,9.4557781716378759e+00,1.2260478181084613e+01,9.9157396226036987e+00,1.1696783788521486e+01,1.6622566484063201e+00,1.2260478181084613e+01,9.4557781716378759e+00,2.8430775113729823e+00,1.2260478181084613e+01,9.4557781716378759e+00,1.2260478181084613e+01,1.2912596518856351e+01,1.2260478181084613e+01,1.4343886447421298e+01,9.4557781716378759e+00,5.6036561488254906e+00,9.2590752708466162e-01,7.5969252481396916e+00,6.4162055494276267e+00,0.0000000000000000e+00,1.2260478181084613e+01,1.4343886447421298e+01,1.1696783788521486e+01,1.6622566484063201e+00,1.6622566484063201e+00,6.4162055494276267e+00,1.1696783788521486e+01,1.2260478181084613e+01,1.1696783788521486e+01,4.9219812547547965e+00,2.8430775113729823e+00,1.2912596518856351e+01,1.2260478181084613e+01,1.2912596518856351e+01,1.2912596518856351e+01,9.9157396226036987e+00,1.1696783788521486e+01,1.6622566484063201e+00,8.4809118783541013e+00,4.9219812547547965e+00,4.9219812547547965e+00,8.4809118783541013e+00,1.4343886447421298e+01,1.4343886447421298e+01,1.4343886447421298e+01,7.5969252481396916e+00,9.9157396226036987e+00,1.4343886447421298e+01,7.5969252481396916e+00,8.4809118783541013e+00,6.4162055494276267e+00,8.4809118783541013e+00,1.2912596518856351e+01,7.5969252481396916e+00,1.2912596518856351e+01,1.1696783788521486e+01,8.4809118783541013e+00,1.6622566484063201e+00,1.2912596518856351e+01,1.1696783788521486e+01,1.2912596518856351e+01,4.9219812547547965e+00,0.0000000000000000e+00,5.6036561488254906e+00,1.6622566484063201e+00,3.6772030388601462e+00,7.5969252481396916e+00,7.5969252481396916e+00,9.2590752708466162e-01,3.6772030388601462e+00,1.1696783788521486e+01,3.6772030388601462e+00,1.1696783788521486e+01,4.9219812547547965e+00,1.2912596518856351e+01,8.4809118783541013e+00,1.4343886447421298e+01,9.4557781716378759e+00,9.4557781716378759e+00,4.9219812547547965e+00,6.4162055494276267e+00,1.4343886447421298e+01,1.4343886447421298e+01,1.2912596518856351e+01,1.4343886447421298e+01,1.2912596518856351e+01,9.2590752708466162e-01,9.4557781716378759e+00,1.2912596518856351e+01,1.4343886447421298e+01,8.4809118783541013e+00,7.5969252481396916e+00,9.4557781716378759e+00,9.4557781716378759e+00,1.1696783788521486e+01,1.4343886447421298e+01,9.9157396226036987e+00,3.6772030388601462e+00,9.9157396226036987e+00,9.9157396226036987e+00,1.2912596518856351e+01,9.9157396226036987e+00,6.4162055494276267e+00,7.5969252481396916e+00,1.4343886447421298e+01,9.4557781716378759e+00,5.6036561488254906e+00,9.4557781716378759e+00,1.2912596518856351e+01,1.2912596518856351e+01,1.2912596518856351e+01,9.4557781716378759e+00,1.2912596518856351e+01,9.9157396226036987e+00,1.2912596518856351e+01,1.4343886447421298e+01,8.4809118783541013e+00,1.1696783788521486e+01,1.6622566484063201e+00,9.9157396226036987e+00,1.2260478181084613e+01,1.2912596518856351e+01,1.4343886447421298e+01,9.9157396226036987e+00,1.4343886447421298e+01,1.2912596518856351e+01,1.1696783788521486e+01,1.2912596518856351e+01,1.2912596518856351e+01,4.9219812547547965e+00,8.4809118783541013e+00,1.2260478181084613e+01,1.1696783788521486e+01,3.6772030388601462e+00,8.4809118783541013e+00,1.2912596518856351e+01,6.4162055494276267e+00,1.1696783788521486e+01,1.2912596518856351e+01,7.5969252481396916e+00,3.6772030388601462e+00,1.4343886447421298e+01,1.2260478181084613e+01,1.4343886447421298e+01,1.4343886447421298e+01,1.4343886447421298e+01,7.5969252481396916e+00,1.2260478181084613e+01,1.2912596518856351e+01,1.2260478181084613e+01,7.5969252481396916e+00,9.4557781716378759e+00,1.2260478181084613e+01,1.1696783788521486e+01,1.1696783788521486e+01,1.2260478181084613e+01,7.5969252481396916e+00,1.4343886447421298e+01,1.4343886447421298e+01,1.4343886447421298e+01,1.4343886447421298e+01,1.1696783788521486e+01,1.2912596518856351e+01,8.4809118783541013e+00,6.4162055494276267e+00,9.4557781716378759e+00,5.6036561488254906e+00,1.2912596518856351e+01,1.2260478181084613e+01,1.2912596518856351e+01,1.2260478181084613e+01,6.4162055494276267e+00,1.4343886447421298e+01,4.9219812547547965e+00,1.2260478181084613e+01,1.2260478181084613e+01,1.6622566484063201e+00,1.2912596518856351e+01,1.1696783788521486e+01,1.1696783788521486e+01,8.4809118783541013e+00,2.8430775113729823e+00,1.4343886447421298e+01,1.2260478181084613e+01,1.1696783788521486e+01,1.2260478181084613e+01,4.9219812547547965e+00,3.6772030388601462e+00,1.2260478181084613e+01,6.4162055494276267e+00,1.6622566484063201e+00,1.2912596518856351e+01,1.2912596518856351e+01,7.5969252481396916e+00,9.4557781716378759e+00,9.4557781716378759e+00,2.8430775113729823e+00,1.2260478181084613e+01,1.4343886447421298e+01,1.4343886447421298e+01,1.1696783788521486e+01,2.8430775113729823e+00,1.4343886447421298e+01,1.2912596518856351e+01,4.9219812547547965e+00,4.9219812547547965e+00,2.8430775113729823e+00,1.2912596518856351e+01,1.4343886447421298e+01,3.6772030388601462e+00,7.5969252481396916e+00,0.0000000000000000e+00,1.2912596518856351e+01,7.5969252481396916e+00,9.2590752708466162e-01,3.6772030388601462e+00,6.4162055494276267e+00,6.4162055494276267e+00,1.2260478181084613e+01,1.2260478181084613e+01,1.1696783788521486e+01,1.4343886447421298e+01,9.4557781716378759e+00,0.0000000000000000e+00,2.8430775113729823e+00,8.4809118783541013e+00,1.2912596518856351e+01,1.2260478181084613e+01,9.9157396226036987e+00,9.2590752708466162e-01,5.6036561488254906e+00,1.2260478181084613e+01,1.4343886447421298e+01,1.4343886447421298e+01,9.2590752708466162e-01,1.1696783788521486e+01,5.6036561488254906e+00,4.9219812547547965e+00,1.4343886447421298e+01,1.4343886447421298e+01,1.4343886447421298e+01,0.0000000000000000e+00,5.6036561488254906e+00,7.5969252481396916e+00,7.5969252481396916e+00,5.6036561488254906e+00,7.5969252481396916e+00,1.2260478181084613e+01,6.4162055494276267e+00,4.9219812547547965e+00,3.6772030388601462e+00,7.5969252481396916e+00,1.1696783788521486e+01,6.4162055494276267e+00,0.0000000000000000e+00,0.0000000000000000e+00,1.2260478181084613e+01,8.4809118783541013e+00,1.4343886447421298e+01,9.4557781716378759e+00,9.4557781716378759e+00,1.2260478181084613e+01,5.6036561488254906e+00,9.9157396226036987e+00,7.5969252481396916e+00,1.2260478181084613e+01,0.0000000000000000e+00,2.8430775113729823e+00,9.2590752708466162e-01,1.2912596518856351e+01,4.9219812547547965e+00,0.0000000000000000e+00,1.2260478181084613e+01,1.2260478181084613e+01,1.1696783788521486e+01,6.4162055494276267e+00,1.2260478181084613e+01,3.6772030388601462e+00,1.1696783788521486e+01,1.2912596518856351e+01,1.2260478181084613e+01,2.8430775113729823e+00,1.1696783788521486e+01,3.6772030388601462e+00,9.2590752708466162e-01,1.4343886447421298e+01,1.1696783788521486e+01,6.4162055494276267e+00,1.1696783788521486e+01,1.2912596518856351e+01,9.9157396226036987e+00,1.2912596518856351e+01,2.8430775113729823e+00,2.8430775113729823e+00,1.2912596518856351e+01,1.2260478181084613e+01,9.4557781716378759e+00,9.4557781716378759e+00,9.4557781716378759e+00,1.4343886447421298e+01,8.4809118783541013e+00,8.4809118783541013e+00,1.2260478181084613e+01,1.6622566484063201e+00,5.6036561488254906e+00,1.2260478181084613e+01,1.2912596518856351e+01,5.6036561488254906e+00,6.4162055494276267e+00,6.4162055494276267e+00,1.2912596518856351e+01,1.2260478181084613e+01,5.6036561488254906e+00,1.2260478181084613e+01,1.2912596518856351e+01,2.8430775113729823e+00,5.6036561488254906e+00,1.2260478181084613e+01,8.4809118783541013e+00,9.9157396226036987e+00,1.2260478181084613e+01,1.2912596518856351e+01,0.0000000000000000e+00,1.2912596518856351e+01,9.4557781716378759e+00,1.6622566484063201e+00,9.4557781716378759e+00,1.2912596518856351e+01,1.2260478181084613e+01,9.2590752708466162e-01,1.1696783788521486e+01,3.6772030388601462e+00,1.2260478181084613e+01,9.2590752708466162e-01,9.4557781716378759e+00,6.4162055494276267e+00,1.2912596518856351e+01,1.4343886447421298e+01,5.6036561488254906e+00,2.8430775113729823e+00,9.9157396226036987e+00,1.2912596518856351e+01,1.2912596518856351e+01,1.2260478181084613e+01,6.4162055494276267e+00,7.5969252481396916e+00,1.2260478181084613e+01,6.4162055494276267e+00,1.2912596518856351e+01,1.2912596518856351e+01,1.2260478181084613e+01,1.2912596518856351e+01,9.9157396226036987e+00,7.5969252481396916e+00,8.4809118783541013e+00,5.6036561488254906e+00,1.4343886447421298e+01,6.4162055494276267e+00,8.4809118783541013e+00,8.4809118783541013e+00,5.6036561488254906e+00,1.2260478181084613e+01,1.2912596518856351e+01,7.5969252481396916e+00,9.4557781716378759e+00,1.2260478181084613e+01,1.2912596518856351e+01,1.2912596518856351e+01,8.4809118783541013e+00,1.2912596518856351e+01,3.6772030388601462e+00,7.5969252481396916e+00,0.0000000000000000e+00,7.5969252481396916e+00,7.5969252481396916e+00,1.6622566484063201e+00,1.2912596518856351e+01,1.1696783788521486e+01,8.4809118783541013e+00,9.4557781716378759e+00,9.4557781716378759e+00,0.0000000000000000e+00,9.9157396226036987e+00,5.6036561488254906e+00,1.1696783788521486e+01,0.0000000000000000e+00,9.2590752708466162e-01,0.0000000000000000e+00,1.1696783788521486e+01,1.1696783788521486e+01,1.4343886447421298e+01,1.2912596518856351e+01,0.0000000000000000e+00,9.9157396226036987e+00,1.2260478181084613e+01,1.1696783788521486e+01,1.4343886447421298e+01,1.1696783788521486e+01,1.1696783788521486e+01,2.8430775113729823e+00,3.6772030388601462e+00,2.8430775113729823e+00,9.4557781716378759e+00,2.8430775113729823e+00,7.5969252481396916e+00,1.2260478181084613e+01,1.6622566484063201e+00,1.4343886447421298e+01,1.4343886447421298e+01,5.6036561488254906e+00
3.7427890142201510e+00,6.3457064527791918e+00,6.3457064527791918e+00,1.3823589185238538e+01,1.2575566182354475e+01,1.2278410326387105e+01,3.7427890142201510e+00,6.3457064527791918e+00,9.9487365371772025e+00,1.0238603730803744e+01,1.2575566182354475e+01,1.2575566182354475e+01,6.0397880416285359e+00,1.2575566182354475e+01,6.3457064527791918e+00,0.0000000000000000e+00,1.2575566182354475e+01,1.1076703129049324e+01,6.3457064527791918e+00,1.1076703129049324e+01,1.1076703129049324e+01,1.2575566182354475e+01,1.2575566182354475e+01,1.2575566182354475e+01,1.2575566182354475e+01,1.2575566182354475e+01,1.2575566182354475e+01,1.2575566182354475e+01,1.2575566182354475e+01,4.7186858633880080e+00,1.2575566182354475e+01,1.2575566182354475e+01,4.7186858633880080e+00,9.9487365371772025e+00,1.2575566182354475e+01,9.9487365371772025e+00,1.1076703129049324e+01,1.1076703129049324e+01,8.0083863237688071e+00,0.0000000000000000e+00,9.9487365371772025e+00,1.3823589185238538e+01,4.7186858633880080e+00,4.7186858633880080e+00,3.7427890142201510e+00,1.7627783757358215e+00,3.7427890142201510e+00,1.1076703129049324e+01,1.2575566182354475e+01,1.7627783757358215e+00,1.2278410326387105e+01,0.0000000000000000e+00,1.2278410326387105e+01,1.3823589185238538e+01,3.7427890142201510e+00,6.0397880416285359e+00,1.2575566182354475e+01,1.0238603730803744e+01,8.0083863237688071e+00,8.0083863237688071e+00,3.7427890142201510e+00,1.3823589185238538e+01,0.0000000000000000e+00,3.7427890142201510e+00,1.3823589185238538e+01,6.0397880416285359e+00,1.3823589185238538e+01,1.3823589185238538e+01,1.3823589185238538e+01,0.0000000000000000e+00,1.7627783757358215e+00,8.0083863237688071e+00,1.7627783757358215e+00,0.0000000000000000e+00,6.3457064527791918e+00,1.2575566182354475e+01,1.2575566182354475e+01,1.7627783757358215e+00,1.2575566182354475e+01,6.3457064527791918e+00,1.1076703129049324e+01,6.0397880416285359e+00,1.1076703129049324e+01,1.2575566182354475e+01,1.2575566182354475e+01,1.0238603730803744e+01,1.2575566182354475e+01,1.2575566182354475e+01,1.2575566182354475e+01,1.2575566182354475e+01,1.2575566182354475e+01,8.0083863237688071e+00,1.2575566182354475e+01,9.9487365371772025e+00,8.0008149326115756e+00,1.2278410326387105e+01,9.9487365371772025e+00,1.7627783757358215e+00,1.2575566182354475e+01,9.3216609466403366e-01,1.2575566182354475e+01,0.0000000000000000e+00,9.3216609466403366e-01,1.2278410326387105e+01,6.3457064527791918e+00,1.3823589185238538e+01,8.0008149326115756e+00,1.7627783757358215e+00,2.6122108304105902e+00,4.7186858633880080e+00,1.2575566182354475e+01,1.2575566182354475e+01,1.0238603730803744e+01,1.7627783757358215e+00,1.2575566182354475e+01,1.2575566182354475e+01,1.0238603730803744e+01,1.2575566182354475e+01,1.2575566182354475e+01,1.2575566182354475e+01,1.3823589185238538e+01,1.2575566182354475e+01,1.3823589185238538e+01,1.3823589185238538e+01,1.2575566182354475e+01,1.3823589185238538e+01,1.2575566182354475e+01,1.2575566182354475e+01,8.0008149326115756e+00,8.0008149326115756e+00,6.3457064527791918e+00,1.3823589185238538e+01,0.0000000000000000e+00,8.0008149326115756e+00,1.2575566182354475e+01,6.3457064527791918e+00,1.2575566182354475e+01,4.7186858633880080e+00,1.1076703129049324e+01,4.7186858633880080e+00,2.6122108304105902e+00,9.3216609466403366e-01,9.3216609466403366e-01,1.7627783757358215e+00,9.3216609466403366e-01,1.2575566182354475e+01,6.3457064527791918e+00,9.3216609466403366e-01,6.3457064527791918e+00,1.2575566182354475e+01,6.0397880416285359e+00,6.0397880416285359e+00,8.0008149326115756e+00,9.3216609466403366e-01,8.0008149326115756e+00,1.7627783757358215e+00,6.0397880416285359e+00,1.7627783757358215e+00,8.0008149326115756e+00,8.0008149326115756e+00,1.2575566182354475e+01,1.2278410326387105e+01,1.7627783757358215e+00,1.2575566182354475e+01,1.2575566182354475e+01,6.3457064527791918e+00,1.7627783757358215e+00,1.3823589185238538e+01,1.2278410326387105e+01,1.2575566182354475e+01,1.2278410326387105e+01,1.7627783757358215e+00,1.2278410326387105e+01,9.3216609466403366e-01,1.2575566182354475e+01,1.2575566182354475e+01,3.7427890142201510e+00,1.3823589185238538e+01,1.3823589185238538e+01,1.2278410326387105e+01,1.0238603730803744e+01,1.3823589185238538e+01,1.3823589185238538e+01,1.2278410326387105e+01,1.2278410326387105e+01,6.0397880416285359e+00,4.7186858633880080e+00,6.3457064527791918e+00,1.2575566182354475e+01,8.0008149326115756e+00,1.2575566182354475e+01,1.2278410326387105e+01,1.0238603730803744e+01,1.2278410326387105e+01,9.3216609466403366e-01,6.3457064527791918e+00,1.2278410326387105e+01,9.3216609466403366e-01,1.2575566182354475e+01,1.2575566182354475e+01,1.2278410326387105e+01,8.0083863237688071e+00,8.0083863237688071e+00,1.0238603730803744e+01,8.0008149326115756e+00,1.2278410326387105e+01,9.9487365371772025e+00,1.2278410326387105e+01,1.3823589185238538e+01,0.0000000000000000e+00,1.3823589185238538e+01,1.3823589185238538e+01,1.2278410326387105e+01,3.7427890142201510e+00,3.7427890142201510e+00,1.2575566182354475e+01,6.3457064527791918e+00,9.9487365371772025e+00,1.1076703129049324e+01,1.0238603730803744e+01,8.0083863237688071e+00,1.2278410326387105e+01,1.2278410326387105e+01,1.2278410326387105e+01,1.2575566182354475e+01,1.7627783757358215e+00,1.3823589185238538e+01,1.2575566182354475e+01,1.3823589185238538e+01,1.2575566182354475e+01,8.0083863237688071e+00,1.3823589185238538e+01,1.3823589185238538e+01,1.2278410326387105e+01,1.2575566182354475e+01,1.3823589185238538e+01,2.6122108304105902e+00,1.2575566182354475e+01,0.0000000000000000e+00,1.2575566182354475e+01,0.0000000000000000e+00,6.3457064527791918e+00,1.2278410326387105e+01,2.6122108304105902e+00,1.2575566182354475e+01,8.0008149326115756e+00,1.7627783757358215e+00,6.3457064527791918e+00,6.3457064527791918e+00,1.3823589185238538e+01,1.2575566182354475e+01,1.2575566182354475e+01,1.0238603730803744e+01,1.0238603730803744e+01,0.0000000000000000e+00,4.7186858633880080e+00,6.3457064527791918e+00,6.3457064527791918e+00,1.2575566182354475e+01,1.2575566182354475e+01,8.0008149326115756e+00,8.0008149326115756e+00,1.1076703129049324e+01,1.0238603730803744e+01,6.3457064527791918e+00,1.0238603730803744e+01,1.2575566182354475e+01,1.2575566182354475e+01,1.1076703129049324e+01,6.0397880416285359e+00,1.0238603730803744e+01,1.2575566182354475e+01,6.0397880416285359e+00,9.9487365371772025e+00,8.0083863237688071e+00,4.7186858633880080e+00,6.0397880416285359e+00,1.2575566182354475e+01,9.9487365371772025e+00,4.7186858633880080e+00,1.3823589185238538e+01,1.3823589185238538e+01,2.6122108304105902e+00,9.9487365371772025e+00,1.2575566182354475e+01,1.3823589185238538e+01,9.3216609466403366e-01,1.2278410326387105e+01,1.1076703129049324e+01,1.2575566182354475e+01,8.0008149326115756e+00,4.7186858633880080e+00,9.3216609466403366e-01,1.2575566182354475e+01,1.2575566182354475e+01,1.2278410326387105e+01,1.7627783757358215e+00,9.9487365371772025e+00,1.2575566182354475e+01,1.2575566182354475e+01,9.9487365371772025e+00,0.0000000000000000e+00,1.2278410326387105e+01,4.7186858633880080e+00,1.2278410326387105e+01,1.2278410326387105e+01,1.3823589185238538e+01,1.2575566182354475e+01,1.2575566182354475e+01,6.3457064527791918e+00,1.2278410326387105e+01,9.9487365371772025e+00,1.3823589185238538e+01,2.6122108304105902e+00,9.9487365371772025e+00,9.9487365371772025e+00,6.3457064527791918e+00,0.0000000000000000e+00,1.2575566182354475e+01,1.1076703129049324e+01,9.9487365371772025e+00,1.2575566182354475e+01,9.9487365371772025e+00,4.7186858633880080e+00,1.2575566182354475e+01,1.1076703129049324e+01,9.3216609466403366e-01,2.6122108304105902e+00,1.2278410326387105e+01,1.2575566182354475e+01,1.1076703129049324e+01,1.2278410326387105e+01,8.0083863237688071e+00,6.0397880416285359e+00,3.7427890142201510e+00,9.9487365371772025e+00,1.2278410326387105e+01,9.9487365371772025e+00,1.3823589185238538e+01,1.2278410326387105e+01,6.3457064527791918e+00,6.3457064527791918e+00,6.3457064527791918e+00,1.2278410326387105e+01,2.6122108304105902e+00,6.3457064527791918e+00,1.2278410326387105e+01,1.2278410326387105e+01,1.0238603730803744e+01,9.9487365371772025e+00,9.9487365371772025e+00,9.9487365371772025e+00,8.0083863237688071e+00,1.3823589185238538e+01,1.2575566182354475e+01,1.3823589185238538e+01,1.3823589185238538e+01,3.7427890142201510e+00,4.7186858633880080e+00,1.1076703129049324e+01,8.0008149326115756e+00,1.3823589185238538e+01,4.7186858633880080e+00,1.2575566182354475e+01,1.2575566182354475e+01,3.7427890142201510e+00,1.2278410326387105e+01,1.0238603730803744e+01,6.3457064527791918e+00,9.9487365371772025e+00,1.1076703129049324e+01,1.1076703129049324e+01,1.3823589185238538e+01,2.6122108304105902e+00,9.9487365371772025e+00,4.7186858633880080e+00,1.2278410326387105e+01,6.0397880416285359e+00,6.3457064527791918e+00,1.0238603730803744e+01,4.7186858633880080e+00,1.0238603730803744e+01,1.2575566182354475e+01,1.2575566182354475e+01,1.0238603730803744e+01,1.2575566182354475e+01,1.1076703129049324e+01,2.6122108304105902e+00,6.3457064527791918e+00,1.1076703129049324e+01,9.9487365371772025e+00,4.7186858633880080e+00,1.1076703129049324e+01,8.0008149326115756e+00,1.3823589185238538e+01,1.0238603730803744e+01,4.7186858633880080e+00,1.3823589185238538e+01,4.7186858633880080e+00,1.2575566182354475e+01,1.2575566182354475e+01,1.3823589185238538e+01,1.3823589185238538e+01,1.1076703129049324e+01,4.7186858633880080e+00,2.6122108304105902e+00,1.0238603730803744e+01,2.6122108304105902e+00,6.0397880416285359e+00,1.3823589185238538e+01,1.2575566182354475e+01,1.2575566182354475e+01,1.0238603730803744e+01,1.3823589185238538e+01,4.7186858633880080e+00,3.7427890142201510e+00,9.9487365371772025e+00,2.6122108304105902e+00,6.0397880416285359e+00,1.2278410326387105e+01,1.2278410326387105e+01,4.7186858633880080e+00,2.6122108304105902e+00,1.0238603730803744e+01,1.2278410326387105e+01,9.3216609466403366e-01,9.3216609466403366e-01,1.2278410326387105e+01,1.2278410326387105e+01,1.2278410326387105e+01,1.1076703129049324e+01,1.3823589185238538e+01,1.2575566182354475e+01,8.0083863237688071e+00,9.9487365371772025e+00,1.7627783757358215e+00,1.2575566182354475e+01,1.1076703129049324e+01,1.3823589185238538e+01,1.3823589185238538e+01,1.2575566182354475e+01,1.3823589185238538e+01,1.2575566182354475e+01,1.3823589185238538e+01,6.0397880416285359e+00,1.3823589185238538e+01,1.2278410326387105e+01,1.2278410326387105e+01,1.3823589185238538e+01,1.2278410326387105e+01,9.9487365371772025e+00,6.3457064527791918e+00,0.0000000000000000e+00,1.3823589185238538e+01,1.3823589185238538e+01,1.3823589185238538e+01,9.9487365371772025e+00,9.9487365371772025e+00,1.3823589185238538e+01,8.0008149326115756e+00,1.2575566182354475e+01,1.2575566182354475e+01,1.2278410326387105e+01,3.7427890142201510e+00,9.9487365371772025e+00,1.3823589185238538e+01,9.9487365371772025e+00,1.7627783757358215e+00,1.1076703129049324e+01,1.2575566182354475e+01,1.3823589185238538e+01,1.3823589185238538e+01,1.3823589185238538e+01,9.3216609466403366e-01,8.0083863237688071e+00,1.2575566182354475e+01,9.9487365371772025e+00,6.3457064527791918e+00,1.2278410326387105e+01,1.0238603730803744e+01,8.0083863237688071e+00,1.2278410326387105e+01,8.0083863237688071e+00,9.3216609466403366e-01,9.9487365371772025e+00,9.9487365371772025e+00,6.3457064527791918e+00,1.7627783757358215e+00,8.0083863237688071e+00,1.0238603730803744e+01,1.0238603730803744e+01,1.0238603730803744e+01,1.7627783757358215e+00,1.2278410326387105e+01,1.2575566182354475e+01,1.2278410326387105e+01,1.3823589185238538e+01,8.0083863237688071e+00,1.2575566182354475e+01,1.0238603730803744e+01,8.0083863237688071e+00,8.0008149326115756e+00,1.0238603730803744e+01,1.3823589185238538e+01,1.2575566182354475e+01,1.0238603730803744e+01,1.2575566182354475e+01,1.2575566182354475e+01,1.2575566182354475e+01,6.3457064527791918e+00,1.3823589185238538e+01,1.2575566182354475e+01,2.6122108304105902e+00,1.0238603730803744e+01,1.2278410326387105e+01,3.7427890142201510e+00,1.2575566182354475e+01,1.2575566182354475e+01,8.0008149326115756e+00,1.0238603730803744e+01,1.3823589185238538e+01,3.7427890142201510e+00,1.3823589185238538e+01,1.3823589185238538e+01,9.3216609466403366e-01,1.3823589185238538e+01,1.2278410326387105e+01,1.2575566182354475e+01,6.3457064527791918e+00,1.3823589185238538e+01,1.3823589185238538e+01,1.2575566182354475e+01,1.3823589185238538e+01,9.3216609466403366e-01,1.2575566182354475e+01,4.7186858633880080e+00,8.0083863237688071e+00,1.2575566182354475e+01,1.2575566182354475e+01,3.7427890142201510e+00,1.3823589185238538e+01,1.3823589185238538e+01,1.1076703129049324e+01,1.2278410326387105e+01,9.3216609466403366e-01,6.3457064527791918e+00,9.3216609466403366e-01,1.2575566182354475e+01,1.3823589185238538e+01,1.3823589185238538e+01,8.0008149326115756e+00,1.2278410326387105e+01,1.2575566182354475e+01,1.0238603730803744e+01,1.3823589185238538e+01,1.3823589185238538e+01,1.1076703129049324e+01,1.0238603730803744e+01,1.1076703129049324e+01,1.3823589185238538e+01,1.2575566182354475e+01,2.6122108304105902e+00,6.3457064527791918e+00,1.7627783757358215e+00,8.0008149326115756e+00,6.3457064527791918e+00,1.7627783757358215e+00,1.1076703129049324e+01,1.1076703129049324e+01,0.0000000000000000e+00,1.2278410326387105e+01,1.7627783757358215e+00,1.1076703129049324e+01,1.2278410326387105e+01,1.3823589185238538e+01,1.1076703129049324e+01,1.2575566182354475e+01,8.0008149326115756e+00,1.3823589185238538e+01,1.7627783757358215e+00,1.2575566182354475e+01,6.3457064527791918e+00,1.3823589185238538e+01,1.3823589185238538e+01,1.3823589185238538e+01,1.7627783757358215e+00,1.2278410326387105e+01,1.2278410326387105e+01,1.2278410326387105e+01,6.0397880416285359e+00,0.0000000000000000e+00,1.2278410326387105e+01,1.2278410326387105e+01,1.7627783757358215e+00,1.2575566182354475e+01,6.0397880416285359e+00,1.2575566182354475e+01,9.3216609466403366e-01,1.3823589185238538e+01,9.9487365371772025e+00,2.6122108304105902e+00,9.9487365371772025e+00,1.2278410326387105e+01,6.3457064527791918e+00,1.2278410326387105e+01,1.1076703129049324e+01,9.9487365371772025e+00,6.3457064527791918e+00,1.1076703129049324e+01,1.1076703129049324e+01,1.1076703129049324e+01,3.7427890142201510e+00,1.2278410326387105e+01,1.2575566182354475e+01,6.3457064527791918e+00,3.7427890142201510e+00,2.6122108304105902e+00,3.7427890142201510e+00,1.1076703129049324e+01,1.2575566182354475e+01,3.7427890142201510e+00,1.2278410326387105e+01,1.2278410326387105e+01,6.0397880416285359e+00,1.2278410326387105e+01,1.0238603730803744e+01,1.2575566182354475e+01,1.1076703129049324e+01,1.1076703129049324e+01,4.7186858633880080e+00,1.7627783757358215e+00,1.1076703129049324e+01,1.2575566182354475e+01,1.2278410326387105e+01,1.0238603730803744e+01,3.7427890142201510e+00,1.7627783757358215e+00,1.2278410326387105e+01,1.3823589185238538e+01,1.2575566182354475e+01,6.3457064527791918e+00,1.2278410326387105e+01,1.2278410326387105e+01,0.0000000000000000e+00,1.0238603730803744e+01,1.2278410326387105e+01,1.0238603730803744e+01,1.0238603730803744e+01,3.7427890142201510e+00,9.3216609466403366e-01,1.0238603730803744e+01,1.3823589185238538e+01,3.7427890142201510e+00,1.0238603730803744e+01,9.3216609466403366e-01,1.2575566182354475e+01,1.0238603730803744e+01,1.3823589185238538e+01,6.0397880416285359e+00,1.7627783757358215e+00,4.7186858633880080e+00,1.3823589185238538e+01,1.2575566182354475e+01,4.7186858633880080e+00,1.3823589185238538e+01,1.3823589185238538e+01,1.0238603730803744e+01,1.2278410326387105e+01,1.2278410326387105e+01,4.7186858633880080e+00,0.0000000000000000e+00,1.3823589185238538e+01,1.2278410326387105e+01,1.3823589185238538e+01,9.3216609466403366e-01,1.0238603730803744e+01,1.0238603730803744e+01,1.2278410326387105e+01,1.1076703129049324e+01,1.2575566182354475e+01,4.7186858633880080e+00,9.3216609466403366e-01,1.2278410326387105e+01,1.2278410326387105e+01,3.7427890142201510e+00,1.2278410326387105e+01,3.7427890142201510e+00,9.9487365371772025e+00,1.2575566182354475e+01,3.7427890142201510e+00,1.1076703129049324e+01,8.0008149326115756e+00,1.1076703129049324e+01,1.3823589185238538e+01,1.3823589185238538e+01,1.2575566182354475e+01,9.9487365371772025e+00,1.2575566182354475e+01,8.0083863237688071e+00,1.2575566182354475e+01,1.2278410326387105e+01,9.9487365371772025e+00,1.2278410326387105e+01,1.2575566182354475e+01,8.0083863237688071e+00,3.7427890142201510e+00,1.3823589185238538e+01,6.3457064527791918e+00,1.3823589185238538e+01,1.0238603730803744e+01,8.0083863237688071e+00,1.2575566182354475e+01,3.7427890142201510e+00,1.2278410326387105e+01,1.2575566182354475e+01,8.0008149326115756e+00,1.2575566182354475e+01,1.2278410326387105e+01,8.0008149326115756e+00,9.9487365371772025e+00,8.0008149326115756e+00,8.0008149326115756e+00,1.2278410326387105e+01,3.7427890142201510e+00,6.0397880416285359e+00,0.0000000000000000e+00,1.2575566182354475e+01,6.0397880416285359e+00,1.1076703129049324e+01,1.1076703129049324e+01,1.1076703129049324e+01,1.3823589185238538e+01,8.0008149326115756e+00,1.3823589185238538e+01,8.0083863237688071e+00,1.0238603730803744e+01,6.0397880416285359e+00,1.2278410326387105e+01,1.2278410326387105e+01,1.3823589185238538e+01,1.2278410326387105e+01,1.3823589185238538e+01,1.3823589185238538e+01,1.2278410326387105e+01,1.1076703129049324e+01,6.3457064527791918e+00,1.1076703129049324e+01,1.3823589185238538e+01,1.3823589185238538e+01,0.0000000000000000e+00,1.3823589185238538e+01,1.2575566182354475e+01,1.1076703129049324e+01,9.3216609466403366e-01,9.9487365371772025e+00,4.7186858633880080e+00,1.3823589185238538e+01,1.3823589185238538e+01,1.3823589185238538e+01,1.3823589185238538e+01,1.0238603730803744e+01,1.0238603730803744e+01,1.2575566182354475e+01,9.9487365371772025e+00,1.2575566182354475e+01,1.0238603730803744e+01,1.2278410326387105e+01,2.6122108304105902e+00,1.2278410326387105e+01,8.0008149326115756e+00,1.2278410326387105e+01,1.1076703129049324e+01,1.2575566182354475e+01,1.1076703129049324e+01,1.7627783757358215e+00,1.2575566182354475e+01,8.0008149326115756e+00,1.1076703129049324e+01,1.0238603730803744e+01,6.0397880416285359e+00,1.2575566182354475e+01,1.2575566182354475e+01,8.0083863237688071e+00,6.0397880416285359e+00,1.2278410326387105e+01,8.0083863237688071e+00,1.2575566182354475e+01,8.0008149326115756e+00,1.2278410326387105e+01,1.1076703129049324e+01,1.2575566182354475e+01,1.2575566182354475e+01,1.2278410326387105e+01,6.3457064527791918e+00,1.1076703129049324e+01,6.3457064527791918e+00,1.2278410326387105e+01,6.3457064527791918e+00,1.2278410326387105e+01,1.3823589185238538e+01,1.3823589185238538e+01,9.9487365371772025e+00,1.2575566182354475e+01,1.3823589185238538e+01,9.9487365371772025e+00,1.2278410326387105e+01,1.1076703129049324e+01,6.0397880416285359e+00,3.7427890142201510e+00,1.1076703129049324e+01,1.1076703129049324e+01,0.0000000000000000e+00,8.0083863237688071e+00,1.2575566182354475e+01,1.3823589185238538e+01,1.1076703129049324e+01,6.0397880416285359e+00,8.0083863237688071e+00,1.1076703129049324e+01,9.9487365371772025e+00,1.1076703129049324e+01,6.3457064527791918e+00,8.0083863237688071e+00,1.7627783757358215e+00,6.0397880416285359e+00,1.3823589185238538e+01,1.2278410326387105e+01,1.2278410326387105e+01,1.2278410326387105e+01,9.9487365371772025e+00,1.2575566182354475e+01,9.9487365371772025e+00,2.6122108304105902e+00,1.2575566182354475e+01,6.0397880416285359e+00,1.3823589185238538e+01,9.3216609466403366e-01,1.2278410326387105e+01,1.3823589185238538e+01,9.9487365371772025e+00,9.9487365371772025e+00,1.3823589185238538e+01,1.2278410326387105e+01,8.0083863237688071e+00,1.2575566182354475e+01,1.0238603730803744e+01,6.0397880416285359e+00,6.3457064527791918e+00,1.1076703129049324e+01,9.3216609466403366e-01,1.3823589185238538e+01,8.0008149326115756e+00,1.3823589185238538e+01,3.7427890142201510e+00,6.3457064527791918e+00,2.6122108304105902e+00,2.6122108304105902e+00,1.2575566182354475e+01,1.2575566182354475e+01,1.3823589185238538e+01,9.3216609466403366e-01,1.3823589185238538e+01,1.1076703129049324e+01,1.2575566182354475e+01,1.7627783757358215e+00,1.0238603730803744e+01,1.3823589185238538e+01,1.0238603730803744e+01,1.2278410326387105e+01,6.3457064527791918e+00,1.2278410326387105e+01,8.0008149326115756e+00,1.7627783757358215e+00,6.3457064527791918e+00,3.7427890142201510e+00,6.0397880416285359e+00,1.7627783757358215e+00,1.1076703129049324e+01,1.0238603730803744e+01,6.3457064527791918e+00,1.3823589185238538e+01,1.2575566182354475e+01,1.3823589185238538e+01,6.3457064527791918e+00,1.2278410326387105e+01,3.7427890142201510e+00,1.0238603730803744e+01,1.2575566182354475e+01,1.0238603730803744e+01,9.3216609466403366e-01,1.2575566182354475e+01,1.2575566182354475e+01,1.2575566182354475e+01,1.2575566182354475e+01,1.3823589185238538e+01,1.3823589185238538e+01,2.6122108304105902e+00,2.6122108304105902e+00,9.9487365371772025e+00,9.9487365371772025e+00,3.7427890142201510e+00,1.2575566182354475e+01,9.9487365371772025e+00,1.2278410326387105e+01,2.6122108304105902e+00,0.0000000000000000e+00,1.2575566182354475e+01,6.3457064527791918e+00,1.7627783757358215e+00,8.0008149326115756e+00,9.9487365371772025e+00,1.2575566182354475e+01,3.7427890142201510e+00,6.3457064527791918e+00,0.0000000000000000e+00,1.2575566182354475e+01,1.2575566182354475e+01,6.3457064527791918e+00,1.2575566182354475e+01,1.2575566182354475e+01,1.2575566182354475e+01,9.3216609466403366e-01,1.2575566182354475e+01,9.9487365371772025e+00,1.3823589185238538e+01,1.3823589185238538e+01,1.3823589185238538e+01,1.2575566182354475e+01,3.7427890142201510e+00,1.2575566182354475e+01,1.3823589185238538e+01,1.3823589185238538e+01,1.3823589185238538e+01,1.3823589185238538e+01,1.1076703129049324e+01,9.9487365371772025e+00,1.2575566182354475e+01,3.7427890142201510e+00,8.0083863237688071e+00,1.2575566182354475e+01,1.2575566182354475e+01,1.1076703129049324e+01,1.0238603730803744e+01,8.0083863237688071e+00,1.7627783757358215e+00,1.1076703129049324e+01,3.7427890142201510e+00,1.7627783757358215e+00,8.0083863237688071e+00,1.1076703129049324e+01,8.0083863237688071e+00,9.3216609466403366e-01,1.2575566182354475e+01,8.0083863237688071e+00,1.2575566182354475e+01,1.2575566182354475e+01,1.2575566182354475e+01,1.2278410326387105e+01,1.2575566182354475e+01,9.9487365371772025e+00,2.6122108304105902e+00,1.2575566182354475e+01,1.2575566182354475e+01,6.3457064527791918e+00,1.2575566182354475e+01,8.0083863237688071e+00,1.3823589185238538e+01,1.3823589185238538e+01,1.3823589185238538e+01,1.3823589185238538e+01,8.0008149326115756e+00,1.3823589185238538e+01,8.0008149326115756e+00,1.3823589185238538e+01,1.2575566182354475e+01,3.7427890142201510e+00,8.0083863237688071e+00,8.0083863237688071e+00,1.1076703129049324e+01,1.2278410326387105e+01,8.0083863237688071e+00,8.0083863237688071e+00,8.0008149326115756e+00,1.3823589185238538e+01,1.2575566182354475e+01,1.3823589185238538e+01,6.0397880416285359e+00,8.0083863237688071e+00,1.0238603730803744e+01,1.0238603730803744e+01,1.3823589185238538e+01,0.0000000000000000e+00,1.2278410326387105e+01,1.3823589185238538e+01,9.9487365371772025e+00,1.2278410326387105e+01,1.3823589185238538e+01,1.2278410326387105e+01,1.2278410326387105e+01,1.2575566182354475e+01
1.8240466795447461e+00,5.5883668156101480e+00,8.4672070576157488e+00,8.4672070576157488e+00,8.4672070576157488e+00,5.5883668156101480e+00,5.5883668156101480e+00,7.3913861487353474e+00,9.4579221787614964e-01,7.3913861487353474e+00,7.3913861487353474e+00,4.5446670351564435e+00,5.5883668156101480e+00,4.5446670351564435e+00,4.5446670351564435e+00,1.1983310116744581e+01,4.5446670351564435e+00,4.5446670351564435e+00,8.4672070576157488e+00,8.4672070576157488e+00,1.1715601537617202e+01,5.5883668156101480e+00,8.6347498060255301e+00,8.4672070576157488e+00,8.6347498060255301e+00,2.7885076135827518e+00,5.5883668156101480e+00,5.5883668156101480e+00,1.1983310116744581e+01,1.3143045879462967e+01,1.8240466795447461e+00,1.3143045879462967e+01,1.1715601537617202e+01,5.5883668156101480e+00,1.3143045879462967e+01,1.0921057840351338e+01,3.8683648745371224e+00,5.5883668156101480e+00,1.3143045879462967e+01,8.6347498060255301e+00,5.5883668156101480e+00,5.5883668156101480e+00,3.8683648745371224e+00,5.5883668156101480e+00,1.3143045879462967e+01,8.6347498060255301e+00,8.6347498060255301e+00,1.3143045879462967e+01,5.5883668156101480e+00,8.6347498060255301e+00,1.0921057840351338e+01,9.4579221787614964e-01,4.5446670351564435e+00,2.7885076135827518e+00,1.3143045879462967e+01,1.3143045879462967e+01,6.4184530979770322e+00,5.5883668156101480e+00,0.0000000000000000e+00,6.4184530979770322e+00,8.4672070576157488e+00,3.8683648745371224e+00,3.8683648745371224e+00,1.1715601537617202e+01,7.3913861487353474e+00,8.6347498060255301e+00,1.0921057840351338e+01,5.5883668156101480e+00,0.0000000000000000e+00,4.5446670351564435e+00,4.5446670351564435e+00,1.3143045879462967e+01,4.5446670351564435e+00,8.4672070576157488e+00,1.0921057840351338e+01,3.8683648745371224e+00,8.4672070576157488e+00,5.5883668156101480e+00,1.3143045879462967e+01,8.4672070576157488e+00,1.0921057840351338e+01,1.0921057840351338e+01,0.0000000000000000e+00,1.1715601537617202e+01,4.5446670351564435e+00,1.0921057840351338e+01,7.3913861487353474e+00,8.6347498060255301e+00,1.0921057840351338e+01,1.0921057840351338e+01,7.3913861487353474e+00,1.0921057840351338e+01,0.0000000000000000e+00,5.5883668156101480e+00,5.5883668156101480e+00,5.5883668156101480e+00,7.3913861487353474e+00,5.5883668156101480e+00,2.7885076135827518e+00,2.7885076135827518e+00,1.1715601537617202e+01,1.1715601537617202e+01,1.1715601537617202e+01,2.7885076135827518e+00,1.0921057840351338e+01,2.7885076135827518e+00,1.0921057840351338e+01,1.0921057840351338e+01,1.0921057840351338e+01,1.1715601537617202e+01,1.1715601537617202e+01,5.5883668156101480e+00,7.3913861487353474e+00,1.0921057840351338e+01,1.3357781807447870e+01,1.1983310116744581e+01,1.3357781807447870e+01,6.4184530979770322e+00,5.5883668156101480e+00,1.0921057840351338e+01,1.3357781807447870e+01,1.3357781807447870e+01,6.4184530979770322e+00,1.0921057840351338e+01,5.5883668156101480e+00,0.0000000000000000e+00,1.1715601537617202e+01,1.0921057840351338e+01,1.1715601537617202e+01,1.0921057840351338e+01,1.8240466795447461e+00,1.1983310116744581e+01,8.6347498060255301e+00,1.0921057840351338e+01,1.1715601537617202e+01,7.3913861487353474e+00,7.3913861487353474e+00,9.4579221787614964e-01,0.0000000000000000e+00,1.0921057840351338e+01,8.4672070576157488e+00,8.4672070576157488e+00,8.4672070576157488e+00,6.4184530979770322e+00,3.8683648745371224e+00,5.5883668156101480e+00,1.0921057840351338e+01,1.1715601537617202e+01,1.1715601537617202e+01,1.8240466795447461e+00,1.0921057840351338e+01,1.0921057840351338e+01,0.0000000000000000e+00,8.4672070576157488e+00,4.5446670351564435e+00,1.8240466795447461e+00,8.6347498060255301e+00,8.6347498060255301e+00,3.8683648745371224e+00,8.6347498060255301e+00,8.6347498060255301e+00,1.1715601537617202e+01,8.6347498060255301e+00,1.1983310116744581e+01,6.4184530979770322e+00,1.0921057840351338e+01,1.1983310116744581e+01,4.5446670351564435e+00,1.1983310116744581e+01,4.5446670351564435e+00,1.3357781807447870e+01,1.1715601537617202e+01,1.0921057840351338e+01,1.0921057840351338e+01,1.3357781807447870e+01,8.4672070576157488e+00,8.6347498060255301e+00,8.4672070576157488e+00,8.6347498060255301e+00,8.6347498060255301e+00,1.0921057840351338e+01,8.6347498060255301e+00,1.3357781807447870e+01,3.8683648745371224e+00,1.3357781807447870e+01,9.4579221787614964e-01,2.7885076135827518e+00,8.6347498060255301e+00,1.1715601537617202e+01,4.5446670351564435e+00,4.5446670351564435e+00,1.3143045879462967e+01,1.1983310116744581e+01,5.5883668156101480e+00,1.3357781807447870e+01,8.6347498060255301e+00,8.6347498060255301e+00,8.6347498060255301e+00,2.7885076135827518e+00,1.8240466795447461e+00,4.5446670351564435e+00,1.1983310116744581e+01,4.5446670351564435e+00,8.4672070576157488e+00,1.3357781807447870e+01,1.1983310116744581e+01,1.1983310116744581e+01,2.7885076135827518e+00,1.1983310116744581e+01,6.4184530979770322e+00,1.1715601537617202e+01,7.3913861487353474e+00,3.8683648745371224e+00,1.8240466795447461e+00,5.5883668156101480e+00,1.1983310116744581e+01,5.5883668156101480e+00,1.8240466795447461e+00,7.3913861487353474e+00,3.8683648745371224e+00,1.3143045879462967e+01,1.8240466795447461e+00,8.6347498060255301e+00,1.1715601537617202e+01,8.4672070576157488e+00,6.4184530979770322e+00,1.1715601537617202e+01,1.1715601537617202e+01,4.5446670351564435e+00,8.6347498060255301e+00,7.3913861487353474e+00,1.1715601537617202e+01,6.4184530979770322e+00,1.1715601537617202e+01,1.3357781807447870e+01,8.6347498060255301e+00,1.3357781807447870e+01,8.6347498060255301e+00,1.0921057840351338e+01,1.0921057840351338e+01,6.4184530979770322e+00,5.5883668156101480e+00,5.5883668156101480e+00,5.5883668156101480e+00,1.0921057840351338e+01,1.3143045879462967e+01,5.5883668156101480e+00,1.0921057840351338e+01,8.6347498060255301e+00,8.4672070576157488e+00,2.7885076135827518e+00,4.5446670351564435e+00,1.0921057840351338e+01,1.3357781807447870e+01,1.1983310116744581e+01,8.4672070576157488e+00,1.1983310116744581e+01,1.1983310116744581e+01,1.0921057840351338e+01,8.4672070576157488e+00,0.0000000000000000e+00,6.4184530979770322e+00,1.0921057840351338e+01,2.7885076135827518e+00,4.5446670351564435e+00,8.4672070576157488e+00,8.4672070576157488e+00,1.1983310116744581e+01,1.1983310116744581e+01,2.7885076135827518e+00,4.5446670351564435e+00,0.0000000000000000e+00,8.4672070576157488e+00,4.5446670351564435e+00,1.3143045879462967e+01,1.3357781807447870e+01,4.5446670351564435e+00,2.7885076135827518e+00,4.5446670351564435e+00,1.8240466795447461e+00,1.1983310116744581e+01,1.1715601537617202e+01,1.3143045879462967e+01,1.1715601537617202e+01,1.1715601537617202e+01,1.3143045879462967e+01,1.3143045879462967e+01,1.1983310116744581e+01,1.1983310116744581e+01,1.1983310116744581e+01,4.5446670351564435e+00,1.3143045879462967e+01,1.1983310116744581e+01,1.1715601537617202e+01,3.8683648745371224e+00,1.1983310116744581e+01,1.3143045879462967e+01,1.8240466795447461e+00,1.1715601537617202e+01,1.3143045879462967e+01,1.3143045879462967e+01,6.4184530979770322e+00,2.7885076135827518e+00,7.3913861487353474e+00,1.3143045879462967e+01,1.0921057840351338e+01,1.0921057840351338e+01,1.0921057840351338e+01,1.1983310116744581e+01,1.1983310116744581e+01,1.3143045879462967e+01,1.0921057840351338e+01,1.1715601537617202e+01,6.4184530979770322e+00,8.4672070576157488e+00,1.0921057840351338e+01,1.1983310116744581e+01,1.1983310116744581e+01,1.1983310116744581e+01,1.8240466795447461e+00,1.1983310116744581e+01,5.5883668156101480e+00,1.1983310116744581e+01,1.1983310116744581e+01,1.1983310116744581e+01,9.4579221787614964e-01,5.5883668156101480e+00,5.5883668156101480e+00,1.8240466795447461e+00,1.8240466795447461e+00,1.1715601537617202e+01,5.5883668156101480e+00,1.1983310116744581e+01,1.1983310116744581e+01,2.7885076135827518e+00,1.1983310116744581e+01,5.5883668156101480e+00,1.3357781807447870e+01,1.1983310116744581e+01,1.1983310116744581e+01,1.1983310116744581e+01,8.4672070576157488e+00,2.7885076135827518e+00,8.6347498060255301e+00,1.3357781807447870e+01,4.5446670351564435e+00,1.8240466795447461e+00,7.3913861487353474e+00,4.5446670351564435e+00,4.5446670351564435e+00,1.1983310116744581e+01,8.4672070576157488e+00,1.0921057840351338e+01,1.0921057840351338e+01,8.6347498060255301e+00,1.3143045879462967e+01,1.1715601537617202e+01,8.4672070576157488e+00,8.4672070576157488e+00,1.1983310116744581e+01,7.3913861487353474e+00,7.3913861487353474e+00,1.0921057840351338e+01,1.1983310116744581e+01,1.8240466795447461e+00,1.1983310116744581e+01,1.1983310116744581e+01,1.3143045879462967e+01,1.3143045879462967e+01,7.3913861487353474e+00,8.4672070576157488e+00,1.0921057840351338e+01,1.0921057840351338e+01,5.5883668156101480e+00,1.3143045879462967e+01,8.4672070576157488e+00,8.4672070576157488e+00,2.7885076135827518e+00,7.3913861487353474e+00,1.0921057840351338e+01,1.0921057840351338e+01,1.0921057840351338e+01,5.5883668156101480e+00,1.1983310116744581e+01,7.3913861487353474e+00,1.1983310116744581e+01,1.1983310116744581e+01,3.8683648745371224e+00,6.4184530979770322e+00,3.8683648745371224e+00,1.0921057840351338e+01,5.5883668156101480e+00,2.7885076135827518e+00,9.4579221787614964e-01,5.5883668156101480e+00,1.1983310116744581e+01,6.4184530979770322e+00,1.1983310116744581e+01,1.1983310116744581e+01,9.4579221787614964e-01,9.4579221787614964e-01,1.0921057840351338e+01,8.6347498060255301e+00,1.1983310116744581e+01,1.0921057840351338e+01,1.1983310116744581e+01,1.0921057840351338e+01,1.0921057840351338e+01,1.1983310116744581e+01,1.1983310116744581e+01,7.3913861487353474e+00,1.1983310116744581e+01,0.0000000000000000e+00,1.1983310116744581e+01,1.1983310116744581e+01,2.7885076135827518e+00,8.4672070576157488e+00,1.1983310116744581e+01,1.1983310116744581e+01,1.0921057840351338e+01,1.0921057840351338e+01,1.0921057840351338e+01,1.1983310116744581e+01,4.5446670351564435e+00,1.3143045879462967e+01,1.8240466795447461e+00,4.5446670351564435e+00,6.4184530979770322e+00,5.5883668156101480e+00,6.4184530979770322e+00,4.5446670351564435e+00,7.3913861487353474e+00,6.4184530979770322e+00,8.4672070576157488e+00,9.4579221787614964e-01,3.8683648745371224e+00,1.1715601537617202e+01,8.6347498060255301e+00,2.7885076135827518e+00,8.4672070576157488e+00,8.4672070576157488e+00,4.5446670351564435e+00,8.4672070576157488e+00,8.4672070576157488e+00,7.3913861487353474e+00,1.3357781807447870e+01,1.1983310116744581e+01,3.8683648745371224e+00,8.4672070576157488e+00,8.4672070576157488e+00,8.4672070576157488e+00,8.4672070576157488e+00,8.4672070576157488e+00,8.4672070576157488e+00,1.3143045879462967e+01,1.3357781807447870e+01,0.0000000000000000e+00,1.1715601537617202e+01,1.1983310116744581e+01,1.3143045879462967e+01,8.4672070576157488e+00,4.5446670351564435e+00,2.7885076135827518e+00,3.8683648745371224e+00,8.4672070576157488e+00,1.3357781807447870e+01,8.4672070576157488e+00,4.5446670351564435e+00,8.4672070576157488e+00,1.8240466795447461e+00,1.3357781807447870e+01,1.0921057840351338e+01,1.0921057840351338e+01,2.7885076135827518e+00,1.1983310116744581e+01,1.1715601537617202e+01,1.1715601537617202e+01,1.1715601537617202e+01,1.1715601537617202e+01,1.1715601537617202e+01,6.4184530979770322e+00,6.4184530979770322e+00,1.1715601537617202e+01,1.1983310116744581e+01,1.3357781807447870e+01,1.3357781807447870e+01,1.3357781807447870e+01,1.1983310116744581e+01,1.8240466795447461e+00,2.7885076135827518e+00,0.0000000000000000e+00,1.1715601537617202e+01,1.0921057840351338e+01,1.0921057840351338e+01,1.0921057840351338e+01,1.3143045879462967e+01,1.0921057840351338e+01,1.1715601537617202e+01,5.5883668156101480e+00,1.1715601537617202e+01,2.7885076135827518e+00,1.0921057840351338e+01,2.7885076135827518e+00,1.1715601537617202e+01,1.1983310116744581e+01,8.4672070576157488e+00,1.1715601537617202e+01,8.4672070576157488e+00,0.0000000000000000e+00,1.1983310116744581e+01,5.5883668156101480e+00,1.1715601537617202e+01,1.1983310116744581e+01,5.5883668156101480e+00,1.1715601537617202e+01,8.6347498060255301e+00,9.4579221787614964e-01,4.5446670351564435e+00,1.3357781807447870e+01,8.4672070576157488e+00,8.4672070576157488e+00,1.3357781807447870e+01,1.8240466795447461e+00,8.4672070576157488e+00,1.1715601537617202e+01,1.0921057840351338e+01,1.0921057840351338e+01,6.4184530979770322e+00,9.4579221787614964e-01,1.3357781807447870e+01,8.4672070576157488e+00,1.1715601537617202e+01,2.7885076135827518e+00,1.3357781807447870e+01,1.8240466795447461e+00,2.7885076135827518e+00,1.3357781807447870e+01,5.5883668156101480e+00,1.1715601537617202e+01,5.5883668156101480e+00,1.3357781807447870e+01,1.8240466795447461e+00,6.4184530979770322e+00,3.8683648745371224e+00,3.8683648745371224e+00,3.8683648745371224e+00,1.0921057840351338e+01,1.3357781807447870e+01,1.3357781807447870e+01,1.3357781807447870e+01,1.3357781807447870e+01,1.1983310116744581e+01,1.3357781807447870e+01,5.5883668156101480e+00,1.3357781807447870e+01,1.8240466795447461e+00,1.1715601537617202e+01,1.0921057840351338e+01,1.1715601537617202e+01,4.5446670351564435e+00,1.3357781807447870e+01,8.6347498060255301e+00,1.0921057840351338e+01,0.0000000000000000e+00,1.3357781807447870e+01,1.0921057840351338e+01,1.3357781807447870e+01,1.3357781807447870e+01,1.3357781807447870e+01,1.1715601537617202e+01,1.3143045879462967e+01,1.1715601537617202e+01,4.5446670351564435e+00,1.0921057840351338e+01,1.0921057840351338e+01,1.1715601537617202e+01,3.8683648745371224e+00,1.1715601537617202e+01,1.1983310116744581e+01,8.4672070576157488e+00,3.8683648745371224e+00,8.4672070576157488e+00,8.4672070576157488e+00,4.5446670351564435e+00,6.4184530979770322e+00,8.4672070576157488e+00,8.4672070576157488e+00,8.4672070576157488e+00,3.8683648745371224e+00,1.3143045879462967e+01,8.4672070576157488e+00,3.8683648745371224e+00,1.8240466795447461e+00,8.4672070576157488e+00,8.4672070576157488e+00,7.3913861487353474e+00,4.5446670351564435e+00,1.1715601537617202e+01,1.1715601537617202e+01,1.1983310116744581e+01,1.0921057840351338e+01,8.4672070576157488e+00,8.4672070576157488e+00,1.0921057840351338e+01,8.4672070576157488e+00,1.1715601537617202e+01,0.0000000000000000e+00,2.7885076135827518e+00,1.1983310116744581e+01,8.4672070576157488e+00,6.4184530979770322e+00,1.3143045879462967e+01,1.3143045879462967e+01,8.4672070576157488e+00,4.5446670351564435e+00,1.0921057840351338e+01,1.3143045879462967e+01,1.1715601537617202e+01,8.4672070576157488e+00,9.4579221787614964e-01,1.1715601537617202e+01,1.1715601537617202e+01,4.5446670351564435e+00,1.1715601537617202e+01,8.4672070576157488e+00,6.4184530979770322e+00,2.7885076135827518e+00,8.4672070576157488e+00,0.0000000000000000e+00,1.3143045879462967e+01,8.4672070576157488e+00,0.0000000000000000e+00,1.1715601537617202e+01,8.6347498060255301e+00,7.3913861487353474e+00,8.4672070576157488e+00,1.3143045879462967e+01,8.4672070576157488e+00,1.1983310116744581e+01,2.7885076135827518e+00,1.0921057840351338e+01,1.1715601537617202e+01,8.4672070576157488e+00,6.4184530979770322e+00,4.5446670351564435e+00,1.1983310116744581e+01,8.4672070576157488e+00,1.3357781807447870e+01,1.1983310116744581e+01,1.8240466795447461e+00,1.1715601537617202e+01,2.7885076135827518e+00,1.0921057840351338e+01,1.0921057840351338e+01,1.1715601537617202e+01,2.7885076135827518e+00,1.0921057840351338e+01,1.0921057840351338e+01,7.3913861487353474e+00,1.0921057840351338e+01,9.4579221787614964e-01,4.5446670351564435e+00,4.5446670351564435e+00,2.7885076135827518e+00,1.0921057840351338e+01,1.0921057840351338e+01,4.5446670351564435e+00,3.8683648745371224e+00,1.1715601537617202e+01,1.1715601537617202e+01,5.5883668156101480e+00,3.8683648745371224e+00,3.8683648745371224e+00,3.8683648745371224e+00,7.3913861487353474e+00,8.6347498060255301e+00,1.3357781807447870e+01,0.0000000000000000e+00,2.7885076135827518e+00,8.4672070576157488e+00,1.1983310116744581e+01,1.1983310116744581e+01,6.4184530979770322e+00,3.8683648745371224e+00,3.8683648745371224e+00,9.4579221787614964e-01,3.8683648745371224e+00,1.3357781807447870e+01,1.1715601537617202e+01,8.6347498060255301e+00,5.5883668156101480e+00,1.3143045879462967e+01,1.3357781807447870e+01,8.6347498060255301e+00,1.3357781807447870e+01,1.3357781807447870e+01,1.3357781807447870e+01,6.4184530979770322e+00,1.3357781807447870e+01,1.3357781807447870e+01,6.4184530979770322e+00,1.1983310116744581e+01,1.3357781807447870e+01,8.4672070576157488e+00,3.8683648745371224e+00,8.4672070576157488e+00,8.4672070576157488e+00,1.0921057840351338e+01,7.3913861487353474e+00,1.3357781807447870e+01,1.3357781807447870e+01,3.8683648745371224e+00,1.0921057840351338e+01,1.0921057840351338e+01,1.1983310116744581e+01,6.4184530979770322e+00,5.5883668156101480e+00,6.4184530979770322e+00,6.4184530979770322e+00,3.8683648745371224e+00,1.8240466795447461e+00,1.0921057840351338e+01,4.5446670351564435e+00,1.1983310116744581e+01,0.0000000000000000e+00,7.3913861487353474e+00,0.0000000000000000e+00,1.3143045879462967e+01,6.4184530979770322e+00,5.5883668156101480e+00,1.3143045879462967e+01,6.4184530979770322e+00,1.0921057840351338e+01,7.3913861487353474e+00,7.3913861487353474e+00,6.4184530979770322e+00,6.4184530979770322e+00,1.0921057840351338e+01,1.0921057840351338e+01,8.4672070576157488e+00,8.6347498060255301e+00,1.3143045879462967e+01,9.4579221787614964e-01,1.3357781807447870e+01,1.8240466795447461e+00,1.1983310116744581e+01,1.3357781807447870e+01,1.3357781807447870e+01,5.5883668156101480e+00,8.6347498060255301e+00,1.3357781807447870e+01,0.0000000000000000e+00,1.1983310116744581e+01,1.3357781807447870e+01,8.4672070576157488e+00,1.3143045879462967e+01,1.3143045879462967e+01,1.8240466795447461e+00,1.1983310116744581e+01,1.1983310116744581e+01,1.3143045879462967e+01,5.5883668156101480e+00,1.3357781807447870e+01,1.3357781807447870e+01,8.4672070576157488e+00,6.4184530979770322e+00,8.4672070576157488e+00,8.6347498060255301e+00,1.3143045879462967e+01,9.4579221787614964e-01,6.4184530979770322e+00,8.6347498060255301e+00,1.1983310116744581e+01,2.7885076135827518e+00,5.5883668156101480e+00,4.5446670351564435e+00,1.3357781807447870e+01,1.3357781807447870e+01,1.3357781807447870e+01,1.3357781807447870e+01,1.0921057840351338e+01,1.1715601537617202e+01,1.1983310116744581e+01,5.5883668156101480e+00,9.4579221787614964e-01,1.3357781807447870e+01,8.6347498060255301e+00,8.4672070576157488e+00,8.4672070576157488e+00,1.1715601537617202e+01,6.4184530979770322e+00,6.4184530979770322e+00,1.1715601537617202e+01,6.4184530979770322e+00,1.3357781807447870e+01,1.3143045879462967e+01,1.3143045879462967e+01,1.1983310116744581e+01,1.1715601537617202e+01,1.0921057840351338e+01,8.4672070576157488e+00,8.6347498060255301e+00,1.0921057840351338e+01,4.5446670351564435e+00,1.3357781807447870e+01,8.6347498060255301e+00,5.5883668156101480e+00,1.1715601537617202e+01,1.3143045879462967e+01,2.7885076135827518e+00,7.3913861487353474e+00,4.5446670351564435e+00,2.7885076135827518e+00,4.5446670351564435e+00,1.1983310116744581e+01,1.0921057840351338e+01,1.1715601537617202e+01,1.3143045879462967e+01,2.7885076135827518e+00,1.0921057840351338e+01,1.3357781807447870e+01,5.5883668156101480e+00,1.0921057840351338e+01,1.1715601537617202e+01,1.1983310116744581e+01,0.0000000000000000e+00,4.5446670351564435e+00,2.7885076135827518e+00,8.6347498060255301e+00,1.1715601537617202e+01,1.1715601537617202e+01,8.6347498060255301e+00,1.1983310116744581e+01,1.1715601537617202e+01,6.4184530979770322e+00,0.0000000000000000e+00,8.4672070576157488e+00,7.3913861487353474e+00,8.4672070576157488e+00,5.5883668156101480e+00,8.6347498060255301e+00,1.3357781807447870e+01,1.0921057840351338e+01,4.5446670351564435e+00,0.0000000000000000e+00,8.6347498060255301e+00,1.3357781807447870e+01,8.6347498060255301e+00,1.1983310116744581e+01,7.3913861487353474e+00,7.3913861487353474e+00,8.4672070576157488e+00,1.1983310116744581e+01,2.7885076135827518e+00,1.3357781807447870e+01,8.6347498060255301e+00,2.7885076135827518e+00,5.5883668156101480e+00,4.5446670351564435e+00,5.5883668156101480e+00,1.1983310116744581e+01,1.1715601537617202e+01,1.1983310116744581e+01,0.0000000000000000e+00,6.4184530979770322e+00,1.1715601537617202e+01,1.3357781807447870e+01,1.3357781807447870e+01,6.4184530979770322e+00,9.4579221787614964e-01,9.4579221787614964e-01,1.3143045879462967e+01,1.3357781807447870e+01,9.4579221787614964e-01,7.3913861487353474e+00,1.1983310116744581e+01,5.5883668156101480e+00,5.5883668156101480e+00,7.3913861487353474e+00,1.3143045879462967e+01,1.3143045879462967e+01,1.3357781807447870e+01,1.3357781807447870e+01,1.3357781807447870e+01,3.8683648745371224e+00,1.3143045879462967e+01,1.3143045879462967e+01,8.6347498060255301e+00,1.0921057840351338e+01,0.0000000000000000e+00,8.6347498060255301e+00,4.5446670351564435e+00,7.3913861487353474e+00,1.3357781807447870e+01,1.1983310116744581e+01,0.0000000000000000e+00,1.0921057840351338e+01,1.3143045879462967e+01,5.5883668156101480e+00,1.3357781807447870e+01,1.8240466795447461e+00,1.1983310116744581e+01,7.3913861487353474e+00,1.3357781807447870e+01,1.3357781807447870e+01,1.1983310116744581e+01,1.1983310116744581e+01,5.5883668156101480e+00,8.6347498060255301e+00,1.3143045879462967e+01,1.0921057840351338e+01,1.3143045879462967e+01,1.1983310116744581e+01,8.4672070576157488e+00,9.4579221787614964e-01,1.0921057840351338e+01,1.3357781807447870e+01,8.4672070576157488e+00,1.3143045879462967e+01,0.0000000000000000e+00,1.3143045879462967e+01,7.3913861487353474e+00,1.0921057840351338e+01,1.3357781807447870e+01,1.8240466795447461e+00,1.0921057840351338e+01,0.0000000000000000e+00,1.0921057840351338e+01,1.1983310116744581e+01,1.1983310116744581e+01,1.1983310116744581e+01,6.4184530979770322e+00,3.8683648745371224e+00,3.8683648745371224e+00,3.8683648745371224e+00,2.7885076135827518e+00,9.4579221787614964e-01,8.4672070576157488e+00,8.4672070576157488e+00,8.6347498060255301e+00,3.8683648745371224e+00,5.5883668156101480e+00,1.1715601537617202e+01,8.4672070576157488e+00,1.8240466795447461e+00,8.4672070576157488e+00,6.4184530979770322e+00,1.3143045879462967e+01,3.8683648745371224e+00,6.4184530979770322e+00,3.8683648745371224e+00,6.4184530979770322e+00,9.4579221787614964e-01,1.3143045879462967e+01,8.4672070576157488e+00,8.4672070576157488e+00,7.3913861487353474e+00,7.3913861487353474e+00,4.5446670351564435e+00,1.1715601537617202e+01,9.4579221787614964e-01,1.0921057840351338e+01,8.4672070576157488e+00,1.1983310116744581e+01,7.3913861487353474e+00,7.3913861487353474e+00,9.4579221787614964e-01,1.1983310116744581e+01,1.1983310116744581e+01,0.0000000000000000e+00,1.3357781807447870e+01,1.1983310116744581e+01,3.8683648745371224e+00,7.3913861487353474e+00,6.4184530979770322e+00,6.4184530979770322e+00,7.3913861487353474e+00,1.1715601537617202e+01,1.3357781807447870e+01,1.1715601537617202e+01,1.1715601537617202e+01,1.0921057840351338e+01,1.3357781807447870e+01,7.3913861487353474e+00,5.5883668156101480e+00,1.3143045879462967e+01,1.3143045879462967e+01,4.5446670351564435e+00,0.0000000000000000e+00,1.1715601537617202e+01,9.4579221787614964e-01,1.1715601537617202e+01,6.4184530979770322e+00,1.3357781807447870e+01,1.3357781807447870e+01,1.3357781807447870e+01,1.0921057840351338e+01,1.3357781807447870e+01,1.3357781807447870e+01,1.3143045879462967e+01
9.3634953141806165e-01,9.3634953141806165e-01,9.3634953141806165e-01,4.7883888170749094e+00,4.7883888170749094e+00,9.3634953141806165e-01,1.0847562362012484e+01,1.0847562362012484e+01,1.0847562362012484e+01,8.3080380257771971e+00,8.3080380257771971e+00,8.3080380257771971e+00,1.0847562362012484e+01,1.0847562362012484e+01,1.8699781997889879e+00,1.0847562362012484e+01,1.0847562362012484e+01,1.0847562362012484e+01,1.0847562362012484e+01,1.3158781480189960e+01,1.3158781480189960e+01,1.2590328774839874e+01,8.3080380257771971e+00,2.8551284090371034e+00,8.3080380257771971e+00,9.0994933061509222e+00,1.8699781997889879e+00,1.8699781997889879e+00,1.8699781997889879e+00,1.0847562362012484e+01,1.0847562362012484e+01,6.5896708448381904e+00,1.8699781997889879e+00,6.5896708448381904e+00,1.2590328774839874e+01,1.0847562362012484e+01,1.8699781997889879e+00,5.3948635586015268e+00,1.3158781480189960e+01,1.0847562362012484e+01,8.3080380257771971e+00,1.8699781997889879e+00,0.0000000000000000e+00,1.3158781480189960e+01,9.3634953141806165e-01,1.2590328774839874e+01,1.2590328774839874e+01,1.2590328774839874e+01,1.0847562362012484e+01,1.2590328774839874e+01,1.2590328774839874e+01,1.2590328774839874e+01,6.5896708448381904e+00,1.8699781997889879e+00,9.3634953141806165e-01,2.8551284090371034e+00,1.2590328774839874e+01,1.2590328774839874e+01,9.3634953141806165e-01,3.6109501785303957e+00,1.3158781480189960e+01,1.3158781480189960e+01,1.3158781480189960e+01,1.2590328774839874e+01,8.3080380257771971e+00,4.7883888170749094e+00,1.2590328774839874e+01,9.0994933061509222e+00,1.2590328774839874e+01,4.7883888170749094e+00,1.0961271317134429e+01,4.7883888170749094e+00,6.5896708448381904e+00,3.6109501785303957e+00,3.6109501785303957e+00,1.2590328774839874e+01,6.5896708448381904e+00,1.2590328774839874e+01,3.6109501785303957e+00,5.3948635586015268e+00,1.0961271317134429e+01,9.0994933061509222e+00,9.0994933061509222e+00,0.0000000000000000e+00,1.0961271317134429e+01,1.0961271317134429e+01,1.0961271317134429e+01,1.0847562362012484e+01,6.0411119074282418e+00,1.2590328774839874e+01,1.8699781997889879e+00,3.6109501785303957e+00,1.0961271317134429e+01,1.2590328774839874e+01,1.3158781480189960e+01,1.0961271317134429e+01,1.0961271317134429e+01,5.3948635586015268e+00,1.2590328774839874e+01,1.0961271317134429e+01,1.0961271317134429e+01,1.0961271317134429e+01,1.3158781480189960e+01,1.0961271317134429e+01,1.2590328774839874e+01,1.0847562362012484e+01,1.8699781997889879e+00,1.8699781997889879e+00,9.3634953141806165e-01,1.0961271317134429e+01,1.2168804233857660e+01,3.6109501785303957e+00,1.3158781480189960e+01,1.2168804233857660e+01,0.0000000000000000e+00,1.2168804233857660e+01,6.0411119074282418e+00,9.0994933061509222e+00,1.8699781997889879e+00,3.6109501785303957e+00,5.3948635586015268e+00,1.8699781997889879e+00,6.5896708448381904e+00,1.3158781480189960e+01,1.3158781480189960e+01,1.2168804233857660e+01,1.0961271317134429e+01,1.0961271317134429e+01,1.2590328774839874e+01,1.3158781480189960e+01,3.6109501785303957e+00,0.0000000000000000e+00,1.3158781480189960e+01,6.0411119074282418e+00,1.3158781480189960e+01,9.0994933061509222e+00,6.0411119074282418e+00,6.5896708448381904e+00,3.6109501785303957e+00,1.3158781480189960e+01,1.2590328774839874e+01,1.2590328774839874e+01,0.0000000000000000e+00,1.3158781480189960e+01,1.2590328774839874e+01,1.0847562362012484e+01,1.2590328774839874e+01,1.2590328774839874e+01,2.8551284090371034e+00,4.7883888170749094e+00,4.7883888170749094e+00,1.2590328774839874e+01,1.2590328774839874e+01,2.8551284090371034e+00,0.0000000000000000e+00,0.0000000000000000e+00,1.2590328774839874e+01,5.3948635586015268e+00,2.8551284090371034e+00,1.0847562362012484e+01,1.0847562362012484e+01,1.0847562362012484e+01,9.3634953141806165e-01,1.0847562362012484e+01,5.3948635586015268e+00,1.0847562362012484e+01,1.0847562362012484e+01,6.0411119074282418e+00,9.0994933061509222e+00,1.2168804233857660e+01,9.3634953141806165e-01,1.2590328774839874e+01,0.0000000000000000e+00,1.2168804233857660e+01,1.2168804233857660e+01,6.0411119074282418e+00,1.2590328774839874e+01,1.2590328774839874e+01,1.0961271317134429e+01,9.0994933061509222e+00,9.0994933061509222e+00,5.3948635586015268e+00,1.2168804233857660e+01,6.5896708448381904e+00,1.0847562362012484e+01,1.0847562362012484e+01,9.0994933061509222e+00,1.2168804233857660e+01,1.2168804233857660e+01,0.0000000000000000e+00,9.3634953141806165e-01,9.0994933061509222e+00,6.5896708448381904e+00,6.0411119074282418e+00,1.3158781480189960e+01,9.0994933061509222e+00,8.3080380257771971e+00,1.0961271317134429e+01,5.3948635586015268e+00,1.3158781480189960e+01,1.0961271317134429e+01,6.0411119074282418e+00,1.0847562362012484e+01,1.0847562362012484e+01,2.8551284090371034e+00,1.3158781480189960e+01,9.0994933061509222e+00,9.0994933061509222e+00,6.5896708448381904e+00,1.3158781480189960e+01,1.2168804233857660e+01,1.0847562362012484e+01,1.2168804233857660e+01,9.0994933061509222e+00,1.0961271317134429e+01,1.0961271317134429e+01,1.0961271317134429e+01,1.2590328774839874e+01,1.2168804233857660e+01,1.3158781480189960e+01,6.5896708448381904e+00,9.0994933061509222e+00,1.0847562362012484e+01,3.6109501785303957e+00,1.2168804233857660e+01,1.2168804233857660e+01,0.0000000000000000e+00,1.0961271317134429e+01,4.7883888170749094e+00,4.7883888170749094e+00,9.0994933061509222e+00,5.3948635586015268e+00,1.0961271317134429e+01,1.0961271317134429e+01,1.3158781480189960e+01,1.0961271317134429e+01,9.0994933061509222e+00,1.3158781480189960e+01,1.3158781480189960e+01,9.0994933061509222e+00,9.3634953141806165e-01,6.0411119074282418e+00,1.2168804233857660e+01,1.2168804233857660e+01,1.3158781480189960e+01,9.0994933061509222e+00,1.0961271317134429e+01,6.0411119074282418e+00,6.0411119074282418e+00,1.0961271317134429e+01,1.0847562362012484e+01,1.8699781997889879e+00,6.0411119074282418e+00,6.5896708448381904e+00,9.0994933061509222e+00,6.5896708448381904e+00,8.3080380257771971e+00,9.3634953141806165e-01,1.2168804233857660e+01,1.2168804233857660e+01,2.8551284090371034e+00,0.0000000000000000e+00,9.0994933061509222e+00,2.8551284090371034e+00,2.8551284090371034e+00,1.3158781480189960e+01,1.3158781480189960e+01,1.3158781480189960e+01,1.2168804233857660e+01,8.3080380257771971e+00,1.2168804233857660e+01,1.3158781480189960e+01,2.8551284090371034e+00,5.3948635586015268e+00,1.2168804233857660e+01,1.8699781997889879e+00,1.2168804233857660e+01,8.3080380257771971e+00,1.2168804233857660e+01,1.2168804233857660e+01,1.3158781480189960e+01,3.6109501785303957e+00,2.8551284090371034e+00,1.3158781480189960e+01,1.3158781480189960e+01,1.3158781480189960e+01,9.0994933061509222e+00,6.0411119074282418e+00,9.0994933061509222e+00,0.0000000000000000e+00,8.3080380257771971e+00,1.2168804233857660e+01,1.2168804233857660e+01,1.2168804233857660e+01,1.0847562362012484e+01,6.0411119074282418e+00,1.3158781480189960e+01,1.2168804233857660e+01,0.0000000000000000e+00,1.3158781480189960e+01,6.0411119074282418e+00,1.3158781480189960e+01,6.5896708448381904e+00,5.3948635586015268e+00,4.7883888170749094e+00,4.7883888170749094e+00,1.0847562362012484e+01,1.3158781480189960e+01,8.3080380257771971e+00,1.0847562362012484e+01,6.0411119074282418e+00,6.0411119074282418e+00,4.7883888170749094e+00,1.3158781480189960e+01,1.0961271317134429e+01,1.2168804233857660e+01,1.8699781997889879e+00,4.7883888170749094e+00,1.0961271317134429e+01,8.3080380257771971e+00,2.8551284090371034e+00,9.0994933061509222e+00,9.3634953141806165e-01,9.0994933061509222e+00,9.3634953141806165e-01,1.2168804233857660e+01,9.3634953141806165e-01,1.0847562362012484e+01,8.3080380257771971e+00,1.0847562362012484e+01,4.7883888170749094e+00,1.2590328774839874e+01,1.2590328774839874e+01,1.2590328774839874e+01,4.7883888170749094e+00,1.3158781480189960e+01,1.2590328774839874e+01,1.8699781997889879e+00,1.2590328774839874e+01,1.2590328774839874e+01,1.2590328774839874e+01,2.8551284090371034e+00,5.3948635586015268e+00,1.8699781997889879e+00,1.8699781997889879e+00,1.3158781480189960e+01,6.5896708448381904e+00,6.5896708448381904e+00,6.5896708448381904e+00,1.0847562362012484e+01,6.5896708448381904e+00,3.6109501785303957e+00,8.3080380257771971e+00,6.5896708448381904e+00,1.8699781997889879e+00,1.2590328774839874e+01,1.8699781997889879e+00,1.3158781480189960e+01,1.0847562362012484e+01,6.0411119074282418e+00,1.0961271317134429e+01,8.3080380257771971e+00,1.3158781480189960e+01,1.2590328774839874e+01,1.3158781480189960e+01,1.3158781480189960e+01,1.0961271317134429e+01,1.2590328774839874e+01,1.3158781480189960e+01,1.3158781480189960e+01,4.7883888170749094e+00,1.0961271317134429e+01,1.3158781480189960e+01,9.0994933061509222e+00,2.8551284090371034e+00,6.0411119074282418e+00,3.6109501785303957e+00,1.2590328774839874e+01,9.0994933061509222e+00,8.3080380257771971e+00,3.6109501785303957e+00,2.8551284090371034e+00,1.2590328774839874e+01,6.0411119074282418e+00,3.6109501785303957e+00,6.0411119074282418e+00,0.0000000000000000e+00,4.7883888170749094e+00,6.0411119074282418e+00,5.3948635586015268e+00,5.3948635586015268e+00,9.0994933061509222e+00,9.3634953141806165e-01,1.0961271317134429e+01,5.3948635586015268e+00,1.2168804233857660e+01,8.3080380257771971e+00,1.0847562362012484e+01,1.0961271317134429e+01,1.0961271317134429e+01,1.3158781480189960e+01,1.2590328774839874e+01,0.0000000000000000e+00,1.2590328774839874e+01,8.3080380257771971e+00,1.2590328774839874e+01,1.2590328774839874e+01,5.3948635586015268e+00,6.5896708448381904e+00,6.5896708448381904e+00,2.8551284090371034e+00,6.5896708448381904e+00,2.8551284090371034e+00,1.0961271317134429e+01,0.0000000000000000e+00,8.3080380257771971e+00,1.3158781480189960e+01,1.0847562362012484e+01,1.0961271317134429e+01,1.2590328774839874e+01,1.2590328774839874e+01,1.2590328774839874e+01,3.6109501785303957e+00,1.0961271317134429e+01,1.2590328774839874e+01,1.0847562362012484e+01,1.0847562362012484e+01,1.2590328774839874e+01,9.0994933061509222e+00,9.0994933061509222e+00,1.0961271317134429e+01,1.2168804233857660e+01,1.0961271317134429e+01,1.0961271317134429e+01,1.0847562362012484e+01,1.2168804233857660e+01,1.0961271317134429e+01,8.3080380257771971e+00,1.2168804233857660e+01,6.5896708448381904e+00,1.2590328774839874e+01,1.2590328774839874e+01,9.0994933061509222e+00,1.3158781480189960e+01,1.0961271317134429e+01,8.3080380257771971e+00,8.3080380257771971e+00,6.0411119074282418e+00,1.0847562362012484e+01,8.3080380257771971e+00,8.3080380257771971e+00,1.3158781480189960e+01,0.0000000000000000e+00,3.6109501785303957e+00,1.2168804233857660e+01,1.2168804233857660e+01,6.5896708448381904e+00,1.0961271317134429e+01,0.0000000000000000e+00,1.0961271317134429e+01,2.8551284090371034e+00,9.3634953141806165e-01,6.5896708448381904e+00,3.6109501785303957e+00,1.2168804233857660e+01,1.3158781480189960e+01,4.7883888170749094e+00,1.0961271317134429e+01,1.2590328774839874e+01,5.3948635586015268e+00,1.2168804233857660e+01,3.6109501785303957e+00,1.0847562362012484e+01,1.0847562362012484e+01,9.3634953141806165e-01,1.0961271317134429e+01,1.3158781480189960e+01,1.0961271317134429e+01,9.0994933061509222e+00,1.2168804233857660e+01,9.0994933061509222e+00,9.0994933061509222e+00,8.3080380257771971e+00,9.0994933061509222e+00,9.0994933061509222e+00,8.3080380257771971e+00,1.8699781997889879e+00,8.3080380257771971e+00,1.0961271317134429e+01,1.3158781480189960e+01,1.3158781480189960e+01,1.8699781997889879e+00,1.0961271317134429e+01,1.3158781480189960e+01,1.3158781480189960e+01,1.3158781480189960e+01,9.0994933061509222e+00,5.3948635586015268e+00,9.0994933061509222e+00,1.3158781480189960e+01,9.0994933061509222e+00,8.3080380257771971e+00,1.2168804233857660e+01,1.8699781997889879e+00,9.0994933061509222e+00,9.0994933061509222e+00,9.0994933061509222e+00,1.0961271317134429e+01,1.0961271317134429e+01,1.0847562362012484e+01,9.0994933061509222e+00,9.3634953141806165e-01,9.0994933061509222e+00,1.0961271317134429e+01,1.3158781480189960e+01,8.3080380257771971e+00,1.2168804233857660e+01,1.2168804233857660e+01,6.5896708448381904e+00,1.2168804233857660e+01,4.7883888170749094e+00,6.5896708448381904e+00,4.7883888170749094e+00,3.6109501785303957e+00,8.3080380257771971e+00,9.0994933061509222e+00,9.0994933061509222e+00,1.2590328774839874e+01,9.0994933061509222e+00,2.8551284090371034e+00,3.6109501785303957e+00,1.0961271317134429e+01,1.0847562362012484e+01,8.3080380257771971e+00,1.3158781480189960e+01,1.3158781480189960e+01,1.0961271317134429e+01,5.3948635586015268e+00,9.0994933061509222e+00,3.6109501785303957e+00,3.6109501785303957e+00,4.7883888170749094e+00,1.2590328774839874e+01,1.8699781997889879e+00,9.0994933061509222e+00,1.0847562362012484e+01,1.0847562362012484e+01,3.6109501785303957e+00,1.2590328774839874e+01,1.0961271317134429e+01,1.2168804233857660e+01,1.2168804233857660e+01,1.0961271317134429e+01,1.2590328774839874e+01,1.0847562362012484e+01,9.0994933061509222e+00,3.6109501785303957e+00,1.2590328774839874e+01,1.2590328774839874e+01,9.3634953141806165e-01,3.6109501785303957e+00,6.5896708448381904e+00,1.8699781997889879e+00,9.0994933061509222e+00,9.0994933061509222e+00,1.0961271317134429e+01,2.8551284090371034e+00,8.3080380257771971e+00,9.3634953141806165e-01,8.3080380257771971e+00,8.3080380257771971e+00,2.8551284090371034e+00,6.0411119074282418e+00,1.2168804233857660e+01,1.2168804233857660e+01,6.0411119074282418e+00,9.3634953141806165e-01,0.0000000000000000e+00,0.0000000000000000e+00,1.2168804233857660e+01,6.0411119074282418e+00,1.3158781480189960e+01,4.7883888170749094e+00,1.8699781997889879e+00,1.8699781997889879e+00,8.3080380257771971e+00,6.5896708448381904e+00,1.2590328774839874e+01,1.0961271317134429e+01,1.0961271317134429e+01,6.5896708448381904e+00,1.2590328774839874e+01,2.8551284090371034e+00,1.8699781997889879e+00,9.0994933061509222e+00,1.3158781480189960e+01,9.0994933061509222e+00,0.0000000000000000e+00,5.3948635586015268e+00,1.8699781997889879e+00,3.6109501785303957e+00,1.3158781480189960e+01,8.3080380257771971e+00,2.8551284090371034e+00,0.0000000000000000e+00,1.2590328774839874e+01,1.0847562362012484e+01,9.0994933061509222e+00,9.3634953141806165e-01,3.6109501785303957e+00,6.5896708448381904e+00,1.2168804233857660e+01,9.0994933061509222e+00,9.0994933061509222e+00,1.2168804233857660e+01,1.2590328774839874e+01,1.2590328774839874e+01,2.8551284090371034e+00,9.0994933061509222e+00,1.3158781480189960e+01,1.0847562362012484e+01,3.6109501785303957e+00,4.7883888170749094e+00,8.3080380257771971e+00,6.5896708448381904e+00,1.3158781480189960e+01,1.8699781997889879e+00,1.0847562362012484e+01,6.5896708448381904e+00,1.3158781480189960e+01,4.7883888170749094e+00,8.3080380257771971e+00,6.0411119074282418e+00,1.2168804233857660e+01,8.3080380257771971e+00,1.2590328774839874e+01,3.6109501785303957e+00,6.0411119074282418e+00,5.3948635586015268e+00,1.3158781480189960e+01,1.0847562362012484e+01,8.3080380257771971e+00,0.0000000000000000e+00,8.3080380257771971e+00,6.5896708448381904e+00,6.5896708448381904e+00,6.5896708448381904e+00,1.3158781480189960e+01,3.6109501785303957e+00,9.0994933061509222e+00,9.3634953141806165e-01,1.0847562362012484e+01,1.3158781480189960e+01,1.3158781480189960e+01,6.0411119074282418e+00,1.2168804233857660e+01,1.0847562362012484e+01,1.2590328774839874e+01,1.2168804233857660e+01,1.0961271317134429e+01,1.0961271317134429e+01,1.3158781480189960e+01,3.6109501785303957e+00,1.2590328774839874e+01,9.3634953141806165e-01,1.0961271317134429e+01,9.0994933061509222e+00,1.0961271317134429e+01,9.0994933061509222e+00,1.0961271317134429e+01,1.3158781480189960e+01,4.7883888170749094e+00,4.7883888170749094e+00,9.3634953141806165e-01,1.3158781480189960e+01,1.2590328774839874e+01,3.6109501785303957e+00,6.0411119074282418e+00,5.3948635586015268e+00,1.3158781480189960e+01,1.0847562362012484e+01,1.0961271317134429e+01,1.0847562362012484e+01,1.3158781480189960e+01,1.0961271317134429e+01,1.3158781480189960e+01,6.0411119074282418e+00,1.3158781480189960e+01,1.2168804233857660e+01,1.3158781480189960e+01,6.0411119074282418e+00,1.0847562362012484e+01,1.0847562362012484e+01,1.2590328774839874e+01,1.3158781480189960e+01,1.3158781480189960e+01,1.2590328774839874e+01,1.0961271317134429e+01,9.3634953141806165e-01,1.0847562362012484e+01,9.3634953141806165e-01,1.8699781997889879e+00,9.0994933061509222e+00,1.3158781480189960e+01,9.0994933061509222e+00,4.7883888170749094e+00,1.3158781480189960e+01,1.0847562362012484e+01,1.3158781480189960e+01,2.8551284090371034e+00,1.0847562362012484e+01,4.7883888170749094e+00,1.2168804233857660e+01,9.0994933061509222e+00,1.3158781480189960e+01,9.3634953141806165e-01,1.0847562362012484e+01,1.0847562362012484e+01,1.2168804233857660e+01,1.2168804233857660e+01,1.0847562362012484e+01,1.0847562362012484e+01,1.3158781480189960e+01,9.3634953141806165e-01,6.5896708448381904e+00,1.0847562362012484e+01,5.3948635586015268e+00,1.3158781480189960e+01,5.3948635586015268e+00,1.3158781480189960e+01,1.3158781480189960e+01,5.3948635586015268e+00,1.2590328774839874e+01,1.0847562362012484e+01,1.2590328774839874e+01,1.2590328774839874e+01,1.2590328774839874e+01,1.2590328774839874e+01,1.2590328774839874e+01,1.3158781480189960e+01,1.2590328774839874e+01,9.3634953141806165e-01,4.7883888170749094e+00,8.3080380257771971e+00,4.7883888170749094e+00,1.0847562362012484e+01,1.0961271317134429e+01,8.3080380257771971e+00,1.3158781480189960e+01,1.0961271317134429e+01,1.0847562362012484e+01,1.2590328774839874e+01,1.3158781480189960e+01,1.2590328774839874e+01,1.2590328774839874e+01,1.2590328774839874e+01,1.2590328774839874e+01,1.0961271317134429e+01,8.3080380257771971e+00,1.3158781480189960e+01,6.5896708448381904e+00,6.5896708448381904e+00,6.0411119074282418e+00,6.5896708448381904e+00,1.3158781480189960e+01,1.0961271317134429e+01,1.3158781480189960e+01,1.0961271317134429e+01,5.3948635586015268e+00,1.2590328774839874e+01,0.0000000000000000e+00,9.0994933061509222e+00,6.0411119074282418e+00,3.6109501785303957e+00,1.3158781480189960e+01,9.0994933061509222e+00,1.3158781480189960e+01,1.3158781480189960e+01,9.3634953141806165e-01,1.0847562362012484e+01,6.0411119074282418e+00,1.0847562362012484e+01,1.3158781480189960e+01,6.5896708448381904e+00,2.8551284090371034e+00,6.5896708448381904e+00,6.0411119074282418e+00,8.3080380257771971e+00,1.0961271317134429e+01,5.3948635586015268e+00,6.5896708448381904e+00,4.7883888170749094e+00,1.0847562362012484e+01,1.0847562362012484e+01,1.2590328774839874e+01,1.3158781480189960e+01,1.3158781480189960e+01,1.0961271317134429e+01,1.3158781480189960e+01,1.3158781480189960e+01,1.0847562362012484e+01,1.2590328774839874e+01,1.0961271317134429e+01,1.0847562362012484e+01,3.6109501785303957e+00,1.2590328774839874e+01,1.0847562362012484e+01,1.0847562362012484e+01,1.0847562362012484e+01,5.3948635586015268e+00,5.3948635586015268e+00,6.0411119074282418e+00,9.0994933061509222e+00,1.3158781480189960e+01,3.6109501785303957e+00,1.3158781480189960e+01,1.0847562362012484e+01,1.3158781480189960e+01,1.3158781480189960e+01,3.6109501785303957e+00,1.0961271317134429e+01,1.2590328774839874e+01,1.0961271317134429e+01,9.3634953141806165e-01,3.6109501785303957e+00,3.6109501785303957e+00,1.0847562362012484e+01,9.0994933061509222e+00,1.3158781480189960e+01,1.3158781480189960e+01,0.0000000000000000e+00,1.2590328774839874e+01,1.3158781480189960e+01,1.3158781480189960e+01,1.3158781480189960e+01,1.2590328774839874e+01,9.0994933061509222e+00,1.3158781480189960e+01,1.3158781480189960e+01,1.8699781997889879e+00,1.3158781480189960e+01,1.2590328774839874e+01,1.3158781480189960e+01,8.3080380257771971e+00,1.0961271317134429e+01,1.2590328774839874e+01,1.3158781480189960e+01,1.3158781480189960e+01,3.6109501785303957e+00,1.0847562362012484e+01,1.0961271317134429e+01,1.0961271317134429e+01,6.5896708448381904e+00,1.0847562362012484e+01,0.0000000000000000e+00,1.2590328774839874e+01,1.3158781480189960e+01,1.0961271317134429e+01,1.2168804233857660e+01,1.3158781480189960e+01,8.3080380257771971e+00,1.2590328774839874e+01,8.3080380257771971e+00,1.2168804233857660e+01,1.0961271317134429e+01,1.0961271317134429e+01,1.2590328774839874e+01,1.2168804233857660e+01,8.3080380257771971e+00,0.0000000000000000e+00,9.3634953141806165e-01,1.0961271317134429e+01,1.0961271317134429e+01,4.7883888170749094e+00,1.0961271317134429e+01,1.0961271317134429e+01,1.0961271317134429e+01,8.3080380257771971e+00,8.3080380257771971e+00,1.2168804233857660e+01,4.7883888170749094e+00,9.0994933061509222e+00,1.0961271317134429e+01,9.0994933061509222e+00,1.2168804233857660e+01,1.2590328774839874e+01,4.7883888170749094e+00,2.8551284090371034e+00,1.3158781480189960e+01,1.3158781480189960e+01,1.2590328774839874e+01,9.0994933061509222e+00,6.5896708448381904e+00,1.0961271317134429e+01,1.2590328774839874e+01,1.2590328774839874e+01,1.3158781480189960e+01,0.0000000000000000e+00,1.3158781480189960e+01,1.3158781480189960e+01,1.3158781480189960e+01,1.3158781480189960e+01,1.0961271317134429e+01,5.3948635586015268e+00,1.3158781480189960e+01,1.2168804233857660e+01,2.8551284090371034e+00,1.3158781480189960e+01,1.3158781480189960e+01,1.0961271317134429e+01,1.0961271317134429e+01,9.0994933061509222e+00,4.7883888170749094e+00,1.2590328774839874e+01,6.5896708448381904e+00,6.5896708448381904e+00,1.2590328774839874e+01,1.2590328774839874e+01,8.3080380257771971e+00,1.2590328774839874e+01,1.3158781480189960e+01,0.0000000000000000e+00,9.3634953141806165e-01,1.2590328774839874e+01,5.3948635586015268e+00,1.3158781480189960e+01,4.7883888170749094e+00,1.3158781480189960e+01,1.0847562362012484e+01,2.8551284090371034e+00,1.3158781480189960e+01,6.5896708448381904e+00,1.3158781480189960e+01,1.3158781480189960e+01,1.2168804233857660e+01,0.0000000000000000e+00,1.0847562362012484e+01,1.8699781997889879e+00,1.8699781997889879e+00,1.2590328774839874e+01,1.2590328774839874e+01,1.0847562362012484e+01,1.0961271317134429e+01,9.0994933061509222e+00,4.7883888170749094e+00,9.0994933061509222e+00,4.7883888170749094e+00,1.0847562362012484e+01,1.2590328774839874e+01,6.5896708448381904e+00,2.8551284090371034e+00,4.7883888170749094e+00,1.2168804233857660e+01,1.8699781997889879e+00,1.0961271317134429e+01,1.0847562362012484e+01,1.2168804233857660e+01,1.8699781997889879e+00,1.2590328774839874e+01,1.2590328774839874e+01,1.3158781480189960e+01,0.0000000000000000e+00,2.8551284090371034e+00,1.2168804233857660e+01,1.2168804233857660e+01,1.2168804233857660e+01,3.6109501785303957e+00,1.3158781480189960e+01,4.7883888170749094e+00,1.2590328774839874e+01,1.2590328774839874e+01,1.2168804233857660e+01,1.0847562362012484e+01,4.7883888170749094e+00,1.2590328774839874e+01,1.3158781480189960e+01,1.0847562362012484e+01,4.7883888170749094e+00,1.2590328774839874e+01,1.3158781480189960e+01,1.3158781480189960e+01,2.8551284090371034e+00,3.6109501785303957e+00,1.2168804233857660e+01,1.2590328774839874e+01,1.0847562362012484e+01,1.2168804233857660e+01,9.0994933061509222e+00,2.8551284090371034e+00,9.0994933061509222e+00,6.5896708448381904e+00,1.2168804233857660e+01,9.3634953141806165e-01,1.2168804233857660e+01,1.0961271317134429e+01,1.3158781480189960e+01,1.2168804233857660e+01,0.0000000000000000e+00,1.0961271317134429e+01,1.0961271317134429e+01
5.2966512527429082e+00,1.6470444494122636e+00,1.2610067136770219e+01,2.7927648437202199e+00,2.7927648437202199e+00,6.5232445194817998e+00,6.5232445194817998e+00,7.3321664574809535e+00,1.3646683047298357e+01,1.1119987764287293e+01,1.3646683047298357e+01,9.4311522108231287e+00,1.1119987764287293e+01,7.3321664574809535e+00,1.1119987764287293e+01,1.2680073091734423e+01,1.6470444494122636e+00,4.5997075346941454e+00,1.2680073091734423e+01,1.2680073091734423e+01,1.1119987764287293e+01,1.1119987764287293e+01,1.1119987764287293e+01,2.7927648437202199e+00,0.0000000000000000e+00,1.2680073091734423e+01,6.5232445194817998e+00,3.5539650870199067e+00,9.4311522108231287e+00,1.3646683047298357e+01,1.3646683047298357e+01,1.1119987764287293e+01,7.7164438353570981e+00,3.5539650870199067e+00,1.1119987764287293e+01,1.0000221331550536e+01,1.1119987764287293e+01,9.6836053900205166e-01,7.7164438353570981e+00,1.2610067136770219e+01,1.2610067136770219e+01,6.5232445194817998e+00,5.2966512527429082e+00,5.2966512527429082e+00,1.2680073091734423e+01,1.1119987764287293e+01,7.3321664574809535e+00,1.2610067136770219e+01,1.2610067136770219e+01,1.2680073091734423e+01,7.3321664574809535e+00,7.7164438353570981e+00,7.7164438353570981e+00,1.2680073091734423e+01,1.2610067136770219e+01,0.0000000000000000e+00,1.2680073091734423e+01,1.2680073091734423e+01,3.5539650870199067e+00,3.5539650870199067e+00,9.4311522108231287e+00,1.2680073091734423e+01,7.3321664574809535e+00,5.2966512527429082e+00,1.0000221331550536e+01,3.5539650870199067e+00,2.7927648437202199e+00,7.3321664574809535e+00,5.2966512527429082e+00,9.6836053900205166e-01,3.5539650870199067e+00,0.0000000000000000e+00,1.2610067136770219e+01,1.1119987764287293e+01,1.2680073091734423e+01,1.1119987764287293e+01,1.1119987764287293e+01,4.5997075346941454e+00,1.2610067136770219e+01,1.0000221331550536e+01,0.0000000000000000e+00,1.2680073091734423e+01,1.2610067136770219e+01,2.7927648437202199e+00,1.2680073091734423e+01,7.7164438353570981e+00,1.0000221331550536e+01,5.2966512527429082e+00,1.1119987764287293e+01,1.3646683047298357e+01,1.0000221331550536e+01,5.2966512527429082e+00,9.6836053900205166e-01,5.2966512527429082e+00,1.2610067136770219e+01,1.2680073091734423e+01,1.1119987764287293e+01,6.5232445194817998e+00,1.1119987764287293e+01,5.2966512527429082e+00,1.0000221331550536e+01,9.4311522108231287e+00,1.0000221331550536e+01,1.2680073091734423e+01,1.2680073091734423e+01,9.6836053900205166e-01,1.1119987764287293e+01,1.1119987764287293e+01,1.1119987764287293e+01,9.4311522108231287e+00,1.2610067136770219e+01,1.1119987764287293e+01,0.0000000000000000e+00,1.2610067136770219e+01,1.2610067136770219e+01,1.2610067136770219e+01,1.2610067136770219e+01,1.2610067136770219e+01,1.1119987764287293e+01,1.2610067136770219e+01,5.2966512527429082e+00,1.1119987764287293e+01,9.6836053900205166e-01,1.1119987764287293e+01,1.1119987764287293e+01,5.2966512527429082e+00,3.5539650870199067e+00,1.6470444494122636e+00,1.2610067136770219e+01,3.5539650870199067e+00,9.6836053900205166e-01,1.3646683047298357e+01,1.3646683047298357e+01,1.6470444494122636e+00,1.6470444494122636e+00,1.0000221331550536e+01,1.3646683047298357e+01,1.3646683047298357e+01,1.2680073091734423e+01,1.2610067136770219e+01,1.6470444494122636e+00,9.6836053900205166e-01,1.3646683047298357e+01,1.1119987764287293e+01,7.7164438353570981e+00,1.3646683047298357e+01,1.1119987764287293e+01,1.1119987764287293e+01,1.2680073091734423e+01,1.1119987764287293e+01,1.0000221331550536e+01,6.5232445194817998e+00,1.2680073091734423e+01,1.2680073091734423e+01,1.2680073091734423e+01,1.2610067136770219e+01,1.2680073091734423e+01,6.5232445194817998e+00,7.7164438353570981e+00,1.2680073091734423e+01,1.0000221331550536e+01,1.2680073091734423e+01,1.0000221331550536e+01,1.0000221331550536e+01,1.1119987764287293e+01,1.1119987764287293e+01,6.5232445194817998e+00,4.5997075346941454e+00,4.5997075346941454e+00,0.0000000000000000e+00,1.1119987764287293e+01,7.7164438353570981e+00,1.6470444494122636e+00,1.2680073091734423e+01,1.6470444494122636e+00,5.2966512527429082e+00,1.2610067136770219e+01,7.7164438353570981e+00,2.7927648437202199e+00,7.7164438353570981e+00,5.2966512527429082e+00,1.1119987764287293e+01,1.1119987764287293e+01,1.1119987764287293e+01,7.3321664574809535e+00,1.1119987764287293e+01,0.0000000000000000e+00,2.7927648437202199e+00,2.7927648437202199e+00,1.2610067136770219e+01,1.2610067136770219e+01,4.5997075346941454e+00,0.0000000000000000e+00,1.1119987764287293e+01,6.5232445194817998e+00,1.3646683047298357e+01,1.6470444494122636e+00,2.7927648437202199e+00,1.0000221331550536e+01,7.3321664574809535e+00,7.7164438353570981e+00,6.5232445194817998e+00,1.0000221331550536e+01,1.2610067136770219e+01,1.1119987764287293e+01,3.5539650870199067e+00,3.5539650870199067e+00,1.0000221331550536e+01,7.7164438353570981e+00,7.3321664574809535e+00,1.1119987764287293e+01,1.6470444494122636e+00,7.3321664574809535e+00,9.6836053900205166e-01,3.5539650870199067e+00,1.0000221331550536e+01,1.2680073091734423e+01,5.2966512527429082e+00,7.3321664574809535e+00,1.3646683047298357e+01,1.3646683047298357e+01,9.6836053900205166e-01,1.3646683047298357e+01,1.0000221331550536e+01,1.0000221331550536e+01,1.2680073091734423e+01,1.2680073091734423e+01,1.1119987764287293e+01,1.2610067136770219e+01,1.1119987764287293e+01,1.1119987764287293e+01,1.2680073091734423e+01,1.2680073091734423e+01,7.7164438353570981e+00,1.3646683047298357e+01,1.3646683047298357e+01,1.3646683047298357e+01,1.3646683047298357e+01,4.5997075346941454e+00,1.1119987764287293e+01,1.3646683047298357e+01,9.6836053900205166e-01,1.1119987764287293e+01,1.1119987764287293e+01,1.3646683047298357e+01,1.3646683047298357e+01,1.3646683047298357e+01,1.3646683047298357e+01,1.0000221331550536e+01,1.3646683047298357e+01,1.6470444494122636e+00,5.2966512527429082e+00,1.3646683047298357e+01,1.3646683047298357e+01,1.1119987764287293e+01,0.0000000000000000e+00,1.1119987764287293e+01,0.0000000000000000e+00,3.5539650870199067e+00,1.0000221331550536e+01,2.7927648437202199e+00,1.1119987764287293e+01,1.2680073091734423e+01,0.0000000000000000e+00,9.6836053900205166e-01,2.7927648437202199e+00,9.6836053900205166e-01,1.1119987764287293e+01,1.2610067136770219e+01,1.1119987764287293e+01,3.5539650870199067e+00,1.2610067136770219e+01,0.0000000000000000e+00,1.2680073091734423e+01,1.6470444494122636e+00,1.0000221331550536e+01,1.0000221331550536e+01,7.3321664574809535e+00,9.6836053900205166e-01,1.2680073091734423e+01,7.7164438353570981e+00,7.3321664574809535e+00,4.5997075346941454e+00,7.3321664574809535e+00,1.3646683047298357e+01,7.3321664574809535e+00,7.3321664574809535e+00,2.7927648437202199e+00,1.2680073091734423e+01,1.3646683047298357e+01,1.6470444494122636e+00,0.0000000000000000e+00,5.2966512527429082e+00,5.2966512527429082e+00,1.6470444494122636e+00,7.3321664574809535e+00,3.5539650870199067e+00,7.3321664574809535e+00,1.1119987764287293e+01,1.6470444494122636e+00,5.2966512527429082e+00,1.3646683047298357e+01,9.4311522108231287e+00,7.3321664574809535e+00,1.3646683047298357e+01,1.3646683047298357e+01,5.2966512527429082e+00,5.2966512527429082e+00,4.5997075346941454e+00,1.1119987764287293e+01,5.2966512527429082e+00,1.3646683047298357e+01,1.2680073091734423e+01,1.3646683047298357e+01,1.3646683047298357e+01,4.5997075346941454e+00,1.2680073091734423e+01,9.4311522108231287e+00,1.1119987764287293e+01,2.7927648437202199e+00,9.6836053900205166e-01,7.3321664574809535e+00,1.1119987764287293e+01,3.5539650870199067e+00,7.3321664574809535e+00,5.2966512527429082e+00,0.0000000000000000e+00,0.0000000000000000e+00,7.3321664574809535e+00,1.0000221331550536e+01,1.3646683047298357e+01,1.0000221331550536e+01,1.1119987764287293e+01,4.5997075346941454e+00,1.3646683047298357e+01,3.5539650870199067e+00,1.3646683047298357e+01,5.2966512527429082e+00,0.0000000000000000e+00,1.1119987764287293e+01,5.2966512527429082e+00,9.6836053900205166e-01,5.2966512527429082e+00,2.7927648437202199e+00,5.2966512527429082e+00,1.3646683047298357e+01,1.3646683047298357e+01,1.3646683047298357e+01,1.3646683047298357e+01,2.7927648437202199e+00,1.1119987764287293e+01,1.2680073091734423e+01,1.0000221331550536e+01,1.1119987764287293e+01,1.2680073091734423e+01,1.3646683047298357e+01,1.2680073091734423e+01,1.2680073091734423e+01,5.2966512527429082e+00,1.2680073091734423e+01,1.2610067136770219e+01,4.5997075346941454e+00,7.3321664574809535e+00,1.3646683047298357e+01,1.2680073091734423e+01,1.1119987764287293e+01,9.4311522108231287e+00,1.0000221331550536e+01,1.0000221331550536e+01,1.3646683047298357e+01,1.3646683047298357e+01,1.0000221331550536e+01,6.5232445194817998e+00,1.3646683047298357e+01,1.1119987764287293e+01,1.0000221331550536e+01,1.3646683047298357e+01,9.6836053900205166e-01,1.3646683047298357e+01,1.3646683047298357e+01,1.2680073091734423e+01,1.3646683047298357e+01,1.3646683047298357e+01,1.3646683047298357e+01,1.0000221331550536e+01,1.0000221331550536e+01,1.0000221331550536e+01,1.0000221331550536e+01,1.3646683047298357e+01,7.7164438353570981e+00,1.3646683047298357e+01,1.2680073091734423e+01,1.2680073091734423e+01,1.1119987764287293e+01,5.2966512527429082e+00,1.2680073091734423e+01,1.2680073091734423e+01,1.2680073091734423e+01,1.1119987764287293e+01,1.2680073091734423e+01,1.2610067136770219e+01,0.0000000000000000e+00,1.1119987764287293e+01,1.2610067136770219e+01,1.2680073091734423e+01,1.3646683047298357e+01,1.2680073091734423e+01,4.5997075346941454e+00,1.1119987764287293e+01,1.2610067136770219e+01,1.2680073091734423e+01,0.0000000000000000e+00,1.2610067136770219e+01,1.2680073091734423e+01,3.5539650870199067e+00,1.2610067136770219e+01,5.2966512527429082e+00,1.1119987764287293e+01,1.2680073091734423e+01,9.6836053900205166e-01,1.1119987764287293e+01,1.2610067136770219e+01,9.6836053900205166e-01,1.2680073091734423e+01,1.2680073091734423e+01,1.1119987764287293e+01,1.3646683047298357e+01,0.0000000000000000e+00,1.2680073091734423e+01,6.5232445194817998e+00,1.0000221331550536e+01,1.2680073091734423e+01,1.2680073091734423e+01,9.4311522108231287e+00,1.2680073091734423e+01,3.5539650870199067e+00,9.4311522108231287e+00,9.4311522108231287e+00,1.3646683047298357e+01,1.2680073091734423e+01,0.0000000000000000e+00,1.2680073091734423e+01,1.2680073091734423e+01,1.2610067136770219e+01,0.0000000000000000e+00,7.7164438353570981e+00,1.3646683047298357e+01,1.2680073091734423e+01,1.2680073091734423e+01,7.3321664574809535e+00,1.3646683047298357e+01,1.0000221331550536e+01,1.3646683047298357e+01,5.2966512527429082e+00,1.0000221331550536e+01,5.2966512527429082e+00,7.7164438353570981e+00,4.5997075346941454e+00,4.5997075346941454e+00,1.3646683047298357e+01,7.7164438353570981e+00,9.4311522108231287e+00,1.2610067136770219e+01,1.0000221331550536e+01,1.3646683047298357e+01,2.7927648437202199e+00,1.3646683047298357e+01,1.1119987764287293e+01,1.2680073091734423e+01,1.0000221331550536e+01,9.6836053900205166e-01,1.3646683047298357e+01,1.2610067136770219e+01,1.2680073091734423e+01,1.3646683047298357e+01,1.2680073091734423e+01,1.1119987764287293e+01,1.3646683047298357e+01,9.4311522108231287e+00,7.3321664574809535e+00,0.0000000000000000e+00,3.5539650870199067e+00,7.7164438353570981e+00,7.7164438353570981e+00,1.2610067136770219e+01,1.2680073091734423e+01,1.0000221331550536e+01,1.1119987764287293e+01,1.0000221331550536e+01,3.5539650870199067e+00,1.2680073091734423e+01,1.0000221331550536e+01,1.2610067136770219e+01,1.2680073091734423e+01,1.2610067136770219e+01,1.2680073091734423e+01,2.7927648437202199e+00,1.2680073091734423e+01,0.0000000000000000e+00,2.7927648437202199e+00,3.5539650870199067e+00,3.5539650870199067e+00,1.2610067136770219e+01,1.2610067136770219e+01,1.1119987764287293e+01,1.3646683047298357e+01,1.3646683047298357e+01,1.2610067136770219e+01,0.0000000000000000e+00,1.2680073091734423e+01,1.3646683047298357e+01,9.6836053900205166e-01,1.0000221331550536e+01,1.2610067136770219e+01,0.0000000000000000e+00,1.3646683047298357e+01,1.1119987764287293e+01,0.0000000000000000e+00,7.7164438353570981e+00,1.2610067136770219e+01,1.3646683047298357e+01,1.2610067136770219e+01,1.3646683047298357e+01,9.4311522108231287e+00,1.1119987764287293e+01,0.0000000000000000e+00,4.5997075346941454e+00,1.1119987764287293e+01,1.3646683047298357e+01,3.5539650870199067e+00,6.5232445194817998e+00,1.6470444494122636e+00,4.5997075346941454e+00,5.2966512527429082e+00,5.2966512527429082e+00,1.2610067136770219e+01,1.1119987764287293e+01,1.2680073091734423e+01,6.5232445194817998e+00,1.3646683047298357e+01,1.1119987764287293e+01,1.3646683047298357e+01,1.2680073091734423e+01,7.7164438353570981e+00,7.7164438353570981e+00,9.4311522108231287e+00,0.0000000000000000e+00,6.5232445194817998e+00,9.4311522108231287e+00,1.0000221331550536e+01,0.0000000000000000e+00,9.6836053900205166e-01,1.3646683047298357e+01,1.1119987764287293e+01,2.7927648437202199e+00,1.3646683047298357e+01,9.6836053900205166e-01,1.3646683047298357e+01,1.0000221331550536e+01,1.1119987764287293e+01,1.2680073091734423e+01,1.6470444494122636e+00,1.0000221331550536e+01,3.5539650870199067e+00,7.7164438353570981e+00,2.7927648437202199e+00,5.2966512527429082e+00,9.4311522108231287e+00,1.3646683047298357e+01,7.7164438353570981e+00,1.2680073091734423e+01,1.2680073091734423e+01,1.3646683047298357e+01,1.2610067136770219e+01,9.4311522108231287e+00,5.2966512527429082e+00,1.2680073091734423e+01,1.2680073091734423e+01,9.6836053900205166e-01,7.3321664574809535e+00,1.3646683047298357e+01,7.7164438353570981e+00,1.3646683047298357e+01,7.7164438353570981e+00,1.2610067136770219e+01,7.7164438353570981e+00,7.7164438353570981e+00,2.7927648437202199e+00,1.2680073091734423e+01,5.2966512527429082e+00,7.7164438353570981e+00,7.7164438353570981e+00,1.2680073091734423e+01,1.3646683047298357e+01,1.3646683047298357e+01,1.2680073091734423e+01,1.2680073091734423e+01,1.2680073091734423e+01,6.5232445194817998e+00,3.5539650870199067e+00,2.7927648437202199e+00,1.3646683047298357e+01,9.6836053900205166e-01,1.2680073091734423e+01,1.3646683047298357e+01,3.5539650870199067e+00,1.2680073091734423e+01,1.3646683047298357e+01,1.2680073091734423e+01,1.2680073091734423e+01,1.2680073091734423e+01,1.2680073091734423e+01,1.2680073091734423e+01,1.1119987764287293e+01,2.7927648437202199e+00,1.2680073091734423e+01,1.3646683047298357e+01,1.2680073091734423e+01,9.4311522108231287e+00,1.6470444494122636e+00,1.3646683047298357e+01,7.3321664574809535e+00,1.2680073091734423e+01,7.7164438353570981e+00,3.5539650870199067e+00,9.4311522108231287e+00,7.7164438353570981e+00,3.5539650870199067e+00,9.6836053900205166e-01,1.2680073091734423e+01,1.0000221331550536e+01,1.1119987764287293e+01,1.2680073091734423e+01,7.7164438353570981e+00,1.0000221331550536e+01,7.7164438353570981e+00,7.7164438353570981e+00,0.0000000000000000e+00,0.0000000000000000e+00,7.7164438353570981e+00,1.2610067136770219e+01,1.2680073091734423e+01,7.7164438353570981e+00,7.7164438353570981e+00,1.6470444494122636e+00,9.4311522108231287e+00,1.1119987764287293e+01,9.6836053900205166e-01,7.7164438353570981e+00,5.2966512527429082e+00,6.5232445194817998e+00,1.1119987764287293e+01,1.1119987764287293e+01,1.1119987764287293e+01,2.7927648437202199e+00,4.5997075346941454e+00,1.3646683047298357e+01,7.7164438353570981e+00,1.2680073091734423e+01,7.3321664574809535e+00,1.6470444494122636e+00,7.3321664574809535e+00,3.5539650870199067e+00,1.3646683047298357e+01,1.3646683047298357e+01,0.0000000000000000e+00,1.2680073091734423e+01,4.5997075346941454e+00,1.2680073091734423e+01,7.7164438353570981e+00,5.2966512527429082e+00,1.3646683047298357e+01,1.2680073091734423e+01,1.2680073091734423e+01,1.3646683047298357e+01,1.1119987764287293e+01,7.7164438353570981e+00,1.0000221331550536e+01,1.1119987764287293e+01,1.3646683047298357e+01,5.2966512527429082e+00,1.2680073091734423e+01,1.3646683047298357e+01,1.2680073091734423e+01,1.2680073091734423e+01,1.2610067136770219e+01,1.2610067136770219e+01,7.7164438353570981e+00,1.1119987764287293e+01,1.3646683047298357e+01,1.3646683047298357e+01,1.0000221331550536e+01,9.4311522108231287e+00,1.2680073091734423e+01,9.4311522108231287e+00,9.4311522108231287e+00,1.2610067136770219e+01,9.4311522108231287e+00,1.3646683047298357e+01,1.3646683047298357e+01,1.2680073091734423e+01,1.2610067136770219e+01,0.0000000000000000e+00,1.0000221331550536e+01,6.5232445194817998e+00,1.3646683047298357e+01,7.7164438353570981e+00,6.5232445194817998e+00,1.2680073091734423e+01,7.7164438353570981e+00,2.7927648437202199e+00,9.4311522108231287e+00,0.0000000000000000e+00,1.2680073091734423e+01,1.2610067136770219e+01,9.4311522108231287e+00,1.1119987764287293e+01,1.3646683047298357e+01,1.2680073091734423e+01,6.5232445194817998e+00,1.3646683047298357e+01,1.0000221331550536e+01,9.6836053900205166e-01,1.2680073091734423e+01,7.3321664574809535e+00,1.2680073091734423e+01,1.2680073091734423e+01,5.2966512527429082e+00,7.3321664574809535e+00,1.0000221331550536e+01,1.1119987764287293e+01,1.2680073091734423e+01,1.1119987764287293e+01,1.2680073091734423e+01,1.2680073091734423e+01,1.2680073091734423e+01,7.7164438353570981e+00,7.7164438353570981e+00,1.3646683047298357e+01,1.0000221331550536e+01,1.2680073091734423e+01,3.5539650870199067e+00,7.7164438353570981e+00,1.2610067136770219e+01,1.3646683047298357e+01,6.5232445194817998e+00,1.0000221331550536e+01,1.2680073091734423e+01,1.2680073091734423e+01,1.2610067136770219e+01,1.2610067136770219e+01,1.3646683047298357e+01,1.2680073091734423e+01,1.6470444494122636e+00,9.4311522108231287e+00,1.3646683047298357e+01,0.0000000000000000e+00,7.7164438353570981e+00,7.3321664574809535e+00,7.3321664574809535e+00,9.4311522108231287e+00,7.7164438353570981e+00,7.3321664574809535e+00,6.5232445194817998e+00,7.3321664574809535e+00,1.2680073091734423e+01,1.2610067136770219e+01,1.3646683047298357e+01,1.2680073091734423e+01,1.2610067136770219e+01,7.3321664574809535e+00,1.2680073091734423e+01,7.3321664574809535e+00,1.2680073091734423e+01,1.2680073091734423e+01,7.7164438353570981e+00,6.5232445194817998e+00,9.4311522108231287e+00,0.0000000000000000e+00,7.3321664574809535e+00,9.4311522108231287e+00,7.3321664574809535e+00,5.2966512527429082e+00,9.4311522108231287e+00,1.2610067136770219e+01,1.1119987764287293e+01,3.5539650870199067e+00,3.5539650870199067e+00,1.1119987764287293e+01,4.5997075346941454e+00,1.2680073091734423e+01,7.3321664574809535e+00,4.5997075346941454e+00,1.2610067136770219e+01,1.2680073091734423e+01,1.3646683047298357e+01,5.2966512527429082e+00,5.2966512527429082e+00,1.3646683047298357e+01,1.3646683047298357e+01,9.4311522108231287e+00,3.5539650870199067e+00,1.2680073091734423e+01,6.5232445194817998e+00,1.2680073091734423e+01,1.3646683047298357e+01,3.5539650870199067e+00,1.2680073091734423e+01,1.1119987764287293e+01,0.0000000000000000e+00,1.2610067136770219e+01,6.5232445194817998e+00,1.2610067136770219e+01,9.4311522108231287e+00,9.4311522108231287e+00,1.3646683047298357e+01,9.6836053900205166e-01,3.5539650870199067e+00,1.2680073091734423e+01,9.6836053900205166e-01,1.2680073091734423e+01,7.3321664574809535e+00,1.2610067136770219e+01,7.3321664574809535e+00,1.2680073091734423e+01,1.2680073091734423e+01,1.2680073091734423e+01,1.1119987764287293e+01,7.3321664574809535e+00,7.7164438353570981e+00,1.3646683047298357e+01,6.5232445194817998e+00,1.2680073091734423e+01,7.7164438353570981e+00,5.2966512527429082e+00,1.2610067136770219e+01,3.5539650870199067e+00,1.2680073091734423e+01,1.2680073091734423e+01,1.0000221331550536e+01,1.2680073091734423e+01,1.2680073091734423e+01,6.5232445194817998e+00,1.3646683047298357e+01,5.2966512527429082e+00,1.3646683047298357e+01,9.6836053900205166e-01,1.0000221331550536e+01,1.2610067136770219e+01,1.1119987764287293e+01,1.1119987764287293e+01,7.3321664574809535e+00,7.7164438353570981e+00,5.2966512527429082e+00,1.3646683047298357e+01,7.3321664574809535e+00,9.4311522108231287e+00,6.5232445194817998e+00,1.2680073091734423e+01,7.7164438353570981e+00,4.5997075346941454e+00,9.6836053900205166e-01,1.2610067136770219e+01,1.2610067136770219e+01,1.2680073091734423e+01,1.2610067136770219e+01,1.1119987764287293e+01,1.3646683047298357e+01,1.2610067136770219e+01,3.5539650870199067e+00,9.6836053900205166e-01,1.3646683047298357e+01,3.5539650870199067e+00,9.4311522108231287e+00,1.1119987764287293e+01,1.3646683047298357e+01,1.1119987764287293e+01,1.3646683047298357e+01,1.3646683047298357e+01,1.1119987764287293e+01,1.1119987764287293e+01,0.0000000000000000e+00,0.0000000000000000e+00,2.7927648437202199e+00,7.3321664574809535e+00,5.2966512527429082e+00,1.2610067136770219e+01,7.3321664574809535e+00,1.2680073091734423e+01,1.2610067136770219e+01,1.1119987764287293e+01,7.3321664574809535e+00,1.2680073091734423e+01,7.3321664574809535e+00,1.1119987764287293e+01,1.3646683047298357e+01,1.3646683047298357e+01,7.7164438353570981e+00,1.0000221331550536e+01,1.3646683047298357e+01,5.2966512527429082e+00,1.3646683047298357e+01,1.3646683047298357e+01,7.7164438353570981e+00,2.7927648437202199e+00,3.5539650870199067e+00,1.3646683047298357e+01,7.7164438353570981e+00,1.2610067136770219e+01,1.2610067136770219e+01,7.3321664574809535e+00,1.3646683047298357e+01,7.3321664574809535e+00,1.2610067136770219e+01,7.7164438353570981e+00,1.2610067136770219e+01,1.2610067136770219e+01,3.5539650870199067e+00,2.7927648437202199e+00,6.5232445194817998e+00,4.5997075346941454e+00,1.2680073091734423e+01,1.3646683047298357e+01,4.5997075346941454e+00,1.2610067136770219e+01,3.5539650870199067e+00,1.2610067136770219e+01,6.5232445194817998e+00,1.3646683047298357e+01,1.2680073091734423e+01,1.2610067136770219e+01,1.2680073091734423e+01,0.0000000000000000e+00,6.5232445194817998e+00,1.2610067136770219e+01,6.5232445194817998e+00,1.1119987764287293e+01,1.0000221331550536e+01,7.7164438353570981e+00,5.2966512527429082e+00,9.4311522108231287e+00,1.1119987764287293e+01,6.5232445194817998e+00,1.3646683047298357e+01,5.2966512527429082e+00,7.7164438353570981e+00,1.1119987764287293e+01,0.0000000000000000e+00,7.7164438353570981e+00,5.2966512527429082e+00,1.1119987764287293e+01,1.1119987764287293e+01,1.1119987764287293e+01,1.1119987764287293e+01,1.1119987764287293e+01,1.1119987764287293e+01,9.4311522108231287e+00,1.2680073091734423e+01,1.0000221331550536e+01,9.6836053900205166e-01,1.1119987764287293e+01,1.2610067136770219e+01,1.2680073091734423e+01,9.4311522108231287e+00,0.0000000000000000e+00,1.3646683047298357e+01,7.3321664574809535e+00,6.5232445194817998e+00,0.0000000000000000e+00,1.2680073091734423e+01,1.1119987764287293e+01,1.2610067136770219e+01,7.7164438353570981e+00,1.1119987764287293e+01,1.3646683047298357e+01,9.4311522108231287e+00,1.3646683047298357e+01,9.4311522108231287e+00,1.0000221331550536e+01,6.5232445194817998e+00,9.4311522108231287e+00,1.1119987764287293e+01,1.1119987764287293e+01,1.1119987764287293e+01,1.3646683047298357e+01,1.1119987764287293e+01,1.3646683047298357e+01,7.3321664574809535e+00,3.5539650870199067e+00,1.2680073091734423e+01,0.0000000000000000e+00,1.2680073091734423e+01,5.2966512527429082e+00,9.6836053900205166e-01,9.4311522108231287e+00,1.2680073091734423e+01,1.2680073091734423e+01,1.2680073091734423e+01,1.1119987764287293e+01,3.5539650870199067e+00
1.2623848524840856e+01,7.4258798044339036e+00,1.2623848524840856e+01,1.7212214349006434e+00,1.1036210777254123e+01,7.4258798044339036e+00,7.4258798044339036e+00,1.1036210777254123e+01,1.3387231338545179e+01,0.0000000000000000e+00,1.0995553566633969e+01,1.0995553566633969e+01,1.0995553566633969e+01,1.0995553566633969e+01,1.0995553566633969e+01,1.0995553566633969e+01,1.1036210777254123e+01,1.1036210777254123e+01,1.3387231338545179e+01,1.1036210777254123e+01,2.8724191104539099e+00,9.6052147309989144e-01,1.0995553566633969e+01,2.8724191104539099e+00,7.4258798044339036e+00,1.3387231338545179e+01,1.0995553566633969e+01,0.0000000000000000e+00,1.0995553566633969e+01,1.0995553566633969e+01,1.0995553566633969e+01,1.1036210777254123e+01,1.0995553566633969e+01,9.2258762829489740e+00,9.2258762829489740e+00,1.1036210777254123e+01,1.2352830847663158e+01,1.3387231338545179e+01,1.3387231338545179e+01,1.3387231338545179e+01,9.6395220273547189e+00,9.2258762829489740e+00,5.5371259422952344e+00,9.2258762829489740e+00,6.1930250733506966e+00,1.0995553566633969e+01,6.1930250733506966e+00,1.2352830847663158e+01,6.1930250733506966e+00,9.6052147309989144e-01,1.0995553566633969e+01,2.8724191104539099e+00,9.6052147309989144e-01,2.8724191104539099e+00,1.2623848524840856e+01,7.4258798044339036e+00,1.1036210777254123e+01,1.1036210777254123e+01,7.4258798044339036e+00,0.0000000000000000e+00,1.1036210777254123e+01,9.2258762829489740e+00,2.8724191104539099e+00,9.2258762829489740e+00,7.4258798044339036e+00,9.2258762829489740e+00,4.5889712917734418e+00,1.2623848524840856e+01,1.3387231338545179e+01,2.8724191104539099e+00,1.2623848524840856e+01,0.0000000000000000e+00,1.3387231338545179e+01,1.2352830847663158e+01,9.2258762829489740e+00,1.2623848524840856e+01,1.2352830847663158e+01,0.0000000000000000e+00,6.1930250733506966e+00,1.0995553566633969e+01,4.0510940085329921e+00,1.0995553566633969e+01,1.2623848524840856e+01,1.1036210777254123e+01,6.1930250733506966e+00,1.1036210777254123e+01,2.8724191104539099e+00,1.1036210777254123e+01,1.2623848524840856e+01,1.0995553566633969e+01,1.0995553566633969e+01,0.0000000000000000e+00,1.1036210777254123e+01,1.2623848524840856e+01,1.1036210777254123e+01,7.4258798044339036e+00,1.0995553566633969e+01,1.0995553566633969e+01,1.0995553566633969e+01,4.0510940085329921e+00,7.4258798044339036e+00,1.2623848524840856e+01,1.2623848524840856e+01,1.2623848524840856e+01,1.1036210777254123e+01,1.0995553566633969e+01,1.2623848524840856e+01,6.1930250733506966e+00,2.8724191104539099e+00,1.2623848524840856e+01,1.2623848524840856e+01,1.3387231338545179e+01,1.2352830847663158e+01,2.8724191104539099e+00,4.5889712917734418e+00,6.1930250733506966e+00,1.7212214349006434e+00,1.2352830847663158e+01,1.2623848524840856e+01,1.2623848524840856e+01,1.2352830847663158e+01,7.4258798044339036e+00,1.2623848524840856e+01,4.0510940085329921e+00,1.2623848524840856e+01,1.2623848524840856e+01,9.6395220273547189e+00,1.1036210777254123e+01,1.1036210777254123e+01,1.1036210777254123e+01,1.1036210777254123e+01,1.1036210777254123e+01,1.2623848524840856e+01,4.5889712917734418e+00,1.2623848524840856e+01,0.0000000000000000e+00,7.4258798044339036e+00,7.4258798044339036e+00,0.0000000000000000e+00,1.1036210777254123e+01,0.0000000000000000e+00,1.2623848524840856e+01,0.0000000000000000e+00,4.0510940085329921e+00,1.2623848524840856e+01,1.3387231338545179e+01,1.0995553566633969e+01,1.7212214349006434e+00,9.6052147309989144e-01,1.0995553566633969e+01,1.3387231338545179e+01,9.6395220273547189e+00,1.0995553566633969e+01,4.5889712917734418e+00,9.2258762829489740e+00,1.0995553566633969e+01,1.2352830847663158e+01,1.0995553566633969e+01,1.0995553566633969e+01,1.0995553566633969e+01,0.0000000000000000e+00,4.0510940085329921e+00,4.5889712917734418e+00,4.5889712917734418e+00,1.0995553566633969e+01,1.2623848524840856e+01,1.0995553566633969e+01,1.3387231338545179e+01,7.4258798044339036e+00,1.3387231338545179e+01,4.0510940085329921e+00,1.0995553566633969e+01,7.4258798044339036e+00,7.4258798044339036e+00,7.4258798044339036e+00,1.2623848524840856e+01,1.2623848524840856e+01,0.0000000000000000e+00,1.7212214349006434e+00,7.4258798044339036e+00,7.4258798044339036e+00,1.0995553566633969e+01,1.1036210777254123e+01,1.1036210777254123e+01,1.1036210777254123e+01,1.7212214349006434e+00,1.2352830847663158e+01,7.4258798044339036e+00,1.2352830847663158e+01,7.4258798044339036e+00,1.7212214349006434e+00,1.2623848524840856e+01,1.2623848524840856e+01,7.4258798044339036e+00,1.2623848524840856e+01,1.3387231338545179e+01,9.6052147309989144e-01,1.3387231338545179e+01,1.2352830847663158e+01,1.2352830847663158e+01,1.3387231338545179e+01,9.6395220273547189e+00,0.0000000000000000e+00,1.1036210777254123e+01,1.7212214349006434e+00,1.2623848524840856e+01,1.7212214349006434e+00,1.7212214349006434e+00,7.4258798044339036e+00,1.2623848524840856e+01,1.1036210777254123e+01,1.2352830847663158e+01,1.7212214349006434e+00,1.1036210777254123e+01,0.0000000000000000e+00,4.5889712917734418e+00,4.5889712917734418e+00,1.0995553566633969e+01,1.0995553566633969e+01,1.1036210777254123e+01,1.3387231338545179e+01,1.2623848524840856e+01,1.3387231338545179e+01,1.1036210777254123e+01,1.1036210777254123e+01,1.3387231338545179e+01,4.5889712917734418e+00,1.1036210777254123e+01,1.2623848524840856e+01,1.2623848524840856e+01,9.2258762829489740e+00,1.2352830847663158e+01,0.0000000000000000e+00,1.0995553566633969e+01,1.0995553566633969e+01,1.2623848524840856e+01,1.3387231338545179e+01,1.1036210777254123e+01,1.3387231338545179e+01,1.3387231338545179e+01,1.3387231338545179e+01,9.6395220273547189e+00,1.0995553566633969e+01,1.7212214349006434e+00,9.2258762829489740e+00,1.7212214349006434e+00,9.2258762829489740e+00,1.2352830847663158e+01,4.5889712917734418e+00,1.2352830847663158e+01,9.2258762829489740e+00,0.0000000000000000e+00,0.0000000000000000e+00,4.5889712917734418e+00,4.0510940085329921e+00,1.2352830847663158e+01,1.2623848524840856e+01,1.0995553566633969e+01,1.2623848524840856e+01,4.0510940085329921e+00,2.8724191104539099e+00,4.0510940085329921e+00,4.0510940085329921e+00,5.5371259422952344e+00,5.5371259422952344e+00,4.5889712917734418e+00,4.5889712917734418e+00,1.0995553566633969e+01,2.8724191104539099e+00,1.3387231338545179e+01,0.0000000000000000e+00,0.0000000000000000e+00,1.2623848524840856e+01,1.2623848524840856e+01,4.0510940085329921e+00,1.2623848524840856e+01,1.2352830847663158e+01,1.2623848524840856e+01,1.0995553566633969e+01,1.7212214349006434e+00,1.3387231338545179e+01,1.3387231338545179e+01,1.3387231338545179e+01,1.3387231338545179e+01,9.6395220273547189e+00,9.6395220273547189e+00,1.1036210777254123e+01,4.0510940085329921e+00,1.2623848524840856e+01,1.3387231338545179e+01,9.6052147309989144e-01,4.5889712917734418e+00,6.1930250733506966e+00,1.2352830847663158e+01,1.2623848524840856e+01,5.5371259422952344e+00,5.5371259422952344e+00,2.8724191104539099e+00,9.2258762829489740e+00,1.2623848524840856e+01,1.3387231338545179e+01,9.2258762829489740e+00,6.1930250733506966e+00,1.0995553566633969e+01,6.1930250733506966e+00,1.2623848524840856e+01,1.2623848524840856e+01,1.1036210777254123e+01,1.2623848524840856e+01,1.1036210777254123e+01,1.0995553566633969e+01,1.3387231338545179e+01,1.1036210777254123e+01,1.3387231338545179e+01,1.3387231338545179e+01,0.0000000000000000e+00,1.2352830847663158e+01,4.5889712917734418e+00,7.4258798044339036e+00,1.2352830847663158e+01,1.1036210777254123e+01,4.0510940085329921e+00,4.0510940085329921e+00,1.1036210777254123e+01,1.2623848524840856e+01,1.2623848524840856e+01,9.2258762829489740e+00,5.5371259422952344e+00,5.5371259422952344e+00,1.3387231338545179e+01,1.2623848524840856e+01,4.0510940085329921e+00,4.0510940085329921e+00,7.4258798044339036e+00,1.2352830847663158e+01,1.2352830847663158e+01,4.5889712917734418e+00,1.2623848524840856e+01,1.2352830847663158e+01,1.2623848524840856e+01,1.2352830847663158e+01,1.3387231338545179e+01,4.5889712917734418e+00,9.2258762829489740e+00,4.0510940085329921e+00,9.2258762829489740e+00,9.2258762829489740e+00,2.8724191104539099e+00,1.3387231338545179e+01,4.0510940085329921e+00,1.2352830847663158e+01,1.3387231338545179e+01,1.7212214349006434e+00,1.7212214349006434e+00,1.2352830847663158e+01,1.3387231338545179e+01,1.3387231338545179e+01,1.3387231338545179e+01,1.2352830847663158e+01,1.7212214349006434e+00,1.7212214349006434e+00,1.2352830847663158e+01,2.8724191104539099e+00,9.6052147309989144e-01,5.5371259422952344e+00,4.5889712917734418e+00,1.3387231338545179e+01,9.2258762829489740e+00,4.0510940085329921e+00,1.3387231338545179e+01,9.2258762829489740e+00,9.6395220273547189e+00,4.5889712917734418e+00,1.2623848524840856e+01,1.2623848524840856e+01,9.2258762829489740e+00,9.2258762829489740e+00,1.2623848524840856e+01,4.5889712917734418e+00,5.5371259422952344e+00,4.5889712917734418e+00,1.3387231338545179e+01,5.5371259422952344e+00,7.4258798044339036e+00,5.5371259422952344e+00,1.3387231338545179e+01,1.3387231338545179e+01,1.3387231338545179e+01,1.2623848524840856e+01,9.2258762829489740e+00,9.6052147309989144e-01,1.1036210777254123e+01,1.1036210777254123e+01,1.2623848524840856e+01,1.1036210777254123e+01,1.2623848524840856e+01,1.3387231338545179e+01,1.2623848524840856e+01,9.6395220273547189e+00,1.7212214349006434e+00,1.3387231338545179e+01,1.2352830847663158e+01,1.2352830847663158e+01,4.0510940085329921e+00,1.3387231338545179e+01,4.0510940085329921e+00,4.0510940085329921e+00,9.6395220273547189e+00,9.6395220273547189e+00,1.3387231338545179e+01,5.5371259422952344e+00,9.6395220273547189e+00,1.1036210777254123e+01,2.8724191104539099e+00,9.6395220273547189e+00,1.0995553566633969e+01,7.4258798044339036e+00,7.4258798044339036e+00,9.2258762829489740e+00,9.2258762829489740e+00,9.2258762829489740e+00,1.1036210777254123e+01,9.2258762829489740e+00,1.2623848524840856e+01,1.3387231338545179e+01,2.8724191104539099e+00,5.5371259422952344e+00,4.0510940085329921e+00,9.6395220273547189e+00,9.6052147309989144e-01,1.0995553566633969e+01,2.8724191104539099e+00,1.0995553566633969e+01,4.0510940085329921e+00,1.2352830847663158e+01,1.3387231338545179e+01,2.8724191104539099e+00,2.8724191104539099e+00,5.5371259422952344e+00,1.2352830847663158e+01,1.0995553566633969e+01,9.2258762829489740e+00,1.0995553566633969e+01,0.0000000000000000e+00,9.2258762829489740e+00,9.2258762829489740e+00,1.3387231338545179e+01,2.8724191104539099e+00,9.2258762829489740e+00,9.2258762829489740e+00,9.6052147309989144e-01,1.2623848524840856e+01,1.2352830847663158e+01,1.7212214349006434e+00,2.8724191104539099e+00,9.2258762829489740e+00,4.0510940085329921e+00,9.2258762829489740e+00,2.8724191104539099e+00,1.0995553566633969e+01,9.6052147309989144e-01,1.3387231338545179e+01,1.7212214349006434e+00,1.3387231338545179e+01,1.2623848524840856e+01,9.6052147309989144e-01,9.6052147309989144e-01,1.3387231338545179e+01,1.3387231338545179e+01,7.4258798044339036e+00,1.1036210777254123e+01,1.3387231338545179e+01,7.4258798044339036e+00,1.2623848524840856e+01,1.2623848524840856e+01,1.2623848524840856e+01,9.6395220273547189e+00,1.2623848524840856e+01,1.0995553566633969e+01,1.2352830847663158e+01,1.2352830847663158e+01,1.1036210777254123e+01,1.1036210777254123e+01,1.1036210777254123e+01,1.2623848524840856e+01,1.0995553566633969e+01,9.6395220273547189e+00,1.0995553566633969e+01,1.2352830847663158e+01,0.0000000000000000e+00,0.0000000000000000e+00,1.2623848524840856e+01,1.1036210777254123e+01,0.0000000000000000e+00,6.1930250733506966e+00,1.3387231338545179e+01,1.3387231338545179e+01,1.7212214349006434e+00,6.1930250733506966e+00,1.1036210777254123e+01,5.5371259422952344e+00,9.2258762829489740e+00,1.3387231338545179e+01,5.5371259422952344e+00,1.0995553566633969e+01,5.5371259422952344e+00,5.5371259422952344e+00,1.2623848524840856e+01,4.0510940085329921e+00,5.5371259422952344e+00,1.3387231338545179e+01,1.3387231338545179e+01,4.5889712917734418e+00,4.0510940085329921e+00,1.7212214349006434e+00,1.3387231338545179e+01,1.3387231338545179e+01,6.1930250733506966e+00,1.2623848524840856e+01,1.2623848524840856e+01,1.3387231338545179e+01,4.5889712917734418e+00,1.0995553566633969e+01,1.2623848524840856e+01,9.6052147309989144e-01,1.2623848524840856e+01,1.0995553566633969e+01,1.0995553566633969e+01,9.6395220273547189e+00,1.1036210777254123e+01,1.2352830847663158e+01,1.3387231338545179e+01,1.3387231338545179e+01,9.6395220273547189e+00,1.7212214349006434e+00,4.5889712917734418e+00,1.3387231338545179e+01,1.0995553566633969e+01,9.6052147309989144e-01,6.1930250733506966e+00,0.0000000000000000e+00,1.3387231338545179e+01,9.6395220273547189e+00,1.1036210777254123e+01,2.8724191104539099e+00,1.7212214349006434e+00,1.2352830847663158e+01,1.3387231338545179e+01,1.1036210777254123e+01,1.1036210777254123e+01,1.3387231338545179e+01,1.2623848524840856e+01,0.0000000000000000e+00,1.0995553566633969e+01,1.2352830847663158e+01,1.0995553566633969e+01,1.1036210777254123e+01,1.0995553566633969e+01,2.8724191104539099e+00,1.0995553566633969e+01,1.2352830847663158e+01,9.6052147309989144e-01,1.1036210777254123e+01,1.7212214349006434e+00,1.0995553566633969e+01,1.2623848524840856e+01,1.1036210777254123e+01,1.3387231338545179e+01,1.0995553566633969e+01,2.8724191104539099e+00,1.3387231338545179e+01,1.2352830847663158e+01,6.1930250733506966e+00,9.6395220273547189e+00,0.0000000000000000e+00,1.1036210777254123e+01,1.3387231338545179e+01,1.2352830847663158e+01,9.6052147309989144e-01,9.2258762829489740e+00,1.7212214349006434e+00,7.4258798044339036e+00,1.3387231338545179e+01,0.0000000000000000e+00,7.4258798044339036e+00,2.8724191104539099e+00,5.5371259422952344e+00,9.2258762829489740e+00,4.0510940085329921e+00,1.3387231338545179e+01,1.2623848524840856e+01,1.2623848524840856e+01,9.2258762829489740e+00,6.1930250733506966e+00,1.0995553566633969e+01,1.2623848524840856e+01,1.2623848524840856e+01,1.0995553566633969e+01,1.2623848524840856e+01,1.2623848524840856e+01,1.7212214349006434e+00,1.1036210777254123e+01,1.1036210777254123e+01,0.0000000000000000e+00,1.2352830847663158e+01,1.0995553566633969e+01,1.3387231338545179e+01,9.2258762829489740e+00,1.3387231338545179e+01,9.6052147309989144e-01,1.0995553566633969e+01,1.2352830847663158e+01,1.2623848524840856e+01,1.3387231338545179e+01,0.0000000000000000e+00,1.2623848524840856e+01,1.2352830847663158e+01,1.3387231338545179e+01,4.0510940085329921e+00,1.3387231338545179e+01,1.3387231338545179e+01,1.0995553566633969e+01,9.2258762829489740e+00,9.2258762829489740e+00,1.2352830847663158e+01,1.3387231338545179e+01,0.0000000000000000e+00,1.2352830847663158e+01,1.0995553566633969e+01,1.3387231338545179e+01,1.1036210777254123e+01,1.1036210777254123e+01,6.1930250733506966e+00,9.6052147309989144e-01,1.2352830847663158e+01,9.2258762829489740e+00,4.0510940085329921e+00,1.1036210777254123e+01,1.3387231338545179e+01,1.3387231338545179e+01,1.3387231338545179e+01,5.5371259422952344e+00,1.1036210777254123e+01,5.5371259422952344e+00,1.1036210777254123e+01,1.7212214349006434e+00,2.8724191104539099e+00,1.0995553566633969e+01,1.2352830847663158e+01,1.3387231338545179e+01,1.3387231338545179e+01,9.2258762829489740e+00,5.5371259422952344e+00,9.2258762829489740e+00,1.3387231338545179e+01,2.8724191104539099e+00,1.2623848524840856e+01,9.6395220273547189e+00,1.1036210777254123e+01,1.1036210777254123e+01,1.3387231338545179e+01,4.0510940085329921e+00,2.8724191104539099e+00,9.2258762829489740e+00,9.6052147309989144e-01,1.7212214349006434e+00,1.3387231338545179e+01,9.6395220273547189e+00,1.3387231338545179e+01,1.0995553566633969e+01,1.3387231338545179e+01,1.3387231338545179e+01,9.6395220273547189e+00,1.0995553566633969e+01,7.4258798044339036e+00,1.0995553566633969e+01,1.3387231338545179e+01,1.7212214349006434e+00,9.6395220273547189e+00,1.3387231338545179e+01,0.0000000000000000e+00,7.4258798044339036e+00,1.3387231338545179e+01,1.3387231338545179e+01,1.3387231338545179e+01,1.2623848524840856e+01,1.3387231338545179e+01,9.6052147309989144e-01,7.4258798044339036e+00,7.4258798044339036e+00,1.7212214349006434e+00,1.2352830847663158e+01,9.6052147309989144e-01,1.3387231338545179e+01,7.4258798044339036e+00,7.4258798044339036e+00,1.7212214349006434e+00,1.2623848524840856e+01,9.2258762829489740e+00,1.3387231338545179e+01,7.4258798044339036e+00,9.2258762829489740e+00,7.4258798044339036e+00,1.2352830847663158e+01,1.2623848524840856e+01,1.7212214349006434e+00,1.7212214349006434e+00,6.1930250733506966e+00,9.6052147309989144e-01,9.6052147309989144e-01,1.1036210777254123e+01,1.2623848524840856e+01,7.4258798044339036e+00,4.0510940085329921e+00,7.4258798044339036e+00,0.0000000000000000e+00,1.3387231338545179e+01,2.8724191104539099e+00,1.3387231338545179e+01,5.5371259422952344e+00,2.8724191104539099e+00,1.2623848524840856e+01,0.0000000000000000e+00,1.0995553566633969e+01,1.3387231338545179e+01,1.2352830847663158e+01,1.3387231338545179e+01,1.2352830847663158e+01,9.6395220273547189e+00,6.1930250733506966e+00,1.2623848524840856e+01,1.3387231338545179e+01,1.2352830847663158e+01,1.2352830847663158e+01,1.2623848524840856e+01,1.3387231338545179e+01,0.0000000000000000e+00,1.2623848524840856e+01,9.6395220273547189e+00,1.7212214349006434e+00,2.8724191104539099e+00,1.1036210777254123e+01,5.5371259422952344e+00,2.8724191104539099e+00,1.3387231338545179e+01,9.6395220273547189e+00,1.2623848524840856e+01,1.2623848524840856e+01,7.4258798044339036e+00,1.3387231338545179e+01,2.8724191104539099e+00,1.3387231338545179e+01,9.6052147309989144e-01,2.8724191104539099e+00,1.0995553566633969e+01,1.2623848524840856e+01,1.2623848524840856e+01,1.2352830847663158e+01,0.0000000000000000e+00,1.0995553566633969e+01,1.0995553566633969e+01,9.6052147309989144e-01,1.2352830847663158e+01,1.2352830847663158e+01,1.2352830847663158e+01,1.2623848524840856e+01,1.0995553566633969e+01,2.8724191104539099e+00,1.3387231338545179e+01,9.2258762829489740e+00,2.8724191104539099e+00,1.1036210777254123e+01,1.3387231338545179e+01,1.2623848524840856e+01,1.3387231338545179e+01,2.8724191104539099e+00,1.3387231338545179e+01,4.5889712917734418e+00,1.3387231338545179e+01,1.2352830847663158e+01,1.2623848524840856e+01,1.7212214349006434e+00,1.3387231338545179e+01,7.4258798044339036e+00,1.0995553566633969e+01,1.2623848524840856e+01,1.0995553566633969e+01,1.2623848524840856e+01,1.3387231338545179e+01,1.2352830847663158e+01,1.3387231338545179e+01,1.0995553566633969e+01,1.3387231338545179e+01,1.3387231338545179e+01,9.6395220273547189e+00,1.3387231338545179e+01,1.2623848524840856e+01,1.0995553566633969e+01,2.8724191104539099e+00,7.4258798044339036e+00,1.2623848524840856e+01,1.0995553566633969e+01,0.0000000000000000e+00,9.2258762829489740e+00,9.2258762829489740e+00,9.2258762829489740e+00,2.8724191104539099e+00,1.7212214349006434e+00,9.2258762829489740e+00,4.0510940085329921e+00,1.1036210777254123e+01,6.1930250733506966e+00,9.2258762829489740e+00,7.4258798044339036e+00,1.1036210777254123e+01,1.2623848524840856e+01,9.6395220273547189e+00,9.6395220273547189e+00,1.3387231338545179e+01,1.2352830847663158e+01,1.2352830847663158e+01,9.2258762829489740e+00,4.5889712917734418e+00,4.5889712917734418e+00,9.6395220273547189e+00,1.2623848524840856e+01,1.2623848524840856e+01,1.2352830847663158e+01,9.6395220273547189e+00,1.7212214349006434e+00,1.7212214349006434e+00,1.3387231338545179e+01,5.5371259422952344e+00,1.7212214349006434e+00,1.1036210777254123e+01,0.0000000000000000e+00,1.3387231338545179e+01,1.3387231338545179e+01,2.8724191104539099e+00,1.3387231338545179e+01,2.8724191104539099e+00,1.0995553566633969e+01,1.3387231338545179e+01,0.0000000000000000e+00,6.1930250733506966e+00,4.0510940085329921e+00,9.6395220273547189e+00,4.0510940085329921e+00,1.2352830847663158e+01,1.7212214349006434e+00,1.2352830847663158e+01,1.1036210777254123e+01,1.1036210777254123e+01,1.3387231338545179e+01,1.3387231338545179e+01,1.2352830847663158e+01,5.5371259422952344e+00,1.0995553566633969e+01,1.3387231338545179e+01,1.2623848524840856e+01,1.2623848524840856e+01,1.2352830847663158e+01,1.3387231338545179e+01,1.3387231338545179e+01,1.3387231338545179e+01,1.3387231338545179e+01,7.4258798044339036e+00,6.1930250733506966e+00,5.5371259422952344e+00,1.7212214349006434e+00,1.2352830847663158e+01,9.6395220273547189e+00,1.2623848524840856e+01,1.3387231338545179e+01,5.5371259422952344e+00,9.6395220273547189e+00,1.2623848524840856e+01,1.2352830847663158e+01,9.6395220273547189e+00,5.5371259422952344e+00,1.2352830847663158e+01,1.1036210777254123e+01,0.0000000000000000e+00,1.3387231338545179e+01,1.1036210777254123e+01,1.3387231338545179e+01,2.8724191104539099e+00,1.1036210777254123e+01,4.5889712917734418e+00,1.0995553566633969e+01,1.2352830847663158e+01,4.5889712917734418e+00,9.6395220273547189e+00,9.6052147309989144e-01,1.3387231338545179e+01,1.3387231338545179e+01,6.1930250733506966e+00,0.0000000000000000e+00,6.1930250733506966e+00,7.4258798044339036e+00,1.2352830847663158e+01,1.3387231338545179e+01,1.2352830847663158e+01,1.3387231338545179e+01,4.5889712917734418e+00,7.4258798044339036e+00,6.1930250733506966e+00,1.3387231338545179e+01,9.6395220273547189e+00,1.2623848524840856e+01,1.2623848524840856e+01,1.2623848524840856e+01,6.1930250733506966e+00,2.8724191104539099e+00,1.2623848524840856e+01,6.1930250733506966e+00,1.3387231338545179e+01,7.4258798044339036e+00,1.3387231338545179e+01,7.4258798044339036e+00,4.0510940085329921e+00,1.1036210777254123e+01,4.5889712917734418e+00,1.3387231338545179e+01,1.2352830847663158e+01,1.2352830847663158e+01,1.3387231338545179e+01,5.5371259422952344e+00,1.0995553566633969e+01,7.4258798044339036e+00,1.3387231338545179e+01,1.3387231338545179e+01,1.1036210777254123e+01,1.3387231338545179e+01,1.3387231338545179e+01,9.2258762829489740e+00,1.2352830847663158e+01,1.3387231338545179e+01,1.3387231338545179e+01,1.3387231338545179e+01,1.3387231338545179e+01,9.6052147309989144e-01,4.5889712917734418e+00,1.3387231338545179e+01,4.0510940085329921e+00,4.0510940085329921e+00,9.6395220273547189e+00,1.1036210777254123e+01,9.6395220273547189e+00,9.6395220273547189e+00,6.1930250733506966e+00,7.4258798044339036e+00,9.6395220273547189e+00,1.2623848524840856e+01,5.5371259422952344e+00,1.0995553566633969e+01,4.0510940085329921e+00,4.0510940085329921e+00,1.3387231338545179e+01,4.0510940085329921e+00,9.2258762829489740e+00,1.3387231338545179e+01,1.2623848524840856e+01,1.3387231338545179e+01,1.2352830847663158e+01,1.3387231338545179e+01,4.5889712917734418e+00,1.2352830847663158e+01,1.3387231338545179e+01,1.2352830847663158e+01,1.3387231338545179e+01,1.1036210777254123e+01,1.2352830847663158e+01,4.5889712917734418e+00,4.5889712917734418e+00,0.0000000000000000e+00,1.2623848524840856e+01,1.7212214349006434e+00,4.5889712917734418e+00,6.1930250733506966e+00,1.3387231338545179e+01,1.2623848524840856e+01,9.2258762829489740e+00,7.4258798044339036e+00,9.6052147309989144e-01,6.1930250733506966e+00,1.2623848524840856e+01,0.0000000000000000e+00,1.2623848524840856e+01,7.4258798044339036e+00,7.4258798044339036e+00,1.0995553566633969e+01,9.6395220273547189e+00,9.2258762829489740e+00,5.5371259422952344e+00,1.0995553566633969e+01,1.0995553566633969e+01,9.6052147309989144e-01,9.6052147309989144e-01,1.2623848524840856e+01
8.7502779131350472e+00,8.7502779131350472e+00,1.9467624724456103e+00,8.7502779131350472e+00,3.7928751143476642e+00,8.7502779131350472e+00,1.9467624724456103e+00,2.8176764041370310e+00,1.0121023368421483e+01,1.0121023368421483e+01,8.7502779131350472e+00,8.7502779131350472e+00,3.7928751143476642e+00,1.9467624724456103e+00,2.8176764041370310e+00,3.7928751143476642e+00,1.3797423739317070e+01,1.2968352605275495e+01,1.3797423739317070e+01,1.3797423739317070e+01,1.3797423739317070e+01,1.3797423739317070e+01,8.7502779131350472e+00,5.3988738571530188e+00,3.7928751143476642e+00,8.7502779131350472e+00,6.7299011024170365e+00,7.5863777512701187e+00,7.5863777512701187e+00,1.3797423739317070e+01,7.5863777512701187e+00,7.5863777512701187e+00,1.9467624724456103e+00,7.5863777512701187e+00,8.3984311829171443e-01,1.0121023368421483e+01,1.9467624724456103e+00,7.5863777512701187e+00,0.0000000000000000e+00,6.7299011024170365e+00,7.5863777512701187e+00,7.5863777512701187e+00,8.0500116055631032e+00,4.2176185136539130e+00,5.3988738571530188e+00,1.1538428015816750e+01,2.8176764041370310e+00,8.7502779131350472e+00,2.8176764041370310e+00,1.3797423739317070e+01,1.0121023368421483e+01,1.1604344493324964e+01,5.3988738571530188e+00,6.7299011024170365e+00,1.0121023368421483e+01,6.7299011024170365e+00,1.2968352605275495e+01,1.0121023368421483e+01,1.0121023368421483e+01,8.0500116055631032e+00,0.0000000000000000e+00,1.2968352605275495e+01,8.7502779131350472e+00,1.1538428015816750e+01,1.1538428015816750e+01,1.1538428015816750e+01,1.0121023368421483e+01,1.1604344493324964e+01,8.7502779131350472e+00,8.0500116055631032e+00,1.3797423739317070e+01,6.7299011024170365e+00,1.0121023368421483e+01,4.2176185136539130e+00,8.0500116055631032e+00,8.0500116055631032e+00,8.0500116055631032e+00,3.7928751143476642e+00,1.2968352605275495e+01,1.2968352605275495e+01,3.7928751143476642e+00,7.5863777512701187e+00,8.0500116055631032e+00,6.7299011024170365e+00,1.3797423739317070e+01,0.0000000000000000e+00,6.7299011024170365e+00,8.7502779131350472e+00,4.2176185136539130e+00,8.0500116055631032e+00,1.1604344493324964e+01,7.5863777512701187e+00,1.3797423739317070e+01,7.5863777512701187e+00,2.8176764041370310e+00,8.0500116055631032e+00,7.5863777512701187e+00,8.3984311829171443e-01,1.2968352605275495e+01,3.7928751143476642e+00,1.2968352605275495e+01,1.2968352605275495e+01,1.2968352605275495e+01,1.2968352605275495e+01,7.5863777512701187e+00,1.9467624724456103e+00,1.2968352605275495e+01,1.9467624724456103e+00,1.1538428015816750e+01,1.1538428015816750e+01,1.1538428015816750e+01,7.5863777512701187e+00,1.2968352605275495e+01,1.1538428015816750e+01,1.2968352605275495e+01,1.2968352605275495e+01,1.2968352605275495e+01,1.2968352605275495e+01,1.1538428015816750e+01,1.2968352605275495e+01,1.2968352605275495e+01,6.7299011024170365e+00,1.2968352605275495e+01,5.3988738571530188e+00,1.1538428015816750e+01,1.1538428015816750e+01,8.0500116055631032e+00,6.7299011024170365e+00,1.1538428015816750e+01,6.7299011024170365e+00,5.3988738571530188e+00,1.1538428015816750e+01,5.3988738571530188e+00,1.2968352605275495e+01,1.2968352605275495e+01,5.3988738571530188e+00,1.1538428015816750e+01,1.1538428015816750e+01,4.2176185136539130e+00,1.1538428015816750e+01,1.9467624724456103e+00,1.2968352605275495e+01,8.3984311829171443e-01,2.8176764041370310e+00,1.1538428015816750e+01,1.2968352605275495e+01,1.1538428015816750e+01,1.1538428015816750e+01,1.2968352605275495e+01,1.1538428015816750e+01,8.3984311829171443e-01,8.7502779131350472e+00,2.8176764041370310e+00,1.2968352605275495e+01,1.1538428015816750e+01,7.5863777512701187e+00,1.0121023368421483e+01,1.1538428015816750e+01,8.7502779131350472e+00,2.8176764041370310e+00,8.0500116055631032e+00,8.7502779131350472e+00,7.5863777512701187e+00,8.7502779131350472e+00,1.1538428015816750e+01,8.7502779131350472e+00,8.3984311829171443e-01,4.2176185136539130e+00,1.9467624724456103e+00,2.8176764041370310e+00,1.9467624724456103e+00,1.1604344493324964e+01,1.2968352605275495e+01,1.2968352605275495e+01,4.2176185136539130e+00,8.0500116055631032e+00,8.7502779131350472e+00,1.1604344493324964e+01,1.9467624724456103e+00,1.2968352605275495e+01,1.1604344493324964e+01,5.3988738571530188e+00,8.0500116055631032e+00,0.0000000000000000e+00,5.3988738571530188e+00,8.7502779131350472e+00,1.2968352605275495e+01,1.3797423739317070e+01,1.2968352605275495e+01,8.3984311829171443e-01,6.7299011024170365e+00,1.3797423739317070e+01,1.0121023368421483e+01,5.3988738571530188e+00,1.1604344493324964e+01,2.8176764041370310e+00,1.1604344493324964e+01,1.2968352605275495e+01,1.3797423739317070e+01,2.8176764041370310e+00,1.3797423739317070e+01,1.1604344493324964e+01,1.1604344493324964e+01,3.7928751143476642e+00,1.2968352605275495e+01,8.0500116055631032e+00,1.2968352605275495e+01,1.2968352605275495e+01,1.2968352605275495e+01,2.8176764041370310e+00,7.5863777512701187e+00,7.5863777512701187e+00,1.3797423739317070e+01,1.1538428015816750e+01,2.8176764041370310e+00,1.3797423739317070e+01,1.2968352605275495e+01,1.1538428015816750e+01,1.0121023368421483e+01,1.1604344493324964e+01,1.2968352605275495e+01,1.1538428015816750e+01,2.8176764041370310e+00,3.7928751143476642e+00,4.2176185136539130e+00,5.3988738571530188e+00,3.7928751143476642e+00,8.3984311829171443e-01,8.7502779131350472e+00,1.2968352605275495e+01,4.2176185136539130e+00,1.3797423739317070e+01,1.1538428015816750e+01,0.0000000000000000e+00,1.9467624724456103e+00,1.1538428015816750e+01,1.2968352605275495e+01,5.3988738571530188e+00,8.7502779131350472e+00,1.1538428015816750e+01,1.2968352605275495e+01,1.1538428015816750e+01,3.7928751143476642e+00,1.1604344493324964e+01,1.1604344493324964e+01,8.7502779131350472e+00,7.5863777512701187e+00,1.0121023368421483e+01,1.2968352605275495e+01,3.7928751143476642e+00,1.2968352605275495e+01,6.7299011024170365e+00,4.2176185136539130e+00,1.0121023368421483e+01,7.5863777512701187e+00,6.7299011024170365e+00,6.7299011024170365e+00,6.7299011024170365e+00,1.9467624724456103e+00,1.3797423739317070e+01,1.3797423739317070e+01,1.3797423739317070e+01,2.8176764041370310e+00,1.2968352605275495e+01,1.9467624724456103e+00,1.0121023368421483e+01,3.7928751143476642e+00,1.3797423739317070e+01,2.8176764041370310e+00,2.8176764041370310e+00,1.2968352605275495e+01,3.7928751143476642e+00,7.5863777512701187e+00,7.5863777512701187e+00,1.1604344493324964e+01,1.2968352605275495e+01,1.2968352605275495e+01,1.2968352605275495e+01,8.3984311829171443e-01,6.7299011024170365e+00,6.7299011024170365e+00,6.7299011024170365e+00,8.0500116055631032e+00,5.3988738571530188e+00,1.2968352605275495e+01,1.0121023368421483e+01,8.0500116055631032e+00,1.1604344493324964e+01,1.9467624724456103e+00,3.7928751143476642e+00,1.0121023368421483e+01,1.1604344493324964e+01,1.0121023368421483e+01,8.0500116055631032e+00,1.1604344493324964e+01,1.3797423739317070e+01,1.3797423739317070e+01,8.7502779131350472e+00,5.3988738571530188e+00,8.7502779131350472e+00,1.3797423739317070e+01,1.2968352605275495e+01,1.2968352605275495e+01,1.0121023368421483e+01,8.0500116055631032e+00,1.1538428015816750e+01,1.3797423739317070e+01,1.2968352605275495e+01,1.1538428015816750e+01,4.2176185136539130e+00,8.3984311829171443e-01,1.1604344493324964e+01,1.0121023368421483e+01,1.2968352605275495e+01,1.2968352605275495e+01,3.7928751143476642e+00,1.2968352605275495e+01,4.2176185136539130e+00,1.1604344493324964e+01,8.0500116055631032e+00,1.2968352605275495e+01,7.5863777512701187e+00,0.0000000000000000e+00,8.0500116055631032e+00,0.0000000000000000e+00,3.7928751143476642e+00,1.9467624724456103e+00,1.1538428015816750e+01,2.8176764041370310e+00,1.1604344493324964e+01,5.3988738571530188e+00,1.1538428015816750e+01,8.3984311829171443e-01,4.2176185136539130e+00,1.1604344493324964e+01,1.1604344493324964e+01,1.2968352605275495e+01,8.7502779131350472e+00,6.7299011024170365e+00,1.9467624724456103e+00,3.7928751143476642e+00,1.0121023368421483e+01,1.1604344493324964e+01,1.3797423739317070e+01,1.1538428015816750e+01,1.9467624724456103e+00,1.3797423739317070e+01,1.2968352605275495e+01,4.2176185136539130e+00,1.3797423739317070e+01,1.1538428015816750e+01,8.0500116055631032e+00,8.3984311829171443e-01,7.5863777512701187e+00,5.3988738571530188e+00,1.0121023368421483e+01,8.0500116055631032e+00,1.0121023368421483e+01,1.0121023368421483e+01,1.0121023368421483e+01,1.0121023368421483e+01,1.1604344493324964e+01,6.7299011024170365e+00,1.1604344493324964e+01,1.0121023368421483e+01,8.3984311829171443e-01,1.0121023368421483e+01,1.2968352605275495e+01,6.7299011024170365e+00,1.3797423739317070e+01,1.3797423739317070e+01,7.5863777512701187e+00,1.1538428015816750e+01,1.1538428015816750e+01,5.3988738571530188e+00,1.1538428015816750e+01,1.1538428015816750e+01,1.9467624724456103e+00,1.0121023368421483e+01,1.0121023368421483e+01,1.0121023368421483e+01,6.7299011024170365e+00,1.1538428015816750e+01,1.2968352605275495e+01,1.2968352605275495e+01,8.0500116055631032e+00,1.2968352605275495e+01,8.0500116055631032e+00,1.2968352605275495e+01,8.3984311829171443e-01,1.1604344493324964e+01,6.7299011024170365e+00,8.0500116055631032e+00,8.0500116055631032e+00,1.1538428015816750e+01,6.7299011024170365e+00,1.2968352605275495e+01,1.9467624724456103e+00,7.5863777512701187e+00,4.2176185136539130e+00,0.0000000000000000e+00,4.2176185136539130e+00,4.2176185136539130e+00,7.5863777512701187e+00,1.1538428015816750e+01,7.5863777512701187e+00,1.3797423739317070e+01,8.0500116055631032e+00,6.7299011024170365e+00,6.7299011024170365e+00,7.5863777512701187e+00,1.2968352605275495e+01,1.2968352605275495e+01,7.5863777512701187e+00,6.7299011024170365e+00,6.7299011024170365e+00,6.7299011024170365e+00,1.0121023368421483e+01,4.2176185136539130e+00,1.3797423739317070e+01,2.8176764041370310e+00,1.3797423739317070e+01,7.5863777512701187e+00,1.3797423739317070e+01,5.3988738571530188e+00,8.0500116055631032e+00,1.9467624724456103e+00,7.5863777512701187e+00,5.3988738571530188e+00,1.3797423739317070e+01,1.3797423739317070e+01,8.0500116055631032e+00,1.3797423739317070e+01,8.0500116055631032e+00,8.0500116055631032e+00,1.1604344493324964e+01,0.0000000000000000e+00,1.3797423739317070e+01,4.2176185136539130e+00,8.0500116055631032e+00,8.0500116055631032e+00,1.3797423739317070e+01,1.1538428015816750e+01,1.1538428015816750e+01,1.1538428015816750e+01,1.2968352605275495e+01,1.1538428015816750e+01,2.8176764041370310e+00,1.9467624724456103e+00,5.3988738571530188e+00,1.2968352605275495e+01,7.5863777512701187e+00,1.1538428015816750e+01,1.1604344493324964e+01,2.8176764041370310e+00,2.8176764041370310e+00,1.1604344493324964e+01,1.1604344493324964e+01,8.7502779131350472e+00,7.5863777512701187e+00,8.0500116055631032e+00,7.5863777512701187e+00,8.7502779131350472e+00,1.1604344493324964e+01,5.3988738571530188e+00,2.8176764041370310e+00,1.1604344493324964e+01,1.1538428015816750e+01,4.2176185136539130e+00,1.1538428015816750e+01,6.7299011024170365e+00,1.1538428015816750e+01,2.8176764041370310e+00,6.7299011024170365e+00,8.3984311829171443e-01,6.7299011024170365e+00,3.7928751143476642e+00,1.1538428015816750e+01,4.2176185136539130e+00,4.2176185136539130e+00,6.7299011024170365e+00,2.8176764041370310e+00,5.3988738571530188e+00,1.3797423739317070e+01,1.3797423739317070e+01,2.8176764041370310e+00,6.7299011024170365e+00,1.3797423739317070e+01,8.0500116055631032e+00,8.0500116055631032e+00,5.3988738571530188e+00,8.0500116055631032e+00,4.2176185136539130e+00,5.3988738571530188e+00,8.0500116055631032e+00,6.7299011024170365e+00,7.5863777512701187e+00,1.2968352605275495e+01,8.3984311829171443e-01,5.3988738571530188e+00,1.1538428015816750e+01,1.1604344493324964e+01,8.0500116055631032e+00,1.9467624724456103e+00,8.7502779131350472e+00,8.0500116055631032e+00,3.7928751143476642e+00,5.3988738571530188e+00,6.7299011024170365e+00,5.3988738571530188e+00,6.7299011024170365e+00,6.7299011024170365e+00,6.7299011024170365e+00,4.2176185136539130e+00,8.0500116055631032e+00,1.2968352605275495e+01,1.2968352605275495e+01,8.3984311829171443e-01,8.0500116055631032e+00,8.0500116055631032e+00,6.7299011024170365e+00,3.7928751143476642e+00,5.3988738571530188e+00,1.0121023368421483e+01,0.0000000000000000e+00,5.3988738571530188e+00,1.3797423739317070e+01,1.1604344493324964e+01,1.1604344493324964e+01,1.1604344493324964e+01,1.3797423739317070e+01,1.3797423739317070e+01,1.3797423739317070e+01,7.5863777512701187e+00,7.5863777512701187e+00,8.0500116055631032e+00,8.0500116055631032e+00,6.7299011024170365e+00,6.7299011024170365e+00,8.0500116055631032e+00,1.1604344493324964e+01,6.7299011024170365e+00,1.1604344493324964e+01,1.9467624724456103e+00,1.2968352605275495e+01,1.9467624724456103e+00,1.9467624724456103e+00,8.3984311829171443e-01,6.7299011024170365e+00,3.7928751143476642e+00,1.3797423739317070e+01,7.5863777512701187e+00,1.1604344493324964e+01,7.5863777512701187e+00,7.5863777512701187e+00,1.3797423739317070e+01,1.1538428015816750e+01,3.7928751143476642e+00,1.1538428015816750e+01,1.1604344493324964e+01,1.1538428015816750e+01,1.1538428015816750e+01,8.0500116055631032e+00,0.0000000000000000e+00,3.7928751143476642e+00,3.7928751143476642e+00,8.0500116055631032e+00,5.3988738571530188e+00,1.3797423739317070e+01,1.2968352605275495e+01,8.3984311829171443e-01,1.1604344493324964e+01,8.3984311829171443e-01,1.1604344493324964e+01,1.1604344493324964e+01,1.2968352605275495e+01,1.0121023368421483e+01,1.2968352605275495e+01,1.1604344493324964e+01,1.1604344493324964e+01,8.7502779131350472e+00,8.3984311829171443e-01,4.2176185136539130e+00,4.2176185136539130e+00,1.1604344493324964e+01,1.9467624724456103e+00,1.9467624724456103e+00,1.1604344493324964e+01,1.1604344493324964e+01,1.0121023368421483e+01,1.3797423739317070e+01,1.2968352605275495e+01,1.1604344493324964e+01,1.1604344493324964e+01,1.0121023368421483e+01,8.7502779131350472e+00,1.9467624724456103e+00,1.1604344493324964e+01,1.1604344493324964e+01,1.3797423739317070e+01,1.1604344493324964e+01,1.3797423739317070e+01,1.3797423739317070e+01,1.1604344493324964e+01,1.2968352605275495e+01,1.2968352605275495e+01,8.7502779131350472e+00,5.3988738571530188e+00,1.3797423739317070e+01,1.1604344493324964e+01,4.2176185136539130e+00,0.0000000000000000e+00,1.1604344493324964e+01,1.3797423739317070e+01,5.3988738571530188e+00,8.3984311829171443e-01,8.0500116055631032e+00,1.1604344493324964e+01,1.1604344493324964e+01,5.3988738571530188e+00,5.3988738571530188e+00,3.7928751143476642e+00,1.3797423739317070e+01,7.5863777512701187e+00,1.1538428015816750e+01,1.2968352605275495e+01,5.3988738571530188e+00,1.1604344493324964e+01,7.5863777512701187e+00,1.3797423739317070e+01,7.5863777512701187e+00,5.3988738571530188e+00,1.2968352605275495e+01,1.2968352605275495e+01,1.2968352605275495e+01,1.2968352605275495e+01,1.0121023368421483e+01,1.3797423739317070e+01,1.3797423739317070e+01,2.8176764041370310e+00,8.3984311829171443e-01,6.7299011024170365e+00,8.0500116055631032e+00,0.0000000000000000e+00,3.7928751143476642e+00,1.2968352605275495e+01,1.1538428015816750e+01,1.2968352605275495e+01,1.1604344493324964e+01,5.3988738571530188e+00,7.5863777512701187e+00,7.5863777512701187e+00,7.5863777512701187e+00,7.5863777512701187e+00,1.0121023368421483e+01,5.3988738571530188e+00,4.2176185136539130e+00,1.0121023368421483e+01,1.3797423739317070e+01,1.2968352605275495e+01,1.2968352605275495e+01,1.0121023368421483e+01,1.2968352605275495e+01,1.2968352605275495e+01,1.3797423739317070e+01,1.2968352605275495e+01,1.1538428015816750e+01,1.2968352605275495e+01,1.3797423739317070e+01,6.7299011024170365e+00,1.3797423739317070e+01,8.7502779131350472e+00,1.0121023368421483e+01,0.0000000000000000e+00,0.0000000000000000e+00,1.1604344493324964e+01,1.1604344493324964e+01,1.0121023368421483e+01,6.7299011024170365e+00,8.7502779131350472e+00,1.3797423739317070e+01,1.2968352605275495e+01,7.5863777512701187e+00,1.3797423739317070e+01,1.9467624724456103e+00,3.7928751143476642e+00,8.3984311829171443e-01,1.1538428015816750e+01,8.3984311829171443e-01,1.2968352605275495e+01,8.7502779131350472e+00,1.3797423739317070e+01,3.7928751143476642e+00,1.1538428015816750e+01,7.5863777512701187e+00,1.3797423739317070e+01,8.7502779131350472e+00,3.7928751143476642e+00,7.5863777512701187e+00,4.2176185136539130e+00,1.1604344493324964e+01,1.2968352605275495e+01,7.5863777512701187e+00,1.1604344493324964e+01,5.3988738571530188e+00,1.2968352605275495e+01,3.7928751143476642e+00,1.9467624724456103e+00,7.5863777512701187e+00,1.1604344493324964e+01,1.1538428015816750e+01,1.3797423739317070e+01,4.2176185136539130e+00,1.3797423739317070e+01,1.1604344493324964e+01,8.0500116055631032e+00,7.5863777512701187e+00,4.2176185136539130e+00,4.2176185136539130e+00,2.8176764041370310e+00,1.0121023368421483e+01,7.5863777512701187e+00,1.0121023368421483e+01,7.5863777512701187e+00,1.0121023368421483e+01,8.3984311829171443e-01,4.2176185136539130e+00,1.3797423739317070e+01,1.1604344493324964e+01,1.2968352605275495e+01,8.7502779131350472e+00,8.7502779131350472e+00,1.1604344493324964e+01,1.0121023368421483e+01,0.0000000000000000e+00,0.0000000000000000e+00,1.0121023368421483e+01,2.8176764041370310e+00,8.3984311829171443e-01,8.0500116055631032e+00,5.3988738571530188e+00,1.3797423739317070e+01,7.5863777512701187e+00,7.5863777512701187e+00,8.0500116055631032e+00,1.3797423739317070e+01,5.3988738571530188e+00,2.8176764041370310e+00,8.0500116055631032e+00,1.3797423739317070e+01,1.1604344493324964e+01,1.3797423739317070e+01,1.0121023368421483e+01,1.3797423739317070e+01,1.0121023368421483e+01,1.2968352605275495e+01,1.2968352605275495e+01,0.0000000000000000e+00,1.1604344493324964e+01,1.9467624724456103e+00,1.2968352605275495e+01,1.2968352605275495e+01,6.7299011024170365e+00,6.7299011024170365e+00,6.7299011024170365e+00,0.0000000000000000e+00,1.3797423739317070e+01,4.2176185136539130e+00,1.1538428015816750e+01,7.5863777512701187e+00,1.2968352605275495e+01,5.3988738571530188e+00,1.1538428015816750e+01,1.1538428015816750e+01,8.0500116055631032e+00,1.1538428015816750e+01,1.2968352605275495e+01,1.3797423739317070e+01,8.0500116055631032e+00,4.2176185136539130e+00,1.3797423739317070e+01,1.3797423739317070e+01,8.0500116055631032e+00,1.2968352605275495e+01,4.2176185136539130e+00,6.7299011024170365e+00,8.3984311829171443e-01,8.0500116055631032e+00,7.5863777512701187e+00,7.5863777512701187e+00,1.1604344493324964e+01,8.0500116055631032e+00,8.0500116055631032e+00,8.0500116055631032e+00,4.2176185136539130e+00,1.3797423739317070e+01,8.7502779131350472e+00,1.2968352605275495e+01,4.2176185136539130e+00,0.0000000000000000e+00,1.1538428015816750e+01,1.1538428015816750e+01,1.2968352605275495e+01,8.7502779131350472e+00,1.0121023368421483e+01,8.0500116055631032e+00,1.2968352605275495e+01,1.2968352605275495e+01,1.2968352605275495e+01,1.1538428015816750e+01,1.1538428015816750e+01,1.2968352605275495e+01,3.7928751143476642e+00,7.5863777512701187e+00,7.5863777512701187e+00,1.2968352605275495e+01,1.2968352605275495e+01,1.1604344493324964e+01,6.7299011024170365e+00,5.3988738571530188e+00,1.1604344493324964e+01,8.7502779131350472e+00,1.2968352605275495e+01,1.3797423739317070e+01,1.1604344493324964e+01,8.3984311829171443e-01,1.2968352605275495e+01,8.0500116055631032e+00,2.8176764041370310e+00,1.2968352605275495e+01,5.3988738571530188e+00,3.7928751143476642e+00,1.1538428015816750e+01,1.1538428015816750e+01,1.3797423739317070e+01,1.3797423739317070e+01,1.3797423739317070e+01,1.3797423739317070e+01,1.3797423739317070e+01,4.2176185136539130e+00,1.2968352605275495e+01,1.1538428015816750e+01,6.7299011024170365e+00,7.5863777512701187e+00,1.2968352605275495e+01,1.9467624724456103e+00,1.2968352605275495e+01,1.3797423739317070e+01,1.2968352605275495e+01,1.2968352605275495e+01,1.0121023368421483e+01,0.0000000000000000e+00,1.1604344493324964e+01,1.9467624724456103e+00,4.2176185136539130e+00,6.7299011024170365e+00,6.7299011024170365e+00,6.7299011024170365e+00,1.9467624724456103e+00,5.3988738571530188e+00,8.7502779131350472e+00,6.7299011024170365e+00,6.7299011024170365e+00,6.7299011024170365e+00,1.3797423739317070e+01,1.2968352605275495e+01,1.1604344493324964e+01,8.0500116055631032e+00,8.3984311829171443e-01,1.2968352605275495e+01,4.2176185136539130e+00,1.2968352605275495e+01,8.7502779131350472e+00,1.2968352605275495e+01,2.8176764041370310e+00,1.1538428015816750e+01,1.2968352605275495e+01,1.9467624724456103e+00,1.2968352605275495e+01,1.1538428015816750e+01,1.2968352605275495e+01,1.0121023368421483e+01,6.7299011024170365e+00,1.1604344493324964e+01,7.5863777512701187e+00,5.3988738571530188e+00,8.3984311829171443e-01,1.0121023368421483e+01,1.0121023368421483e+01,1.0121023368421483e+01,1.2968352605275495e+01,5.3988738571530188e+00,1.9467624724456103e+00,5.3988738571530188e+00,1.3797423739317070e+01,5.3988738571530188e+00,1.2968352605275495e+01,8.3984311829171443e-01,1.1538428015816750e+01,4.2176185136539130e+00,4.2176185136539130e+00,1.1604344493324964e+01,5.3988738571530188e+00,8.0500116055631032e+00,5.3988738571530188e+00,3.7928751143476642e+00,8.0500116055631032e+00,8.0500116055631032e+00,1.2968352605275495e+01,5.3988738571530188e+00,8.0500116055631032e+00,5.3988738571530188e+00,1.2968352605275495e+01,1.0121023368421483e+01,5.3988738571530188e+00,1.1538428015816750e+01,1.1538428015816750e+01,1.9467624724456103e+00,1.1604344493324964e+01,7.5863777512701187e+00,8.7502779131350472e+00,3.7928751143476642e+00,5.3988738571530188e+00,1.1538428015816750e+01,6.7299011024170365e+00,1.0121023368421483e+01,5.3988738571530188e+00,2.8176764041370310e+00,1.1604344493324964e+01,1.2968352605275495e+01,5.3988738571530188e+00,6.7299011024170365e+00,5.3988738571530188e+00,0.0000000000000000e+00,2.8176764041370310e+00,2.8176764041370310e+00,5.3988738571530188e+00,5.3988738571530188e+00,1.1538428015816750e+01,1.9467624724456103e+00,3.7928751143476642e+00,1.1604344493324964e+01,5.3988738571530188e+00,1.0121023368421483e+01,3.7928751143476642e+00,1.3797423739317070e+01,1.3797423739317070e+01,1.0121023368421483e+01,1.3797423739317070e+01,7.5863777512701187e+00,8.3984311829171443e-01,1.1604344493324964e+01,3.7928751143476642e+00,1.9467624724456103e+00,1.3797423739317070e+01,6.7299011024170365e+00,1.3797423739317070e+01,1.2968352605275495e+01,1.2968352605275495e+01,1.1604344493324964e+01,6.7299011024170365e+00,1.0121023368421483e+01,1.0121023368421483e+01,1.1604344493324964e+01,3.7928751143476642e+00,3.7928751143476642e+00,2.8176764041370310e+00,1.1604344493324964e+01,1.0121023368421483e+01,6.7299011024170365e+00,3.7928751143476642e+00,2.8176764041370310e+00,1.3797423739317070e+01,1.0121023368421483e+01,1.0121023368421483e+01,1.2968352605275495e+01,1.2968352605275495e+01,6.7299011024170365e+00,1.0121023368421483e+01,8.7502779131350472e+00,6.7299011024170365e+00,6.7299011024170365e+00,6.7299011024170365e+00,6.7299011024170365e+00,8.3984311829171443e-01,1.2968352605275495e+01,1.1604344493324964e+01,6.7299011024170365e+00,8.3984311829171443e-01,8.7502779131350472e+00,6.7299011024170365e+00,1.3797423739317070e+01,8.7502779131350472e+00,1.3797423739317070e+01,7.5863777512701187e+00,6.7299011024170365e+00,1.3797423739317070e+01,6.7299011024170365e+00,1.1538428015816750e+01,1.1538428015816750e+01
5.3881855868809563e+00,1.1871019367149906e+01,3.7651328735315657e+00,3.7651328735315657e+00,1.1871019367149906e+01,1.1871019367149906e+01,3.7651328735315657e+00,1.1871019367149906e+01,3.0168365676969096e+00,3.7651328735315657e+00,1.1871019367149906e+01,1.1871019367149906e+01,1.3597453066778000e+01,5.3881855868809563e+00,4.3979215598580765e+00,5.3881855868809563e+00,1.9193555223217842e+00,1.9193555223217842e+00,1.3597453066778000e+01,3.7651328735315657e+00,1.9193555223217842e+00,1.9193555223217842e+00,1.1871019367149906e+01,1.3597453066778000e+01,0.0000000000000000e+00,1.2345860218963979e+01,1.2345860218963979e+01,9.5181213448600506e+00,7.9686528820507023e+00,7.9686528820507023e+00,3.7651328735315657e+00,7.9686528820507023e+00,3.7651328735315657e+00,1.3597453066778000e+01,1.3597453066778000e+01,8.4921854024142878e+00,5.3881855868809563e+00,1.3597453066778000e+01,1.3597453066778000e+01,9.5181213448600506e+00,1.2345860218963979e+01,1.2345860218963979e+01,4.3979215598580765e+00,3.0168365676969096e+00,1.9193555223217842e+00,1.1871019367149906e+01,1.3597453066778000e+01,9.5181213448600506e+00,1.2345860218963979e+01,1.2345860218963979e+01,1.1871019367149906e+01,5.3881855868809563e+00,9.5181213448600506e+00,1.2345860218963979e+01,1.1871019367149906e+01,8.4921854024142878e+00,1.2345860218963979e+01,3.7651328735315657e+00,1.1871019367149906e+01,1.1871019367149906e+01,1.2345860218963979e+01,1.2345860218963979e+01,1.2345860218963979e+01,1.1871019367149906e+01,1.9193555223217842e+00,9.5181213448600506e+00,1.1871019367149906e+01,1.2345860218963979e+01,1.2345860218963979e+01,9.5181213448600506e+00,0.0000000000000000e+00,1.1871019367149906e+01,1.0784165602206233e+01,9.5181213448600506e+00,8.4921854024142878e+00,1.1871019367149906e+01,8.4921854024142878e+00,1.0784165602206233e+01,8.4921854024142878e+00,3.0168365676969096e+00,1.0784165602206233e+01,8.4921854024142878e+00,1.0784165602206233e+01,8.4921854024142878e+00,6.1983686874192658e+00,7.9686528820507023e+00,8.4921854024142878e+00,8.4921854024142878e+00,1.3597453066778000e+01,7.9686528820507023e+00,5.3881855868809563e+00,5.3881855868809563e+00,6.1983686874192658e+00,1.1871019367149906e+01,1.3597453066778000e+01,5.3881855868809563e+00,1.1871019367149906e+01,3.0168365676969096e+00,6.1983686874192658e+00,1.1871019367149906e+01,0.0000000000000000e+00,8.4921854024142878e+00,6.1983686874192658e+00,8.4921854024142878e+00,9.6251620547994354e-01,1.1871019367149906e+01,1.0784165602206233e+01,4.3979215598580765e+00,1.3597453066778000e+01,1.3597453066778000e+01,4.3979215598580765e+00,5.3881855868809563e+00,4.3979215598580765e+00,4.3979215598580765e+00,1.3597453066778000e+01,1.1871019367149906e+01,1.0784165602206233e+01,1.1871019367149906e+01,8.4921854024142878e+00,1.1871019367149906e+01,1.1871019367149906e+01,1.1871019367149906e+01,1.1871019367149906e+01,1.2345860218963979e+01,3.0168365676969096e+00,6.1983686874192658e+00,6.1983686874192658e+00,1.1871019367149906e+01,1.1871019367149906e+01,1.1871019367149906e+01,1.1871019367149906e+01,1.2345860218963979e+01,4.3979215598580765e+00,1.2345860218963979e+01,7.9686528820507023e+00,1.0784165602206233e+01,3.7651328735315657e+00,6.1983686874192658e+00,8.4921854024142878e+00,6.1983686874192658e+00,1.9193555223217842e+00,1.0784165602206233e+01,8.4921854024142878e+00,7.9686528820507023e+00,1.2345860218963979e+01,1.0784165602206233e+01,1.2345860218963979e+01,1.2345860218963979e+01,1.2345860218963979e+01,8.4921854024142878e+00,3.0168365676969096e+00,1.0784165602206233e+01,1.1871019367149906e+01,6.1983686874192658e+00,6.1983686874192658e+00,1.2345860218963979e+01,6.1983686874192658e+00,1.0784165602206233e+01,9.5181213448600506e+00,1.2345860218963979e+01,1.2345860218963979e+01,1.2345860218963979e+01,9.5181213448600506e+00,1.3597453066778000e+01,9.6251620547994354e-01,8.4921854024142878e+00,1.3597453066778000e+01,8.4921854024142878e+00,1.2345860218963979e+01,1.2345860218963979e+01,8.4921854024142878e+00,3.0168365676969096e+00,1.3597453066778000e+01,4.3979215598580765e+00,1.3597453066778000e+01,8.4921854024142878e+00,8.4921854024142878e+00,8.4921854024142878e+00,1.3597453066778000e+01,1.2345860218963979e+01,1.2345860218963979e+01,1.9193555223217842e+00,9.5181213448600506e+00,9.6251620547994354e-01,7.9686528820507023e+00,1.0784165602206233e+01,9.6758368067479772e+00,9.5181213448600506e+00,4.3979215598580765e+00,7.9686528820507023e+00,7.9686528820507023e+00,1.3597453066778000e+01,1.3597453066778000e+01,9.5181213448600506e+00,1.2345860218963979e+01,4.3979215598580765e+00,0.0000000000000000e+00,6.1983686874192658e+00,1.2345860218963979e+01,3.0168365676969096e+00,1.3597453066778000e+01,1.0784165602206233e+01,6.1983686874192658e+00,1.3597453066778000e+01,1.1871019367149906e+01,1.3597453066778000e+01,4.3979215598580765e+00,6.1983686874192658e+00,1.0784165602206233e+01,9.5181213448600506e+00,9.5181213448600506e+00,9.5181213448600506e+00,9.5181213448600506e+00,8.4921854024142878e+00,5.3881855868809563e+00,5.3881855868809563e+00,1.3597453066778000e+01,5.3881855868809563e+00,6.1983686874192658e+00,1.1871019367149906e+01,0.0000000000000000e+00,0.0000000000000000e+00,4.3979215598580765e+00,1.9193555223217842e+00,6.1983686874192658e+00,1.0784165602206233e+01,8.4921854024142878e+00,8.4921854024142878e+00,1.3597453066778000e+01,1.2345860218963979e+01,1.3597453066778000e+01,3.7651328735315657e+00,8.4921854024142878e+00,6.1983686874192658e+00,1.3597453066778000e+01,1.2345860218963979e+01,1.2345860218963979e+01,1.2345860218963979e+01,1.2345860218963979e+01,1.2345860218963979e+01,9.5181213448600506e+00,1.3597453066778000e+01,1.2345860218963979e+01,1.9193555223217842e+00,0.0000000000000000e+00,1.2345860218963979e+01,1.3597453066778000e+01,1.9193555223217842e+00,3.0168365676969096e+00,1.1871019367149906e+01,3.0168365676969096e+00,1.3597453066778000e+01,1.3597453066778000e+01,1.3597453066778000e+01,1.9193555223217842e+00,3.7651328735315657e+00,1.0784165602206233e+01,4.3979215598580765e+00,6.1983686874192658e+00,4.3979215598580765e+00,9.6758368067479772e+00,9.6758368067479772e+00,1.2345860218963979e+01,9.6251620547994354e-01,1.2345860218963979e+01,9.6758368067479772e+00,1.3597453066778000e+01,1.2345860218963979e+01,9.6251620547994354e-01,9.6758368067479772e+00,9.5181213448600506e+00,1.2345860218963979e+01,1.3597453066778000e+01,1.3597453066778000e+01,1.2345860218963979e+01,1.3597453066778000e+01,1.3597453066778000e+01,1.2345860218963979e+01,8.4921854024142878e+00,1.3597453066778000e+01,0.0000000000000000e+00,9.6758368067479772e+00,9.6758368067479772e+00,1.3597453066778000e+01,8.4921854024142878e+00,1.3597453066778000e+01,9.6251620547994354e-01,1.3597453066778000e+01,1.0784165602206233e+01,1.3597453066778000e+01,3.0168365676969096e+00,1.3597453066778000e+01,1.3597453066778000e+01,1.3597453066778000e+01,1.3597453066778000e+01,1.0784165602206233e+01,1.3597453066778000e+01,1.3597453066778000e+01,1.0784165602206233e+01,1.3597453066778000e+01,1.3597453066778000e+01,1.3597453066778000e+01,1.3597453066778000e+01,1.3597453066778000e+01,0.0000000000000000e+00,1.3597453066778000e+01,1.3597453066778000e+01,9.5181213448600506e+00,6.1983686874192658e+00,6.1983686874192658e+00,3.7651328735315657e+00,4.3979215598580765e+00,1.1871019367149906e+01,6.1983686874192658e+00,9.6251620547994354e-01,1.3597453066778000e+01,1.3597453066778000e+01,1.3597453066778000e+01,3.7651328735315657e+00,9.5181213448600506e+00,1.3597453066778000e+01,3.0168365676969096e+00,9.5181213448600506e+00,8.4921854024142878e+00,3.0168365676969096e+00,8.4921854024142878e+00,6.1983686874192658e+00,5.3881855868809563e+00,1.2345860218963979e+01,1.9193555223217842e+00,1.0784165602206233e+01,1.2345860218963979e+01,3.7651328735315657e+00,1.1871019367149906e+01,1.1871019367149906e+01,1.3597453066778000e+01,1.0784165602206233e+01,7.9686528820507023e+00,1.3597453066778000e+01,7.9686528820507023e+00,1.0784165602206233e+01,1.3597453066778000e+01,6.1983686874192658e+00,1.3597453066778000e+01,1.2345860218963979e+01,1.2345860218963979e+01,1.9193555223217842e+00,9.6758368067479772e+00,1.2345860218963979e+01,1.2345860218963979e+01,9.5181213448600506e+00,1.3597453066778000e+01,3.0168365676969096e+00,0.0000000000000000e+00,8.4921854024142878e+00,8.4921854024142878e+00,8.4921854024142878e+00,1.2345860218963979e+01,1.2345860218963979e+01,4.3979215598580765e+00,7.9686528820507023e+00,1.1871019367149906e+01,1.1871019367149906e+01,1.3597453066778000e+01,9.6251620547994354e-01,8.4921854024142878e+00,1.2345860218963979e+01,1.3597453066778000e+01,1.0784165602206233e+01,1.1871019367149906e+01,4.3979215598580765e+00,1.1871019367149906e+01,1.9193555223217842e+00,1.2345860218963979e+01,1.1871019367149906e+01,1.1871019367149906e+01,1.3597453066778000e+01,1.3597453066778000e+01,9.6251620547994354e-01,1.9193555223217842e+00,1.0784165602206233e+01,1.3597453066778000e+01,8.4921854024142878e+00,1.3597453066778000e+01,1.3597453066778000e+01,0.0000000000000000e+00,1.1871019367149906e+01,8.4921854024142878e+00,4.3979215598580765e+00,1.0784165602206233e+01,7.9686528820507023e+00,4.3979215598580765e+00,1.0784165602206233e+01,5.3881855868809563e+00,8.4921854024142878e+00,8.4921854024142878e+00,9.6758368067479772e+00,9.6758368067479772e+00,5.3881855868809563e+00,9.6758368067479772e+00,9.6758368067479772e+00,1.2345860218963979e+01,7.9686528820507023e+00,1.3597453066778000e+01,6.1983686874192658e+00,1.2345860218963979e+01,0.0000000000000000e+00,3.7651328735315657e+00,3.7651328735315657e+00,7.9686528820507023e+00,7.9686528820507023e+00,1.1871019367149906e+01,9.5181213448600506e+00,8.4921854024142878e+00,9.6758368067479772e+00,1.3597453066778000e+01,4.3979215598580765e+00,7.9686528820507023e+00,1.2345860218963979e+01,1.2345860218963979e+01,1.0784165602206233e+01,0.0000000000000000e+00,1.1871019367149906e+01,1.0784165602206233e+01,1.1871019367149906e+01,1.2345860218963979e+01,0.0000000000000000e+00,5.3881855868809563e+00,5.3881855868809563e+00,1.3597453066778000e+01,8.4921854024142878e+00,7.9686528820507023e+00,6.1983686874192658e+00,1.3597453066778000e+01,1.2345860218963979e+01,1.0784165602206233e+01,6.1983686874192658e+00,3.7651328735315657e+00,1.1871019367149906e+01,8.4921854024142878e+00,1.2345860218963979e+01,1.0784165602206233e+01,1.3597453066778000e+01,1.2345860218963979e+01,1.3597453066778000e+01,5.3881855868809563e+00,1.1871019367149906e+01,8.4921854024142878e+00,8.4921854024142878e+00,1.2345860218963979e+01,9.6758368067479772e+00,1.0784165602206233e+01,3.0168365676969096e+00,8.4921854024142878e+00,1.1871019367149906e+01,1.3597453066778000e+01,1.1871019367149906e+01,6.1983686874192658e+00,8.4921854024142878e+00,1.3597453066778000e+01,1.9193555223217842e+00,1.3597453066778000e+01,1.3597453066778000e+01,7.9686528820507023e+00,1.3597453066778000e+01,1.3597453066778000e+01,1.3597453066778000e+01,1.3597453066778000e+01,1.3597453066778000e+01,6.1983686874192658e+00,8.4921854024142878e+00,1.0784165602206233e+01,9.5181213448600506e+00,1.3597453066778000e+01,6.1983686874192658e+00,1.3597453066778000e+01,1.2345860218963979e+01,0.0000000000000000e+00,1.0784165602206233e+01,6.1983686874192658e+00,3.0168365676969096e+00,9.6251620547994354e-01,1.3597453066778000e+01,3.0168365676969096e+00,1.3597453066778000e+01,6.1983686874192658e+00,1.0784165602206233e+01,1.1871019367149906e+01,0.0000000000000000e+00,5.3881855868809563e+00,1.0784165602206233e+01,1.3597453066778000e+01,9.6758368067479772e+00,1.3597453066778000e+01,1.2345860218963979e+01,9.6251620547994354e-01,1.9193555223217842e+00,3.7651328735315657e+00,0.0000000000000000e+00,7.9686528820507023e+00,0.0000000000000000e+00,1.9193555223217842e+00,3.0168365676969096e+00,1.2345860218963979e+01,4.3979215598580765e+00,5.3881855868809563e+00,5.3881855868809563e+00,1.1871019367149906e+01,1.0784165602206233e+01,1.1871019367149906e+01,3.7651328735315657e+00,1.3597453066778000e+01,1.3597453066778000e+01,1.3597453066778000e+01,4.3979215598580765e+00,3.0168365676969096e+00,1.1871019367149906e+01,0.0000000000000000e+00,4.3979215598580765e+00,4.3979215598580765e+00,1.1871019367149906e+01,9.6758368067479772e+00,1.1871019367149906e+01,9.6251620547994354e-01,1.3597453066778000e+01,8.4921854024142878e+00,1.0784165602206233e+01,1.3597453066778000e+01,7.9686528820507023e+00,9.6251620547994354e-01,1.3597453066778000e+01,1.0784165602206233e+01,1.3597453066778000e+01,1.0784165602206233e+01,5.3881855868809563e+00,1.3597453066778000e+01,8.4921854024142878e+00,1.9193555223217842e+00,6.1983686874192658e+00,1.3597453066778000e+01,1.3597453066778000e+01,1.3597453066778000e+01,1.3597453066778000e+01,1.9193555223217842e+00,1.9193555223217842e+00,0.0000000000000000e+00,4.3979215598580765e+00,1.3597453066778000e+01,6.1983686874192658e+00,1.3597453066778000e+01,1.3597453066778000e+01,1.0784165602206233e+01,5.3881855868809563e+00,1.0784165602206233e+01,9.6758368067479772e+00,1.1871019367149906e+01,1.1871019367149906e+01,1.0784165602206233e+01,9.6758368067479772e+00,9.6758368067479772e+00,1.3597453066778000e+01,1.3597453066778000e+01,7.9686528820507023e+00,1.3597453066778000e+01,1.3597453066778000e+01,1.3597453066778000e+01,3.7651328735315657e+00,8.4921854024142878e+00,8.4921854024142878e+00,3.0168365676969096e+00,1.0784165602206233e+01,1.1871019367149906e+01,4.3979215598580765e+00,1.3597453066778000e+01,1.1871019367149906e+01,1.1871019367149906e+01,6.1983686874192658e+00,1.2345860218963979e+01,6.1983686874192658e+00,3.0168365676969096e+00,1.3597453066778000e+01,4.3979215598580765e+00,1.3597453066778000e+01,3.0168365676969096e+00,3.0168365676969096e+00,1.3597453066778000e+01,1.3597453066778000e+01,1.1871019367149906e+01,4.3979215598580765e+00,6.1983686874192658e+00,1.2345860218963979e+01,1.9193555223217842e+00,1.0784165602206233e+01,0.0000000000000000e+00,1.1871019367149906e+01,1.0784165602206233e+01,1.1871019367149906e+01,1.1871019367149906e+01,6.1983686874192658e+00,1.3597453066778000e+01,1.1871019367149906e+01,1.0784165602206233e+01,9.5181213448600506e+00,1.3597453066778000e+01,1.1871019367149906e+01,8.4921854024142878e+00,4.3979215598580765e+00,4.3979215598580765e+00,1.3597453066778000e+01,1.3597453066778000e+01,4.3979215598580765e+00,9.6758368067479772e+00,1.2345860218963979e+01,1.3597453066778000e+01,6.1983686874192658e+00,9.6758368067479772e+00,1.2345860218963979e+01,9.6251620547994354e-01,1.3597453066778000e+01,7.9686528820507023e+00,1.3597453066778000e+01,7.9686528820507023e+00,7.9686528820507023e+00,9.5181213448600506e+00,7.9686528820507023e+00,9.6251620547994354e-01,9.5181213448600506e+00,5.3881855868809563e+00,9.6758368067479772e+00,7.9686528820507023e+00,3.0168365676969096e+00,1.3597453066778000e+01,1.3597453066778000e+01,1.3597453066778000e+01,9.6758368067479772e+00,1.0784165602206233e+01,3.7651328735315657e+00,1.1871019367149906e+01,3.0168365676969096e+00,1.3597453066778000e+01,0.0000000000000000e+00,8.4921854024142878e+00,1.9193555223217842e+00,3.0168365676969096e+00,9.6758368067479772e+00,3.0168365676969096e+00,1.2345860218963979e+01,3.7651328735315657e+00,1.3597453066778000e+01,1.3597453066778000e+01,6.1983686874192658e+00,6.1983686874192658e+00,9.5181213448600506e+00,4.3979215598580765e+00,0.0000000000000000e+00,1.2345860218963979e+01,1.2345860218963979e+01,3.0168365676969096e+00,9.6251620547994354e-01,1.1871019367149906e+01,1.0784165602206233e+01,1.1871019367149906e+01,1.1871019367149906e+01,8.4921854024142878e+00,1.0784165602206233e+01,8.4921854024142878e+00,1.3597453066778000e+01,1.0784165602206233e+01,6.1983686874192658e+00,9.5181213448600506e+00,6.1983686874192658e+00,8.4921854024142878e+00,5.3881855868809563e+00,0.0000000000000000e+00,7.9686528820507023e+00,1.3597453066778000e+01,7.9686528820507023e+00,7.9686528820507023e+00,9.6251620547994354e-01,8.4921854024142878e+00,8.4921854024142878e+00,1.1871019367149906e+01,8.4921854024142878e+00,3.7651328735315657e+00,1.9193555223217842e+00,1.9193555223217842e+00,1.3597453066778000e+01,5.3881855868809563e+00,9.5181213448600506e+00,3.7651328735315657e+00,1.1871019367149906e+01,1.2345860218963979e+01,9.5181213448600506e+00,9.6251620547994354e-01,3.7651328735315657e+00,1.2345860218963979e+01,1.3597453066778000e+01,4.3979215598580765e+00,7.9686528820507023e+00,8.4921854024142878e+00,4.3979215598580765e+00,8.4921854024142878e+00,3.7651328735315657e+00,4.3979215598580765e+00,4.3979215598580765e+00,4.3979215598580765e+00,8.4921854024142878e+00,5.3881855868809563e+00,1.2345860218963979e+01,1.1871019367149906e+01,1.2345860218963979e+01,1.2345860218963979e+01,7.9686528820507023e+00,1.2345860218963979e+01,9.5181213448600506e+00,3.7651328735315657e+00,1.1871019367149906e+01,9.5181213448600506e+00,1.0784165602206233e+01,5.3881855868809563e+00,7.9686528820507023e+00,0.0000000000000000e+00,1.1871019367149906e+01,9.5181213448600506e+00,7.9686528820507023e+00,3.0168365676969096e+00,6.1983686874192658e+00,1.3597453066778000e+01,1.0784165602206233e+01,1.0784165602206233e+01,5.3881855868809563e+00,5.3881855868809563e+00,3.0168365676969096e+00,1.0784165602206233e+01,9.5181213448600506e+00,4.3979215598580765e+00,1.0784165602206233e+01,1.1871019367149906e+01,1.2345860218963979e+01,1.2345860218963979e+01,5.3881855868809563e+00,5.3881855868809563e+00,9.5181213448600506e+00,8.4921854024142878e+00,3.7651328735315657e+00,1.3597453066778000e+01,1.0784165602206233e+01,7.9686528820507023e+00,3.7651328735315657e+00,4.3979215598580765e+00,0.0000000000000000e+00,6.1983686874192658e+00,6.1983686874192658e+00,1.9193555223217842e+00,1.0784165602206233e+01,1.3597453066778000e+01,9.5181213448600506e+00,4.3979215598580765e+00,1.3597453066778000e+01,8.4921854024142878e+00,8.4921854024142878e+00,1.1871019367149906e+01,8.4921854024142878e+00,1.2345860218963979e+01,3.0168365676969096e+00,3.7651328735315657e+00,1.3597453066778000e+01,1.1871019367149906e+01,1.1871019367149906e+01,1.1871019367149906e+01,1.1871019367149906e+01,1.2345860218963979e+01,1.1871019367149906e+01,1.9193555223217842e+00,8.4921854024142878e+00,1.1871019367149906e+01,1.9193555223217842e+00,1.1871019367149906e+01,1.1871019367149906e+01,9.6251620547994354e-01,9.5181213448600506e+00,1.0784165602206233e+01,1.0784165602206233e+01,7.9686528820507023e+00,8.4921854024142878e+00,1.0784165602206233e+01,1.0784165602206233e+01,7.9686528820507023e+00,1.0784165602206233e+01,7.9686528820507023e+00,0.0000000000000000e+00,1.3597453066778000e+01,1.1871019367149906e+01,1.1871019367149906e+01,1.0784165602206233e+01,5.3881855868809563e+00,1.3597453066778000e+01,9.6758368067479772e+00,1.3597453066778000e+01,1.9193555223217842e+00,4.3979215598580765e+00,1.1871019367149906e+01,4.3979215598580765e+00,8.4921854024142878e+00,1.1871019367149906e+01,1.1871019367149906e+01,8.4921854024142878e+00,3.0168365676969096e+00,1.1871019367149906e+01,5.3881855868809563e+00,5.3881855868809563e+00,9.6758368067479772e+00,5.3881855868809563e+00,1.9193555223217842e+00,5.3881855868809563e+00,9.6758368067479772e+00,5.3881855868809563e+00,5.3881855868809563e+00,1.9193555223217842e+00,5.3881855868809563e+00,1.3597453066778000e+01,1.0784165602206233e+01,1.3597453066778000e+01,0.0000000000000000e+00,3.0168365676969096e+00,6.1983686874192658e+00,8.4921854024142878e+00,4.3979215598580765e+00,8.4921854024142878e+00,1.0784165602206233e+01,7.9686528820507023e+00,8.4921854024142878e+00,8.4921854024142878e+00,8.4921854024142878e+00,6.1983686874192658e+00,1.2345860218963979e+01,5.3881855868809563e+00,1.3597453066778000e+01,1.3597453066778000e+01,1.9193555223217842e+00,8.4921854024142878e+00,6.1983686874192658e+00,1.1871019367149906e+01,1.0784165602206233e+01,4.3979215598580765e+00,3.7651328735315657e+00,0.0000000000000000e+00,1.2345860218963979e+01,5.3881855868809563e+00,9.5181213448600506e+00,3.7651328735315657e+00,1.2345860218963979e+01,9.6758368067479772e+00,1.0784165602206233e+01,9.6251620547994354e-01,3.0168365676969096e+00,3.0168365676969096e+00,1.1871019367149906e+01,1.1871019367149906e+01,1.1871019367149906e+01,1.1871019367149906e+01,9.5181213448600506e+00,3.0168365676969096e+00,1.1871019367149906e+01,8.4921854024142878e+00,8.4921854024142878e+00,6.1983686874192658e+00,3.7651328735315657e+00,1.0784165602206233e+01,1.1871019367149906e+01,1.2345860218963979e+01,7.9686528820507023e+00,1.9193555223217842e+00,1.3597453066778000e+01,4.3979215598580765e+00,5.3881855868809563e+00,1.3597453066778000e+01,6.1983686874192658e+00,1.9193555223217842e+00,9.6251620547994354e-01,1.1871019367149906e+01,1.1871019367149906e+01,1.1871019367149906e+01,7.9686528820507023e+00,9.5181213448600506e+00,1.3597453066778000e+01,1.9193555223217842e+00,1.1871019367149906e+01,5.3881855868809563e+00,1.1871019367149906e+01,1.1871019367149906e+01,9.5181213448600506e+00,5.3881855868809563e+00,1.3597453066778000e+01,1.1871019367149906e+01,1.3597453066778000e+01,1.3597453066778000e+01,1.3597453066778000e+01,7.9686528820507023e+00,6.1983686874192658e+00,6.1983686874192658e+00,1.0784165602206233e+01,9.6758368067479772e+00,3.7651328735315657e+00,9.6758368067479772e+00,1.0784165602206233e+01,9.6251620547994354e-01,1.9193555223217842e+00,8.4921854024142878e+00,7.9686528820507023e+00,9.5181213448600506e+00,1.1871019367149906e+01,1.9193555223217842e+00,1.2345860218963979e+01,1.1871019367149906e+01,4.3979215598580765e+00,1.9193555223217842e+00,9.5181213448600506e+00,1.1871019367149906e+01,6.1983686874192658e+00,1.2345860218963979e+01,1.9193555223217842e+00,4.3979215598580765e+00,7.9686528820507023e+00,1.2345860218963979e+01,1.1871019367149906e+01,5.3881855868809563e+00,4.3979215598580765e+00,1.3597453066778000e+01,1.3597453066778000e+01,1.9193555223217842e+00,5.3881855868809563e+00,9.6758368067479772e+00,1.2345860218963979e+01,1.3597453066778000e+01,9.6758368067479772e+00,9.6758368067479772e+00,1.0784165602206233e+01,9.6251620547994354e-01,1.3597453066778000e+01,1.2345860218963979e+01,1.2345860218963979e+01,1.9193555223217842e+00,1.9193555223217842e+00,4.3979215598580765e+00,9.6758368067479772e+00,7.9686528820507023e+00,9.6758368067479772e+00,7.9686528820507023e+00,1.0784165602206233e+01,1.3597453066778000e+01,1.3597453066778000e+01,1.0784165602206233e+01,3.7651328735315657e+00,1.0784165602206233e+01,1.1871019367149906e+01,1.3597453066778000e+01,1.2345860218963979e+01,1.2345860218963979e+01,3.0168365676969096e+00,9.6758368067479772e+00,9.6758368067479772e+00,1.0784165602206233e+01,1.9193555223217842e+00,5.3881855868809563e+00,9.6758368067479772e+00,1.3597453066778000e+01,1.9193555223217842e+00,6.1983686874192658e+00,9.6758368067479772e+00,1.3597453066778000e+01,1.3597453066778000e+01,1.0784165602206233e+01,8.4921854024142878e+00,9.6251620547994354e-01,1.1871019367149906e+01,6.1983686874192658e+00,5.3881855868809563e+00,1.3597453066778000e+01,1.2345860218963979e+01,1.2345860218963979e+01,1.2345860218963979e+01,1.1871019367149906e+01,8.4921854024142878e+00,8.4921854024142878e+00,0.0000000000000000e+00,1.1871019367149906e+01,9.6758368067479772e+00,1.0784165602206233e+01,7.9686528820507023e+00,9.5181213448600506e+00,1.3597453066778000e+01,1.0784165602206233e+01,1.2345860218963979e+01,1.0784165602206233e+01,1.3597453066778000e+01,1.3597453066778000e+01,4.3979215598580765e+00,9.6758368067479772e+00,1.2345860218963979e+01
7.6454342169649241e+00,4.5448945704923789e+00,4.5448945704923789e+00,7.6454342169649241e+00,9.0723703760989616e-01,4.5448945704923789e+00,8.2217439530457828e+00,7.6454342169649241e+00,2.6478995503959890e+00,1.3169391708897850e+01,2.6478995503959890e+00,2.6478995503959890e+00,8.2217439530457828e+00,1.3468593148174820e+01,8.2217439530457828e+00,1.3468593148174820e+01,3.8633659140075105e+00,1.3468593148174820e+01,1.1175248419526699e+01,1.3468593148174820e+01,7.6454342169649241e+00,1.1175248419526699e+01,6.8222670103741150e+00,3.8633659140075105e+00,3.8633659140075105e+00,4.5448945704923789e+00,6.8222670103741150e+00,4.5448945704923789e+00,1.3169391708897850e+01,1.3169391708897850e+01,4.5448945704923789e+00,1.3169391708897850e+01,1.3468593148174820e+01,9.3626110778012830e+00,2.6478995503959890e+00,4.5448945704923789e+00,4.5448945704923789e+00,9.0723703760989616e-01,2.6478995503959890e+00,1.3672232390242138e+01,1.3169391708897850e+01,4.5448945704923789e+00,9.3626110778012830e+00,4.5448945704923789e+00,4.5448945704923789e+00,0.0000000000000000e+00,4.5448945704923789e+00,8.2217439530457828e+00,4.5448945704923789e+00,1.3468593148174820e+01,1.3468593148174820e+01,1.3468593148174820e+01,1.3468593148174820e+01,8.2217439530457828e+00,7.6454342169649241e+00,8.2217439530457828e+00,8.2217439530457828e+00,4.5448945704923789e+00,7.6454342169649241e+00,8.2217439530457828e+00,3.8633659140075105e+00,1.3169391708897850e+01,0.0000000000000000e+00,1.3468593148174820e+01,1.3169391708897850e+01,1.3169391708897850e+01,7.6454342169649241e+00,1.3169391708897850e+01,6.0739039960907988e+00,4.5448945704923789e+00,9.3626110778012830e+00,1.3169391708897850e+01,1.9290365092987498e+00,1.3169391708897850e+01,2.6478995503959890e+00,1.3169391708897850e+01,1.3169391708897850e+01,1.3169391708897850e+01,1.3169391708897850e+01,1.1175248419526699e+01,4.5448945704923789e+00,8.2217439530457828e+00,1.1175248419526699e+01,1.3169391708897850e+01,9.3626110778012830e+00,4.5448945704923789e+00,1.3169391708897850e+01,1.3169391708897850e+01,6.8222670103741150e+00,1.1175248419526699e+01,1.3169391708897850e+01,1.3169391708897850e+01,1.1175248419526699e+01,1.3169391708897850e+01,1.1175248419526699e+01,1.3468593148174820e+01,7.6454342169649241e+00,3.8633659140075105e+00,2.6478995503959890e+00,1.3169391708897850e+01,1.3468593148174820e+01,1.3468593148174820e+01,1.3468593148174820e+01,1.9290365092987498e+00,1.3468593148174820e+01,2.6478995503959890e+00,1.3169391708897850e+01,1.3169391708897850e+01,9.6266265401952431e+00,1.3169391708897850e+01,9.6266265401952431e+00,8.2217439530457828e+00,1.3672232390242138e+01,1.3169391708897850e+01,6.0739039960907988e+00,1.3169391708897850e+01,1.3169391708897850e+01,3.8633659140075105e+00,1.3468593148174820e+01,2.6478995503959890e+00,1.3468593148174820e+01,8.2217439530457828e+00,9.0723703760989616e-01,3.8633659140075105e+00,7.6454342169649241e+00,1.3169391708897850e+01,1.3672232390242138e+01,1.3468593148174820e+01,1.3672232390242138e+01,1.3468593148174820e+01,1.3468593148174820e+01,1.3468593148174820e+01,1.3468593148174820e+01,2.6478995503959890e+00,3.8633659140075105e+00,1.3468593148174820e+01,1.3468593148174820e+01,1.3169391708897850e+01,1.3468593148174820e+01,1.3169391708897850e+01,7.6454342169649241e+00,4.5448945704923789e+00,1.3169391708897850e+01,0.0000000000000000e+00,8.2217439530457828e+00,6.0739039960907988e+00,9.3626110778012830e+00,1.1175248419526699e+01,1.3468593148174820e+01,1.3169391708897850e+01,1.3169391708897850e+01,6.0739039960907988e+00,6.0739039960907988e+00,8.2217439530457828e+00,1.3468593148174820e+01,1.3468593148174820e+01,7.6454342169649241e+00,8.2217439530457828e+00,1.3468593148174820e+01,1.3468593148174820e+01,2.6478995503959890e+00,6.8222670103741150e+00,9.0723703760989616e-01,1.3169391708897850e+01,6.0739039960907988e+00,1.9290365092987498e+00,9.0723703760989616e-01,9.6266265401952431e+00,9.6266265401952431e+00,9.6266265401952431e+00,9.6266265401952431e+00,2.6478995503959890e+00,9.6266265401952431e+00,0.0000000000000000e+00,1.3468593148174820e+01,2.6478995503959890e+00,1.3468593148174820e+01,6.8222670103741150e+00,1.1175248419526699e+01,1.1175248419526699e+01,9.0723703760989616e-01,2.6478995503959890e+00,2.6478995503959890e+00,1.3169391708897850e+01,6.0739039960907988e+00,1.1175248419526699e+01,3.8633659140075105e+00,8.2217439530457828e+00,9.0723703760989616e-01,7.6454342169649241e+00,7.6454342169649241e+00,1.1175248419526699e+01,4.5448945704923789e+00,0.0000000000000000e+00,1.1175248419526699e+01,1.1175248419526699e+01,1.3169391708897850e+01,1.3468593148174820e+01,1.3468593148174820e+01,1.3468593148174820e+01,1.3468593148174820e+01,2.6478995503959890e+00,1.3468593148174820e+01,3.8633659140075105e+00,6.8222670103741150e+00,1.3468593148174820e+01,1.3468593148174820e+01,1.3672232390242138e+01,1.9290365092987498e+00,1.3169391708897850e+01,6.0739039960907988e+00,3.8633659140075105e+00,1.3468593148174820e+01,1.3468593148174820e+01,1.3468593148174820e+01,1.3169391708897850e+01,6.8222670103741150e+00,8.2217439530457828e+00,7.6454342169649241e+00,1.3468593148174820e+01,1.3169391708897850e+01,8.2217439530457828e+00,2.6478995503959890e+00,9.6266265401952431e+00,8.2217439530457828e+00,1.3672232390242138e+01,1.3672232390242138e+01,1.3468593148174820e+01,1.3169391708897850e+01,1.3468593148174820e+01,7.6454342169649241e+00,1.3468593148174820e+01,9.0723703760989616e-01,1.3169391708897850e+01,7.6454342169649241e+00,1.3169391708897850e+01,1.3169391708897850e+01,1.3169391708897850e+01,9.6266265401952431e+00,1.3468593148174820e+01,1.3468593148174820e+01,1.3169391708897850e+01,7.6454342169649241e+00,1.3672232390242138e+01,1.3169391708897850e+01,6.0739039960907988e+00,9.3626110778012830e+00,8.2217439530457828e+00,8.2217439530457828e+00,1.3468593148174820e+01,0.0000000000000000e+00,0.0000000000000000e+00,1.3468593148174820e+01,7.6454342169649241e+00,0.0000000000000000e+00,1.3169391708897850e+01,9.3626110778012830e+00,9.0723703760989616e-01,9.3626110778012830e+00,1.1175248419526699e+01,1.3169391708897850e+01,1.3468593148174820e+01,1.3468593148174820e+01,1.9290365092987498e+00,4.5448945704923789e+00,8.2217439530457828e+00,7.6454342169649241e+00,1.3169391708897850e+01,1.3468593148174820e+01,1.3169391708897850e+01,0.0000000000000000e+00,1.3468593148174820e+01,1.3468593148174820e+01,7.6454342169649241e+00,9.3626110778012830e+00,1.3468593148174820e+01,1.3468593148174820e+01,1.3468593148174820e+01,6.0739039960907988e+00,9.6266265401952431e+00,1.3169391708897850e+01,1.3169391708897850e+01,1.3169391708897850e+01,1.3169391708897850e+01,9.6266265401952431e+00,7.6454342169649241e+00,7.6454342169649241e+00,7.6454342169649241e+00,1.3169391708897850e+01,1.3169391708897850e+01,1.1175248419526699e+01,2.6478995503959890e+00,1.3468593148174820e+01,9.3626110778012830e+00,9.3626110778012830e+00,9.3626110778012830e+00,1.1175248419526699e+01,1.3169391708897850e+01,1.3169391708897850e+01,1.1175248419526699e+01,8.2217439530457828e+00,1.1175248419526699e+01,1.1175248419526699e+01,1.1175248419526699e+01,9.3626110778012830e+00,6.8222670103741150e+00,1.3169391708897850e+01,8.2217439530457828e+00,0.0000000000000000e+00,9.3626110778012830e+00,9.6266265401952431e+00,3.8633659140075105e+00,0.0000000000000000e+00,1.1175248419526699e+01,1.1175248419526699e+01,9.3626110778012830e+00,2.6478995503959890e+00,1.3672232390242138e+01,1.3672232390242138e+01,1.3672232390242138e+01,4.5448945704923789e+00,1.3169391708897850e+01,1.3672232390242138e+01,9.3626110778012830e+00,9.3626110778012830e+00,9.3626110778012830e+00,9.3626110778012830e+00,1.3169391708897850e+01,1.3468593148174820e+01,9.6266265401952431e+00,6.8222670103741150e+00,6.0739039960907988e+00,9.3626110778012830e+00,9.3626110778012830e+00,9.3626110778012830e+00,9.3626110778012830e+00,4.5448945704923789e+00,1.3672232390242138e+01,1.3468593148174820e+01,4.5448945704923789e+00,9.3626110778012830e+00,1.3672232390242138e+01,2.6478995503959890e+00,3.8633659140075105e+00,9.3626110778012830e+00,1.3672232390242138e+01,9.3626110778012830e+00,9.3626110778012830e+00,9.0723703760989616e-01,1.3169391708897850e+01,9.3626110778012830e+00,9.3626110778012830e+00,6.0739039960907988e+00,6.0739039960907988e+00,0.0000000000000000e+00,1.3169391708897850e+01,9.3626110778012830e+00,9.6266265401952431e+00,6.0739039960907988e+00,2.6478995503959890e+00,7.6454342169649241e+00,9.0723703760989616e-01,9.3626110778012830e+00,1.3468593148174820e+01,9.0723703760989616e-01,1.3468593148174820e+01,6.8222670103741150e+00,6.8222670103741150e+00,6.0739039960907988e+00,6.0739039960907988e+00,9.3626110778012830e+00,1.3169391708897850e+01,8.2217439530457828e+00,6.8222670103741150e+00,6.0739039960907988e+00,1.1175248419526699e+01,0.0000000000000000e+00,1.1175248419526699e+01,9.3626110778012830e+00,6.0739039960907988e+00,1.3169391708897850e+01,1.3672232390242138e+01,1.3672232390242138e+01,9.3626110778012830e+00,8.2217439530457828e+00,4.5448945704923789e+00,1.1175248419526699e+01,9.0723703760989616e-01,9.3626110778012830e+00,9.0723703760989616e-01,7.6454342169649241e+00,9.3626110778012830e+00,9.3626110778012830e+00,1.3169391708897850e+01,1.3169391708897850e+01,3.8633659140075105e+00,6.0739039960907988e+00,9.3626110778012830e+00,3.8633659140075105e+00,9.3626110778012830e+00,1.9290365092987498e+00,3.8633659140075105e+00,9.6266265401952431e+00,4.5448945704923789e+00,1.1175248419526699e+01,9.3626110778012830e+00,9.3626110778012830e+00,1.3169391708897850e+01,1.3169391708897850e+01,1.3169391708897850e+01,6.8222670103741150e+00,6.8222670103741150e+00,1.3169391708897850e+01,8.2217439530457828e+00,3.8633659140075105e+00,2.6478995503959890e+00,2.6478995503959890e+00,1.3672232390242138e+01,9.3626110778012830e+00,3.8633659140075105e+00,1.3468593148174820e+01,6.0739039960907988e+00,9.6266265401952431e+00,1.3672232390242138e+01,1.9290365092987498e+00,9.6266265401952431e+00,1.3468593148174820e+01,1.3468593148174820e+01,9.6266265401952431e+00,1.3468593148174820e+01,1.3468593148174820e+01,9.3626110778012830e+00,9.3626110778012830e+00,1.3468593148174820e+01,9.6266265401952431e+00,0.0000000000000000e+00,9.3626110778012830e+00,8.2217439530457828e+00,1.3468593148174820e+01,1.3468593148174820e+01,1.3468593148174820e+01,1.3468593148174820e+01,1.3468593148174820e+01,7.6454342169649241e+00,9.0723703760989616e-01,1.3672232390242138e+01,1.3672232390242138e+01,6.8222670103741150e+00,3.8633659140075105e+00,1.3672232390242138e+01,1.3672232390242138e+01,1.3169391708897850e+01,6.0739039960907988e+00,9.3626110778012830e+00,1.3169391708897850e+01,1.3169391708897850e+01,3.8633659140075105e+00,3.8633659140075105e+00,1.3169391708897850e+01,6.0739039960907988e+00,6.0739039960907988e+00,1.3672232390242138e+01,1.9290365092987498e+00,2.6478995503959890e+00,3.8633659140075105e+00,1.3672232390242138e+01,4.5448945704923789e+00,4.5448945704923789e+00,1.3672232390242138e+01,9.0723703760989616e-01,9.0723703760989616e-01,4.5448945704923789e+00,1.3468593148174820e+01,9.6266265401952431e+00,9.3626110778012830e+00,1.1175248419526699e+01,1.9290365092987498e+00,1.3468593148174820e+01,3.8633659140075105e+00,1.3468593148174820e+01,1.3169391708897850e+01,6.0739039960907988e+00,1.1175248419526699e+01,9.6266265401952431e+00,1.1175248419526699e+01,6.0739039960907988e+00,1.3468593148174820e+01,7.6454342169649241e+00,1.1175248419526699e+01,1.9290365092987498e+00,1.1175248419526699e+01,1.1175248419526699e+01,9.6266265401952431e+00,9.6266265401952431e+00,8.2217439530457828e+00,1.1175248419526699e+01,0.0000000000000000e+00,3.8633659140075105e+00,7.6454342169649241e+00,4.5448945704923789e+00,1.3468593148174820e+01,6.0739039960907988e+00,1.3169391708897850e+01,1.3468593148174820e+01,1.3468593148174820e+01,1.1175248419526699e+01,1.1175248419526699e+01,6.8222670103741150e+00,8.2217439530457828e+00,1.1175248419526699e+01,4.5448945704923789e+00,1.3468593148174820e+01,6.8222670103741150e+00,6.8222670103741150e+00,0.0000000000000000e+00,1.1175248419526699e+01,1.3169391708897850e+01,6.0739039960907988e+00,1.3169391708897850e+01,1.3169391708897850e+01,1.1175248419526699e+01,8.2217439530457828e+00,0.0000000000000000e+00,9.6266265401952431e+00,1.3468593148174820e+01,1.9290365092987498e+00,3.8633659140075105e+00,3.8633659140075105e+00,9.6266265401952431e+00,1.1175248419526699e+01,1.9290365092987498e+00,1.1175248419526699e+01,7.6454342169649241e+00,3.8633659140075105e+00,1.3169391708897850e+01,9.6266265401952431e+00,0.0000000000000000e+00,9.3626110778012830e+00,1.3169391708897850e+01,1.3169391708897850e+01,1.3468593148174820e+01,6.0739039960907988e+00,9.0723703760989616e-01,9.6266265401952431e+00,6.0739039960907988e+00,8.2217439530457828e+00,8.2217439530457828e+00,6.0739039960907988e+00,6.0739039960907988e+00,6.0739039960907988e+00,7.6454342169649241e+00,9.6266265401952431e+00,1.3468593148174820e+01,1.3468593148174820e+01,1.3468593148174820e+01,1.3468593148174820e+01,9.0723703760989616e-01,8.2217439530457828e+00,1.3468593148174820e+01,1.3169391708897850e+01,9.6266265401952431e+00,4.5448945704923789e+00,1.9290365092987498e+00,6.8222670103741150e+00,1.3468593148174820e+01,6.0739039960907988e+00,1.3468593148174820e+01,1.9290365092987498e+00,6.0739039960907988e+00,6.0739039960907988e+00,1.3468593148174820e+01,1.3468593148174820e+01,6.0739039960907988e+00,1.3169391708897850e+01,1.9290365092987498e+00,9.3626110778012830e+00,9.6266265401952431e+00,9.3626110778012830e+00,1.3468593148174820e+01,9.0723703760989616e-01,4.5448945704923789e+00,4.5448945704923789e+00,1.3468593148174820e+01,1.3672232390242138e+01,1.3468593148174820e+01,9.6266265401952431e+00,9.6266265401952431e+00,1.3468593148174820e+01,8.2217439530457828e+00,1.9290365092987498e+00,7.6454342169649241e+00,0.0000000000000000e+00,1.9290365092987498e+00,1.9290365092987498e+00,7.6454342169649241e+00,1.3468593148174820e+01,9.3626110778012830e+00,0.0000000000000000e+00,9.0723703760989616e-01,1.3468593148174820e+01,1.1175248419526699e+01,4.5448945704923789e+00,3.8633659140075105e+00,1.3672232390242138e+01,1.3672232390242138e+01,1.3468593148174820e+01,8.2217439530457828e+00,1.3468593148174820e+01,2.6478995503959890e+00,1.3672232390242138e+01,6.0739039960907988e+00,4.5448945704923789e+00,1.1175248419526699e+01,4.5448945704923789e+00,1.3468593148174820e+01,6.0739039960907988e+00,6.8222670103741150e+00,1.3468593148174820e+01,9.3626110778012830e+00,1.3468593148174820e+01,0.0000000000000000e+00,1.3468593148174820e+01,7.6454342169649241e+00,6.0739039960907988e+00,7.6454342169649241e+00,2.6478995503959890e+00,1.3468593148174820e+01,1.3468593148174820e+01,1.1175248419526699e+01,1.1175248419526699e+01,6.0739039960907988e+00,1.3672232390242138e+01,6.0739039960907988e+00,1.3672232390242138e+01,9.3626110778012830e+00,9.3626110778012830e+00,0.0000000000000000e+00,1.3468593148174820e+01,1.3468593148174820e+01,4.5448945704923789e+00,6.8222670103741150e+00,6.8222670103741150e+00,6.0739039960907988e+00,7.6454342169649241e+00,1.9290365092987498e+00,9.3626110778012830e+00,1.3468593148174820e+01,8.2217439530457828e+00,1.3169391708897850e+01,1.3468593148174820e+01,0.0000000000000000e+00,2.6478995503959890e+00,2.6478995503959890e+00,9.0723703760989616e-01,1.3468593148174820e+01,1.3468593148174820e+01,9.3626110778012830e+00,9.3626110778012830e+00,9.3626110778012830e+00,1.3468593148174820e+01,9.3626110778012830e+00,1.3468593148174820e+01,1.3468593148174820e+01,1.3468593148174820e+01,9.3626110778012830e+00,2.6478995503959890e+00,1.3672232390242138e+01,9.6266265401952431e+00,0.0000000000000000e+00,9.6266265401952431e+00,9.3626110778012830e+00,7.6454342169649241e+00,7.6454342169649241e+00,1.9290365092987498e+00,8.2217439530457828e+00,6.8222670103741150e+00,1.3169391708897850e+01,1.3468593148174820e+01,4.5448945704923789e+00,1.3672232390242138e+01,1.3672232390242138e+01,1.3468593148174820e+01,1.9290365092987498e+00,1.3468593148174820e+01,1.1175248419526699e+01,1.3468593148174820e+01,0.0000000000000000e+00,6.0739039960907988e+00,1.3169391708897850e+01,6.0739039960907988e+00,7.6454342169649241e+00,4.5448945704923789e+00,1.3468593148174820e+01,1.3468593148174820e+01,1.3468593148174820e+01,1.3468593148174820e+01,1.3468593148174820e+01,6.0739039960907988e+00,1.3468593148174820e+01,6.8222670103741150e+00,7.6454342169649241e+00,8.2217439530457828e+00,1.3468593148174820e+01,1.3672232390242138e+01,1.3672232390242138e+01,1.3672232390242138e+01,7.6454342169649241e+00,1.3672232390242138e+01,7.6454342169649241e+00,1.3169391708897850e+01,2.6478995503959890e+00,1.3672232390242138e+01,2.6478995503959890e+00,1.3672232390242138e+01,1.3468593148174820e+01,2.6478995503959890e+00,1.3468593148174820e+01,7.6454342169649241e+00,9.6266265401952431e+00,1.3468593148174820e+01,3.8633659140075105e+00,9.3626110778012830e+00,7.6454342169649241e+00,7.6454342169649241e+00,6.0739039960907988e+00,1.9290365092987498e+00,1.3672232390242138e+01,1.3672232390242138e+01,6.0739039960907988e+00,2.6478995503959890e+00,1.3468593148174820e+01,1.3169391708897850e+01,1.3468593148174820e+01,8.2217439530457828e+00,3.8633659140075105e+00,1.9290365092987498e+00,1.3468593148174820e+01,2.6478995503959890e+00,4.5448945704923789e+00,9.3626110778012830e+00,9.0723703760989616e-01,1.1175248419526699e+01,4.5448945704923789e+00,2.6478995503959890e+00,4.5448945704923789e+00,1.3169391708897850e+01,2.6478995503959890e+00,1.3672232390242138e+01,1.1175248419526699e+01,3.8633659140075105e+00,1.3672232390242138e+01,1.3169391708897850e+01,3.8633659140075105e+00,9.3626110778012830e+00,1.3468593148174820e+01,1.3468593148174820e+01,1.1175248419526699e+01,1.3468593148174820e+01,6.8222670103741150e+00,6.0739039960907988e+00,6.0739039960907988e+00,3.8633659140075105e+00,3.8633659140075105e+00,1.1175248419526699e+01,3.8633659140075105e+00,1.3672232390242138e+01,1.3672232390242138e+01,6.0739039960907988e+00,1.1175248419526699e+01,1.3169391708897850e+01,3.8633659140075105e+00,8.2217439530457828e+00,1.3468593148174820e+01,1.3468593148174820e+01,1.3468593148174820e+01,9.3626110778012830e+00,1.3169391708897850e+01,3.8633659140075105e+00,8.2217439530457828e+00,8.2217439530457828e+00,8.2217439530457828e+00,6.8222670103741150e+00,9.0723703760989616e-01,4.5448945704923789e+00,9.3626110778012830e+00,1.9290365092987498e+00,1.3672232390242138e+01,1.3672232390242138e+01,1.3672232390242138e+01,1.3672232390242138e+01,7.6454342169649241e+00,1.3672232390242138e+01,4.5448945704923789e+00,1.3169391708897850e+01,1.3672232390242138e+01,1.3672232390242138e+01,1.3468593148174820e+01,1.3672232390242138e+01,1.3169391708897850e+01,1.3672232390242138e+01,9.6266265401952431e+00,1.3672232390242138e+01,9.6266265401952431e+00,1.3672232390242138e+01,2.6478995503959890e+00,1.3468593148174820e+01,1.3672232390242138e+01,1.3672232390242138e+01,3.8633659140075105e+00,1.9290365092987498e+00,9.0723703760989616e-01,9.3626110778012830e+00,4.5448945704923789e+00,7.6454342169649241e+00,2.6478995503959890e+00,2.6478995503959890e+00,9.6266265401952431e+00,6.0739039960907988e+00,1.3468593148174820e+01,1.3672232390242138e+01,1.3672232390242138e+01,1.3169391708897850e+01,1.3672232390242138e+01,1.3468593148174820e+01,1.3169391708897850e+01,1.3468593148174820e+01,4.5448945704923789e+00,1.3169391708897850e+01,9.6266265401952431e+00,1.3672232390242138e+01,1.3672232390242138e+01,9.6266265401952431e+00,9.0723703760989616e-01,6.8222670103741150e+00,9.0723703760989616e-01,8.2217439530457828e+00,1.9290365092987498e+00,1.3468593148174820e+01,3.8633659140075105e+00,1.3468593148174820e+01,1.1175248419526699e+01,2.6478995503959890e+00,8.2217439530457828e+00,4.5448945704923789e+00,2.6478995503959890e+00,9.3626110778012830e+00,4.5448945704923789e+00,7.6454342169649241e+00,9.0723703760989616e-01,6.0739039960907988e+00,3.8633659140075105e+00,8.2217439530457828e+00,2.6478995503959890e+00,2.6478995503959890e+00,4.5448945704923789e+00,1.3169391708897850e+01,9.3626110778012830e+00,7.6454342169649241e+00,8.2217439530457828e+00,9.3626110778012830e+00,2.6478995503959890e+00,4.5448945704923789e+00,1.1175248419526699e+01,2.6478995503959890e+00,1.3468593148174820e+01,9.3626110778012830e+00,1.3468593148174820e+01,9.0723703760989616e-01,8.2217439530457828e+00,0.0000000000000000e+00,8.2217439530457828e+00,8.2217439530457828e+00,8.2217439530457828e+00,8.2217439530457828e+00,1.3468593148174820e+01,3.8633659140075105e+00,1.3672232390242138e+01,9.0723703760989616e-01,8.2217439530457828e+00,9.3626110778012830e+00,1.3468593148174820e+01,9.3626110778012830e+00,1.3169391708897850e+01,7.6454342169649241e+00,1.3169391708897850e+01,1.3169391708897850e+01,1.3169391708897850e+01,1.3169391708897850e+01,8.2217439530457828e+00,1.3169391708897850e+01,1.3169391708897850e+01,4.5448945704923789e+00,8.2217439530457828e+00,6.0739039960907988e+00,6.0739039960907988e+00,1.3672232390242138e+01,1.3169391708897850e+01,1.3672232390242138e+01,6.8222670103741150e+00,1.3672232390242138e+01,1.1175248419526699e+01,1.3468593148174820e+01,1.3468593148174820e+01,1.3468593148174820e+01,1.9290365092987498e+00,1.1175248419526699e+01,1.3468593148174820e+01,1.3468593148174820e+01,1.3672232390242138e+01,9.0723703760989616e-01,2.6478995503959890e+00,1.3672232390242138e+01,1.3672232390242138e+01,6.8222670103741150e+00,1.1175248419526699e+01,0.0000000000000000e+00,3.8633659140075105e+00,1.3672232390242138e+01,9.0723703760989616e-01,8.2217439530457828e+00,1.1175248419526699e+01,2.6478995503959890e+00,9.3626110778012830e+00,1.3468593148174820e+01,1.3468593148174820e+01,1.9290365092987498e+00,3.8633659140075105e+00,9.3626110778012830e+00,1.9290365092987498e+00,1.3169391708897850e+01,1.1175248419526699e+01,4.5448945704923789e+00,1.3468593148174820e+01,1.3468593148174820e+01,9.6266265401952431e+00,2.6478995503959890e+00,4.5448945704923789e+00,1.3169391708897850e+01,1.3169391708897850e+01,2.6478995503959890e+00,6.0739039960907988e+00,8.2217439530457828e+00,8.2217439530457828e+00,1.3169391708897850e+01,2.6478995503959890e+00,8.2217439530457828e+00,1.3169391708897850e+01,9.6266265401952431e+00,9.3626110778012830e+00,1.3468593148174820e+01,1.3672232390242138e+01,1.3672232390242138e+01,7.6454342169649241e+00,8.2217439530457828e+00,0.0000000000000000e+00,7.6454342169649241e+00,1.3169391708897850e+01,7.6454342169649241e+00,6.0739039960907988e+00,1.3468593148174820e+01,9.0723703760989616e-01,2.6478995503959890e+00,1.3169391708897850e+01,9.6266265401952431e+00,1.9290365092987498e+00,1.3672232390242138e+01,6.8222670103741150e+00,7.6454342169649241e+00,1.3169391708897850e+01,1.3169391708897850e+01,9.6266265401952431e+00,4.5448945704923789e+00,6.0739039960907988e+00,1.3672232390242138e+01,7.6454342169649241e+00,1.3169391708897850e+01,9.6266265401952431e+00,8.2217439530457828e+00,9.6266265401952431e+00,1.3468593148174820e+01,1.3672232390242138e+01,1.3468593148174820e+01,6.0739039960907988e+00,6.8222670103741150e+00,6.8222670103741150e+00,1.3672232390242138e+01,1.3672232390242138e+01,1.3672232390242138e+01,7.6454342169649241e+00,4.5448945704923789e+00,2.6478995503959890e+00,1.3672232390242138e+01,6.0739039960907988e+00,8.2217439530457828e+00,1.3468593148174820e+01,9.3626110778012830e+00,9.3626110778012830e+00,1.3672232390242138e+01,1.3672232390242138e+01,9.3626110778012830e+00
9.5992955770142430e-01,5.0522178591187563e+00,1.4687680314975632e+01,1.4687680314975632e+01,1.4687680314975632e+01,5.0522178591187563e+00,1.4687680314975632e+01,6.7171453950385622e+00,1.3339719339830314e+01,4.7485513981192851e+00,1.3339719339830314e+01,3.7789467344489229e+00,1.3339719339830314e+01,1.3339719339830314e+01,6.7171453950385622e+00,3.7789467344489229e+00,3.7789467344489229e+00,1.3339719339830314e+01,3.7789467344489229e+00,1.3339719339830314e+01,1.3339719339830314e+01,1.1680551260731390e+01,1.0106209547005051e+01,2.9678990025325183e+00,9.0623957606687995e+00,8.2423957132368919e+00,9.0623957606687995e+00,9.0623957606687995e+00,1.3339719339830314e+01,1.4687680314975632e+01,1.0106209547005051e+01,1.4687680314975632e+01,9.0623957606687995e+00,4.7485513981192851e+00,4.7485513981192851e+00,7.2164033252945936e+00,4.7485513981192851e+00,1.4687680314975632e+01,1.4687680314975632e+01,7.2164033252945936e+00,4.7485513981192851e+00,1.4687680314975632e+01,1.3339719339830314e+01,1.1680551260731390e+01,1.3339719339830314e+01,1.1841341663404208e+01,4.7485513981192851e+00,1.3339719339830314e+01,3.7789467344489229e+00,1.3339719339830314e+01,1.9130519204889311e+00,1.3339719339830314e+01,0.0000000000000000e+00,1.3339719339830314e+01,1.3339719339830314e+01,1.3339719339830314e+01,9.5992955770142430e-01,1.3339719339830314e+01,1.3339719339830314e+01,1.3339719339830314e+01,9.0623957606687995e+00,1.4687680314975632e+01,2.9678990025325183e+00,1.9130519204889311e+00,1.3339719339830314e+01,1.3339719339830314e+01,1.0106209547005051e+01,1.3339719339830314e+01,9.0623957606687995e+00,1.3339719339830314e+01,1.3339719339830314e+01,1.1841341663404208e+01,6.7171453950385622e+00,7.2164033252945936e+00,1.3339719339830314e+01,1.3339719339830314e+01,1.3339719339830314e+01,1.1680551260731390e+01,1.3339719339830314e+01,1.1680551260731390e+01,1.3339719339830314e+01,1.3339719339830314e+01,1.3339719339830314e+01,9.5992955770142430e-01,2.9678990025325183e+00,1.3339719339830314e+01,1.4687680314975632e+01,8.2423957132368919e+00,1.3339719339830314e+01,7.2164033252945936e+00,1.3339719339830314e+01,1.3339719339830314e+01,1.3339719339830314e+01,4.7485513981192851e+00,1.3339719339830314e+01,1.3339719339830314e+01,1.4687680314975632e+01,1.0106209547005051e+01,1.3339719339830314e+01,1.0106209547005051e+01,1.3339719339830314e+01,1.3339719339830314e+01,1.3339719339830314e+01,1.3339719339830314e+01,5.0522178591187563e+00,1.3339719339830314e+01,1.3339719339830314e+01,1.1841341663404208e+01,1.3339719339830314e+01,9.0623957606687995e+00,1.1841341663404208e+01,7.2164033252945936e+00,1.1841341663404208e+01,6.7171453950385622e+00,0.0000000000000000e+00,1.3339719339830314e+01,1.9130519204889311e+00,2.9678990025325183e+00,6.7171453950385622e+00,2.9678990025325183e+00,2.9678990025325183e+00,1.3339719339830314e+01,1.3339719339830314e+01,1.3339719339830314e+01,1.1841341663404208e+01,1.0106209547005051e+01,9.0623957606687995e+00,1.0106209547005051e+01,4.7485513981192851e+00,4.7485513981192851e+00,1.3339719339830314e+01,1.3339719339830314e+01,1.3339719339830314e+01,1.0106209547005051e+01,1.0106209547005051e+01,4.7485513981192851e+00,1.0106209547005051e+01,1.0106209547005051e+01,1.3339719339830314e+01,0.0000000000000000e+00,0.0000000000000000e+00,1.3339719339830314e+01,1.3339719339830314e+01,1.4687680314975632e+01,4.7485513981192851e+00,6.7171453950385622e+00,1.4687680314975632e+01,9.5992955770142430e-01,1.3339719339830314e+01,1.4687680314975632e+01,1.3339719339830314e+01,1.3339719339830314e+01,1.0106209547005051e+01,1.0106209547005051e+01,1.9130519204889311e+00,1.4687680314975632e+01,1.0106209547005051e+01,1.3339719339830314e+01,1.1841341663404208e+01,1.1841341663404208e+01,1.1841341663404208e+01,1.4687680314975632e+01,6.7171453950385622e+00,1.3339719339830314e+01,1.3339719339830314e+01,1.1841341663404208e+01,1.3339719339830314e+01,1.3339719339830314e+01,1.3339719339830314e+01,1.3339719339830314e+01,1.3339719339830314e+01,8.2423957132368919e+00,1.4687680314975632e+01,1.0106209547005051e+01,8.2423957132368919e+00,1.4687680314975632e+01,7.2164033252945936e+00,7.2164033252945936e+00,1.3339719339830314e+01,1.3339719339830314e+01,1.4687680314975632e+01,1.0106209547005051e+01,1.4687680314975632e+01,1.4687680314975632e+01,8.2423957132368919e+00,4.7485513981192851e+00,1.3339719339830314e+01,8.2423957132368919e+00,1.3339719339830314e+01,1.3339719339830314e+01,3.7789467344489229e+00,1.9130519204889311e+00,1.3339719339830314e+01,9.0623957606687995e+00,2.9678990025325183e+00,0.0000000000000000e+00,9.0623957606687995e+00,1.3339719339830314e+01,1.3339719339830314e+01,1.1841341663404208e+01,1.9130519204889311e+00,7.2164033252945936e+00,1.1841341663404208e+01,9.0623957606687995e+00,1.4687680314975632e+01,1.3339719339830314e+01,1.3339719339830314e+01,1.3339719339830314e+01,1.4687680314975632e+01,1.3339719339830314e+01,1.3339719339830314e+01,1.3339719339830314e+01,1.4687680314975632e+01,6.7171453950385622e+00,6.7171453950385622e+00,8.2423957132368919e+00,3.7789467344489229e+00,1.9130519204889311e+00,4.7485513981192851e+00,1.4687680314975632e+01,1.1680551260731390e+01,4.7485513981192851e+00,5.0522178591187563e+00,3.7789467344489229e+00,1.1680551260731390e+01,3.7789467344489229e+00,1.3339719339830314e+01,0.0000000000000000e+00,2.9678990025325183e+00,2.9678990025325183e+00,1.3339719339830314e+01,1.1841341663404208e+01,1.0106209547005051e+01,7.2164033252945936e+00,5.0522178591187563e+00,5.0522178591187563e+00,8.2423957132368919e+00,1.9130519204889311e+00,5.0522178591187563e+00,5.0522178591187563e+00,7.2164033252945936e+00,2.9678990025325183e+00,2.9678990025325183e+00,5.0522178591187563e+00,5.0522178591187563e+00,5.0522178591187563e+00,5.0522178591187563e+00,5.0522178591187563e+00,7.2164033252945936e+00,8.2423957132368919e+00,1.4687680314975632e+01,1.3339719339830314e+01,1.4687680314975632e+01,1.4687680314975632e+01,5.0522178591187563e+00,4.7485513981192851e+00,1.3339719339830314e+01,1.4687680314975632e+01,4.7485513981192851e+00,9.0623957606687995e+00,4.7485513981192851e+00,1.9130519204889311e+00,1.1841341663404208e+01,8.2423957132368919e+00,3.7789467344489229e+00,9.0623957606687995e+00,1.4687680314975632e+01,1.1680551260731390e+01,1.0106209547005051e+01,1.4687680314975632e+01,4.7485513981192851e+00,9.0623957606687995e+00,1.4687680314975632e+01,1.0106209547005051e+01,1.1841341663404208e+01,1.1841341663404208e+01,1.4687680314975632e+01,1.4687680314975632e+01,1.1680551260731390e+01,3.7789467344489229e+00,1.4687680314975632e+01,1.3339719339830314e+01,1.4687680314975632e+01,8.2423957132368919e+00,1.1841341663404208e+01,7.2164033252945936e+00,1.4687680314975632e+01,7.2164033252945936e+00,1.0106209547005051e+01,5.0522178591187563e+00,1.4687680314975632e+01,0.0000000000000000e+00,1.4687680314975632e+01,7.2164033252945936e+00,7.2164033252945936e+00,4.7485513981192851e+00,1.4687680314975632e+01,8.2423957132368919e+00,1.4687680314975632e+01,4.7485513981192851e+00,1.4687680314975632e+01,1.4687680314975632e+01,4.7485513981192851e+00,1.3339719339830314e+01,0.0000000000000000e+00,7.2164033252945936e+00,6.7171453950385622e+00,7.2164033252945936e+00,1.1841341663404208e+01,6.7171453950385622e+00,1.4687680314975632e+01,9.5992955770142430e-01,1.3339719339830314e+01,1.1841341663404208e+01,1.9130519204889311e+00,7.2164033252945936e+00,5.0522178591187563e+00,1.3339719339830314e+01,1.0106209547005051e+01,5.0522178591187563e+00,9.0623957606687995e+00,1.1841341663404208e+01,1.1841341663404208e+01,9.5992955770142430e-01,3.7789467344489229e+00,1.4687680314975632e+01,1.4687680314975632e+01,1.4687680314975632e+01,3.7789467344489229e+00,1.0106209547005051e+01,1.0106209547005051e+01,1.4687680314975632e+01,1.9130519204889311e+00,1.4687680314975632e+01,9.0623957606687995e+00,8.2423957132368919e+00,1.1841341663404208e+01,8.2423957132368919e+00,2.9678990025325183e+00,6.7171453950385622e+00,1.4687680314975632e+01,1.3339719339830314e+01,1.4687680314975632e+01,6.7171453950385622e+00,4.7485513981192851e+00,1.4687680314975632e+01,1.4687680314975632e+01,9.5992955770142430e-01,3.7789467344489229e+00,5.0522178591187563e+00,1.4687680314975632e+01,4.7485513981192851e+00,0.0000000000000000e+00,4.7485513981192851e+00,9.0623957606687995e+00,1.9130519204889311e+00,7.2164033252945936e+00,9.0623957606687995e+00,4.7485513981192851e+00,1.4687680314975632e+01,6.7171453950385622e+00,7.2164033252945936e+00,8.2423957132368919e+00,2.9678990025325183e+00,4.7485513981192851e+00,8.2423957132368919e+00,1.0106209547005051e+01,5.0522178591187563e+00,8.2423957132368919e+00,1.9130519204889311e+00,1.3339719339830314e+01,6.7171453950385622e+00,1.3339719339830314e+01,1.3339719339830314e+01,7.2164033252945936e+00,1.4687680314975632e+01,4.7485513981192851e+00,6.7171453950385622e+00,1.0106209547005051e+01,4.7485513981192851e+00,1.0106209547005051e+01,1.4687680314975632e+01,9.0623957606687995e+00,1.0106209547005051e+01,0.0000000000000000e+00,6.7171453950385622e+00,7.2164033252945936e+00,1.0106209547005051e+01,8.2423957132368919e+00,1.0106209547005051e+01,9.0623957606687995e+00,1.0106209547005051e+01,1.4687680314975632e+01,1.0106209547005051e+01,0.0000000000000000e+00,1.9130519204889311e+00,1.4687680314975632e+01,1.4687680314975632e+01,8.2423957132368919e+00,1.0106209547005051e+01,1.1680551260731390e+01,5.0522178591187563e+00,6.7171453950385622e+00,1.4687680314975632e+01,1.4687680314975632e+01,9.0623957606687995e+00,1.1841341663404208e+01,9.0623957606687995e+00,6.7171453950385622e+00,6.7171453950385622e+00,0.0000000000000000e+00,6.7171453950385622e+00,1.4687680314975632e+01,1.4687680314975632e+01,1.4687680314975632e+01,8.2423957132368919e+00,1.4687680314975632e+01,2.9678990025325183e+00,9.0623957606687995e+00,1.3339719339830314e+01,7.2164033252945936e+00,1.1841341663404208e+01,1.1680551260731390e+01,0.0000000000000000e+00,9.0623957606687995e+00,4.7485513981192851e+00,1.9130519204889311e+00,1.4687680314975632e+01,8.2423957132368919e+00,4.7485513981192851e+00,1.0106209547005051e+01,1.4687680314975632e+01,1.3339719339830314e+01,1.0106209547005051e+01,3.7789467344489229e+00,7.2164033252945936e+00,7.2164033252945936e+00,3.7789467344489229e+00,7.2164033252945936e+00,1.0106209547005051e+01,1.0106209547005051e+01,1.9130519204889311e+00,1.1841341663404208e+01,1.0106209547005051e+01,1.1841341663404208e+01,0.0000000000000000e+00,1.3339719339830314e+01,9.0623957606687995e+00,2.9678990025325183e+00,4.7485513981192851e+00,5.0522178591187563e+00,4.7485513981192851e+00,6.7171453950385622e+00,6.7171453950385622e+00,4.7485513981192851e+00,1.1841341663404208e+01,6.7171453950385622e+00,1.1841341663404208e+01,7.2164033252945936e+00,3.7789467344489229e+00,4.7485513981192851e+00,1.3339719339830314e+01,1.3339719339830314e+01,1.9130519204889311e+00,0.0000000000000000e+00,1.4687680314975632e+01,3.7789467344489229e+00,8.2423957132368919e+00,5.0522178591187563e+00,1.3339719339830314e+01,6.7171453950385622e+00,1.3339719339830314e+01,0.0000000000000000e+00,1.4687680314975632e+01,1.1680551260731390e+01,1.3339719339830314e+01,5.0522178591187563e+00,3.7789467344489229e+00,2.9678990025325183e+00,8.2423957132368919e+00,9.0623957606687995e+00,1.1841341663404208e+01,1.4687680314975632e+01,1.9130519204889311e+00,1.1680551260731390e+01,9.0623957606687995e+00,8.2423957132368919e+00,2.9678990025325183e+00,9.0623957606687995e+00,2.9678990025325183e+00,1.4687680314975632e+01,1.1841341663404208e+01,1.0106209547005051e+01,1.1841341663404208e+01,2.9678990025325183e+00,1.0106209547005051e+01,9.0623957606687995e+00,1.4687680314975632e+01,1.4687680314975632e+01,1.1680551260731390e+01,4.7485513981192851e+00,1.1680551260731390e+01,6.7171453950385622e+00,1.0106209547005051e+01,3.7789467344489229e+00,1.0106209547005051e+01,2.9678990025325183e+00,1.0106209547005051e+01,3.7789467344489229e+00,1.3339719339830314e+01,1.0106209547005051e+01,3.7789467344489229e+00,9.5992955770142430e-01,1.0106209547005051e+01,9.0623957606687995e+00,9.0623957606687995e+00,1.9130519204889311e+00,9.5992955770142430e-01,1.3339719339830314e+01,1.1680551260731390e+01,1.1680551260731390e+01,1.1680551260731390e+01,0.0000000000000000e+00,9.0623957606687995e+00,1.4687680314975632e+01,2.9678990025325183e+00,9.0623957606687995e+00,1.3339719339830314e+01,8.2423957132368919e+00,2.9678990025325183e+00,1.3339719339830314e+01,1.3339719339830314e+01,7.2164033252945936e+00,9.0623957606687995e+00,9.0623957606687995e+00,4.7485513981192851e+00,1.3339719339830314e+01,6.7171453950385622e+00,9.0623957606687995e+00,6.7171453950385622e+00,1.0106209547005051e+01,1.9130519204889311e+00,1.0106209547005051e+01,1.9130519204889311e+00,1.4687680314975632e+01,1.4687680314975632e+01,1.0106209547005051e+01,4.7485513981192851e+00,1.3339719339830314e+01,1.9130519204889311e+00,5.0522178591187563e+00,8.2423957132368919e+00,2.9678990025325183e+00,7.2164033252945936e+00,6.7171453950385622e+00,1.1841341663404208e+01,1.1680551260731390e+01,1.3339719339830314e+01,1.3339719339830314e+01,6.7171453950385622e+00,6.7171453950385622e+00,1.3339719339830314e+01,1.3339719339830314e+01,1.3339719339830314e+01,4.7485513981192851e+00,0.0000000000000000e+00,1.4687680314975632e+01,9.0623957606687995e+00,6.7171453950385622e+00,6.7171453950385622e+00,1.9130519204889311e+00,1.0106209547005051e+01,1.4687680314975632e+01,5.0522178591187563e+00,9.5992955770142430e-01,1.0106209547005051e+01,4.7485513981192851e+00,1.1841341663404208e+01,4.7485513981192851e+00,1.3339719339830314e+01,1.3339719339830314e+01,2.9678990025325183e+00,3.7789467344489229e+00,9.0623957606687995e+00,1.1841341663404208e+01,1.3339719339830314e+01,1.4687680314975632e+01,8.2423957132368919e+00,1.1841341663404208e+01,1.1841341663404208e+01,1.1841341663404208e+01,1.9130519204889311e+00,6.7171453950385622e+00,1.3339719339830314e+01,9.0623957606687995e+00,4.7485513981192851e+00,5.0522178591187563e+00,1.0106209547005051e+01,1.0106209547005051e+01,1.3339719339830314e+01,1.4687680314975632e+01,1.4687680314975632e+01,1.4687680314975632e+01,1.4687680314975632e+01,1.4687680314975632e+01,1.4687680314975632e+01,1.9130519204889311e+00,1.4687680314975632e+01,4.7485513981192851e+00,4.7485513981192851e+00,1.4687680314975632e+01,4.7485513981192851e+00,1.4687680314975632e+01,1.4687680314975632e+01,8.2423957132368919e+00,8.2423957132368919e+00,1.9130519204889311e+00,1.1841341663404208e+01,1.0106209547005051e+01,8.2423957132368919e+00,7.2164033252945936e+00,7.2164033252945936e+00,1.4687680314975632e+01,6.7171453950385622e+00,2.9678990025325183e+00,1.1680551260731390e+01,6.7171453950385622e+00,1.3339719339830314e+01,1.3339719339830314e+01,1.3339719339830314e+01,1.4687680314975632e+01,1.4687680314975632e+01,1.4687680314975632e+01,1.4687680314975632e+01,9.5992955770142430e-01,1.3339719339830314e+01,1.1841341663404208e+01,1.4687680314975632e+01,1.1841341663404208e+01,1.4687680314975632e+01,5.0522178591187563e+00,1.1841341663404208e+01,1.9130519204889311e+00,3.7789467344489229e+00,1.3339719339830314e+01,1.3339719339830314e+01,1.3339719339830314e+01,1.1680551260731390e+01,1.4687680314975632e+01,1.4687680314975632e+01,1.4687680314975632e+01,1.4687680314975632e+01,0.0000000000000000e+00,1.1841341663404208e+01,1.4687680314975632e+01,1.4687680314975632e+01,1.1680551260731390e+01,1.3339719339830314e+01,1.3339719339830314e+01,9.5992955770142430e-01,1.3339719339830314e+01,1.9130519204889311e+00,1.1841341663404208e+01,7.2164033252945936e+00,1.3339719339830314e+01,1.1841341663404208e+01,1.1841341663404208e+01,9.0623957606687995e+00,1.1841341663404208e+01,1.0106209547005051e+01,1.1841341663404208e+01,7.2164033252945936e+00,1.4687680314975632e+01,1.0106209547005051e+01,3.7789467344489229e+00,7.2164033252945936e+00,1.4687680314975632e+01,6.7171453950385622e+00,6.7171453950385622e+00,1.4687680314975632e+01,9.0623957606687995e+00,1.4687680314975632e+01,3.7789467344489229e+00,1.0106209547005051e+01,1.0106209547005051e+01,6.7171453950385622e+00,9.5992955770142430e-01,6.7171453950385622e+00,1.1680551260731390e+01,1.1680551260731390e+01,7.2164033252945936e+00,8.2423957132368919e+00,1.1841341663404208e+01,9.5992955770142430e-01,6.7171453950385622e+00,2.9678990025325183e+00,1.1841341663404208e+01,8.2423957132368919e+00,1.3339719339830314e+01,1.1841341663404208e+01,1.3339719339830314e+01,1.3339719339830314e+01,5.0522178591187563e+00,1.0106209547005051e+01,3.7789467344489229e+00,1.1680551260731390e+01,1.1841341663404208e+01,5.0522178591187563e+00,0.0000000000000000e+00,4.7485513981192851e+00,0.0000000000000000e+00,1.9130519204889311e+00,1.1841341663404208e+01,1.1841341663404208e+01,7.2164033252945936e+00,1.1841341663404208e+01,8.2423957132368919e+00,1.1841341663404208e+01,7.2164033252945936e+00,8.2423957132368919e+00,8.2423957132368919e+00,1.4687680314975632e+01,7.2164033252945936e+00,7.2164033252945936e+00,7.2164033252945936e+00,6.7171453950385622e+00,3.7789467344489229e+00,1.4687680314975632e+01,1.4687680314975632e+01,7.2164033252945936e+00,6.7171453950385622e+00,1.1680551260731390e+01,9.5992955770142430e-01,4.7485513981192851e+00,9.5992955770142430e-01,9.0623957606687995e+00,8.2423957132368919e+00,1.1841341663404208e+01,9.0623957606687995e+00,9.5992955770142430e-01,8.2423957132368919e+00,9.5992955770142430e-01,1.3339719339830314e+01,1.3339719339830314e+01,8.2423957132368919e+00,1.3339719339830314e+01,7.2164033252945936e+00,1.3339719339830314e+01,8.2423957132368919e+00,5.0522178591187563e+00,7.2164033252945936e+00,1.0106209547005051e+01,6.7171453950385622e+00,6.7171453950385622e+00,1.0106209547005051e+01,1.3339719339830314e+01,1.3339719339830314e+01,1.1841341663404208e+01,4.7485513981192851e+00,1.3339719339830314e+01,4.7485513981192851e+00,0.0000000000000000e+00,9.0623957606687995e+00,1.1841341663404208e+01,8.2423957132368919e+00,1.0106209547005051e+01,0.0000000000000000e+00,1.1841341663404208e+01,1.1841341663404208e+01,1.3339719339830314e+01,5.0522178591187563e+00,3.7789467344489229e+00,1.1841341663404208e+01,9.0623957606687995e+00,6.7171453950385622e+00,9.0623957606687995e+00,5.0522178591187563e+00,1.4687680314975632e+01,4.7485513981192851e+00,7.2164033252945936e+00,1.0106209547005051e+01,1.0106209547005051e+01,6.7171453950385622e+00,8.2423957132368919e+00,1.1841341663404208e+01,1.1841341663404208e+01,1.3339719339830314e+01,8.2423957132368919e+00,8.2423957132368919e+00,1.4687680314975632e+01,8.2423957132368919e+00,1.4687680314975632e+01,1.1680551260731390e+01,5.0522178591187563e+00,9.0623957606687995e+00,8.2423957132368919e+00,1.3339719339830314e+01,0.0000000000000000e+00,7.2164033252945936e+00,7.2164033252945936e+00,7.2164033252945936e+00,1.3339719339830314e+01,1.3339719339830314e+01,1.3339719339830314e+01,1.1841341663404208e+01,1.0106209547005051e+01,1.3339719339830314e+01,1.9130519204889311e+00,8.2423957132368919e+00,1.3339719339830314e+01,3.7789467344489229e+00,0.0000000000000000e+00,1.3339719339830314e+01,6.7171453950385622e+00,1.4687680314975632e+01,1.3339719339830314e+01,1.4687680314975632e+01,7.2164033252945936e+00,4.7485513981192851e+00,7.2164033252945936e+00,1.4687680314975632e+01,9.5992955770142430e-01,1.4687680314975632e+01,1.3339719339830314e+01,1.1680551260731390e+01,0.0000000000000000e+00,1.9130519204889311e+00,0.0000000000000000e+00,1.4687680314975632e+01,1.3339719339830314e+01,1.3339719339830314e+01,1.1680551260731390e+01,1.4687680314975632e+01,1.4687680314975632e+01,1.4687680314975632e+01,1.4687680314975632e+01,0.0000000000000000e+00,7.2164033252945936e+00,6.7171453950385622e+00,4.7485513981192851e+00,6.7171453950385622e+00,8.2423957132368919e+00,8.2423957132368919e+00,8.2423957132368919e+00,1.1680551260731390e+01,1.9130519204889311e+00,1.4687680314975632e+01,8.2423957132368919e+00,1.1680551260731390e+01,1.1680551260731390e+01,8.2423957132368919e+00,1.4687680314975632e+01,1.4687680314975632e+01,2.9678990025325183e+00,5.0522178591187563e+00,1.1680551260731390e+01,1.3339719339830314e+01,1.1841341663404208e+01,5.0522178591187563e+00,1.1680551260731390e+01,2.9678990025325183e+00,1.4687680314975632e+01,2.9678990025325183e+00,1.3339719339830314e+01,1.4687680314975632e+01,7.2164033252945936e+00,7.2164033252945936e+00,0.0000000000000000e+00,1.4687680314975632e+01,7.2164033252945936e+00,9.5992955770142430e-01,7.2164033252945936e+00,1.1841341663404208e+01,3.7789467344489229e+00,1.1841341663404208e+01,1.1841341663404208e+01,1.1841341663404208e+01,1.4687680314975632e+01,1.4687680314975632e+01,1.4687680314975632e+01,1.1680551260731390e+01,1.4687680314975632e+01,7.2164033252945936e+00,1.3339719339830314e+01,1.3339719339830314e+01,9.5992955770142430e-01,4.7485513981192851e+00,1.1841341663404208e+01,1.1680551260731390e+01,1.4687680314975632e+01,1.4687680314975632e+01,2.9678990025325183e+00,2.9678990025325183e+00,1.4687680314975632e+01,1.4687680314975632e+01,9.5992955770142430e-01,3.7789467344489229e+00,1.4687680314975632e+01,1.1841341663404208e+01,1.4687680314975632e+01,1.4687680314975632e+01,5.0522178591187563e+00,1.4687680314975632e+01,1.9130519204889311e+00,1.4687680314975632e+01,1.4687680314975632e+01,1.9130519204889311e+00,1.4687680314975632e+01,9.0623957606687995e+00,3.7789467344489229e+00,9.0623957606687995e+00,1.9130519204889311e+00,9.5992955770142430e-01,9.0623957606687995e+00,1.0106209547005051e+01,6.7171453950385622e+00,8.2423957132368919e+00,8.2423957132368919e+00,9.0623957606687995e+00,9.5992955770142430e-01,1.1680551260731390e+01,1.1680551260731390e+01,9.5992955770142430e-01,1.3339719339830314e+01,1.3339719339830314e+01,8.2423957132368919e+00,1.4687680314975632e+01,1.1680551260731390e+01,1.4687680314975632e+01,1.4687680314975632e+01,1.1841341663404208e+01,9.0623957606687995e+00,1.0106209547005051e+01,1.3339719339830314e+01,1.3339719339830314e+01,1.3339719339830314e+01,1.3339719339830314e+01,1.4687680314975632e+01,8.2423957132368919e+00,1.0106209547005051e+01,1.3339719339830314e+01,1.1841341663404208e+01,5.0522178591187563e+00,5.0522178591187563e+00,1.3339719339830314e+01,1.1680551260731390e+01,6.7171453950385622e+00,9.5992955770142430e-01,1.4687680314975632e+01,9.5992955770142430e-01,1.3339719339830314e+01,1.4687680314975632e+01,1.4687680314975632e+01,1.3339719339830314e+01,0.0000000000000000e+00,1.0106209547005051e+01,1.0106209547005051e+01,1.0106209547005051e+01,1.4687680314975632e+01,6.7171453950385622e+00,1.0106209547005051e+01,1.4687680314975632e+01,1.4687680314975632e+01,1.0106209547005051e+01,1.0106209547005051e+01,6.7171453950385622e+00,1.4687680314975632e+01,1.3339719339830314e+01,9.0623957606687995e+00,1.9130519204889311e+00,1.4687680314975632e+01,1.1680551260731390e+01,6.7171453950385622e+00,1.4687680314975632e+01,1.1680551260731390e+01,8.2423957132368919e+00,1.4687680314975632e+01,1.0106209547005051e+01,1.1841341663404208e+01,1.0106209547005051e+01,1.1841341663404208e+01,1.4687680314975632e+01,0.0000000000000000e+00,1.9130519204889311e+00,9.5992955770142430e-01,1.1680551260731390e+01,7.2164033252945936e+00,1.4687680314975632e+01,4.7485513981192851e+00,9.5992955770142430e-01,4.7485513981192851e+00,1.1841341663404208e+01,4.7485513981192851e+00,3.7789467344489229e+00,9.0623957606687995e+00,1.1841341663404208e+01,4.7485513981192851e+00,1.3339719339830314e+01,1.3339719339830314e+01,1.3339719339830314e+01
0.0000000000000000e+00,0.0000000000000000e+00,0.0000000000000000e+00,0.0000000000000000e+00,0.0000000000000000e+00,0.0000000000000000e+00,0.0000000000000000e+00,0.0000000000000000e+00,0.0000000000000000e+00,0.0000000000000000e+00,0.0000000000000000e+00,0.0000000000000000e+00,0.0000000000000000e+00,0.0000000000000000e+00,0.0000000000000000e+00,0.0000000000000000e+00,0.0000000000000000e+00,0.0000000000000000e+00,0.0000000000000000e+00,0.0000000000000000e+00,0.0000000000000000e+00,0.0000000000000000e+00,0.0000000000000000e+00,0.0000000000000000e+00,0.0000000000000000e+00,0.0000000000000000e+00,0.0000000000000000e+00,0.0000000000000000e+00,0.0000000000000000e+00,0.0000000000000000e+00,0.0000000000000000e+00,0.0000000000000000e+00,0.0000000000000000e+00,0.0000000000000000e+00,0.0000000000000000e+00,0.0000000000000000e+00,0.0000000000000000e+00,0.0000000000000000e+00,0.0000000000000000e+00,0.0000000000000000e+00,0.0000000000000000e+00,0.0000000000000000e+00,0.0000000000000000e+00,0.0000000000000000e+00,0.0000000000000000e+00,0.0000000000000000e+00,0.0000000000000000e+00,0.0000000000000000e+00,0.0000000000000000e+00,0.0000000000000000e+00,0.0000000000000000e+00,0.0000000000000000e+00,0.0000000000000000e+00,0.0000000000000000e+00,0.0000000000000000e+00,0.0000000000000000e+00,0.0000000000000000e+00,0.0000000000000000e+00,0.0000000000000000e+00,0.0000000000000000e+00,0.0000000000000000e+00,0.0000000000000000e+00,0.0000000000000000e+00,0.0000000000000000e+00,0.0000000000000000e+00,0.0000000000000000e+00,0.0000000000000000e+00,0.0000000000000000e+00,0.0000000000000000e+00,0.0000000000000000e+00,0.0000000000000000e+00,0.0000000000000000e+00,0.0000000000000000e+00,0.0000000000000000e+00,0.0000000000000000e+00,0.0000000000000000e+00,0.0000000000000000e+00,0.0000000000000000e+00,0.0000000000000000e+00,0.0000000000000000e+00,0.0000000000000000e+00,0.0000000000000000e+00,0.0000000000000000e+00,0.0000000000000000e+00,0.0000000000000000e+00,0.0000000000000000e+00,0.0000000000000000e+00,0.0000000000000000e+00,0.0000000000000000e+00,0.0000000000000000e+00,0.0000000000000000e+00,0.0000000000000000e+00,0.0000000000000000e+00,0.0000000000000000e+00,0.0000000000000000e+00,0.0000000000000000e+00,0.0000000000000000e+00,0.0000000000000000e+00,0.0000000000000000e+00,0.0000000000000000e+00,0.0000000000000000e+00,0.0000000000000000e+00,0.0000000000000000e+00,0.0000000000000000e+00,0.0000000000000000e+00,0.0000000000000000e+00,0.0000000000000000e+00,0.0000000000000000e+00,0.0000000000000000e+00,0.0000000000000000e+00,0.0000000000000000e+00,0.0000000000000000e+00,0.0000000000000000e+00,0.0000000000000000e+00,0.0000000000000000e+00,0.0000000000000000e+00,0.0000000000000000e+00,0.0000000000000000e+00,0.0000000000000000e+00,0.0000000000000000e+00,0.0000000000000000e+00,0.0000000000000000e+00,0.0000000000000000e+00,0.0000000000000000e+00,0.0000000000000000e+00,0.0000000000000000e+00,0.0000000000000000e+00,0.0000000000000000e+00,0.0000000000000000e+00,0.0000000000000000e+00,0.0000000000000000e+00,0.0000000000000000e+00,0.0000000000000000e+00,0.0000000000000000e+00,0.0000000000000000e+00,0.0000000000000000e+00,0.0000000000000000e+00,0.0000000000000000e+00,0.0000000000000000e+00,0.0000000000000000e+00,0.0000000000000000e+00,0.0000000000000000e+00,0.0000000000000000e+00,0.0000000000000000e+00,0.0000000000000000e+00,0.0000000000000000e+00,0.0000000000000000e+00,0.0000000000000000e+00,0.0000000000000000e+00,0.0000000000000000e+00,0.0000000000000000e+00,0.0000000000000000e+00,0.0000000000000000e+00,0.0000000000000000e+00,0.0000000000000000e+00,0.0000000000000000e+00,0.0000000000000000e+00,0.0000000000000000e+00,0.0000000000000000e+00,0.0000000000000000e+00,0.0000000000000000e+00,0.0000000000000000e+00,0.0000000000000000e+00,0.0000000000000000e+00,0.0000000000000000e+00,0.0000000000000000e+00,0.0000000000000000e+00,0.0000000000000000e+00,0.0000000000000000e+00,0.0000000000000000e+00,0.0000000000000000e+00,0.0000000000000000e+00,0.0000000000000000e+00,0.0000000000000000e+00,0.0000000000000000e+00,0.0000000000000000e+00,0.0000000000000000e+00,0.0000000000000000e+00,0.0000000000000000e+00,0.0000000000000000e+00,0.0000000000000000e+00,0.0000000000000000e+00,0.0000000000000000e+00,0.0000000000000000e+00,0.0000000000000000e+00,0.0000000000000000e+00,0.0000000000000000e+00,0.0000000000000000e+00,0.0000000000000000e+00,0.0000000000000000e+00,0.0000000000000000e+00,0.0000000000000000e+00,0.0000000000000000e+00,0.0000000000000000e+00,0.0000000000000000e+00,0.0000000000000000e+00,0.0000000000000000e+00,0.0000000000000000e+00,0.0000000000000000e+00,0.0000000000000000e+00,0.0000000000000000e+00,0.0000000000000000e+00,0.0000000000000000e+00,0.0000000000000000e+00,0.0000000000000000e+00,0.0000000000000000e+00,0.0000000000000000e+00,0.0000000000000000e+00,0.0000000000000000e+00,0.0000000000000000e+00,0.0000000000000000e+00,0.0000000000000000e+00,0.0000000000000000e+00,0.0000000000000000e+00,0.0000000000000000e+00,0.0000000000000000e+00,0.0000000000000000e+00,0.0000000000000000e+00,0.0000000000000000e+00,0.0000000000000000e+00,0.0000000000000000e+00,0.0000000000000000e+00,0.0000000000000000e+00,0.0000000000000000e+00,0.0000000000000000e+00,0.0000000000000000e+00,0.0000000000000000e+00,0.0000000000000000e+00,0.0000000000000000e+00,0.0000000000000000e+00,0.0000000000000000e+00,0.0000000000000000e+00,0.0000000000000000e+00,0.0000000000000000e+00,0.0000000000000000e+00,0.0000000000000000e+00,0.0000000000000000e+00,0.0000000000000000e+00,0.0000000000000000e+00,0.0000000000000000e+00,0.0000000000000000e+00,0.0000000000000000e+00,0.0000000000000000e+00,0.0000000000000000e+00,0.0000000000000000e+00,0.0000000000000000e+00,0.0000000000000000e+00,0.0000000000000000e+00,0.0000000000000000e+00,0.0000000000000000e+00,0.0000000000000000e+00,0.0000000000000000e+00,0.0000000000000000e+00,0.0000000000000000e+00,0.0000000000000000e+00,0.0000000000000000e+00,0.0000000000000000e+00,0.0000000000000000e+00,0.0000000000000000e+00,0.0000000000000000e+00,0.0000000000000000e+00,0.0000000000000000e+00,0.0000000000000000e+00,0.0000000000000000e+00,0.0000000000000000e+00,0.0000000000000000e+00,0.0000000000000000e+00,0.0000000000000000e+00,0.0000000000000000e+00,0.0000000000000000e+00,0.0000000000000000e+00,0.0000000000000000e+00,0.0000000000000000e+00,0.0000000000000000e+00,0.0000000000000000e+00,0.0000000000000000e+00,0.0000000000000000e+00,0.0000000000000000e+00,0.0000000000000000e+00,0.0000000000000000e+00,0.0000000000000000e+00,0.0000000000000000e+00,0.0000000000000000e+00,0.0000000000000000e+00,0.0000000000000000e+00,0.0000000000000000e+00,0.0000000000000000e+00,0.0000000000000000e+00,0.0000000000000000e+00,0.0000000000000000e+00,0.0000000000000000e+00,0.0000000000000000e+00,0.0000000000000000e+00,0.0000000000000000e+00,0.0000000000000000e+00,0.0000000000000000e+00,0.0000000000000000e+00,0.0000000000000000e+00,0.0000000000000000e+00,0.0000000000000000e+00,0.0000000000000000e+00,0.0000000000000000e+00,0.0000000000000000e+00,0.0000000000000000e+00,0.0000000000000000e+00,0.0000000000000000e+00,0.0000000000000000e+00,0.0000000000000000e+00,0.0000000000000000e+00,0.0000000000000000e+00,0.0000000000000000e+00,0.0000000000000000e+00,0.0000000000000000e+00,0.0000000000000000e+00,0.0000000000000000e+00,0.0000000000000000e+00,0.0000000000000000e+00,0.0000000000000000e+00,0.0000000000000000e+00,0.0000000000000000e+00,0.0000000000000000e+00,0.0000000000000000e+00,0.0000000000000000e+00,0.0000000000000000e+00,0.0000000000000000e+00,0.0000000000000000e+00,0.0000000000000000e+00,0.0000000000000000e+00,0.0000000000000000e+00,0.0000000000000000e+00,0.0000000000000000e+00,0.0000000000000000e+00,0.0000000000000000e+00,0.0000000000000000e+00,0.0000000000000000e+00,0.0000000000000000e+00,0.0000000000000000e+00,0.0000000000000000e+00,0.0000000000000000e+00,0.0000000000000000e+00,0.0000000000000000e+00,0.0000000000000000e+00,0.0000000000000000e+00,0.0000000000000000e+00,0.0000000000000000e+00,0.0000000000000000e+00,0.0000000000000000e+00,0.0000000000000000e+00,0.0000000000000000e+00,0.0000000000000000e+00,0.0000000000000000e+00,0.0000000000000000e+00,0.0000000000000000e+00,0.0000000000000000e+00,0.0000000000000000e+00,0.0000000000000000e+00,0.0000000000000000e+00,0.0000000000000000e+00,0.0000000000000000e+00,0.0000000000000000e+00,0.0000000000000000e+00,0.0000000000000000e+00,0.0000000000000000e+00,0.0000000000000000e+00,0.0000000000000000e+00,0.0000000000000000e+00,0.0000000000000000e+00,0.0000000000000000e+00,0.0000000000000000e+00,0.0000000000000000e+00,0.0000000000000000e+00,0.0000000000000000e+00,0.0000000000000000e+00,0.0000000000000000e+00,0.0000000000000000e+00,0.0000000000000000e+00,0.0000000000000000e+00,0.0000000000000000e+00,0.0000000000000000e+00,0.0000000000000000e+00,0.0000000000000000e+00,0.0000000000000000e+00,0.0000000000000000e+00,0.0000000000000000e+00,0.0000000000000000e+00,0.0000000000000000e+00,0.0000000000000000e+00,0.0000000000000000e+00,0.0000000000000000e+00,0.0000000000000000e+00,0.0000000000000000e+00,0.0000000000000000e+00,0.0000000000000000e+00,0.0000000000000000e+00,0.0000000000000000e+00,0.0000000000000000e+00,0.0000000000000000e+00,0.0000000000000000e+00,0.0000000000000000e+00,0.0000000000000000e+00,0.0000000000000000e+00,0.0000000000000000e+00,0.0000000000000000e+00,0.0000000000000000e+00,0.0000000000000000e+00,0.0000000000000000e+00,0.0000000000000000e+00,0.0000000000000000e+00,0.0000000000000000e+00,0.0000000000000000e+00,0.0000000000000000e+00,0.0000000000000000e+00,0.0000000000000000e+00,0.0000000000000000e+00,0.0000000000000000e+00,0.0000000000000000e+00,0.0000000000000000e+00,0.0000000000000000e+00,0.0000000000000000e+00,0.0000000000000000e+00,0.0000000000000000e+00,0.0000000000000000e+00,0.0000000000000000e+00,0.0000000000000000e+00,0.0000000000000000e+00,0.0000000000000000e+00,0.0000000000000000e+00,0.0000000000000000e+00,0.0000000000000000e+00,0.0000000000000000e+00,0.0000000000000000e+00,0.0000000000000000e+00,0.0000000000000000e+00,0.0000000000000000e+00,0.0000000000000000e+00,0.0000000000000000e+00,0.0000000000000000e+00,0.0000000000000000e+00,0.0000000000000000e+00,0.0000000000000000e+00,0.0000000000000000e+00,0.0000000000000000e+00,0.0000000000000000e+00,0.0000000000000000e+00,0.0000000000000000e+00,0.0000000000000000e+00,0.0000000000000000e+00,0.0000000000000000e+00,0.0000000000000000e+00,0.0000000000000000e+00,0.0000000000000000e+00,0.0000000000000000e+00,0.0000000000000000e+00,0.0000000000000000e+00,0.0000000000000000e+00,0.0000000000000000e+00,0.0000000000000000e+00,0.0000000000000000e+00,0.0000000000000000e+00,0.0000000000000000e+00,0.0000000000000000e+00,0.0000000000000000e+00,0.0000000000000000e+00,0.0000000000000000e+00,0.0000000000000000e+00,0.0000000000000000e+00,0.0000000000000000e+00,0.0000000000000000e+00,0.0000000000000000e+00,0.0000000000000000e+00,0.0000000000000000e+00,0.0000000000000000e+00,0.0000000000000000e+00,0.0000000000000000e+00,0.0000000000000000e+00,0.0000000000000000e+00,0.0000000000000000e+00,0.0000000000000000e+00,0.0000000000000000e+00,0.0000000000000000e+00,0.0000000000000000e+00,0.0000000000000000e+00,0.0000000000000000e+00,0.0000000000000000e+00,0.0000000000000000e+00,0.0000000000000000e+00,0.0000000000000000e+00,0.0000000000000000e+00,0.0000000000000000e+00,0.0000000000000000e+00,0.0000000000000000e+00,0.0000000000000000e+00,0.0000000000000000e+00,0.0000000000000000e+00,0.0000000000000000e+00,0.0000000000000000e+00,0.0000000000000000e+00,0.0000000000000000e+00,0.0000000000000000e+00,0.0000000000000000e+00,0.0000000000000000e+00,0.0000000000000000e+00,0.0000000000000000e+00,0.0000000000000000e+00,0.0000000000000000e+00,0.0000000000000000e+00,0.0000000000000000e+00,0.0000000000000000e+00,0.0000000000000000e+00,0.0000000000000000e+00,0.0000000000000000e+00,0.0000000000000000e+00,0.0000000000000000e+00,0.0000000000000000e+00,0.0000000000000000e+00,0.0000000000000000e+00,0.0000000000000000e+00,0.0000000000000000e+00,0.0000000000000000e+00,0.0000000000000000e+00,0.0000000000000000e+00,0.0000000000000000e+00,0.0000000000000000e+00,0.0000000000000000e+00,0.0000000000000000e+00,0.0000000000000000e+00,0.0000000000000000e+00,0.0000000000000000e+00,0.0000000000000000e+00,0.0000000000000000e+00,0.0000000000000000e+00,0.0000000000000000e+00,0.0000000000000000e+00,0.0000000000000000e+00,0.0000000000000000e+00,0.0000000000000000e+00,0.0000000000000000e+00,0.0000000000000000e+00,0.0000000000000000e+00,0.0000000000000000e+00,0.0000000000000000e+00,0.0000000000000000e+00,0.0000000000000000e+00,0.0000000000000000e+00,0.0000000000000000e+00,0.0000000000000000e+00,0.0000000000000000e+00,0.0000000000000000e+00,0.0000000000000000e+00,0.0000000000000000e+00,0.0000000000000000e+00,0.0000000000000000e+00,0.0000000000000000e+00,0.0000000000000000e+00,0.0000000000000000e+00,0.0000000000000000e+00,0.0000000000000000e+00,0.0000000000000000e+00,0.0000000000000000e+00,0.0000000000000000e+00,0.0000000000000000e+00,0.0000000000000000e+00,0.0000000000000000e+00,0.0000000000000000e+00,0.0000000000000000e+00,0.0000000000000000e+00,0.0000000000000000e+00,0.0000000000000000e+00,0.0000000000000000e+00,0.0000000000000000e+00,0.0000000000000000e+00,0.0000000000000000e+00,0.0000000000000000e+00,0.0000000000000000e+00,0.0000000000000000e+00,0.0000000000000000e+00,0.0000000000000000e+00,0.0000000000000000e+00,0.0000000000000000e+00,0.0000000000000000e+00,0.0000000000000000e+00,0.0000000000000000e+00,0.0000000000000000e+00,0.0000000000000000e+00,0.0000000000000000e+00,0.0000000000000000e+00,0.0000000000000000e+00,0.0000000000000000e+00,0.0000000000000000e+00,0.0000000000000000e+00,0.0000000000000000e+00,0.0000000000000000e+00,0.0000000000000000e+00,0.0000000000000000e+00,0.0000000000000000e+00,0.0000000000000000e+00,0.0000000000000000e+00,0.0000000000000000e+00,0.0000000000000000e+00,0.0000000000000000e+00,0.0000000000000000e+00,0.0000000000000000e+00,0.0000000000000000e+00,0.0000000000000000e+00,0.0000000000000000e+00,0.0000000000000000e+00,0.0000000000000000e+00,0.0000000000000000e+00,0.0000000000000000e+00,0.0000000000000000e+00,0.0000000000000000e+00,0.0000000000000000e+00,0.0000000000000000e+00,0.0000000000000000e+00,0.0000000000000000e+00,0.0000000000000000e+00,0.0000000000000000e+00,0.0000000000000000e+00,0.0000000000000000e+00,0.0000000000000000e+00,0.0000000000000000e+00,0.0000000000000000e+00,0.0000000000000000e+00,0.0000000000000000e+00,0.0000000000000000e+00,0.0000000000000000e+00,0.0000000000000000e+00,0.0000000000000000e+00,0.0000000000000000e+00,0.0000000000000000e+00,0.0000000000000000e+00,0.0000000000000000e+00,0.0000000000000000e+00,0.0000000000000000e+00,0.0000000000000000e+00,0.0000000000000000e+00,0.0000000000000000e+00,0.0000000000000000e+00,0.0000000000000000e+00,0.0000000000000000e+00,0.0000000000000000e+00,0.0000000000000000e+00,0.0000000000000000e+00,0.0000000000000000e+00,0.0000000000000000e+00,0.0000000000000000e+00,0.0000000000000000e+00,0.0000000000000000e+00,0.0000000000000000e+00,0.0000000000000000e+00,0.0000000000000000e+00,0.0000000000000000e+00,0.0000000000000000e+00,0.0000000000000000e+00,0.0000000000000000e+00,0.0000000000000000e+00,0.0000000000000000e+00,0.0000000000000000e+00,0.0000000000000000e+00,0.0000000000000000e+00,0.0000000000000000e+00,0.0000000000000000e+00,0.0000000000000000e+00,0.0000000000000000e+00,0.0000000000000000e+00,0.0000000000000000e+00,0.0000000000000000e+00,0.0000000000000000e+00,0.0000000000000000e+00,0.0000000000000000e+00,0.0000000000000000e+00,0.0000000000000000e+00,0.0000000000000000e+00,0.0000000000000000e+00,0.0000000000000000e+00,0.0000000000000000e+00,0.0000000000000000e+00,0.0000000000000000e+00,0.0000000000000000e+00,0.0000000000000000e+00,0.0000000000000000e+00,0.0000000000000000e+00,0.0000000000000000e+00,0.0000000000000000e+00,0.0000000000000000e+00,0.0000000000000000e+00,0.0000000000000000e+00,0.0000000000000000e+00,0.0000000000000000e+00,0.0000000000000000e+00,0.0000000000000000e+00,0.0000000000000000e+00,0.0000000000000000e+00,0.0000000000000000e+00,0.0000000000000000e+00,0.0000000000000000e+00,0.0000000000000000e+00,0.0000000000000000e+00,0.0000000000000000e+00,0.0000000000000000e+00,0.0000000000000000e+00,0.0000000000000000e+00,0.0000000000000000e+00,0.0000000000000000e+00,0.0000000000000000e+00,0.0000000000000000e+00,0.0000000000000000e+00,0.0000000000000000e+00,0.0000000000000000e+00,0.0000000000000000e+00,0.0000000000000000e+00,0.0000000000000000e+00,0.0000000000000000e+00,0.0000000000000000e+00,0.0000000000000000e+00,0.0000000000000000e+00,0.0000000000000000e+00,0.0000000000000000e+00,0.0000000000000000e+00,0.0000000000000000e+00,0.0000000000000000e+00,0.0000000000000000e+00,0.0000000000000000e+00,0.0000000000000000e+00,0.0000000000000000e+00,0.0000000000000000e+00,0.0000000000000000e+00,0.0000000000000000e+00,0.0000000000000000e+00,0.0000000000000000e+00,0.0000000000000000e+00,0.0000000000000000e+00,0.0000000000000000e+00,0.0000000000000000e+00,0.0000000000000000e+00,0.0000000000000000e+00,0.0000000000000000e+00,0.0000000000000000e+00,0.0000000000000000e+00,0.0000000000000000e+00,0.0000000000000000e+00,0.0000000000000000e+00,0.0000000000000000e+00,0.0000000000000000e+00,0.0000000000000000e+00,0.0000000000000000e+00,0.0000000000000000e+00,0.0000000000000000e+00,0.0000000000000000e+00,0.0000000000000000e+00,0.0000000000000000e+00,0.0000000000000000e+00,0.0000000000000000e+00,0.0000000000000000e+00,0.0000000000000000e+00,0.0000000000000000e+00,0.0000000000000000e+00,0.0000000000000000e+00,0.0000000000000000e+00,0.0000000000000000e+00,0.0000000000000000e+00,0.0000000000000000e+00,0.0000000000000000e+00,0.0000000000000000e+00,0.0000000000000000e+00,0.0000000000000000e+00,0.0000000000000000e+00,0.0000000000000000e+00,0.0000000000000000e+00,0.0000000000000000e+00,0.0000000000000000e+00,0.0000000000000000e+00,0.0000000000000000e+00,0.0000000000000000e+00,0.0000000000000000e+00,0.0000000000000000e+00,0.0000000000000000e+00,0.0000000000000000e+00,0.0000000000000000e+00,0.0000000000000000e+00,0.0000000000000000e+00,0.0000000000000000e+00,0.0000000000000000e+00,0.0000000000000000e+00,0.0000000000000000e+00,0.0000000000000000e+00,0.0000000000000000e+00,0.0000000000000000e+00,0.0000000000000000e+00,0.0000000000000000e+00,0.0000000000000000e+00,0.0000000000000000e+00,0.0000000000000000e+00,0.0000000000000000e+00,0.0000000000000000e+00,0.0000000000000000e+00,0.0000000000000000e+00,0.0000000000000000e+00,0.0000000000000000e+00,0.0000000000000000e+00,0.0000000000000000e+00,0.0000000000000000e+00,0.0000000000000000e+00,0.0000000000000000e+00,0.0000000000000000e+00,0.0000000000000000e+00,0.0000000000000000e+00,0.0000000000000000e+00,0.0000000000000000e+00,0.0000000000000000e+00,0.0000000000000000e+00,0.0000000000000000e+00,0.0000000000000000e+00,0.0000000000000000e+00,0.0000000000000000e+00,0.0000000000000000e+00,0.0000000000000000e+00,0.0000000000000000e+00,0.0000000000000000e+00,0.0000000000000000e+00,0.0000000000000000e+00,0.0000000000000000e+00,0.0000000000000000e+00,0.0000000000000000e+00,0.0000000000000000e+00,0.0000000000000000e+00,0.0000000000000000e+00,0.0000000000000000e+00,0.0000000000000000e+00,0.0000000000000000e+00,0.0000000000000000e+00,0.0000000000000000e+00,0.0000000000000000e+00,0.0000000000000000e+00,0.0000000000000000e+00,0.0000000000000000e+00,0.0000000000000000e+00,0.0000000000000000e+00,0.0000000000000000e+00,0.0000000000000000e+00,0.0000000000000000e+00,0.0000000000000000e+00,0.0000000000000000e+00,0.0000000000000000e+00,0.0000000000000000e+00,0.0000000000000000e+00,0.0000000000000000e+00,0.0000000000000000e+00,0.0000000000000000e+00,0.0000000000000000e+00,0.0000000000000000e+00,0.0000000000000000e+00,0.0000000000000000e+00,0.0000000000000000e+00,0.0000000000000000e+00,0.0000000000000000e+00,0.0000000000000000e+00,0.0000000000000000e+00,0.0000000000000000e+00,0.0000000000000000e+00,0.0000000000000000e+00,0.0000000000000000e+00,0.0000000000000000e+00,0.0000000000000000e+00,0.0000000000000000e+00,0.0000000000000000e+00,0.0000000000000000e+00,0.0000000000000000e+00,0.0000000000000000e+00,0.0000000000000000e+00,0.0000000000000000e+00,0.0000000000000000e+00,0.0000000000000000e+00,0.0000000000000000e+00,0.0000000000000000e+00,0.0000000000000000e+00,0.0000000000000000e+00,0.0000000000000000e+00,0.0000000000000000e+00,0.0000000000000000e+00,0.0000000000000000e+00,0.0000000000000000e+00,0.0000000000000000e+00,0.0000000000000000e+00,0.0000000000000000e+00,0.0000000000000000e+00,0.0000000000000000e+00,0.0000000000000000e+00,0.0000000000000000e+00,0.0000000000000000e+00,0.0000000000000000e+00,0.0000000000000000e+00,0.0000000000000000e+00,0.0000000000000000e+00,0.0000000000000000e+00,0.0000000000000000e+00,0.0000000000000000e+00,0.0000000000000000e+00,0.0000000000000000e+00,0.0000000000000000e+00,0.0000000000000000e+00,0.0000000000000000e+00,0.0000000000000000e+00,0.0000000000000000e+00,0.0000000000000000e+00,0.0000000000000000e+00,0.0000000000000000e+00,0.0000000000000000e+00,0.0000000000000000e+00,0.0000000000000000e+00,0.0000000000000000e+00,0.0000000000000000e+00,0.0000000000000000e+00,0.0000000000000000e+00,0.0000000000000000e+00,0.0000000000000000e+00,0.0000000000000000e+00,0.0000000000000000e+00,0.0000000000000000e+00,0.0000000000000000e+00,0.0000000000000000e+00,0.0000000000000000e+00,0.0000000000000000e+00,0.0000000000000000e+00,0.0000000000000000e+00,0.0000000000000000e+00,0.0000000000000000e+00,0.0000000000000000e+00,0.0000000000000000e+00,0.0000000000000000e+00,0.0000000000000000e+00,0.0000000000000000e+00,0.0000000000000000e+00,0.0000000000000000e+00,0.0000000000000000e+00,0.0000000000000000e+00,0.0000000000000000e+00,0.0000000000000000e+00,0.0000000000000000e+00,0.0000000000000000e+00,0.0000000000000000e+00,0.0000000000000000e+00,0.0000000000000000e+00,0.0000000000000000e+00,0.0000000000000000e+00,0.0000000000000000e+00,0.0000000000000000e+00,0.0000000000000000e+00,0.0000000000000000e+00,0.0000000000000000e+00,0.0000000000000000e+00,0.0000000000000000e+00,0.0000000000000000e+00,0.0000000000000000e+00,0.0000000000000000e+00,0.0000000000000000e+00,0.0000000000000000e+00,0.0000000000000000e+00,0.0000000000000000e+00,0.0000000000000000e+00,0.0000000000000000e+00,0.0000000000000000e+00,0.0000000000000000e+00,0.0000000000000000e+00,0.0000000000000000e+00,0.0000000000000000e+00,0.0000000000000000e+00,0.0000000000000000e+00,0.0000000000000000e+00,0.0000000000000000e+00,0.0000000000000000e+00,0.0000000000000000e+00,0.0000000000000000e+00,0.0000000000000000e+00,0.0000000000000000e+00,0.0000000000000000e+00,0.0000000000000000e+00,0.0000000000000000e+00,0.0000000000000000e+00,0.0000000000000000e+00,0.0000000000000000e+00,0.0000000000000000e+00,0.0000000000000000e+00,0.0000000000000000e+00,0.0000000000000000e+00,0.0000000000000000e+00,0.0000000000000000e+00,0.0000000000000000e+00,0.0000000000000000e+00,0.0000000000000000e+00,0.0000000000000000e+00,0.0000000000000000e+00,0.0000000000000000e+00,0.0000000000000000e+00,0.0000000000000000e+00,0.0000000000000000e+00,0.0000000000000000e+00,0.0000000000000000e+00,0.0000000000000000e+00,0.0000000000000000e+00
4.0753040194132693e+00,1.0662970627915243e+01,8.1769815688469407e+00,4.0753040194132693e+00,8.4476218950049986e-01,8.1769815688469407e+00,8.1769815688469407e+00,8.1769815688469407e+00,8.1769815688469407e+00,4.8450114449139683e+00,8.1769815688469407e+00,1.3497300297052991e+01,1.3497300297052991e+01,1.0662970627915243e+01,5.6850934494814886e+00,4.8450114449139683e+00,1.3497300297052991e+01,1.0662970627915243e+01,1.0662970627915243e+01,6.4416910237126039e+00,1.3497300297052991e+01,1.0662970627915243e+01,1.3497300297052991e+01,4.0753040194132693e+00,1.3497300297052991e+01,1.3497300297052991e+01,1.3497300297052991e+01,4.8450114449139683e+00,1.0670118780062658e+01,9.1170670989713933e+00,4.8450114449139683e+00,1.3497300297052991e+01,1.3497300297052991e+01,1.3497300297052991e+01,8.1769815688469407e+00,1.0670118780062658e+01,1.3497300297052991e+01,1.3642921517465393e+01,9.1170670989713933e+00,9.1170670989713933e+00,4.0753040194132693e+00,9.1170670989713933e+00,1.0670118780062658e+01,9.1170670989713933e+00,1.3497300297052991e+01,1.3497300297052991e+01,1.3497300297052991e+01,9.1170670989713933e+00,4.8450114449139683e+00,8.1769815688469407e+00,1.8307450702024544e+00,1.3497300297052991e+01,8.1769815688469407e+00,0.0000000000000000e+00,1.3497300297052991e+01,1.3497300297052991e+01,1.3497300297052991e+01,1.0662970627915243e+01,1.3497300297052991e+01,1.3497300297052991e+01,1.0662970627915243e+01,1.0662970627915243e+01,1.3497300297052991e+01,1.3497300297052991e+01,2.9752557907758015e+00,4.8450114449139683e+00,1.3497300297052991e+01,1.3497300297052991e+01,4.8450114449139683e+00,2.9752557907758015e+00,1.0670118780062658e+01,1.3497300297052991e+01,1.0670118780062658e+01,1.3497300297052991e+01,1.3497300297052991e+01,1.3497300297052991e+01,4.0753040194132693e+00,1.2456853327818653e+01,5.6850934494814886e+00,4.8450114449139683e+00,5.6850934494814886e+00,8.1769815688469407e+00,9.1170670989713933e+00,4.8450114449139683e+00,8.1769815688469407e+00,8.1769815688469407e+00,1.3497300297052991e+01,4.8450114449139683e+00,1.3497300297052991e+01,1.3497300297052991e+01,1.0670118780062658e+01,1.3497300297052991e+01,6.4416910237126039e+00,4.0753040194132693e+00,9.1170670989713933e+00,1.3642921517465393e+01,6.4416910237126039e+00,1.3497300297052991e+01,1.3497300297052991e+01,2.9752557907758015e+00,1.3497300297052991e+01,6.4416910237126039e+00,1.3497300297052991e+01,8.4476218950049986e-01,1.8307450702024544e+00,4.0753040194132693e+00,0.0000000000000000e+00,1.3497300297052991e+01,1.2456853327818653e+01,1.0670118780062658e+01,1.3497300297052991e+01,1.3497300297052991e+01,4.8450114449139683e+00,8.9799048455435440e+00,6.4416910237126039e+00,1.8307450702024544e+00,1.8307450702024544e+00,6.4416910237126039e+00,4.8450114449139683e+00,4.8450114449139683e+00,4.8450114449139683e+00,4.8450114449139683e+00,1.3497300297052991e+01,4.0753040194132693e+00,1.0670118780062658e+01,1.0670118780062658e+01,1.2456853327818653e+01,4.8450114449139683e+00,1.2456853327818653e+01,1.8307450702024544e+00,6.4416910237126039e+00,1.8307450702024544e+00,1.2456853327818653e+01,4.8450114449139683e+00,1.3497300297052991e+01,1.3497300297052991e+01,1.3642921517465393e+01,1.3497300297052991e+01,1.3497300297052991e+01,1.3642921517465393e+01,1.2456853327818653e+01,1.8307450702024544e+00,8.9799048455435440e+00,4.8450114449139683e+00,4.8450114449139683e+00,1.3497300297052991e+01,4.0753040194132693e+00,2.9752557907758015e+00,1.3497300297052991e+01,1.3497300297052991e+01,1.2456853327818653e+01,1.2456853327818653e+01,1.0670118780062658e+01,1.3497300297052991e+01,0.0000000000000000e+00,1.0670118780062658e+01,8.4476218950049986e-01,1.0670118780062658e+01,8.1769815688469407e+00,9.1170670989713933e+00,1.3497300297052991e+01,1.3497300297052991e+01,1.3642921517465393e+01,0.0000000000000000e+00,8.9799048455435440e+00,4.0753040194132693e+00,1.3497300297052991e+01,9.1170670989713933e+00,9.1170670989713933e+00,5.6850934494814886e+00,1.0670118780062658e+01,9.1170670989713933e+00,1.0662970627915243e+01,9.1170670989713933e+00,1.0670118780062658e+01,1.3497300297052991e+01,8.9799048455435440e+00,8.4476218950049986e-01,1.3497300297052991e+01,1.0670118780062658e+01,1.0662970627915243e+01,1.0670118780062658e+01,1.3497300297052991e+01,1.3497300297052991e+01,1.3642921517465393e+01,9.1170670989713933e+00,6.4416910237126039e+00,6.4416910237126039e+00,1.3497300297052991e+01,1.0670118780062658e+01,1.3497300297052991e+01,1.3497300297052991e+01,1.3642921517465393e+01,8.1769815688469407e+00,4.8450114449139683e+00,1.3497300297052991e+01,1.0670118780062658e+01,1.3497300297052991e+01,2.9752557907758015e+00,1.3497300297052991e+01,8.1769815688469407e+00,6.4416910237126039e+00,1.3497300297052991e+01,4.0753040194132693e+00,1.3497300297052991e+01,1.3497300297052991e+01,4.0753040194132693e+00,1.3642921517465393e+01,9.1170670989713933e+00,9.1170670989713933e+00,1.0670118780062658e+01,8.9799048455435440e+00,5.6850934494814886e+00,1.0662970627915243e+01,5.6850934494814886e+00,1.3642921517465393e+01,1.0662970627915243e+01,8.1769815688469407e+00,1.0662970627915243e+01,1.0662970627915243e+01,2.9752557907758015e+00,8.1769815688469407e+00,8.1769815688469407e+00,8.9799048455435440e+00,8.1769815688469407e+00,6.4416910237126039e+00,1.3497300297052991e+01,1.3497300297052991e+01,1.3497300297052991e+01,1.3497300297052991e+01,1.3497300297052991e+01,8.9799048455435440e+00,1.3497300297052991e+01,1.3497300297052991e+01,1.3497300297052991e+01,1.3497300297052991e+01,1.0670118780062658e+01,1.3497300297052991e+01,6.4416910237126039e+00,9.1170670989713933e+00,8.9799048455435440e+00,1.3497300297052991e+01,2.9752557907758015e+00,1.3642921517465393e+01,1.3497300297052991e+01,2.9752557907758015e+00,2.9752557907758015e+00,1.8307450702024544e+00,1.3497300297052991e+01,5.6850934494814886e+00,8.9799048455435440e+00,2.9752557907758015e+00,1.8307450702024544e+00,2.9752557907758015e+00,1.3497300297052991e+01,1.3497300297052991e+01,1.0670118780062658e+01,8.4476218950049986e-01,4.8450114449139683e+00,6.4416910237126039e+00,1.8307450702024544e+00,4.8450114449139683e+00,1.0670118780062658e+01,1.0670118780062658e+01,1.0670118780062658e+01,1.3497300297052991e+01,1.3497300297052991e+01,8.1769815688469407e+00,8.1769815688469407e+00,9.1170670989713933e+00,0.0000000000000000e+00,8.1769815688469407e+00,1.3497300297052991e+01,1.3497300297052991e+01,1.0670118780062658e+01,8.4476218950049986e-01,1.8307450702024544e+00,1.0670118780062658e+01,9.1170670989713933e+00,8.1769815688469407e+00,8.1769815688469407e+00,6.4416910237126039e+00,1.8307450702024544e+00,1.8307450702024544e+00,0.0000000000000000e+00,1.3497300297052991e+01,2.9752557907758015e+00,1.3497300297052991e+01,0.0000000000000000e+00,1.0662970627915243e+01,1.3497300297052991e+01,1.3497300297052991e+01,8.4476218950049986e-01,6.4416910237126039e+00,6.4416910237126039e+00,9.1170670989713933e+00,1.2456853327818653e+01,1.3497300297052991e+01,4.0753040194132693e+00,1.0662970627915243e+01,1.0662970627915243e+01,1.2456853327818653e+01,1.3497300297052991e+01,4.8450114449139683e+00,1.2456853327818653e+01,8.9799048455435440e+00,1.0662970627915243e+01,1.2456853327818653e+01,1.2456853327818653e+01,1.0662970627915243e+01,0.0000000000000000e+00,1.0662970627915243e+01,1.2456853327818653e+01,5.6850934494814886e+00,1.0662970627915243e+01,4.0753040194132693e+00,1.3642921517465393e+01,1.0670118780062658e+01,1.3642921517465393e+01,8.1769815688469407e+00,1.3642921517465393e+01,1.3497300297052991e+01,1.3497300297052991e+01,1.3497300297052991e+01,4.8450114449139683e+00,1.3497300297052991e+01,2.9752557907758015e+00,1.3497300297052991e+01,4.8450114449139683e+00,8.4476218950049986e-01,1.2456853327818653e+01,1.2456853327818653e+01,1.2456853327818653e+01,1.3497300297052991e+01,9.1170670989713933e+00,9.1170670989713933e+00,4.8450114449139683e+00,1.8307450702024544e+00,1.3497300297052991e+01,1.3497300297052991e+01,5.6850934494814886e+00,4.8450114449139683e+00,8.4476218950049986e-01,5.6850934494814886e+00,1.3497300297052991e+01,8.4476218950049986e-01,5.6850934494814886e+00,4.0753040194132693e+00,1.3497300297052991e+01,1.0670118780062658e+01,4.8450114449139683e+00,1.8307450702024544e+00,8.9799048455435440e+00,1.0662970627915243e+01,1.0662970627915243e+01,8.9799048455435440e+00,1.0670118780062658e+01,8.9799048455435440e+00,1.3497300297052991e+01,1.3497300297052991e+01,4.0753040194132693e+00,1.8307450702024544e+00,8.1769815688469407e+00,1.0662970627915243e+01,1.0662970627915243e+01,1.0662970627915243e+01,1.0662970627915243e+01,1.3497300297052991e+01,1.2456853327818653e+01,1.0670118780062658e+01,0.0000000000000000e+00,1.0670118780062658e+01,5.6850934494814886e+00,1.0670118780062658e+01,1.0662970627915243e+01,8.9799048455435440e+00,8.1769815688469407e+00,1.3497300297052991e+01,5.6850934494814886e+00,1.2456853327818653e+01,1.3497300297052991e+01,1.3642921517465393e+01,1.8307450702024544e+00,1.3642921517465393e+01,1.0670118780062658e+01,8.4476218950049986e-01,8.1769815688469407e+00,2.9752557907758015e+00,8.9799048455435440e+00,1.3497300297052991e+01,4.8450114449139683e+00,1.8307450702024544e+00,1.0670118780062658e+01,1.3497300297052991e+01,1.2456853327818653e+01,1.0670118780062658e+01,1.3497300297052991e+01,1.3497300297052991e+01,5.6850934494814886e+00,1.3497300297052991e+01,1.3497300297052991e+01,1.0670118780062658e+01,9.1170670989713933e+00,1.2456853327818653e+01,1.2456853327818653e+01,1.2456853327818653e+01,9.1170670989713933e+00,8.1769815688469407e+00,1.2456853327818653e+01,1.3497300297052991e+01,4.0753040194132693e+00,1.3497300297052991e+01,1.2456853327818653e+01,1.3497300297052991e+01,4.0753040194132693e+00,8.4476218950049986e-01,1.3642921517465393e+01,8.1769815688469407e+00,1.0670118780062658e+01,1.3642921517465393e+01,8.1769815688469407e+00,9.1170670989713933e+00,9.1170670989713933e+00,1.3497300297052991e+01,1.3497300297052991e+01,1.3497300297052991e+01,1.0662970627915243e+01,1.0670118780062658e+01,1.3642921517465393e+01,9.1170670989713933e+00,9.1170670989713933e+00,1.3642921517465393e+01,1.0662970627915243e+01,1.0662970627915243e+01,4.0753040194132693e+00,9.1170670989713933e+00,9.1170670989713933e+00,2.9752557907758015e+00,1.3497300297052991e+01,1.2456853327818653e+01,1.3497300297052991e+01,1.0662970627915243e+01,1.3642921517465393e+01,1.2456853327818653e+01,1.3497300297052991e+01,1.3642921517465393e+01,1.0662970627915243e+01,1.0662970627915243e+01,1.3497300297052991e+01,0.0000000000000000e+00,9.1170670989713933e+00,1.2456853327818653e+01,1.3497300297052991e+01,1.3497300297052991e+01,8.4476218950049986e-01,1.2456853327818653e+01,6.4416910237126039e+00,6.4416910237126039e+00,1.0662970627915243e+01,1.0662970627915243e+01,1.0662970627915243e+01,1.0662970627915243e+01,1.0662970627915243e+01,8.1769815688469407e+00,1.0670118780062658e+01,8.1769815688469407e+00,1.3642921517465393e+01,1.3642921517465393e+01,1.0670118780062658e+01,1.0662970627915243e+01,1.3497300297052991e+01,9.1170670989713933e+00,1.0662970627915243e+01,1.3497300297052991e+01,0.0000000000000000e+00,1.3642921517465393e+01,1.0662970627915243e+01,1.0662970627915243e+01,1.0662970627915243e+01,4.8450114449139683e+00,1.3497300297052991e+01,1.0662970627915243e+01,1.0662970627915243e+01,1.0662970627915243e+01,1.3642921517465393e+01,1.0662970627915243e+01,1.0670118780062658e+01,8.1769815688469407e+00,9.1170670989713933e+00,9.1170670989713933e+00,8.9799048455435440e+00,1.0662970627915243e+01,8.1769815688469407e+00,1.0670118780062658e+01,2.9752557907758015e+00,1.0662970627915243e+01,1.3497300297052991e+01,2.9752557907758015e+00,1.3642921517465393e+01,8.1769815688469407e+00,6.4416910237126039e+00,8.1769815688469407e+00,1.0670118780062658e+01,1.3642921517465393e+01,1.3642921517465393e+01,1.3497300297052991e+01,1.8307450702024544e+00,9.1170670989713933e+00,1.0662970627915243e+01,8.4476218950049986e-01,1.2456853327818653e+01,1.2456853327818653e+01,6.4416910237126039e+00,4.0753040194132693e+00,1.3642921517465393e+01,9.1170670989713933e+00,5.6850934494814886e+00,4.0753040194132693e+00,1.3642921517465393e+01,9.1170670989713933e+00,1.2456853327818653e+01,8.4476218950049986e-01,4.8450114449139683e+00,1.3642921517465393e+01,1.2456853327818653e+01,2.9752557907758015e+00,1.0670118780062658e+01,1.3642921517465393e+01,1.3642921517465393e+01,1.3642921517465393e+01,1.8307450702024544e+00,2.9752557907758015e+00,1.3497300297052991e+01,1.3497300297052991e+01,2.9752557907758015e+00,4.0753040194132693e+00,4.8450114449139683e+00,1.2456853327818653e+01,0.0000000000000000e+00,1.3642921517465393e+01,9.1170670989713933e+00,1.3642921517465393e+01,9.1170670989713933e+00,1.3642921517465393e+01,8.4476218950049986e-01,0.0000000000000000e+00,1.0662970627915243e+01,8.1769815688469407e+00,1.3642921517465393e+01,1.3497300297052991e+01,1.3642921517465393e+01,1.0662970627915243e+01,9.1170670989713933e+00,9.1170670989713933e+00,8.9799048455435440e+00,8.9799048455435440e+00,1.0662970627915243e+01,8.9799048455435440e+00,9.1170670989713933e+00,1.0662970627915243e+01,8.1769815688469407e+00,8.1769815688469407e+00,5.6850934494814886e+00,1.3497300297052991e+01,2.9752557907758015e+00,4.8450114449139683e+00,1.3497300297052991e+01,4.8450114449139683e+00,8.4476218950049986e-01,1.0670118780062658e+01,1.0670118780062658e+01,1.2456853327818653e+01,1.3497300297052991e+01,8.1769815688469407e+00,1.3497300297052991e+01,1.3497300297052991e+01,1.3642921517465393e+01,1.3497300297052991e+01,5.6850934494814886e+00,5.6850934494814886e+00,8.4476218950049986e-01,1.0662970627915243e+01,1.0662970627915243e+01,1.0662970627915243e+01,1.0662970627915243e+01,1.0662970627915243e+01,8.9799048455435440e+00,8.9799048455435440e+00,1.0670118780062658e+01,1.3497300297052991e+01,1.8307450702024544e+00,1.2456853327818653e+01,1.0662970627915243e+01,8.9799048455435440e+00,8.9799048455435440e+00,4.8450114449139683e+00,8.4476218950049986e-01,8.9799048455435440e+00,8.4476218950049986e-01,1.3497300297052991e+01,4.0753040194132693e+00,1.3497300297052991e+01,1.3497300297052991e+01,6.4416910237126039e+00,1.2456853327818653e+01,4.8450114449139683e+00,8.1769815688469407e+00,1.2456853327818653e+01,8.9799048455435440e+00,9.1170670989713933e+00,9.1170670989713933e+00,5.6850934494814886e+00,6.4416910237126039e+00,8.1769815688469407e+00,1.3642921517465393e+01,8.9799048455435440e+00,5.6850934494814886e+00,1.8307450702024544e+00,5.6850934494814886e+00,1.2456853327818653e+01,2.9752557907758015e+00,1.0662970627915243e+01,1.3642921517465393e+01,1.3642921517465393e+01,1.0662970627915243e+01,6.4416910237126039e+00,1.0662970627915243e+01,2.9752557907758015e+00,2.9752557907758015e+00,1.0662970627915243e+01,0.0000000000000000e+00,1.0662970627915243e+01,8.4476218950049986e-01,1.0670118780062658e+01,1.0670118780062658e+01,1.0670118780062658e+01,2.9752557907758015e+00,8.9799048455435440e+00,4.0753040194132693e+00,1.3497300297052991e+01,1.0670118780062658e+01,1.3642921517465393e+01,1.3497300297052991e+01,1.3497300297052991e+01,1.3497300297052991e+01,1.3642921517465393e+01,1.0670118780062658e+01,1.0662970627915243e+01,1.0670118780062658e+01,1.0662970627915243e+01,1.3497300297052991e+01,2.9752557907758015e+00,4.0753040194132693e+00,1.3642921517465393e+01,1.3642921517465393e+01,1.3642921517465393e+01,2.9752557907758015e+00,1.3497300297052991e+01,5.6850934494814886e+00,1.3497300297052991e+01,1.3497300297052991e+01,4.0753040194132693e+00,4.0753040194132693e+00,8.9799048455435440e+00,1.3642921517465393e+01,8.1769815688469407e+00,8.4476218950049986e-01,1.3497300297052991e+01,1.3497300297052991e+01,1.2456853327818653e+01,1.8307450702024544e+00,1.3642921517465393e+01,1.0670118780062658e+01,1.3497300297052991e+01,5.6850934494814886e+00,8.9799048455435440e+00,9.1170670989713933e+00,5.6850934494814886e+00,2.9752557907758015e+00,1.3497300297052991e+01,4.8450114449139683e+00,1.3642921517465393e+01,8.1769815688469407e+00,1.0662970627915243e+01,1.0662970627915243e+01,1.3497300297052991e+01,9.1170670989713933e+00,1.2456853327818653e+01,1.0662970627915243e+01,1.8307450702024544e+00,1.3642921517465393e+01,2.9752557907758015e+00,1.3497300297052991e+01,1.3497300297052991e+01,1.3642921517465393e+01,1.2456853327818653e+01,8.4476218950049986e-01,1.3642921517465393e+01,4.0753040194132693e+00,1.0662970627915243e+01,4.0753040194132693e+00,8.4476218950049986e-01,1.0670118780062658e+01,9.1170670989713933e+00,1.3642921517465393e+01,1.3497300297052991e+01,9.1170670989713933e+00,8.1769815688469407e+00,1.0670118780062658e+01,1.2456853327818653e+01,9.1170670989713933e+00,1.3642921517465393e+01,1.0670118780062658e+01,1.3642921517465393e+01,1.3642921517465393e+01,8.4476218950049986e-01,6.4416910237126039e+00,0.0000000000000000e+00,1.3497300297052991e+01,1.3642921517465393e+01,1.0670118780062658e+01,1.0670118780062658e+01,8.4476218950049986e-01,1.0662970627915243e+01,9.1170670989713933e+00,1.0670118780062658e+01,6.4416910237126039e+00,6.4416910237126039e+00,1.8307450702024544e+00,1.3497300297052991e+01,8.4476218950049986e-01,1.0670118780062658e+01,4.0753040194132693e+00,8.9799048455435440e+00,1.3497300297052991e+01,4.8450114449139683e+00,9.1170670989713933e+00,9.1170670989713933e+00,9.1170670989713933e+00,1.3497300297052991e+01,8.1769815688469407e+00,8.1769815688469407e+00,8.1769815688469407e+00,1.3642921517465393e+01,8.9799048455435440e+00,6.4416910237126039e+00,5.6850934494814886e+00,1.3497300297052991e+01,9.1170670989713933e+00,1.3497300297052991e+01,1.3497300297052991e+01,1.3497300297052991e+01,1.0662970627915243e+01,1.3497300297052991e+01,1.3642921517465393e+01,1.3642921517465393e+01,1.0670118780062658e+01,1.0670118780062658e+01,1.0670118780062658e+01,8.9799048455435440e+00,2.9752557907758015e+00,1.3497300297052991e+01,1.3642921517465393e+01,9.1170670989713933e+00,9.1170670989713933e+00,9.1170670989713933e+00,1.8307450702024544e+00,1.0662970627915243e+01,9.1170670989713933e+00,8.1769815688469407e+00,1.3497300297052991e+01,2.9752557907758015e+00,1.8307450702024544e+00,5.6850934494814886e+00,1.3497300297052991e+01,1.0662970627915243e+01,4.8450114449139683e+00,1.3642921517465393e+01,8.4476218950049986e-01,8.4476218950049986e-01,8.4476218950049986e-01,2.9752557907758015e+00,1.3642921517465393e+01,8.4476218950049986e-01,1.0662970627915243e+01,1.0670118780062658e+01,2.9752557907758015e+00,1.3497300297052991e+01,8.1769815688469407e+00,8.9799048455435440e+00,1.2456853327818653e+01,1.3642921517465393e+01,0.0000000000000000e+00,1.3642921517465393e+01,1.0670118780062658e+01,6.4416910237126039e+00,9.1170670989713933e+00,9.1170670989713933e+00,0.0000000000000000e+00,9.1170670989713933e+00,8.9799048455435440e+00,8.4476218950049986e-01,4.8450114449139683e+00,2.9752557907758015e+00,1.0670118780062658e+01,9.1170670989713933e+00,8.9799048455435440e+00,6.4416910237126039e+00,6.4416910237126039e+00,6.4416910237126039e+00,1.3642921517465393e+01,1.3642921517465393e+01,1.3642921517465393e+01,1.3497300297052991e+01,1.3497300297052991e+01,9.1170670989713933e+00,8.4476218950049986e-01,1.3497300297052991e+01,1.0662970627915243e+01,1.0662970627915243e+01,8.4476218950049986e-01,0.0000000000000000e+00,1.0670118780062658e+01,1.3497300297052991e+01,1.0670118780062658e+01,1.3642921517465393e+01,1.0662970627915243e+01,8.4476218950049986e-01,1.0662970627915243e+01,4.0753040194132693e+00,1.0670118780062658e+01,1.3497300297052991e+01,1.3497300297052991e+01,4.0753040194132693e+00,1.0662970627915243e+01,6.4416910237126039e+00,1.0662970627915243e+01,6.4416910237126039e+00,9.1170670989713933e+00,5.6850934494814886e+00,1.0670118780062658e+01,9.1170670989713933e+00,1.3497300297052991e+01,8.9799048455435440e+00,1.8307450702024544e+00,1.3497300297052991e+01,1.3497300297052991e+01,4.0753040194132693e+00,6.4416910237126039e+00,1.2456853327818653e+01,1.0662970627915243e+01,1.0662970627915243e+01,4.0753040194132693e+00,1.3642921517465393e+01,6.4416910237126039e+00,1.0670118780062658e+01,1.3497300297052991e+01,1.3497300297052991e+01,2.9752557907758015e+00,8.9799048455435440e+00,6.4416910237126039e+00,0.0000000000000000e+00,1.0662970627915243e+01,1.3497300297052991e+01,1.3642921517465393e+01,2.9752557907758015e+00,1.3497300297052991e+01,4.0753040194132693e+00,1.0670118780062658e+01,1.3497300297052991e+01,4.0753040194132693e+00,1.0670118780062658e+01,1.8307450702024544e+00,8.9799048455435440e+00,1.3497300297052991e+01,1.2456853327818653e+01,5.6850934494814886e+00,1.3497300297052991e+01,1.3497300297052991e+01,9.1170670989713933e+00,8.1769815688469407e+00,9.1170670989713933e+00,1.3642921517465393e+01,9.1170670989713933e+00,4.8450114449139683e+00,1.0670118780062658e+01,6.4416910237126039e+00,1.0662970627915243e+01,1.3642921517465393e+01,8.1769815688469407e+00,8.9799048455435440e+00,8.1769815688469407e+00,1.0662970627915243e+01,8.9799048455435440e+00,8.9799048455435440e+00,4.8450114449139683e+00,1.3497300297052991e+01,1.3497300297052991e+01,1.3497300297052991e+01,1.3497300297052991e+01,8.9799048455435440e+00,8.1769815688469407e+00,8.1769815688469407e+00,1.0662970627915243e+01,2.9752557907758015e+00,9.1170670989713933e+00,9.1170670989713933e+00,4.8450114449139683e+00,2.9752557907758015e+00,4.8450114449139683e+00,1.3497300297052991e+01,9.1170670989713933e+00,9.1170670989713933e+00,2.9752557907758015e+00,1.2456853327818653e+01,1.2456853327818653e+01,9.1170670989713933e+00,4.0753040194132693e+00,1.0670118780062658e+01,8.9799048455435440e+00,6.4416910237126039e+00,0.0000000000000000e+00,4.8450114449139683e+00,8.9799048455435440e+00,8.9799048455435440e+00,0.0000000000000000e+00,1.3497300297052991e+01,1.8307450702024544e+00,0.0000000000000000e+00,8.1769815688469407e+00,8.9799048455435440e+00,9.1170670989713933e+00,8.9799048455435440e+00,1.3497300297052991e+01,1.2456853327818653e+01,1.3497300297052991e+01,1.2456853327818653e+01,1.2456853327818653e+01,6.4416910237126039e+00,2.9752557907758015e+00,6.4416910237126039e+00,5.6850934494814886e+00,1.3497300297052991e+01,1.3497300297052991e+01,4.0753040194132693e+00,1.0670118780062658e+01,1.3642921517465393e+01,9.1170670989713933e+00,1.3497300297052991e+01,1.2456853327818653e+01,1.3497300297052991e+01,1.2456853327818653e+01,1.3497300297052991e+01,1.3497300297052991e+01,1.3497300297052991e+01,1.3642921517465393e+01,1.3497300297052991e+01,1.2456853327818653e+01,1.2456853327818653e+01,0.0000000000000000e+00,9.1170670989713933e+00,9.1170670989713933e+00,9.1170670989713933e+00,1.3497300297052991e+01,8.9799048455435440e+00,1.0662970627915243e+01,9.1170670989713933e+00,8.4476218950049986e-01,8.1769815688469407e+00,2.9752557907758015e+00,1.3642921517465393e+01,1.8307450702024544e+00,1.3642921517465393e+01,1.2456853327818653e+01,4.8450114449139683e+00,9.1170670989713933e+00,4.0753040194132693e+00,1.2456853327818653e+01,8.4476218950049986e-01,8.1769815688469407e+00,1.3497300297052991e+01,1.2456853327818653e+01,0.0000000000000000e+00,0.0000000000000000e+00,9.1170670989713933e+00,4.8450114449139683e+00,9.1170670989713933e+00,9.1170670989713933e+00,5.6850934494814886e+00,4.0753040194132693e+00,4.8450114449139683e+00,1.8307450702024544e+00,9.1170670989713933e+00,1.2456853327818653e+01,8.9799048455435440e+00,1.2456853327818653e+01,8.4476218950049986e-01,1.3497300297052991e+01,1.3497300297052991e+01,1.3642921517465393e+01
9.6774791631330859e-01,9.6774791631330859e-01,9.6774791631330859e-01,9.6774791631330859e-01,5.1619329980152031e+00,9.6774791631330859e-01,9.6774791631330859e-01,1.3354860282917750e+01,1.3354860282917750e+01,1.3354860282917750e+01,1.3354860282917750e+01,1.1752661764913636e+01,5.1619329980152031e+00,1.3354860282917750e+01,9.6774791631330859e-01,1.3354860282917750e+01,1.4463343565332170e+01,5.1619329980152031e+00,1.3354860282917750e+01,1.4463343565332170e+01,1.4463343565332170e+01,9.6774791631330859e-01,1.4463343565332170e+01,1.4463343565332170e+01,7.3016758486372959e+00,1.2136441142365722e+01,1.4463343565332170e+01,1.4463343565332170e+01,1.3354860282917750e+01,9.6774791631330859e-01,2.8699044734872787e+00,1.3354860282917750e+01,1.3354860282917750e+01,1.3354860282917750e+01,1.3354860282917750e+01,1.4463343565332170e+01,1.2136441142365722e+01,1.2136441142365722e+01,7.3016758486372959e+00,1.4463343565332170e+01,1.1752661764913636e+01,1.3354860282917750e+01,1.1752661764913636e+01,1.2136441142365722e+01,2.8699044734872787e+00,1.0161267902930000e+01,9.6774791631330859e-01,1.4463343565332170e+01,7.3016758486372959e+00,1.8638675163825786e+00,1.2136441142365722e+01,2.8699044734872787e+00,1.2136441142365722e+01,1.4463343565332170e+01,1.2136441142365722e+01,1.2136441142365722e+01,3.9120237610514108e+00,1.1752661764913636e+01,1.4463343565332170e+01,1.3354860282917750e+01,1.4463343565332170e+01,5.1619329980152031e+00,9.6774791631330859e-01,1.3354860282917750e+01,6.3154771225646211e+00,6.3154771225646211e+00,8.8100610119990854e+00,1.4463343565332170e+01,6.3154771225646211e+00,1.1752661764913636e+01,6.3154771225646211e+00,1.4463343565332170e+01,8.8100610119990854e+00,1.4463343565332170e+01,1.4463343565332170e+01,8.8100610119990854e+00,8.8100610119990854e+00,8.8100610119990854e+00,7.3016758486372959e+00,0.0000000000000000e+00,1.4463343565332170e+01,2.8699044734872787e+00,1.4463343565332170e+01,1.3354860282917750e+01,3.9120237610514108e+00,3.9120237610514108e+00,1.2136441142365722e+01,1.0161267902930000e+01,5.4532820591098146e+00,8.8100610119990854e+00,6.3154771225646211e+00,1.1752661764913636e+01,0.0000000000000000e+00,1.2136441142365722e+01,1.2136441142365722e+01,1.3354860282917750e+01,1.1752661764913636e+01,3.9120237610514108e+00,1.0161267902930000e+01,8.8100610119990854e+00,1.0161267902930000e+01,1.4463343565332170e+01,1.0161267902930000e+01,1.3354860282917750e+01,1.2136441142365722e+01,6.3154771225646211e+00,1.4463343565332170e+01,1.3354860282917750e+01,1.0161267902930000e+01,5.4532820591098146e+00,5.1619329980152031e+00,1.3354860282917750e+01,0.0000000000000000e+00,5.1619329980152031e+00,5.1619329980152031e+00,3.9120237610514108e+00,8.8100610119990854e+00,6.3154771225646211e+00,1.2136441142365722e+01,1.3354860282917750e+01,1.4463343565332170e+01,2.8699044734872787e+00,1.2136441142365722e+01,2.8699044734872787e+00,1.1752661764913636e+01,1.1752661764913636e+01,1.0161267902930000e+01,1.0161267902930000e+01,1.0161267902930000e+01,8.8100610119990854e+00,1.1752661764913636e+01,1.1752661764913636e+01,0.0000000000000000e+00,1.1752661764913636e+01,5.1619329980152031e+00,7.3016758486372959e+00,7.3016758486372959e+00,1.4463343565332170e+01,1.4463343565332170e+01,6.3154771225646211e+00,8.8100610119990854e+00,8.8100610119990854e+00,8.8100610119990854e+00,1.0161267902930000e+01,1.0161267902930000e+01,1.4463343565332170e+01,1.4463343565332170e+01,1.4463343565332170e+01,9.6774791631330859e-01,1.4463343565332170e+01,2.8699044734872787e+00,1.0161267902930000e+01,2.8699044734872787e+00,1.0161267902930000e+01,8.8100610119990854e+00,1.2136441142365722e+01,7.3016758486372959e+00,1.0161267902930000e+01,3.9120237610514108e+00,1.0161267902930000e+01,1.0161267902930000e+01,1.3354860282917750e+01,8.8100610119990854e+00,1.4463343565332170e+01,1.4463343565332170e+01,7.3016758486372959e+00,5.4532820591098146e+00,1.4463343565332170e+01,9.8043216534297404e+00,2.8699044734872787e+00,1.4463343565332170e+01,6.3154771225646211e+00,9.8043216534297404e+00,2.8699044734872787e+00,1.0161267902930000e+01,1.0161267902930000e+01,6.3154771225646211e+00,1.4463343565332170e+01,7.3016758486372959e+00,7.3016758486372959e+00,1.0161267902930000e+01,1.0161267902930000e+01,6.3154771225646211e+00,5.1619329980152031e+00,1.8638675163825786e+00,0.0000000000000000e+00,3.9120237610514108e+00,1.2136441142365722e+01,2.8699044734872787e+00,6.3154771225646211e+00,0.0000000000000000e+00,8.8100610119990854e+00,8.8100610119990854e+00,1.4463343565332170e+01,1.4463343565332170e+01,9.6774791631330859e-01,1.3354860282917750e+01,1.4463343565332170e+01,1.0161267902930000e+01,1.2136441142365722e+01,9.8043216534297404e+00,1.0161267902930000e+01,1.0161267902930000e+01,1.4463343565332170e+01,7.3016758486372959e+00,5.1619329980152031e+00,1.1752661764913636e+01,6.3154771225646211e+00,1.3354860282917750e+01,5.1619329980152031e+00,1.2136441142365722e+01,1.0161267902930000e+01,1.1752661764913636e+01,1.2136441142365722e+01,5.4532820591098146e+00,6.3154771225646211e+00,1.2136441142365722e+01,1.2136441142365722e+01,5.4532820591098146e+00,1.1752661764913636e+01,3.9120237610514108e+00,1.1752661764913636e+01,1.0161267902930000e+01,1.8638675163825786e+00,1.2136441142365722e+01,3.9120237610514108e+00,1.0161267902930000e+01,1.0161267902930000e+01,1.0161267902930000e+01,1.2136441142365722e+01,9.8043216534297404e+00,1.2136441142365722e+01,1.4463343565332170e+01,1.2136441142365722e+01,1.4463343565332170e+01,1.4463343565332170e+01,2.8699044734872787e+00,1.0161267902930000e+01,9.6774791631330859e-01,2.8699044734872787e+00,6.3154771225646211e+00,1.2136441142365722e+01,8.8100610119990854e+00,9.8043216534297404e+00,1.3354860282917750e+01,6.3154771225646211e+00,9.8043216534297404e+00,5.4532820591098146e+00,5.1619329980152031e+00,1.8638675163825786e+00,2.8699044734872787e+00,1.3354860282917750e+01,0.0000000000000000e+00,1.4463343565332170e+01,1.4463343565332170e+01,1.4463343565332170e+01,9.8043216534297404e+00,1.4463343565332170e+01,9.6774791631330859e-01,5.1619329980152031e+00,1.0161267902930000e+01,1.3354860282917750e+01,6.3154771225646211e+00,5.4532820591098146e+00,1.0161267902930000e+01,1.0161267902930000e+01,9.6774791631330859e-01,1.4463343565332170e+01,1.4463343565332170e+01,1.3354860282917750e+01,1.1752661764913636e+01,1.1752661764913636e+01,5.1619329980152031e+00,1.2136441142365722e+01,1.1752661764913636e+01,1.2136441142365722e+01,9.6774791631330859e-01,1.4463343565332170e+01,1.3354860282917750e+01,5.4532820591098146e+00,1.1752661764913636e+01,7.3016758486372959e+00,1.4463343565332170e+01,5.4532820591098146e+00,1.4463343565332170e+01,1.1752661764913636e+01,1.4463343565332170e+01,0.0000000000000000e+00,1.4463343565332170e+01,5.1619329980152031e+00,9.8043216534297404e+00,2.8699044734872787e+00,1.4463343565332170e+01,1.4463343565332170e+01,5.1619329980152031e+00,0.0000000000000000e+00,1.2136441142365722e+01,7.3016758486372959e+00,3.9120237610514108e+00,9.8043216534297404e+00,1.4463343565332170e+01,9.8043216534297404e+00,1.2136441142365722e+01,9.8043216534297404e+00,5.4532820591098146e+00,7.3016758486372959e+00,1.1752661764913636e+01,7.3016758486372959e+00,5.1619329980152031e+00,1.3354860282917750e+01,9.8043216534297404e+00,5.1619329980152031e+00,8.8100610119990854e+00,7.3016758486372959e+00,1.2136441142365722e+01,1.2136441142365722e+01,1.0161267902930000e+01,1.1752661764913636e+01,1.2136441142365722e+01,1.1752661764913636e+01,1.4463343565332170e+01,5.4532820591098146e+00,6.3154771225646211e+00,1.1752661764913636e+01,5.1619329980152031e+00,1.4463343565332170e+01,1.3354860282917750e+01,1.4463343565332170e+01,1.3354860282917750e+01,2.8699044734872787e+00,1.8638675163825786e+00,1.4463343565332170e+01,1.8638675163825786e+00,9.8043216534297404e+00,8.8100610119990854e+00,1.3354860282917750e+01,1.3354860282917750e+01,1.3354860282917750e+01,1.3354860282917750e+01,1.3354860282917750e+01,1.3354860282917750e+01,1.3354860282917750e+01,1.3354860282917750e+01,2.8699044734872787e+00,5.1619329980152031e+00,1.0161267902930000e+01,0.0000000000000000e+00,5.4532820591098146e+00,8.8100610119990854e+00,1.2136441142365722e+01,1.2136441142365722e+01,5.4532820591098146e+00,1.3354860282917750e+01,0.0000000000000000e+00,1.4463343565332170e+01,1.2136441142365722e+01,5.1619329980152031e+00,9.6774791631330859e-01,1.0161267902930000e+01,1.4463343565332170e+01,5.1619329980152031e+00,9.8043216534297404e+00,3.9120237610514108e+00,9.8043216534297404e+00,1.2136441142365722e+01,3.9120237610514108e+00,3.9120237610514108e+00,1.4463343565332170e+01,8.8100610119990854e+00,1.4463343565332170e+01,8.8100610119990854e+00,1.2136441142365722e+01,9.6774791631330859e-01,9.8043216534297404e+00,9.8043216534297404e+00,9.8043216534297404e+00,8.8100610119990854e+00,8.8100610119990854e+00,5.4532820591098146e+00,1.3354860282917750e+01,1.0161267902930000e+01,8.8100610119990854e+00,1.2136441142365722e+01,8.8100610119990854e+00,1.1752661764913636e+01,1.0161267902930000e+01,1.0161267902930000e+01,1.0161267902930000e+01,1.0161267902930000e+01,1.0161267902930000e+01,1.1752661764913636e+01,1.4463343565332170e+01,1.4463343565332170e+01,1.2136441142365722e+01,1.2136441142365722e+01,5.1619329980152031e+00,1.3354860282917750e+01,1.4463343565332170e+01,1.3354860282917750e+01,1.0161267902930000e+01,0.0000000000000000e+00,9.8043216534297404e+00,1.3354860282917750e+01,7.3016758486372959e+00,2.8699044734872787e+00,1.3354860282917750e+01,7.3016758486372959e+00,1.3354860282917750e+01,8.8100610119990854e+00,1.2136441142365722e+01,1.0161267902930000e+01,1.0161267902930000e+01,1.0161267902930000e+01,6.3154771225646211e+00,8.8100610119990854e+00,8.8100610119990854e+00,8.8100610119990854e+00,6.3154771225646211e+00,1.2136441142365722e+01,3.9120237610514108e+00,1.3354860282917750e+01,1.0161267902930000e+01,1.1752661764913636e+01,1.0161267902930000e+01,1.2136441142365722e+01,1.3354860282917750e+01,5.4532820591098146e+00,1.2136441142365722e+01,1.1752661764913636e+01,1.0161267902930000e+01,1.0161267902930000e+01,0.0000000000000000e+00,1.1752661764913636e+01,7.3016758486372959e+00,7.3016758486372959e+00,7.3016758486372959e+00,5.1619329980152031e+00,7.3016758486372959e+00,1.3354860282917750e+01,1.3354860282917750e+01,7.3016758486372959e+00,6.3154771225646211e+00,1.3354860282917750e+01,1.1752661764913636e+01,1.1752661764913636e+01,3.9120237610514108e+00,1.1752661764913636e+01,1.3354860282917750e+01,9.6774791631330859e-01,1.1752661764913636e+01,1.1752661764913636e+01,1.2136441142365722e+01,1.3354860282917750e+01,1.3354860282917750e+01,8.8100610119990854e+00,2.8699044734872787e+00,9.8043216534297404e+00,8.8100610119990854e+00,7.3016758486372959e+00,1.8638675163825786e+00,1.2136441142365722e+01,9.6774791631330859e-01,8.8100610119990854e+00,1.4463343565332170e+01,6.3154771225646211e+00,9.6774791631330859e-01,9.8043216534297404e+00,1.1752661764913636e+01,1.2136441142365722e+01,1.1752661764913636e+01,9.8043216534297404e+00,7.3016758486372959e+00,1.0161267902930000e+01,5.4532820591098146e+00,5.1619329980152031e+00,1.0161267902930000e+01,1.2136441142365722e+01,9.8043216534297404e+00,9.6774791631330859e-01,1.2136441142365722e+01,9.8043216534297404e+00,7.3016758486372959e+00,1.4463343565332170e+01,1.4463343565332170e+01,1.4463343565332170e+01,9.6774791631330859e-01,1.0161267902930000e+01,0.0000000000000000e+00,1.8638675163825786e+00,1.2136441142365722e+01,9.8043216534297404e+00,1.4463343565332170e+01,6.3154771225646211e+00,1.1752661764913636e+01,5.4532820591098146e+00,8.8100610119990854e+00,9.6774791631330859e-01,1.2136441142365722e+01,1.1752661764913636e+01,1.2136441142365722e+01,9.8043216534297404e+00,3.9120237610514108e+00,5.4532820591098146e+00,6.3154771225646211e+00,9.6774791631330859e-01,8.8100610119990854e+00,9.8043216534297404e+00,7.3016758486372959e+00,3.9120237610514108e+00,5.1619329980152031e+00,7.3016758486372959e+00,1.2136441142365722e+01,1.3354860282917750e+01,8.8100610119990854e+00,5.1619329980152031e+00,1.3354860282917750e+01,1.0161267902930000e+01,1.0161267902930000e+01,1.0161267902930000e+01,1.0161267902930000e+01,9.6774791631330859e-01,1.3354860282917750e+01,1.2136441142365722e+01,1.2136441142365722e+01,8.8100610119990854e+00,1.2136441142365722e+01,1.1752661764913636e+01,1.4463343565332170e+01,2.8699044734872787e+00,1.0161267902930000e+01,1.0161267902930000e+01,8.8100610119990854e+00,1.4463343565332170e+01,1.1752661764913636e+01,1.3354860282917750e+01,1.0161267902930000e+01,8.8100610119990854e+00,6.3154771225646211e+00,1.3354860282917750e+01,5.1619329980152031e+00,1.8638675163825786e+00,1.3354860282917750e+01,1.1752661764913636e+01,1.0161267902930000e+01,1.0161267902930000e+01,8.8100610119990854e+00,1.2136441142365722e+01,8.8100610119990854e+00,3.9120237610514108e+00,1.2136441142365722e+01,3.9120237610514108e+00,9.8043216534297404e+00,5.4532820591098146e+00,1.3354860282917750e+01,7.3016758486372959e+00,7.3016758486372959e+00,5.1619329980152031e+00,1.2136441142365722e+01,1.3354860282917750e+01,1.3354860282917750e+01,1.4463343565332170e+01,8.8100610119990854e+00,8.8100610119990854e+00,1.3354860282917750e+01,5.4532820591098146e+00,1.1752661764913636e+01,8.8100610119990854e+00,1.3354860282917750e+01,1.2136441142365722e+01,1.4463343565332170e+01,1.3354860282917750e+01,1.2136441142365722e+01,1.2136441142365722e+01,1.2136441142365722e+01,1.4463343565332170e+01,1.0161267902930000e+01,1.1752661764913636e+01,8.8100610119990854e+00,1.2136441142365722e+01,1.1752661764913636e+01,2.8699044734872787e+00,7.3016758486372959e+00,1.1752661764913636e+01,1.3354860282917750e+01,9.8043216534297404e+00,1.3354860282917750e+01,1.3354860282917750e+01,2.8699044734872787e+00,5.4532820591098146e+00,5.4532820591098146e+00,1.4463343565332170e+01,9.6774791631330859e-01,1.3354860282917750e+01,1.4463343565332170e+01,1.4463343565332170e+01,8.8100610119990854e+00,1.4463343565332170e+01,1.3354860282917750e+01,9.6774791631330859e-01,1.0161267902930000e+01,1.4463343565332170e+01,5.4532820591098146e+00,1.1752661764913636e+01,5.4532820591098146e+00,5.1619329980152031e+00,1.0161267902930000e+01,8.8100610119990854e+00,1.1752661764913636e+01,1.4463343565332170e+01,1.8638675163825786e+00,6.3154771225646211e+00,1.4463343565332170e+01,5.4532820591098146e+00,2.8699044734872787e+00,9.8043216534297404e+00,1.4463343565332170e+01,1.1752661764913636e+01,1.4463343565332170e+01,5.1619329980152031e+00,5.1619329980152031e+00,9.6774791631330859e-01,1.4463343565332170e+01,1.2136441142365722e+01,5.4532820591098146e+00,1.3354860282917750e+01,9.6774791631330859e-01,1.8638675163825786e+00,3.9120237610514108e+00,8.8100610119990854e+00,8.8100610119990854e+00,5.4532820591098146e+00,7.3016758486372959e+00,9.6774791631330859e-01,3.9120237610514108e+00,3.9120237610514108e+00,2.8699044734872787e+00,1.2136441142365722e+01,1.2136441142365722e+01,9.8043216534297404e+00,1.0161267902930000e+01,1.4463343565332170e+01,9.8043216534297404e+00,5.1619329980152031e+00,1.8638675163825786e+00,1.0161267902930000e+01,1.3354860282917750e+01,1.3354860282917750e+01,1.3354860282917750e+01,1.4463343565332170e+01,6.3154771225646211e+00,5.4532820591098146e+00,1.2136441142365722e+01,5.4532820591098146e+00,5.1619329980152031e+00,1.2136441142365722e+01,9.8043216534297404e+00,1.2136441142365722e+01,1.0161267902930000e+01,3.9120237610514108e+00,1.8638675163825786e+00,5.4532820591098146e+00,1.4463343565332170e+01,5.4532820591098146e+00,0.0000000000000000e+00,1.2136441142365722e+01,8.8100610119990854e+00,9.6774791631330859e-01,7.3016758486372959e+00,1.3354860282917750e+01,5.4532820591098146e+00,1.4463343565332170e+01,6.3154771225646211e+00,6.3154771225646211e+00,1.8638675163825786e+00,7.3016758486372959e+00,1.2136441142365722e+01,1.2136441142365722e+01,9.8043216534297404e+00,5.4532820591098146e+00,5.1619329980152031e+00,9.8043216534297404e+00,2.8699044734872787e+00,5.4532820591098146e+00,7.3016758486372959e+00,1.3354860282917750e+01,1.0161267902930000e+01,1.4463343565332170e+01,1.4463343565332170e+01,7.3016758486372959e+00,1.4463343565332170e+01,5.4532820591098146e+00,8.8100610119990854e+00,1.0161267902930000e+01,1.0161267902930000e+01,8.8100610119990854e+00,1.8638675163825786e+00,5.4532820591098146e+00,7.3016758486372959e+00,1.0161267902930000e+01,9.8043216534297404e+00,1.0161267902930000e+01,5.1619329980152031e+00,1.0161267902930000e+01,1.3354860282917750e+01,8.8100610119990854e+00,1.8638675163825786e+00,8.8100610119990854e+00,5.1619329980152031e+00,9.8043216534297404e+00,8.8100610119990854e+00,6.3154771225646211e+00,3.9120237610514108e+00,0.0000000000000000e+00,6.3154771225646211e+00,6.3154771225646211e+00,6.3154771225646211e+00,0.0000000000000000e+00,8.8100610119990854e+00,0.0000000000000000e+00,9.8043216534297404e+00,1.4463343565332170e+01,7.3016758486372959e+00,7.3016758486372959e+00,5.1619329980152031e+00,5.1619329980152031e+00,5.1619329980152031e+00,2.8699044734872787e+00,1.0161267902930000e+01,1.3354860282917750e+01,1.4463343565332170e+01,1.0161267902930000e+01,1.4463343565332170e+01,0.0000000000000000e+00,7.3016758486372959e+00,3.9120237610514108e+00,1.4463343565332170e+01,8.8100610119990854e+00,7.3016758486372959e+00,2.8699044734872787e+00,1.0161267902930000e+01,7.3016758486372959e+00,5.4532820591098146e+00,1.2136441142365722e+01,0.0000000000000000e+00,1.0161267902930000e+01,5.1619329980152031e+00,5.4532820591098146e+00,0.0000000000000000e+00,1.0161267902930000e+01,5.4532820591098146e+00,6.3154771225646211e+00,1.2136441142365722e+01,5.1619329980152031e+00,1.4463343565332170e+01,1.0161267902930000e+01,1.0161267902930000e+01,3.9120237610514108e+00,9.8043216534297404e+00,3.9120237610514108e+00,5.1619329980152031e+00,8.8100610119990854e+00,1.0161267902930000e+01,7.3016758486372959e+00,3.9120237610514108e+00,3.9120237610514108e+00,6.3154771225646211e+00,8.8100610119990854e+00,1.3354860282917750e+01,1.2136441142365722e+01,1.3354860282917750e+01,1.3354860282917750e+01,1.0161267902930000e+01,1.4463343565332170e+01,1.3354860282917750e+01,1.3354860282917750e+01,9.8043216534297404e+00,1.0161267902930000e+01,1.0161267902930000e+01,1.3354860282917750e+01,1.0161267902930000e+01,1.0161267902930000e+01,6.3154771225646211e+00,0.0000000000000000e+00,1.3354860282917750e+01,1.3354860282917750e+01,1.3354860282917750e+01,5.1619329980152031e+00,1.4463343565332170e+01,2.8699044734872787e+00,9.6774791631330859e-01,9.6774791631330859e-01,8.8100610119990854e+00,1.3354860282917750e+01,1.4463343565332170e+01,1.4463343565332170e+01,1.3354860282917750e+01,8.8100610119990854e+00,1.3354860282917750e+01,1.3354860282917750e+01,1.0161267902930000e+01,1.3354860282917750e+01,1.0161267902930000e+01,8.8100610119990854e+00,1.3354860282917750e+01,8.8100610119990854e+00,8.8100610119990854e+00,1.3354860282917750e+01,1.4463343565332170e+01,1.4463343565332170e+01,1.4463343565332170e+01,2.8699044734872787e+00,1.3354860282917750e+01,2.8699044734872787e+00,1.2136441142365722e+01,1.4463343565332170e+01,1.4463343565332170e+01,1.3354860282917750e+01,9.6774791631330859e-01,1.4463343565332170e+01,1.0161267902930000e+01,2.8699044734872787e+00,7.3016758486372959e+00,2.8699044734872787e+00,1.0161267902930000e+01,1.0161267902930000e+01,1.2136441142365722e+01,9.6774791631330859e-01,1.2136441142365722e+01,2.8699044734872787e+00,8.8100610119990854e+00,1.8638675163825786e+00,1.1752661764913636e+01,1.1752661764913636e+01,1.2136441142365722e+01,1.3354860282917750e+01,7.3016758486372959e+00,1.0161267902930000e+01,5.4532820591098146e+00,8.8100610119990854e+00,1.3354860282917750e+01,1.1752661764913636e+01,6.3154771225646211e+00,6.3154771225646211e+00,5.4532820591098146e+00,1.1752661764913636e+01,9.8043216534297404e+00,3.9120237610514108e+00,5.4532820591098146e+00,1.3354860282917750e+01,6.3154771225646211e+00,1.1752661764913636e+01,7.3016758486372959e+00,3.9120237610514108e+00,1.1752661764913636e+01,9.8043216534297404e+00,1.0161267902930000e+01,1.0161267902930000e+01,1.3354860282917750e+01,9.8043216534297404e+00,1.3354860282917750e+01,8.8100610119990854e+00,1.3354860282917750e+01,1.2136441142365722e+01,2.8699044734872787e+00,0.0000000000000000e+00,0.0000000000000000e+00,8.8100610119990854e+00,1.3354860282917750e+01,1.2136441142365722e+01,5.4532820591098146e+00,1.3354860282917750e+01,5.4532820591098146e+00,8.8100610119990854e+00,1.4463343565332170e+01,5.4532820591098146e+00,1.2136441142365722e+01,1.8638675163825786e+00,5.1619329980152031e+00,5.1619329980152031e+00,7.3016758486372959e+00,6.3154771225646211e+00,1.1752661764913636e+01,3.9120237610514108e+00,1.3354860282917750e+01,1.1752661764913636e+01,0.0000000000000000e+00,9.8043216534297404e+00,3.9120237610514108e+00,0.0000000000000000e+00,1.1752661764913636e+01,8.8100610119990854e+00,8.8100610119990854e+00,5.1619329980152031e+00,1.1752661764913636e+01,1.1752661764913636e+01,6.3154771225646211e+00,6.3154771225646211e+00,1.3354860282917750e+01,1.4463343565332170e+01,5.4532820591098146e+00,1.4463343565332170e+01,1.2136441142365722e+01,0.0000000000000000e+00,1.3354860282917750e+01,2.8699044734872787e+00,7.3016758486372959e+00,1.4463343565332170e+01,1.2136441142365722e+01,1.1752661764913636e+01,1.2136441142365722e+01,1.4463343565332170e+01,1.3354860282917750e+01,8.8100610119990854e+00,8.8100610119990854e+00,1.2136441142365722e+01,2.8699044734872787e+00,1.2136441142365722e+01,2.8699044734872787e+00,1.0161267902930000e+01,1.2136441142365722e+01,1.0161267902930000e+01,8.8100610119990854e+00,0.0000000000000000e+00,8.8100610119990854e+00,1.0161267902930000e+01,1.0161267902930000e+01,9.6774791631330859e-01,1.0161267902930000e+01,5.1619329980152031e+00,2.8699044734872787e+00,2.8699044734872787e+00,1.4463343565332170e+01,1.4463343565332170e+01,1.4463343565332170e+01,9.6774791631330859e-01,9.6774791631330859e-01,1.2136441142365722e+01,7.3016758486372959e+00,1.2136441142365722e+01,1.0161267902930000e+01,1.0161267902930000e+01,1.3354860282917750e+01,1.3354860282917750e+01,1.3354860282917750e+01,1.3354860282917750e+01,9.6774791631330859e-01,1.3354860282917750e+01,1.2136441142365722e+01,5.4532820591098146e+00,1.0161267902930000e+01,1.3354860282917750e+01,2.8699044734872787e+00,6.3154771225646211e+00,8.8100610119990854e+00,1.1752661764913636e+01,8.8100610119990854e+00,1.0161267902930000e+01,5.4532820591098146e+00,8.8100610119990854e+00,6.3154771225646211e+00,1.4463343565332170e+01,2.8699044734872787e+00,2.8699044734872787e+00,3.9120237610514108e+00,1.1752661764913636e+01,7.3016758486372959e+00,1.4463343565332170e+01,1.4463343565332170e+01,9.6774791631330859e-01,1.2136441142365722e+01,1.3354860282917750e+01,7.3016758486372959e+00,3.9120237610514108e+00,9.8043216534297404e+00,1.3354860282917750e+01,1.4463343565332170e+01,1.4463343565332170e+01,1.3354860282917750e+01,1.0161267902930000e+01,2.8699044734872787e+00,2.8699044734872787e+00,0.0000000000000000e+00,0.0000000000000000e+00,0.0000000000000000e+00,5.4532820591098146e+00,3.9120237610514108e+00,9.6774791631330859e-01,9.8043216534297404e+00,5.4532820591098146e+00,5.4532820591098146e+00,9.8043216534297404e+00,1.0161267902930000e+01,5.4532820591098146e+00,2.8699044734872787e+00,1.2136441142365722e+01,1.3354860282917750e+01,5.4532820591098146e+00,1.2136441142365722e+01,7.3016758486372959e+00,9.8043216534297404e+00
8.3247265897404041e+00,1.0628442904706317e+01,7.7566679866859864e+00,7.7566679866859864e+00,1.7289647515342985e+00,4.4718677221204830e+00,1.7289647515342985e+00,4.4718677221204830e+00,7.7566679866859864e+00,1.1808122510772574e+01,1.1808122510772574e+01,1.7289647515342985e+00,1.0628442904706317e+01,5.6192622080684789e+00,1.3793847039883451e+01,1.1808122510772574e+01,1.1808122510772574e+01,1.0628442904706317e+01,1.1808122510772574e+01,1.1808122510772574e+01,1.1808122510772574e+01,3.8702248246009172e+00,1.0628442904706317e+01,1.1808122510772574e+01,4.4718677221204830e+00,5.6192622080684789e+00,1.4357331781596898e+01,9.5504846523913411e-01,4.4718677221204830e+00,1.1808122510772574e+01,1.1570595329010837e+01,3.8702248246009172e+00,1.1570595329010837e+01,4.4718677221204830e+00,4.4718677221204830e+00,9.5504846523913411e-01,4.4718677221204830e+00,4.4718677221204830e+00,4.4718677221204830e+00,4.4718677221204830e+00,9.5504846523913411e-01,1.1808122510772574e+01,1.1808122510772574e+01,1.1808122510772574e+01,1.1570595329010837e+01,1.1570595329010837e+01,1.1570595329010837e+01,1.1570595329010837e+01,1.1570595329010837e+01,0.0000000000000000e+00,1.1808122510772574e+01,7.7566679866859864e+00,9.5504846523913411e-01,8.3247265897404041e+00,8.3247265897404041e+00,8.3247265897404041e+00,9.5504846523913411e-01,1.3793847039883451e+01,1.3793847039883451e+01,6.8798645288014386e+00,1.1570595329010837e+01,1.1570595329010837e+01,6.8798645288014386e+00,1.3793847039883451e+01,1.1808122510772574e+01,6.8798645288014386e+00,5.6192622080684789e+00,1.1570595329010837e+01,8.3247265897404041e+00,8.3247265897404041e+00,1.7289647515342985e+00,1.1570595329010837e+01,1.1808122510772574e+01,2.6049467096488463e+00,5.6192622080684789e+00,9.6389215587615968e+00,1.3793847039883451e+01,1.3793847039883451e+01,5.6192622080684789e+00,5.6192622080684789e+00,1.1808122510772574e+01,1.7289647515342985e+00,4.4718677221204830e+00,1.0628442904706317e+01,1.3793847039883451e+01,1.1808122510772574e+01,1.1808122510772574e+01,1.1808122510772574e+01,1.1570595329010837e+01,1.1808122510772574e+01,1.1808122510772574e+01,6.8798645288014386e+00,5.6192622080684789e+00,5.6192622080684789e+00,1.3793847039883451e+01,4.4718677221204830e+00,0.0000000000000000e+00,7.7566679866859864e+00,8.3247265897404041e+00,1.1808122510772574e+01,8.3247265897404041e+00,4.4718677221204830e+00,1.1808122510772574e+01,1.1570595329010837e+01,1.3793847039883451e+01,1.3793847039883451e+01,6.8798645288014386e+00,1.1808122510772574e+01,9.6389215587615968e+00,1.1808122510772574e+01,6.8798645288014386e+00,1.3793847039883451e+01,6.8798645288014386e+00,8.3247265897404041e+00,1.1570595329010837e+01,8.3247265897404041e+00,1.0628442904706317e+01,6.8798645288014386e+00,6.8798645288014386e+00,6.8798645288014386e+00,1.4357331781596898e+01,1.1570595329010837e+01,9.5504846523913411e-01,0.0000000000000000e+00,5.6192622080684789e+00,8.3247265897404041e+00,4.4718677221204830e+00,1.1808122510772574e+01,2.6049467096488463e+00,6.8798645288014386e+00,6.8798645288014386e+00,6.8798645288014386e+00,6.8798645288014386e+00,6.8798645288014386e+00,1.0628442904706317e+01,1.0628442904706317e+01,0.0000000000000000e+00,0.0000000000000000e+00,9.6389215587615968e+00,1.1570595329010837e+01,1.0628442904706317e+01,1.1808122510772574e+01,1.0628442904706317e+01,3.8702248246009172e+00,3.8702248246009172e+00,6.8798645288014386e+00,7.7566679866859864e+00,3.8702248246009172e+00,1.4357331781596898e+01,4.4718677221204830e+00,7.7566679866859864e+00,9.5504846523913411e-01,4.4718677221204830e+00,8.3247265897404041e+00,1.4357331781596898e+01,1.4357331781596898e+01,8.3247265897404041e+00,6.8798645288014386e+00,1.3793847039883451e+01,1.4357331781596898e+01,6.8798645288014386e+00,1.1808122510772574e+01,1.0628442904706317e+01,1.4357331781596898e+01,1.0628442904706317e+01,1.3793847039883451e+01,1.4357331781596898e+01,6.8798645288014386e+00,1.3793847039883451e+01,6.8798645288014386e+00,1.3793847039883451e+01,1.3793847039883451e+01,1.3793847039883451e+01,0.0000000000000000e+00,4.4718677221204830e+00,1.0628442904706317e+01,1.3793847039883451e+01,1.3793847039883451e+01,9.5504846523913411e-01,1.3793847039883451e+01,1.1570595329010837e+01,1.7289647515342985e+00,0.0000000000000000e+00,1.1570595329010837e+01,1.1570595329010837e+01,4.4718677221204830e+00,1.1570595329010837e+01,7.7566679866859864e+00,0.0000000000000000e+00,9.5504846523913411e-01,1.3793847039883451e+01,4.4718677221204830e+00,0.0000000000000000e+00,1.4357331781596898e+01,1.1570595329010837e+01,4.4718677221204830e+00,7.7566679866859864e+00,1.0628442904706317e+01,1.4357331781596898e+01,9.5504846523913411e-01,6.8798645288014386e+00,1.4357331781596898e+01,2.6049467096488463e+00,1.0628442904706317e+01,9.6389215587615968e+00,9.6389215587615968e+00,7.7566679866859864e+00,1.4357331781596898e+01,6.8798645288014386e+00,1.4357331781596898e+01,1.4357331781596898e+01,1.4357331781596898e+01,1.4357331781596898e+01,6.8798645288014386e+00,9.5504846523913411e-01,6.8798645288014386e+00,1.3793847039883451e+01,0.0000000000000000e+00,1.1570595329010837e+01,6.8798645288014386e+00,8.3247265897404041e+00,5.6192622080684789e+00,7.7566679866859864e+00,8.3247265897404041e+00,8.3247265897404041e+00,6.8798645288014386e+00,8.3247265897404041e+00,1.3793847039883451e+01,7.7566679866859864e+00,1.0628442904706317e+01,1.1570595329010837e+01,8.3247265897404041e+00,3.8702248246009172e+00,3.8702248246009172e+00,1.0628442904706317e+01,1.3793847039883451e+01,1.3793847039883451e+01,1.0628442904706317e+01,1.3793847039883451e+01,8.3247265897404041e+00,1.7289647515342985e+00,7.7566679866859864e+00,1.4357331781596898e+01,1.3793847039883451e+01,1.3793847039883451e+01,9.5504846523913411e-01,1.1808122510772574e+01,1.0628442904706317e+01,1.7289647515342985e+00,1.4357331781596898e+01,1.7289647515342985e+00,9.5504846523913411e-01,1.7289647515342985e+00,9.5504846523913411e-01,1.4357331781596898e+01,1.0628442904706317e+01,1.3793847039883451e+01,1.7289647515342985e+00,1.4357331781596898e+01,1.0628442904706317e+01,1.3793847039883451e+01,1.1808122510772574e+01,4.4718677221204830e+00,2.6049467096488463e+00,1.4357331781596898e+01,1.1808122510772574e+01,1.4357331781596898e+01,3.8702248246009172e+00,1.4357331781596898e+01,8.3247265897404041e+00,1.3793847039883451e+01,1.1808122510772574e+01,1.4357331781596898e+01,5.6192622080684789e+00,4.4718677221204830e+00,4.4718677221204830e+00,1.0628442904706317e+01,1.1808122510772574e+01,4.4718677221204830e+00,1.0628442904706317e+01,8.3247265897404041e+00,5.6192622080684789e+00,3.8702248246009172e+00,1.4357331781596898e+01,9.6389215587615968e+00,1.0628442904706317e+01,3.8702248246009172e+00,1.1570595329010837e+01,7.7566679866859864e+00,1.0628442904706317e+01,1.0628442904706317e+01,3.8702248246009172e+00,9.6389215587615968e+00,9.6389215587615968e+00,1.3793847039883451e+01,9.5504846523913411e-01,2.6049467096488463e+00,1.3793847039883451e+01,8.3247265897404041e+00,1.4357331781596898e+01,1.3793847039883451e+01,1.0628442904706317e+01,1.4357331781596898e+01,1.1570595329010837e+01,1.4357331781596898e+01,9.5504846523913411e-01,8.3247265897404041e+00,7.7566679866859864e+00,9.5504846523913411e-01,1.1808122510772574e+01,6.8798645288014386e+00,7.7566679866859864e+00,9.5504846523913411e-01,7.7566679866859864e+00,1.1808122510772574e+01,2.6049467096488463e+00,1.1808122510772574e+01,6.8798645288014386e+00,5.6192622080684789e+00,1.4357331781596898e+01,5.6192622080684789e+00,1.1570595329010837e+01,6.8798645288014386e+00,1.7289647515342985e+00,7.7566679866859864e+00,9.5504846523913411e-01,5.6192622080684789e+00,4.4718677221204830e+00,9.5504846523913411e-01,1.0628442904706317e+01,3.8702248246009172e+00,1.1570595329010837e+01,6.8798645288014386e+00,1.7289647515342985e+00,1.0628442904706317e+01,7.7566679866859864e+00,6.8798645288014386e+00,8.3247265897404041e+00,8.3247265897404041e+00,1.0628442904706317e+01,1.1570595329010837e+01,9.5504846523913411e-01,1.4357331781596898e+01,8.3247265897404041e+00,1.3793847039883451e+01,1.0628442904706317e+01,1.0628442904706317e+01,8.3247265897404041e+00,1.4357331781596898e+01,7.7566679866859864e+00,9.5504846523913411e-01,1.3793847039883451e+01,1.3793847039883451e+01,3.8702248246009172e+00,4.4718677221204830e+00,3.8702248246009172e+00,1.3793847039883451e+01,1.0628442904706317e+01,6.8798645288014386e+00,1.0628442904706317e+01,6.8798645288014386e+00,8.3247265897404041e+00,6.8798645288014386e+00,3.8702248246009172e+00,8.3247265897404041e+00,1.1570595329010837e+01,1.1808122510772574e+01,1.4357331781596898e+01,9.5504846523913411e-01,1.3793847039883451e+01,1.3793847039883451e+01,8.3247265897404041e+00,1.3793847039883451e+01,1.1570595329010837e+01,1.1570595329010837e+01,1.1570595329010837e+01,1.1570595329010837e+01,1.1570595329010837e+01,1.1570595329010837e+01,1.4357331781596898e+01,1.1570595329010837e+01,1.1570595329010837e+01,3.8702248246009172e+00,3.8702248246009172e+00,1.1570595329010837e+01,1.7289647515342985e+00,1.0628442904706317e+01,1.1570595329010837e+01,1.1570595329010837e+01,1.1570595329010837e+01,1.3793847039883451e+01,1.1570595329010837e+01,1.1570595329010837e+01,1.1570595329010837e+01,1.1570595329010837e+01,4.4718677221204830e+00,9.5504846523913411e-01,5.6192622080684789e+00,1.1570595329010837e+01,8.3247265897404041e+00,6.8798645288014386e+00,1.3793847039883451e+01,8.3247265897404041e+00,8.3247265897404041e+00,1.3793847039883451e+01,5.6192622080684789e+00,5.6192622080684789e+00,6.8798645288014386e+00,1.1808122510772574e+01,1.3793847039883451e+01,1.3793847039883451e+01,1.1808122510772574e+01,1.3793847039883451e+01,9.5504846523913411e-01,3.8702248246009172e+00,1.3793847039883451e+01,1.3793847039883451e+01,1.3793847039883451e+01,1.3793847039883451e+01,1.1570595329010837e+01,1.1570595329010837e+01,2.6049467096488463e+00,1.3793847039883451e+01,1.1808122510772574e+01,1.7289647515342985e+00,1.3793847039883451e+01,6.8798645288014386e+00,1.4357331781596898e+01,1.3793847039883451e+01,4.4718677221204830e+00,1.1570595329010837e+01,3.8702248246009172e+00,1.4357331781596898e+01,0.0000000000000000e+00,3.8702248246009172e+00,1.3793847039883451e+01,1.3793847039883451e+01,1.1570595329010837e+01,1.7289647515342985e+00,1.1570595329010837e+01,1.1570595329010837e+01,9.5504846523913411e-01,9.5504846523913411e-01,1.1570595329010837e+01,8.3247265897404041e+00,1.3793847039883451e+01,1.3793847039883451e+01,1.3793847039883451e+01,2.6049467096488463e+00,1.1570595329010837e+01,1.4357331781596898e+01,1.0628442904706317e+01,1.1570595329010837e+01,5.6192622080684789e+00,2.6049467096488463e+00,1.3793847039883451e+01,2.6049467096488463e+00,1.3793847039883451e+01,1.1570595329010837e+01,1.4357331781596898e+01,1.0628442904706317e+01,1.4357331781596898e+01,1.1570595329010837e+01,1.0628442904706317e+01,1.0628442904706317e+01,1.0628442904706317e+01,6.8798645288014386e+00,2.6049467096488463e+00,9.6389215587615968e+00,9.5504846523913411e-01,1.3793847039883451e+01,9.5504846523913411e-01,9.6389215587615968e+00,1.7289647515342985e+00,4.4718677221204830e+00,8.3247265897404041e+00,9.6389215587615968e+00,1.1808122510772574e+01,1.1570595329010837e+01,9.6389215587615968e+00,9.5504846523913411e-01,1.1570595329010837e+01,8.3247265897404041e+00,1.1570595329010837e+01,1.4357331781596898e+01,4.4718677221204830e+00,8.3247265897404041e+00,1.0628442904706317e+01,8.3247265897404041e+00,1.1570595329010837e+01,1.1570595329010837e+01,1.1570595329010837e+01,1.3793847039883451e+01,1.1570595329010837e+01,7.7566679866859864e+00,9.6389215587615968e+00,9.6389215587615968e+00,1.1570595329010837e+01,1.0628442904706317e+01,6.8798645288014386e+00,5.6192622080684789e+00,9.6389215587615968e+00,1.1808122510772574e+01,1.0628442904706317e+01,1.0628442904706317e+01,8.3247265897404041e+00,5.6192622080684789e+00,4.4718677221204830e+00,8.3247265897404041e+00,9.6389215587615968e+00,9.6389215587615968e+00,1.1570595329010837e+01,8.3247265897404041e+00,6.8798645288014386e+00,1.1570595329010837e+01,7.7566679866859864e+00,7.7566679866859864e+00,1.0628442904706317e+01,1.1808122510772574e+01,4.4718677221204830e+00,1.7289647515342985e+00,1.3793847039883451e+01,1.1570595329010837e+01,1.3793847039883451e+01,1.3793847039883451e+01,1.0628442904706317e+01,9.5504846523913411e-01,1.7289647515342985e+00,0.0000000000000000e+00,1.1570595329010837e+01,1.4357331781596898e+01,1.0628442904706317e+01,8.3247265897404041e+00,8.3247265897404041e+00,8.3247265897404041e+00,7.7566679866859864e+00,7.7566679866859864e+00,1.1808122510772574e+01,9.6389215587615968e+00,1.7289647515342985e+00,7.7566679866859864e+00,9.6389215587615968e+00,6.8798645288014386e+00,8.3247265897404041e+00,9.6389215587615968e+00,9.5504846523913411e-01,2.6049467096488463e+00,3.8702248246009172e+00,1.4357331781596898e+01,8.3247265897404041e+00,4.4718677221204830e+00,1.3793847039883451e+01,1.1570595329010837e+01,2.6049467096488463e+00,1.1570595329010837e+01,1.1570595329010837e+01,1.1808122510772574e+01,1.1570595329010837e+01,9.5504846523913411e-01,1.3793847039883451e+01,1.1570595329010837e+01,1.1570595329010837e+01,1.4357331781596898e+01,1.4357331781596898e+01,4.4718677221204830e+00,1.4357331781596898e+01,1.4357331781596898e+01,1.3793847039883451e+01,1.4357331781596898e+01,1.1570595329010837e+01,1.3793847039883451e+01,1.1570595329010837e+01,0.0000000000000000e+00,2.6049467096488463e+00,8.3247265897404041e+00,4.4718677221204830e+00,1.4357331781596898e+01,1.4357331781596898e+01,1.0628442904706317e+01,1.0628442904706317e+01,1.1570595329010837e+01,1.1570595329010837e+01,1.4357331781596898e+01,1.1570595329010837e+01,1.0628442904706317e+01,1.3793847039883451e+01,1.4357331781596898e+01,4.4718677221204830e+00,1.3793847039883451e+01,1.3793847039883451e+01,3.8702248246009172e+00,7.7566679866859864e+00,7.7566679866859864e+00,1.4357331781596898e+01,1.0628442904706317e+01,1.4357331781596898e+01,2.6049467096488463e+00,1.1570595329010837e+01,6.8798645288014386e+00,2.6049467096488463e+00,7.7566679866859864e+00,1.4357331781596898e+01,1.1570595329010837e+01,9.5504846523913411e-01,1.4357331781596898e+01,8.3247265897404041e+00,1.1570595329010837e+01,1.1570595329010837e+01,1.1570595329010837e+01,1.1570595329010837e+01,9.6389215587615968e+00,5.6192622080684789e+00,1.7289647515342985e+00,1.1570595329010837e+01,1.7289647515342985e+00,2.6049467096488463e+00,9.5504846523913411e-01,1.1570595329010837e+01,1.1570595329010837e+01,0.0000000000000000e+00,1.1570595329010837e+01,1.1570595329010837e+01,6.8798645288014386e+00,1.1570595329010837e+01,6.8798645288014386e+00,1.1570595329010837e+01,1.1570595329010837e+01,1.7289647515342985e+00,8.3247265897404041e+00,1.4357331781596898e+01,2.6049467096488463e+00,1.4357331781596898e+01,0.0000000000000000e+00,1.1570595329010837e+01,1.1570595329010837e+01,6.8798645288014386e+00,2.6049467096488463e+00,7.7566679866859864e+00,6.8798645288014386e+00,1.7289647515342985e+00,1.4357331781596898e+01,1.0628442904706317e+01,1.4357331781596898e+01,1.4357331781596898e+01,9.6389215587615968e+00,1.1570595329010837e+01,1.4357331781596898e+01,1.4357331781596898e+01,1.0628442904706317e+01,1.3793847039883451e+01,4.4718677221204830e+00,8.3247265897404041e+00,1.1570595329010837e+01,1.7289647515342985e+00,7.7566679866859864e+00,3.8702248246009172e+00,4.4718677221204830e+00,8.3247265897404041e+00,1.4357331781596898e+01,1.4357331781596898e+01,1.4357331781596898e+01,8.3247265897404041e+00,5.6192622080684789e+00,1.4357331781596898e+01,1.3793847039883451e+01,1.4357331781596898e+01,9.6389215587615968e+00,1.3793847039883451e+01,7.7566679866859864e+00,1.7289647515342985e+00,7.7566679866859864e+00,5.6192622080684789e+00,1.4357331781596898e+01,1.4357331781596898e+01,2.6049467096488463e+00,4.4718677221204830e+00,4.4718677221204830e+00,3.8702248246009172e+00,1.1808122510772574e+01,1.3793847039883451e+01,9.5504846523913411e-01,4.4718677221204830e+00,3.8702248246009172e+00,1.1570595329010837e+01,1.1570595329010837e+01,1.1570595329010837e+01,7.7566679866859864e+00,1.4357331781596898e+01,1.4357331781596898e+01,1.1808122510772574e+01,1.0628442904706317e+01,1.1570595329010837e+01,1.3793847039883451e+01,9.6389215587615968e+00,1.4357331781596898e+01,1.3793847039883451e+01,1.1570595329010837e+01,7.7566679866859864e+00,2.6049467096488463e+00,0.0000000000000000e+00,0.0000000000000000e+00,3.8702248246009172e+00,1.4357331781596898e+01,1.0628442904706317e+01,1.1570595329010837e+01,8.3247265897404041e+00,1.4357331781596898e+01,1.4357331781596898e+01,1.4357331781596898e+01,2.6049467096488463e+00,1.4357331781596898e+01,1.4357331781596898e+01,1.4357331781596898e+01,7.7566679866859864e+00,0.0000000000000000e+00,4.4718677221204830e+00,7.7566679866859864e+00,1.4357331781596898e+01,5.6192622080684789e+00,7.7566679866859864e+00,1.3793847039883451e+01,2.6049467096488463e+00,3.8702248246009172e+00,1.7289647515342985e+00,1.4357331781596898e+01,1.4357331781596898e+01,1.1570595329010837e+01,1.1570595329010837e+01,1.1570595329010837e+01,1.4357331781596898e+01,1.1570595329010837e+01,1.1570595329010837e+01,1.1570595329010837e+01,1.1570595329010837e+01,1.4357331781596898e+01,2.6049467096488463e+00,3.8702248246009172e+00,0.0000000000000000e+00,1.1570595329010837e+01,1.3793847039883451e+01,1.3793847039883451e+01,1.3793847039883451e+01,0.0000000000000000e+00,9.6389215587615968e+00,1.3793847039883451e+01,9.5504846523913411e-01,1.1570595329010837e+01,6.8798645288014386e+00,1.4357331781596898e+01,5.6192622080684789e+00,1.4357331781596898e+01,5.6192622080684789e+00,1.1570595329010837e+01,7.7566679866859864e+00,1.7289647515342985e+00,1.1570595329010837e+01,1.3793847039883451e+01,8.3247265897404041e+00,5.6192622080684789e+00,3.8702248246009172e+00,1.1570595329010837e+01,1.1570595329010837e+01,1.7289647515342985e+00,2.6049467096488463e+00,1.4357331781596898e+01,1.1570595329010837e+01,1.4357331781596898e+01,1.4357331781596898e+01,6.8798645288014386e+00,1.0628442904706317e+01,1.7289647515342985e+00,5.6192622080684789e+00,2.6049467096488463e+00,1.1570595329010837e+01,1.1570595329010837e+01,1.1570595329010837e+01,1.1570595329010837e+01,4.4718677221204830e+00,1.3793847039883451e+01,6.8798645288014386e+00,1.1570595329010837e+01,1.7289647515342985e+00,1.3793847039883451e+01,1.3793847039883451e+01,5.6192622080684789e+00,9.6389215587615968e+00,1.3793847039883451e+01,2.6049467096488463e+00,9.6389215587615968e+00,9.6389215587615968e+00,9.5504846523913411e-01,9.6389215587615968e+00,1.3793847039883451e+01,9.6389215587615968e+00,2.6049467096488463e+00,9.6389215587615968e+00,2.6049467096488463e+00,1.1808122510772574e+01,1.7289647515342985e+00,1.3793847039883451e+01,3.8702248246009172e+00,9.6389215587615968e+00,1.1570595329010837e+01,9.6389215587615968e+00,9.5504846523913411e-01,8.3247265897404041e+00,1.4357331781596898e+01,1.0628442904706317e+01,1.3793847039883451e+01,9.6389215587615968e+00,9.5504846523913411e-01,9.6389215587615968e+00,0.0000000000000000e+00,1.4357331781596898e+01,1.1570595329010837e+01,1.3793847039883451e+01,2.6049467096488463e+00,1.3793847039883451e+01,9.6389215587615968e+00,0.0000000000000000e+00,1.0628442904706317e+01,1.4357331781596898e+01,9.6389215587615968e+00,1.3793847039883451e+01,9.6389215587615968e+00,1.3793847039883451e+01,1.0628442904706317e+01,1.0628442904706317e+01,1.1570595329010837e+01,3.8702248246009172e+00,1.0628442904706317e+01,1.4357331781596898e+01,3.8702248246009172e+00,1.0628442904706317e+01,1.0628442904706317e+01,8.3247265897404041e+00,1.3793847039883451e+01,8.3247265897404041e+00,1.3793847039883451e+01,1.3793847039883451e+01,1.3793847039883451e+01,1.0628442904706317e+01,1.4357331781596898e+01,1.4357331781596898e+01,1.3793847039883451e+01,6.8798645288014386e+00,1.0628442904706317e+01,8.3247265897404041e+00,1.1808122510772574e+01,8.3247265897404041e+00,1.1570595329010837e+01,1.4357331781596898e+01,7.7566679866859864e+00,9.6389215587615968e+00,1.1808122510772574e+01,1.0628442904706317e+01,1.1570595329010837e+01,1.3793847039883451e+01,9.6389215587615968e+00,7.7566679866859864e+00,1.0628442904706317e+01,1.1570595329010837e+01,9.6389215587615968e+00,1.0628442904706317e+01,9.6389215587615968e+00,9.6389215587615968e+00,1.1570595329010837e+01,8.3247265897404041e+00,1.0628442904706317e+01,1.7289647515342985e+00,1.1808122510772574e+01,7.7566679866859864e+00,6.8798645288014386e+00,1.1808122510772574e+01,2.6049467096488463e+00,1.1808122510772574e+01,1.3793847039883451e+01,1.1570595329010837e+01,1.4357331781596898e+01,1.0628442904706317e+01,9.6389215587615968e+00,9.5504846523913411e-01,3.8702248246009172e+00,1.0628442904706317e+01,1.0628442904706317e+01,7.7566679866859864e+00,3.8702248246009172e+00,1.1570595329010837e+01,1.0628442904706317e+01,1.1808122510772574e+01,1.7289647515342985e+00,1.0628442904706317e+01,1.0628442904706317e+01,3.8702248246009172e+00,0.0000000000000000e+00,1.3793847039883451e+01,9.6389215587615968e+00,5.6192622080684789e+00,3.8702248246009172e+00,0.0000000000000000e+00,1.1570595329010837e+01,5.6192622080684789e+00,1.1570595329010837e+01,1.3793847039883451e+01,1.0628442904706317e+01,7.7566679866859864e+00,5.6192622080684789e+00,1.1808122510772574e+01,1.0628442904706317e+01,0.0000000000000000e+00,1.0628442904706317e+01,8.3247265897404041e+00,1.1570595329010837e+01,7.7566679866859864e+00,1.0628442904706317e+01,1.3793847039883451e+01,9.5504846523913411e-01,7.7566679866859864e+00,3.8702248246009172e+00,8.3247265897404041e+00,0.0000000000000000e+00,1.4357331781596898e+01,1.3793847039883451e+01,6.8798645288014386e+00,8.3247265897404041e+00,1.1808122510772574e+01,8.3247265897404041e+00,1.4357331781596898e+01,3.8702248246009172e+00,1.1570595329010837e+01,1.4357331781596898e+01,1.3793847039883451e+01,1.1570595329010837e+01,5.6192622080684789e+00,0.0000000000000000e+00,1.3793847039883451e+01,9.6389215587615968e+00,0.0000000000000000e+00,2.6049467096488463e+00,3.8702248246009172e+00,1.4357331781596898e+01,6.8798645288014386e+00,1.4357331781596898e+01,5.6192622080684789e+00,6.8798645288014386e+00,7.7566679866859864e+00,1.4357331781596898e+01,1.3793847039883451e+01,6.8798645288014386e+00,9.6389215587615968e+00,1.3793847039883451e+01,9.6389215587615968e+00,1.3793847039883451e+01,1.3793847039883451e+01,9.5504846523913411e-01,1.4357331781596898e+01,1.3793847039883451e+01,1.4357331781596898e+01,1.4357331781596898e+01,6.8798645288014386e+00,1.1570595329010837e+01,6.8798645288014386e+00,1.7289647515342985e+00,9.5504846523913411e-01,9.6389215587615968e+00,1.0628442904706317e+01,1.1570595329010837e+01,1.1570595329010837e+01,1.1570595329010837e+01,6.8798645288014386e+00,8.3247265897404041e+00,9.6389215587615968e+00,9.6389215587615968e+00,9.6389215587615968e+00,1.1570595329010837e+01,1.0628442904706317e+01,7.7566679866859864e+00,1.1570595329010837e+01,1.1570595329010837e+01,5.6192622080684789e+00,1.4357331781596898e+01,4.4718677221204830e+00,1.3793847039883451e+01,6.8798645288014386e+00,6.8798645288014386e+00,8.3247265897404041e+00,0.0000000000000000e+00,5.6192622080684789e+00,1.7289647515342985e+00,1.3793847039883451e+01,1.3793847039883451e+01,1.4357331781596898e+01,4.4718677221204830e+00,1.4357331781596898e+01,8.3247265897404041e+00,5.6192622080684789e+00,2.6049467096488463e+00,1.3793847039883451e+01,1.1570595329010837e+01,1.4357331781596898e+01
1.1572797589033588e+01,1.1572797589033588e+01,1.9890006948610011e+00,3.7590548563241950e+00,1.1572797589033588e+01,1.1572797589033588e+01,1.3356106575999787e+01,1.3356106575999787e+01,3.7590548563241950e+00,9.6435775638351617e-01,1.1572797589033588e+01,8.0660024501220953e+00,1.1572797589033588e+01,2.7431077664639458e+00,8.0660024501220953e+00,5.6550302731668491e+00,6.4354697834794994e+00,4.6765001553193919e+00,1.1572797589033588e+01,1.1572797589033588e+01,1.1572797589033588e+01,1.1572797589033588e+01,1.1572797589033588e+01,6.4354697834794994e+00,1.1572797589033588e+01,1.3356106575999787e+01,1.3356106575999787e+01,1.2052676805589806e+01,1.1572797589033588e+01,3.7590548563241950e+00,1.0868332380123663e+01,1.2052676805589806e+01,1.1572797589033588e+01,1.3356106575999787e+01,9.4128535539690859e+00,1.1572797589033588e+01,4.6765001553193919e+00,1.1572797589033588e+01,9.6435775638351617e-01,9.4128535539690859e+00,1.1572797589033588e+01,1.1572797589033588e+01,1.5075685312881879e+01,1.1572797589033588e+01,9.6435775638351617e-01,1.1572797589033588e+01,1.2052676805589806e+01,1.2052676805589806e+01,1.1572797589033588e+01,1.1572797589033588e+01,1.0868332380123663e+01,1.2052676805589806e+01,8.0660024501220953e+00,1.0868332380123663e+01,4.6765001553193919e+00,1.2052676805589806e+01,9.6435775638351617e-01,1.1572797589033588e+01,1.1572797589033588e+01,2.7431077664639458e+00,5.6550302731668491e+00,3.7590548563241950e+00,3.7590548563241950e+00,9.4128535539690859e+00,2.7431077664639458e+00,2.7431077664639458e+00,1.1572797589033588e+01,1.1572797589033588e+01,1.3356106575999787e+01,3.7590548563241950e+00,9.4128535539690859e+00,1.5075685312881879e+01,5.6550302731668491e+00,1.9890006948610011e+00,1.3356106575999787e+01,9.4128535539690859e+00,1.1572797589033588e+01,0.0000000000000000e+00,1.3356106575999787e+01,7.9015277497746172e+00,9.4128535539690859e+00,1.1572797589033588e+01,1.5075685312881879e+01,9.4128535539690859e+00,7.9015277497746172e+00,9.4128535539690859e+00,9.4128535539690859e+00,5.6550302731668491e+00,7.9015277497746172e+00,7.9015277497746172e+00,1.0868332380123663e+01,5.6550302731668491e+00,0.0000000000000000e+00,1.1572797589033588e+01,2.7431077664639458e+00,1.1572797589033588e+01,1.9890006948610011e+00,1.1572797589033588e+01,1.1572797589033588e+01,6.4354697834794994e+00,3.7590548563241950e+00,6.4354697834794994e+00,7.9015277497746172e+00,6.4354697834794994e+00,1.1572797589033588e+01,2.7431077664639458e+00,1.1572797589033588e+01,1.1572797589033588e+01,1.2052676805589806e+01,1.3356106575999787e+01,1.3356106575999787e+01,1.2052676805589806e+01,1.3356106575999787e+01,1.3356106575999787e+01,1.2052676805589806e+01,1.2052676805589806e+01,8.0660024501220953e+00,1.2052676805589806e+01,0.0000000000000000e+00,1.9890006948610011e+00,1.3356106575999787e+01,1.5075685312881879e+01,0.0000000000000000e+00,1.3356106575999787e+01,1.2052676805589806e+01,3.7590548563241950e+00,4.6765001553193919e+00,1.2052676805589806e+01,1.3356106575999787e+01,1.3356106575999787e+01,1.9890006948610011e+00,8.0660024501220953e+00,1.3356106575999787e+01,1.3356106575999787e+01,7.9015277497746172e+00,1.3356106575999787e+01,7.9015277497746172e+00,5.6550302731668491e+00,9.6435775638351617e-01,7.9015277497746172e+00,8.0660024501220953e+00,1.3356106575999787e+01,1.3356106575999787e+01,1.3356106575999787e+01,1.5075685312881879e+01,9.4128535539690859e+00,1.1572797589033588e+01,1.1572797589033588e+01,1.1572797589033588e+01,1.2052676805589806e+01,1.1572797589033588e+01,1.5075685312881879e+01,8.0660024501220953e+00,1.3356106575999787e+01,8.0660024501220953e+00,1.1572797589033588e+01,0.0000000000000000e+00,1.0868332380123663e+01,3.7590548563241950e+00,1.3356106575999787e+01,2.7431077664639458e+00,7.9015277497746172e+00,1.3356106575999787e+01,1.5075685312881879e+01,9.4128535539690859e+00,3.7590548563241950e+00,1.5075685312881879e+01,0.0000000000000000e+00,1.1572797589033588e+01,1.5075685312881879e+01,9.4128535539690859e+00,1.5075685312881879e+01,8.0660024501220953e+00,8.0660024501220953e+00,1.5075685312881879e+01,3.7590548563241950e+00,1.5075685312881879e+01,7.9015277497746172e+00,1.5075685312881879e+01,1.0868332380123663e+01,1.5075685312881879e+01,8.0660024501220953e+00,1.5075685312881879e+01,4.6765001553193919e+00,1.0868332380123663e+01,1.0868332380123663e+01,1.5075685312881879e+01,1.5075685312881879e+01,1.5075685312881879e+01,1.0868332380123663e+01,1.5075685312881879e+01,9.4128535539690859e+00,1.5075685312881879e+01,8.0660024501220953e+00,2.7431077664639458e+00,1.1572797589033588e+01,1.5075685312881879e+01,1.3356106575999787e+01,1.5075685312881879e+01,1.5075685312881879e+01,9.6435775638351617e-01,1.5075685312881879e+01,1.1572797589033588e+01,1.5075685312881879e+01,1.0868332380123663e+01,8.0660024501220953e+00,1.1572797589033588e+01,1.1572797589033588e+01,1.5075685312881879e+01,1.5075685312881879e+01,1.5075685312881879e+01,1.9890006948610011e+00,0.0000000000000000e+00,1.1572797589033588e+01,1.5075685312881879e+01,1.5075685312881879e+01,1.5075685312881879e+01,8.0660024501220953e+00,1.3356106575999787e+01,1.1572797589033588e+01,1.1572797589033588e+01,2.7431077664639458e+00,1.1572797589033588e+01,1.1572797589033588e+01,1.1572797589033588e+01,1.2052676805589806e+01,1.1572797589033588e+01,9.4128535539690859e+00,1.1572797589033588e+01,8.0660024501220953e+00,6.4354697834794994e+00,9.4128535539690859e+00,1.1572797589033588e+01,1.9890006948610011e+00,0.0000000000000000e+00,1.0868332380123663e+01,1.9890006948610011e+00,1.0868332380123663e+01,1.1572797589033588e+01,9.4128535539690859e+00,9.6435775638351617e-01,1.3356106575999787e+01,4.6765001553193919e+00,2.7431077664639458e+00,1.5075685312881879e+01,5.6550302731668491e+00,1.1572797589033588e+01,1.5075685312881879e+01,1.1572797589033588e+01,2.7431077664639458e+00,6.4354697834794994e+00,8.0660024501220953e+00,1.2052676805589806e+01,1.3356106575999787e+01,9.6435775638351617e-01,1.1572797589033588e+01,1.3356106575999787e+01,1.3356106575999787e+01,1.0868332380123663e+01,1.0868332380123663e+01,0.0000000000000000e+00,9.6435775638351617e-01,6.4354697834794994e+00,8.0660024501220953e+00,1.5075685312881879e+01,1.5075685312881879e+01,8.0660024501220953e+00,4.6765001553193919e+00,1.5075685312881879e+01,5.6550302731668491e+00,1.0868332380123663e+01,9.4128535539690859e+00,1.0868332380123663e+01,1.1572797589033588e+01,5.6550302731668491e+00,9.4128535539690859e+00,1.0868332380123663e+01,4.6765001553193919e+00,4.6765001553193919e+00,1.0868332380123663e+01,9.6435775638351617e-01,8.0660024501220953e+00,1.3356106575999787e+01,1.0868332380123663e+01,8.0660024501220953e+00,8.0660024501220953e+00,1.0868332380123663e+01,1.0868332380123663e+01,9.4128535539690859e+00,1.1572797589033588e+01,1.1572797589033588e+01,1.1572797589033588e+01,6.4354697834794994e+00,1.1572797589033588e+01,1.0868332380123663e+01,1.3356106575999787e+01,2.7431077664639458e+00,4.6765001553193919e+00,1.3356106575999787e+01,1.0868332380123663e+01,1.1572797589033588e+01,5.6550302731668491e+00,0.0000000000000000e+00,9.4128535539690859e+00,1.1572797589033588e+01,1.3356106575999787e+01,4.6765001553193919e+00,1.1572797589033588e+01,7.9015277497746172e+00,2.7431077664639458e+00,9.4128535539690859e+00,1.3356106575999787e+01,9.4128535539690859e+00,1.3356106575999787e+01,0.0000000000000000e+00,1.5075685312881879e+01,1.1572797589033588e+01,1.5075685312881879e+01,9.6435775638351617e-01,7.9015277497746172e+00,5.6550302731668491e+00,1.0868332380123663e+01,1.0868332380123663e+01,3.7590548563241950e+00,3.7590548563241950e+00,1.0868332380123663e+01,1.0868332380123663e+01,1.0868332380123663e+01,1.5075685312881879e+01,1.3356106575999787e+01,1.3356106575999787e+01,1.0868332380123663e+01,1.0868332380123663e+01,8.0660024501220953e+00,0.0000000000000000e+00,1.5075685312881879e+01,7.9015277497746172e+00,8.0660024501220953e+00,0.0000000000000000e+00,1.5075685312881879e+01,1.5075685312881879e+01,1.9890006948610011e+00,1.1572797589033588e+01,1.3356106575999787e+01,1.5075685312881879e+01,1.5075685312881879e+01,4.6765001553193919e+00,1.3356106575999787e+01,4.6765001553193919e+00,1.1572797589033588e+01,1.1572797589033588e+01,1.0868332380123663e+01,1.0868332380123663e+01,2.7431077664639458e+00,8.0660024501220953e+00,1.5075685312881879e+01,1.5075685312881879e+01,0.0000000000000000e+00,6.4354697834794994e+00,1.1572797589033588e+01,1.5075685312881879e+01,4.6765001553193919e+00,1.5075685312881879e+01,1.5075685312881879e+01,1.5075685312881879e+01,9.4128535539690859e+00,1.5075685312881879e+01,1.9890006948610011e+00,6.4354697834794994e+00,6.4354697834794994e+00,9.6435775638351617e-01,3.7590548563241950e+00,6.4354697834794994e+00,1.3356106575999787e+01,3.7590548563241950e+00,1.0868332380123663e+01,1.0868332380123663e+01,1.3356106575999787e+01,1.1572797589033588e+01,1.3356106575999787e+01,1.3356106575999787e+01,2.7431077664639458e+00,6.4354697834794994e+00,6.4354697834794994e+00,1.0868332380123663e+01,1.1572797589033588e+01,1.0868332380123663e+01,8.0660024501220953e+00,2.7431077664639458e+00,1.0868332380123663e+01,1.0868332380123663e+01,1.2052676805589806e+01,1.0868332380123663e+01,9.4128535539690859e+00,1.1572797589033588e+01,1.0868332380123663e+01,1.0868332380123663e+01,1.0868332380123663e+01,7.9015277497746172e+00,9.6435775638351617e-01,0.0000000000000000e+00,1.3356106575999787e+01,1.3356106575999787e+01,1.1572797589033588e+01,9.6435775638351617e-01,1.0868332380123663e+01,1.1572797589033588e+01,9.6435775638351617e-01,4.6765001553193919e+00,1.3356106575999787e+01,8.0660024501220953e+00,1.5075685312881879e+01,1.0868332380123663e+01,4.6765001553193919e+00,1.5075685312881879e+01,7.9015277497746172e+00,1.1572797589033588e+01,5.6550302731668491e+00,1.5075685312881879e+01,4.6765001553193919e+00,5.6550302731668491e+00,1.1572797589033588e+01,9.4128535539690859e+00,9.4128535539690859e+00,1.0868332380123663e+01,9.4128535539690859e+00,3.7590548563241950e+00,9.6435775638351617e-01,1.5075685312881879e+01,1.9890006948610011e+00,1.5075685312881879e+01,9.4128535539690859e+00,1.3356106575999787e+01,7.9015277497746172e+00,1.0868332380123663e+01,1.0868332380123663e+01,1.0868332380123663e+01,7.9015277497746172e+00,1.0868332380123663e+01,1.0868332380123663e+01,9.4128535539690859e+00,7.9015277497746172e+00,9.4128535539690859e+00,1.0868332380123663e+01,1.5075685312881879e+01,1.3356106575999787e+01,1.0868332380123663e+01,1.0868332380123663e+01,1.3356106575999787e+01,1.0868332380123663e+01,1.0868332380123663e+01,7.9015277497746172e+00,1.1572797589033588e+01,7.9015277497746172e+00,7.9015277497746172e+00,7.9015277497746172e+00,1.5075685312881879e+01,1.1572797589033588e+01,1.0868332380123663e+01,1.2052676805589806e+01,1.2052676805589806e+01,1.5075685312881879e+01,4.6765001553193919e+00,4.6765001553193919e+00,1.1572797589033588e+01,1.1572797589033588e+01,8.0660024501220953e+00,8.0660024501220953e+00,0.0000000000000000e+00,1.2052676805589806e+01,1.2052676805589806e+01,1.0868332380123663e+01,1.9890006948610011e+00,4.6765001553193919e+00,8.0660024501220953e+00,1.9890006948610011e+00,7.9015277497746172e+00,1.0868332380123663e+01,5.6550302731668491e+00,0.0000000000000000e+00,1.0868332380123663e+01,1.0868332380123663e+01,1.0868332380123663e+01,1.0868332380123663e+01,1.5075685312881879e+01,1.5075685312881879e+01,3.7590548563241950e+00,8.0660024501220953e+00,1.9890006948610011e+00,8.0660024501220953e+00,3.7590548563241950e+00,3.7590548563241950e+00,1.1572797589033588e+01,1.0868332380123663e+01,1.9890006948610011e+00,2.7431077664639458e+00,1.3356106575999787e+01,1.5075685312881879e+01,5.6550302731668491e+00,7.9015277497746172e+00,1.0868332380123663e+01,1.0868332380123663e+01,2.7431077664639458e+00,6.4354697834794994e+00,6.4354697834794994e+00,6.4354697834794994e+00,0.0000000000000000e+00,5.6550302731668491e+00,1.3356106575999787e+01,1.3356106575999787e+01,1.3356106575999787e+01,1.3356106575999787e+01,1.3356106575999787e+01,1.2052676805589806e+01,0.0000000000000000e+00,1.1572797589033588e+01,1.1572797589033588e+01,1.1572797589033588e+01,1.5075685312881879e+01,9.4128535539690859e+00,1.3356106575999787e+01,1.3356106575999787e+01,1.3356106575999787e+01,2.7431077664639458e+00,1.3356106575999787e+01,1.3356106575999787e+01,1.9890006948610011e+00,1.2052676805589806e+01,1.2052676805589806e+01,1.2052676805589806e+01,5.6550302731668491e+00,1.5075685312881879e+01,1.5075685312881879e+01,7.9015277497746172e+00,7.9015277497746172e+00,1.3356106575999787e+01,1.5075685312881879e+01,1.3356106575999787e+01,6.4354697834794994e+00,2.7431077664639458e+00,1.3356106575999787e+01,5.6550302731668491e+00,1.3356106575999787e+01,1.3356106575999787e+01,2.7431077664639458e+00,2.7431077664639458e+00,1.2052676805589806e+01,3.7590548563241950e+00,1.1572797589033588e+01,7.9015277497746172e+00,7.9015277497746172e+00,1.1572797589033588e+01,1.3356106575999787e+01,1.1572797589033588e+01,8.0660024501220953e+00,8.0660024501220953e+00,1.5075685312881879e+01,7.9015277497746172e+00,1.2052676805589806e+01,1.2052676805589806e+01,1.1572797589033588e+01,1.3356106575999787e+01,1.1572797589033588e+01,0.0000000000000000e+00,1.9890006948610011e+00,9.4128535539690859e+00,1.9890006948610011e+00,1.9890006948610011e+00,9.4128535539690859e+00,9.4128535539690859e+00,1.2052676805589806e+01,9.4128535539690859e+00,9.4128535539690859e+00,1.3356106575999787e+01,1.3356106575999787e+01,1.9890006948610011e+00,1.2052676805589806e+01,1.5075685312881879e+01,4.6765001553193919e+00,1.3356106575999787e+01,9.4128535539690859e+00,4.6765001553193919e+00,7.9015277497746172e+00,2.7431077664639458e+00,4.6765001553193919e+00,7.9015277497746172e+00,8.0660024501220953e+00,8.0660024501220953e+00,3.7590548563241950e+00,2.7431077664639458e+00,9.4128535539690859e+00,1.0868332380123663e+01,1.0868332380123663e+01,1.1572797589033588e+01,2.7431077664639458e+00,1.1572797589033588e+01,5.6550302731668491e+00,5.6550302731668491e+00,9.6435775638351617e-01,1.3356106575999787e+01,1.3356106575999787e+01,1.3356106575999787e+01,9.6435775638351617e-01,1.3356106575999787e+01,1.3356106575999787e+01,3.7590548563241950e+00,3.7590548563241950e+00,7.9015277497746172e+00,1.3356106575999787e+01,4.6765001553193919e+00,3.7590548563241950e+00,1.1572797589033588e+01,1.0868332380123663e+01,1.1572797589033588e+01,1.0868332380123663e+01,3.7590548563241950e+00,3.7590548563241950e+00,3.7590548563241950e+00,3.7590548563241950e+00,1.3356106575999787e+01,1.0868332380123663e+01,1.0868332380123663e+01,1.1572797589033588e+01,9.4128535539690859e+00,4.6765001553193919e+00,6.4354697834794994e+00,1.1572797589033588e+01,3.7590548563241950e+00,9.4128535539690859e+00,1.1572797589033588e+01,1.1572797589033588e+01,1.1572797589033588e+01,6.4354697834794994e+00,3.7590548563241950e+00,1.2052676805589806e+01,1.0868332380123663e+01,9.6435775638351617e-01,8.0660024501220953e+00,1.0868332380123663e+01,2.7431077664639458e+00,3.7590548563241950e+00,1.9890006948610011e+00,8.0660024501220953e+00,1.5075685312881879e+01,1.1572797589033588e+01,1.2052676805589806e+01,0.0000000000000000e+00,1.3356106575999787e+01,9.6435775638351617e-01,1.5075685312881879e+01,1.2052676805589806e+01,1.3356106575999787e+01,6.4354697834794994e+00,9.4128535539690859e+00,9.4128535539690859e+00,1.3356106575999787e+01,3.7590548563241950e+00,1.1572797589033588e+01,1.5075685312881879e+01,1.0868332380123663e+01,1.0868332380123663e+01,4.6765001553193919e+00,8.0660024501220953e+00,1.5075685312881879e+01,1.3356106575999787e+01,1.3356106575999787e+01,7.9015277497746172e+00,4.6765001553193919e+00,7.9015277497746172e+00,0.0000000000000000e+00,7.9015277497746172e+00,1.2052676805589806e+01,5.6550302731668491e+00,7.9015277497746172e+00,2.7431077664639458e+00,7.9015277497746172e+00,1.3356106575999787e+01,7.9015277497746172e+00,1.3356106575999787e+01,1.0868332380123663e+01,1.3356106575999787e+01,5.6550302731668491e+00,5.6550302731668491e+00,6.4354697834794994e+00,6.4354697834794994e+00,6.4354697834794994e+00,1.1572797589033588e+01,1.3356106575999787e+01,0.0000000000000000e+00,6.4354697834794994e+00,6.4354697834794994e+00,6.4354697834794994e+00,1.0868332380123663e+01,1.3356106575999787e+01,1.3356106575999787e+01,6.4354697834794994e+00,0.0000000000000000e+00,2.7431077664639458e+00,2.7431077664639458e+00,9.4128535539690859e+00,8.0660024501220953e+00,1.0868332380123663e+01,1.9890006948610011e+00,1.0868332380123663e+01,0.0000000000000000e+00,1.1572797589033588e+01,1.3356106575999787e+01,4.6765001553193919e+00,1.3356106575999787e+01,6.4354697834794994e+00,6.4354697834794994e+00,0.0000000000000000e+00,1.1572797589033588e+01,1.1572797589033588e+01,1.3356106575999787e+01,6.4354697834794994e+00,4.6765001553193919e+00,1.3356106575999787e+01,9.4128535539690859e+00,1.0868332380123663e+01,1.3356106575999787e+01,1.0868332380123663e+01,0.0000000000000000e+00,1.3356106575999787e+01,6.4354697834794994e+00,1.3356106575999787e+01,3.7590548563241950e+00,1.3356106575999787e+01,1.3356106575999787e+01,1.1572797589033588e+01,1.2052676805589806e+01,1.1572797589033588e+01,1.1572797589033588e+01,1.9890006948610011e+00,1.3356106575999787e+01,1.3356106575999787e+01,1.3356106575999787e+01,1.3356106575999787e+01,1.3356106575999787e+01,1.1572797589033588e+01,1.1572797589033588e+01,1.0868332380123663e+01,0.0000000000000000e+00,1.0868332380123663e+01,9.6435775638351617e-01,1.1572797589033588e+01,1.3356106575999787e+01,9.4128535539690859e+00,4.6765001553193919e+00,2.7431077664639458e+00,9.4128535539690859e+00,8.0660024501220953e+00,1.1572797589033588e+01,1.2052676805589806e+01,1.0868332380123663e+01,6.4354697834794994e+00,8.0660024501220953e+00,1.2052676805589806e+01,3.7590548563241950e+00,2.7431077664639458e+00,1.3356106575999787e+01,1.3356106575999787e+01,3.7590548563241950e+00,0.0000000000000000e+00,1.3356106575999787e+01,1.3356106575999787e+01,1.1572797589033588e+01,1.3356106575999787e+01,8.0660024501220953e+00,3.7590548563241950e+00,1.5075685312881879e+01,1.5075685312881879e+01,2.7431077664639458e+00,2.7431077664639458e+00,1.0868332380123663e+01,2.7431077664639458e+00,1.3356106575999787e+01,1.3356106575999787e+01,7.9015277497746172e+00,3.7590548563241950e+00,1.2052676805589806e+01,1.3356106575999787e+01,9.6435775638351617e-01,1.2052676805589806e+01,3.7590548563241950e+00,1.3356106575999787e+01,9.6435775638351617e-01,1.5075685312881879e+01,0.0000000000000000e+00,9.6435775638351617e-01,3.7590548563241950e+00,7.9015277497746172e+00,1.5075685312881879e+01,9.6435775638351617e-01,1.5075685312881879e+01,1.3356106575999787e+01,1.3356106575999787e+01,1.9890006948610011e+00,9.6435775638351617e-01,3.7590548563241950e+00,1.3356106575999787e+01,1.5075685312881879e+01,1.0868332380123663e+01,3.7590548563241950e+00,3.7590548563241950e+00,8.0660024501220953e+00,0.0000000000000000e+00,6.4354697834794994e+00,1.9890006948610011e+00,5.6550302731668491e+00,7.9015277497746172e+00,1.1572797589033588e+01,2.7431077664639458e+00,3.7590548563241950e+00,2.7431077664639458e+00,2.7431077664639458e+00,8.0660024501220953e+00,1.9890006948610011e+00,1.1572797589033588e+01,1.3356106575999787e+01,7.9015277497746172e+00,1.0868332380123663e+01,4.6765001553193919e+00,0.0000000000000000e+00,5.6550302731668491e+00,1.3356106575999787e+01,1.2052676805589806e+01,9.4128535539690859e+00,9.6435775638351617e-01,1.3356106575999787e+01,9.4128535539690859e+00,1.3356106575999787e+01,6.4354697834794994e+00,0.0000000000000000e+00,1.3356106575999787e+01,9.4128535539690859e+00,7.9015277497746172e+00,8.0660024501220953e+00,1.3356106575999787e+01,1.3356106575999787e+01,6.4354697834794994e+00,3.7590548563241950e+00,9.4128535539690859e+00,3.7590548563241950e+00,9.4128535539690859e+00,9.4128535539690859e+00,9.4128535539690859e+00,7.9015277497746172e+00,1.1572797589033588e+01,1.0868332380123663e+01,9.4128535539690859e+00,6.4354697834794994e+00,9.4128535539690859e+00,1.3356106575999787e+01,1.2052676805589806e+01,1.1572797589033588e+01,8.0660024501220953e+00,1.3356106575999787e+01,5.6550302731668491e+00,1.1572797589033588e+01,1.1572797589033588e+01,1.1572797589033588e+01,9.4128535539690859e+00,1.1572797589033588e+01,1.3356106575999787e+01,7.9015277497746172e+00,9.6435775638351617e-01,1.1572797589033588e+01,1.0868332380123663e+01,5.6550302731668491e+00,9.6435775638351617e-01,3.7590548563241950e+00,1.1572797589033588e+01,1.1572797589033588e+01,9.4128535539690859e+00,9.4128535539690859e+00,9.4128535539690859e+00,3.7590548563241950e+00,5.6550302731668491e+00,1.1572797589033588e+01,1.3356106575999787e+01,1.3356106575999787e+01,1.3356106575999787e+01,1.5075685312881879e+01,1.3356106575999787e+01,7.9015277497746172e+00,3.7590548563241950e+00,1.3356106575999787e+01,1.0868332380123663e+01,1.0868332380123663e+01,5.6550302731668491e+00,4.6765001553193919e+00,5.6550302731668491e+00,1.3356106575999787e+01,3.7590548563241950e+00,1.3356106575999787e+01,9.4128535539690859e+00,9.4128535539690859e+00,1.1572797589033588e+01,2.7431077664639458e+00,7.9015277497746172e+00,1.3356106575999787e+01,1.2052676805589806e+01,1.3356106575999787e+01,7.9015277497746172e+00,1.3356106575999787e+01,4.6765001553193919e+00,1.3356106575999787e+01,2.7431077664639458e+00,1.3356106575999787e+01,1.0868332380123663e+01,1.3356106575999787e+01,1.3356106575999787e+01,1.2052676805589806e+01,1.3356106575999787e+01,1.1572797589033588e+01,9.4128535539690859e+00,5.6550302731668491e+00,9.4128535539690859e+00,1.3356106575999787e+01,5.6550302731668491e+00,5.6550302731668491e+00,3.7590548563241950e+00,7.9015277497746172e+00,9.4128535539690859e+00,1.1572797589033588e+01,1.3356106575999787e+01,1.3356106575999787e+01,1.3356106575999787e+01,4.6765001553193919e+00,9.4128535539690859e+00,1.2052676805589806e+01,4.6765001553193919e+00,1.1572797589033588e+01,1.1572797589033588e+01,5.6550302731668491e+00,1.1572797589033588e+01,8.0660024501220953e+00,8.0660024501220953e+00,1.3356106575999787e+01,6.4354697834794994e+00,9.6435775638351617e-01,5.6550302731668491e+00,1.1572797589033588e+01,1.1572797589033588e+01,1.1572797589033588e+01,3.7590548563241950e+00,1.5075685312881879e+01,1.3356106575999787e+01,1.3356106575999787e+01,1.1572797589033588e+01,5.6550302731668491e+00,1.1572797589033588e+01,5.6550302731668491e+00,9.4128535539690859e+00,1.3356106575999787e+01,0.0000000000000000e+00,1.5075685312881879e+01,6.4354697834794994e+00,1.5075685312881879e+01,1.5075685312881879e+01,1.5075685312881879e+01,1.5075685312881879e+01,1.5075685312881879e+01,1.5075685312881879e+01,6.4354697834794994e+00,6.4354697834794994e+00,0.0000000000000000e+00,4.6765001553193919e+00,2.7431077664639458e+00,1.1572797589033588e+01,3.7590548563241950e+00,1.3356106575999787e+01,9.6435775638351617e-01,5.6550302731668491e+00,1.3356106575999787e+01,1.3356106575999787e+01,1.3356106575999787e+01,1.2052676805589806e+01,5.6550302731668491e+00,7.9015277497746172e+00,5.6550302731668491e+00,1.3356106575999787e+01,1.9890006948610011e+00,1.1572797589033588e+01,7.9015277497746172e+00,6.4354697834794994e+00,5.6550302731668491e+00,6.4354697834794994e+00,1.3356106575999787e+01,1.0868332380123663e+01,5.6550302731668491e+00,1.1572797589033588e+01,8.0660024501220953e+00,5.6550302731668491e+00,7.9015277497746172e+00,7.9015277497746172e+00,4.6765001553193919e+00,4.6765001553193919e+00,1.1572797589033588e+01
4.9814376351232008e+00,1.2491482806521088e+01,3.6509643688817062e+00,6.2419560189468575e+00,4.9814376351232008e+00,6.2419560189468575e+00,4.9814376351232008e+00,6.2419560189468575e+00,5.2929321090984986e+00,5.2929321090984986e+00,5.2929321090984986e+00,4.9814376351232008e+00,5.2929321090984986e+00,5.2929321090984986e+00,4.9814376351232008e+00,8.7418570970488236e+00,5.2929321090984986e+00,8.9562520028455839e-01,1.0633448865891193e+01,1.0633448865891193e+01,1.0633448865891193e+01,8.7418570970488236e+00,5.2929321090984986e+00,3.6509643688817062e+00,5.2929321090984986e+00,5.2929321090984986e+00,4.9814376351232008e+00,8.7418570970488236e+00,7.8590670304273100e+00,7.8590670304273100e+00,5.2929321090984986e+00,5.2929321090984986e+00,5.2929321090984986e+00,5.2929321090984986e+00,1.0633448865891193e+01,8.7418570970488236e+00,7.8590670304273100e+00,1.3779377500990099e+01,1.3779377500990099e+01,8.7418570970488236e+00,1.3779377500990099e+01,1.3779377500990099e+01,1.2491482806521088e+01,8.9562520028455839e-01,1.3779377500990099e+01,4.9814376351232008e+00,1.0633448865891193e+01,0.0000000000000000e+00,1.3779377500990099e+01,1.3779377500990099e+01,1.3779377500990099e+01,1.3779377500990099e+01,5.2929321090984986e+00,3.6509643688817062e+00,1.3779377500990099e+01,1.3779377500990099e+01,1.2318542160429827e+01,1.2491482806521088e+01,1.0633448865891193e+01,1.0633448865891193e+01,1.2491482806521088e+01,1.3779377500990099e+01,8.7418570970488236e+00,7.8590670304273100e+00,1.2318542160429827e+01,2.8413606702337697e+00,1.1328969473022667e+01,1.1328969473022667e+01,8.9562520028455839e-01,6.2419560189468575e+00,1.0633448865891193e+01,6.2419560189468575e+00,7.4435538235490757e+00,7.4435538235490757e+00,7.4435538235490757e+00,1.1328969473022667e+01,8.9562520028455839e-01,4.9814376351232008e+00,6.2419560189468575e+00,6.2419560189468575e+00,1.3779377500990099e+01,5.2929321090984986e+00,4.9814376351232008e+00,1.8283863219757748e+00,6.2419560189468575e+00,4.9814376351232008e+00,1.3779377500990099e+01,1.1328969473022667e+01,1.2318542160429827e+01,1.2491482806521088e+01,1.0633448865891193e+01,1.3779377500990099e+01,8.9562520028455839e-01,1.3779377500990099e+01,1.3779377500990099e+01,5.2929321090984986e+00,5.2929321090984986e+00,8.9562520028455839e-01,1.1328969473022667e+01,0.0000000000000000e+00,2.8413606702337697e+00,0.0000000000000000e+00,1.1328969473022667e+01,1.2491482806521088e+01,4.9814376351232008e+00,8.9562520028455839e-01,1.1328969473022667e+01,1.0633448865891193e+01,6.2419560189468575e+00,1.2491482806521088e+01,3.6509643688817062e+00,1.2491482806521088e+01,1.2491482806521088e+01,1.2491482806521088e+01,3.6509643688817062e+00,1.2491482806521088e+01,8.7418570970488236e+00,1.0633448865891193e+01,6.2419560189468575e+00,1.2318542160429827e+01,1.2491482806521088e+01,1.3779377500990099e+01,1.0633448865891193e+01,1.0633448865891193e+01,4.9814376351232008e+00,1.3779377500990099e+01,6.2419560189468575e+00,8.9562520028455839e-01,4.9814376351232008e+00,4.9814376351232008e+00,1.2491482806521088e+01,1.2491482806521088e+01,7.8590670304273100e+00,6.2419560189468575e+00,7.4435538235490757e+00,3.6509643688817062e+00,0.0000000000000000e+00,7.4435538235490757e+00,7.8590670304273100e+00,6.2419560189468575e+00,1.2491482806521088e+01,6.2419560189468575e+00,6.2419560189468575e+00,2.8413606702337697e+00,1.2491482806521088e+01,4.9814376351232008e+00,1.2491482806521088e+01,1.2491482806521088e+01,1.3779377500990099e+01,7.8590670304273100e+00,6.2419560189468575e+00,1.3779377500990099e+01,1.2318542160429827e+01,1.2491482806521088e+01,7.4435538235490757e+00,7.4435538235490757e+00,2.8413606702337697e+00,6.2419560189468575e+00,3.6509643688817062e+00,1.2318542160429827e+01,1.3779377500990099e+01,1.3779377500990099e+01,1.3779377500990099e+01,7.8590670304273100e+00,6.2419560189468575e+00,1.3779377500990099e+01,8.7418570970488236e+00,1.1328969473022667e+01,8.7418570970488236e+00,8.7418570970488236e+00,7.8590670304273100e+00,1.3779377500990099e+01,1.2491482806521088e+01,6.2419560189468575e+00,1.2491482806521088e+01,2.8413606702337697e+00,1.8283863219757748e+00,6.2419560189468575e+00,7.4435538235490757e+00,0.0000000000000000e+00,1.1328969473022667e+01,1.1328969473022667e+01,6.2419560189468575e+00,4.9814376351232008e+00,1.1328969473022667e+01,1.1328969473022667e+01,1.3779377500990099e+01,3.6509643688817062e+00,1.2491482806521088e+01,1.8283863219757748e+00,1.2318542160429827e+01,1.2318542160429827e+01,1.3779377500990099e+01,0.0000000000000000e+00,5.2929321090984986e+00,8.7418570970488236e+00,7.8590670304273100e+00,1.3779377500990099e+01,1.3779377500990099e+01,7.8590670304273100e+00,1.2491482806521088e+01,3.6509643688817062e+00,1.3779377500990099e+01,1.2318542160429827e+01,7.8590670304273100e+00,6.2419560189468575e+00,1.2491482806521088e+01,3.6509643688817062e+00,3.6509643688817062e+00,8.9562520028455839e-01,1.2491482806521088e+01,8.7418570970488236e+00,1.8283863219757748e+00,1.2318542160429827e+01,0.0000000000000000e+00,3.6509643688817062e+00,8.9562520028455839e-01,1.3779377500990099e+01,1.2318542160429827e+01,1.2318542160429827e+01,1.2491482806521088e+01,1.2318542160429827e+01,1.8283863219757748e+00,3.6509643688817062e+00,1.3779377500990099e+01,1.3779377500990099e+01,1.0633448865891193e+01,1.0633448865891193e+01,3.6509643688817062e+00,1.0633448865891193e+01,1.0633448865891193e+01,8.7418570970488236e+00,8.7418570970488236e+00,3.6509643688817062e+00,1.2318542160429827e+01,8.9562520028455839e-01,2.8413606702337697e+00,7.4435538235490757e+00,4.9814376351232008e+00,4.9814376351232008e+00,3.6509643688817062e+00,6.2419560189468575e+00,6.2419560189468575e+00,8.7418570970488236e+00,8.7418570970488236e+00,1.3779377500990099e+01,8.7418570970488236e+00,8.7418570970488236e+00,4.9814376351232008e+00,8.7418570970488236e+00,2.8413606702337697e+00,1.2318542160429827e+01,6.2419560189468575e+00,1.3779377500990099e+01,8.7418570970488236e+00,1.2491482806521088e+01,4.9814376351232008e+00,7.4435538235490757e+00,1.3779377500990099e+01,1.1328969473022667e+01,1.3779377500990099e+01,7.4435538235490757e+00,1.8283863219757748e+00,1.1328969473022667e+01,7.4435538235490757e+00,7.4435538235490757e+00,7.4435538235490757e+00,1.2318542160429827e+01,1.1328969473022667e+01,1.0633448865891193e+01,0.0000000000000000e+00,6.2419560189468575e+00,1.2318542160429827e+01,3.6509643688817062e+00,7.4435538235490757e+00,1.3779377500990099e+01,4.9814376351232008e+00,1.3779377500990099e+01,8.7418570970488236e+00,7.4435538235490757e+00,7.4435538235490757e+00,8.9562520028455839e-01,1.0633448865891193e+01,1.0633448865891193e+01,6.2419560189468575e+00,4.9814376351232008e+00,4.9814376351232008e+00,8.7418570970488236e+00,8.7418570970488236e+00,1.2491482806521088e+01,8.7418570970488236e+00,8.7418570970488236e+00,8.7418570970488236e+00,1.2491482806521088e+01,1.1328969473022667e+01,1.8283863219757748e+00,4.9814376351232008e+00,4.9814376351232008e+00,8.7418570970488236e+00,1.2318542160429827e+01,7.4435538235490757e+00,1.2318542160429827e+01,5.2929321090984986e+00,1.2318542160429827e+01,1.1328969473022667e+01,7.8590670304273100e+00,4.9814376351232008e+00,7.8590670304273100e+00,1.3779377500990099e+01,6.2419560189468575e+00,7.4435538235490757e+00,2.8413606702337697e+00,1.3779377500990099e+01,3.6509643688817062e+00,1.3779377500990099e+01,1.3779377500990099e+01,1.2491482806521088e+01,1.3779377500990099e+01,8.7418570970488236e+00,1.8283863219757748e+00,7.8590670304273100e+00,1.3779377500990099e+01,1.2318542160429827e+01,0.0000000000000000e+00,1.2491482806521088e+01,1.2318542160429827e+01,1.3779377500990099e+01,1.1328969473022667e+01,2.8413606702337697e+00,1.3779377500990099e+01,3.6509643688817062e+00,1.2491482806521088e+01,1.2318542160429827e+01,7.4435538235490757e+00,1.2491482806521088e+01,1.1328969473022667e+01,1.3779377500990099e+01,1.8283863219757748e+00,7.4435538235490757e+00,1.1328969473022667e+01,1.2318542160429827e+01,8.7418570970488236e+00,8.7418570970488236e+00,6.2419560189468575e+00,1.2318542160429827e+01,1.2318542160429827e+01,1.3779377500990099e+01,8.7418570970488236e+00,1.8283863219757748e+00,1.3779377500990099e+01,5.2929321090984986e+00,7.4435538235490757e+00,7.4435538235490757e+00,1.3779377500990099e+01,4.9814376351232008e+00,8.7418570970488236e+00,1.3779377500990099e+01,8.7418570970488236e+00,8.7418570970488236e+00,1.3779377500990099e+01,1.3779377500990099e+01,1.3779377500990099e+01,1.3779377500990099e+01,6.2419560189468575e+00,1.3779377500990099e+01,1.2318542160429827e+01,1.2318542160429827e+01,1.2318542160429827e+01,7.8590670304273100e+00,8.7418570970488236e+00,8.7418570970488236e+00,6.2419560189468575e+00,6.2419560189468575e+00,7.8590670304273100e+00,2.8413606702337697e+00,8.9562520028455839e-01,5.2929321090984986e+00,1.0633448865891193e+01,1.0633448865891193e+01,1.0633448865891193e+01,1.3779377500990099e+01,1.0633448865891193e+01,1.0633448865891193e+01,4.9814376351232008e+00,1.8283863219757748e+00,1.2491482806521088e+01,6.2419560189468575e+00,6.2419560189468575e+00,1.2491482806521088e+01,6.2419560189468575e+00,7.8590670304273100e+00,6.2419560189468575e+00,1.3779377500990099e+01,1.3779377500990099e+01,2.8413606702337697e+00,6.2419560189468575e+00,1.1328969473022667e+01,1.0633448865891193e+01,1.1328969473022667e+01,1.0633448865891193e+01,1.0633448865891193e+01,1.0633448865891193e+01,2.8413606702337697e+00,7.8590670304273100e+00,8.7418570970488236e+00,8.7418570970488236e+00,7.8590670304273100e+00,0.0000000000000000e+00,8.7418570970488236e+00,7.4435538235490757e+00,7.4435538235490757e+00,8.7418570970488236e+00,1.2491482806521088e+01,2.8413606702337697e+00,8.7418570970488236e+00,6.2419560189468575e+00,8.9562520028455839e-01,6.2419560189468575e+00,1.2491482806521088e+01,1.1328969473022667e+01,1.1328969473022667e+01,1.3779377500990099e+01,1.2318542160429827e+01,7.4435538235490757e+00,6.2419560189468575e+00,8.7418570970488236e+00,1.2491482806521088e+01,4.9814376351232008e+00,6.2419560189468575e+00,1.2318542160429827e+01,7.8590670304273100e+00,8.7418570970488236e+00,2.8413606702337697e+00,1.0633448865891193e+01,1.2318542160429827e+01,8.7418570970488236e+00,1.0633448865891193e+01,1.0633448865891193e+01,1.2491482806521088e+01,1.2318542160429827e+01,1.0633448865891193e+01,8.9562520028455839e-01,1.3779377500990099e+01,1.0633448865891193e+01,1.0633448865891193e+01,6.2419560189468575e+00,8.7418570970488236e+00,8.7418570970488236e+00,8.7418570970488236e+00,8.9562520028455839e-01,1.0633448865891193e+01,8.7418570970488236e+00,1.0633448865891193e+01,8.7418570970488236e+00,1.8283863219757748e+00,1.0633448865891193e+01,8.9562520028455839e-01,1.2318542160429827e+01,1.3779377500990099e+01,3.6509643688817062e+00,8.9562520028455839e-01,3.6509643688817062e+00,1.3779377500990099e+01,3.6509643688817062e+00,8.7418570970488236e+00,3.6509643688817062e+00,6.2419560189468575e+00,3.6509643688817062e+00,7.8590670304273100e+00,1.0633448865891193e+01,1.3779377500990099e+01,8.7418570970488236e+00,1.3779377500990099e+01,3.6509643688817062e+00,1.3779377500990099e+01,1.3779377500990099e+01,1.3779377500990099e+01,8.7418570970488236e+00,1.8283863219757748e+00,1.1328969473022667e+01,1.1328969473022667e+01,1.3779377500990099e+01,1.8283863219757748e+00,2.8413606702337697e+00,1.3779377500990099e+01,8.9562520028455839e-01,1.3779377500990099e+01,1.3779377500990099e+01,1.3779377500990099e+01,1.8283863219757748e+00,2.8413606702337697e+00,1.3779377500990099e+01,1.0633448865891193e+01,1.3779377500990099e+01,1.3779377500990099e+01,1.3779377500990099e+01,6.2419560189468575e+00,8.7418570970488236e+00,1.1328969473022667e+01,1.1328969473022667e+01,1.3779377500990099e+01,1.2491482806521088e+01,1.2318542160429827e+01,1.3779377500990099e+01,2.8413606702337697e+00,7.8590670304273100e+00,5.2929321090984986e+00,7.8590670304273100e+00,8.7418570970488236e+00,8.7418570970488236e+00,1.2318542160429827e+01,1.3779377500990099e+01,1.0633448865891193e+01,7.8590670304273100e+00,8.7418570970488236e+00,1.2491482806521088e+01,1.0633448865891193e+01,8.9562520028455839e-01,7.4435538235490757e+00,5.2929321090984986e+00,7.4435538235490757e+00,7.8590670304273100e+00,7.4435538235490757e+00,7.4435538235490757e+00,8.9562520028455839e-01,1.0633448865891193e+01,7.4435538235490757e+00,6.2419560189468575e+00,1.2318542160429827e+01,1.0633448865891193e+01,2.8413606702337697e+00,7.4435538235490757e+00,8.7418570970488236e+00,6.2419560189468575e+00,6.2419560189468575e+00,1.3779377500990099e+01,7.4435538235490757e+00,1.3779377500990099e+01,0.0000000000000000e+00,1.2491482806521088e+01,1.2491482806521088e+01,1.3779377500990099e+01,7.4435538235490757e+00,5.2929321090984986e+00,1.8283863219757748e+00,8.7418570970488236e+00,7.8590670304273100e+00,8.9562520028455839e-01,1.3779377500990099e+01,5.2929321090984986e+00,3.6509643688817062e+00,1.3779377500990099e+01,8.7418570970488236e+00,1.3779377500990099e+01,6.2419560189468575e+00,8.7418570970488236e+00,8.7418570970488236e+00,1.0633448865891193e+01,8.7418570970488236e+00,1.1328969473022667e+01,1.0633448865891193e+01,0.0000000000000000e+00,1.3779377500990099e+01,1.2491482806521088e+01,1.2491482806521088e+01,1.2491482806521088e+01,1.2318542160429827e+01,1.2491482806521088e+01,1.1328969473022667e+01,1.2318542160429827e+01,1.1328969473022667e+01,1.0633448865891193e+01,1.2491482806521088e+01,1.1328969473022667e+01,0.0000000000000000e+00,1.2491482806521088e+01,1.3779377500990099e+01,3.6509643688817062e+00,1.3779377500990099e+01,1.2318542160429827e+01,7.4435538235490757e+00,1.3779377500990099e+01,1.0633448865891193e+01,6.2419560189468575e+00,1.2491482806521088e+01,1.2318542160429827e+01,7.8590670304273100e+00,1.2491482806521088e+01,6.2419560189468575e+00,2.8413606702337697e+00,1.2491482806521088e+01,4.9814376351232008e+00,5.2929321090984986e+00,1.0633448865891193e+01,5.2929321090984986e+00,5.2929321090984986e+00,1.3779377500990099e+01,1.3779377500990099e+01,7.8590670304273100e+00,1.2491482806521088e+01,4.9814376351232008e+00,1.2491482806521088e+01,8.7418570970488236e+00,1.3779377500990099e+01,4.9814376351232008e+00,1.0633448865891193e+01,0.0000000000000000e+00,1.3779377500990099e+01,6.2419560189468575e+00,1.0633448865891193e+01,7.8590670304273100e+00,7.8590670304273100e+00,2.8413606702337697e+00,1.0633448865891193e+01,1.0633448865891193e+01,1.0633448865891193e+01,6.2419560189468575e+00,1.2318542160429827e+01,1.3779377500990099e+01,1.2491482806521088e+01,1.3779377500990099e+01,0.0000000000000000e+00,4.9814376351232008e+00,6.2419560189468575e+00,1.3779377500990099e+01,1.3779377500990099e+01,1.2491482806521088e+01,1.1328969473022667e+01,1.2491482806521088e+01,1.2491482806521088e+01,8.7418570970488236e+00,1.2491482806521088e+01,1.2491482806521088e+01,1.2491482806521088e+01,3.6509643688817062e+00,1.1328969473022667e+01,7.8590670304273100e+00,0.0000000000000000e+00,1.1328969473022667e+01,5.2929321090984986e+00,1.0633448865891193e+01,1.3779377500990099e+01,4.9814376351232008e+00,7.8590670304273100e+00,1.1328969473022667e+01,1.2318542160429827e+01,4.9814376351232008e+00,0.0000000000000000e+00,1.1328969473022667e+01,1.1328969473022667e+01,2.8413606702337697e+00,7.8590670304273100e+00,1.3779377500990099e+01,1.1328969473022667e+01,1.3779377500990099e+01,1.3779377500990099e+01,3.6509643688817062e+00,6.2419560189468575e+00,1.2318542160429827e+01,7.4435538235490757e+00,1.2318542160429827e+01,1.0633448865891193e+01,1.2491482806521088e+01,1.1328969473022667e+01,7.8590670304273100e+00,4.9814376351232008e+00,3.6509643688817062e+00,1.3779377500990099e+01,1.2318542160429827e+01,6.2419560189468575e+00,1.3779377500990099e+01,1.3779377500990099e+01,1.2491482806521088e+01,1.3779377500990099e+01,1.3779377500990099e+01,1.3779377500990099e+01,1.3779377500990099e+01,1.3779377500990099e+01,1.3779377500990099e+01,8.7418570970488236e+00,0.0000000000000000e+00,3.6509643688817062e+00,1.3779377500990099e+01,1.2491482806521088e+01,1.2318542160429827e+01,1.2491482806521088e+01,1.2318542160429827e+01,5.2929321090984986e+00,7.4435538235490757e+00,1.3779377500990099e+01,1.3779377500990099e+01,1.1328969473022667e+01,1.2491482806521088e+01,1.2491482806521088e+01,1.1328969473022667e+01,5.2929321090984986e+00,7.8590670304273100e+00,8.7418570970488236e+00,1.8283863219757748e+00,1.0633448865891193e+01,1.2491482806521088e+01,1.1328969473022667e+01,8.7418570970488236e+00,2.8413606702337697e+00,6.2419560189468575e+00,6.2419560189468575e+00,2.8413606702337697e+00,2.8413606702337697e+00,8.7418570970488236e+00,8.7418570970488236e+00,1.1328969473022667e+01,4.9814376351232008e+00,1.1328969473022667e+01,1.2491482806521088e+01,7.8590670304273100e+00,1.1328969473022667e+01,1.1328969473022667e+01,7.4435538235490757e+00,1.1328969473022667e+01,1.1328969473022667e+01,1.1328969473022667e+01,1.1328969473022667e+01,1.3779377500990099e+01,1.3779377500990099e+01,1.0633448865891193e+01,8.7418570970488236e+00,1.2491482806521088e+01,1.1328969473022667e+01,0.0000000000000000e+00,4.9814376351232008e+00,1.3779377500990099e+01,1.3779377500990099e+01,1.1328969473022667e+01,1.1328969473022667e+01,1.0633448865891193e+01,7.4435538235490757e+00,7.4435538235490757e+00,1.3779377500990099e+01,1.1328969473022667e+01,7.4435538235490757e+00,5.2929321090984986e+00,8.9562520028455839e-01,1.3779377500990099e+01,1.2318542160429827e+01,2.8413606702337697e+00,8.7418570970488236e+00,1.1328969473022667e+01,1.1328969473022667e+01,1.3779377500990099e+01,4.9814376351232008e+00,1.1328969473022667e+01,1.3779377500990099e+01,1.2491482806521088e+01,1.3779377500990099e+01,1.3779377500990099e+01,6.2419560189468575e+00,6.2419560189468575e+00,6.2419560189468575e+00,1.8283863219757748e+00,1.8283863219757748e+00,7.4435538235490757e+00,6.2419560189468575e+00,1.1328969473022667e+01,1.2318542160429827e+01,0.0000000000000000e+00,8.9562520028455839e-01,6.2419560189468575e+00,1.3779377500990099e+01,6.2419560189468575e+00,7.4435538235490757e+00,7.4435538235490757e+00,6.2419560189468575e+00,8.7418570970488236e+00,1.2318542160429827e+01,3.6509643688817062e+00,3.6509643688817062e+00,7.4435538235490757e+00,1.3779377500990099e+01,1.2491482806521088e+01,6.2419560189468575e+00,1.3779377500990099e+01,7.4435538235490757e+00,1.2318542160429827e+01,1.3779377500990099e+01,7.4435538235490757e+00,1.1328969473022667e+01,1.2318542160429827e+01,1.0633448865891193e+01,1.2318542160429827e+01,1.3779377500990099e+01,1.1328969473022667e+01,1.1328969473022667e+01,1.1328969473022667e+01,1.3779377500990099e+01,1.1328969473022667e+01,1.3779377500990099e+01,1.1328969473022667e+01,8.7418570970488236e+00,1.2491482806521088e+01,1.1328969473022667e+01,7.4435538235490757e+00,1.1328969473022667e+01,1.1328969473022667e+01,7.4435538235490757e+00,1.3779377500990099e+01,1.3779377500990099e+01,1.3779377500990099e+01,1.3779377500990099e+01,1.1328969473022667e+01,1.1328969473022667e+01,0.0000000000000000e+00,1.1328969473022667e+01,1.2491482806521088e+01,5.2929321090984986e+00,1.1328969473022667e+01,4.9814376351232008e+00,1.1328969473022667e+01,1.3779377500990099e+01,3.6509643688817062e+00,3.6509643688817062e+00,0.0000000000000000e+00,1.0633448865891193e+01,7.4435538235490757e+00,4.9814376351232008e+00,1.2491482806521088e+01,7.4435538235490757e+00,1.2491482806521088e+01,7.4435538235490757e+00,1.3779377500990099e+01,3.6509643688817062e+00,1.3779377500990099e+01,8.7418570970488236e+00,7.8590670304273100e+00,1.2491482806521088e+01,1.3779377500990099e+01,1.0633448865891193e+01,1.2491482806521088e+01,1.0633448865891193e+01,1.2318542160429827e+01,1.1328969473022667e+01,1.1328969473022667e+01,1.8283863219757748e+00,1.1328969473022667e+01,5.2929321090984986e+00,6.2419560189468575e+00,7.8590670304273100e+00,1.0633448865891193e+01,1.8283863219757748e+00,2.8413606702337697e+00,8.7418570970488236e+00,1.3779377500990099e+01,8.9562520028455839e-01,1.3779377500990099e+01,1.3779377500990099e+01,1.3779377500990099e+01,1.1328969473022667e+01,1.3779377500990099e+01,1.0633448865891193e+01,8.7418570970488236e+00,7.8590670304273100e+00,7.8590670304273100e+00,7.4435538235490757e+00,8.7418570970488236e+00,7.8590670304273100e+00,1.3779377500990099e+01,7.8590670304273100e+00,6.2419560189468575e+00,1.0633448865891193e+01,1.3779377500990099e+01,8.9562520028455839e-01,3.6509643688817062e+00,1.3779377500990099e+01,1.2318542160429827e+01,0.0000000000000000e+00,1.1328969473022667e+01,1.2491482806521088e+01,1.3779377500990099e+01,7.4435538235490757e+00,1.2491482806521088e+01,7.8590670304273100e+00,1.2491482806521088e+01,6.2419560189468575e+00,8.7418570970488236e+00,8.7418570970488236e+00,1.3779377500990099e+01,1.3779377500990099e+01,1.1328969473022667e+01,1.3779377500990099e+01,7.8590670304273100e+00,1.0633448865891193e+01,7.8590670304273100e+00,1.0633448865891193e+01,1.3779377500990099e+01,7.8590670304273100e+00,8.7418570970488236e+00,1.3779377500990099e+01,1.3779377500990099e+01,1.3779377500990099e+01,6.2419560189468575e+00,4.9814376351232008e+00,1.2491482806521088e+01,5.2929321090984986e+00,1.2491482806521088e+01,1.3779377500990099e+01,1.3779377500990099e+01,1.3779377500990099e+01,8.7418570970488236e+00,1.3779377500990099e+01,1.1328969473022667e+01,6.2419560189468575e+00,6.2419560189468575e+00,1.1328969473022667e+01,4.9814376351232008e+00,8.7418570970488236e+00,2.8413606702337697e+00,8.7418570970488236e+00,4.9814376351232008e+00,1.1328969473022667e+01,8.7418570970488236e+00,1.2318542160429827e+01,1.2318542160429827e+01,8.7418570970488236e+00,1.0633448865891193e+01,1.0633448865891193e+01,1.2318542160429827e+01,1.3779377500990099e+01,6.2419560189468575e+00,1.2318542160429827e+01,7.8590670304273100e+00,1.0633448865891193e+01,1.2318542160429827e+01,1.2318542160429827e+01,1.0633448865891193e+01,1.2318542160429827e+01,1.3779377500990099e+01,5.2929321090984986e+00,5.2929321090984986e+00,1.2491482806521088e+01,7.4435538235490757e+00,1.3779377500990099e+01,1.2491482806521088e+01,5.2929321090984986e+00,4.9814376351232008e+00,1.2491482806521088e+01,1.3779377500990099e+01,8.9562520028455839e-01,2.8413606702337697e+00,6.2419560189468575e+00,1.2318542160429827e+01,1.2318542160429827e+01,1.0633448865891193e+01,1.2318542160429827e+01,1.3779377500990099e+01,7.8590670304273100e+00,7.4435538235490757e+00,1.1328969473022667e+01,1.1328969473022667e+01,3.6509643688817062e+00,1.0633448865891193e+01,0.0000000000000000e+00,7.8590670304273100e+00,1.0633448865891193e+01,1.2491482806521088e+01,1.2491482806521088e+01,1.1328969473022667e+01,1.2491482806521088e+01,1.2491482806521088e+01,1.2491482806521088e+01,1.2491482806521088e+01,7.4435538235490757e+00,8.7418570970488236e+00,1.2318542160429827e+01,1.2318542160429827e+01,1.3779377500990099e+01,1.1328969473022667e+01,1.0633448865891193e+01,1.2318542160429827e+01,1.3779377500990099e+01,1.3779377500990099e+01,1.0633448865891193e+01,3.6509643688817062e+00,1.0633448865891193e+01,1.2491482806521088e+01,1.2491482806521088e+01,1.0633448865891193e+01,7.4435538235490757e+00,8.7418570970488236e+00,1.2318542160429827e+01,7.4435538235490757e+00,7.8590670304273100e+00,5.2929321090984986e+00,1.0633448865891193e+01,1.0633448865891193e+01,1.2318542160429827e+01,1.2318542160429827e+01,4.9814376351232008e+00,7.4435538235490757e+00,4.9814376351232008e+00,1.0633448865891193e+01,1.3779377500990099e+01
3.6167979400797905e+00,9.4412508504871688e+00,9.4412508504871688e+00,8.5604599070672116e-01,9.4412508504871688e+00,9.4412508504871688e+00,4.5598130781194524e+00,9.4412508504871688e+00,8.5604599070672116e-01,9.4412508504871688e+00,4.5598130781194524e+00,9.4412508504871688e+00,8.5604599070672116e-01,3.6167979400797905e+00,8.5604599070672116e-01,3.6167979400797905e+00,9.4412508504871688e+00,9.4412508504871688e+00,1.3375505966452346e+01,1.9503780534858361e+00,3.6167979400797905e+00,1.1039002074447147e+01,1.3375505966452346e+01,1.3375505966452346e+01,1.3375505966452346e+01,1.3375505966452346e+01,4.5598130781194524e+00,7.5970702759848079e+00,0.0000000000000000e+00,1.3375505966452346e+01,7.5970702759848079e+00,1.3375505966452346e+01,6.2650057527550214e+00,3.0580084501945581e+00,1.3375505966452346e+01,9.4412508504871688e+00,1.4084290079465982e+01,9.4412508504871688e+00,9.4412508504871688e+00,9.4412508504871688e+00,9.4412508504871688e+00,9.4412508504871688e+00,7.3889940372275378e+00,9.4412508504871688e+00,4.5598130781194524e+00,0.0000000000000000e+00,1.3375505966452346e+01,1.4084290079465982e+01,9.4412508504871688e+00,9.5614975042055441e+00,9.5614975042055441e+00,7.5970702759848079e+00,9.5614975042055441e+00,4.5598130781194524e+00,6.2650057527550214e+00,1.9503780534858361e+00,3.6167979400797905e+00,7.5970702759848079e+00,1.1039002074447147e+01,4.5598130781194524e+00,9.5894891004968450e+00,1.3375505966452346e+01,9.4412508504871688e+00,1.3375505966452346e+01,3.0580084501945581e+00,1.9503780534858361e+00,9.4412508504871688e+00,1.3375505966452346e+01,1.1039002074447147e+01,9.4412508504871688e+00,7.5970702759848079e+00,1.9503780534858361e+00,9.4412508504871688e+00,9.4412508504871688e+00,1.4084290079465982e+01,1.4084290079465982e+01,4.5598130781194524e+00,6.2650057527550214e+00,8.5604599070672116e-01,6.2650057527550214e+00,3.6167979400797905e+00,9.4412508504871688e+00,1.1039002074447147e+01,1.1039002074447147e+01,1.1039002074447147e+01,0.0000000000000000e+00,1.3375505966452346e+01,1.4084290079465982e+01,1.1039002074447147e+01,1.9503780534858361e+00,1.4084290079465982e+01,1.4084290079465982e+01,3.0580084501945581e+00,1.1061132085077899e+01,1.4084290079465982e+01,9.4412508504871688e+00,7.3889940372275378e+00,4.5598130781194524e+00,9.4412508504871688e+00,3.6167979400797905e+00,3.6167979400797905e+00,1.9503780534858361e+00,6.2650057527550214e+00,3.0580084501945581e+00,9.4412508504871688e+00,9.4412508504871688e+00,9.4412508504871688e+00,9.5614975042055441e+00,3.0580084501945581e+00,1.3375505966452346e+01,1.1039002074447147e+01,1.1039002074447147e+01,9.4412508504871688e+00,1.1039002074447147e+01,4.5598130781194524e+00,8.5604599070672116e-01,1.1039002074447147e+01,1.1039002074447147e+01,9.5614975042055441e+00,1.1039002074447147e+01,4.5598130781194524e+00,1.1061132085077899e+01,1.3375505966452346e+01,3.0580084501945581e+00,7.3889940372275378e+00,9.5614975042055441e+00,1.4084290079465982e+01,1.9503780534858361e+00,3.0580084501945581e+00,4.5598130781194524e+00,1.1039002074447147e+01,3.0580084501945581e+00,1.1039002074447147e+01,3.6167979400797905e+00,1.4084290079465982e+01,4.5598130781194524e+00,0.0000000000000000e+00,1.4084290079465982e+01,3.0580084501945581e+00,9.5894891004968450e+00,1.1039002074447147e+01,9.5614975042055441e+00,9.5614975042055441e+00,7.3889940372275378e+00,9.5614975042055441e+00,4.5598130781194524e+00,1.3375505966452346e+01,9.4412508504871688e+00,9.5894891004968450e+00,1.1061132085077899e+01,8.5604599070672116e-01,6.2650057527550214e+00,0.0000000000000000e+00,7.3889940372275378e+00,7.3889940372275378e+00,1.1039002074447147e+01,9.5894891004968450e+00,9.4412508504871688e+00,1.1061132085077899e+01,8.5604599070672116e-01,1.3375505966452346e+01,9.5614975042055441e+00,1.1061132085077899e+01,1.3375505966452346e+01,9.5614975042055441e+00,7.3889940372275378e+00,1.9503780534858361e+00,1.1039002074447147e+01,1.1039002074447147e+01,6.2650057527550214e+00,1.1039002074447147e+01,1.3375505966452346e+01,1.3375505966452346e+01,1.9503780534858361e+00,7.3889940372275378e+00,1.1061132085077899e+01,1.4084290079465982e+01,9.5894891004968450e+00,1.1061132085077899e+01,4.5598130781194524e+00,9.5894891004968450e+00,1.3375505966452346e+01,7.3889940372275378e+00,9.4412508504871688e+00,3.0580084501945581e+00,1.1039002074447147e+01,3.0580084501945581e+00,7.5970702759848079e+00,3.0580084501945581e+00,1.4084290079465982e+01,1.1061132085077899e+01,9.4412508504871688e+00,1.9503780534858361e+00,3.6167979400797905e+00,3.0580084501945581e+00,7.5970702759848079e+00,9.4412508504871688e+00,1.3375505966452346e+01,1.3375505966452346e+01,1.3375505966452346e+01,1.3375505966452346e+01,3.0580084501945581e+00,0.0000000000000000e+00,3.6167979400797905e+00,1.3375505966452346e+01,7.3889940372275378e+00,1.4084290079465982e+01,6.2650057527550214e+00,9.5614975042055441e+00,9.5614975042055441e+00,9.5614975042055441e+00,1.3375505966452346e+01,1.3375505966452346e+01,1.3375505966452346e+01,1.3375505966452346e+01,1.3375505966452346e+01,7.5970702759848079e+00,9.5614975042055441e+00,9.5614975042055441e+00,1.9503780534858361e+00,1.3375505966452346e+01,9.5614975042055441e+00,1.3375505966452346e+01,1.3375505966452346e+01,3.6167979400797905e+00,1.1039002074447147e+01,1.1061132085077899e+01,7.3889940372275378e+00,1.1039002074447147e+01,7.3889940372275378e+00,1.1039002074447147e+01,8.5604599070672116e-01,1.4084290079465982e+01,1.3375505966452346e+01,9.5614975042055441e+00,1.1039002074447147e+01,9.5614975042055441e+00,0.0000000000000000e+00,1.4084290079465982e+01,9.5614975042055441e+00,3.0580084501945581e+00,3.0580084501945581e+00,1.4084290079465982e+01,1.4084290079465982e+01,1.4084290079465982e+01,1.9503780534858361e+00,9.5614975042055441e+00,7.5970702759848079e+00,9.5894891004968450e+00,9.4412508504871688e+00,4.5598130781194524e+00,9.5894891004968450e+00,1.4084290079465982e+01,9.4412508504871688e+00,1.4084290079465982e+01,6.2650057527550214e+00,9.4412508504871688e+00,6.2650057527550214e+00,1.3375505966452346e+01,8.5604599070672116e-01,3.6167979400797905e+00,7.5970702759848079e+00,7.5970702759848079e+00,1.4084290079465982e+01,6.2650057527550214e+00,6.2650057527550214e+00,1.4084290079465982e+01,3.0580084501945581e+00,1.4084290079465982e+01,8.5604599070672116e-01,1.1039002074447147e+01,1.1039002074447147e+01,1.4084290079465982e+01,1.1039002074447147e+01,9.4412508504871688e+00,8.5604599070672116e-01,1.1039002074447147e+01,8.5604599070672116e-01,6.2650057527550214e+00,1.1039002074447147e+01,4.5598130781194524e+00,7.3889940372275378e+00,8.5604599070672116e-01,1.1039002074447147e+01,3.6167979400797905e+00,1.1039002074447147e+01,1.1039002074447147e+01,6.2650057527550214e+00,1.1039002074447147e+01,1.1061132085077899e+01,1.4084290079465982e+01,4.5598130781194524e+00,7.5970702759848079e+00,4.5598130781194524e+00,1.1061132085077899e+01,1.4084290079465982e+01,1.4084290079465982e+01,3.6167979400797905e+00,7.5970702759848079e+00,7.5970702759848079e+00,0.0000000000000000e+00,1.1061132085077899e+01,1.4084290079465982e+01,7.5970702759848079e+00,9.4412508504871688e+00,1.9503780534858361e+00,8.5604599070672116e-01,1.4084290079465982e+01,9.4412508504871688e+00,7.5970702759848079e+00,4.5598130781194524e+00,1.1061132085077899e+01,9.4412508504871688e+00,1.3375505966452346e+01,8.5604599070672116e-01,3.6167979400797905e+00,7.5970702759848079e+00,6.2650057527550214e+00,1.1061132085077899e+01,8.5604599070672116e-01,4.5598130781194524e+00,9.4412508504871688e+00,9.4412508504871688e+00,1.1061132085077899e+01,1.3375505966452346e+01,3.0580084501945581e+00,0.0000000000000000e+00,7.5970702759848079e+00,7.5970702759848079e+00,7.5970702759848079e+00,1.1061132085077899e+01,9.5614975042055441e+00,1.4084290079465982e+01,1.9503780534858361e+00,1.3375505966452346e+01,9.4412508504871688e+00,1.1039002074447147e+01,1.1039002074447147e+01,1.4084290079465982e+01,6.2650057527550214e+00,0.0000000000000000e+00,7.5970702759848079e+00,1.1061132085077899e+01,4.5598130781194524e+00,1.4084290079465982e+01,9.4412508504871688e+00,1.4084290079465982e+01,4.5598130781194524e+00,1.1039002074447147e+01,1.1039002074447147e+01,4.5598130781194524e+00,1.1039002074447147e+01,1.4084290079465982e+01,1.4084290079465982e+01,1.4084290079465982e+01,9.5894891004968450e+00,1.4084290079465982e+01,1.4084290079465982e+01,3.0580084501945581e+00,1.4084290079465982e+01,1.1039002074447147e+01,1.4084290079465982e+01,1.4084290079465982e+01,8.5604599070672116e-01,1.9503780534858361e+00,1.4084290079465982e+01,4.5598130781194524e+00,9.5894891004968450e+00,3.6167979400797905e+00,6.2650057527550214e+00,9.4412508504871688e+00,9.5614975042055441e+00,6.2650057527550214e+00,7.3889940372275378e+00,1.4084290079465982e+01,1.4084290079465982e+01,9.4412508504871688e+00,7.3889940372275378e+00,4.5598130781194524e+00,1.4084290079465982e+01,1.4084290079465982e+01,3.0580084501945581e+00,7.3889940372275378e+00,6.2650057527550214e+00,1.4084290079465982e+01,1.4084290079465982e+01,1.4084290079465982e+01,7.3889940372275378e+00,9.5894891004968450e+00,9.5894891004968450e+00,9.4412508504871688e+00,3.6167979400797905e+00,0.0000000000000000e+00,9.4412508504871688e+00,6.2650057527550214e+00,1.1061132085077899e+01,9.4412508504871688e+00,9.5894891004968450e+00,9.4412508504871688e+00,1.4084290079465982e+01,1.1039002074447147e+01,6.2650057527550214e+00,0.0000000000000000e+00,1.3375505966452346e+01,4.5598130781194524e+00,9.4412508504871688e+00,1.3375505966452346e+01,0.0000000000000000e+00,6.2650057527550214e+00,6.2650057527550214e+00,9.5614975042055441e+00,7.3889940372275378e+00,1.3375505966452346e+01,9.5614975042055441e+00,1.3375505966452346e+01,0.0000000000000000e+00,0.0000000000000000e+00,9.4412508504871688e+00,7.5970702759848079e+00,4.5598130781194524e+00,9.5894891004968450e+00,1.4084290079465982e+01,1.1061132085077899e+01,9.5894891004968450e+00,1.4084290079465982e+01,6.2650057527550214e+00,6.2650057527550214e+00,1.4084290079465982e+01,7.3889940372275378e+00,1.4084290079465982e+01,7.5970702759848079e+00,1.4084290079465982e+01,1.1061132085077899e+01,4.5598130781194524e+00,1.4084290079465982e+01,1.1039002074447147e+01,9.4412508504871688e+00,9.4412508504871688e+00,9.4412508504871688e+00,1.1061132085077899e+01,7.5970702759848079e+00,3.0580084501945581e+00,1.1061132085077899e+01,3.0580084501945581e+00,7.3889940372275378e+00,1.1061132085077899e+01,3.6167979400797905e+00,9.5614975042055441e+00,1.1061132085077899e+01,1.1061132085077899e+01,1.1061132085077899e+01,1.1039002074447147e+01,1.4084290079465982e+01,1.1039002074447147e+01,1.4084290079465982e+01,9.5614975042055441e+00,1.1061132085077899e+01,8.5604599070672116e-01,4.5598130781194524e+00,4.5598130781194524e+00,4.5598130781194524e+00,1.9503780534858361e+00,1.1061132085077899e+01,1.1039002074447147e+01,1.9503780534858361e+00,1.4084290079465982e+01,1.1039002074447147e+01,4.5598130781194524e+00,3.0580084501945581e+00,1.3375505966452346e+01,1.1061132085077899e+01,1.9503780534858361e+00,1.4084290079465982e+01,9.4412508504871688e+00,3.6167979400797905e+00,1.3375505966452346e+01,6.2650057527550214e+00,1.1061132085077899e+01,1.1039002074447147e+01,1.9503780534858361e+00,1.9503780534858361e+00,4.5598130781194524e+00,1.1039002074447147e+01,9.5614975042055441e+00,1.1039002074447147e+01,1.1039002074447147e+01,1.3375505966452346e+01,1.1039002074447147e+01,1.1039002074447147e+01,1.1039002074447147e+01,3.6167979400797905e+00,9.5894891004968450e+00,1.4084290079465982e+01,1.1039002074447147e+01,6.2650057527550214e+00,4.5598130781194524e+00,1.9503780534858361e+00,1.4084290079465982e+01,1.3375505966452346e+01,6.2650057527550214e+00,6.2650057527550214e+00,1.9503780534858361e+00,0.0000000000000000e+00,1.1039002074447147e+01,1.4084290079465982e+01,3.0580084501945581e+00,1.1039002074447147e+01,1.3375505966452346e+01,1.3375505966452346e+01,1.1039002074447147e+01,1.1061132085077899e+01,1.4084290079465982e+01,1.4084290079465982e+01,1.3375505966452346e+01,1.3375505966452346e+01,1.3375505966452346e+01,1.3375505966452346e+01,9.4412508504871688e+00,1.1039002074447147e+01,9.4412508504871688e+00,1.4084290079465982e+01,1.1061132085077899e+01,1.1039002074447147e+01,7.3889940372275378e+00,3.0580084501945581e+00,7.5970702759848079e+00,9.5614975042055441e+00,9.4412508504871688e+00,9.4412508504871688e+00,7.3889940372275378e+00,1.3375505966452346e+01,1.1039002074447147e+01,9.5614975042055441e+00,1.3375505966452346e+01,1.3375505966452346e+01,1.1039002074447147e+01,7.5970702759848079e+00,3.0580084501945581e+00,8.5604599070672116e-01,1.3375505966452346e+01,1.3375505966452346e+01,1.3375505966452346e+01,9.4412508504871688e+00,3.6167979400797905e+00,9.4412508504871688e+00,1.4084290079465982e+01,9.4412508504871688e+00,7.3889940372275378e+00,1.4084290079465982e+01,9.4412508504871688e+00,3.0580084501945581e+00,1.1039002074447147e+01,9.4412508504871688e+00,1.1039002074447147e+01,9.5614975042055441e+00,7.3889940372275378e+00,1.9503780534858361e+00,1.1061132085077899e+01,7.3889940372275378e+00,9.5614975042055441e+00,1.1061132085077899e+01,1.4084290079465982e+01,1.4084290079465982e+01,1.3375505966452346e+01,4.5598130781194524e+00,1.4084290079465982e+01,1.3375505966452346e+01,1.3375505966452346e+01,1.4084290079465982e+01,1.4084290079465982e+01,9.5614975042055441e+00,1.1061132085077899e+01,9.5614975042055441e+00,9.4412508504871688e+00,6.2650057527550214e+00,1.4084290079465982e+01,6.2650057527550214e+00,4.5598130781194524e+00,1.3375505966452346e+01,7.5970702759848079e+00,4.5598130781194524e+00,6.2650057527550214e+00,3.0580084501945581e+00,9.4412508504871688e+00,3.0580084501945581e+00,6.2650057527550214e+00,6.2650057527550214e+00,9.5894891004968450e+00,3.0580084501945581e+00,7.3889940372275378e+00,7.5970702759848079e+00,4.5598130781194524e+00,4.5598130781194524e+00,1.1039002074447147e+01,1.1039002074447147e+01,7.5970702759848079e+00,7.5970702759848079e+00,9.4412508504871688e+00,1.3375505966452346e+01,1.4084290079465982e+01,9.5614975042055441e+00,9.5614975042055441e+00,3.0580084501945581e+00,1.3375505966452346e+01,7.3889940372275378e+00,9.5614975042055441e+00,4.5598130781194524e+00,1.3375505966452346e+01,7.3889940372275378e+00,6.2650057527550214e+00,1.4084290079465982e+01,1.4084290079465982e+01,9.4412508504871688e+00,1.4084290079465982e+01,6.2650057527550214e+00,1.4084290079465982e+01,6.2650057527550214e+00,6.2650057527550214e+00,1.4084290079465982e+01,6.2650057527550214e+00,8.5604599070672116e-01,1.4084290079465982e+01,7.5970702759848079e+00,1.3375505966452346e+01,7.3889940372275378e+00,3.6167979400797905e+00,1.9503780534858361e+00,1.1061132085077899e+01,1.4084290079465982e+01,7.3889940372275378e+00,7.3889940372275378e+00,7.3889940372275378e+00,3.0580084501945581e+00,7.5970702759848079e+00,1.4084290079465982e+01,1.3375505966452346e+01,7.3889940372275378e+00,1.3375505966452346e+01,1.1039002074447147e+01,1.4084290079465982e+01,1.4084290079465982e+01,7.3889940372275378e+00,7.3889940372275378e+00,6.2650057527550214e+00,6.2650057527550214e+00,1.3375505966452346e+01,3.0580084501945581e+00,1.9503780534858361e+00,7.3889940372275378e+00,1.3375505966452346e+01,7.3889940372275378e+00,6.2650057527550214e+00,9.4412508504871688e+00,4.5598130781194524e+00,0.0000000000000000e+00,3.6167979400797905e+00,1.4084290079465982e+01,1.3375505966452346e+01,4.5598130781194524e+00,1.3375505966452346e+01,0.0000000000000000e+00,1.4084290079465982e+01,1.4084290079465982e+01,9.5614975042055441e+00,1.4084290079465982e+01,4.5598130781194524e+00,1.4084290079465982e+01,7.5970702759848079e+00,7.5970702759848079e+00,1.4084290079465982e+01,1.4084290079465982e+01,9.5614975042055441e+00,9.5614975042055441e+00,4.5598130781194524e+00,1.4084290079465982e+01,1.4084290079465982e+01,1.3375505966452346e+01,1.4084290079465982e+01,3.6167979400797905e+00,1.1039002074447147e+01,1.3375505966452346e+01,1.3375505966452346e+01,1.1039002074447147e+01,1.4084290079465982e+01,1.3375505966452346e+01,1.1039002074447147e+01,1.9503780534858361e+00,1.9503780534858361e+00,1.4084290079465982e+01,6.2650057527550214e+00,1.4084290079465982e+01,1.4084290079465982e+01,1.4084290079465982e+01,1.4084290079465982e+01,1.4084290079465982e+01,7.3889940372275378e+00,1.4084290079465982e+01,1.4084290079465982e+01,7.5970702759848079e+00,4.5598130781194524e+00,4.5598130781194524e+00,1.3375505966452346e+01,1.3375505966452346e+01,7.3889940372275378e+00,1.1061132085077899e+01,6.2650057527550214e+00,0.0000000000000000e+00,9.5894891004968450e+00,3.6167979400797905e+00,3.0580084501945581e+00,1.1061132085077899e+01,1.1061132085077899e+01,1.4084290079465982e+01,3.0580084501945581e+00,1.3375505966452346e+01,3.0580084501945581e+00,1.1061132085077899e+01,1.1061132085077899e+01,1.1039002074447147e+01,9.5614975042055441e+00,9.5614975042055441e+00,1.3375505966452346e+01,1.4084290079465982e+01,7.3889940372275378e+00,7.3889940372275378e+00,7.5970702759848079e+00,8.5604599070672116e-01,1.1039002074447147e+01,3.0580084501945581e+00,1.4084290079465982e+01,1.4084290079465982e+01,9.4412508504871688e+00,9.4412508504871688e+00,1.4084290079465982e+01,1.3375505966452346e+01,3.6167979400797905e+00,7.3889940372275378e+00,7.3889940372275378e+00,3.6167979400797905e+00,9.5894891004968450e+00,9.5894891004968450e+00,9.4412508504871688e+00,9.5614975042055441e+00,9.5614975042055441e+00,3.6167979400797905e+00,1.4084290079465982e+01,4.5598130781194524e+00,4.5598130781194524e+00,0.0000000000000000e+00,1.4084290079465982e+01,1.1061132085077899e+01,8.5604599070672116e-01,1.1061132085077899e+01,1.1061132085077899e+01,9.4412508504871688e+00,9.4412508504871688e+00,9.4412508504871688e+00,9.4412508504871688e+00,1.1061132085077899e+01,8.5604599070672116e-01,1.1061132085077899e+01,1.1061132085077899e+01,6.2650057527550214e+00,4.5598130781194524e+00,1.1039002074447147e+01,6.2650057527550214e+00,1.4084290079465982e+01,3.0580084501945581e+00,1.1061132085077899e+01,6.2650057527550214e+00,1.4084290079465982e+01,1.4084290079465982e+01,7.3889940372275378e+00,3.6167979400797905e+00,1.9503780534858361e+00,3.6167979400797905e+00,1.1061132085077899e+01,4.5598130781194524e+00,1.4084290079465982e+01,7.5970702759848079e+00,7.3889940372275378e+00,9.5614975042055441e+00,0.0000000000000000e+00,0.0000000000000000e+00,6.2650057527550214e+00,1.3375505966452346e+01,7.3889940372275378e+00,1.3375505966452346e+01,9.4412508504871688e+00,3.6167979400797905e+00,3.6167979400797905e+00,8.5604599070672116e-01,9.5894891004968450e+00,9.5894891004968450e+00,9.4412508504871688e+00,9.5894891004968450e+00,1.4084290079465982e+01,4.5598130781194524e+00,1.4084290079465982e+01,3.6167979400797905e+00,1.1061132085077899e+01,1.4084290079465982e+01,8.5604599070672116e-01,1.1039002074447147e+01,9.5614975042055441e+00,4.5598130781194524e+00,4.5598130781194524e+00,1.3375505966452346e+01,6.2650057527550214e+00,1.4084290079465982e+01,1.4084290079465982e+01,9.5894891004968450e+00,1.1039002074447147e+01,1.1039002074447147e+01,9.4412508504871688e+00,7.3889940372275378e+00,7.5970702759848079e+00,1.4084290079465982e+01,1.4084290079465982e+01,9.5614975042055441e+00,6.2650057527550214e+00,7.5970702759848079e+00,7.3889940372275378e+00,1.4084290079465982e+01,1.3375505966452346e+01,7.3889940372275378e+00,4.5598130781194524e+00,9.5614975042055441e+00,6.2650057527550214e+00,4.5598130781194524e+00,7.3889940372275378e+00,9.5894891004968450e+00,6.2650057527550214e+00,6.2650057527550214e+00,1.3375505966452346e+01,9.5894891004968450e+00,1.3375505966452346e+01,1.4084290079465982e+01,1.1039002074447147e+01,9.5894891004968450e+00,1.4084290079465982e+01,1.4084290079465982e+01,8.5604599070672116e-01,1.9503780534858361e+00,4.5598130781194524e+00,1.4084290079465982e+01,3.0580084501945581e+00,7.5970702759848079e+00,7.5970702759848079e+00,1.4084290079465982e+01,1.3375505966452346e+01,6.2650057527550214e+00,7.3889940372275378e+00,7.5970702759848079e+00,1.3375505966452346e+01,9.5894891004968450e+00,1.4084290079465982e+01,3.6167979400797905e+00,3.0580084501945581e+00,1.9503780534858361e+00,7.3889940372275378e+00,6.2650057527550214e+00,1.3375505966452346e+01,9.4412508504871688e+00,9.5894891004968450e+00,1.1039002074447147e+01,4.5598130781194524e+00,1.4084290079465982e+01,1.4084290079465982e+01,1.4084290079465982e+01,9.5614975042055441e+00,3.0580084501945581e+00,0.0000000000000000e+00,6.2650057527550214e+00,7.3889940372275378e+00,6.2650057527550214e+00,1.3375505966452346e+01,7.3889940372275378e+00,9.4412508504871688e+00,7.3889940372275378e+00,1.4084290079465982e+01,1.1061132085077899e+01,6.2650057527550214e+00,1.4084290079465982e+01,1.4084290079465982e+01,1.4084290079465982e+01,4.5598130781194524e+00,1.1061132085077899e+01,1.1061132085077899e+01,6.2650057527550214e+00,1.1061132085077899e+01,9.5614975042055441e+00,7.3889940372275378e+00,4.5598130781194524e+00,1.1061132085077899e+01,0.0000000000000000e+00,6.2650057527550214e+00,3.0580084501945581e+00,7.3889940372275378e+00,1.4084290079465982e+01,1.4084290079465982e+01,9.5894891004968450e+00,1.4084290079465982e+01,6.2650057527550214e+00,7.3889940372275378e+00,6.2650057527550214e+00,1.1061132085077899e+01,9.5614975042055441e+00,1.1061132085077899e+01,1.1039002074447147e+01,1.3375505966452346e+01,8.5604599070672116e-01,3.6167979400797905e+00,1.3375505966452346e+01,1.3375505966452346e+01,3.0580084501945581e+00,8.5604599070672116e-01,7.3889940372275378e+00,1.1039002074447147e+01,1.1039002074447147e+01,4.5598130781194524e+00,1.1039002074447147e+01,1.4084290079465982e+01,4.5598130781194524e+00,1.1061132085077899e+01,1.4084290079465982e+01,1.1061132085077899e+01,1.1061132085077899e+01,1.9503780534858361e+00,6.2650057527550214e+00,1.4084290079465982e+01,1.1039002074447147e+01,1.3375505966452346e+01,1.3375505966452346e+01,9.4412508504871688e+00,1.3375505966452346e+01,1.4084290079465982e+01,1.4084290079465982e+01,1.3375505966452346e+01,9.4412508504871688e+00,1.1061132085077899e+01,1.4084290079465982e+01,1.1039002074447147e+01,1.3375505966452346e+01,1.1039002074447147e+01,9.4412508504871688e+00,3.0580084501945581e+00,1.3375505966452346e+01,1.4084290079465982e+01,1.4084290079465982e+01,1.3375505966452346e+01,1.3375505966452346e+01,1.1061132085077899e+01,1.4084290079465982e+01,9.4412508504871688e+00,1.3375505966452346e+01,7.5970702759848079e+00,1.4084290079465982e+01,9.4412508504871688e+00,1.4084290079465982e+01,9.4412508504871688e+00,1.3375505966452346e+01,0.0000000000000000e+00,1.1061132085077899e+01,9.4412508504871688e+00,9.4412508504871688e+00,1.1039002074447147e+01,7.3889940372275378e+00,9.4412508504871688e+00,1.1061132085077899e+01,9.5614975042055441e+00,1.3375505966452346e+01,1.3375505966452346e+01,6.2650057527550214e+00,4.5598130781194524e+00,7.3889940372275378e+00,6.2650057527550214e+00,1.4084290079465982e+01,1.3375505966452346e+01,9.5894891004968450e+00,1.4084290079465982e+01,8.5604599070672116e-01,1.4084290079465982e+01,1.4084290079465982e+01,1.4084290079465982e+01,1.4084290079465982e+01,7.5970702759848079e+00,1.4084290079465982e+01,1.3375505966452346e+01,1.4084290079465982e+01,7.3889940372275378e+00,1.4084290079465982e+01,4.5598130781194524e+00,1.4084290079465982e+01,1.9503780534858361e+00,6.2650057527550214e+00,9.4412508504871688e+00,9.4412508504871688e+00,3.6167979400797905e+00,1.4084290079465982e+01
3.6972948349306103e+00,6.7019845480278279e+00,3.6972948349306103e+00,5.8742552546764255e+00,1.1783220086681501e+01,9.5838483346223136e-01,1.1783220086681501e+01,1.1783220086681501e+01,9.2771242979583572e+00,1.1783220086681501e+01,9.2771242979583572e+00,9.2771242979583572e+00,3.6972948349306103e+00,1.1783220086681501e+01,1.1783220086681501e+01,6.9645304812072597e+00,1.1783220086681501e+01,1.1783220086681501e+01,4.6874657616385029e+00,3.1283927617769098e+00,6.7019845480278279e+00,6.7019845480278279e+00,9.2771242979583572e+00,6.9645304812072597e+00,1.4279124403534825e+01,6.9645304812072597e+00,6.7019845480278279e+00,9.2771242979583572e+00,9.5720273351399747e+00,9.2771242979583572e+00,1.4279124403534825e+01,9.2771242979583572e+00,1.7678402759371026e+00,1.7678402759371026e+00,6.7019845480278279e+00,9.2771242979583572e+00,1.1783220086681501e+01,6.7019845480278279e+00,1.4279124403534825e+01,1.4279124403534825e+01,0.0000000000000000e+00,1.4279124403534825e+01,0.0000000000000000e+00,4.6874657616385029e+00,4.6874657616385029e+00,9.5720273351399747e+00,1.1783220086681501e+01,4.6874657616385029e+00,5.8742552546764255e+00,3.6972948349306103e+00,1.4279124403534825e+01,0.0000000000000000e+00,1.4279124403534825e+01,1.1783220086681501e+01,1.1783220086681501e+01,9.2771242979583572e+00,6.9645304812072597e+00,9.2771242979583572e+00,3.1283927617769098e+00,3.6972948349306103e+00,6.9645304812072597e+00,1.2990743533328404e+01,1.2990743533328404e+01,1.7678402759371026e+00,3.1283927617769098e+00,3.6972948349306103e+00,1.4279124403534825e+01,1.4279124403534825e+01,1.4279124403534825e+01,9.2771242979583572e+00,1.4279124403534825e+01,1.2952427622067772e+01,6.9645304812072597e+00,9.2771242979583572e+00,6.9645304812072597e+00,6.9645304812072597e+00,9.2771242979583572e+00,6.9645304812072597e+00,6.7019845480278279e+00,4.6874657616385029e+00,1.1783220086681501e+01,9.5720273351399747e+00,1.7678402759371026e+00,9.5838483346223136e-01,6.7019845480278279e+00,6.7019845480278279e+00,1.0929359597821971e+01,9.5720273351399747e+00,1.4279124403534825e+01,6.9645304812072597e+00,9.2771242979583572e+00,1.2952427622067772e+01,5.8742552546764255e+00,6.7019845480278279e+00,6.9645304812072597e+00,1.2952427622067772e+01,1.2952427622067772e+01,3.1283927617769098e+00,1.2952427622067772e+01,1.2952427622067772e+01,1.1783220086681501e+01,4.6874657616385029e+00,1.2952427622067772e+01,1.4279124403534825e+01,9.2771242979583572e+00,9.2771242979583572e+00,1.1783220086681501e+01,6.9645304812072597e+00,1.4279124403534825e+01,1.4279124403534825e+01,9.2771242979583572e+00,3.6972948349306103e+00,5.8742552546764255e+00,4.6874657616385029e+00,1.4279124403534825e+01,1.7678402759371026e+00,9.2771242979583572e+00,1.4279124403534825e+01,3.6972948349306103e+00,9.5838483346223136e-01,3.6972948349306103e+00,1.1783220086681501e+01,3.6972948349306103e+00,3.1283927617769098e+00,4.6874657616385029e+00,1.7678402759371026e+00,1.1783220086681501e+01,5.8742552546764255e+00,1.4279124403534825e+01,1.7678402759371026e+00,1.4279124403534825e+01,1.4279124403534825e+01,6.9645304812072597e+00,1.1783220086681501e+01,3.6972948349306103e+00,6.7019845480278279e+00,1.4279124403534825e+01,1.4279124403534825e+01,3.6972948349306103e+00,3.6972948349306103e+00,1.4279124403534825e+01,1.4279124403534825e+01,5.8742552546764255e+00,1.2990743533328404e+01,9.5720273351399747e+00,6.9645304812072597e+00,6.9645304812072597e+00,9.5720273351399747e+00,5.8742552546764255e+00,9.5720273351399747e+00,1.4279124403534825e+01,6.7019845480278279e+00,1.2990743533328404e+01,1.7678402759371026e+00,1.7678402759371026e+00,1.1783220086681501e+01,9.5720273351399747e+00,1.2952427622067772e+01,1.2952427622067772e+01,1.0929359597821971e+01,9.2771242979583572e+00,6.7019845480278279e+00,1.4279124403534825e+01,6.7019845480278279e+00,1.2990743533328404e+01,1.4279124403534825e+01,0.0000000000000000e+00,1.4279124403534825e+01,1.2990743533328404e+01,1.4279124403534825e+01,1.7678402759371026e+00,1.4279124403534825e+01,5.8742552546764255e+00,9.5838483346223136e-01,1.4279124403534825e+01,0.0000000000000000e+00,1.4279124403534825e+01,1.7678402759371026e+00,0.0000000000000000e+00,6.9645304812072597e+00,3.6972948349306103e+00,3.6972948349306103e+00,1.1783220086681501e+01,1.7678402759371026e+00,1.4279124403534825e+01,4.6874657616385029e+00,1.4279124403534825e+01,1.4279124403534825e+01,1.4279124403534825e+01,9.5838483346223136e-01,1.4279124403534825e+01,9.2771242979583572e+00,9.2771242979583572e+00,3.1283927617769098e+00,1.4279124403534825e+01,9.2771242979583572e+00,9.2771242979583572e+00,4.6874657616385029e+00,5.8742552546764255e+00,1.4279124403534825e+01,1.0929359597821971e+01,1.4279124403534825e+01,9.5720273351399747e+00,3.1283927617769098e+00,1.4279124403534825e+01,1.4279124403534825e+01,3.6972948349306103e+00,9.2771242979583572e+00,6.9645304812072597e+00,1.2990743533328404e+01,1.2990743533328404e+01,1.2990743533328404e+01,3.1283927617769098e+00,3.1283927617769098e+00,1.4279124403534825e+01,1.4279124403534825e+01,1.0929359597821971e+01,5.8742552546764255e+00,1.4279124403534825e+01,1.0929359597821971e+01,1.4279124403534825e+01,1.0929359597821971e+01,1.0929359597821971e+01,0.0000000000000000e+00,1.0929359597821971e+01,1.0929359597821971e+01,1.0929359597821971e+01,1.0929359597821971e+01,1.0929359597821971e+01,1.4279124403534825e+01,1.2990743533328404e+01,5.8742552546764255e+00,1.0929359597821971e+01,1.0929359597821971e+01,1.0929359597821971e+01,1.2990743533328404e+01,1.2990743533328404e+01,1.1783220086681501e+01,1.1783220086681501e+01,1.0929359597821971e+01,1.0929359597821971e+01,1.0929359597821971e+01,1.2952427622067772e+01,9.2771242979583572e+00,1.4279124403534825e+01,1.0929359597821971e+01,1.4279124403534825e+01,1.1783220086681501e+01,0.0000000000000000e+00,1.4279124403534825e+01,4.6874657616385029e+00,1.0929359597821971e+01,6.7019845480278279e+00,1.1783220086681501e+01,1.1783220086681501e+01,1.0929359597821971e+01,1.1783220086681501e+01,1.0929359597821971e+01,1.2952427622067772e+01,1.1783220086681501e+01,5.8742552546764255e+00,1.4279124403534825e+01,9.2771242979583572e+00,1.0929359597821971e+01,6.9645304812072597e+00,1.4279124403534825e+01,1.4279124403534825e+01,1.0929359597821971e+01,1.1783220086681501e+01,1.0929359597821971e+01,1.2952427622067772e+01,1.7678402759371026e+00,1.2952427622067772e+01,9.2771242979583572e+00,3.1283927617769098e+00,1.1783220086681501e+01,1.4279124403534825e+01,1.4279124403534825e+01,9.2771242979583572e+00,1.4279124403534825e+01,1.4279124403534825e+01,3.6972948349306103e+00,3.1283927617769098e+00,5.8742552546764255e+00,1.0929359597821971e+01,1.1783220086681501e+01,1.7678402759371026e+00,1.4279124403534825e+01,1.4279124403534825e+01,1.2952427622067772e+01,1.1783220086681501e+01,1.0929359597821971e+01,1.4279124403534825e+01,6.7019845480278279e+00,6.7019845480278279e+00,1.2990743533328404e+01,5.8742552546764255e+00,6.7019845480278279e+00,1.2952427622067772e+01,6.9645304812072597e+00,5.8742552546764255e+00,1.1783220086681501e+01,1.4279124403534825e+01,1.4279124403534825e+01,6.9645304812072597e+00,1.4279124403534825e+01,1.4279124403534825e+01,1.4279124403534825e+01,9.5838483346223136e-01,1.2990743533328404e+01,1.4279124403534825e+01,1.4279124403534825e+01,6.7019845480278279e+00,1.0929359597821971e+01,1.1783220086681501e+01,1.2990743533328404e+01,9.2771242979583572e+00,1.2990743533328404e+01,1.2952427622067772e+01,1.2952427622067772e+01,1.0929359597821971e+01,9.5720273351399747e+00,1.2952427622067772e+01,1.2952427622067772e+01,1.4279124403534825e+01,0.0000000000000000e+00,1.0929359597821971e+01,9.2771242979583572e+00,1.7678402759371026e+00,1.1783220086681501e+01,6.9645304812072597e+00,1.4279124403534825e+01,1.1783220086681501e+01,4.6874657616385029e+00,9.2771242979583572e+00,1.7678402759371026e+00,3.6972948349306103e+00,1.2990743533328404e+01,1.1783220086681501e+01,1.4279124403534825e+01,9.2771242979583572e+00,9.2771242979583572e+00,9.5720273351399747e+00,1.0929359597821971e+01,9.5838483346223136e-01,1.0929359597821971e+01,9.5720273351399747e+00,5.8742552546764255e+00,3.6972948349306103e+00,1.0929359597821971e+01,1.0929359597821971e+01,1.0929359597821971e+01,3.1283927617769098e+00,5.8742552546764255e+00,5.8742552546764255e+00,6.7019845480278279e+00,6.7019845480278279e+00,1.1783220086681501e+01,1.7678402759371026e+00,9.5720273351399747e+00,4.6874657616385029e+00,1.1783220086681501e+01,1.1783220086681501e+01,1.7678402759371026e+00,1.2990743533328404e+01,1.1783220086681501e+01,9.5838483346223136e-01,1.0929359597821971e+01,3.6972948349306103e+00,9.2771242979583572e+00,1.1783220086681501e+01,4.6874657616385029e+00,1.0929359597821971e+01,4.6874657616385029e+00,1.1783220086681501e+01,4.6874657616385029e+00,1.2990743533328404e+01,1.4279124403534825e+01,4.6874657616385029e+00,1.2952427622067772e+01,1.2952427622067772e+01,6.9645304812072597e+00,1.0929359597821971e+01,1.0929359597821971e+01,1.1783220086681501e+01,1.4279124403534825e+01,6.7019845480278279e+00,6.7019845480278279e+00,1.4279124403534825e+01,1.0929359597821971e+01,5.8742552546764255e+00,1.2952427622067772e+01,3.6972948349306103e+00,0.0000000000000000e+00,1.2952427622067772e+01,1.4279124403534825e+01,1.2952427622067772e+01,1.0929359597821971e+01,1.7678402759371026e+00,9.2771242979583572e+00,1.0929359597821971e+01,4.6874657616385029e+00,1.0929359597821971e+01,6.7019845480278279e+00,3.1283927617769098e+00,9.5838483346223136e-01,4.6874657616385029e+00,3.6972948349306103e+00,1.7678402759371026e+00,1.4279124403534825e+01,1.7678402759371026e+00,4.6874657616385029e+00,1.0929359597821971e+01,1.4279124403534825e+01,9.5838483346223136e-01,1.0929359597821971e+01,9.2771242979583572e+00,1.4279124403534825e+01,1.2952427622067772e+01,1.2990743533328404e+01,6.7019845480278279e+00,6.9645304812072597e+00,1.0929359597821971e+01,1.2990743533328404e+01,1.7678402759371026e+00,4.6874657616385029e+00,1.0929359597821971e+01,1.4279124403534825e+01,1.2952427622067772e+01,1.7678402759371026e+00,4.6874657616385029e+00,1.0929359597821971e+01,1.4279124403534825e+01,6.9645304812072597e+00,1.4279124403534825e+01,5.8742552546764255e+00,1.0929359597821971e+01,4.6874657616385029e+00,1.0929359597821971e+01,1.4279124403534825e+01,3.6972948349306103e+00,1.4279124403534825e+01,1.4279124403534825e+01,6.9645304812072597e+00,1.4279124403534825e+01,1.0929359597821971e+01,9.2771242979583572e+00,9.2771242979583572e+00,9.2771242979583572e+00,1.0929359597821971e+01,0.0000000000000000e+00,1.4279124403534825e+01,1.1783220086681501e+01,1.0929359597821971e+01,1.1783220086681501e+01,1.4279124403534825e+01,1.1783220086681501e+01,9.2771242979583572e+00,5.8742552546764255e+00,5.8742552546764255e+00,3.6972948349306103e+00,1.4279124403534825e+01,9.5720273351399747e+00,1.7678402759371026e+00,1.4279124403534825e+01,1.4279124403534825e+01,9.2771242979583572e+00,5.8742552546764255e+00,9.2771242979583572e+00,1.0929359597821971e+01,1.0929359597821971e+01,1.0929359597821971e+01,1.4279124403534825e+01,1.0929359597821971e+01,5.8742552546764255e+00,1.0929359597821971e+01,1.1783220086681501e+01,1.0929359597821971e+01,9.2771242979583572e+00,1.1783220086681501e+01,1.2952427622067772e+01,1.0929359597821971e+01,9.2771242979583572e+00,9.2771242979583572e+00,9.5838483346223136e-01,9.5720273351399747e+00,9.2771242979583572e+00,6.9645304812072597e+00,1.4279124403534825e+01,1.4279124403534825e+01,3.1283927617769098e+00,9.2771242979583572e+00,1.2952427622067772e+01,3.1283927617769098e+00,6.9645304812072597e+00,1.4279124403534825e+01,0.0000000000000000e+00,1.4279124403534825e+01,3.6972948349306103e+00,3.6972948349306103e+00,3.6972948349306103e+00,5.8742552546764255e+00,3.6972948349306103e+00,3.6972948349306103e+00,1.2952427622067772e+01,9.5720273351399747e+00,1.4279124403534825e+01,1.2952427622067772e+01,9.5720273351399747e+00,3.1283927617769098e+00,1.2990743533328404e+01,6.9645304812072597e+00,6.9645304812072597e+00,9.2771242979583572e+00,9.2771242979583572e+00,1.0929359597821971e+01,1.0929359597821971e+01,1.4279124403534825e+01,1.2990743533328404e+01,9.5838483346223136e-01,4.6874657616385029e+00,9.5838483346223136e-01,9.5838483346223136e-01,9.2771242979583572e+00,6.9645304812072597e+00,9.2771242979583572e+00,9.5720273351399747e+00,9.2771242979583572e+00,9.5720273351399747e+00,1.2952427622067772e+01,1.1783220086681501e+01,1.0929359597821971e+01,1.2952427622067772e+01,1.4279124403534825e+01,6.7019845480278279e+00,6.7019845480278279e+00,1.4279124403534825e+01,1.0929359597821971e+01,1.2952427622067772e+01,1.2952427622067772e+01,9.5838483346223136e-01,6.7019845480278279e+00,1.4279124403534825e+01,6.7019845480278279e+00,1.2990743533328404e+01,1.7678402759371026e+00,1.2952427622067772e+01,1.0929359597821971e+01,1.0929359597821971e+01,6.7019845480278279e+00,5.8742552546764255e+00,3.6972948349306103e+00,1.2990743533328404e+01,1.2990743533328404e+01,1.7678402759371026e+00,1.2990743533328404e+01,1.2990743533328404e+01,1.4279124403534825e+01,1.2990743533328404e+01,3.1283927617769098e+00,5.8742552546764255e+00,5.8742552546764255e+00,5.8742552546764255e+00,3.6972948349306103e+00,6.7019845480278279e+00,5.8742552546764255e+00,3.6972948349306103e+00,5.8742552546764255e+00,1.0929359597821971e+01,1.2990743533328404e+01,1.1783220086681501e+01,9.5838483346223136e-01,4.6874657616385029e+00,9.2771242979583572e+00,9.2771242979583572e+00,1.2952427622067772e+01,6.7019845480278279e+00,6.9645304812072597e+00,3.6972948349306103e+00,1.2952427622067772e+01,5.8742552546764255e+00,6.7019845480278279e+00,6.7019845480278279e+00,3.1283927617769098e+00,1.2952427622067772e+01,1.2952427622067772e+01,4.6874657616385029e+00,1.4279124403534825e+01,4.6874657616385029e+00,9.5838483346223136e-01,4.6874657616385029e+00,4.6874657616385029e+00,4.6874657616385029e+00,1.4279124403534825e+01,5.8742552546764255e+00,1.2990743533328404e+01,1.2990743533328404e+01,1.0929359597821971e+01,9.5720273351399747e+00,9.5720273351399747e+00,1.0929359597821971e+01,1.0929359597821971e+01,1.4279124403534825e+01,3.6972948349306103e+00,6.7019845480278279e+00,3.6972948349306103e+00,9.5720273351399747e+00,1.0929359597821971e+01,1.4279124403534825e+01,4.6874657616385029e+00,1.0929359597821971e+01,3.6972948349306103e+00,1.7678402759371026e+00,1.0929359597821971e+01,9.2771242979583572e+00,9.2771242979583572e+00,9.5720273351399747e+00,6.9645304812072597e+00,1.0929359597821971e+01,9.5838483346223136e-01,5.8742552546764255e+00,5.8742552546764255e+00,9.5720273351399747e+00,1.0929359597821971e+01,1.0929359597821971e+01,5.8742552546764255e+00,1.2952427622067772e+01,4.6874657616385029e+00,1.0929359597821971e+01,6.9645304812072597e+00,4.6874657616385029e+00,4.6874657616385029e+00,5.8742552546764255e+00,1.2990743533328404e+01,1.0929359597821971e+01,1.2990743533328404e+01,1.2990743533328404e+01,1.2952427622067772e+01,1.7678402759371026e+00,5.8742552546764255e+00,9.5720273351399747e+00,1.2952427622067772e+01,5.8742552546764255e+00,9.5720273351399747e+00,1.7678402759371026e+00,9.2771242979583572e+00,1.0929359597821971e+01,9.5838483346223136e-01,6.7019845480278279e+00,6.7019845480278279e+00,3.1283927617769098e+00,3.1283927617769098e+00,1.0929359597821971e+01,1.2990743533328404e+01,5.8742552546764255e+00,1.0929359597821971e+01,1.0929359597821971e+01,1.7678402759371026e+00,1.2990743533328404e+01,9.5838483346223136e-01,5.8742552546764255e+00,1.4279124403534825e+01,9.5838483346223136e-01,1.2952427622067772e+01,0.0000000000000000e+00,6.9645304812072597e+00,1.4279124403534825e+01,9.2771242979583572e+00,1.7678402759371026e+00,9.2771242979583572e+00,1.4279124403534825e+01,1.2952427622067772e+01,1.0929359597821971e+01,1.2952427622067772e+01,9.5720273351399747e+00,6.9645304812072597e+00,1.4279124403534825e+01,9.5838483346223136e-01,3.1283927617769098e+00,1.2952427622067772e+01,1.0929359597821971e+01,5.8742552546764255e+00,1.4279124403534825e+01,1.2952427622067772e+01,4.6874657616385029e+00,6.7019845480278279e+00,9.5838483346223136e-01,1.2952427622067772e+01,1.2952427622067772e+01,1.2952427622067772e+01,1.0929359597821971e+01,1.2990743533328404e+01,9.5838483346223136e-01,6.9645304812072597e+00,3.6972948349306103e+00,9.5720273351399747e+00,1.0929359597821971e+01,1.2952427622067772e+01,1.7678402759371026e+00,0.0000000000000000e+00,5.8742552546764255e+00,1.0929359597821971e+01,1.2990743533328404e+01,3.6972948349306103e+00,3.6972948349306103e+00,1.0929359597821971e+01,1.2952427622067772e+01,3.6972948349306103e+00,1.2952427622067772e+01,1.2952427622067772e+01,1.4279124403534825e+01,3.6972948349306103e+00,6.7019845480278279e+00,9.2771242979583572e+00,9.5720273351399747e+00,6.7019845480278279e+00,9.5720273351399747e+00,9.5838483346223136e-01,9.5838483346223136e-01,1.2990743533328404e+01,4.6874657616385029e+00,1.7678402759371026e+00,1.0929359597821971e+01,1.2952427622067772e+01,1.4279124403534825e+01,3.6972948349306103e+00,1.2990743533328404e+01,1.7678402759371026e+00,5.8742552546764255e+00,5.8742552546764255e+00,9.2771242979583572e+00,0.0000000000000000e+00,1.4279124403534825e+01,0.0000000000000000e+00,5.8742552546764255e+00,1.0929359597821971e+01,3.1283927617769098e+00,1.2990743533328404e+01,1.0929359597821971e+01,1.2990743533328404e+01,6.9645304812072597e+00,5.8742552546764255e+00,3.1283927617769098e+00,9.2771242979583572e+00,9.2771242979583572e+00,1.7678402759371026e+00,1.2990743533328404e+01,1.0929359597821971e+01,9.5720273351399747e+00,1.0929359597821971e+01,1.0929359597821971e+01,1.0929359597821971e+01,1.0929359597821971e+01,9.5838483346223136e-01,1.4279124403534825e+01,1.0929359597821971e+01,6.7019845480278279e+00,0.0000000000000000e+00,9.2771242979583572e+00,1.0929359597821971e+01,9.2771242979583572e+00,9.2771242979583572e+00,9.5838483346223136e-01,1.2990743533328404e+01,6.9645304812072597e+00,9.5838483346223136e-01,1.4279124403534825e+01,1.4279124403534825e+01,1.4279124403534825e+01,5.8742552546764255e+00,9.5838483346223136e-01,1.0929359597821971e+01,9.5838483346223136e-01,4.6874657616385029e+00,1.7678402759371026e+00,9.5838483346223136e-01,1.2952427622067772e+01,1.1783220086681501e+01,1.4279124403534825e+01,9.5720273351399747e+00,1.1783220086681501e+01,1.1783220086681501e+01,1.4279124403534825e+01,1.4279124403534825e+01,1.7678402759371026e+00,1.1783220086681501e+01,1.1783220086681501e+01,1.2990743533328404e+01,1.0929359597821971e+01,1.1783220086681501e+01,5.8742552546764255e+00,1.0929359597821971e+01,4.6874657616385029e+00,4.6874657616385029e+00,4.6874657616385029e+00,4.6874657616385029e+00,6.9645304812072597e+00,1.1783220086681501e+01,1.0929359597821971e+01,3.6972948349306103e+00,9.5720273351399747e+00,1.7678402759371026e+00,1.2990743533328404e+01,1.4279124403534825e+01,9.5720273351399747e+00,1.2990743533328404e+01,1.2990743533328404e+01,9.5838483346223136e-01,6.7019845480278279e+00,1.2990743533328404e+01,1.2952427622067772e+01,9.5838483346223136e-01,0.0000000000000000e+00,6.9645304812072597e+00,1.2952427622067772e+01,6.9645304812072597e+00,3.6972948349306103e+00,1.4279124403534825e+01,3.6972948349306103e+00,1.0929359597821971e+01,3.6972948349306103e+00,1.4279124403534825e+01,0.0000000000000000e+00,6.9645304812072597e+00,6.9645304812072597e+00,4.6874657616385029e+00,1.2990743533328404e+01,1.2952427622067772e+01,1.4279124403534825e+01,1.4279124403534825e+01,6.9645304812072597e+00,1.2990743533328404e+01,1.4279124403534825e+01,1.2990743533328404e+01,4.6874657616385029e+00,1.4279124403534825e+01,1.4279124403534825e+01,1.2990743533328404e+01,9.2771242979583572e+00,6.9645304812072597e+00,1.2990743533328404e+01,9.5838483346223136e-01,1.2990743533328404e+01,1.7678402759371026e+00,4.6874657616385029e+00,1.2952427622067772e+01,1.4279124403534825e+01,3.6972948349306103e+00,4.6874657616385029e+00,5.8742552546764255e+00,1.2990743533328404e+01,1.2952427622067772e+01,1.2952427622067772e+01,1.2952427622067772e+01,1.2952427622067772e+01,9.2771242979583572e+00,1.2952427622067772e+01,1.7678402759371026e+00,1.4279124403534825e+01,1.4279124403534825e+01,1.4279124403534825e+01,1.2952427622067772e+01,1.2990743533328404e+01,1.4279124403534825e+01,3.6972948349306103e+00,9.5838483346223136e-01,6.9645304812072597e+00,1.0929359597821971e+01,1.1783220086681501e+01,1.1783220086681501e+01,9.5720273351399747e+00,9.5720273351399747e+00,1.2990743533328404e+01,1.4279124403534825e+01,1.2952427622067772e+01,1.0929359597821971e+01,1.4279124403534825e+01,1.4279124403534825e+01,3.1283927617769098e+00,1.4279124403534825e+01,1.2952427622067772e+01,0.0000000000000000e+00,1.2990743533328404e+01,1.2952427622067772e+01,1.2990743533328404e+01,1.2952427622067772e+01,1.2990743533328404e+01,1.0929359597821971e+01,1.2952427622067772e+01,1.2990743533328404e+01,3.6972948349306103e+00,5.8742552546764255e+00,4.6874657616385029e+00,5.8742552546764255e+00,9.2771242979583572e+00,9.2771242979583572e+00,1.0929359597821971e+01,1.2952427622067772e+01,9.2771242979583572e+00,1.2990743533328404e+01,1.1783220086681501e+01,1.1783220086681501e+01,3.6972948349306103e+00,9.5720273351399747e+00,9.2771242979583572e+00,1.0929359597821971e+01,1.1783220086681501e+01,1.1783220086681501e+01,9.2771242979583572e+00,9.5720273351399747e+00,1.4279124403534825e+01,9.5838483346223136e-01,6.9645304812072597e+00,1.2952427622067772e+01,9.2771242979583572e+00,1.0929359597821971e+01,9.2771242979583572e+00,1.4279124403534825e+01,1.2952427622067772e+01,6.7019845480278279e+00,1.2952427622067772e+01,9.5838483346223136e-01,1.2952427622067772e+01,6.7019845480278279e+00,6.7019845480278279e+00,1.0929359597821971e+01,1.0929359597821971e+01,1.0929359597821971e+01,9.5838483346223136e-01,1.2990743533328404e+01,1.1783220086681501e+01,1.1783220086681501e+01,1.1783220086681501e+01,1.1783220086681501e+01,1.1783220086681501e+01,1.0929359597821971e+01,3.1283927617769098e+00,1.1783220086681501e+01,1.4279124403534825e+01,1.2952427622067772e+01,0.0000000000000000e+00,9.2771242979583572e+00,1.2952427622067772e+01,4.6874657616385029e+00,1.4279124403534825e+01,3.1283927617769098e+00,1.1783220086681501e+01,1.1783220086681501e+01,1.7678402759371026e+00,1.4279124403534825e+01,3.1283927617769098e+00,1.1783220086681501e+01,1.2952427622067772e+01,9.5720273351399747e+00,9.5720273351399747e+00,1.2990743533328404e+01,9.5720273351399747e+00,1.4279124403534825e+01,9.5720273351399747e+00,0.0000000000000000e+00,1.1783220086681501e+01,1.4279124403534825e+01,3.6972948349306103e+00,1.2990743533328404e+01,9.2771242979583572e+00,1.4279124403534825e+01,1.4279124403534825e+01,1.2990743533328404e+01,1.0929359597821971e+01,9.5720273351399747e+00,1.2990743533328404e+01,5.8742552546764255e+00,1.4279124403534825e+01,1.4279124403534825e+01,1.2990743533328404e+01,1.0929359597821971e+01,1.0929359597821971e+01,1.1783220086681501e+01,1.1783220086681501e+01,1.4279124403534825e+01,1.1783220086681501e+01,1.2990743533328404e+01,1.2990743533328404e+01,1.2952427622067772e+01,1.4279124403534825e+01,1.4279124403534825e+01,1.0929359597821971e+01,1.0929359597821971e+01,1.0929359597821971e+01,1.0929359597821971e+01,4.6874657616385029e+00,1.2990743533328404e+01,1.2990743533328404e+01,1.2952427622067772e+01,3.1283927617769098e+00,1.0929359597821971e+01,5.8742552546764255e+00,4.6874657616385029e+00,1.4279124403534825e+01,9.5838483346223136e-01
1.8391297312271475e+00,1.8391297312271475e+00,8.9251276256614016e+00,8.9576109457782638e-01,8.9251276256614016e+00,8.9251276256614016e+00,1.2214903345424883e+01,1.1380535818493380e+01,8.9251276256614016e+00,8.9251276256614016e+00,8.9251276256614016e+00,1.1380535818493380e+01,8.9251276256614016e+00,8.9251276256614016e+00,8.6814347987484553e+00,8.9251276256614016e+00,4.5675025973345100e+00,1.0028008811196907e+01,8.9251276256614016e+00,6.4146366987583248e+00,7.4485241356927805e+00,6.4146366987583248e+00,7.4485241356927805e+00,7.4485241356927805e+00,8.9251276256614016e+00,7.4485241356927805e+00,7.4485241356927805e+00,8.9251276256614016e+00,4.5675025973345100e+00,6.4146366987583248e+00,6.4146366987583248e+00,1.1380535818493380e+01,1.2214903345424883e+01,4.5675025973345100e+00,1.2214903345424883e+01,1.1380535818493380e+01,5.4131414260466562e+00,1.8391297312271475e+00,1.2214903345424883e+01,1.2214903345424883e+01,7.4485241356927805e+00,7.4485241356927805e+00,1.2214903345424883e+01,3.8380265213193061e+00,4.5675025973345100e+00,7.4485241356927805e+00,1.2214903345424883e+01,8.9251276256614016e+00,8.9251276256614016e+00,1.3230142096952214e+01,2.6686111651200699e+00,1.2214903345424883e+01,8.9251276256614016e+00,8.9251276256614016e+00,1.3230142096952214e+01,1.3230142096952214e+01,1.3230142096952214e+01,7.4485241356927805e+00,4.5675025973345100e+00,1.2214903345424883e+01,0.0000000000000000e+00,0.0000000000000000e+00,0.0000000000000000e+00,6.4146366987583248e+00,3.8380265213193061e+00,1.0028008811196907e+01,4.5675025973345100e+00,1.2214903345424883e+01,6.4146366987583248e+00,3.8380265213193061e+00,3.8380265213193061e+00,5.4131414260466562e+00,5.4131414260466562e+00,6.4146366987583248e+00,5.4131414260466562e+00,8.9576109457782638e-01,1.2214903345424883e+01,8.6814347987484553e+00,8.6814347987484553e+00,5.4131414260466562e+00,1.2214903345424883e+01,1.2214903345424883e+01,1.3230142096952214e+01,1.8391297312271475e+00,6.4146366987583248e+00,1.3230142096952214e+01,1.3230142096952214e+01,1.2095571611104154e+01,2.6686111651200699e+00,8.9576109457782638e-01,8.6814347987484553e+00,1.8391297312271475e+00,8.6814347987484553e+00,1.1380535818493380e+01,1.2214903345424883e+01,7.4485241356927805e+00,2.6686111651200699e+00,1.8391297312271475e+00,7.4485241356927805e+00,1.2214903345424883e+01,6.4146366987583248e+00,7.4485241356927805e+00,5.4131414260466562e+00,5.4131414260466562e+00,1.2214903345424883e+01,1.2214903345424883e+01,7.4485241356927805e+00,1.2095571611104154e+01,8.9576109457782638e-01,7.4485241356927805e+00,6.4146366987583248e+00,7.4485241356927805e+00,3.8380265213193061e+00,1.2214903345424883e+01,1.3230142096952214e+01,1.3230142096952214e+01,8.6814347987484553e+00,1.3230142096952214e+01,6.4146366987583248e+00,7.4485241356927805e+00,0.0000000000000000e+00,1.3230142096952214e+01,1.1380535818493380e+01,1.1380535818493380e+01,1.1380535818493380e+01,0.0000000000000000e+00,1.3230142096952214e+01,8.9251276256614016e+00,1.3230142096952214e+01,1.2214903345424883e+01,1.2214903345424883e+01,3.8380265213193061e+00,4.5675025973345100e+00,1.2095571611104154e+01,1.2095571611104154e+01,5.4131414260466562e+00,1.3230142096952214e+01,8.9251276256614016e+00,1.8391297312271475e+00,0.0000000000000000e+00,4.5675025973345100e+00,8.6814347987484553e+00,1.2095571611104154e+01,7.4485241356927805e+00,7.4485241356927805e+00,1.3230142096952214e+01,8.6814347987484553e+00,1.2214903345424883e+01,1.2095571611104154e+01,1.2214903345424883e+01,1.2214903345424883e+01,6.4146366987583248e+00,7.4485241356927805e+00,5.4131414260466562e+00,1.1380535818493380e+01,1.3230142096952214e+01,8.9251276256614016e+00,1.0028008811196907e+01,1.0028008811196907e+01,1.0028008811196907e+01,1.2095571611104154e+01,8.9251276256614016e+00,8.9251276256614016e+00,1.2095571611104154e+01,7.4485241356927805e+00,7.4485241356927805e+00,8.9576109457782638e-01,7.4485241356927805e+00,1.2214903345424883e+01,1.2214903345424883e+01,1.3230142096952214e+01,5.4131414260466562e+00,2.6686111651200699e+00,1.2214903345424883e+01,0.0000000000000000e+00,8.9251276256614016e+00,1.2095571611104154e+01,1.0028008811196907e+01,8.9251276256614016e+00,8.9251276256614016e+00,1.3230142096952214e+01,1.8391297312271475e+00,0.0000000000000000e+00,6.4146366987583248e+00,1.2214903345424883e+01,1.2214903345424883e+01,1.2214903345424883e+01,1.3230142096952214e+01,8.9576109457782638e-01,1.2214903345424883e+01,1.2214903345424883e+01,1.0028008811196907e+01,1.2214903345424883e+01,3.8380265213193061e+00,8.6814347987484553e+00,5.4131414260466562e+00,4.5675025973345100e+00,7.4485241356927805e+00,7.4485241356927805e+00,8.6814347987484553e+00,8.6814347987484553e+00,1.2214903345424883e+01,8.6814347987484553e+00,1.2214903345424883e+01,8.6814347987484553e+00,7.4485241356927805e+00,6.4146366987583248e+00,8.6814347987484553e+00,1.2214903345424883e+01,7.4485241356927805e+00,1.8391297312271475e+00,1.3230142096952214e+01,6.4146366987583248e+00,1.0028008811196907e+01,1.0028008811196907e+01,8.6814347987484553e+00,1.0028008811196907e+01,8.9576109457782638e-01,8.9251276256614016e+00,1.2214903345424883e+01,1.2214903345424883e+01,1.3230142096952214e+01,1.0028008811196907e+01,1.3230142096952214e+01,3.8380265213193061e+00,8.6814347987484553e+00,0.0000000000000000e+00,1.2214903345424883e+01,1.8391297312271475e+00,8.9251276256614016e+00,8.6814347987484553e+00,1.1380535818493380e+01,0.0000000000000000e+00,8.6814347987484553e+00,1.1380535818493380e+01,1.2214903345424883e+01,8.9251276256614016e+00,8.9251276256614016e+00,1.3230142096952214e+01,1.3230142096952214e+01,8.6814347987484553e+00,8.6814347987484553e+00,0.0000000000000000e+00,8.6814347987484553e+00,1.1380535818493380e+01,1.2214903345424883e+01,1.2095571611104154e+01,1.2095571611104154e+01,8.9576109457782638e-01,8.9251276256614016e+00,1.0028008811196907e+01,5.4131414260466562e+00,7.4485241356927805e+00,5.4131414260466562e+00,3.8380265213193061e+00,8.6814347987484553e+00,8.6814347987484553e+00,8.6814347987484553e+00,5.4131414260466562e+00,3.8380265213193061e+00,1.0028008811196907e+01,1.2214903345424883e+01,1.2214903345424883e+01,1.2214903345424883e+01,3.8380265213193061e+00,5.4131414260466562e+00,5.4131414260466562e+00,1.2214903345424883e+01,1.2214903345424883e+01,1.3230142096952214e+01,1.2095571611104154e+01,1.2214903345424883e+01,7.4485241356927805e+00,1.3230142096952214e+01,5.4131414260466562e+00,1.2214903345424883e+01,1.2214903345424883e+01,1.1380535818493380e+01,8.9576109457782638e-01,0.0000000000000000e+00,1.2214903345424883e+01,1.2095571611104154e+01,1.0028008811196907e+01,8.6814347987484553e+00,1.3230142096952214e+01,6.4146366987583248e+00,1.8391297312271475e+00,8.9251276256614016e+00,7.4485241356927805e+00,1.8391297312271475e+00,1.2214903345424883e+01,7.4485241356927805e+00,1.2214903345424883e+01,7.4485241356927805e+00,1.1380535818493380e+01,8.6814347987484553e+00,1.2214903345424883e+01,7.4485241356927805e+00,8.9251276256614016e+00,6.4146366987583248e+00,8.9251276256614016e+00,5.4131414260466562e+00,5.4131414260466562e+00,8.6814347987484553e+00,8.6814347987484553e+00,1.8391297312271475e+00,7.4485241356927805e+00,1.2214903345424883e+01,1.2214903345424883e+01,3.8380265213193061e+00,1.2214903345424883e+01,6.4146366987583248e+00,5.4131414260466562e+00,6.4146366987583248e+00,4.5675025973345100e+00,1.2214903345424883e+01,1.3230142096952214e+01,8.9251276256614016e+00,8.9576109457782638e-01,6.4146366987583248e+00,6.4146366987583248e+00,1.3230142096952214e+01,1.2214903345424883e+01,3.8380265213193061e+00,1.1380535818493380e+01,6.4146366987583248e+00,1.1380535818493380e+01,1.1380535818493380e+01,5.4131414260466562e+00,1.1380535818493380e+01,4.5675025973345100e+00,5.4131414260466562e+00,1.0028008811196907e+01,1.0028008811196907e+01,1.2214903345424883e+01,7.4485241356927805e+00,1.2214903345424883e+01,1.3230142096952214e+01,5.4131414260466562e+00,1.0028008811196907e+01,4.5675025973345100e+00,8.9576109457782638e-01,7.4485241356927805e+00,3.8380265213193061e+00,8.9251276256614016e+00,1.2214903345424883e+01,1.2214903345424883e+01,8.6814347987484553e+00,8.9576109457782638e-01,8.9251276256614016e+00,1.2214903345424883e+01,8.6814347987484553e+00,1.3230142096952214e+01,8.6814347987484553e+00,1.2214903345424883e+01,8.9251276256614016e+00,2.6686111651200699e+00,1.3230142096952214e+01,8.9251276256614016e+00,1.3230142096952214e+01,8.9251276256614016e+00,1.3230142096952214e+01,1.3230142096952214e+01,8.9251276256614016e+00,7.4485241356927805e+00,7.4485241356927805e+00,7.4485241356927805e+00,1.8391297312271475e+00,4.5675025973345100e+00,1.0028008811196907e+01,8.9576109457782638e-01,1.2095571611104154e+01,1.2214903345424883e+01,1.8391297312271475e+00,1.2214903345424883e+01,7.4485241356927805e+00,1.3230142096952214e+01,7.4485241356927805e+00,4.5675025973345100e+00,1.2214903345424883e+01,1.2214903345424883e+01,8.9576109457782638e-01,1.3230142096952214e+01,0.0000000000000000e+00,6.4146366987583248e+00,1.2214903345424883e+01,8.9576109457782638e-01,3.8380265213193061e+00,1.1380535818493380e+01,1.2095571611104154e+01,1.3230142096952214e+01,1.1380535818493380e+01,1.2214903345424883e+01,8.9251276256614016e+00,3.8380265213193061e+00,1.1380535818493380e+01,1.2214903345424883e+01,0.0000000000000000e+00,1.2214903345424883e+01,5.4131414260466562e+00,0.0000000000000000e+00,6.4146366987583248e+00,1.3230142096952214e+01,1.3230142096952214e+01,5.4131414260466562e+00,5.4131414260466562e+00,1.3230142096952214e+01,1.3230142096952214e+01,1.8391297312271475e+00,1.1380535818493380e+01,6.4146366987583248e+00,1.3230142096952214e+01,1.3230142096952214e+01,1.3230142096952214e+01,1.3230142096952214e+01,1.3230142096952214e+01,2.6686111651200699e+00,1.3230142096952214e+01,7.4485241356927805e+00,1.3230142096952214e+01,2.6686111651200699e+00,7.4485241356927805e+00,1.0028008811196907e+01,1.3230142096952214e+01,1.0028008811196907e+01,5.4131414260466562e+00,8.9576109457782638e-01,2.6686111651200699e+00,1.8391297312271475e+00,1.8391297312271475e+00,8.6814347987484553e+00,1.2214903345424883e+01,1.2095571611104154e+01,1.3230142096952214e+01,8.6814347987484553e+00,8.9576109457782638e-01,0.0000000000000000e+00,3.8380265213193061e+00,1.2214903345424883e+01,1.2214903345424883e+01,1.2095571611104154e+01,8.9251276256614016e+00,8.9251276256614016e+00,1.2214903345424883e+01,1.2214903345424883e+01,6.4146366987583248e+00,1.2095571611104154e+01,1.3230142096952214e+01,1.2095571611104154e+01,1.3230142096952214e+01,4.5675025973345100e+00,1.2095571611104154e+01,8.9576109457782638e-01,1.2095571611104154e+01,1.2095571611104154e+01,5.4131414260466562e+00,1.1380535818493380e+01,1.2095571611104154e+01,4.5675025973345100e+00,1.1380535818493380e+01,1.3230142096952214e+01,1.2214903345424883e+01,1.2095571611104154e+01,5.4131414260466562e+00,7.4485241356927805e+00,7.4485241356927805e+00,7.4485241356927805e+00,1.1380535818493380e+01,0.0000000000000000e+00,5.4131414260466562e+00,8.9251276256614016e+00,5.4131414260466562e+00,5.4131414260466562e+00,0.0000000000000000e+00,5.4131414260466562e+00,1.3230142096952214e+01,0.0000000000000000e+00,3.8380265213193061e+00,1.2214903345424883e+01,0.0000000000000000e+00,5.4131414260466562e+00,1.8391297312271475e+00,1.2214903345424883e+01,5.4131414260466562e+00,2.6686111651200699e+00,1.3230142096952214e+01,8.6814347987484553e+00,5.4131414260466562e+00,8.6814347987484553e+00,1.8391297312271475e+00,1.3230142096952214e+01,8.6814347987484553e+00,8.6814347987484553e+00,2.6686111651200699e+00,1.0028008811196907e+01,1.2214903345424883e+01,1.2095571611104154e+01,1.2214903345424883e+01,3.8380265213193061e+00,8.9576109457782638e-01,8.6814347987484553e+00,1.3230142096952214e+01,1.3230142096952214e+01,3.8380265213193061e+00,8.6814347987484553e+00,5.4131414260466562e+00,8.6814347987484553e+00,1.2095571611104154e+01,8.9576109457782638e-01,1.1380535818493380e+01,1.1380535818493380e+01,0.0000000000000000e+00,1.1380535818493380e+01,1.3230142096952214e+01,1.3230142096952214e+01,1.3230142096952214e+01,8.9251276256614016e+00,1.3230142096952214e+01,1.2214903345424883e+01,1.3230142096952214e+01,1.1380535818493380e+01,1.2214903345424883e+01,5.4131414260466562e+00,1.3230142096952214e+01,1.8391297312271475e+00,7.4485241356927805e+00,3.8380265213193061e+00,7.4485241356927805e+00,1.8391297312271475e+00,7.4485241356927805e+00,1.3230142096952214e+01,1.1380535818493380e+01,1.1380535818493380e+01,1.8391297312271475e+00,1.3230142096952214e+01,1.3230142096952214e+01,5.4131414260466562e+00,1.3230142096952214e+01,1.3230142096952214e+01,1.2214903345424883e+01,1.2214903345424883e+01,1.3230142096952214e+01,7.4485241356927805e+00,1.1380535818493380e+01,3.8380265213193061e+00,1.3230142096952214e+01,1.1380535818493380e+01,7.4485241356927805e+00,5.4131414260466562e+00,1.2095571611104154e+01,8.9251276256614016e+00,7.4485241356927805e+00,2.6686111651200699e+00,8.9251276256614016e+00,8.9251276256614016e+00,8.6814347987484553e+00,3.8380265213193061e+00,7.4485241356927805e+00,3.8380265213193061e+00,1.3230142096952214e+01,1.3230142096952214e+01,8.9251276256614016e+00,8.6814347987484553e+00,1.3230142096952214e+01,8.6814347987484553e+00,0.0000000000000000e+00,1.8391297312271475e+00,8.6814347987484553e+00,8.6814347987484553e+00,8.9251276256614016e+00,8.6814347987484553e+00,2.6686111651200699e+00,8.6814347987484553e+00,1.3230142096952214e+01,1.8391297312271475e+00,1.8391297312271475e+00,1.3230142096952214e+01,6.4146366987583248e+00,0.0000000000000000e+00,1.8391297312271475e+00,0.0000000000000000e+00,1.3230142096952214e+01,1.8391297312271475e+00,7.4485241356927805e+00,1.8391297312271475e+00,8.9251276256614016e+00,8.9251276256614016e+00,4.5675025973345100e+00,8.6814347987484553e+00,1.2214903345424883e+01,1.3230142096952214e+01,4.5675025973345100e+00,1.2214903345424883e+01,8.9251276256614016e+00,1.1380535818493380e+01,1.1380535818493380e+01,4.5675025973345100e+00,1.1380535818493380e+01,2.6686111651200699e+00,1.3230142096952214e+01,4.5675025973345100e+00,1.2095571611104154e+01,7.4485241356927805e+00,8.6814347987484553e+00,2.6686111651200699e+00,7.4485241356927805e+00,1.2214903345424883e+01,5.4131414260466562e+00,1.2095571611104154e+01,1.3230142096952214e+01,4.5675025973345100e+00,8.9251276256614016e+00,8.9251276256614016e+00,4.5675025973345100e+00,1.0028008811196907e+01,8.6814347987484553e+00,1.1380535818493380e+01,2.6686111651200699e+00,1.3230142096952214e+01,1.3230142096952214e+01,1.3230142096952214e+01,2.6686111651200699e+00,1.2214903345424883e+01,1.2214903345424883e+01,4.5675025973345100e+00,1.2214903345424883e+01,1.3230142096952214e+01,1.1380535818493380e+01,6.4146366987583248e+00,1.3230142096952214e+01,1.2214903345424883e+01,1.3230142096952214e+01,1.2214903345424883e+01,1.0028008811196907e+01,3.8380265213193061e+00,6.4146366987583248e+00,1.2095571611104154e+01,1.0028008811196907e+01,0.0000000000000000e+00,1.3230142096952214e+01,1.3230142096952214e+01,1.3230142096952214e+01,8.9251276256614016e+00,1.0028008811196907e+01,1.3230142096952214e+01,1.2214903345424883e+01,1.2095571611104154e+01,1.2214903345424883e+01,1.2214903345424883e+01,1.2214903345424883e+01,1.3230142096952214e+01,1.3230142096952214e+01,1.2214903345424883e+01,1.2214903345424883e+01,1.2214903345424883e+01,1.2214903345424883e+01,1.2214903345424883e+01,1.2214903345424883e+01,7.4485241356927805e+00,0.0000000000000000e+00,1.2214903345424883e+01,8.9251276256614016e+00,1.2214903345424883e+01,0.0000000000000000e+00,7.4485241356927805e+00,1.2214903345424883e+01,2.6686111651200699e+00,1.2214903345424883e+01,1.2214903345424883e+01,1.3230142096952214e+01,6.4146366987583248e+00,1.0028008811196907e+01,3.8380265213193061e+00,1.3230142096952214e+01,1.2095571611104154e+01,8.9576109457782638e-01,5.4131414260466562e+00,1.2214903345424883e+01,8.6814347987484553e+00,1.3230142096952214e+01,1.3230142096952214e+01,8.9251276256614016e+00,8.6814347987484553e+00,1.3230142096952214e+01,1.2095571611104154e+01,1.3230142096952214e+01,1.8391297312271475e+00,4.5675025973345100e+00,5.4131414260466562e+00,1.2214903345424883e+01,1.2214903345424883e+01,1.2214903345424883e+01,1.1380535818493380e+01,1.2214903345424883e+01,8.9251276256614016e+00,8.6814347987484553e+00,8.6814347987484553e+00,8.9251276256614016e+00,4.5675025973345100e+00,4.5675025973345100e+00,4.5675025973345100e+00,0.0000000000000000e+00,4.5675025973345100e+00,8.9576109457782638e-01,1.2214903345424883e+01,1.2214903345424883e+01,1.2214903345424883e+01,6.4146366987583248e+00,6.4146366987583248e+00,3.8380265213193061e+00,6.4146366987583248e+00,5.4131414260466562e+00,3.8380265213193061e+00,1.2214903345424883e+01,8.6814347987484553e+00,1.2214903345424883e+01,1.0028008811196907e+01,1.2214903345424883e+01,1.0028008811196907e+01,1.1380535818493380e+01,1.2214903345424883e+01,8.9576109457782638e-01,1.0028008811196907e+01,7.4485241356927805e+00,6.4146366987583248e+00,7.4485241356927805e+00,3.8380265213193061e+00,1.2095571611104154e+01,6.4146366987583248e+00,3.8380265213193061e+00,4.5675025973345100e+00,4.5675025973345100e+00,8.9576109457782638e-01,1.8391297312271475e+00,1.3230142096952214e+01,1.2095571611104154e+01,1.3230142096952214e+01,1.1380535818493380e+01,6.4146366987583248e+00,2.6686111651200699e+00,6.4146366987583248e+00,7.4485241356927805e+00,1.3230142096952214e+01,1.3230142096952214e+01,5.4131414260466562e+00,6.4146366987583248e+00,5.4131414260466562e+00,3.8380265213193061e+00,8.9251276256614016e+00,3.8380265213193061e+00,1.8391297312271475e+00,1.1380535818493380e+01,5.4131414260466562e+00,1.1380535818493380e+01,8.9251276256614016e+00,1.8391297312271475e+00,1.1380535818493380e+01,7.4485241356927805e+00,8.9576109457782638e-01,8.6814347987484553e+00,1.2214903345424883e+01,1.2214903345424883e+01,0.0000000000000000e+00,3.8380265213193061e+00,8.6814347987484553e+00,4.5675025973345100e+00,8.6814347987484553e+00,4.5675025973345100e+00,8.6814347987484553e+00,7.4485241356927805e+00,8.6814347987484553e+00,1.1380535818493380e+01,1.8391297312271475e+00,2.6686111651200699e+00,4.5675025973345100e+00,1.2214903345424883e+01,6.4146366987583248e+00,7.4485241356927805e+00,1.2214903345424883e+01,8.9576109457782638e-01,1.2214903345424883e+01,8.9576109457782638e-01,1.2095571611104154e+01,1.1380535818493380e+01,7.4485241356927805e+00,1.2214903345424883e+01,1.2095571611104154e+01,1.2214903345424883e+01,7.4485241356927805e+00,1.8391297312271475e+00,8.9251276256614016e+00,1.2095571611104154e+01,1.0028008811196907e+01,8.6814347987484553e+00,1.3230142096952214e+01,1.0028008811196907e+01,1.2095571611104154e+01,3.8380265213193061e+00,1.0028008811196907e+01,3.8380265213193061e+00,1.1380535818493380e+01,1.8391297312271475e+00,1.0028008811196907e+01,1.0028008811196907e+01,1.2095571611104154e+01,1.2095571611104154e+01,5.4131414260466562e+00,1.0028008811196907e+01,4.5675025973345100e+00,1.3230142096952214e+01,4.5675025973345100e+00,1.1380535818493380e+01,7.4485241356927805e+00,1.2095571611104154e+01,4.5675025973345100e+00,5.4131414260466562e+00,1.2214903345424883e+01,1.3230142096952214e+01,8.9251276256614016e+00,8.6814347987484553e+00,5.4131414260466562e+00,1.0028008811196907e+01,7.4485241356927805e+00,1.0028008811196907e+01,1.1380535818493380e+01,1.1380535818493380e+01,2.6686111651200699e+00,1.3230142096952214e+01,3.8380265213193061e+00,6.4146366987583248e+00,4.5675025973345100e+00,1.3230142096952214e+01,1.3230142096952214e+01,1.3230142096952214e+01,1.0028008811196907e+01,7.4485241356927805e+00,8.9576109457782638e-01,8.9576109457782638e-01,1.0028008811196907e+01,1.3230142096952214e+01,1.3230142096952214e+01,1.3230142096952214e+01,1.2095571611104154e+01,7.4485241356927805e+00,6.4146366987583248e+00,1.3230142096952214e+01,1.0028008811196907e+01,7.4485241356927805e+00,1.3230142096952214e+01,1.3230142096952214e+01,1.0028008811196907e+01,8.9576109457782638e-01,4.5675025973345100e+00,1.2214903345424883e+01,1.0028008811196907e+01,1.0028008811196907e+01,1.0028008811196907e+01,1.0028008811196907e+01,1.8391297312271475e+00,1.2095571611104154e+01,1.0028008811196907e+01,1.3230142096952214e+01,1.3230142096952214e+01,1.3230142096952214e+01,1.2095571611104154e+01,8.9251276256614016e+00,1.2095571611104154e+01,1.0028008811196907e+01,2.6686111651200699e+00,0.0000000000000000e+00,1.0028008811196907e+01,1.0028008811196907e+01,5.4131414260466562e+00,3.8380265213193061e+00,1.2214903345424883e+01,1.2214903345424883e+01,1.2214903345424883e+01,1.1380535818493380e+01,1.1380535818493380e+01,1.3230142096952214e+01,7.4485241356927805e+00,1.2095571611104154e+01,4.5675025973345100e+00,1.8391297312271475e+00,1.3230142096952214e+01,8.6814347987484553e+00,1.0028008811196907e+01,1.0028008811196907e+01,1.8391297312271475e+00,1.0028008811196907e+01,1.2095571611104154e+01,7.4485241356927805e+00,1.0028008811196907e+01,7.4485241356927805e+00,4.5675025973345100e+00,3.8380265213193061e+00,1.2214903345424883e+01,7.4485241356927805e+00,1.3230142096952214e+01,1.3230142096952214e+01,1.2095571611104154e+01,1.2095571611104154e+01,1.1380535818493380e+01,3.8380265213193061e+00,6.4146366987583248e+00,6.4146366987583248e+00,8.9251276256614016e+00,1.2095571611104154e+01,7.4485241356927805e+00,3.8380265213193061e+00,1.3230142096952214e+01,1.3230142096952214e+01,8.6814347987484553e+00,7.4485241356927805e+00,2.6686111651200699e+00,1.3230142096952214e+01,1.2214903345424883e+01,1.3230142096952214e+01,1.2214903345424883e+01,1.2095571611104154e+01,1.2095571611104154e+01,1.8391297312271475e+00,3.8380265213193061e+00,0.0000000000000000e+00,5.4131414260466562e+00,8.9576109457782638e-01,6.4146366987583248e+00,6.4146366987583248e+00,1.8391297312271475e+00,1.3230142096952214e+01,1.2214903345424883e+01,8.9576109457782638e-01,8.6814347987484553e+00,8.6814347987484553e+00,1.2214903345424883e+01,1.2214903345424883e+01,1.2214903345424883e+01,1.2214903345424883e+01,5.4131414260466562e+00,8.9251276256614016e+00,8.9576109457782638e-01,3.8380265213193061e+00,3.8380265213193061e+00,6.4146366987583248e+00,6.4146366987583248e+00,7.4485241356927805e+00,6.4146366987583248e+00,1.3230142096952214e+01,6.4146366987583248e+00,1.1380535818493380e+01,1.1380535818493380e+01,1.0028008811196907e+01,1.0028008811196907e+01,1.0028008811196907e+01,1.2214903345424883e+01,1.1380535818493380e+01,6.4146366987583248e+00,0.0000000000000000e+00,1.0028008811196907e+01,8.9576109457782638e-01,1.0028008811196907e+01,1.3230142096952214e+01,6.4146366987583248e+00,1.3230142096952214e+01,1.3230142096952214e+01,8.9251276256614016e+00,5.4131414260466562e+00,0.0000000000000000e+00,1.2214903345424883e+01,1.3230142096952214e+01,5.4131414260466562e+00,7.4485241356927805e+00,4.5675025973345100e+00,7.4485241356927805e+00,7.4485241356927805e+00,7.4485241356927805e+00,1.3230142096952214e+01,1.2095571611104154e+01,8.9576109457782638e-01,3.8380265213193061e+00,3.8380265213193061e+00,3.8380265213193061e+00,2.6686111651200699e+00,1.0028008811196907e+01,4.5675025973345100e+00,1.0028008811196907e+01,1.3230142096952214e+01,8.9251276256614016e+00,8.9251276256614016e+00,8.9251276256614016e+00,1.2095571611104154e+01,3.8380265213193061e+00,8.6814347987484553e+00,1.2095571611104154e+01,0.0000000000000000e+00,1.3230142096952214e+01,1.1380535818493380e+01,0.0000000000000000e+00,8.6814347987484553e+00,2.6686111651200699e+00
1.9753500920233571e+00,1.9753500920233571e+00,7.2466587916878007e+00,1.9753500920233571e+00,1.9753500920233571e+00,6.4819234177969873e+00,7.2466587916878007e+00,6.4819234177969873e+00,1.9753500920233571e+00,6.4819234177969873e+00,6.4819234177969873e+00,6.4819234177969873e+00,6.4819234177969873e+00,1.1847259815681623e+01,8.8773607056077797e+00,1.1819849609614268e+01,0.0000000000000000e+00,6.4819234177969873e+00,1.1847259815681623e+01,2.6738697839360093e+00,2.6738697839360093e+00,1.1847259815681623e+01,1.1847259815681623e+01,9.8051175587101511e+00,3.3176588127176938e+00,1.1847259815681623e+01,8.8773607056077797e+00,1.1847259815681623e+01,9.8051175587101511e+00,9.1777494352063538e-01,9.8051175587101511e+00,9.8051175587101511e+00,5.2732392311810763e+00,5.2732392311810763e+00,1.9753500920233571e+00,9.8051175587101511e+00,8.8773607056077797e+00,1.4269673002868409e+01,0.0000000000000000e+00,9.8051175587101511e+00,9.8051175587101511e+00,8.8773607056077797e+00,1.1819849609614268e+01,1.1847259815681623e+01,1.1847259815681623e+01,2.6738697839360093e+00,1.9753500920233571e+00,9.8051175587101511e+00,1.1847259815681623e+01,9.8051175587101511e+00,1.1847259815681623e+01,1.1847259815681623e+01,2.6738697839360093e+00,9.8051175587101511e+00,2.6738697839360093e+00,9.8051175587101511e+00,9.8051175587101511e+00,6.4819234177969873e+00,1.1847259815681623e+01,1.9753500920233571e+00,1.0841876867937469e+01,9.5238853877605614e+00,7.2466587916878007e+00,9.8051175587101511e+00,9.8051175587101511e+00,5.2732392311810763e+00,9.8051175587101511e+00,1.1847259815681623e+01,9.8051175587101511e+00,1.1847259815681623e+01,9.8051175587101511e+00,1.1847259815681623e+01,9.8051175587101511e+00,1.1847259815681623e+01,9.8051175587101511e+00,4.5923974667009020e+00,9.8051175587101511e+00,7.2466587916878007e+00,5.2732392311810763e+00,3.3176588127176938e+00,6.4819234177969873e+00,9.8051175587101511e+00,2.6738697839360093e+00,9.1777494352063538e-01,1.1847259815681623e+01,1.4269673002868409e+01,9.8051175587101511e+00,9.8051175587101511e+00,6.4819234177969873e+00,9.1777494352063538e-01,5.2732392311810763e+00,5.2732392311810763e+00,9.5238853877605614e+00,2.6738697839360093e+00,2.6738697839360093e+00,9.8051175587101511e+00,1.1847259815681623e+01,1.1847259815681623e+01,9.8051175587101511e+00,9.8051175587101511e+00,9.8051175587101511e+00,5.2732392311810763e+00,9.8051175587101511e+00,8.8773607056077797e+00,9.8051175587101511e+00,2.6738697839360093e+00,9.8051175587101511e+00,8.8773607056077797e+00,1.1847259815681623e+01,0.0000000000000000e+00,9.8051175587101511e+00,9.8051175587101511e+00,7.2466587916878007e+00,5.2732392311810763e+00,6.4819234177969873e+00,9.8051175587101511e+00,1.1847259815681623e+01,2.6738697839360093e+00,9.8051175587101511e+00,1.4269673002868409e+01,6.4819234177969873e+00,1.4269673002868409e+01,6.4819234177969873e+00,6.4819234177969873e+00,6.4819234177969873e+00,6.4819234177969873e+00,0.0000000000000000e+00,1.1819849609614268e+01,6.4819234177969873e+00,6.4819234177969873e+00,6.4819234177969873e+00,9.5238853877605614e+00,9.8051175587101511e+00,5.2732392311810763e+00,1.1847259815681623e+01,1.1847259815681623e+01,1.1847259815681623e+01,1.1847259815681623e+01,4.5923974667009020e+00,2.6738697839360093e+00,9.5238853877605614e+00,5.2732392311810763e+00,1.1847259815681623e+01,9.8051175587101511e+00,1.1819849609614268e+01,1.9753500920233571e+00,1.9753500920233571e+00,1.9753500920233571e+00,9.5238853877605614e+00,1.9753500920233571e+00,1.1819849609614268e+01,0.0000000000000000e+00,9.5238853877605614e+00,1.1819849609614268e+01,9.8051175587101511e+00,6.4819234177969873e+00,1.1847259815681623e+01,6.4819234177969873e+00,1.1847259815681623e+01,1.9753500920233571e+00,5.2732392311810763e+00,1.1819849609614268e+01,5.2732392311810763e+00,1.1847259815681623e+01,1.1847259815681623e+01,9.8051175587101511e+00,1.1819849609614268e+01,1.1847259815681623e+01,3.3176588127176938e+00,7.2466587916878007e+00,7.2466587916878007e+00,9.8051175587101511e+00,7.2466587916878007e+00,9.8051175587101511e+00,9.8051175587101511e+00,2.6738697839360093e+00,9.8051175587101511e+00,9.1777494352063538e-01,9.8051175587101511e+00,1.1819849609614268e+01,7.2466587916878007e+00,9.5238853877605614e+00,7.2466587916878007e+00,9.8051175587101511e+00,9.8051175587101511e+00,1.9753500920233571e+00,7.2466587916878007e+00,9.8051175587101511e+00,3.3176588127176938e+00,9.8051175587101511e+00,6.4819234177969873e+00,1.9753500920233571e+00,8.8773607056077797e+00,1.1819849609614268e+01,5.2732392311810763e+00,1.1819849609614268e+01,1.9753500920233571e+00,2.6738697839360093e+00,1.9753500920233571e+00,1.9753500920233571e+00,9.8051175587101511e+00,9.8051175587101511e+00,1.1819849609614268e+01,9.8051175587101511e+00,9.8051175587101511e+00,1.1847259815681623e+01,3.3176588127176938e+00,1.1847259815681623e+01,1.1847259815681623e+01,1.1847259815681623e+01,1.9753500920233571e+00,1.1819849609614268e+01,5.2732392311810763e+00,1.0841876867937469e+01,3.3176588127176938e+00,9.5238853877605614e+00,5.2732392311810763e+00,1.0841876867937469e+01,9.5238853877605614e+00,1.1847259815681623e+01,5.2732392311810763e+00,1.1847259815681623e+01,8.8773607056077797e+00,1.9753500920233571e+00,1.4269673002868409e+01,8.8773607056077797e+00,1.9753500920233571e+00,2.6738697839360093e+00,9.5238853877605614e+00,8.8773607056077797e+00,1.1819849609614268e+01,1.1819849609614268e+01,1.9753500920233571e+00,6.4819234177969873e+00,1.4269673002868409e+01,0.0000000000000000e+00,1.1819849609614268e+01,9.8051175587101511e+00,1.1847259815681623e+01,1.1847259815681623e+01,2.6738697839360093e+00,3.3176588127176938e+00,5.2732392311810763e+00,1.1819849609614268e+01,1.1819849609614268e+01,1.1819849609614268e+01,1.1847259815681623e+01,1.1819849609614268e+01,9.1777494352063538e-01,1.1819849609614268e+01,0.0000000000000000e+00,1.1819849609614268e+01,6.4819234177969873e+00,9.8051175587101511e+00,9.8051175587101511e+00,5.2732392311810763e+00,7.2466587916878007e+00,9.8051175587101511e+00,1.1847259815681623e+01,1.4269673002868409e+01,5.2732392311810763e+00,9.8051175587101511e+00,1.1847259815681623e+01,1.1847259815681623e+01,1.1847259815681623e+01,1.0841876867937469e+01,1.1819849609614268e+01,1.4269673002868409e+01,1.1847259815681623e+01,8.8773607056077797e+00,1.4269673002868409e+01,1.4269673002868409e+01,4.5923974667009020e+00,4.5923974667009020e+00,1.1819849609614268e+01,4.5923974667009020e+00,9.8051175587101511e+00,9.8051175587101511e+00,9.8051175587101511e+00,8.8773607056077797e+00,7.2466587916878007e+00,1.0841876867937469e+01,2.6738697839360093e+00,9.8051175587101511e+00,1.4269673002868409e+01,7.2466587916878007e+00,8.8773607056077797e+00,9.8051175587101511e+00,1.4269673002868409e+01,9.1777494352063538e-01,1.4269673002868409e+01,3.3176588127176938e+00,1.9753500920233571e+00,1.1847259815681623e+01,9.1777494352063538e-01,1.1847259815681623e+01,0.0000000000000000e+00,1.0841876867937469e+01,1.0841876867937469e+01,5.2732392311810763e+00,1.1847259815681623e+01,3.3176588127176938e+00,1.1847259815681623e+01,8.8773607056077797e+00,1.1847259815681623e+01,9.8051175587101511e+00,1.1819849609614268e+01,8.8773607056077797e+00,1.1847259815681623e+01,7.2466587916878007e+00,7.2466587916878007e+00,1.4269673002868409e+01,1.4269673002868409e+01,9.8051175587101511e+00,1.4269673002868409e+01,9.5238853877605614e+00,7.2466587916878007e+00,9.8051175587101511e+00,5.2732392311810763e+00,9.5238853877605614e+00,9.5238853877605614e+00,1.0841876867937469e+01,1.0841876867937469e+01,1.1847259815681623e+01,7.2466587916878007e+00,1.9753500920233571e+00,1.1819849609614268e+01,1.4269673002868409e+01,1.4269673002868409e+01,9.5238853877605614e+00,1.4269673002868409e+01,1.4269673002868409e+01,1.1847259815681623e+01,1.1847259815681623e+01,9.5238853877605614e+00,3.3176588127176938e+00,1.4269673002868409e+01,1.1847259815681623e+01,3.3176588127176938e+00,7.2466587916878007e+00,1.4269673002868409e+01,6.4819234177969873e+00,8.8773607056077797e+00,7.2466587916878007e+00,1.4269673002868409e+01,1.4269673002868409e+01,8.8773607056077797e+00,9.5238853877605614e+00,5.2732392311810763e+00,1.1847259815681623e+01,2.6738697839360093e+00,3.3176588127176938e+00,1.1819849609614268e+01,4.5923974667009020e+00,1.4269673002868409e+01,9.1777494352063538e-01,0.0000000000000000e+00,3.3176588127176938e+00,2.6738697839360093e+00,7.2466587916878007e+00,1.1819849609614268e+01,7.2466587916878007e+00,3.3176588127176938e+00,6.4819234177969873e+00,1.1847259815681623e+01,4.5923974667009020e+00,1.4269673002868409e+01,5.2732392311810763e+00,9.5238853877605614e+00,1.1847259815681623e+01,2.6738697839360093e+00,1.4269673002868409e+01,0.0000000000000000e+00,5.2732392311810763e+00,7.2466587916878007e+00,1.4269673002868409e+01,3.3176588127176938e+00,1.9753500920233571e+00,5.2732392311810763e+00,5.2732392311810763e+00,9.8051175587101511e+00,5.2732392311810763e+00,9.5238853877605614e+00,9.5238853877605614e+00,1.9753500920233571e+00,1.1819849609614268e+01,1.4269673002868409e+01,9.5238853877605614e+00,9.5238853877605614e+00,9.5238853877605614e+00,3.3176588127176938e+00,1.4269673002868409e+01,1.1819849609614268e+01,1.4269673002868409e+01,1.4269673002868409e+01,6.4819234177969873e+00,1.1847259815681623e+01,0.0000000000000000e+00,1.1847259815681623e+01,6.4819234177969873e+00,9.5238853877605614e+00,1.1847259815681623e+01,4.5923974667009020e+00,9.5238853877605614e+00,9.1777494352063538e-01,1.1819849609614268e+01,1.0841876867937469e+01,3.3176588127176938e+00,9.1777494352063538e-01,1.9753500920233571e+00,9.5238853877605614e+00,3.3176588127176938e+00,6.4819234177969873e+00,7.2466587916878007e+00,6.4819234177969873e+00,9.8051175587101511e+00,1.1819849609614268e+01,1.1847259815681623e+01,3.3176588127176938e+00,3.3176588127176938e+00,1.4269673002868409e+01,9.5238853877605614e+00,1.1847259815681623e+01,1.4269673002868409e+01,1.1847259815681623e+01,0.0000000000000000e+00,7.2466587916878007e+00,9.5238853877605614e+00,1.9753500920233571e+00,1.4269673002868409e+01,4.5923974667009020e+00,1.9753500920233571e+00,9.1777494352063538e-01,9.8051175587101511e+00,9.5238853877605614e+00,5.2732392311810763e+00,5.2732392311810763e+00,1.0841876867937469e+01,2.6738697839360093e+00,1.4269673002868409e+01,7.2466587916878007e+00,6.4819234177969873e+00,3.3176588127176938e+00,1.9753500920233571e+00,9.1777494352063538e-01,1.1819849609614268e+01,1.4269673002868409e+01,9.1777494352063538e-01,1.4269673002868409e+01,1.4269673002868409e+01,7.2466587916878007e+00,0.0000000000000000e+00,6.4819234177969873e+00,1.4269673002868409e+01,0.0000000000000000e+00,5.2732392311810763e+00,9.5238853877605614e+00,9.5238853877605614e+00,9.5238853877605614e+00,9.5238853877605614e+00,9.5238853877605614e+00,6.4819234177969873e+00,7.2466587916878007e+00,6.4819234177969873e+00,9.5238853877605614e+00,7.2466587916878007e+00,7.2466587916878007e+00,1.4269673002868409e+01,1.4269673002868409e+01,1.9753500920233571e+00,1.1819849609614268e+01,1.0841876867937469e+01,6.4819234177969873e+00,7.2466587916878007e+00,6.4819234177969873e+00,1.0841876867937469e+01,1.1847259815681623e+01,1.0841876867937469e+01,1.1819849609614268e+01,1.0841876867937469e+01,1.0841876867937469e+01,9.8051175587101511e+00,1.1819849609614268e+01,1.0841876867937469e+01,1.1819849609614268e+01,1.1819849609614268e+01,1.1819849609614268e+01,1.1847259815681623e+01,1.1819849609614268e+01,0.0000000000000000e+00,6.4819234177969873e+00,1.0841876867937469e+01,9.5238853877605614e+00,1.1819849609614268e+01,1.1819849609614268e+01,9.8051175587101511e+00,9.8051175587101511e+00,9.8051175587101511e+00,9.8051175587101511e+00,4.5923974667009020e+00,2.6738697839360093e+00,6.4819234177969873e+00,1.1847259815681623e+01,1.4269673002868409e+01,9.5238853877605614e+00,9.5238853877605614e+00,1.1847259815681623e+01,9.5238853877605614e+00,1.1847259815681623e+01,7.2466587916878007e+00,6.4819234177969873e+00,9.5238853877605614e+00,1.4269673002868409e+01,1.1847259815681623e+01,1.4269673002868409e+01,1.4269673002868409e+01,1.1847259815681623e+01,1.4269673002868409e+01,9.5238853877605614e+00,6.4819234177969873e+00,8.8773607056077797e+00,8.8773607056077797e+00,7.2466587916878007e+00,1.1847259815681623e+01,1.9753500920233571e+00,8.8773607056077797e+00,1.1847259815681623e+01,1.0841876867937469e+01,1.0841876867937469e+01,9.1777494352063538e-01,8.8773607056077797e+00,8.8773607056077797e+00,3.3176588127176938e+00,1.9753500920233571e+00,9.5238853877605614e+00,9.1777494352063538e-01,1.4269673002868409e+01,9.8051175587101511e+00,8.8773607056077797e+00,0.0000000000000000e+00,7.2466587916878007e+00,0.0000000000000000e+00,1.1819849609614268e+01,9.5238853877605614e+00,2.6738697839360093e+00,1.1819849609614268e+01,1.1819849609614268e+01,1.1819849609614268e+01,9.8051175587101511e+00,2.6738697839360093e+00,2.6738697839360093e+00,6.4819234177969873e+00,1.0841876867937469e+01,1.1819849609614268e+01,1.1819849609614268e+01,1.0841876867937469e+01,7.2466587916878007e+00,1.0841876867937469e+01,4.5923974667009020e+00,6.4819234177969873e+00,9.1777494352063538e-01,6.4819234177969873e+00,1.0841876867937469e+01,8.8773607056077797e+00,1.0841876867937469e+01,8.8773607056077797e+00,7.2466587916878007e+00,9.5238853877605614e+00,9.5238853877605614e+00,1.1819849609614268e+01,1.1819849609614268e+01,1.9753500920233571e+00,1.4269673002868409e+01,1.4269673002868409e+01,9.5238853877605614e+00,9.5238853877605614e+00,1.1847259815681623e+01,9.8051175587101511e+00,9.8051175587101511e+00,9.8051175587101511e+00,7.2466587916878007e+00,2.6738697839360093e+00,2.6738697839360093e+00,1.1819849609614268e+01,9.5238853877605614e+00,1.1847259815681623e+01,6.4819234177969873e+00,1.0841876867937469e+01,4.5923974667009020e+00,1.1847259815681623e+01,9.8051175587101511e+00,0.0000000000000000e+00,9.5238853877605614e+00,4.5923974667009020e+00,0.0000000000000000e+00,1.4269673002868409e+01,1.4269673002868409e+01,0.0000000000000000e+00,1.1819849609614268e+01,1.1847259815681623e+01,1.4269673002868409e+01,9.8051175587101511e+00,8.8773607056077797e+00,4.5923974667009020e+00,1.4269673002868409e+01,1.4269673002868409e+01,1.1847259815681623e+01,1.1847259815681623e+01,1.1847259815681623e+01,1.0841876867937469e+01,1.1819849609614268e+01,1.4269673002868409e+01,9.5238853877605614e+00,1.4269673002868409e+01,1.1819849609614268e+01,5.2732392311810763e+00,8.8773607056077797e+00,1.1847259815681623e+01,8.8773607056077797e+00,2.6738697839360093e+00,6.4819234177969873e+00,9.8051175587101511e+00,1.9753500920233571e+00,0.0000000000000000e+00,5.2732392311810763e+00,5.2732392311810763e+00,1.1819849609614268e+01,7.2466587916878007e+00,7.2466587916878007e+00,7.2466587916878007e+00,3.3176588127176938e+00,4.5923974667009020e+00,0.0000000000000000e+00,7.2466587916878007e+00,3.3176588127176938e+00,8.8773607056077797e+00,3.3176588127176938e+00,1.4269673002868409e+01,1.4269673002868409e+01,8.8773607056077797e+00,7.2466587916878007e+00,7.2466587916878007e+00,5.2732392311810763e+00,5.2732392311810763e+00,1.9753500920233571e+00,1.1847259815681623e+01,9.5238853877605614e+00,1.4269673002868409e+01,1.4269673002868409e+01,3.3176588127176938e+00,1.4269673002868409e+01,0.0000000000000000e+00,4.5923974667009020e+00,1.1819849609614268e+01,3.3176588127176938e+00,9.8051175587101511e+00,5.2732392311810763e+00,9.8051175587101511e+00,5.2732392311810763e+00,1.4269673002868409e+01,9.5238853877605614e+00,9.8051175587101511e+00,9.1777494352063538e-01,1.4269673002868409e+01,0.0000000000000000e+00,4.5923974667009020e+00,9.5238853877605614e+00,1.1819849609614268e+01,9.8051175587101511e+00,1.1847259815681623e+01,9.1777494352063538e-01,1.4269673002868409e+01,4.5923974667009020e+00,1.1847259815681623e+01,1.0841876867937469e+01,0.0000000000000000e+00,9.8051175587101511e+00,0.0000000000000000e+00,8.8773607056077797e+00,1.0841876867937469e+01,4.5923974667009020e+00,1.0841876867937469e+01,6.4819234177969873e+00,9.8051175587101511e+00,1.0841876867937469e+01,4.5923974667009020e+00,1.0841876867937469e+01,1.1847259815681623e+01,5.2732392311810763e+00,1.1819849609614268e+01,8.8773607056077797e+00,8.8773607056077797e+00,3.3176588127176938e+00,8.8773607056077797e+00,1.4269673002868409e+01,1.9753500920233571e+00,8.8773607056077797e+00,1.9753500920233571e+00,8.8773607056077797e+00,1.1819849609614268e+01,2.6738697839360093e+00,1.1819849609614268e+01,2.6738697839360093e+00,1.4269673002868409e+01,1.1847259815681623e+01,1.1847259815681623e+01,7.2466587916878007e+00,1.1819849609614268e+01,5.2732392311810763e+00,1.4269673002868409e+01,1.4269673002868409e+01,1.1819849609614268e+01,1.9753500920233571e+00,3.3176588127176938e+00,2.6738697839360093e+00,1.1847259815681623e+01,3.3176588127176938e+00,3.3176588127176938e+00,9.5238853877605614e+00,9.1777494352063538e-01,0.0000000000000000e+00,2.6738697839360093e+00,1.1819849609614268e+01,1.1819849609614268e+01,1.1847259815681623e+01,1.0841876867937469e+01,6.4819234177969873e+00,6.4819234177969873e+00,4.5923974667009020e+00,8.8773607056077797e+00,7.2466587916878007e+00,1.0841876867937469e+01,1.0841876867937469e+01,5.2732392311810763e+00,1.0841876867937469e+01,1.1819849609614268e+01,1.1819849609614268e+01,1.0841876867937469e+01,0.0000000000000000e+00,9.8051175587101511e+00,7.2466587916878007e+00,1.4269673002868409e+01,6.4819234177969873e+00,5.2732392311810763e+00,7.2466587916878007e+00,1.0841876867937469e+01,1.0841876867937469e+01,9.8051175587101511e+00,9.8051175587101511e+00,4.5923974667009020e+00,9.8051175587101511e+00,1.9753500920233571e+00,1.4269673002868409e+01,0.0000000000000000e+00,6.4819234177969873e+00,1.0841876867937469e+01,7.2466587916878007e+00,8.8773607056077797e+00,9.8051175587101511e+00,5.2732392311810763e+00,7.2466587916878007e+00,4.5923974667009020e+00,4.5923974667009020e+00,9.1777494352063538e-01,9.5238853877605614e+00,9.8051175587101511e+00,9.5238853877605614e+00,8.8773607056077797e+00,0.0000000000000000e+00,1.1819849609614268e+01,5.2732392311810763e+00,5.2732392311810763e+00,9.8051175587101511e+00,5.2732392311810763e+00,5.2732392311810763e+00,8.8773607056077797e+00,1.0841876867937469e+01,4.5923974667009020e+00,1.1847259815681623e+01,1.1819849609614268e+01,9.5238853877605614e+00,8.8773607056077797e+00,1.0841876867937469e+01,1.0841876867937469e+01,9.5238853877605614e+00,1.1819849609614268e+01,1.9753500920233571e+00,1.1847259815681623e+01,1.0841876867937469e+01,3.3176588127176938e+00,1.1819849609614268e+01,1.1847259815681623e+01,1.1847259815681623e+01,6.4819234177969873e+00,6.4819234177969873e+00,9.8051175587101511e+00,1.1819849609614268e+01,1.1819849609614268e+01,1.4269673002868409e+01,2.6738697839360093e+00,5.2732392311810763e+00,4.5923974667009020e+00,9.5238853877605614e+00,8.8773607056077797e+00,1.4269673002868409e+01,6.4819234177969873e+00,9.1777494352063538e-01,1.4269673002868409e+01,9.5238853877605614e+00,1.9753500920233571e+00,9.8051175587101511e+00,3.3176588127176938e+00,1.1847259815681623e+01,9.5238853877605614e+00,8.8773607056077797e+00,1.1847259815681623e+01,5.2732392311810763e+00,8.8773607056077797e+00,8.8773607056077797e+00,9.5238853877605614e+00,7.2466587916878007e+00,8.8773607056077797e+00,1.1819849609614268e+01,1.1847259815681623e+01,1.0841876867937469e+01,9.8051175587101511e+00,8.8773607056077797e+00,2.6738697839360093e+00,8.8773607056077797e+00,1.0841876867937469e+01,1.0841876867937469e+01,3.3176588127176938e+00,6.4819234177969873e+00,8.8773607056077797e+00,1.9753500920233571e+00,1.0841876867937469e+01,9.5238853877605614e+00,7.2466587916878007e+00,1.1847259815681623e+01,1.4269673002868409e+01,9.1777494352063538e-01,0.0000000000000000e+00,1.4269673002868409e+01,9.8051175587101511e+00,9.1777494352063538e-01,1.1819849609614268e+01,1.1819849609614268e+01,1.4269673002868409e+01,6.4819234177969873e+00,1.4269673002868409e+01,1.9753500920233571e+00,6.4819234177969873e+00,0.0000000000000000e+00,8.8773607056077797e+00,8.8773607056077797e+00,1.0841876867937469e+01,8.8773607056077797e+00,2.6738697839360093e+00,1.4269673002868409e+01,4.5923974667009020e+00,4.5923974667009020e+00,8.8773607056077797e+00,9.1777494352063538e-01,8.8773607056077797e+00,1.9753500920233571e+00,9.8051175587101511e+00,9.1777494352063538e-01,4.5923974667009020e+00,1.9753500920233571e+00,1.4269673002868409e+01,1.4269673002868409e+01,4.5923974667009020e+00,0.0000000000000000e+00,1.9753500920233571e+00,1.1847259815681623e+01,1.1847259815681623e+01,7.2466587916878007e+00,3.3176588127176938e+00,6.4819234177969873e+00,1.0841876867937469e+01,1.1847259815681623e+01,9.5238853877605614e+00,8.8773607056077797e+00,8.8773607056077797e+00,9.5238853877605614e+00,8.8773607056077797e+00,9.8051175587101511e+00,8.8773607056077797e+00,2.6738697839360093e+00,1.4269673002868409e+01,1.1819849609614268e+01,1.1819849609614268e+01,2.6738697839360093e+00,8.8773607056077797e+00,4.5923974667009020e+00,6.4819234177969873e+00,8.8773607056077797e+00,1.1819849609614268e+01,1.1819849609614268e+01,2.6738697839360093e+00,1.1819849609614268e+01,2.6738697839360093e+00,9.5238853877605614e+00,2.6738697839360093e+00,8.8773607056077797e+00,2.6738697839360093e+00,2.6738697839360093e+00,5.2732392311810763e+00,1.4269673002868409e+01,8.8773607056077797e+00,2.6738697839360093e+00,9.8051175587101511e+00,9.8051175587101511e+00,0.0000000000000000e+00,9.8051175587101511e+00,6.4819234177969873e+00,8.8773607056077797e+00,9.5238853877605614e+00,1.4269673002868409e+01,9.8051175587101511e+00,8.8773607056077797e+00,8.8773607056077797e+00,9.8051175587101511e+00,1.1819849609614268e+01,1.0841876867937469e+01,8.8773607056077797e+00,1.1819849609614268e+01,1.0841876867937469e+01,1.1847259815681623e+01,4.5923974667009020e+00,1.1847259815681623e+01,9.8051175587101511e+00,6.4819234177969873e+00,9.1777494352063538e-01,9.1777494352063538e-01,6.4819234177969873e+00,9.8051175587101511e+00,8.8773607056077797e+00,2.6738697839360093e+00,1.0841876867937469e+01,8.8773607056077797e+00,2.6738697839360093e+00,1.1847259815681623e+01,9.5238853877605614e+00,9.5238853877605614e+00,9.5238853877605614e+00,9.5238853877605614e+00,9.5238853877605614e+00,9.5238853877605614e+00,1.9753500920233571e+00,1.4269673002868409e+01,4.5923974667009020e+00,6.4819234177969873e+00,6.4819234177969873e+00,2.6738697839360093e+00,1.1819849609614268e+01,0.0000000000000000e+00,0.0000000000000000e+00,9.8051175587101511e+00,5.2732392311810763e+00,0.0000000000000000e+00,9.8051175587101511e+00,7.2466587916878007e+00,1.1847259815681623e+01,1.1847259815681623e+01,5.2732392311810763e+00,9.8051175587101511e+00,1.1847259815681623e+01,1.1847259815681623e+01,1.1847259815681623e+01,1.1847259815681623e+01,8.8773607056077797e+00,1.0841876867937469e+01,5.2732392311810763e+00,9.1777494352063538e-01,1.1819849609614268e+01,2.6738697839360093e+00,5.2732392311810763e+00,3.3176588127176938e+00,2.6738697839360093e+00,2.6738697839360093e+00,5.2732392311810763e+00,5.2732392311810763e+00,9.1777494352063538e-01,3.3176588127176938e+00,7.2466587916878007e+00,1.1819849609614268e+01,1.0841876867937469e+01,3.3176588127176938e+00,6.4819234177969873e+00,3.3176588127176938e+00,1.4269673002868409e+01,1.1819849609614268e+01,1.1819849609614268e+01,7.2466587916878007e+00,1.4269673002868409e+01,4.5923974667009020e+00,1.1819849609614268e+01,1.1847259815681623e+01,1.1847259815681623e+01
1.2341188832136485e+01,1.2341188832136485e+01,1.1589373521462393e+01,1.1589373521462393e+01,1.1589373521462393e+01,1.1589373521462393e+01,1.1589373521462393e+01,1.1589373521462393e+01,1.2341188832136485e+01,1.1589373521462393e+01,1.3912801617987427e+01,9.1414412520158872e-01,1.2154706181032921e+01,1.3912801617987427e+01,4.2031464792464366e+00,1.3912801617987427e+01,1.3912801617987427e+01,9.1414412520158872e-01,1.2154706181032921e+01,1.3912801617987427e+01,1.2341188832136485e+01,1.2154706181032921e+01,1.2154706181032921e+01,6.4317479314024020e+00,6.4317479314024020e+00,9.1414412520158872e-01,6.4317479314024020e+00,1.2154706181032921e+01,1.3912801617987427e+01,1.3912801617987427e+01,0.0000000000000000e+00,1.1589373521462393e+01,1.3912801617987427e+01,1.2154706181032921e+01,4.0183662131007676e+00,4.0183662131007676e+00,1.2154706181032921e+01,1.3912801617987427e+01,1.2154706181032921e+01,1.3912801617987427e+01,9.1414412520158872e-01,1.3912801617987427e+01,1.3912801617987427e+01,1.3912801617987427e+01,6.4317479314024020e+00,2.7998935626339594e+00,1.2154706181032921e+01,1.3912801617987427e+01,1.3912801617987427e+01,1.3912801617987427e+01,1.3912801617987427e+01,6.4317479314024020e+00,1.3912801617987427e+01,1.7570344708173959e+00,6.4317479314024020e+00,1.2341188832136485e+01,4.0183662131007676e+00,1.7570344708173959e+00,1.2341188832136485e+01,6.4317479314024020e+00,1.2341188832136485e+01,2.7998935626339594e+00,2.7998935626339594e+00,1.2341188832136485e+01,4.0183662131007676e+00,1.2154706181032921e+01,1.2154706181032921e+01,2.7998935626339594e+00,1.2154706181032921e+01,9.1414412520158872e-01,1.2154706181032921e+01,4.2031464792464366e+00,1.1589373521462393e+01,1.1589373521462393e+01,2.7998935626339594e+00,1.2341188832136485e+01,7.6483320751618198e+00,1.2341188832136485e+01,5.4094517364795287e+00,8.9827351265354611e+00,4.2031464792464366e+00,9.1414412520158872e-01,1.3912801617987427e+01,1.2341188832136485e+01,1.2341188832136485e+01,1.1589373521462393e+01,0.0000000000000000e+00,2.7998935626339594e+00,1.2154706181032921e+01,6.4317479314024020e+00,1.3912801617987427e+01,1.2154706181032921e+01,7.3475299178529063e+00,7.3475299178529063e+00,1.3912801617987427e+01,6.4317479314024020e+00,0.0000000000000000e+00,5.4094517364795287e+00,1.3912801617987427e+01,2.7998935626339594e+00,4.0183662131007676e+00,1.2341188832136485e+01,4.0183662131007676e+00,1.2154706181032921e+01,1.3912801617987427e+01,1.3912801617987427e+01,8.7390792030052182e+00,2.7998935626339594e+00,8.7390792030052182e+00,1.3912801617987427e+01,1.3912801617987427e+01,1.3912801617987427e+01,8.9827351265354611e+00,9.1414412520158872e-01,1.3912801617987427e+01,4.0183662131007676e+00,1.1589373521462393e+01,1.2154706181032921e+01,1.3912801617987427e+01,1.2154706181032921e+01,1.2154706181032921e+01,1.1589373521462393e+01,8.7390792030052182e+00,1.2341188832136485e+01,1.7570344708173959e+00,9.1414412520158872e-01,1.2341188832136485e+01,8.7390792030052182e+00,1.3912801617987427e+01,1.2154706181032921e+01,6.4317479314024020e+00,1.2154706181032921e+01,6.4317479314024020e+00,1.3912801617987427e+01,8.7390792030052182e+00,1.2341188832136485e+01,1.7570344708173959e+00,1.3912801617987427e+01,8.7390792030052182e+00,8.7390792030052182e+00,8.7390792030052182e+00,1.1589373521462393e+01,1.7570344708173959e+00,8.9827351265354611e+00,8.9827351265354611e+00,8.9827351265354611e+00,2.7998935626339594e+00,1.3912801617987427e+01,8.9827351265354611e+00,1.1589373521462393e+01,5.4094517364795287e+00,7.6483320751618198e+00,2.7998935626339594e+00,1.2154706181032921e+01,1.2341188832136485e+01,1.3912801617987427e+01,5.4094517364795287e+00,1.1589373521462393e+01,4.2031464792464366e+00,2.7998935626339594e+00,1.2341188832136485e+01,5.4094517364795287e+00,1.3912801617987427e+01,8.7390792030052182e+00,2.7998935626339594e+00,7.6483320751618198e+00,1.2154706181032921e+01,8.7390792030052182e+00,1.7570344708173959e+00,1.2154706181032921e+01,1.2154706181032921e+01,1.2341188832136485e+01,8.7390792030052182e+00,2.7998935626339594e+00,1.3912801617987427e+01,1.2341188832136485e+01,9.1414412520158872e-01,5.4094517364795287e+00,1.2154706181032921e+01,5.4094517364795287e+00,1.7570344708173959e+00,1.3912801617987427e+01,1.3912801617987427e+01,1.2154706181032921e+01,1.7570344708173959e+00,1.2154706181032921e+01,1.1589373521462393e+01,1.1589373521462393e+01,1.1589373521462393e+01,5.4094517364795287e+00,1.2154706181032921e+01,1.1589373521462393e+01,1.2154706181032921e+01,1.7570344708173959e+00,9.1414412520158872e-01,1.1589373521462393e+01,2.7998935626339594e+00,9.1414412520158872e-01,8.9827351265354611e+00,8.9827351265354611e+00,9.1414412520158872e-01,1.2341188832136485e+01,1.1589373521462393e+01,0.0000000000000000e+00,6.4317479314024020e+00,6.4317479314024020e+00,7.6483320751618198e+00,6.4317479314024020e+00,1.3912801617987427e+01,1.3912801617987427e+01,1.3912801617987427e+01,6.4317479314024020e+00,4.2031464792464366e+00,4.2031464792464366e+00,1.1589373521462393e+01,1.3912801617987427e+01,1.3912801617987427e+01,1.3912801617987427e+01,5.4094517364795287e+00,1.3912801617987427e+01,8.9827351265354611e+00,9.1414412520158872e-01,1.2341188832136485e+01,6.4317479314024020e+00,4.0183662131007676e+00,8.9827351265354611e+00,1.1589373521462393e+01,4.2031464792464366e+00,1.3912801617987427e+01,6.4317479314024020e+00,1.1589373521462393e+01,1.3912801617987427e+01,6.4317479314024020e+00,1.7570344708173959e+00,4.0183662131007676e+00,4.2031464792464366e+00,1.3912801617987427e+01,1.3912801617987427e+01,6.4317479314024020e+00,7.3475299178529063e+00,8.9827351265354611e+00,1.2341188832136485e+01,1.3912801617987427e+01,1.2341188832136485e+01,4.2031464792464366e+00,6.4317479314024020e+00,1.3912801617987427e+01,1.2341188832136485e+01,1.3912801617987427e+01,1.3912801617987427e+01,4.2031464792464366e+00,7.3475299178529063e+00,1.2341188832136485e+01,1.3912801617987427e+01,1.2341188832136485e+01,7.3475299178529063e+00,7.3475299178529063e+00,1.2341188832136485e+01,1.3912801617987427e+01,6.4317479314024020e+00,1.3912801617987427e+01,8.7390792030052182e+00,1.2341188832136485e+01,4.2031464792464366e+00,0.0000000000000000e+00,1.3912801617987427e+01,1.3912801617987427e+01,1.2154706181032921e+01,1.3912801617987427e+01,9.1414412520158872e-01,1.3912801617987427e+01,1.3912801617987427e+01,1.3912801617987427e+01,1.3912801617987427e+01,6.4317479314024020e+00,1.3912801617987427e+01,1.2154706181032921e+01,1.3912801617987427e+01,4.0183662131007676e+00,4.2031464792464366e+00,4.2031464792464366e+00,4.2031464792464366e+00,1.2341188832136485e+01,1.3912801617987427e+01,1.3912801617987427e+01,1.3912801617987427e+01,9.1414412520158872e-01,1.3912801617987427e+01,1.3912801617987427e+01,1.2341188832136485e+01,1.2154706181032921e+01,1.3912801617987427e+01,1.7570344708173959e+00,1.2154706181032921e+01,1.2341188832136485e+01,5.4094517364795287e+00,1.7570344708173959e+00,1.2341188832136485e+01,1.2341188832136485e+01,1.3912801617987427e+01,8.7390792030052182e+00,1.3912801617987427e+01,8.9827351265354611e+00,8.7390792030052182e+00,1.7570344708173959e+00,2.7998935626339594e+00,2.7998935626339594e+00,1.7570344708173959e+00,6.4317479314024020e+00,1.1589373521462393e+01,8.7390792030052182e+00,8.7390792030052182e+00,5.4094517364795287e+00,6.4317479314024020e+00,2.7998935626339594e+00,2.7998935626339594e+00,1.1589373521462393e+01,7.6483320751618198e+00,2.7998935626339594e+00,1.7570344708173959e+00,9.1414412520158872e-01,5.4094517364795287e+00,1.3912801617987427e+01,1.3912801617987427e+01,2.7998935626339594e+00,1.3912801617987427e+01,1.3912801617987427e+01,1.3912801617987427e+01,6.4317479314024020e+00,1.3912801617987427e+01,1.3912801617987427e+01,9.1414412520158872e-01,5.4094517364795287e+00,6.4317479314024020e+00,1.3912801617987427e+01,4.0183662131007676e+00,1.3912801617987427e+01,1.2154706181032921e+01,9.1414412520158872e-01,1.2341188832136485e+01,1.3912801617987427e+01,1.2341188832136485e+01,1.1589373521462393e+01,1.7570344708173959e+00,4.0183662131007676e+00,0.0000000000000000e+00,1.3912801617987427e+01,4.2031464792464366e+00,5.4094517364795287e+00,1.1589373521462393e+01,7.3475299178529063e+00,2.7998935626339594e+00,1.3912801617987427e+01,4.0183662131007676e+00,1.3912801617987427e+01,0.0000000000000000e+00,1.2341188832136485e+01,1.2341188832136485e+01,0.0000000000000000e+00,2.7998935626339594e+00,1.2154706181032921e+01,1.3912801617987427e+01,1.3912801617987427e+01,1.3912801617987427e+01,6.4317479314024020e+00,8.9827351265354611e+00,7.6483320751618198e+00,8.9827351265354611e+00,7.6483320751618198e+00,7.6483320751618198e+00,1.3912801617987427e+01,8.9827351265354611e+00,8.9827351265354611e+00,1.3912801617987427e+01,7.6483320751618198e+00,1.2154706181032921e+01,1.3912801617987427e+01,1.3912801617987427e+01,1.3912801617987427e+01,7.6483320751618198e+00,8.7390792030052182e+00,7.6483320751618198e+00,1.3912801617987427e+01,0.0000000000000000e+00,1.3912801617987427e+01,1.3912801617987427e+01,7.6483320751618198e+00,1.3912801617987427e+01,8.7390792030052182e+00,2.7998935626339594e+00,1.2341188832136485e+01,1.3912801617987427e+01,1.3912801617987427e+01,4.2031464792464366e+00,6.4317479314024020e+00,1.7570344708173959e+00,1.1589373521462393e+01,1.3912801617987427e+01,6.4317479314024020e+00,7.6483320751618198e+00,7.6483320751618198e+00,1.1589373521462393e+01,0.0000000000000000e+00,6.4317479314024020e+00,4.0183662131007676e+00,8.7390792030052182e+00,1.3912801617987427e+01,1.3912801617987427e+01,8.7390792030052182e+00,1.3912801617987427e+01,1.2154706181032921e+01,1.3912801617987427e+01,1.2154706181032921e+01,7.6483320751618198e+00,1.3912801617987427e+01,1.3912801617987427e+01,1.2154706181032921e+01,1.2154706181032921e+01,1.2154706181032921e+01,0.0000000000000000e+00,1.3912801617987427e+01,1.3912801617987427e+01,6.4317479314024020e+00,8.7390792030052182e+00,1.3912801617987427e+01,1.7570344708173959e+00,1.3912801617987427e+01,0.0000000000000000e+00,0.0000000000000000e+00,1.3912801617987427e+01,8.9827351265354611e+00,1.3912801617987427e+01,1.7570344708173959e+00,1.3912801617987427e+01,1.7570344708173959e+00,1.3912801617987427e+01,1.3912801617987427e+01,8.9827351265354611e+00,4.0183662131007676e+00,8.7390792030052182e+00,1.3912801617987427e+01,6.4317479314024020e+00,8.7390792030052182e+00,1.3912801617987427e+01,1.3912801617987427e+01,8.9827351265354611e+00,8.9827351265354611e+00,8.9827351265354611e+00,8.9827351265354611e+00,8.7390792030052182e+00,1.3912801617987427e+01,4.0183662131007676e+00,1.3912801617987427e+01,1.2154706181032921e+01,2.7998935626339594e+00,4.2031464792464366e+00,2.7998935626339594e+00,1.3912801617987427e+01,4.0183662131007676e+00,1.7570344708173959e+00,1.3912801617987427e+01,4.0183662131007676e+00,4.2031464792464366e+00,4.0183662131007676e+00,1.3912801617987427e+01,8.9827351265354611e+00,1.3912801617987427e+01,4.0183662131007676e+00,8.7390792030052182e+00,8.7390792030052182e+00,8.7390792030052182e+00,1.3912801617987427e+01,1.2154706181032921e+01,0.0000000000000000e+00,1.3912801617987427e+01,1.2154706181032921e+01,7.3475299178529063e+00,1.3912801617987427e+01,1.1589373521462393e+01,4.0183662131007676e+00,8.9827351265354611e+00,1.2341188832136485e+01,5.4094517364795287e+00,7.6483320751618198e+00,1.2154706181032921e+01,7.3475299178529063e+00,1.3912801617987427e+01,1.1589373521462393e+01,4.2031464792464366e+00,8.9827351265354611e+00,4.2031464792464366e+00,5.4094517364795287e+00,1.2154706181032921e+01,8.9827351265354611e+00,8.9827351265354611e+00,7.3475299178529063e+00,1.3912801617987427e+01,4.0183662131007676e+00,5.4094517364795287e+00,1.3912801617987427e+01,1.1589373521462393e+01,1.1589373521462393e+01,1.3912801617987427e+01,1.3912801617987427e+01,1.1589373521462393e+01,1.1589373521462393e+01,1.2341188832136485e+01,1.3912801617987427e+01,6.4317479314024020e+00,1.1589373521462393e+01,1.3912801617987427e+01,1.3912801617987427e+01,4.2031464792464366e+00,8.9827351265354611e+00,1.2154706181032921e+01,4.2031464792464366e+00,8.9827351265354611e+00,4.0183662131007676e+00,7.6483320751618198e+00,1.3912801617987427e+01,9.1414412520158872e-01,5.4094517364795287e+00,7.6483320751618198e+00,1.2154706181032921e+01,6.4317479314024020e+00,1.3912801617987427e+01,1.3912801617987427e+01,0.0000000000000000e+00,7.6483320751618198e+00,0.0000000000000000e+00,1.2341188832136485e+01,1.2154706181032921e+01,8.7390792030052182e+00,1.3912801617987427e+01,1.1589373521462393e+01,1.3912801617987427e+01,1.3912801617987427e+01,8.7390792030052182e+00,4.2031464792464366e+00,1.3912801617987427e+01,4.0183662131007676e+00,1.1589373521462393e+01,0.0000000000000000e+00,1.3912801617987427e+01,8.7390792030052182e+00,1.1589373521462393e+01,7.3475299178529063e+00,4.2031464792464366e+00,1.3912801617987427e+01,2.7998935626339594e+00,5.4094517364795287e+00,1.2154706181032921e+01,0.0000000000000000e+00,6.4317479314024020e+00,6.4317479314024020e+00,1.3912801617987427e+01,1.3912801617987427e+01,1.3912801617987427e+01,6.4317479314024020e+00,4.0183662131007676e+00,4.0183662131007676e+00,0.0000000000000000e+00,5.4094517364795287e+00,1.3912801617987427e+01,1.7570344708173959e+00,1.2341188832136485e+01,1.2341188832136485e+01,7.3475299178529063e+00,1.2154706181032921e+01,1.1589373521462393e+01,1.3912801617987427e+01,2.7998935626339594e+00,7.3475299178529063e+00,1.3912801617987427e+01,5.4094517364795287e+00,1.2154706181032921e+01,1.3912801617987427e+01,8.7390792030052182e+00,1.2341188832136485e+01,1.3912801617987427e+01,8.7390792030052182e+00,1.3912801617987427e+01,5.4094517364795287e+00,8.7390792030052182e+00,0.0000000000000000e+00,1.3912801617987427e+01,1.3912801617987427e+01,4.0183662131007676e+00,4.2031464792464366e+00,1.2154706181032921e+01,8.7390792030052182e+00,9.1414412520158872e-01,1.7570344708173959e+00,1.7570344708173959e+00,1.3912801617987427e+01,0.0000000000000000e+00,1.3912801617987427e+01,4.2031464792464366e+00,9.1414412520158872e-01,1.3912801617987427e+01,9.1414412520158872e-01,1.3912801617987427e+01,8.7390792030052182e+00,6.4317479314024020e+00,1.3912801617987427e+01,1.3912801617987427e+01,1.2341188832136485e+01,1.3912801617987427e+01,1.2341188832136485e+01,8.7390792030052182e+00,1.3912801617987427e+01,1.2154706181032921e+01,7.6483320751618198e+00,1.1589373521462393e+01,8.7390792030052182e+00,1.3912801617987427e+01,1.3912801617987427e+01,4.0183662131007676e+00,4.0183662131007676e+00,8.9827351265354611e+00,0.0000000000000000e+00,1.3912801617987427e+01,5.4094517364795287e+00,1.3912801617987427e+01,1.2341188832136485e+01,5.4094517364795287e+00,5.4094517364795287e+00,5.4094517364795287e+00,1.2341188832136485e+01,8.9827351265354611e+00,8.7390792030052182e+00,1.1589373521462393e+01,1.3912801617987427e+01,1.7570344708173959e+00,8.9827351265354611e+00,4.0183662131007676e+00,1.2154706181032921e+01,1.1589373521462393e+01,1.3912801617987427e+01,8.9827351265354611e+00,5.4094517364795287e+00,1.3912801617987427e+01,8.7390792030052182e+00,9.1414412520158872e-01,1.2154706181032921e+01,1.2154706181032921e+01,8.9827351265354611e+00,1.3912801617987427e+01,1.7570344708173959e+00,7.6483320751618198e+00,1.3912801617987427e+01,9.1414412520158872e-01,4.0183662131007676e+00,0.0000000000000000e+00,2.7998935626339594e+00,8.7390792030052182e+00,2.7998935626339594e+00,7.6483320751618198e+00,1.3912801617987427e+01,8.9827351265354611e+00,1.3912801617987427e+01,9.1414412520158872e-01,9.1414412520158872e-01,1.1589373521462393e+01,8.9827351265354611e+00,8.9827351265354611e+00,7.3475299178529063e+00,8.9827351265354611e+00,7.6483320751618198e+00,7.6483320751618198e+00,2.7998935626339594e+00,1.3912801617987427e+01,8.9827351265354611e+00,1.2341188832136485e+01,2.7998935626339594e+00,1.2154706181032921e+01,1.3912801617987427e+01,1.3912801617987427e+01,4.0183662131007676e+00,1.1589373521462393e+01,1.2341188832136485e+01,1.3912801617987427e+01,1.3912801617987427e+01,1.3912801617987427e+01,8.9827351265354611e+00,1.7570344708173959e+00,7.3475299178529063e+00,1.3912801617987427e+01,1.3912801617987427e+01,2.7998935626339594e+00,8.9827351265354611e+00,4.0183662131007676e+00,8.9827351265354611e+00,4.0183662131007676e+00,8.9827351265354611e+00,9.1414412520158872e-01,1.2154706181032921e+01,1.2154706181032921e+01,1.2154706181032921e+01,1.2341188832136485e+01,6.4317479314024020e+00,1.3912801617987427e+01,1.3912801617987427e+01,4.0183662131007676e+00,1.3912801617987427e+01,6.4317479314024020e+00,1.1589373521462393e+01,8.9827351265354611e+00,8.7390792030052182e+00,4.2031464792464366e+00,4.2031464792464366e+00,1.3912801617987427e+01,1.2154706181032921e+01,4.2031464792464366e+00,1.1589373521462393e+01,1.2154706181032921e+01,1.3912801617987427e+01,1.1589373521462393e+01,0.0000000000000000e+00,7.3475299178529063e+00,8.9827351265354611e+00,1.3912801617987427e+01,7.3475299178529063e+00,1.2154706181032921e+01,1.2154706181032921e+01,1.3912801617987427e+01,9.1414412520158872e-01,1.3912801617987427e+01,0.0000000000000000e+00,6.4317479314024020e+00,1.3912801617987427e+01,6.4317479314024020e+00,1.2154706181032921e+01,1.3912801617987427e+01,1.2154706181032921e+01,0.0000000000000000e+00,8.7390792030052182e+00,1.3912801617987427e+01,7.3475299178529063e+00,7.3475299178529063e+00,8.7390792030052182e+00,4.0183662131007676e+00,4.0183662131007676e+00,4.2031464792464366e+00,1.2154706181032921e+01,4.2031464792464366e+00,1.3912801617987427e+01,7.3475299178529063e+00,9.1414412520158872e-01,8.7390792030052182e+00,7.3475299178529063e+00,8.7390792030052182e+00,1.3912801617987427e+01,1.2341188832136485e+01,1.7570344708173959e+00,7.6483320751618198e+00,5.4094517364795287e+00,1.3912801617987427e+01,1.2154706181032921e+01,1.1589373521462393e+01,2.7998935626339594e+00,1.2154706181032921e+01,8.7390792030052182e+00,1.1589373521462393e+01,8.7390792030052182e+00,8.7390792030052182e+00,6.4317479314024020e+00,1.3912801617987427e+01,1.3912801617987427e+01,8.7390792030052182e+00,8.7390792030052182e+00,7.6483320751618198e+00,1.3912801617987427e+01,8.7390792030052182e+00,1.3912801617987427e+01,2.7998935626339594e+00,1.2154706181032921e+01,8.9827351265354611e+00,1.2154706181032921e+01,1.3912801617987427e+01,4.0183662131007676e+00,1.3912801617987427e+01,4.0183662131007676e+00,4.2031464792464366e+00,1.7570344708173959e+00,1.3912801617987427e+01,8.9827351265354611e+00,4.0183662131007676e+00,1.3912801617987427e+01,8.7390792030052182e+00,9.1414412520158872e-01,8.9827351265354611e+00,1.3912801617987427e+01,1.7570344708173959e+00,8.7390792030052182e+00,1.1589373521462393e+01,1.1589373521462393e+01,1.3912801617987427e+01,9.1414412520158872e-01,1.3912801617987427e+01,8.7390792030052182e+00,1.3912801617987427e+01,1.1589373521462393e+01,1.3912801617987427e+01,7.3475299178529063e+00,1.3912801617987427e+01,8.7390792030052182e+00,1.3912801617987427e+01,1.1589373521462393e+01,2.7998935626339594e+00,8.9827351265354611e+00,7.3475299178529063e+00,7.3475299178529063e+00,1.3912801617987427e+01,0.0000000000000000e+00,8.9827351265354611e+00,8.9827351265354611e+00,8.7390792030052182e+00,8.7390792030052182e+00,8.9827351265354611e+00,8.9827351265354611e+00,4.0183662131007676e+00,8.7390792030052182e+00,1.1589373521462393e+01,8.7390792030052182e+00,8.7390792030052182e+00,8.7390792030052182e+00,1.3912801617987427e+01,1.1589373521462393e+01,7.6483320751618198e+00,1.2341188832136485e+01,1.3912801617987427e+01,1.3912801617987427e+01,1.1589373521462393e+01,8.9827351265354611e+00,1.3912801617987427e+01,8.9827351265354611e+00,7.6483320751618198e+00,1.3912801617987427e+01,4.0183662131007676e+00,1.2341188832136485e+01,1.2341188832136485e+01,7.6483320751618198e+00,1.2341188832136485e+01,8.9827351265354611e+00,1.2154706181032921e+01,1.3912801617987427e+01,1.3912801617987427e+01,1.3912801617987427e+01,8.9827351265354611e+00,1.3912801617987427e+01,8.9827351265354611e+00,7.6483320751618198e+00,1.3912801617987427e+01,9.1414412520158872e-01,9.1414412520158872e-01,7.6483320751618198e+00,9.1414412520158872e-01,8.9827351265354611e+00,1.2154706181032921e+01,9.1414412520158872e-01,0.0000000000000000e+00,1.1589373521462393e+01,1.2154706181032921e+01,8.7390792030052182e+00,1.3912801617987427e+01,4.2031464792464366e+00,8.7390792030052182e+00,4.0183662131007676e+00,8.7390792030052182e+00,8.9827351265354611e+00,1.2154706181032921e+01,1.2341188832136485e+01,8.7390792030052182e+00,1.7570344708173959e+00,7.6483320751618198e+00,0.0000000000000000e+00,7.6483320751618198e+00,4.0183662131007676e+00,7.6483320751618198e+00,0.0000000000000000e+00,9.1414412520158872e-01,1.7570344708173959e+00,8.7390792030052182e+00,7.3475299178529063e+00,8.7390792030052182e+00,7.3475299178529063e+00,8.9827351265354611e+00,2.7998935626339594e+00,1.3912801617987427e+01,1.2154706181032921e+01,4.2031464792464366e+00,8.7390792030052182e+00,1.2154706181032921e+01,8.7390792030052182e+00,1.2154706181032921e+01,1.3912801617987427e+01,8.9827351265354611e+00,4.0183662131007676e+00,1.2154706181032921e+01,9.1414412520158872e-01,9.1414412520158872e-01,7.6483320751618198e+00,9.1414412520158872e-01,1.3912801617987427e+01,8.7390792030052182e+00,8.7390792030052182e+00,7.3475299178529063e+00,1.2154706181032921e+01,1.2341188832136485e+01,4.0183662131007676e+00,1.3912801617987427e+01,2.7998935626339594e+00,4.0183662131007676e+00,8.7390792030052182e+00,9.1414412520158872e-01,1.3912801617987427e+01,8.9827351265354611e+00,1.2154706181032921e+01,8.7390792030052182e+00,8.7390792030052182e+00,8.7390792030052182e+00,5.4094517364795287e+00,8.7390792030052182e+00,8.9827351265354611e+00,8.9827351265354611e+00,1.7570344708173959e+00,1.3912801617987427e+01,8.7390792030052182e+00,4.0183662131007676e+00,1.1589373521462393e+01,1.1589373521462393e+01,9.1414412520158872e-01,1.3912801617987427e+01,1.2341188832136485e+01,1.1589373521462393e+01,8.7390792030052182e+00,8.7390792030052182e+00,2.7998935626339594e+00,8.9827351265354611e+00,8.7390792030052182e+00,1.3912801617987427e+01,8.9827351265354611e+00,1.1589373521462393e+01,1.2154706181032921e+01,0.0000000000000000e+00,4.0183662131007676e+00,9.1414412520158872e-01,1.2341188832136485e+01,8.9827351265354611e+00,1.1589373521462393e+01,2.7998935626339594e+00,8.9827351265354611e+00,8.9827351265354611e+00,4.0183662131007676e+00,1.3912801617987427e+01,8.9827351265354611e+00,1.3912801617987427e+01,1.3912801617987427e+01,1.1589373521462393e+01,6.4317479314024020e+00,9.1414412520158872e-01,6.4317479314024020e+00,7.3475299178529063e+00,8.9827351265354611e+00,8.9827351265354611e+00,1.3912801617987427e+01,1.3912801617987427e+01,8.9827351265354611e+00,1.2341188832136485e+01,1.1589373521462393e+01,8.7390792030052182e+00,1.3912801617987427e+01,1.2154706181032921e+01,8.9827351265354611e+00,1.1589373521462393e+01,4.0183662131007676e+00,1.3912801617987427e+01,6.4317479314024020e+00,4.2031464792464366e+00,1.3912801617987427e+01,1.7570344708173959e+00,1.1589373521462393e+01,8.9827351265354611e+00,1.1589373521462393e+01,4.2031464792464366e+00,4.2031464792464366e+00,1.3912801617987427e+01,1.3912801617987427e+01,9.1414412520158872e-01,8.7390792030052182e+00,7.6483320751618198e+00,7.6483320751618198e+00,1.1589373521462393e+01,1.2341188832136485e+01,1.2341188832136485e+01,1.2341188832136485e+01,1.1589373521462393e+01,1.2154706181032921e+01,8.7390792030052182e+00
3.8034741257113902e+00,1.9060718932190408e+00,3.8034741257113902e+00,3.8034741257113902e+00,1.2961493960076789e+01,1.9060718932190408e+00,1.1059010905550110e+01,1.2961493960076789e+01,1.2961493960076789e+01,1.9060718932190408e+00,6.3283749855323332e+00,6.3283749855323332e+00,1.1359018942077963e+01,1.1359018942077963e+01,1.9060718932190408e+00,1.1764611240912437e+01,1.1359018942077963e+01,1.4709736636363404e+01,1.2961493960076789e+01,1.4709736636363404e+01,1.4709736636363404e+01,1.1359018942077963e+01,1.1359018942077963e+01,5.9122701187677560e+00,7.7192487756034058e+00,7.7192487756034058e+00,8.1163265787127177e+00,8.1163265787127177e+00,1.2961493960076789e+01,1.1764611240912437e+01,8.1163265787127177e+00,1.1359018942077963e+01,1.4709736636363404e+01,1.1059010905550110e+01,1.1059010905550110e+01,1.2961493960076789e+01,1.1764611240912437e+01,1.1359018942077963e+01,8.1163265787127177e+00,1.2961493960076789e+01,1.1059010905550110e+01,1.1059010905550110e+01,3.8034741257113902e+00,2.9714892355768581e+00,1.2961493960076789e+01,1.1359018942077963e+01,1.1359018942077963e+01,1.2961493960076789e+01,1.2961493960076789e+01,1.2961493960076789e+01,1.2961493960076789e+01,8.3921655496829732e+00,1.2961493960076789e+01,5.9122701187677560e+00,5.9122701187677560e+00,3.8034741257113902e+00,8.1163265787127177e+00,2.9714892355768581e+00,1.2961493960076789e+01,1.2961493960076789e+01,1.2961493960076789e+01,1.1059010905550110e+01,1.1059010905550110e+01,4.0911899080815575e+00,1.1359018942077963e+01,1.1764611240912437e+01,3.8034741257113902e+00,1.2961493960076789e+01,1.2961493960076789e+01,1.2961493960076789e+01,2.9714892355768581e+00,2.9714892355768581e+00,1.2961493960076789e+01,6.3283749855323332e+00,2.9714892355768581e+00,1.1764611240912437e+01,1.1764611240912437e+01,9.3944432275212464e-01,8.1163265787127177e+00,1.1059010905550110e+01,1.1764611240912437e+01,8.3921655496829732e+00,6.3283749855323332e+00,8.1163265787127177e+00,1.1359018942077963e+01,1.2961493960076789e+01,1.1764611240912437e+01,8.3921655496829732e+00,1.1059010905550110e+01,5.9122701187677560e+00,1.1359018942077963e+01,5.9122701187677560e+00,2.9714892355768581e+00,7.7192487756034058e+00,1.2961493960076789e+01,6.3283749855323332e+00,7.7192487756034058e+00,8.3921655496829732e+00,1.2961493960076789e+01,1.1059010905550110e+01,1.2961493960076789e+01,0.0000000000000000e+00,1.1764611240912437e+01,7.7192487756034058e+00,1.2961493960076789e+01,1.1764611240912437e+01,1.2961493960076789e+01,1.2961493960076789e+01,7.7192487756034058e+00,1.4709736636363404e+01,1.9060718932190408e+00,1.4709736636363404e+01,4.0911899080815575e+00,1.9060718932190408e+00,9.3944432275212464e-01,1.1764611240912437e+01,1.9060718932190408e+00,7.7192487756034058e+00,3.8034741257113902e+00,6.3283749855323332e+00,6.3283749855323332e+00,6.3283749855323332e+00,6.3283749855323332e+00,1.4709736636363404e+01,5.9122701187677560e+00,1.4709736636363404e+01,1.1059010905550110e+01,0.0000000000000000e+00,6.3283749855323332e+00,6.3283749855323332e+00,4.0911899080815575e+00,0.0000000000000000e+00,1.4709736636363404e+01,1.2961493960076789e+01,1.1764611240912437e+01,8.1163265787127177e+00,1.1059010905550110e+01,1.1359018942077963e+01,1.1764611240912437e+01,1.2961493960076789e+01,1.4709736636363404e+01,8.1163265787127177e+00,4.0911899080815575e+00,1.1764611240912437e+01,1.4709736636363404e+01,6.3283749855323332e+00,4.0911899080815575e+00,1.4709736636363404e+01,1.4709736636363404e+01,1.1764611240912437e+01,1.4709736636363404e+01,7.7192487756034058e+00,7.7192487756034058e+00,7.7192487756034058e+00,4.0911899080815575e+00,1.2961493960076789e+01,1.1764611240912437e+01,1.9060718932190408e+00,1.4709736636363404e+01,1.4709736636363404e+01,6.3283749855323332e+00,1.4709736636363404e+01,7.7192487756034058e+00,1.4709736636363404e+01,1.1764611240912437e+01,1.1764611240912437e+01,1.1059010905550110e+01,8.3921655496829732e+00,4.0911899080815575e+00,1.1059010905550110e+01,1.2961493960076789e+01,1.4709736636363404e+01,3.8034741257113902e+00,1.1059010905550110e+01,1.4709736636363404e+01,1.9060718932190408e+00,1.1764611240912437e+01,7.7192487756034058e+00,8.3921655496829732e+00,8.1163265787127177e+00,0.0000000000000000e+00,2.9714892355768581e+00,4.0911899080815575e+00,1.1764611240912437e+01,1.1764611240912437e+01,2.9714892355768581e+00,2.9714892355768581e+00,1.9060718932190408e+00,1.1764611240912437e+01,1.2961493960076789e+01,7.7192487756034058e+00,1.4709736636363404e+01,3.8034741257113902e+00,1.1059010905550110e+01,6.3283749855323332e+00,1.1359018942077963e+01,1.1359018942077963e+01,2.9714892355768581e+00,7.7192487756034058e+00,1.1359018942077963e+01,4.0911899080815575e+00,8.1163265787127177e+00,1.1059010905550110e+01,9.3944432275212464e-01,1.1059010905550110e+01,1.4709736636363404e+01,1.4709736636363404e+01,8.3921655496829732e+00,6.3283749855323332e+00,7.7192487756034058e+00,8.1163265787127177e+00,1.4709736636363404e+01,1.1359018942077963e+01,1.4709736636363404e+01,1.4709736636363404e+01,0.0000000000000000e+00,3.8034741257113902e+00,1.1059010905550110e+01,1.4709736636363404e+01,1.1359018942077963e+01,6.3283749855323332e+00,8.3921655496829732e+00,1.1359018942077963e+01,3.8034741257113902e+00,8.3921655496829732e+00,1.2961493960076789e+01,1.4709736636363404e+01,1.1359018942077963e+01,6.3283749855323332e+00,1.4709736636363404e+01,8.3921655496829732e+00,1.4709736636363404e+01,1.1764611240912437e+01,1.2961493960076789e+01,1.1059010905550110e+01,2.9714892355768581e+00,1.4709736636363404e+01,1.9060718932190408e+00,7.7192487756034058e+00,1.2961493960076789e+01,1.2961493960076789e+01,3.8034741257113902e+00,1.2961493960076789e+01,1.4709736636363404e+01,1.4709736636363404e+01,1.1359018942077963e+01,2.9714892355768581e+00,5.9122701187677560e+00,1.1359018942077963e+01,1.1359018942077963e+01,1.1359018942077963e+01,1.1764611240912437e+01,1.1359018942077963e+01,1.1359018942077963e+01,1.1059010905550110e+01,3.8034741257113902e+00,1.4709736636363404e+01,1.1359018942077963e+01,1.9060718932190408e+00,1.1359018942077963e+01,6.3283749855323332e+00,8.1163265787127177e+00,1.1059010905550110e+01,1.1059010905550110e+01,1.1059010905550110e+01,1.1059010905550110e+01,1.1059010905550110e+01,8.3921655496829732e+00,1.1059010905550110e+01,1.2961493960076789e+01,7.7192487756034058e+00,1.4709736636363404e+01,1.1359018942077963e+01,1.9060718932190408e+00,2.9714892355768581e+00,1.2961493960076789e+01,1.2961493960076789e+01,2.9714892355768581e+00,1.4709736636363404e+01,1.2961493960076789e+01,1.1764611240912437e+01,1.2961493960076789e+01,1.4709736636363404e+01,5.9122701187677560e+00,5.9122701187677560e+00,1.4709736636363404e+01,1.4709736636363404e+01,1.2961493960076789e+01,1.2961493960076789e+01,1.2961493960076789e+01,1.1359018942077963e+01,1.2961493960076789e+01,1.1359018942077963e+01,4.0911899080815575e+00,3.8034741257113902e+00,1.1359018942077963e+01,1.1359018942077963e+01,1.1359018942077963e+01,1.1359018942077963e+01,1.1359018942077963e+01,8.1163265787127177e+00,2.9714892355768581e+00,1.1764611240912437e+01,1.2961493960076789e+01,3.8034741257113902e+00,8.3921655496829732e+00,8.1163265787127177e+00,1.2961493960076789e+01,1.4709736636363404e+01,5.9122701187677560e+00,5.9122701187677560e+00,3.8034741257113902e+00,1.1359018942077963e+01,1.2961493960076789e+01,1.2961493960076789e+01,3.8034741257113902e+00,1.2961493960076789e+01,5.9122701187677560e+00,5.9122701187677560e+00,1.4709736636363404e+01,1.4709736636363404e+01,1.1764611240912437e+01,5.9122701187677560e+00,4.0911899080815575e+00,1.4709736636363404e+01,8.3921655496829732e+00,8.3921655496829732e+00,6.3283749855323332e+00,3.8034741257113902e+00,1.4709736636363404e+01,1.4709736636363404e+01,2.9714892355768581e+00,5.9122701187677560e+00,1.1359018942077963e+01,1.1059010905550110e+01,8.3921655496829732e+00,1.4709736636363404e+01,5.9122701187677560e+00,1.1359018942077963e+01,1.4709736636363404e+01,1.9060718932190408e+00,0.0000000000000000e+00,8.3921655496829732e+00,8.3921655496829732e+00,8.3921655496829732e+00,6.3283749855323332e+00,1.4709736636363404e+01,1.4709736636363404e+01,1.2961493960076789e+01,1.1059010905550110e+01,8.3921655496829732e+00,1.1059010905550110e+01,9.3944432275212464e-01,1.4709736636363404e+01,1.4709736636363404e+01,5.9122701187677560e+00,1.4709736636363404e+01,1.1359018942077963e+01,2.9714892355768581e+00,2.9714892355768581e+00,0.0000000000000000e+00,1.1359018942077963e+01,1.2961493960076789e+01,8.1163265787127177e+00,8.3921655496829732e+00,7.7192487756034058e+00,9.3944432275212464e-01,1.1059010905550110e+01,1.1059010905550110e+01,1.1059010905550110e+01,8.1163265787127177e+00,4.0911899080815575e+00,1.1059010905550110e+01,1.1059010905550110e+01,1.1059010905550110e+01,1.4709736636363404e+01,2.9714892355768581e+00,1.9060718932190408e+00,1.2961493960076789e+01,7.7192487756034058e+00,8.1163265787127177e+00,1.1359018942077963e+01,6.3283749855323332e+00,2.9714892355768581e+00,5.9122701187677560e+00,5.9122701187677560e+00,1.1764611240912437e+01,1.1764611240912437e+01,1.2961493960076789e+01,0.0000000000000000e+00,8.3921655496829732e+00,1.1059010905550110e+01,1.1059010905550110e+01,9.3944432275212464e-01,1.4709736636363404e+01,1.2961493960076789e+01,1.2961493960076789e+01,1.1764611240912437e+01,8.3921655496829732e+00,3.8034741257113902e+00,3.8034741257113902e+00,1.9060718932190408e+00,8.1163265787127177e+00,1.2961493960076789e+01,1.2961493960076789e+01,4.0911899080815575e+00,8.3921655496829732e+00,1.4709736636363404e+01,4.0911899080815575e+00,1.1059010905550110e+01,8.1163265787127177e+00,3.8034741257113902e+00,1.1359018942077963e+01,2.9714892355768581e+00,2.9714892355768581e+00,1.2961493960076789e+01,1.2961493960076789e+01,1.2961493960076789e+01,1.1059010905550110e+01,1.2961493960076789e+01,1.2961493960076789e+01,1.2961493960076789e+01,9.3944432275212464e-01,1.2961493960076789e+01,0.0000000000000000e+00,1.1359018942077963e+01,9.3944432275212464e-01,8.3921655496829732e+00,1.4709736636363404e+01,7.7192487756034058e+00,1.1059010905550110e+01,1.1359018942077963e+01,1.2961493960076789e+01,1.4709736636363404e+01,6.3283749855323332e+00,8.1163265787127177e+00,8.3921655496829732e+00,8.3921655496829732e+00,0.0000000000000000e+00,1.4709736636363404e+01,8.1163265787127177e+00,9.3944432275212464e-01,1.2961493960076789e+01,1.4709736636363404e+01,1.2961493960076789e+01,8.1163265787127177e+00,1.1764611240912437e+01,1.1764611240912437e+01,8.1163265787127177e+00,1.1764611240912437e+01,1.1059010905550110e+01,1.1059010905550110e+01,8.1163265787127177e+00,1.1359018942077963e+01,2.9714892355768581e+00,1.4709736636363404e+01,1.1764611240912437e+01,1.1764611240912437e+01,4.0911899080815575e+00,1.4709736636363404e+01,1.1764611240912437e+01,1.2961493960076789e+01,1.4709736636363404e+01,1.4709736636363404e+01,1.4709736636363404e+01,1.4709736636363404e+01,1.4709736636363404e+01,1.2961493960076789e+01,1.1764611240912437e+01,1.1359018942077963e+01,1.1359018942077963e+01,1.2961493960076789e+01,1.4709736636363404e+01,1.4709736636363404e+01,1.4709736636363404e+01,1.9060718932190408e+00,3.8034741257113902e+00,1.2961493960076789e+01,1.2961493960076789e+01,1.1059010905550110e+01,2.9714892355768581e+00,7.7192487756034058e+00,1.1764611240912437e+01,8.1163265787127177e+00,4.0911899080815575e+00,1.2961493960076789e+01,1.2961493960076789e+01,3.8034741257113902e+00,1.2961493960076789e+01,1.2961493960076789e+01,1.4709736636363404e+01,1.2961493960076789e+01,1.4709736636363404e+01,9.3944432275212464e-01,1.1359018942077963e+01,8.1163265787127177e+00,0.0000000000000000e+00,1.4709736636363404e+01,1.1359018942077963e+01,1.4709736636363404e+01,8.3921655496829732e+00,9.3944432275212464e-01,2.9714892355768581e+00,1.1764611240912437e+01,1.1764611240912437e+01,1.4709736636363404e+01,1.2961493960076789e+01,1.4709736636363404e+01,1.1764611240912437e+01,1.4709736636363404e+01,7.7192487756034058e+00,1.2961493960076789e+01,1.2961493960076789e+01,1.1059010905550110e+01,4.0911899080815575e+00,1.1059010905550110e+01,1.4709736636363404e+01,1.4709736636363404e+01,1.1359018942077963e+01,7.7192487756034058e+00,0.0000000000000000e+00,1.2961493960076789e+01,6.3283749855323332e+00,1.1764611240912437e+01,1.2961493960076789e+01,0.0000000000000000e+00,1.2961493960076789e+01,1.2961493960076789e+01,1.2961493960076789e+01,2.9714892355768581e+00,1.1359018942077963e+01,1.4709736636363404e+01,6.3283749855323332e+00,3.8034741257113902e+00,1.2961493960076789e+01,7.7192487756034058e+00,1.4709736636363404e+01,9.3944432275212464e-01,1.4709736636363404e+01,1.4709736636363404e+01,0.0000000000000000e+00,1.1764611240912437e+01,1.4709736636363404e+01,1.1764611240912437e+01,1.2961493960076789e+01,4.0911899080815575e+00,5.9122701187677560e+00,1.1764611240912437e+01,1.4709736636363404e+01,8.1163265787127177e+00,2.9714892355768581e+00,7.7192487756034058e+00,2.9714892355768581e+00,1.1764611240912437e+01,1.1764611240912437e+01,7.7192487756034058e+00,1.2961493960076789e+01,1.2961493960076789e+01,1.4709736636363404e+01,1.2961493960076789e+01,1.1059010905550110e+01,9.3944432275212464e-01,1.4709736636363404e+01,1.2961493960076789e+01,1.2961493960076789e+01,4.0911899080815575e+00,1.4709736636363404e+01,5.9122701187677560e+00,2.9714892355768581e+00,1.4709736636363404e+01,8.3921655496829732e+00,1.2961493960076789e+01,4.0911899080815575e+00,1.1359018942077963e+01,5.9122701187677560e+00,1.2961493960076789e+01,1.4709736636363404e+01,1.4709736636363404e+01,1.1059010905550110e+01,1.1059010905550110e+01,1.2961493960076789e+01,1.4709736636363404e+01,8.3921655496829732e+00,8.3921655496829732e+00,2.9714892355768581e+00,8.3921655496829732e+00,9.3944432275212464e-01,8.3921655496829732e+00,3.8034741257113902e+00,8.3921655496829732e+00,1.2961493960076789e+01,8.3921655496829732e+00,1.9060718932190408e+00,1.4709736636363404e+01,5.9122701187677560e+00,1.4709736636363404e+01,1.2961493960076789e+01,3.8034741257113902e+00,0.0000000000000000e+00,8.3921655496829732e+00,1.9060718932190408e+00,4.0911899080815575e+00,1.4709736636363404e+01,1.4709736636363404e+01,8.1163265787127177e+00,1.4709736636363404e+01,6.3283749855323332e+00,1.4709736636363404e+01,7.7192487756034058e+00,1.2961493960076789e+01,1.2961493960076789e+01,1.4709736636363404e+01,1.4709736636363404e+01,1.2961493960076789e+01,1.2961493960076789e+01,1.2961493960076789e+01,1.1764611240912437e+01,1.4709736636363404e+01,1.2961493960076789e+01,1.1059010905550110e+01,1.4709736636363404e+01,1.2961493960076789e+01,8.1163265787127177e+00,8.1163265787127177e+00,8.1163265787127177e+00,1.1359018942077963e+01,1.1359018942077963e+01,1.2961493960076789e+01,1.2961493960076789e+01,2.9714892355768581e+00,1.2961493960076789e+01,1.2961493960076789e+01,1.2961493960076789e+01,1.1764611240912437e+01,3.8034741257113902e+00,3.8034741257113902e+00,1.1764611240912437e+01,4.0911899080815575e+00,1.1764611240912437e+01,1.1059010905550110e+01,1.1764611240912437e+01,2.9714892355768581e+00,1.1059010905550110e+01,1.1059010905550110e+01,0.0000000000000000e+00,1.2961493960076789e+01,1.1359018942077963e+01,1.2961493960076789e+01,1.2961493960076789e+01,1.9060718932190408e+00,1.2961493960076789e+01,7.7192487756034058e+00,1.1059010905550110e+01,1.4709736636363404e+01,0.0000000000000000e+00,1.2961493960076789e+01,1.2961493960076789e+01,1.1059010905550110e+01,1.2961493960076789e+01,1.2961493960076789e+01,0.0000000000000000e+00,8.3921655496829732e+00,1.2961493960076789e+01,1.2961493960076789e+01,5.9122701187677560e+00,8.1163265787127177e+00,4.0911899080815575e+00,1.2961493960076789e+01,4.0911899080815575e+00,8.3921655496829732e+00,6.3283749855323332e+00,3.8034741257113902e+00,4.0911899080815575e+00,4.0911899080815575e+00,0.0000000000000000e+00,9.3944432275212464e-01,8.3921655496829732e+00,1.1059010905550110e+01,1.1059010905550110e+01,1.2961493960076789e+01,1.1059010905550110e+01,1.4709736636363404e+01,8.3921655496829732e+00,1.1764611240912437e+01,0.0000000000000000e+00,1.4709736636363404e+01,1.4709736636363404e+01,8.3921655496829732e+00,1.2961493960076789e+01,9.3944432275212464e-01,1.1359018942077963e+01,1.2961493960076789e+01,4.0911899080815575e+00,4.0911899080815575e+00,1.4709736636363404e+01,1.1764611240912437e+01,1.2961493960076789e+01,9.3944432275212464e-01,1.4709736636363404e+01,4.0911899080815575e+00,1.1764611240912437e+01,1.1764611240912437e+01,1.2961493960076789e+01,1.2961493960076789e+01,1.1059010905550110e+01,1.1764611240912437e+01,1.1059010905550110e+01,1.1764611240912437e+01,8.1163265787127177e+00,9.3944432275212464e-01,1.1359018942077963e+01,3.8034741257113902e+00,1.1359018942077963e+01,3.8034741257113902e+00,1.2961493960076789e+01,1.1359018942077963e+01,6.3283749855323332e+00,1.4709736636363404e+01,9.3944432275212464e-01,1.1359018942077963e+01,1.1359018942077963e+01,1.1359018942077963e+01,8.1163265787127177e+00,1.1359018942077963e+01,6.3283749855323332e+00,1.9060718932190408e+00,1.4709736636363404e+01,8.3921655496829732e+00,1.2961493960076789e+01,1.1059010905550110e+01,1.2961493960076789e+01,1.1764611240912437e+01,4.0911899080815575e+00,1.4709736636363404e+01,1.1059010905550110e+01,1.1059010905550110e+01,8.1163265787127177e+00,8.1163265787127177e+00,1.9060718932190408e+00,7.7192487756034058e+00,1.2961493960076789e+01,1.2961493960076789e+01,1.2961493960076789e+01,1.2961493960076789e+01,6.3283749855323332e+00,1.2961493960076789e+01,1.1059010905550110e+01,3.8034741257113902e+00,3.8034741257113902e+00,6.3283749855323332e+00,3.8034741257113902e+00,1.1764611240912437e+01,5.9122701187677560e+00,1.2961493960076789e+01,6.3283749855323332e+00,1.2961493960076789e+01,7.7192487756034058e+00,1.4709736636363404e+01,1.4709736636363404e+01,2.9714892355768581e+00,8.3921655496829732e+00,1.4709736636363404e+01,1.4709736636363404e+01,1.4709736636363404e+01,1.4709736636363404e+01,1.2961493960076789e+01,1.2961493960076789e+01,1.2961493960076789e+01,1.1059010905550110e+01,1.1059010905550110e+01,1.1764611240912437e+01,1.4709736636363404e+01,5.9122701187677560e+00,0.0000000000000000e+00,8.3921655496829732e+00,1.2961493960076789e+01,8.3921655496829732e+00,6.3283749855323332e+00,5.9122701187677560e+00,1.1764611240912437e+01,1.1764611240912437e+01,4.0911899080815575e+00,1.1059010905550110e+01,0.0000000000000000e+00,1.2961493960076789e+01,1.2961493960076789e+01,7.7192487756034058e+00,1.2961493960076789e+01,7.7192487756034058e+00,1.2961493960076789e+01,1.2961493960076789e+01,8.3921655496829732e+00,9.3944432275212464e-01,4.0911899080815575e+00,9.3944432275212464e-01,1.1764611240912437e+01,1.2961493960076789e+01,1.2961493960076789e+01,7.7192487756034058e+00,1.9060718932190408e+00,1.4709736636363404e+01,1.1764611240912437e+01,1.1764611240912437e+01,1.1764611240912437e+01,7.7192487756034058e+00,7.7192487756034058e+00,1.1764611240912437e+01,1.1764611240912437e+01,4.0911899080815575e+00,8.3921655496829732e+00,7.7192487756034058e+00,1.1764611240912437e+01,9.3944432275212464e-01,7.7192487756034058e+00,1.1764611240912437e+01,1.4709736636363404e+01,1.1359018942077963e+01,1.1359018942077963e+01,1.1359018942077963e+01,3.8034741257113902e+00,1.1764611240912437e+01,1.1764611240912437e+01,1.1359018942077963e+01,2.9714892355768581e+00,3.8034741257113902e+00,1.1764611240912437e+01,1.1059010905550110e+01,3.8034741257113902e+00,7.7192487756034058e+00,1.1359018942077963e+01,1.1359018942077963e+01,1.1059010905550110e+01,1.4709736636363404e+01,1.1764611240912437e+01,8.1163265787127177e+00,4.0911899080815575e+00,8.3921655496829732e+00,1.1359018942077963e+01,8.3921655496829732e+00,6.3283749855323332e+00,8.3921655496829732e+00,5.9122701187677560e+00,5.9122701187677560e+00,8.1163265787127177e+00,1.9060718932190408e+00,5.9122701187677560e+00,1.4709736636363404e+01,9.3944432275212464e-01,1.1764611240912437e+01,3.8034741257113902e+00,3.8034741257113902e+00,1.4709736636363404e+01,1.1764611240912437e+01,1.4709736636363404e+01,7.7192487756034058e+00,1.1059010905550110e+01,1.2961493960076789e+01,5.9122701187677560e+00,2.9714892355768581e+00,1.4709736636363404e+01,0.0000000000000000e+00,1.1764611240912437e+01,1.2961493960076789e+01,1.2961493960076789e+01,1.4709736636363404e+01,1.1764611240912437e+01,5.9122701187677560e+00,3.8034741257113902e+00,1.4709736636363404e+01,1.4709736636363404e+01,1.1359018942077963e+01,1.2961493960076789e+01,1.1359018942077963e+01,1.4709736636363404e+01,1.1359018942077963e+01,8.1163265787127177e+00,1.1059010905550110e+01,1.1059010905550110e+01,1.1059010905550110e+01,5.9122701187677560e+00,8.3921655496829732e+00,1.4709736636363404e+01,1.2961493960076789e+01,1.2961493960076789e+01,7.7192487756034058e+00,3.8034741257113902e+00,1.9060718932190408e+00,1.1059010905550110e+01,8.1163265787127177e+00,1.1764611240912437e+01,1.2961493960076789e+01,1.4709736636363404e+01,3.8034741257113902e+00,1.2961493960076789e+01,8.3921655496829732e+00,1.4709736636363404e+01,1.4709736636363404e+01,1.1059010905550110e+01,1.2961493960076789e+01,1.4709736636363404e+01,6.3283749855323332e+00,1.4709736636363404e+01,1.1764611240912437e+01,5.9122701187677560e+00,2.9714892355768581e+00,8.3921655496829732e+00,8.3921655496829732e+00,6.3283749855323332e+00,1.1359018942077963e+01,1.1359018942077963e+01,1.1359018942077963e+01,1.1359018942077963e+01,8.3921655496829732e+00,8.3921655496829732e+00,9.3944432275212464e-01,6.3283749855323332e+00,1.4709736636363404e+01,1.1059010905550110e+01,1.1764611240912437e+01,5.9122701187677560e+00,1.1359018942077963e+01,1.4709736636363404e+01,2.9714892355768581e+00,1.1764611240912437e+01,2.9714892355768581e+00,1.2961493960076789e+01,5.9122701187677560e+00,1.2961493960076789e+01,2.9714892355768581e+00,7.7192487756034058e+00,1.1059010905550110e+01,1.4709736636363404e+01,1.4709736636363404e+01,1.1059010905550110e+01,2.9714892355768581e+00,1.1359018942077963e+01,8.3921655496829732e+00,4.0911899080815575e+00,8.1163265787127177e+00,4.0911899080815575e+00,4.0911899080815575e+00,1.2961493960076789e+01,1.4709736636363404e+01,3.8034741257113902e+00,1.1764611240912437e+01,6.3283749855323332e+00,8.1163265787127177e+00,1.4709736636363404e+01,2.9714892355768581e+00,6.3283749855323332e+00,8.1163265787127177e+00,6.3283749855323332e+00,6.3283749855323332e+00,1.1059010905550110e+01,1.1059010905550110e+01,8.3921655496829732e+00,1.1359018942077963e+01,1.1059010905550110e+01,4.0911899080815575e+00,1.4709736636363404e+01,1.1059010905550110e+01,1.4709736636363404e+01,1.2961493960076789e+01,4.0911899080815575e+00,1.1764611240912437e+01,1.1059010905550110e+01,1.1764611240912437e+01,4.0911899080815575e+00,1.1059010905550110e+01,1.4709736636363404e+01,1.4709736636363404e+01,8.1163265787127177e+00,1.4709736636363404e+01,1.4709736636363404e+01,8.3921655496829732e+00,1.4709736636363404e+01,1.4709736636363404e+01,9.3944432275212464e-01,8.3921655496829732e+00,1.4709736636363404e+01,8.3921655496829732e+00,8.3921655496829732e+00,1.2961493960076789e+01,7.7192487756034058e+00,1.1059010905550110e+01,1.2961493960076789e+01,8.3921655496829732e+00,1.1059010905550110e+01,1.1059010905550110e+01,1.1359018942077963e+01,6.3283749855323332e+00,1.2961493960076789e+01,1.1059010905550110e+01,1.9060718932190408e+00,1.9060718932190408e+00,1.2961493960076789e+01,1.2961493960076789e+01,2.9714892355768581e+00,8.3921655496829732e+00,5.9122701187677560e+00
9.8350915954478264e+00,1.3874486020040170e+01,1.2114427186549740e+01,4.7315725066255299e+00,1.2114427186549740e+01,9.8350915954478264e+00,7.2641223324611799e+00,1.3874486020040170e+01,8.9572112918917568e-01,1.2114427186549740e+01,1.2114427186549740e+01,1.3440444186139432e+01,1.3874486020040170e+01,1.3440444186139432e+01,1.3440444186139432e+01,8.9572112918917568e-01,2.5700002336458838e+00,1.3440444186139432e+01,2.5700002336458838e+00,1.3874486020040170e+01,1.3874486020040170e+01,7.2641223324611799e+00,2.5700002336458838e+00,7.2641223324611799e+00,1.3874486020040170e+01,1.3874486020040170e+01,8.4464439500276622e+00,8.4464439500276622e+00,2.5700002336458838e+00,1.3440444186139432e+01,7.2641223324611799e+00,1.2114427186549740e+01,1.2114427186549740e+01,1.3440444186139432e+01,1.3440444186139432e+01,1.3440444186139432e+01,7.2641223324611799e+00,1.2114427186549740e+01,0.0000000000000000e+00,1.2114427186549740e+01,2.5700002336458838e+00,1.3874486020040170e+01,0.0000000000000000e+00,1.8076288460222298e+00,1.3440444186139432e+01,2.5700002336458838e+00,1.8076288460222298e+00,6.8806386383884686e+00,1.2114427186549740e+01,1.2114427186549740e+01,6.8806386383884686e+00,4.7315725066255299e+00,1.3874486020040170e+01,9.8350915954478264e+00,9.8350915954478264e+00,1.3874486020040170e+01,1.3874486020040170e+01,1.2114427186549740e+01,8.9572112918917568e-01,1.3874486020040170e+01,1.3874486020040170e+01,4.7315725066255299e+00,9.8350915954478264e+00,9.8350915954478264e+00,3.7589415414344480e+00,1.2114427186549740e+01,1.3874486020040170e+01,7.2641223324611799e+00,4.7315725066255299e+00,9.8350915954478264e+00,3.7589415414344480e+00,5.9783353748301158e+00,7.2641223324611799e+00,5.9783353748301158e+00,1.3440444186139432e+01,9.5919069141828750e+00,9.5919069141828750e+00,4.7315725066255299e+00,5.9783353748301158e+00,9.5919069141828750e+00,5.9783353748301158e+00,8.4464439500276622e+00,1.3440444186139432e+01,8.4464439500276622e+00,8.4464439500276622e+00,9.8350915954478264e+00,9.5919069141828750e+00,1.3874486020040170e+01,1.3440444186139432e+01,1.0312140272833243e+01,1.3874486020040170e+01,9.5919069141828750e+00,1.3874486020040170e+01,1.8076288460222298e+00,6.8806386383884686e+00,6.8806386383884686e+00,6.8806386383884686e+00,9.5919069141828750e+00,9.5919069141828750e+00,1.2114427186549740e+01,1.2114427186549740e+01,9.8350915954478264e+00,1.2114427186549740e+01,4.7315725066255299e+00,1.2114427186549740e+01,9.8350915954478264e+00,1.2114427186549740e+01,9.8350915954478264e+00,1.0312140272833243e+01,1.3874486020040170e+01,1.2114427186549740e+01,7.2641223324611799e+00,9.8350915954478264e+00,1.3874486020040170e+01,4.7315725066255299e+00,3.7589415414344480e+00,9.8350915954478264e+00,1.2114427186549740e+01,1.2114427186549740e+01,1.0312140272833243e+01,1.8076288460222298e+00,9.8350915954478264e+00,8.9572112918917568e-01,9.8350915954478264e+00,4.7315725066255299e+00,7.2641223324611799e+00,1.2114427186549740e+01,1.2114427186549740e+01,1.2114427186549740e+01,1.8076288460222298e+00,1.2114427186549740e+01,1.2114427186549740e+01,8.4464439500276622e+00,1.2114427186549740e+01,1.8076288460222298e+00,1.2114427186549740e+01,7.2641223324611799e+00,1.8076288460222298e+00,9.8350915954478264e+00,9.8350915954478264e+00,1.2114427186549740e+01,1.3874486020040170e+01,5.9783353748301158e+00,9.5919069141828750e+00,0.0000000000000000e+00,1.2114427186549740e+01,9.5919069141828750e+00,8.9572112918917568e-01,8.9572112918917568e-01,5.9783353748301158e+00,9.5919069141828750e+00,5.9783353748301158e+00,2.5700002336458838e+00,9.5919069141828750e+00,1.2114427186549740e+01,1.2114427186549740e+01,0.0000000000000000e+00,1.3440444186139432e+01,1.2114427186549740e+01,5.9783353748301158e+00,1.2114427186549740e+01,1.3440444186139432e+01,1.2114427186549740e+01,1.2114427186549740e+01,0.0000000000000000e+00,2.5700002336458838e+00,2.5700002336458838e+00,6.8806386383884686e+00,6.8806386383884686e+00,0.0000000000000000e+00,1.3874486020040170e+01,1.2114427186549740e+01,9.5919069141828750e+00,1.2114427186549740e+01,1.3874486020040170e+01,1.3440444186139432e+01,1.3440444186139432e+01,8.9572112918917568e-01,9.5919069141828750e+00,3.7589415414344480e+00,0.0000000000000000e+00,6.8806386383884686e+00,9.8350915954478264e+00,1.0312140272833243e+01,1.2114427186549740e+01,1.0312140272833243e+01,6.8806386383884686e+00,8.4464439500276622e+00,1.2114427186549740e+01,1.2114427186549740e+01,4.7315725066255299e+00,1.2114427186549740e+01,8.9572112918917568e-01,5.9783353748301158e+00,8.9572112918917568e-01,3.7589415414344480e+00,1.2114427186549740e+01,9.8350915954478264e+00,1.2114427186549740e+01,1.3440444186139432e+01,9.8350915954478264e+00,8.9572112918917568e-01,1.0312140272833243e+01,8.4464439500276622e+00,8.4464439500276622e+00,1.2114427186549740e+01,2.5700002336458838e+00,3.7589415414344480e+00,8.4464439500276622e+00,1.2114427186549740e+01,7.2641223324611799e+00,1.0312140272833243e+01,3.7589415414344480e+00,3.7589415414344480e+00,1.3874486020040170e+01,1.3874486020040170e+01,1.2114427186549740e+01,7.2641223324611799e+00,3.7589415414344480e+00,1.2114427186549740e+01,1.0312140272833243e+01,4.7315725066255299e+00,1.2114427186549740e+01,1.0312140272833243e+01,9.8350915954478264e+00,9.8350915954478264e+00,1.3874486020040170e+01,1.2114427186549740e+01,8.9572112918917568e-01,9.5919069141828750e+00,1.2114427186549740e+01,1.2114427186549740e+01,9.8350915954478264e+00,1.3440444186139432e+01,7.2641223324611799e+00,1.3874486020040170e+01,8.4464439500276622e+00,4.7315725066255299e+00,7.2641223324611799e+00,9.8350915954478264e+00,9.8350915954478264e+00,9.8350915954478264e+00,1.3874486020040170e+01,1.0312140272833243e+01,1.3440444186139432e+01,1.2114427186549740e+01,1.2114427186549740e+01,6.8806386383884686e+00,1.3440444186139432e+01,4.7315725066255299e+00,4.7315725066255299e+00,9.5919069141828750e+00,6.8806386383884686e+00,1.0312140272833243e+01,1.0312140272833243e+01,9.5919069141828750e+00,1.3874486020040170e+01,8.4464439500276622e+00,3.7589415414344480e+00,1.2114427186549740e+01,5.9783353748301158e+00,8.9572112918917568e-01,1.0312140272833243e+01,1.0312140272833243e+01,1.3874486020040170e+01,8.4464439500276622e+00,6.8806386383884686e+00,1.3440444186139432e+01,0.0000000000000000e+00,4.7315725066255299e+00,8.4464439500276622e+00,1.0312140272833243e+01,6.8806386383884686e+00,1.3440444186139432e+01,6.8806386383884686e+00,0.0000000000000000e+00,3.7589415414344480e+00,6.8806386383884686e+00,1.3874486020040170e+01,1.2114427186549740e+01,6.8806386383884686e+00,5.9783353748301158e+00,1.0312140272833243e+01,1.0312140272833243e+01,7.2641223324611799e+00,1.2114427186549740e+01,1.0312140272833243e+01,1.2114427186549740e+01,5.9783353748301158e+00,8.9572112918917568e-01,1.2114427186549740e+01,7.2641223324611799e+00,1.8076288460222298e+00,9.5919069141828750e+00,4.7315725066255299e+00,6.8806386383884686e+00,2.5700002336458838e+00,7.2641223324611799e+00,9.8350915954478264e+00,6.8806386383884686e+00,1.8076288460222298e+00,9.5919069141828750e+00,1.3874486020040170e+01,9.8350915954478264e+00,7.2641223324611799e+00,7.2641223324611799e+00,9.8350915954478264e+00,1.2114427186549740e+01,2.5700002336458838e+00,9.8350915954478264e+00,9.8350915954478264e+00,4.7315725066255299e+00,8.4464439500276622e+00,6.8806386383884686e+00,9.8350915954478264e+00,9.5919069141828750e+00,6.8806386383884686e+00,9.8350915954478264e+00,9.5919069141828750e+00,4.7315725066255299e+00,9.8350915954478264e+00,9.8350915954478264e+00,9.8350915954478264e+00,4.7315725066255299e+00,2.5700002336458838e+00,8.9572112918917568e-01,1.2114427186549740e+01,2.5700002336458838e+00,8.9572112918917568e-01,6.8806386383884686e+00,6.8806386383884686e+00,7.2641223324611799e+00,7.2641223324611799e+00,1.2114427186549740e+01,8.4464439500276622e+00,1.2114427186549740e+01,7.2641223324611799e+00,1.2114427186549740e+01,4.7315725066255299e+00,9.8350915954478264e+00,8.4464439500276622e+00,9.5919069141828750e+00,9.5919069141828750e+00,2.5700002336458838e+00,0.0000000000000000e+00,0.0000000000000000e+00,2.5700002336458838e+00,8.4464439500276622e+00,8.4464439500276622e+00,2.5700002336458838e+00,6.8806386383884686e+00,1.8076288460222298e+00,4.7315725066255299e+00,1.2114427186549740e+01,9.8350915954478264e+00,3.7589415414344480e+00,9.8350915954478264e+00,9.5919069141828750e+00,1.0312140272833243e+01,9.8350915954478264e+00,7.2641223324611799e+00,5.9783353748301158e+00,2.5700002336458838e+00,2.5700002336458838e+00,7.2641223324611799e+00,6.8806386383884686e+00,1.3874486020040170e+01,1.3874486020040170e+01,6.8806386383884686e+00,6.8806386383884686e+00,8.4464439500276622e+00,8.4464439500276622e+00,8.4464439500276622e+00,8.4464439500276622e+00,9.8350915954478264e+00,1.8076288460222298e+00,1.0312140272833243e+01,5.9783353748301158e+00,9.8350915954478264e+00,7.2641223324611799e+00,1.2114427186549740e+01,7.2641223324611799e+00,9.5919069141828750e+00,0.0000000000000000e+00,4.7315725066255299e+00,1.0312140272833243e+01,4.7315725066255299e+00,1.2114427186549740e+01,1.2114427186549740e+01,2.5700002336458838e+00,8.4464439500276622e+00,1.2114427186549740e+01,7.2641223324611799e+00,6.8806386383884686e+00,9.8350915954478264e+00,0.0000000000000000e+00,2.5700002336458838e+00,8.9572112918917568e-01,1.3874486020040170e+01,2.5700002336458838e+00,1.3874486020040170e+01,1.2114427186549740e+01,4.7315725066255299e+00,4.7315725066255299e+00,1.2114427186549740e+01,1.8076288460222298e+00,1.2114427186549740e+01,2.5700002336458838e+00,1.2114427186549740e+01,9.5919069141828750e+00,8.4464439500276622e+00,8.4464439500276622e+00,1.3440444186139432e+01,3.7589415414344480e+00,1.3440444186139432e+01,1.3440444186139432e+01,7.2641223324611799e+00,2.5700002336458838e+00,7.2641223324611799e+00,9.8350915954478264e+00,4.7315725066255299e+00,7.2641223324611799e+00,9.8350915954478264e+00,8.4464439500276622e+00,7.2641223324611799e+00,8.4464439500276622e+00,8.4464439500276622e+00,2.5700002336458838e+00,1.3440444186139432e+01,4.7315725066255299e+00,1.3440444186139432e+01,2.5700002336458838e+00,1.3440444186139432e+01,1.3874486020040170e+01,1.3874486020040170e+01,4.7315725066255299e+00,7.2641223324611799e+00,7.2641223324611799e+00,9.5919069141828750e+00,1.3440444186139432e+01,7.2641223324611799e+00,7.2641223324611799e+00,1.3440444186139432e+01,1.3874486020040170e+01,9.5919069141828750e+00,9.8350915954478264e+00,9.5919069141828750e+00,5.9783353748301158e+00,1.3874486020040170e+01,3.7589415414344480e+00,2.5700002336458838e+00,5.9783353748301158e+00,1.0312140272833243e+01,3.7589415414344480e+00,1.8076288460222298e+00,1.3874486020040170e+01,0.0000000000000000e+00,5.9783353748301158e+00,7.2641223324611799e+00,9.8350915954478264e+00,1.8076288460222298e+00,1.3874486020040170e+01,2.5700002336458838e+00,1.3874486020040170e+01,8.4464439500276622e+00,1.2114427186549740e+01,1.8076288460222298e+00,9.8350915954478264e+00,9.8350915954478264e+00,1.3874486020040170e+01,5.9783353748301158e+00,1.3440444186139432e+01,8.4464439500276622e+00,6.8806386383884686e+00,1.3874486020040170e+01,1.2114427186549740e+01,8.9572112918917568e-01,1.3874486020040170e+01,1.3874486020040170e+01,3.7589415414344480e+00,8.9572112918917568e-01,1.3874486020040170e+01,1.3874486020040170e+01,1.2114427186549740e+01,1.2114427186549740e+01,1.2114427186549740e+01,7.2641223324611799e+00,1.2114427186549740e+01,1.0312140272833243e+01,1.2114427186549740e+01,0.0000000000000000e+00,1.3440444186139432e+01,1.3440444186139432e+01,1.3874486020040170e+01,1.3440444186139432e+01,0.0000000000000000e+00,8.4464439500276622e+00,1.3874486020040170e+01,1.3440444186139432e+01,8.4464439500276622e+00,7.2641223324611799e+00,2.5700002336458838e+00,1.0312140272833243e+01,1.3874486020040170e+01,1.3874486020040170e+01,1.3874486020040170e+01,4.7315725066255299e+00,1.0312140272833243e+01,9.5919069141828750e+00,1.8076288460222298e+00,9.8350915954478264e+00,1.2114427186549740e+01,9.5919069141828750e+00,9.8350915954478264e+00,1.8076288460222298e+00,0.0000000000000000e+00,2.5700002336458838e+00,1.2114427186549740e+01,1.0312140272833243e+01,6.8806386383884686e+00,1.3874486020040170e+01,1.3874486020040170e+01,6.8806386383884686e+00,1.3440444186139432e+01,7.2641223324611799e+00,1.3440444186139432e+01,6.8806386383884686e+00,1.0312140272833243e+01,1.3874486020040170e+01,9.8350915954478264e+00,1.3874486020040170e+01,5.9783353748301158e+00,5.9783353748301158e+00,5.9783353748301158e+00,1.3874486020040170e+01,1.0312140272833243e+01,4.7315725066255299e+00,3.7589415414344480e+00,1.2114427186549740e+01,1.2114427186549740e+01,1.3440444186139432e+01,1.3874486020040170e+01,7.2641223324611799e+00,1.2114427186549740e+01,7.2641223324611799e+00,1.3874486020040170e+01,1.0312140272833243e+01,1.0312140272833243e+01,1.3874486020040170e+01,1.2114427186549740e+01,1.2114427186549740e+01,1.3440444186139432e+01,9.8350915954478264e+00,3.7589415414344480e+00,1.2114427186549740e+01,4.7315725066255299e+00,3.7589415414344480e+00,7.2641223324611799e+00,2.5700002336458838e+00,9.5919069141828750e+00,1.2114427186549740e+01,1.0312140272833243e+01,7.2641223324611799e+00,9.8350915954478264e+00,1.0312140272833243e+01,1.0312140272833243e+01,5.9783353748301158e+00,1.3440444186139432e+01,6.8806386383884686e+00,2.5700002336458838e+00,9.5919069141828750e+00,6.8806386383884686e+00,1.3440444186139432e+01,1.3440444186139432e+01,1.3874486020040170e+01,1.3874486020040170e+01,5.9783353748301158e+00,5.9783353748301158e+00,5.9783353748301158e+00,9.5919069141828750e+00,9.5919069141828750e+00,6.8806386383884686e+00,6.8806386383884686e+00,9.5919069141828750e+00,2.5700002336458838e+00,9.5919069141828750e+00,8.9572112918917568e-01,3.7589415414344480e+00,9.5919069141828750e+00,9.8350915954478264e+00,1.0312140272833243e+01,1.3874486020040170e+01,6.8806386383884686e+00,1.0312140272833243e+01,7.2641223324611799e+00,1.0312140272833243e+01,1.2114427186549740e+01,4.7315725066255299e+00,1.8076288460222298e+00,3.7589415414344480e+00,1.3440444186139432e+01,4.7315725066255299e+00,4.7315725066255299e+00,1.0312140272833243e+01,1.3440444186139432e+01,1.3874486020040170e+01,1.0312140272833243e+01,1.2114427186549740e+01,8.4464439500276622e+00,1.2114427186549740e+01,3.7589415414344480e+00,1.0312140272833243e+01,9.5919069141828750e+00,9.5919069141828750e+00,9.5919069141828750e+00,9.5919069141828750e+00,3.7589415414344480e+00,1.3874486020040170e+01,1.2114427186549740e+01,1.2114427186549740e+01,9.5919069141828750e+00,1.3874486020040170e+01,9.5919069141828750e+00,8.9572112918917568e-01,6.8806386383884686e+00,1.8076288460222298e+00,1.0312140272833243e+01,1.0312140272833243e+01,3.7589415414344480e+00,9.8350915954478264e+00,9.5919069141828750e+00,1.3440444186139432e+01,1.3440444186139432e+01,3.7589415414344480e+00,3.7589415414344480e+00,9.5919069141828750e+00,1.2114427186549740e+01,1.0312140272833243e+01,1.0312140272833243e+01,1.3440444186139432e+01,9.5919069141828750e+00,1.8076288460222298e+00,5.9783353748301158e+00,2.5700002336458838e+00,1.3874486020040170e+01,1.0312140272833243e+01,2.5700002336458838e+00,1.0312140272833243e+01,1.0312140272833243e+01,3.7589415414344480e+00,1.3874486020040170e+01,1.0312140272833243e+01,2.5700002336458838e+00,1.3874486020040170e+01,1.0312140272833243e+01,8.4464439500276622e+00,1.0312140272833243e+01,9.8350915954478264e+00,2.5700002336458838e+00,9.8350915954478264e+00,8.4464439500276622e+00,1.8076288460222298e+00,6.8806386383884686e+00,0.0000000000000000e+00,9.5919069141828750e+00,1.3874486020040170e+01,9.5919069141828750e+00,1.0312140272833243e+01,3.7589415414344480e+00,1.8076288460222298e+00,1.0312140272833243e+01,6.8806386383884686e+00,0.0000000000000000e+00,1.0312140272833243e+01,1.3440444186139432e+01,6.8806386383884686e+00,9.5919069141828750e+00,1.3874486020040170e+01,1.3874486020040170e+01,8.4464439500276622e+00,4.7315725066255299e+00,1.0312140272833243e+01,1.3440444186139432e+01,5.9783353748301158e+00,5.9783353748301158e+00,8.4464439500276622e+00,8.4464439500276622e+00,7.2641223324611799e+00,6.8806386383884686e+00,6.8806386383884686e+00,8.4464439500276622e+00,8.4464439500276622e+00,1.0312140272833243e+01,9.5919069141828750e+00,1.3440444186139432e+01,1.3874486020040170e+01,1.3874486020040170e+01,1.3874486020040170e+01,1.2114427186549740e+01,1.2114427186549740e+01,8.4464439500276622e+00,8.9572112918917568e-01,1.2114427186549740e+01,6.8806386383884686e+00,9.5919069141828750e+00,8.4464439500276622e+00,9.5919069141828750e+00,7.2641223324611799e+00,9.8350915954478264e+00,9.8350915954478264e+00,7.2641223324611799e+00,7.2641223324611799e+00,1.3874486020040170e+01,5.9783353748301158e+00,6.8806386383884686e+00,9.5919069141828750e+00,1.3874486020040170e+01,1.8076288460222298e+00,3.7589415414344480e+00,1.2114427186549740e+01,8.4464439500276622e+00,1.3874486020040170e+01,3.7589415414344480e+00,5.9783353748301158e+00,6.8806386383884686e+00,2.5700002336458838e+00,1.3440444186139432e+01,1.3874486020040170e+01,7.2641223324611799e+00,9.5919069141828750e+00,9.5919069141828750e+00,0.0000000000000000e+00,9.5919069141828750e+00,9.5919069141828750e+00,8.9572112918917568e-01,9.8350915954478264e+00,9.8350915954478264e+00,1.2114427186549740e+01,1.0312140272833243e+01,1.8076288460222298e+00,8.4464439500276622e+00,8.4464439500276622e+00,1.3874486020040170e+01,1.3874486020040170e+01,1.8076288460222298e+00,9.5919069141828750e+00,1.3440444186139432e+01,1.3440444186139432e+01,9.5919069141828750e+00,9.5919069141828750e+00,1.3440444186139432e+01,1.3440444186139432e+01,1.0312140272833243e+01,9.8350915954478264e+00,8.4464439500276622e+00,1.3440444186139432e+01,8.4464439500276622e+00,1.3874486020040170e+01,1.3440444186139432e+01,1.3874486020040170e+01,9.5919069141828750e+00,9.5919069141828750e+00,7.2641223324611799e+00,1.2114427186549740e+01,9.8350915954478264e+00,1.3440444186139432e+01,9.8350915954478264e+00,5.9783353748301158e+00,8.9572112918917568e-01,1.0312140272833243e+01,8.9572112918917568e-01,7.2641223324611799e+00,9.8350915954478264e+00,1.8076288460222298e+00,8.4464439500276622e+00,1.2114427186549740e+01,1.2114427186549740e+01,9.5919069141828750e+00,8.4464439500276622e+00,9.5919069141828750e+00,1.2114427186549740e+01,6.8806386383884686e+00,9.5919069141828750e+00,3.7589415414344480e+00,9.5919069141828750e+00,7.2641223324611799e+00,9.5919069141828750e+00,6.8806386383884686e+00,9.8350915954478264e+00,1.3874486020040170e+01,1.3440444186139432e+01,9.5919069141828750e+00,9.5919069141828750e+00,9.8350915954478264e+00,1.2114427186549740e+01,8.4464439500276622e+00,1.3874486020040170e+01,7.2641223324611799e+00,3.7589415414344480e+00,1.3440444186139432e+01,1.3874486020040170e+01,3.7589415414344480e+00,8.4464439500276622e+00,1.2114427186549740e+01,1.2114427186549740e+01,2.5700002336458838e+00,6.8806386383884686e+00,8.4464439500276622e+00,8.4464439500276622e+00,9.8350915954478264e+00,1.2114427186549740e+01,1.2114427186549740e+01,1.2114427186549740e+01,9.8350915954478264e+00,5.9783353748301158e+00,9.5919069141828750e+00,2.5700002336458838e+00,9.5919069141828750e+00,4.7315725066255299e+00,9.5919069141828750e+00,2.5700002336458838e+00,1.3440444186139432e+01,1.3440444186139432e+01,7.2641223324611799e+00,1.3440444186139432e+01,9.5919069141828750e+00,1.2114427186549740e+01,1.2114427186549740e+01,1.3440444186139432e+01,9.8350915954478264e+00,3.7589415414344480e+00,1.2114427186549740e+01,1.3440444186139432e+01,1.8076288460222298e+00,9.5919069141828750e+00,9.5919069141828750e+00,1.3440444186139432e+01,1.2114427186549740e+01,7.2641223324611799e+00,0.0000000000000000e+00,1.3440444186139432e+01,8.4464439500276622e+00,5.9783353748301158e+00,1.8076288460222298e+00,9.5919069141828750e+00,1.2114427186549740e+01,0.0000000000000000e+00,9.5919069141828750e+00,0.0000000000000000e+00,9.5919069141828750e+00,3.7589415414344480e+00,5.9783353748301158e+00,1.3874486020040170e+01,1.3874486020040170e+01,1.3874486020040170e+01,3.7589415414344480e+00,7.2641223324611799e+00,9.5919069141828750e+00,9.5919069141828750e+00,4.7315725066255299e+00,5.9783353748301158e+00,5.9783353748301158e+00,6.8806386383884686e+00,2.5700002336458838e+00,1.3874486020040170e+01,1.3874486020040170e+01,5.9783353748301158e+00,5.9783353748301158e+00,5.9783353748301158e+00,0.0000000000000000e+00,7.2641223324611799e+00,1.8076288460222298e+00,1.3874486020040170e+01,6.8806386383884686e+00,1.3874486020040170e+01,9.8350915954478264e+00,9.5919069141828750e+00,8.4464439500276622e+00,9.5919069141828750e+00,1.3440444186139432e+01,6.8806386383884686e+00,1.3440444186139432e+01,1.2114427186549740e+01,1.3874486020040170e+01,1.0312140272833243e+01,1.2114427186549740e+01,3.7589415414344480e+00,9.5919069141828750e+00,8.4464439500276622e+00,9.5919069141828750e+00,1.2114427186549740e+01,1.3874486020040170e+01,8.4464439500276622e+00,1.0312140272833243e+01,1.3440444186139432e+01,1.2114427186549740e+01,1.2114427186549740e+01,3.7589415414344480e+00,9.5919069141828750e+00,1.2114427186549740e+01,1.2114427186549740e+01,5.9783353748301158e+00,8.9572112918917568e-01,2.5700002336458838e+00,8.9572112918917568e-01,2.5700002336458838e+00,1.0312140272833243e+01,8.9572112918917568e-01,1.3874486020040170e+01,9.5919069141828750e+00,1.2114427186549740e+01,8.4464439500276622e+00,9.5919069141828750e+00,1.2114427186549740e+01,5.9783353748301158e+00,1.2114427186549740e+01,1.3440444186139432e+01,1.8076288460222298e+00,9.8350915954478264e+00,9.8350915954478264e+00,1.0312140272833243e+01,1.2114427186549740e+01,1.3440444186139432e+01,1.3440444186139432e+01,1.3440444186139432e+01,3.7589415414344480e+00,8.9572112918917568e-01,1.3440444186139432e+01,9.8350915954478264e+00,9.8350915954478264e+00,1.2114427186549740e+01,9.8350915954478264e+00,9.5919069141828750e+00,9.8350915954478264e+00,9.5919069141828750e+00,1.3440444186139432e+01,9.5919069141828750e+00,1.2114427186549740e+01,5.9783353748301158e+00,3.7589415414344480e+00,2.5700002336458838e+00,5.9783353748301158e+00,1.3440444186139432e+01,4.7315725066255299e+00,0.0000000000000000e+00,1.0312140272833243e+01,1.0312140272833243e+01,5.9783353748301158e+00,9.5919069141828750e+00,9.8350915954478264e+00,1.8076288460222298e+00,7.2641223324611799e+00,1.3440444186139432e+01,1.3440444186139432e+01,6.8806386383884686e+00,1.0312140272833243e+01,1.3440444186139432e+01,6.8806386383884686e+00,9.5919069141828750e+00,2.5700002336458838e+00,1.3874486020040170e+01,7.2641223324611799e+00,7.2641223324611799e+00,0.0000000000000000e+00,1.3874486020040170e+01,1.3874486020040170e+01,1.0312140272833243e+01,1.3874486020040170e+01,1.3874486020040170e+01,8.4464439500276622e+00,8.9572112918917568e-01,1.3440444186139432e+01,8.4464439500276622e+00,1.3440444186139432e+01,1.3440444186139432e+01,9.5919069141828750e+00,7.2641223324611799e+00,1.3440444186139432e+01,6.8806386383884686e+00,4.7315725066255299e+00,9.8350915954478264e+00,1.2114427186549740e+01,9.5919069141828750e+00,1.3874486020040170e+01,1.3874486020040170e+01,1.0312140272833243e+01,3.7589415414344480e+00,1.3874486020040170e+01,8.9572112918917568e-01,5.9783353748301158e+00,9.5919069141828750e+00,6.8806386383884686e+00,9.5919069141828750e+00,6.8806386383884686e+00,9.5919069141828750e+00,9.8350915954478264e+00,9.5919069141828750e+00,9.8350915954478264e+00,9.8350915954478264e+00,1.3440444186139432e+01
6.8243872417159626e+00,6.8243872417159626e+00,6.8243872417159626e+00,6.8243872417159626e+00,9.4501962830204322e-01,6.8243872417159626e+00,0.0000000000000000e+00,7.8323701881571370e+00,7.8323701881571370e+00,0.0000000000000000e+00,7.8323701881571370e+00,7.8323701881571370e+00,7.8323701881571370e+00,1.8592687653195690e+00,1.8592687653195690e+00,7.8323701881571370e+00,7.8323701881571370e+00,7.8323701881571370e+00,1.2212063806322380e+01,7.8323701881571370e+00,1.5232801897817989e+01,9.4501962830204322e-01,6.8243872417159626e+00,6.8243872417159626e+00,6.8243872417159626e+00,7.8323701881571370e+00,4.5880806474283116e+00,1.5232801897817989e+01,4.5880806474283116e+00,4.5880806474283116e+00,4.5880806474283116e+00,1.1199739070060636e+01,7.8323701881571370e+00,7.6486967702325837e+00,2.6524475611275249e+00,1.1636368187253836e+01,1.2212063806322380e+01,4.5880806474283116e+00,1.5232801897817989e+01,1.1199739070060636e+01,1.1636368187253836e+01,7.6486967702325837e+00,1.1636368187253836e+01,1.1636368187253836e+01,1.1199739070060636e+01,1.1636368187253836e+01,6.8243872417159626e+00,6.8243872417159626e+00,1.5232801897817989e+01,6.8243872417159626e+00,1.1636368187253836e+01,1.5232801897817989e+01,1.1199739070060636e+01,6.8243872417159626e+00,1.1199739070060636e+01,7.8323701881571370e+00,0.0000000000000000e+00,1.5232801897817989e+01,7.6486967702325837e+00,1.5232801897817989e+01,1.5232801897817989e+01,9.4501962830204322e-01,1.1063837809733320e+01,6.8243872417159626e+00,2.6524475611275249e+00,1.1636368187253836e+01,1.1636368187253836e+01,3.8848996012629406e+00,1.1636368187253836e+01,1.1636368187253836e+01,1.5232801897817989e+01,1.1636368187253836e+01,1.1636368187253836e+01,4.5880806474283116e+00,1.5232801897817989e+01,1.5232801897817989e+01,6.8243872417159626e+00,1.1199739070060636e+01,4.5880806474283116e+00,4.5880806474283116e+00,0.0000000000000000e+00,1.5232801897817989e+01,1.1199739070060636e+01,9.4501962830204322e-01,1.8592687653195690e+00,8.9967483197037517e+00,6.8243872417159626e+00,7.6486967702325837e+00,7.8323701881571370e+00,1.5232801897817989e+01,1.8592687653195690e+00,4.5880806474283116e+00,8.9967483197037517e+00,1.5232801897817989e+01,9.4501962830204322e-01,1.8592687653195690e+00,9.4501962830204322e-01,1.5232801897817989e+01,1.5232801897817989e+01,9.4501962830204322e-01,1.1199739070060636e+01,1.1199739070060636e+01,1.2212063806322380e+01,4.5880806474283116e+00,1.1063837809733320e+01,1.1063837809733320e+01,4.5880806474283116e+00,8.9967483197037517e+00,1.2212063806322380e+01,1.2212063806322380e+01,9.4501962830204322e-01,7.8323701881571370e+00,1.5232801897817989e+01,1.5232801897817989e+01,1.1063837809733320e+01,7.6486967702325837e+00,1.1063837809733320e+01,8.9967483197037517e+00,6.8243872417159626e+00,8.9967483197037517e+00,1.2212063806322380e+01,4.5880806474283116e+00,2.6524475611275249e+00,1.1199739070060636e+01,8.9967483197037517e+00,1.2212063806322380e+01,0.0000000000000000e+00,7.8323701881571370e+00,4.5880806474283116e+00,6.8243872417159626e+00,4.5880806474283116e+00,0.0000000000000000e+00,8.9967483197037517e+00,7.8323701881571370e+00,7.6486967702325837e+00,7.8323701881571370e+00,7.6486967702325837e+00,7.8323701881571370e+00,4.5880806474283116e+00,4.5880806474283116e+00,1.1636368187253836e+01,6.8243872417159626e+00,9.4501962830204322e-01,1.1063837809733320e+01,4.5880806474283116e+00,1.1636368187253836e+01,1.2212063806322380e+01,1.2212063806322380e+01,1.1063837809733320e+01,1.1063837809733320e+01,7.8323701881571370e+00,4.5880806474283116e+00,7.6486967702325837e+00,9.4501962830204322e-01,1.1063837809733320e+01,1.1636368187253836e+01,1.5232801897817989e+01,1.5232801897817989e+01,0.0000000000000000e+00,7.8323701881571370e+00,3.8848996012629406e+00,7.8323701881571370e+00,1.1636368187253836e+01,1.2212063806322380e+01,1.1063837809733320e+01,1.5232801897817989e+01,8.9967483197037517e+00,7.8323701881571370e+00,1.5232801897817989e+01,3.8848996012629406e+00,8.9967483197037517e+00,1.2212063806322380e+01,5.1837688839199334e+00,4.5880806474283116e+00,0.0000000000000000e+00,4.5880806474283116e+00,1.2212063806322380e+01,1.5232801897817989e+01,1.5232801897817989e+01,8.9967483197037517e+00,1.2212063806322380e+01,1.2212063806322380e+01,1.1063837809733320e+01,1.8592687653195690e+00,1.5232801897817989e+01,4.5880806474283116e+00,1.5232801897817989e+01,6.8243872417159626e+00,6.8243872417159626e+00,6.8243872417159626e+00,9.4501962830204322e-01,4.5880806474283116e+00,1.1063837809733320e+01,1.1063837809733320e+01,7.8323701881571370e+00,1.2212063806322380e+01,1.1636368187253836e+01,7.6486967702325837e+00,1.5232801897817989e+01,1.1199739070060636e+01,1.5232801897817989e+01,6.8243872417159626e+00,0.0000000000000000e+00,1.1199739070060636e+01,5.1837688839199334e+00,1.1063837809733320e+01,6.8243872417159626e+00,1.5232801897817989e+01,0.0000000000000000e+00,1.2212063806322380e+01,0.0000000000000000e+00,1.2212063806322380e+01,5.1837688839199334e+00,4.5880806474283116e+00,5.1837688839199334e+00,1.1063837809733320e+01,4.5880806474283116e+00,1.2212063806322380e+01,0.0000000000000000e+00,1.2212063806322380e+01,1.5232801897817989e+01,1.1063837809733320e+01,1.1063837809733320e+01,7.6486967702325837e+00,4.5880806474283116e+00,1.5232801897817989e+01,1.1199739070060636e+01,6.8243872417159626e+00,1.1199739070060636e+01,1.1199739070060636e+01,1.1199739070060636e+01,1.1636368187253836e+01,1.1199739070060636e+01,8.9967483197037517e+00,7.8323701881571370e+00,1.1199739070060636e+01,6.8243872417159626e+00,1.1199739070060636e+01,7.6486967702325837e+00,7.6486967702325837e+00,1.2212063806322380e+01,7.8323701881571370e+00,1.2212063806322380e+01,1.8592687653195690e+00,1.1636368187253836e+01,1.1636368187253836e+01,7.8323701881571370e+00,1.1636368187253836e+01,1.1636368187253836e+01,2.6524475611275249e+00,7.6486967702325837e+00,1.1199739070060636e+01,3.8848996012629406e+00,2.6524475611275249e+00,3.8848996012629406e+00,1.1199739070060636e+01,3.8848996012629406e+00,4.5880806474283116e+00,1.1199739070060636e+01,1.2212063806322380e+01,4.5880806474283116e+00,7.8323701881571370e+00,8.9967483197037517e+00,1.5232801897817989e+01,4.5880806474283116e+00,5.1837688839199334e+00,7.8323701881571370e+00,5.1837688839199334e+00,1.1636368187253836e+01,2.6524475611275249e+00,5.1837688839199334e+00,1.2212063806322380e+01,1.1636368187253836e+01,7.8323701881571370e+00,1.8592687653195690e+00,1.1199739070060636e+01,7.8323701881571370e+00,2.6524475611275249e+00,6.8243872417159626e+00,1.1063837809733320e+01,1.8592687653195690e+00,8.9967483197037517e+00,1.2212063806322380e+01,1.5232801897817989e+01,4.5880806474283116e+00,7.8323701881571370e+00,7.6486967702325837e+00,1.1199739070060636e+01,1.1199739070060636e+01,1.1199739070060636e+01,1.1199739070060636e+01,6.8243872417159626e+00,1.5232801897817989e+01,1.5232801897817989e+01,1.5232801897817989e+01,1.5232801897817989e+01,1.5232801897817989e+01,1.5232801897817989e+01,1.5232801897817989e+01,1.1199739070060636e+01,1.5232801897817989e+01,7.6486967702325837e+00,0.0000000000000000e+00,1.1199739070060636e+01,1.5232801897817989e+01,1.5232801897817989e+01,3.8848996012629406e+00,7.8323701881571370e+00,1.1063837809733320e+01,7.6486967702325837e+00,1.1063837809733320e+01,7.6486967702325837e+00,1.5232801897817989e+01,1.5232801897817989e+01,7.8323701881571370e+00,1.1063837809733320e+01,1.1063837809733320e+01,6.8243872417159626e+00,6.8243872417159626e+00,6.8243872417159626e+00,1.1199739070060636e+01,4.5880806474283116e+00,7.8323701881571370e+00,7.8323701881571370e+00,1.1199739070060636e+01,1.1063837809733320e+01,5.1837688839199334e+00,1.1199739070060636e+01,1.1199739070060636e+01,1.2212063806322380e+01,1.5232801897817989e+01,2.6524475611275249e+00,6.8243872417159626e+00,4.5880806474283116e+00,7.8323701881571370e+00,1.8592687653195690e+00,7.8323701881571370e+00,7.8323701881571370e+00,7.6486967702325837e+00,6.8243872417159626e+00,1.1063837809733320e+01,1.1199739070060636e+01,4.5880806474283116e+00,9.4501962830204322e-01,1.8592687653195690e+00,1.1199739070060636e+01,6.8243872417159626e+00,6.8243872417159626e+00,0.0000000000000000e+00,0.0000000000000000e+00,8.9967483197037517e+00,4.5880806474283116e+00,1.1636368187253836e+01,1.1636368187253836e+01,7.8323701881571370e+00,1.2212063806322380e+01,7.8323701881571370e+00,1.5232801897817989e+01,5.1837688839199334e+00,1.5232801897817989e+01,3.8848996012629406e+00,1.8592687653195690e+00,1.1199739070060636e+01,1.5232801897817989e+01,1.1199739070060636e+01,1.1063837809733320e+01,1.1063837809733320e+01,1.5232801897817989e+01,1.1199739070060636e+01,1.1063837809733320e+01,1.8592687653195690e+00,1.1063837809733320e+01,1.5232801897817989e+01,7.8323701881571370e+00,1.5232801897817989e+01,1.1063837809733320e+01,7.6486967702325837e+00,0.0000000000000000e+00,1.1063837809733320e+01,7.6486967702325837e+00,9.4501962830204322e-01,5.1837688839199334e+00,1.8592687653195690e+00,2.6524475611275249e+00,1.5232801897817989e+01,1.8592687653195690e+00,1.1199739070060636e+01,1.5232801897817989e+01,4.5880806474283116e+00,2.6524475611275249e+00,1.2212063806322380e+01,1.1063837809733320e+01,1.1199739070060636e+01,1.1063837809733320e+01,1.1199739070060636e+01,1.1063837809733320e+01,1.5232801897817989e+01,4.5880806474283116e+00,8.9967483197037517e+00,9.4501962830204322e-01,5.1837688839199334e+00,5.1837688839199334e+00,5.1837688839199334e+00,0.0000000000000000e+00,1.1063837809733320e+01,1.1636368187253836e+01,1.5232801897817989e+01,9.4501962830204322e-01,1.8592687653195690e+00,1.1199739070060636e+01,9.4501962830204322e-01,2.6524475611275249e+00,7.8323701881571370e+00,1.1636368187253836e+01,1.5232801897817989e+01,1.5232801897817989e+01,7.8323701881571370e+00,1.5232801897817989e+01,7.8323701881571370e+00,0.0000000000000000e+00,1.1063837809733320e+01,4.5880806474283116e+00,5.1837688839199334e+00,4.5880806474283116e+00,1.1199739070060636e+01,4.5880806474283116e+00,1.1063837809733320e+01,3.8848996012629406e+00,5.1837688839199334e+00,8.9967483197037517e+00,7.8323701881571370e+00,0.0000000000000000e+00,7.8323701881571370e+00,7.6486967702325837e+00,7.8323701881571370e+00,4.5880806474283116e+00,1.1063837809733320e+01,1.1636368187253836e+01,1.1636368187253836e+01,6.8243872417159626e+00,1.8592687653195690e+00,1.5232801897817989e+01,1.2212063806322380e+01,4.5880806474283116e+00,3.8848996012629406e+00,2.6524475611275249e+00,4.5880806474283116e+00,1.8592687653195690e+00,7.6486967702325837e+00,7.6486967702325837e+00,7.8323701881571370e+00,1.2212063806322380e+01,1.5232801897817989e+01,7.6486967702325837e+00,2.6524475611275249e+00,1.5232801897817989e+01,1.5232801897817989e+01,1.1199739070060636e+01,1.1636368187253836e+01,0.0000000000000000e+00,1.5232801897817989e+01,1.5232801897817989e+01,1.2212063806322380e+01,1.5232801897817989e+01,9.4501962830204322e-01,1.8592687653195690e+00,1.1063837809733320e+01,1.1063837809733320e+01,1.5232801897817989e+01,1.1063837809733320e+01,3.8848996012629406e+00,1.2212063806322380e+01,1.5232801897817989e+01,1.5232801897817989e+01,8.9967483197037517e+00,5.1837688839199334e+00,1.1063837809733320e+01,9.4501962830204322e-01,5.1837688839199334e+00,1.8592687653195690e+00,2.6524475611275249e+00,1.1199739070060636e+01,1.1063837809733320e+01,1.1199739070060636e+01,8.9967483197037517e+00,4.5880806474283116e+00,9.4501962830204322e-01,2.6524475611275249e+00,5.1837688839199334e+00,1.1063837809733320e+01,5.1837688839199334e+00,1.1063837809733320e+01,9.4501962830204322e-01,1.1063837809733320e+01,9.4501962830204322e-01,1.8592687653195690e+00,7.8323701881571370e+00,8.9967483197037517e+00,8.9967483197037517e+00,9.4501962830204322e-01,3.8848996012629406e+00,1.1636368187253836e+01,7.6486967702325837e+00,5.1837688839199334e+00,6.8243872417159626e+00,1.8592687653195690e+00,1.1063837809733320e+01,1.1636368187253836e+01,9.4501962830204322e-01,1.5232801897817989e+01,1.5232801897817989e+01,4.5880806474283116e+00,3.8848996012629406e+00,1.1063837809733320e+01,9.4501962830204322e-01,3.8848996012629406e+00,1.5232801897817989e+01,6.8243872417159626e+00,9.4501962830204322e-01,7.6486967702325837e+00,7.6486967702325837e+00,3.8848996012629406e+00,1.5232801897817989e+01,2.6524475611275249e+00,1.1063837809733320e+01,1.5232801897817989e+01,1.2212063806322380e+01,1.1636368187253836e+01,3.8848996012629406e+00,1.5232801897817989e+01,0.0000000000000000e+00,1.1636368187253836e+01,7.6486967702325837e+00,8.9967483197037517e+00,1.1199739070060636e+01,3.8848996012629406e+00,1.2212063806322380e+01,6.8243872417159626e+00,6.8243872417159626e+00,7.6486967702325837e+00,1.2212063806322380e+01,3.8848996012629406e+00,1.1199739070060636e+01,1.1199739070060636e+01,1.1199739070060636e+01,6.8243872417159626e+00,1.1636368187253836e+01,4.5880806474283116e+00,1.5232801897817989e+01,1.5232801897817989e+01,1.1063837809733320e+01,7.6486967702325837e+00,8.9967483197037517e+00,9.4501962830204322e-01,9.4501962830204322e-01,5.1837688839199334e+00,4.5880806474283116e+00,9.4501962830204322e-01,5.1837688839199334e+00,2.6524475611275249e+00,7.8323701881571370e+00,0.0000000000000000e+00,7.6486967702325837e+00,3.8848996012629406e+00,1.5232801897817989e+01,7.8323701881571370e+00,1.1199739070060636e+01,5.1837688839199334e+00,5.1837688839199334e+00,1.2212063806322380e+01,1.1063837809733320e+01,1.1199739070060636e+01,7.8323701881571370e+00,5.1837688839199334e+00,1.1636368187253836e+01,9.4501962830204322e-01,5.1837688839199334e+00,1.1636368187253836e+01,1.1063837809733320e+01,1.5232801897817989e+01,1.5232801897817989e+01,2.6524475611275249e+00,1.5232801897817989e+01,4.5880806474283116e+00,1.1063837809733320e+01,8.9967483197037517e+00,2.6524475611275249e+00,1.1063837809733320e+01,2.6524475611275249e+00,5.1837688839199334e+00,1.1063837809733320e+01,5.1837688839199334e+00,1.5232801897817989e+01,0.0000000000000000e+00,1.1063837809733320e+01,1.1063837809733320e+01,1.1063837809733320e+01,1.8592687653195690e+00,4.5880806474283116e+00,6.8243872417159626e+00,3.8848996012629406e+00,6.8243872417159626e+00,1.2212063806322380e+01,1.5232801897817989e+01,3.8848996012629406e+00,1.5232801897817989e+01,8.9967483197037517e+00,1.5232801897817989e+01,5.1837688839199334e+00,7.8323701881571370e+00,6.8243872417159626e+00,1.5232801897817989e+01,1.1199739070060636e+01,1.2212063806322380e+01,1.1199739070060636e+01,1.1199739070060636e+01,9.4501962830204322e-01,7.6486967702325837e+00,1.1199739070060636e+01,7.8323701881571370e+00,1.2212063806322380e+01,7.8323701881571370e+00,7.8323701881571370e+00,7.6486967702325837e+00,2.6524475611275249e+00,1.2212063806322380e+01,8.9967483197037517e+00,2.6524475611275249e+00,8.9967483197037517e+00,0.0000000000000000e+00,1.1199739070060636e+01,8.9967483197037517e+00,3.8848996012629406e+00,1.5232801897817989e+01,7.8323701881571370e+00,1.5232801897817989e+01,1.2212063806322380e+01,1.2212063806322380e+01,1.1199739070060636e+01,7.8323701881571370e+00,1.1199739070060636e+01,2.6524475611275249e+00,1.1063837809733320e+01,1.2212063806322380e+01,1.1199739070060636e+01,1.8592687653195690e+00,8.9967483197037517e+00,7.6486967702325837e+00,1.2212063806322380e+01,1.1063837809733320e+01,1.5232801897817989e+01,1.5232801897817989e+01,3.8848996012629406e+00,7.8323701881571370e+00,1.1063837809733320e+01,6.8243872417159626e+00,1.1063837809733320e+01,1.8592687653195690e+00,1.5232801897817989e+01,4.5880806474283116e+00,6.8243872417159626e+00,1.5232801897817989e+01,1.5232801897817989e+01,1.5232801897817989e+01,8.9967483197037517e+00,1.5232801897817989e+01,5.1837688839199334e+00,1.2212063806322380e+01,1.2212063806322380e+01,1.1063837809733320e+01,1.5232801897817989e+01,1.2212063806322380e+01,7.8323701881571370e+00,1.8592687653195690e+00,4.5880806474283116e+00,2.6524475611275249e+00,6.8243872417159626e+00,5.1837688839199334e+00,6.8243872417159626e+00,1.5232801897817989e+01,6.8243872417159626e+00,1.2212063806322380e+01,0.0000000000000000e+00,1.2212063806322380e+01,1.2212063806322380e+01,1.1063837809733320e+01,6.8243872417159626e+00,1.1199739070060636e+01,6.8243872417159626e+00,1.1063837809733320e+01,1.5232801897817989e+01,1.2212063806322380e+01,1.1636368187253836e+01,1.1063837809733320e+01,1.1636368187253836e+01,0.0000000000000000e+00,1.8592687653195690e+00,1.1063837809733320e+01,1.2212063806322380e+01,3.8848996012629406e+00,1.8592687653195690e+00,4.5880806474283116e+00,1.8592687653195690e+00,5.1837688839199334e+00,3.8848996012629406e+00,1.1063837809733320e+01,7.6486967702325837e+00,4.5880806474283116e+00,4.5880806474283116e+00,5.1837688839199334e+00,2.6524475611275249e+00,1.2212063806322380e+01,1.8592687653195690e+00,3.8848996012629406e+00,5.1837688839199334e+00,1.5232801897817989e+01,5.1837688839199334e+00,1.2212063806322380e+01,1.2212063806322380e+01,1.1199739070060636e+01,1.8592687653195690e+00,7.8323701881571370e+00,6.8243872417159626e+00,8.9967483197037517e+00,1.2212063806322380e+01,1.2212063806322380e+01,1.2212063806322380e+01,1.5232801897817989e+01,3.8848996012629406e+00,6.8243872417159626e+00,1.1199739070060636e+01,3.8848996012629406e+00,3.8848996012629406e+00,1.5232801897817989e+01,1.8592687653195690e+00,1.1199739070060636e+01,9.4501962830204322e-01,1.8592687653195690e+00,1.1199739070060636e+01,1.2212063806322380e+01,1.1199739070060636e+01,1.1199739070060636e+01,1.2212063806322380e+01,1.1636368187253836e+01,1.1199739070060636e+01,1.5232801897817989e+01,7.6486967702325837e+00,1.5232801897817989e+01,3.8848996012629406e+00,0.0000000000000000e+00,0.0000000000000000e+00,4.5880806474283116e+00,1.5232801897817989e+01,6.8243872417159626e+00,1.5232801897817989e+01,5.1837688839199334e+00,7.8323701881571370e+00,6.8243872417159626e+00,1.1199739070060636e+01,2.6524475611275249e+00,3.8848996012629406e+00,1.5232801897817989e+01,1.2212063806322380e+01,1.8592687653195690e+00,9.4501962830204322e-01,1.1199739070060636e+01,0.0000000000000000e+00,1.1199739070060636e+01,1.1199739070060636e+01,1.1199739070060636e+01,1.1199739070060636e+01,3.8848996012629406e+00,1.1199739070060636e+01,0.0000000000000000e+00,3.8848996012629406e+00,2.6524475611275249e+00,1.8592687653195690e+00,1.5232801897817989e+01,7.6486967702325837e+00,7.6486967702325837e+00,1.5232801897817989e+01,1.1063837809733320e+01,0.0000000000000000e+00,6.8243872417159626e+00,1.1199739070060636e+01,1.1199739070060636e+01,1.5232801897817989e+01,1.5232801897817989e+01,1.5232801897817989e+01,1.5232801897817989e+01,1.1636368187253836e+01,0.0000000000000000e+00,1.2212063806322380e+01,2.6524475611275249e+00,3.8848996012629406e+00,1.2212063806322380e+01,4.5880806474283116e+00,0.0000000000000000e+00,9.4501962830204322e-01,7.8323701881571370e+00,1.5232801897817989e+01,8.9967483197037517e+00,4.5880806474283116e+00,7.6486967702325837e+00,1.5232801897817989e+01,4.5880806474283116e+00,1.1199739070060636e+01,1.5232801897817989e+01,1.1063837809733320e+01,2.6524475611275249e+00,1.5232801897817989e+01,1.8592687653195690e+00,6.8243872417159626e+00,1.5232801897817989e+01,1.1063837809733320e+01,1.1636368187253836e+01,7.6486967702325837e+00,1.5232801897817989e+01,5.1837688839199334e+00,7.8323701881571370e+00,1.5232801897817989e+01,5.1837688839199334e+00,9.4501962830204322e-01,1.5232801897817989e+01,6.8243872417159626e+00,6.8243872417159626e+00,3.8848996012629406e+00,5.1837688839199334e+00,6.8243872417159626e+00,1.8592687653195690e+00,1.5232801897817989e+01,0.0000000000000000e+00,1.2212063806322380e+01,1.1199739070060636e+01,8.9967483197037517e+00,1.1063837809733320e+01,1.8592687653195690e+00,1.1063837809733320e+01,9.4501962830204322e-01,6.8243872417159626e+00,5.1837688839199334e+00,0.0000000000000000e+00,7.6486967702325837e+00,1.1636368187253836e+01,1.1636368187253836e+01,1.1063837809733320e+01,1.8592687653195690e+00,1.1063837809733320e+01,2.6524475611275249e+00,4.5880806474283116e+00,1.2212063806322380e+01,2.6524475611275249e+00,5.1837688839199334e+00,1.1063837809733320e+01,6.8243872417159626e+00,8.9967483197037517e+00,6.8243872417159626e+00,1.8592687653195690e+00,1.1063837809733320e+01,5.1837688839199334e+00,3.8848996012629406e+00,1.1063837809733320e+01,2.6524475611275249e+00,0.0000000000000000e+00,1.2212063806322380e+01,7.6486967702325837e+00,9.4501962830204322e-01,1.1063837809733320e+01,7.6486967702325837e+00,7.8323701881571370e+00,3.8848996012629406e+00,1.2212063806322380e+01,7.8323701881571370e+00,1.1636368187253836e+01,1.1636368187253836e+01,1.2212063806322380e+01,7.8323701881571370e+00,5.1837688839199334e+00,9.4501962830204322e-01,2.6524475611275249e+00,7.6486967702325837e+00,9.4501962830204322e-01,4.5880806474283116e+00,1.2212063806322380e+01,5.1837688839199334e+00,1.1636368187253836e+01,1.1636368187253836e+01,7.6486967702325837e+00,1.2212063806322380e+01,1.2212063806322380e+01,7.8323701881571370e+00,1.2212063806322380e+01,2.6524475611275249e+00,1.1063837809733320e+01,7.8323701881571370e+00,1.1063837809733320e+01,2.6524475611275249e+00,4.5880806474283116e+00,8.9967483197037517e+00,1.5232801897817989e+01,1.1636368187253836e+01,5.1837688839199334e+00,1.1063837809733320e+01,1.2212063806322380e+01,7.8323701881571370e+00,2.6524475611275249e+00,2.6524475611275249e+00,1.2212063806322380e+01,5.1837688839199334e+00,2.6524475611275249e+00,6.8243872417159626e+00,4.5880806474283116e+00,7.8323701881571370e+00,9.4501962830204322e-01,1.1636368187253836e+01,1.1636368187253836e+01,4.5880806474283116e+00,7.6486967702325837e+00,7.8323701881571370e+00,8.9967483197037517e+00,1.1063837809733320e+01,5.1837688839199334e+00,6.8243872417159626e+00,9.4501962830204322e-01,5.1837688839199334e+00,5.1837688839199334e+00,1.2212063806322380e+01,1.1063837809733320e+01,6.8243872417159626e+00,1.5232801897817989e+01,1.8592687653195690e+00,1.5232801897817989e+01,1.5232801897817989e+01,2.6524475611275249e+00,1.2212063806322380e+01,4.5880806474283116e+00,1.5232801897817989e+01,1.5232801897817989e+01,0.0000000000000000e+00,1.5232801897817989e+01,1.2212063806322380e+01,1.1063837809733320e+01,9.4501962830204322e-01,7.8323701881571370e+00,1.1063837809733320e+01,1.5232801897817989e+01,5.1837688839199334e+00,1.5232801897817989e+01,5.1837688839199334e+00,9.4501962830204322e-01,1.8592687653195690e+00,7.8323701881571370e+00,1.1636368187253836e+01,1.5232801897817989e+01,1.5232801897817989e+01,2.6524475611275249e+00,1.5232801897817989e+01,1.2212063806322380e+01,6.8243872417159626e+00,1.5232801897817989e+01,6.8243872417159626e+00,3.8848996012629406e+00,1.1063837809733320e+01,2.6524475611275249e+00,1.5232801897817989e+01,1.1063837809733320e+01,1.5232801897817989e+01,1.5232801897817989e+01,1.8592687653195690e+00,6.8243872417159626e+00,1.1063837809733320e+01,0.0000000000000000e+00,2.6524475611275249e+00,1.2212063806322380e+01,7.8323701881571370e+00,6.8243872417159626e+00,1.5232801897817989e+01,1.5232801897817989e+01,2.6524475611275249e+00,1.5232801897817989e+01,1.8592687653195690e+00,1.1063837809733320e+01,1.5232801897817989e+01,1.8592687653195690e+00,1.5232801897817989e+01,5.1837688839199334e+00,5.1837688839199334e+00,1.5232801897817989e+01,1.5232801897817989e+01,1.8592687653195690e+00,1.5232801897817989e+01,1.5232801897817989e+01,1.5232801897817989e+01,1.5232801897817989e+01,7.6486967702325837e+00,8.9967483197037517e+00,1.5232801897817989e+01,1.5232801897817989e+01,1.2212063806322380e+01,1.2212063806322380e+01
1.0158229946671963e+01,1.0158229946671963e+01,1.7713110125476716e+00,8.6049386942597952e+00,7.4456649996309254e+00,1.1843973108950618e+01,4.5270999162278294e+00,1.1843973108950618e+01,1.3831816620324785e+01,1.3733480099516202e+01,1.3733480099516202e+01,8.6049386942597952e+00,1.3733480099516202e+01,4.5270999162278294e+00,1.3733480099516202e+01,1.3733480099516202e+01,1.3733480099516202e+01,1.3733480099516202e+01,1.3733480099516202e+01,1.3733480099516202e+01,7.4456649996309254e+00,1.4336102943045194e+01,1.3733480099516202e+01,0.0000000000000000e+00,1.3733480099516202e+01,4.5270999162278294e+00,4.5270999162278294e+00,1.0158229946671963e+01,1.0158229946671963e+01,1.0158229946671963e+01,1.0158229946671963e+01,1.3733480099516202e+01,1.3733480099516202e+01,1.0158229946671963e+01,3.8377925970603841e+00,8.6049386942597952e+00,1.3733480099516202e+01,1.0158229946671963e+01,8.6049386942597952e+00,1.0158229946671963e+01,8.6049386942597952e+00,8.6049386942597952e+00,8.5353875093197229e-01,8.6049386942597952e+00,8.6049386942597952e+00,4.5270999162278294e+00,8.6049386942597952e+00,1.0158229946671963e+01,1.3733480099516202e+01,1.0158229946671963e+01,1.3733480099516202e+01,1.7713110125476716e+00,1.3733480099516202e+01,3.8377925970603841e+00,1.3733480099516202e+01,8.5353875093197229e-01,1.3733480099516202e+01,8.6049386942597952e+00,6.2157301786367434e+00,9.7841800848611093e+00,5.7279486463551574e+00,7.4456649996309254e+00,8.6049386942597952e+00,1.0158229946671963e+01,2.5036310971395528e+00,1.3831816620324785e+01,8.6049386942597952e+00,1.0158229946671963e+01,1.3733480099516202e+01,1.3733480099516202e+01,0.0000000000000000e+00,6.2157301786367434e+00,1.0158229946671963e+01,6.2157301786367434e+00,9.7841800848611093e+00,8.6049386942597952e+00,8.6049386942597952e+00,8.6049386942597952e+00,8.6049386942597952e+00,8.6049386942597952e+00,8.6049386942597952e+00,6.2157301786367434e+00,6.2157301786367434e+00,1.0158229946671963e+01,6.2157301786367434e+00,8.5353875093197229e-01,1.1843973108950618e+01,8.6049386942597952e+00,8.6049386942597952e+00,3.8377925970603841e+00,7.4456649996309254e+00,1.3733480099516202e+01,2.5036310971395528e+00,5.7279486463551574e+00,7.4456649996309254e+00,8.6049386942597952e+00,8.6049386942597952e+00,1.0158229946671963e+01,1.3733480099516202e+01,1.0158229946671963e+01,1.0158229946671963e+01,2.5036310971395528e+00,1.7713110125476716e+00,3.8377925970603841e+00,6.2157301786367434e+00,6.2157301786367434e+00,6.2157301786367434e+00,1.3733480099516202e+01,1.3733480099516202e+01,6.2157301786367434e+00,1.3733480099516202e+01,2.5036310971395528e+00,3.8377925970603841e+00,2.5036310971395528e+00,8.5353875093197229e-01,1.3733480099516202e+01,6.2157301786367434e+00,1.3831816620324785e+01,1.4336102943045194e+01,8.5353875093197229e-01,1.4336102943045194e+01,4.5270999162278294e+00,6.2157301786367434e+00,1.4336102943045194e+01,1.4336102943045194e+01,0.0000000000000000e+00,7.4456649996309254e+00,1.0158229946671963e+01,9.7841800848611093e+00,1.4336102943045194e+01,1.4336102943045194e+01,8.6049386942597952e+00,6.2157301786367434e+00,1.4336102943045194e+01,1.4336102943045194e+01,6.2157301786367434e+00,1.7713110125476716e+00,1.4336102943045194e+01,2.5036310971395528e+00,1.4336102943045194e+01,2.5036310971395528e+00,8.5353875093197229e-01,6.2157301786367434e+00,6.2157301786367434e+00,8.6049386942597952e+00,1.3733480099516202e+01,6.2157301786367434e+00,8.6049386942597952e+00,0.0000000000000000e+00,1.3831816620324785e+01,0.0000000000000000e+00,8.6049386942597952e+00,9.7841800848611093e+00,7.4456649996309254e+00,2.5036310971395528e+00,1.4336102943045194e+01,1.4336102943045194e+01,6.2157301786367434e+00,1.0158229946671963e+01,5.7279486463551574e+00,2.5036310971395528e+00,1.4336102943045194e+01,1.4336102943045194e+01,2.5036310971395528e+00,2.5036310971395528e+00,1.4336102943045194e+01,7.4456649996309254e+00,1.4336102943045194e+01,1.3831816620324785e+01,4.5270999162278294e+00,4.5270999162278294e+00,1.4336102943045194e+01,0.0000000000000000e+00,4.5270999162278294e+00,1.3733480099516202e+01,1.4336102943045194e+01,1.4336102943045194e+01,1.4336102943045194e+01,1.7713110125476716e+00,4.5270999162278294e+00,1.0158229946671963e+01,1.0158229946671963e+01,1.4336102943045194e+01,1.3831816620324785e+01,1.4336102943045194e+01,1.4336102943045194e+01,1.1843973108950618e+01,1.3831816620324785e+01,1.4336102943045194e+01,3.8377925970603841e+00,1.3733480099516202e+01,1.3831816620324785e+01,1.3831816620324785e+01,3.8377925970603841e+00,8.5353875093197229e-01,1.3831816620324785e+01,2.5036310971395528e+00,0.0000000000000000e+00,1.4336102943045194e+01,1.3733480099516202e+01,1.3831816620324785e+01,1.3831816620324785e+01,0.0000000000000000e+00,8.6049386942597952e+00,6.2157301786367434e+00,9.7841800848611093e+00,0.0000000000000000e+00,6.2157301786367434e+00,4.5270999162278294e+00,8.6049386942597952e+00,4.5270999162278294e+00,0.0000000000000000e+00,0.0000000000000000e+00,1.3831816620324785e+01,1.3733480099516202e+01,1.3831816620324785e+01,2.5036310971395528e+00,1.4336102943045194e+01,1.3733480099516202e+01,0.0000000000000000e+00,1.7713110125476716e+00,1.3733480099516202e+01,1.4336102943045194e+01,1.3733480099516202e+01,1.3733480099516202e+01,1.4336102943045194e+01,1.3733480099516202e+01,1.3733480099516202e+01,3.8377925970603841e+00,2.5036310971395528e+00,1.3733480099516202e+01,1.0158229946671963e+01,1.4336102943045194e+01,1.4336102943045194e+01,1.4336102943045194e+01,1.4336102943045194e+01,1.4336102943045194e+01,8.5353875093197229e-01,1.7713110125476716e+00,1.4336102943045194e+01,1.4336102943045194e+01,0.0000000000000000e+00,4.5270999162278294e+00,8.6049386942597952e+00,1.3733480099516202e+01,1.3733480099516202e+01,2.5036310971395528e+00,1.3831816620324785e+01,1.4336102943045194e+01,6.2157301786367434e+00,7.4456649996309254e+00,8.6049386942597952e+00,1.3831816620324785e+01,3.8377925970603841e+00,1.3831816620324785e+01,1.1843973108950618e+01,1.3733480099516202e+01,1.3733480099516202e+01,1.3733480099516202e+01,1.0158229946671963e+01,1.3733480099516202e+01,1.0158229946671963e+01,3.8377925970603841e+00,8.6049386942597952e+00,8.6049386942597952e+00,1.3831816620324785e+01,1.3831816620324785e+01,1.1843973108950618e+01,1.3733480099516202e+01,1.1843973108950618e+01,7.4456649996309254e+00,7.4456649996309254e+00,7.4456649996309254e+00,1.3733480099516202e+01,1.3831816620324785e+01,3.8377925970603841e+00,1.7713110125476716e+00,1.3733480099516202e+01,1.7713110125476716e+00,8.6049386942597952e+00,1.0158229946671963e+01,9.7841800848611093e+00,7.4456649996309254e+00,1.4336102943045194e+01,1.3733480099516202e+01,1.3831816620324785e+01,2.5036310971395528e+00,1.4336102943045194e+01,7.4456649996309254e+00,1.1843973108950618e+01,8.6049386942597952e+00,1.0158229946671963e+01,1.0158229946671963e+01,8.6049386942597952e+00,5.7279486463551574e+00,1.3831816620324785e+01,2.5036310971395528e+00,1.0158229946671963e+01,1.0158229946671963e+01,1.4336102943045194e+01,1.3831816620324785e+01,1.0158229946671963e+01,1.3733480099516202e+01,1.3733480099516202e+01,9.7841800848611093e+00,9.7841800848611093e+00,9.7841800848611093e+00,9.7841800848611093e+00,1.1843973108950618e+01,2.5036310971395528e+00,1.1843973108950618e+01,1.3831816620324785e+01,4.5270999162278294e+00,1.1843973108950618e+01,8.6049386942597952e+00,6.2157301786367434e+00,0.0000000000000000e+00,1.0158229946671963e+01,1.0158229946671963e+01,1.0158229946671963e+01,9.7841800848611093e+00,7.4456649996309254e+00,7.4456649996309254e+00,1.3733480099516202e+01,5.7279486463551574e+00,3.8377925970603841e+00,6.2157301786367434e+00,1.0158229946671963e+01,1.4336102943045194e+01,1.0158229946671963e+01,1.0158229946671963e+01,8.6049386942597952e+00,5.7279486463551574e+00,9.7841800848611093e+00,8.6049386942597952e+00,1.3733480099516202e+01,2.5036310971395528e+00,1.1843973108950618e+01,7.4456649996309254e+00,1.0158229946671963e+01,8.6049386942597952e+00,1.3733480099516202e+01,4.5270999162278294e+00,6.2157301786367434e+00,4.5270999162278294e+00,4.5270999162278294e+00,1.3831816620324785e+01,4.5270999162278294e+00,1.1843973108950618e+01,9.7841800848611093e+00,1.3831816620324785e+01,9.7841800848611093e+00,9.7841800848611093e+00,8.5353875093197229e-01,1.4336102943045194e+01,0.0000000000000000e+00,7.4456649996309254e+00,1.4336102943045194e+01,1.3733480099516202e+01,1.0158229946671963e+01,9.7841800848611093e+00,1.3831816620324785e+01,1.3831816620324785e+01,1.3733480099516202e+01,1.3831816620324785e+01,1.3733480099516202e+01,1.3831816620324785e+01,4.5270999162278294e+00,1.7713110125476716e+00,1.3733480099516202e+01,9.7841800848611093e+00,1.3733480099516202e+01,1.0158229946671963e+01,9.7841800848611093e+00,1.1843973108950618e+01,3.8377925970603841e+00,1.0158229946671963e+01,1.0158229946671963e+01,7.4456649996309254e+00,3.8377925970603841e+00,1.0158229946671963e+01,1.3831816620324785e+01,1.3831816620324785e+01,1.3831816620324785e+01,1.3831816620324785e+01,1.1843973108950618e+01,1.3831816620324785e+01,1.1843973108950618e+01,9.7841800848611093e+00,7.4456649996309254e+00,1.0158229946671963e+01,1.4336102943045194e+01,8.6049386942597952e+00,1.4336102943045194e+01,1.4336102943045194e+01,1.4336102943045194e+01,1.4336102943045194e+01,1.3831816620324785e+01,1.1843973108950618e+01,1.4336102943045194e+01,1.4336102943045194e+01,1.4336102943045194e+01,2.5036310971395528e+00,1.4336102943045194e+01,6.2157301786367434e+00,3.8377925970603841e+00,1.0158229946671963e+01,8.5353875093197229e-01,6.2157301786367434e+00,3.8377925970603841e+00,1.3831816620324785e+01,1.0158229946671963e+01,5.7279486463551574e+00,1.4336102943045194e+01,8.6049386942597952e+00,1.4336102943045194e+01,3.8377925970603841e+00,1.1843973108950618e+01,1.1843973108950618e+01,1.4336102943045194e+01,1.0158229946671963e+01,3.8377925970603841e+00,1.0158229946671963e+01,1.1843973108950618e+01,1.1843973108950618e+01,1.1843973108950618e+01,1.1843973108950618e+01,1.1843973108950618e+01,5.7279486463551574e+00,6.2157301786367434e+00,6.2157301786367434e+00,4.5270999162278294e+00,7.4456649996309254e+00,1.3831816620324785e+01,1.3831816620324785e+01,1.3831816620324785e+01,1.3831816620324785e+01,4.5270999162278294e+00,9.7841800848611093e+00,8.5353875093197229e-01,1.7713110125476716e+00,1.1843973108950618e+01,1.7713110125476716e+00,1.3733480099516202e+01,9.7841800848611093e+00,1.3733480099516202e+01,8.5353875093197229e-01,1.4336102943045194e+01,6.2157301786367434e+00,1.3733480099516202e+01,1.3831816620324785e+01,9.7841800848611093e+00,1.3733480099516202e+01,0.0000000000000000e+00,8.5353875093197229e-01,1.1843973108950618e+01,0.0000000000000000e+00,1.4336102943045194e+01,1.3733480099516202e+01,1.1843973108950618e+01,7.4456649996309254e+00,1.4336102943045194e+01,4.5270999162278294e+00,6.2157301786367434e+00,1.4336102943045194e+01,1.3733480099516202e+01,1.4336102943045194e+01,2.5036310971395528e+00,7.4456649996309254e+00,1.4336102943045194e+01,1.4336102943045194e+01,1.4336102943045194e+01,1.1843973108950618e+01,1.1843973108950618e+01,1.1843973108950618e+01,8.6049386942597952e+00,9.7841800848611093e+00,1.4336102943045194e+01,3.8377925970603841e+00,7.4456649996309254e+00,1.3733480099516202e+01,1.3831816620324785e+01,1.7713110125476716e+00,1.7713110125476716e+00,1.4336102943045194e+01,0.0000000000000000e+00,1.3831816620324785e+01,8.6049386942597952e+00,1.3831816620324785e+01,1.3831816620324785e+01,6.2157301786367434e+00,6.2157301786367434e+00,1.3733480099516202e+01,5.7279486463551574e+00,2.5036310971395528e+00,1.3733480099516202e+01,1.3733480099516202e+01,1.1843973108950618e+01,6.2157301786367434e+00,7.4456649996309254e+00,8.6049386942597952e+00,1.0158229946671963e+01,4.5270999162278294e+00,1.3831816620324785e+01,1.7713110125476716e+00,1.3831816620324785e+01,0.0000000000000000e+00,1.0158229946671963e+01,1.0158229946671963e+01,6.2157301786367434e+00,1.4336102943045194e+01,3.8377925970603841e+00,1.3733480099516202e+01,1.3733480099516202e+01,1.3733480099516202e+01,1.3733480099516202e+01,8.5353875093197229e-01,7.4456649996309254e+00,1.1843973108950618e+01,1.0158229946671963e+01,1.7713110125476716e+00,1.4336102943045194e+01,8.6049386942597952e+00,1.3733480099516202e+01,2.5036310971395528e+00,1.0158229946671963e+01,1.1843973108950618e+01,1.0158229946671963e+01,1.0158229946671963e+01,7.4456649996309254e+00,1.3733480099516202e+01,2.5036310971395528e+00,2.5036310971395528e+00,1.0158229946671963e+01,1.0158229946671963e+01,2.5036310971395528e+00,7.4456649996309254e+00,7.4456649996309254e+00,7.4456649996309254e+00,2.5036310971395528e+00,5.7279486463551574e+00,9.7841800848611093e+00,5.7279486463551574e+00,1.4336102943045194e+01,1.1843973108950618e+01,3.8377925970603841e+00,7.4456649996309254e+00,1.4336102943045194e+01,9.7841800848611093e+00,1.4336102943045194e+01,7.4456649996309254e+00,9.7841800848611093e+00,9.7841800848611093e+00,1.1843973108950618e+01,9.7841800848611093e+00,1.4336102943045194e+01,1.4336102943045194e+01,4.5270999162278294e+00,6.2157301786367434e+00,0.0000000000000000e+00,4.5270999162278294e+00,9.7841800848611093e+00,8.5353875093197229e-01,5.7279486463551574e+00,1.4336102943045194e+01,1.4336102943045194e+01,1.4336102943045194e+01,1.3831816620324785e+01,9.7841800848611093e+00,1.7713110125476716e+00,7.4456649996309254e+00,8.5353875093197229e-01,8.6049386942597952e+00,2.5036310971395528e+00,1.4336102943045194e+01,2.5036310971395528e+00,9.7841800848611093e+00,1.3733480099516202e+01,1.1843973108950618e+01,1.1843973108950618e+01,1.1843973108950618e+01,1.1843973108950618e+01,2.5036310971395528e+00,7.4456649996309254e+00,1.3831816620324785e+01,9.7841800848611093e+00,5.7279486463551574e+00,1.3733480099516202e+01,1.0158229946671963e+01,1.4336102943045194e+01,1.4336102943045194e+01,1.3733480099516202e+01,1.4336102943045194e+01,1.1843973108950618e+01,0.0000000000000000e+00,6.2157301786367434e+00,8.5353875093197229e-01,5.7279486463551574e+00,2.5036310971395528e+00,5.7279486463551574e+00,0.0000000000000000e+00,5.7279486463551574e+00,3.8377925970603841e+00,5.7279486463551574e+00,1.1843973108950618e+01,9.7841800848611093e+00,1.1843973108950618e+01,1.3733480099516202e+01,8.5353875093197229e-01,0.0000000000000000e+00,1.1843973108950618e+01,1.0158229946671963e+01,0.0000000000000000e+00,1.1843973108950618e+01,8.6049386942597952e+00,3.8377925970603841e+00,1.0158229946671963e+01,1.4336102943045194e+01,2.5036310971395528e+00,3.8377925970603841e+00,1.1843973108950618e+01,1.1843973108950618e+01,1.3831816620324785e+01,8.5353875093197229e-01,1.3831816620324785e+01,1.4336102943045194e+01,8.6049386942597952e+00,4.5270999162278294e+00,1.7713110125476716e+00,0.0000000000000000e+00,1.3733480099516202e+01,1.3733480099516202e+01,2.5036310971395528e+00,1.3831816620324785e+01,8.5353875093197229e-01,1.4336102943045194e+01,1.0158229946671963e+01,9.7841800848611093e+00,8.6049386942597952e+00,7.4456649996309254e+00,9.7841800848611093e+00,9.7841800848611093e+00,5.7279486463551574e+00,9.7841800848611093e+00,1.3831816620324785e+01,3.8377925970603841e+00,1.4336102943045194e+01,1.3831816620324785e+01,1.3831816620324785e+01,8.5353875093197229e-01,9.7841800848611093e+00,5.7279486463551574e+00,2.5036310971395528e+00,3.8377925970603841e+00,9.7841800848611093e+00,9.7841800848611093e+00,4.5270999162278294e+00,9.7841800848611093e+00,3.8377925970603841e+00,1.4336102943045194e+01,1.4336102943045194e+01,9.7841800848611093e+00,7.4456649996309254e+00,1.3733480099516202e+01,3.8377925970603841e+00,1.7713110125476716e+00,1.3831816620324785e+01,2.5036310971395528e+00,8.5353875093197229e-01,1.3733480099516202e+01,9.7841800848611093e+00,1.4336102943045194e+01,6.2157301786367434e+00,9.7841800848611093e+00,2.5036310971395528e+00,9.7841800848611093e+00,3.8377925970603841e+00,1.1843973108950618e+01,1.3831816620324785e+01,1.4336102943045194e+01,7.4456649996309254e+00,3.8377925970603841e+00,0.0000000000000000e+00,8.5353875093197229e-01,1.4336102943045194e+01,1.4336102943045194e+01,3.8377925970603841e+00,1.1843973108950618e+01,9.7841800848611093e+00,5.7279486463551574e+00,9.7841800848611093e+00,7.4456649996309254e+00,1.7713110125476716e+00,2.5036310971395528e+00,7.4456649996309254e+00,1.1843973108950618e+01,8.6049386942597952e+00,8.6049386942597952e+00,1.3831816620324785e+01,1.1843973108950618e+01,1.1843973108950618e+01,1.3831816620324785e+01,5.7279486463551574e+00,1.3733480099516202e+01,6.2157301786367434e+00,1.4336102943045194e+01,7.4456649996309254e+00,8.6049386942597952e+00,7.4456649996309254e+00,1.7713110125476716e+00,1.3733480099516202e+01,1.4336102943045194e+01,1.4336102943045194e+01,5.7279486463551574e+00,1.4336102943045194e+01,1.4336102943045194e+01,6.2157301786367434e+00,9.7841800848611093e+00,9.7841800848611093e+00,9.7841800848611093e+00,1.4336102943045194e+01,4.5270999162278294e+00,1.1843973108950618e+01,1.0158229946671963e+01,1.1843973108950618e+01,4.5270999162278294e+00,7.4456649996309254e+00,6.2157301786367434e+00,8.5353875093197229e-01,1.3733480099516202e+01,7.4456649996309254e+00,1.0158229946671963e+01,9.7841800848611093e+00,8.6049386942597952e+00,1.0158229946671963e+01,1.4336102943045194e+01,7.4456649996309254e+00,9.7841800848611093e+00,1.3733480099516202e+01,1.7713110125476716e+00,7.4456649996309254e+00,3.8377925970603841e+00,5.7279486463551574e+00,2.5036310971395528e+00,2.5036310971395528e+00,7.4456649996309254e+00,1.0158229946671963e+01,1.3831816620324785e+01,1.0158229946671963e+01,1.4336102943045194e+01,0.0000000000000000e+00,1.0158229946671963e+01,9.7841800848611093e+00,1.3733480099516202e+01,6.2157301786367434e+00,1.3733480099516202e+01,8.6049386942597952e+00,7.4456649996309254e+00,1.4336102943045194e+01,1.4336102943045194e+01,1.4336102943045194e+01,0.0000000000000000e+00,1.3733480099516202e+01,9.7841800848611093e+00,1.4336102943045194e+01,1.0158229946671963e+01,8.6049386942597952e+00,9.7841800848611093e+00,7.4456649996309254e+00,9.7841800848611093e+00,8.6049386942597952e+00,1.1843973108950618e+01,1.0158229946671963e+01,7.4456649996309254e+00,1.7713110125476716e+00,4.5270999162278294e+00,0.0000000000000000e+00,1.1843973108950618e+01,6.2157301786367434e+00,1.7713110125476716e+00,1.3733480099516202e+01,1.1843973108950618e+01,3.8377925970603841e+00,1.3733480099516202e+01,8.5353875093197229e-01,2.5036310971395528e+00,1.1843973108950618e+01,1.1843973108950618e+01,1.3831816620324785e+01,1.3733480099516202e+01,2.5036310971395528e+00,1.1843973108950618e+01,1.1843973108950618e+01,1.3831816620324785e+01,1.0158229946671963e+01,8.6049386942597952e+00,1.0158229946671963e+01,1.7713110125476716e+00,1.7713110125476716e+00,0.0000000000000000e+00,1.0158229946671963e+01,1.1843973108950618e+01,1.0158229946671963e+01,1.4336102943045194e+01,1.4336102943045194e+01,1.7713110125476716e+00,1.3733480099516202e+01,4.5270999162278294e+00,8.6049386942597952e+00,8.6049386942597952e+00,1.3733480099516202e+01,3.8377925970603841e+00,1.7713110125476716e+00,3.8377925970603841e+00,8.5353875093197229e-01,1.1843973108950618e+01,1.1843973108950618e+01,6.2157301786367434e+00,6.2157301786367434e+00,0.0000000000000000e+00,1.3733480099516202e+01,3.8377925970603841e+00,1.3733480099516202e+01,1.3733480099516202e+01,5.7279486463551574e+00,3.8377925970603841e+00,3.8377925970603841e+00,1.1843973108950618e+01,1.3831816620324785e+01,1.4336102943045194e+01,1.3831816620324785e+01,3.8377925970603841e+00,1.3733480099516202e+01,1.1843973108950618e+01,8.6049386942597952e+00,1.3733480099516202e+01,8.5353875093197229e-01,8.5353875093197229e-01,1.3733480099516202e+01,1.1843973108950618e+01,1.3733480099516202e+01,1.3733480099516202e+01,1.4336102943045194e+01,1.0158229946671963e+01,1.3733480099516202e+01,2.5036310971395528e+00,1.1843973108950618e+01,1.4336102943045194e+01,5.7279486463551574e+00,1.0158229946671963e+01,1.0158229946671963e+01,1.3733480099516202e+01,1.0158229946671963e+01,1.3831816620324785e+01,1.3733480099516202e+01,1.3733480099516202e+01,1.0158229946671963e+01,6.2157301786367434e+00,0.0000000000000000e+00,6.2157301786367434e+00,6.2157301786367434e+00,3.8377925970603841e+00,1.3733480099516202e+01,1.3831816620324785e+01,3.8377925970603841e+00,1.3831816620324785e+01,3.8377925970603841e+00,5.7279486463551574e+00,2.5036310971395528e+00,8.6049386942597952e+00,2.5036310971395528e+00,1.3831816620324785e+01,2.5036310971395528e+00,8.6049386942597952e+00,4.5270999162278294e+00,9.7841800848611093e+00,1.4336102943045194e+01,3.8377925970603841e+00,9.7841800848611093e+00,8.6049386942597952e+00,1.3733480099516202e+01,7.4456649996309254e+00,1.1843973108950618e+01,1.3831816620324785e+01,6.2157301786367434e+00,1.3733480099516202e+01,3.8377925970603841e+00,1.3733480099516202e+01,0.0000000000000000e+00,7.4456649996309254e+00,8.6049386942597952e+00,1.7713110125476716e+00,1.3733480099516202e+01,8.6049386942597952e+00,1.3733480099516202e+01,7.4456649996309254e+00,1.4336102943045194e+01,1.4336102943045194e+01,4.5270999162278294e+00,8.5353875093197229e-01,1.3733480099516202e+01,9.7841800848611093e+00,8.6049386942597952e+00,9.7841800848611093e+00,9.7841800848611093e+00,0.0000000000000000e+00,1.4336102943045194e+01,1.4336102943045194e+01,8.6049386942597952e+00,1.3733480099516202e+01,2.5036310971395528e+00,4.5270999162278294e+00,1.7713110125476716e+00,1.3733480099516202e+01,9.7841800848611093e+00,8.5353875093197229e-01,1.4336102943045194e+01,5.7279486463551574e+00,9.7841800848611093e+00,1.1843973108950618e+01,1.4336102943045194e+01,1.4336102943045194e+01,1.3733480099516202e+01,1.3733480099516202e+01,1.4336102943045194e+01,1.1843973108950618e+01,9.7841800848611093e+00,5.7279486463551574e+00,1.1843973108950618e+01,1.4336102943045194e+01,1.4336102943045194e+01,4.5270999162278294e+00,1.1843973108950618e+01,8.5353875093197229e-01,1.4336102943045194e+01,9.7841800848611093e+00,1.0158229946671963e+01,1.4336102943045194e+01,1.3733480099516202e+01,7.4456649996309254e+00,7.4456649996309254e+00,1.1843973108950618e+01,4.5270999162278294e+00,1.3831816620324785e+01,7.4456649996309254e+00,0.0000000000000000e+00,1.4336102943045194e+01,1.3733480099516202e+01,8.5353875093197229e-01,7.4456649996309254e+00,1.3733480099516202e+01,6.2157301786367434e+00,3.8377925970603841e+00,1.3733480099516202e+01,1.3733480099516202e+01,1.4336102943045194e+01,1.3733480099516202e+01,8.5353875093197229e-01,1.7713110125476716e+00,8.6049386942597952e+00,9.7841800848611093e+00,7.4456649996309254e+00,2.5036310971395528e+00,1.4336102943045194e+01,1.3733480099516202e+01,1.3733480099516202e+01,6.2157301786367434e+00,9.7841800848611093e+00,1.3733480099516202e+01,1.7713110125476716e+00,6.2157301786367434e+00,0.0000000000000000e+00,4.5270999162278294e+00,8.6049386942597952e+00,7.4456649996309254e+00,3.8377925970603841e+00,1.3831816620324785e+01,1.3831816620324785e+01,1.3733480099516202e+01,6.2157301786367434e+00,1.3831816620324785e+01,8.6049386942597952e+00,3.8377925970603841e+00,9.7841800848611093e+00,3.8377925970603841e+00,1.0158229946671963e+01,1.3831816620324785e+01,1.3831816620324785e+01,1.1843973108950618e+01,8.6049386942597952e+00,1.1843973108950618e+01,1.0158229946671963e+01,7.4456649996309254e+00,1.4336102943045194e+01,0.0000000000000000e+00,5.7279486463551574e+00,8.6049386942597952e+00,9.7841800848611093e+00,1.1843973108950618e+01,9.7841800848611093e+00
6.3396210695970661e+00,4.1390967902398721e+00,1.4010710691150916e+01,0.0000000000000000e+00,1.4010710691150916e+01,1.4010710691150916e+01,1.0299500241281027e+01,1.4010710691150916e+01,1.0299500241281027e+01,6.3396210695970661e+00,6.3396210695970661e+00,6.3396210695970661e+00,6.3396210695970661e+00,1.0269543496568584e+01,1.4010710691150916e+01,1.0299500241281027e+01,1.4010710691150916e+01,1.0299500241281027e+01,1.2940599833316746e+01,1.2940599833316746e+01,4.1390967902398721e+00,5.3594313927085482e+00,1.4010710691150916e+01,0.0000000000000000e+00,1.2940599833316746e+01,4.7031321048755661e+00,4.7031321048755661e+00,4.7031321048755661e+00,1.8490762409440533e+00,6.3396210695970661e+00,4.1390967902398721e+00,1.8490762409440533e+00,1.0299500241281027e+01,1.8490762409440533e+00,1.0299500241281027e+01,1.2940599833316746e+01,1.0299500241281027e+01,1.0299500241281027e+01,9.6431167090773346e+00,9.5481480733218371e-01,9.6431167090773346e+00,8.0825786457140669e+00,8.0825786457140669e+00,8.0825786457140669e+00,8.0825786457140669e+00,1.4010710691150916e+01,5.3594313927085482e+00,5.3594313927085482e+00,8.0825786457140669e+00,8.0825786457140669e+00,1.8490762409440533e+00,1.8490762409440533e+00,1.4010710691150916e+01,1.4010710691150916e+01,1.4010710691150916e+01,1.4010710691150916e+01,0.0000000000000000e+00,1.4010710691150916e+01,1.4010710691150916e+01,1.4010710691150916e+01,1.4010710691150916e+01,8.0825786457140669e+00,4.1390967902398721e+00,1.4010710691150916e+01,8.0825786457140669e+00,1.4010710691150916e+01,1.1918589038226090e+01,1.4010710691150916e+01,1.4010710691150916e+01,1.1918589038226090e+01,1.8490762409440533e+00,5.3594313927085482e+00,1.1918589038226090e+01,1.1918589038226090e+01,1.0299500241281027e+01,1.0299500241281027e+01,9.5481480733218371e-01,1.1918589038226090e+01,1.4010710691150916e+01,2.5824842190596584e+00,1.0269543496568584e+01,1.1918589038226090e+01,2.5824842190596584e+00,1.0299500241281027e+01,9.5481480733218371e-01,5.3594313927085482e+00,5.3594313927085482e+00,1.1918589038226090e+01,1.0299500241281027e+01,1.1918589038226090e+01,5.3594313927085482e+00,1.4010710691150916e+01,8.0825786457140669e+00,8.0825786457140669e+00,8.0825786457140669e+00,1.2940599833316746e+01,1.2940599833316746e+01,1.2940599833316746e+01,1.0299500241281027e+01,1.2940599833316746e+01,5.3594313927085482e+00,1.1918589038226090e+01,9.6431167090773346e+00,1.1918589038226090e+01,1.0299500241281027e+01,1.2699280711281819e+01,6.3396210695970661e+00,9.5481480733218371e-01,1.0299500241281027e+01,1.1918589038226090e+01,1.1918589038226090e+01,5.3594313927085482e+00,1.1918589038226090e+01,8.0825786457140669e+00,4.7031321048755661e+00,1.4010710691150916e+01,9.6431167090773346e+00,5.3594313927085482e+00,1.0299500241281027e+01,5.3594313927085482e+00,1.0299500241281027e+01,1.0299500241281027e+01,6.3396210695970661e+00,2.5824842190596584e+00,1.1918589038226090e+01,1.4010710691150916e+01,1.4010710691150916e+01,1.4010710691150916e+01,2.5824842190596584e+00,1.1918589038226090e+01,1.4010710691150916e+01,1.1918589038226090e+01,9.6431167090773346e+00,8.0825786457140669e+00,1.2699280711281819e+01,1.2699280711281819e+01,1.2940599833316746e+01,1.2699280711281819e+01,1.2699280711281819e+01,1.2699280711281819e+01,1.2699280711281819e+01,1.1918589038226090e+01,1.1918589038226090e+01,1.0299500241281027e+01,8.0825786457140669e+00,1.2940599833316746e+01,1.2699280711281819e+01,4.1390967902398721e+00,1.0299500241281027e+01,2.5824842190596584e+00,1.2699280711281819e+01,1.2699280711281819e+01,0.0000000000000000e+00,4.7031321048755661e+00,1.4010710691150916e+01,1.2699280711281819e+01,1.2940599833316746e+01,9.5481480733218371e-01,2.5824842190596584e+00,1.2699280711281819e+01,1.2940599833316746e+01,1.2940599833316746e+01,1.2940599833316746e+01,1.0299500241281027e+01,8.0825786457140669e+00,8.0825786457140669e+00,8.0825786457140669e+00,1.2699280711281819e+01,6.3396210695970661e+00,1.0299500241281027e+01,9.6431167090773346e+00,1.2940599833316746e+01,4.7031321048755661e+00,1.2699280711281819e+01,9.6431167090773346e+00,4.7031321048755661e+00,1.0299500241281027e+01,1.1918589038226090e+01,1.2940599833316746e+01,1.0299500241281027e+01,9.6431167090773346e+00,0.0000000000000000e+00,0.0000000000000000e+00,1.0299500241281027e+01,1.0299500241281027e+01,6.3396210695970661e+00,8.0825786457140669e+00,8.0825786457140669e+00,8.0825786457140669e+00,8.0825786457140669e+00,6.3396210695970661e+00,8.0825786457140669e+00,5.3594313927085482e+00,1.2940599833316746e+01,1.2940599833316746e+01,6.3396210695970661e+00,5.3594313927085482e+00,8.0825786457140669e+00,2.5824842190596584e+00,1.4010710691150916e+01,6.3396210695970661e+00,4.7031321048755661e+00,1.2940599833316746e+01,1.4010710691150916e+01,1.1918589038226090e+01,1.4010710691150916e+01,9.6431167090773346e+00,6.3396210695970661e+00,9.5481480733218371e-01,1.0269543496568584e+01,6.3396210695970661e+00,1.2940599833316746e+01,0.0000000000000000e+00,2.5824842190596584e+00,0.0000000000000000e+00,1.4010710691150916e+01,5.3594313927085482e+00,2.5824842190596584e+00,1.2940599833316746e+01,1.0269543496568584e+01,8.0825786457140669e+00,8.0825786457140669e+00,1.2940599833316746e+01,1.2940599833316746e+01,1.0269543496568584e+01,6.3396210695970661e+00,9.6431167090773346e+00,1.2940599833316746e+01,9.6431167090773346e+00,9.6431167090773346e+00,1.0299500241281027e+01,6.3396210695970661e+00,1.2940599833316746e+01,1.4010710691150916e+01,1.4010710691150916e+01,4.7031321048755661e+00,9.5481480733218371e-01,1.2940599833316746e+01,9.5481480733218371e-01,8.0825786457140669e+00,1.4010710691150916e+01,1.0269543496568584e+01,1.0269543496568584e+01,1.2699280711281819e+01,1.1918589038226090e+01,1.1918589038226090e+01,1.2699280711281819e+01,4.7031321048755661e+00,1.2699280711281819e+01,1.1918589038226090e+01,2.5824842190596584e+00,2.5824842190596584e+00,1.4010710691150916e+01,1.4010710691150916e+01,9.5481480733218371e-01,9.6431167090773346e+00,1.1918589038226090e+01,2.5824842190596584e+00,1.2699280711281819e+01,9.6431167090773346e+00,1.4010710691150916e+01,1.4010710691150916e+01,1.1918589038226090e+01,4.7031321048755661e+00,1.2699280711281819e+01,1.2940599833316746e+01,8.0825786457140669e+00,1.4010710691150916e+01,1.4010710691150916e+01,1.2940599833316746e+01,1.4010710691150916e+01,1.2699280711281819e+01,1.1918589038226090e+01,1.0269543496568584e+01,2.5824842190596584e+00,9.6431167090773346e+00,1.0299500241281027e+01,8.0825786457140669e+00,4.1390967902398721e+00,1.2940599833316746e+01,1.2940599833316746e+01,1.0299500241281027e+01,1.4010710691150916e+01,1.2699280711281819e+01,9.5481480733218371e-01,8.0825786457140669e+00,1.4010710691150916e+01,9.6431167090773346e+00,1.1918589038226090e+01,1.2699280711281819e+01,1.2699280711281819e+01,4.7031321048755661e+00,9.6431167090773346e+00,1.4010710691150916e+01,1.2699280711281819e+01,1.2699280711281819e+01,1.1918589038226090e+01,4.7031321048755661e+00,9.5481480733218371e-01,4.7031321048755661e+00,9.6431167090773346e+00,1.8490762409440533e+00,1.4010710691150916e+01,1.4010710691150916e+01,9.6431167090773346e+00,1.2699280711281819e+01,1.0299500241281027e+01,6.3396210695970661e+00,4.7031321048755661e+00,1.2699280711281819e+01,1.2940599833316746e+01,6.3396210695970661e+00,1.2940599833316746e+01,9.6431167090773346e+00,5.3594313927085482e+00,9.6431167090773346e+00,1.4010710691150916e+01,1.0269543496568584e+01,1.2940599833316746e+01,1.1918589038226090e+01,1.4010710691150916e+01,9.6431167090773346e+00,0.0000000000000000e+00,9.6431167090773346e+00,1.8490762409440533e+00,1.1918589038226090e+01,9.6431167090773346e+00,6.3396210695970661e+00,8.0825786457140669e+00,8.0825786457140669e+00,9.5481480733218371e-01,1.2699280711281819e+01,1.2699280711281819e+01,1.2699280711281819e+01,4.1390967902398721e+00,1.2699280711281819e+01,1.2940599833316746e+01,1.2940599833316746e+01,6.3396210695970661e+00,0.0000000000000000e+00,1.0299500241281027e+01,1.8490762409440533e+00,1.0299500241281027e+01,1.0299500241281027e+01,1.1918589038226090e+01,1.0299500241281027e+01,1.4010710691150916e+01,1.1918589038226090e+01,1.1918589038226090e+01,6.3396210695970661e+00,1.2699280711281819e+01,1.0269543496568584e+01,9.6431167090773346e+00,1.2940599833316746e+01,1.4010710691150916e+01,4.7031321048755661e+00,1.2940599833316746e+01,1.4010710691150916e+01,5.3594313927085482e+00,5.3594313927085482e+00,9.6431167090773346e+00,1.0269543496568584e+01,1.2940599833316746e+01,1.0269543496568584e+01,1.0269543496568584e+01,1.2940599833316746e+01,1.2940599833316746e+01,1.2940599833316746e+01,1.2940599833316746e+01,1.2940599833316746e+01,1.0269543496568584e+01,1.0269543496568584e+01,8.0825786457140669e+00,1.4010710691150916e+01,8.0825786457140669e+00,1.1918589038226090e+01,1.4010710691150916e+01,2.5824842190596584e+00,1.2699280711281819e+01,1.2940599833316746e+01,4.7031321048755661e+00,9.6431167090773346e+00,4.7031321048755661e+00,1.8490762409440533e+00,1.4010710691150916e+01,1.0299500241281027e+01,6.3396210695970661e+00,8.0825786457140669e+00,1.0299500241281027e+01,4.7031321048755661e+00,0.0000000000000000e+00,1.4010710691150916e+01,1.2940599833316746e+01,5.3594313927085482e+00,4.1390967902398721e+00,1.2940599833316746e+01,9.5481480733218371e-01,4.1390967902398721e+00,4.7031321048755661e+00,1.2699280711281819e+01,1.2940599833316746e+01,1.1918589038226090e+01,9.6431167090773346e+00,9.6431167090773346e+00,1.1918589038226090e+01,4.7031321048755661e+00,4.1390967902398721e+00,1.1918589038226090e+01,1.0299500241281027e+01,1.2699280711281819e+01,0.0000000000000000e+00,1.0299500241281027e+01,6.3396210695970661e+00,1.0269543496568584e+01,1.0269543496568584e+01,1.1918589038226090e+01,1.2699280711281819e+01,8.0825786457140669e+00,9.6431167090773346e+00,1.2940599833316746e+01,1.2940599833316746e+01,1.2940599833316746e+01,6.3396210695970661e+00,5.3594313927085482e+00,9.5481480733218371e-01,1.2940599833316746e+01,5.3594313927085482e+00,1.0269543496568584e+01,1.0269543496568584e+01,5.3594313927085482e+00,1.2940599833316746e+01,1.2940599833316746e+01,2.5824842190596584e+00,1.2699280711281819e+01,4.1390967902398721e+00,1.0299500241281027e+01,1.4010710691150916e+01,1.4010710691150916e+01,1.8490762409440533e+00,4.1390967902398721e+00,1.2940599833316746e+01,1.4010710691150916e+01,1.2940599833316746e+01,6.3396210695970661e+00,1.2699280711281819e+01,1.2940599833316746e+01,1.2940599833316746e+01,1.4010710691150916e+01,1.2699280711281819e+01,1.0299500241281027e+01,1.2699280711281819e+01,0.0000000000000000e+00,4.1390967902398721e+00,1.0299500241281027e+01,1.0299500241281027e+01,1.2699280711281819e+01,6.3396210695970661e+00,1.0269543496568584e+01,2.5824842190596584e+00,6.3396210695970661e+00,5.3594313927085482e+00,1.2699280711281819e+01,1.2699280711281819e+01,1.0299500241281027e+01,1.0269543496568584e+01,1.1918589038226090e+01,1.2699280711281819e+01,5.3594313927085482e+00,1.8490762409440533e+00,1.2699280711281819e+01,1.4010710691150916e+01,1.2940599833316746e+01,1.1918589038226090e+01,9.5481480733218371e-01,1.0269543496568584e+01,8.0825786457140669e+00,1.2940599833316746e+01,1.2940599833316746e+01,0.0000000000000000e+00,4.1390967902398721e+00,1.4010710691150916e+01,1.1918589038226090e+01,4.1390967902398721e+00,4.1390967902398721e+00,1.4010710691150916e+01,1.1918589038226090e+01,1.8490762409440533e+00,4.1390967902398721e+00,0.0000000000000000e+00,8.0825786457140669e+00,8.0825786457140669e+00,9.5481480733218371e-01,1.2940599833316746e+01,1.8490762409440533e+00,4.7031321048755661e+00,4.1390967902398721e+00,4.1390967902398721e+00,1.0299500241281027e+01,1.2699280711281819e+01,1.0299500241281027e+01,1.1918589038226090e+01,1.0269543496568584e+01,4.7031321048755661e+00,1.0299500241281027e+01,1.0299500241281027e+01,1.4010710691150916e+01,1.4010710691150916e+01,1.4010710691150916e+01,1.0299500241281027e+01,1.4010710691150916e+01,4.7031321048755661e+00,4.7031321048755661e+00,2.5824842190596584e+00,1.0299500241281027e+01,2.5824842190596584e+00,4.1390967902398721e+00,9.5481480733218371e-01,1.0299500241281027e+01,1.4010710691150916e+01,6.3396210695970661e+00,1.0299500241281027e+01,1.0269543496568584e+01,1.2940599833316746e+01,1.2699280711281819e+01,6.3396210695970661e+00,1.2940599833316746e+01,8.0825786457140669e+00,8.0825786457140669e+00,1.0299500241281027e+01,1.2940599833316746e+01,1.0299500241281027e+01,1.0299500241281027e+01,1.0269543496568584e+01,1.1918589038226090e+01,0.0000000000000000e+00,1.8490762409440533e+00,1.0299500241281027e+01,1.0269543496568584e+01,1.0269543496568584e+01,1.8490762409440533e+00,1.0299500241281027e+01,1.4010710691150916e+01,9.6431167090773346e+00,8.0825786457140669e+00,2.5824842190596584e+00,1.2699280711281819e+01,1.1918589038226090e+01,1.0299500241281027e+01,1.0299500241281027e+01,1.0299500241281027e+01,1.4010710691150916e+01,1.2699280711281819e+01,1.4010710691150916e+01,6.3396210695970661e+00,1.2940599833316746e+01,1.0299500241281027e+01,1.2699280711281819e+01,1.4010710691150916e+01,1.0269543496568584e+01,1.0269543496568584e+01,9.6431167090773346e+00,9.6431167090773346e+00,1.0299500241281027e+01,1.2940599833316746e+01,1.4010710691150916e+01,6.3396210695970661e+00,6.3396210695970661e+00,1.1918589038226090e+01,9.5481480733218371e-01,1.2699280711281819e+01,6.3396210695970661e+00,6.3396210695970661e+00,6.3396210695970661e+00,4.1390967902398721e+00,1.8490762409440533e+00,1.0299500241281027e+01,6.3396210695970661e+00,4.7031321048755661e+00,1.2940599833316746e+01,1.8490762409440533e+00,1.1918589038226090e+01,5.3594313927085482e+00,4.7031321048755661e+00,1.1918589038226090e+01,1.1918589038226090e+01,6.3396210695970661e+00,1.1918589038226090e+01,6.3396210695970661e+00,1.0269543496568584e+01,1.1918589038226090e+01,6.3396210695970661e+00,1.2940599833316746e+01,1.2940599833316746e+01,1.0299500241281027e+01,1.0299500241281027e+01,9.5481480733218371e-01,1.2940599833316746e+01,1.2940599833316746e+01,1.0299500241281027e+01,1.2940599833316746e+01,1.0269543496568584e+01,9.6431167090773346e+00,4.7031321048755661e+00,2.5824842190596584e+00,1.0299500241281027e+01,1.0269543496568584e+01,1.0269543496568584e+01,9.5481480733218371e-01,4.1390967902398721e+00,1.2699280711281819e+01,6.3396210695970661e+00,1.0299500241281027e+01,1.0299500241281027e+01,1.0269543496568584e+01,1.2940599833316746e+01,1.0299500241281027e+01,1.0299500241281027e+01,1.8490762409440533e+00,1.2699280711281819e+01,1.0299500241281027e+01,2.5824842190596584e+00,1.0299500241281027e+01,1.1918589038226090e+01,1.8490762409440533e+00,1.0269543496568584e+01,1.0269543496568584e+01,1.8490762409440533e+00,5.3594313927085482e+00,1.2699280711281819e+01,1.0299500241281027e+01,9.5481480733218371e-01,9.5481480733218371e-01,1.1918589038226090e+01,5.3594313927085482e+00,5.3594313927085482e+00,1.4010710691150916e+01,4.1390967902398721e+00,5.3594313927085482e+00,4.7031321048755661e+00,1.1918589038226090e+01,1.1918589038226090e+01,1.2940599833316746e+01,9.5481480733218371e-01,5.3594313927085482e+00,4.1390967902398721e+00,1.1918589038226090e+01,1.0269543496568584e+01,0.0000000000000000e+00,1.1918589038226090e+01,1.1918589038226090e+01,1.2699280711281819e+01,1.2699280711281819e+01,1.1918589038226090e+01,2.5824842190596584e+00,1.4010710691150916e+01,1.4010710691150916e+01,1.2699280711281819e+01,8.0825786457140669e+00,1.8490762409440533e+00,6.3396210695970661e+00,1.2699280711281819e+01,1.2940599833316746e+01,1.0299500241281027e+01,1.0299500241281027e+01,1.4010710691150916e+01,2.5824842190596584e+00,1.4010710691150916e+01,1.8490762409440533e+00,2.5824842190596584e+00,1.2940599833316746e+01,1.4010710691150916e+01,1.0299500241281027e+01,1.2940599833316746e+01,6.3396210695970661e+00,1.2699280711281819e+01,9.6431167090773346e+00,4.7031321048755661e+00,1.2940599833316746e+01,1.0299500241281027e+01,1.1918589038226090e+01,1.0299500241281027e+01,1.1918589038226090e+01,1.0299500241281027e+01,1.0269543496568584e+01,1.8490762409440533e+00,1.0299500241281027e+01,4.7031321048755661e+00,1.2940599833316746e+01,9.6431167090773346e+00,4.7031321048755661e+00,1.2940599833316746e+01,1.2940599833316746e+01,2.5824842190596584e+00,1.0299500241281027e+01,6.3396210695970661e+00,4.7031321048755661e+00,1.1918589038226090e+01,1.2940599833316746e+01,1.2940599833316746e+01,1.0299500241281027e+01,9.6431167090773346e+00,1.0299500241281027e+01,9.6431167090773346e+00,1.1918589038226090e+01,1.0299500241281027e+01,1.0299500241281027e+01,1.1918589038226090e+01,1.2699280711281819e+01,9.5481480733218371e-01,1.1918589038226090e+01,0.0000000000000000e+00,1.1918589038226090e+01,1.1918589038226090e+01,1.1918589038226090e+01,6.3396210695970661e+00,4.1390967902398721e+00,1.4010710691150916e+01,1.0299500241281027e+01,1.2699280711281819e+01,1.0299500241281027e+01,1.0299500241281027e+01,1.0299500241281027e+01,1.2940599833316746e+01,4.1390967902398721e+00,4.1390967902398721e+00,1.2940599833316746e+01,0.0000000000000000e+00,1.2699280711281819e+01,4.1390967902398721e+00,1.0299500241281027e+01,4.1390967902398721e+00,1.0299500241281027e+01,4.7031321048755661e+00,1.2699280711281819e+01,1.2940599833316746e+01,1.0299500241281027e+01,1.2699280711281819e+01,1.0299500241281027e+01,1.0299500241281027e+01,4.7031321048755661e+00,8.0825786457140669e+00,1.0299500241281027e+01,9.5481480733218371e-01,4.1390967902398721e+00,1.0299500241281027e+01,5.3594313927085482e+00,4.7031321048755661e+00,1.0299500241281027e+01,1.0269543496568584e+01,4.1390967902398721e+00,1.8490762409440533e+00,4.7031321048755661e+00,1.4010710691150916e+01,1.0299500241281027e+01,1.2940599833316746e+01,1.0299500241281027e+01,4.1390967902398721e+00,9.5481480733218371e-01,1.2699280711281819e+01,8.0825786457140669e+00,9.5481480733218371e-01,1.1918589038226090e+01,9.6431167090773346e+00,1.4010710691150916e+01,9.6431167090773346e+00,9.6431167090773346e+00,1.0299500241281027e+01,1.0299500241281027e+01,0.0000000000000000e+00,9.6431167090773346e+00,1.4010710691150916e+01,1.4010710691150916e+01,2.5824842190596584e+00,1.2699280711281819e+01,1.0299500241281027e+01,9.6431167090773346e+00,1.8490762409440533e+00,1.0269543496568584e+01,1.2940599833316746e+01,9.6431167090773346e+00,4.7031321048755661e+00,4.7031321048755661e+00,1.2940599833316746e+01,8.0825786457140669e+00,8.0825786457140669e+00,6.3396210695970661e+00,1.4010710691150916e+01,6.3396210695970661e+00,6.3396210695970661e+00,1.0299500241281027e+01,6.3396210695970661e+00,1.2940599833316746e+01,1.2699280711281819e+01,1.2699280711281819e+01,6.3396210695970661e+00,1.1918589038226090e+01,1.0299500241281027e+01,1.1918589038226090e+01,4.1390967902398721e+00,4.1390967902398721e+00,5.3594313927085482e+00,1.2940599833316746e+01,1.8490762409440533e+00,4.1390967902398721e+00,1.0269543496568584e+01,6.3396210695970661e+00,5.3594313927085482e+00,1.1918589038226090e+01,1.2940599833316746e+01,1.0299500241281027e+01,5.3594313927085482e+00,1.0299500241281027e+01,1.0299500241281027e+01,1.0299500241281027e+01,6.3396210695970661e+00,9.6431167090773346e+00,1.1918589038226090e+01,1.2940599833316746e+01,1.2940599833316746e+01,1.1918589038226090e+01,2.5824842190596584e+00,1.1918589038226090e+01,1.0299500241281027e+01,1.2940599833316746e+01,5.3594313927085482e+00,5.3594313927085482e+00,1.2699280711281819e+01,1.0299500241281027e+01,1.1918589038226090e+01,1.0299500241281027e+01,1.4010710691150916e+01,6.3396210695970661e+00,1.1918589038226090e+01,0.0000000000000000e+00,1.2940599833316746e+01,1.4010710691150916e+01,1.2940599833316746e+01,1.0299500241281027e+01,1.0269543496568584e+01,9.6431167090773346e+00,1.0299500241281027e+01,1.2940599833316746e+01,0.0000000000000000e+00,1.0269543496568584e+01,6.3396210695970661e+00,0.0000000000000000e+00,1.0299500241281027e+01,6.3396210695970661e+00,1.0299500241281027e+01,1.0269543496568584e+01,1.2699280711281819e+01,1.0299500241281027e+01,9.5481480733218371e-01,1.0299500241281027e+01,5.3594313927085482e+00,1.8490762409440533e+00,1.2940599833316746e+01,1.8490762409440533e+00,9.5481480733218371e-01,0.0000000000000000e+00,1.2699280711281819e+01,5.3594313927085482e+00,9.6431167090773346e+00,1.0269543496568584e+01,1.4010710691150916e+01,4.7031321048755661e+00,1.2940599833316746e+01,4.7031321048755661e+00,9.6431167090773346e+00,1.2940599833316746e+01,9.6431167090773346e+00,8.0825786457140669e+00,9.5481480733218371e-01,1.0269543496568584e+01,1.1918589038226090e+01,1.0269543496568584e+01,2.5824842190596584e+00,1.0269543496568584e+01,9.6431167090773346e+00,1.0269543496568584e+01,1.8490762409440533e+00,9.6431167090773346e+00,2.5824842190596584e+00,2.5824842190596584e+00,1.1918589038226090e+01,2.5824842190596584e+00,8.0825786457140669e+00,1.0269543496568584e+01,1.2940599833316746e+01,1.4010710691150916e+01,1.2940599833316746e+01,1.2940599833316746e+01,1.2940599833316746e+01,9.6431167090773346e+00,2.5824842190596584e+00,1.2940599833316746e+01,1.0299500241281027e+01,1.2940599833316746e+01,1.4010710691150916e+01,1.2940599833316746e+01,2.5824842190596584e+00,1.4010710691150916e+01,1.2940599833316746e+01,1.4010710691150916e+01,0.0000000000000000e+00,1.4010710691150916e+01,1.0299500241281027e+01,1.2940599833316746e+01,1.2699280711281819e+01,1.2699280711281819e+01,1.2940599833316746e+01,1.2940599833316746e+01,1.2940599833316746e+01,1.2699280711281819e+01,1.2699280711281819e+01,8.0825786457140669e+00,1.1918589038226090e+01,9.5481480733218371e-01,1.2699280711281819e+01,1.1918589038226090e+01,6.3396210695970661e+00,0.0000000000000000e+00,1.0269543496568584e+01,4.7031321048755661e+00,8.0825786457140669e+00,0.0000000000000000e+00,1.1918589038226090e+01,9.6431167090773346e+00,4.7031321048755661e+00,0.0000000000000000e+00,0.0000000000000000e+00,1.8490762409440533e+00,9.6431167090773346e+00,1.8490762409440533e+00,4.7031321048755661e+00,1.2699280711281819e+01,1.4010710691150916e+01,1.0299500241281027e+01,9.6431167090773346e+00,9.6431167090773346e+00,1.4010710691150916e+01,1.8490762409440533e+00,1.1918589038226090e+01,1.1918589038226090e+01,1.4010710691150916e+01,9.6431167090773346e+00,1.4010710691150916e+01,8.0825786457140669e+00,9.6431167090773346e+00,9.6431167090773346e+00,1.2940599833316746e+01,4.1390967902398721e+00,1.2940599833316746e+01,1.4010710691150916e+01,1.1918589038226090e+01,5.3594313927085482e+00,1.2699280711281819e+01,1.1918589038226090e+01,1.0299500241281027e+01,0.0000000000000000e+00,1.4010710691150916e+01,9.5481480733218371e-01,1.2940599833316746e+01,4.1390967902398721e+00,1.8490762409440533e+00,1.1918589038226090e+01,1.1918589038226090e+01,1.8490762409440533e+00,1.4010710691150916e+01,1.2940599833316746e+01,8.0825786457140669e+00,1.0269543496568584e+01,1.0299500241281027e+01,8.0825786457140669e+00,8.0825786457140669e+00,1.2940599833316746e+01,1.1918589038226090e+01,4.1390967902398721e+00,1.0269543496568584e+01,1.0269543496568584e+01,1.0299500241281027e+01,1.0269543496568584e+01,2.5824842190596584e+00,1.4010710691150916e+01,9.6431167090773346e+00,4.1390967902398721e+00,1.1918589038226090e+01,1.2699280711281819e+01,2.5824842190596584e+00,6.3396210695970661e+00,2.5824842190596584e+00,1.0299500241281027e+01,5.3594313927085482e+00,1.0299500241281027e+01,8.0825786457140669e+00,1.0269543496568584e+01,1.0269543496568584e+01,1.0269543496568584e+01,6.3396210695970661e+00,9.5481480733218371e-01
0.0000000000000000e+00,0.0000000000000000e+00,0.0000000000000000e+00,0.0000000000000000e+00,0.0000000000000000e+00,0.0000000000000000e+00,0.0000000000000000e+00,0.0000000000000000e+00,0.0000000000000000e+00,0.0000000000000000e+00,0.0000000000000000e+00,0.0000000000000000e+00,0.0000000000000000e+00,0.0000000000000000e+00,0.0000000000000000e+00,0.0000000000000000e+00,0.0000000000000000e+00,0.0000000000000000e+00,0.0000000000000000e+00,0.0000000000000000e+00,0.0000000000000000e+00,0.0000000000000000e+00,0.0000000000000000e+00,0.0000000000000000e+00,0.0000000000000000e+00,0.0000000000000000e+00,0.0000000000000000e+00,0.0000000000000000e+00,0.0000000000000000e+00,0.0000000000000000e+00,0.0000000000000000e+00,0.0000000000000000e+00,0.0000000000000000e+00,0.0000000000000000e+00,0.0000000000000000e+00,0.0000000000000000e+00,0.0000000000000000e+00,0.0000000000000000e+00,0.0000000000000000e+00,0.0000000000000000e+00,0.0000000000000000e+00,0.0000000000000000e+00,0.0000000000000000e+00,0.0000000000000000e+00,0.0000000000000000e+00,0.0000000000000000e+00,0.0000000000000000e+00,0.0000000000000000e+00,0.0000000000000000e+00,0.0000000000000000e+00,0.0000000000000000e+00,0.0000000000000000e+00,0.0000000000000000e+00,0.0000000000000000e+00,0.0000000000000000e+00,0.0000000000000000e+00,0.0000000000000000e+00,0.0000000000000000e+00,0.0000000000000000e+00,0.0000000000000000e+00,0.0000000000000000e+00,0.0000000000000000e+00,0.0000000000000000e+00,0.0000000000000000e+00,0.0000000000000000e+00,0.0000000000000000e+00,0.0000000000000000e+00,0.0000000000000000e+00,0.0000000000000000e+00,0.0000000000000000e+00,0.0000000000000000e+00,0.0000000000000000e+00,0.0000000000000000e+00,0.0000000000000000e+00,0.0000000000000000e+00,0.0000000000000000e+00,0.0000000000000000e+00,0.0000000000000000e+00,0.0000000000000000e+00,0.0000000000000000e+00,0.0000000000000000e+00,0.0000000000000000e+00,0.0000000000000000e+00,0.0000000000000000e+00,0.0000000000000000e+00,0.0000000000000000e+00,0.0000000000000000e+00,0.0000000000000000e+00,0.0000000000000000e+00,0.0000000000000000e+00,0.0000000000000000e+00,0.0000000000000000e+00,0.0000000000000000e+00,0.0000000000000000e+00,0.0000000000000000e+00,0.0000000000000000e+00,0.0000000000000000e+00,0.0000000000000000e+00,0.0000000000000000e+00,0.0000000000000000e+00,0.0000000000000000e+00,0.0000000000000000e+00,0.0000000000000000e+00,0.0000000000000000e+00,0.0000000000000000e+00,0.0000000000000000e+00,0.0000000000000000e+00,0.0000000000000000e+00,0.0000000000000000e+00,0.0000000000000000e+00,0.0000000000000000e+00,0.0000000000000000e+00,0.0000000000000000e+00,0.0000000000000000e+00,0.0000000000000000e+00,0.0000000000000000e+00,0.0000000000000000e+00,0.0000000000000000e+00,0.0000000000000000e+00,0.0000000000000000e+00,0.0000000000000000e+00,0.0000000000000000e+00,0.0000000000000000e+00,0.0000000000000000e+00,0.0000000000000000e+00,0.0000000000000000e+00,0.0000000000000000e+00,0.0000000000000000e+00,0.0000000000000000e+00,0.0000000000000000e+00,0.0000000000000000e+00,0.0000000000000000e+00,0.0000000000000000e+00,0.0000000000000000e+00,0.0000000000000000e+00,0.0000000000000000e+00,0.0000000000000000e+00,0.0000000000000000e+00,0.0000000000000000e+00,0.0000000000000000e+00,0.0000000000000000e+00,0.0000000000000000e+00,0.0000000000000000e+00,0.0000000000000000e+00,0.0000000000000000e+00,0.0000000000000000e+00,0.0000000000000000e+00,0.0000000000000000e+00,0.0000000000000000e+00,0.0000000000000000e+00,0.0000000000000000e+00,0.0000000000000000e+00,0.0000000000000000e+00,0.0000000000000000e+00,0.0000000000000000e+00,0.0000000000000000e+00,0.0000000000000000e+00,0.0000000000000000e+00,0.0000000000000000e+00,0.0000000000000000e+00,0.0000000000000000e+00,0.0000000000000000e+00,0.0000000000000000e+00,0.0000000000000000e+00,0.0000000000000000e+00,0.0000000000000000e+00,0.0000000000000000e+00,0.0000000000000000e+00,0.0000000000000000e+00,0.0000000000000000e+00,0.0000000000000000e+00,0.0000000000000000e+00,0.0000000000000000e+00,0.0000000000000000e+00,0.0000000000000000e+00,0.0000000000000000e+00,0.0000000000000000e+00,0.0000000000000000e+00,0.0000000000000000e+00,0.0000000000000000e+00,0.0000000000000000e+00,0.0000000000000000e+00,0.0000000000000000e+00,0.0000000000000000e+00,0.0000000000000000e+00,0.0000000000000000e+00,0.0000000000000000e+00,0.0000000000000000e+00,0.0000000000000000e+00,0.0000000000000000e+00,0.0000000000000000e+00,0.0000000000000000e+00,0.0000000000000000e+00,0.0000000000000000e+00,0.0000000000000000e+00,0.0000000000000000e+00,0.0000000000000000e+00,0.0000000000000000e+00,0.0000000000000000e+00,0.0000000000000000e+00,0.0000000000000000e+00,0.0000000000000000e+00,0.0000000000000000e+00,0.0000000000000000e+00,0.0000000000000000e+00,0.0000000000000000e+00,0.0000000000000000e+00,0.0000000000000000e+00,0.0000000000000000e+00,0.0000000000000000e+00,0.0000000000000000e+00,0.0000000000000000e+00,0.0000000000000000e+00,0.0000000000000000e+00,0.0000000000000000e+00,0.0000000000000000e+00,0.0000000000000000e+00,0.0000000000000000e+00,0.0000000000000000e+00,0.0000000000000000e+00,0.0000000000000000e+00,0.0000000000000000e+00,0.0000000000000000e+00,0.0000000000000000e+00,0.0000000000000000e+00,0.0000000000000000e+00,0.0000000000000000e+00,0.0000000000000000e+00,0.0000000000000000e+00,0.0000000000000000e+00,0.0000000000000000e+00,0.0000000000000000e+00,0.0000000000000000e+00,0.0000000000000000e+00,0.0000000000000000e+00,0.0000000000000000e+00,0.0000000000000000e+00,0.0000000000000000e+00,0.0000000000000000e+00,0.0000000000000000e+00,0.0000000000000000e+00,0.0000000000000000e+00,0.0000000000000000e+00,0.0000000000000000e+00,0.0000000000000000e+00,0.0000000000000000e+00,0.0000000000000000e+00,0.0000000000000000e+00,0.0000000000000000e+00,0.0000000000000000e+00,0.0000000000000000e+00,0.0000000000000000e+00,0.0000000000000000e+00,0.0000000000000000e+00,0.0000000000000000e+00,0.0000000000000000e+00,0.0000000000000000e+00,0.0000000000000000e+00,0.0000000000000000e+00,0.0000000000000000e+00,0.0000000000000000e+00,0.0000000000000000e+00,0.0000000000000000e+00,0.0000000000000000e+00,0.0000000000000000e+00,0.0000000000000000e+00,0.0000000000000000e+00,0.0000000000000000e+00,0.0000000000000000e+00,0.0000000000000000e+00,0.0000000000000000e+00,0.0000000000000000e+00,0.0000000000000000e+00,0.0000000000000000e+00,0.0000000000000000e+00,0.0000000000000000e+00,0.0000000000000000e+00,0.0000000000000000e+00,0.0000000000000000e+00,0.0000000000000000e+00,0.0000000000000000e+00,0.0000000000000000e+00,0.0000000000000000e+00,0.0000000000000000e+00,0.0000000000000000e+00,0.0000000000000000e+00,0.0000000000000000e+00,0.0000000000000000e+00,0.0000000000000000e+00,0.0000000000000000e+00,0.0000000000000000e+00,0.0000000000000000e+00,0.0000000000000000e+00,0.0000000000000000e+00,0.0000000000000000e+00,0.0000000000000000e+00,0.0000000000000000e+00,0.0000000000000000e+00,0.0000000000000000e+00,0.0000000000000000e+00,0.0000000000000000e+00,0.0000000000000000e+00,0.0000000000000000e+00,0.0000000000000000e+00,0.0000000000000000e+00,0.0000000000000000e+00,0.0000000000000000e+00,0.0000000000000000e+00,0.0000000000000000e+00,0.0000000000000000e+00,0.0000000000000000e+00,0.0000000000000000e+00,0.0000000000000000e+00,0.0000000000000000e+00,0.0000000000000000e+00,0.0000000000000000e+00,0.0000000000000000e+00,0.0000000000000000e+00,0.0000000000000000e+00,0.0000000000000000e+00,0.0000000000000000e+00,0.0000000000000000e+00,0.0000000000000000e+00,0.0000000000000000e+00,0.0000000000000000e+00,0.0000000000000000e+00,0.0000000000000000e+00,0.0000000000000000e+00,0.0000000000000000e+00,0.0000000000000000e+00,0.0000000000000000e+00,0.0000000000000000e+00,0.0000000000000000e+00,0.0000000000000000e+00,0.0000000000000000e+00,0.0000000000000000e+00,0.0000000000000000e+00,0.0000000000000000e+00,0.0000000000000000e+00,0.0000000000000000e+00,0.0000000000000000e+00,0.0000000000000000e+00,0.0000000000000000e+00,0.0000000000000000e+00,0.0000000000000000e+00,0.0000000000000000e+00,0.0000000000000000e+00,0.0000000000000000e+00,0.0000000000000000e+00,0.0000000000000000e+00,0.0000000000000000e+00,0.0000000000000000e+00,0.0000000000000000e+00,0.0000000000000000e+00,0.0000000000000000e+00,0.0000000000000000e+00,0.0000000000000000e+00,0.0000000000000000e+00,0.0000000000000000e+00,0.0000000000000000e+00,0.0000000000000000e+00,0.0000000000000000e+00,0.0000000000000000e+00,0.0000000000000000e+00,0.0000000000000000e+00,0.0000000000000000e+00,0.0000000000000000e+00,0.0000000000000000e+00,0.0000000000000000e+00,0.0000000000000000e+00,0.0000000000000000e+00,0.0000000000000000e+00,0.0000000000000000e+00,0.0000000000000000e+00,0.0000000000000000e+00,0.0000000000000000e+00,0.0000000000000000e+00,0.0000000000000000e+00,0.0000000000000000e+00,0.0000000000000000e+00,0.0000000000000000e+00,0.0000000000000000e+00,0.0000000000000000e+00,0.0000000000000000e+00,0.0000000000000000e+00,0.0000000000000000e+00,0.0000000000000000e+00,0.0000000000000000e+00,0.0000000000000000e+00,0.0000000000000000e+00,0.0000000000000000e+00,0.0000000000000000e+00,0.0000000000000000e+00,0.0000000000000000e+00,0.0000000000000000e+00,0.0000000000000000e+00,0.0000000000000000e+00,0.0000000000000000e+00,0.0000000000000000e+00,0.0000000000000000e+00,0.0000000000000000e+00,0.0000000000000000e+00,0.0000000000000000e+00,0.0000000000000000e+00,0.0000000000000000e+00,0.0000000000000000e+00,0.0000000000000000e+00,0.0000000000000000e+00,0.0000000000000000e+00,0.0000000000000000e+00,0.0000000000000000e+00,0.0000000000000000e+00,0.0000000000000000e+00,0.0000000000000000e+00,0.0000000000000000e+00,0.0000000000000000e+00,0.0000000000000000e+00,0.0000000000000000e+00,0.0000000000000000e+00,0.0000000000000000e+00,0.0000000000000000e+00,0.0000000000000000e+00,0.0000000000000000e+00,0.0000000000000000e+00,0.0000000000000000e+00,0.0000000000000000e+00,0.0000000000000000e+00,0.0000000000000000e+00,0.0000000000000000e+00,0.0000000000000000e+00,0.0000000000000000e+00,0.0000000000000000e+00,0.0000000000000000e+00,0.0000000000000000e+00,0.0000000000000000e+00,0.0000000000000000e+00,0.0000000000000000e+00,0.0000000000000000e+00,0.0000000000000000e+00,0.0000000000000000e+00,0.0000000000000000e+00,0.0000000000000000e+00,0.0000000000000000e+00,0.0000000000000000e+00,0.0000000000000000e+00,0.0000000000000000e+00,0.0000000000000000e+00,0.0000000000000000e+00,0.0000000000000000e+00,0.0000000000000000e+00,0.0000000000000000e+00,0.0000000000000000e+00,0.0000000000000000e+00,0.0000000000000000e+00,0.0000000000000000e+00,0.0000000000000000e+00,0.0000000000000000e+00,0.0000000000000000e+00,0.0000000000000000e+00,0.0000000000000000e+00,0.0000000000000000e+00,0.0000000000000000e+00,0.0000000000000000e+00,0.0000000000000000e+00,0.0000000000000000e+00,0.0000000000000000e+00,0.0000000000000000e+00,0.0000000000000000e+00,0.0000000000000000e+00,0.0000000000000000e+00,0.0000000000000000e+00,0.0000000000000000e+00,0.0000000000000000e+00,0.0000000000000000e+00,0.0000000000000000e+00,0.0000000000000000e+00,0.0000000000000000e+00,0.0000000000000000e+00,0.0000000000000000e+00,0.0000000000000000e+00,0.0000000000000000e+00,0.0000000000000000e+00,0.0000000000000000e+00,0.0000000000000000e+00,0.0000000000000000e+00,0.0000000000000000e+00,0.0000000000000000e+00,0.0000000000000000e+00,0.0000000000000000e+00,0.0000000000000000e+00,0.0000000000000000e+00,0.0000000000000000e+00,0.0000000000000000e+00,0.0000000000000000e+00,0.0000000000000000e+00,0.0000000000000000e+00,0.0000000000000000e+00,0.0000000000000000e+00,0.0000000000000000e+00,0.0000000000000000e+00,0.0000000000000000e+00,0.0000000000000000e+00,0.0000000000000000e+00,0.0000000000000000e+00,0.0000000000000000e+00,0.0000000000000000e+00,0.0000000000000000e+00,0.0000000000000000e+00,0.0000000000000000e+00,0.0000000000000000e+00,0.0000000000000000e+00,0.0000000000000000e+00,0.0000000000000000e+00,0.0000000000000000e+00,0.0000000000000000e+00,0.0000000000000000e+00,0.0000000000000000e+00,0.0000000000000000e+00,0.0000000000000000e+00,0.0000000000000000e+00,0.0000000000000000e+00,0.0000000000000000e+00,0.0000000000000000e+00,0.0000000000000000e+00,0.0000000000000000e+00,0.0000000000000000e+00,0.0000000000000000e+00,0.0000000000000000e+00,0.0000000000000000e+00,0.0000000000000000e+00,0.0000000000000000e+00,0.0000000000000000e+00,0.0000000000000000e+00,0.0000000000000000e+00,0.0000000000000000e+00,0.0000000000000000e+00,0.0000000000000000e+00,0.0000000000000000e+00,0.0000000000000000e+00,0.0000000000000000e+00,0.0000000000000000e+00,0.0000000000000000e+00,0.0000000000000000e+00,0.0000000000000000e+00,0.0000000000000000e+00,0.0000000000000000e+00,0.0000000000000000e+00,0.0000000000000000e+00,0.0000000000000000e+00,0.0000000000000000e+00,0.0000000000000000e+00,0.0000000000000000e+00,0.0000000000000000e+00,0.0000000000000000e+00,0.0000000000000000e+00,0.0000000000000000e+00,0.0000000000000000e+00,0.0000000000000000e+00,0.0000000000000000e+00,0.0000000000000000e+00,0.0000000000000000e+00,0.0000000000000000e+00,0.0000000000000000e+00,0.0000000000000000e+00,0.0000000000000000e+00,0.0000000000000000e+00,0.0000000000000000e+00,0.0000000000000000e+00,0.0000000000000000e+00,0.0000000000000000e+00,0.0000000000000000e+00,0.0000000000000000e+00,0.0000000000000000e+00,0.0000000000000000e+00,0.0000000000000000e+00,0.0000000000000000e+00,0.0000000000000000e+00,0.0000000000000000e+00,0.0000000000000000e+00,0.0000000000000000e+00,0.0000000000000000e+00,0.0000000000000000e+00,0.0000000000000000e+00,0.0000000000000000e+00,0.0000000000000000e+00,0.0000000000000000e+00,0.0000000000000000e+00,0.0000000000000000e+00,0.0000000000000000e+00,0.0000000000000000e+00,0.0000000000000000e+00,0.0000000000000000e+00,0.0000000000000000e+00,0.0000000000000000e+00,0.0000000000000000e+00,0.0000000000000000e+00,0.0000000000000000e+00,0.0000000000000000e+00,0.0000000000000000e+00,0.0000000000000000e+00,0.0000000000000000e+00,0.0000000000000000e+00,0.0000000000000000e+00,0.0000000000000000e+00,0.0000000000000000e+00,0.0000000000000000e+00,0.0000000000000000e+00,0.0000000000000000e+00,0.0000000000000000e+00,0.0000000000000000e+00,0.0000000000000000e+00,0.0000000000000000e+00,0.0000000000000000e+00,0.0000000000000000e+00,0.0000000000000000e+00,0.0000000000000000e+00,0.0000000000000000e+00,0.0000000000000000e+00,0.0000000000000000e+00,0.0000000000000000e+00,0.0000000000000000e+00,0.0000000000000000e+00,0.0000000000000000e+00,0.0000000000000000e+00,0.0000000000000000e+00,0.0000000000000000e+00,0.0000000000000000e+00,0.0000000000000000e+00,0.0000000000000000e+00,0.0000000000000000e+00,0.0000000000000000e+00,0.0000000000000000e+00,0.0000000000000000e+00,0.0000000000000000e+00,0.0000000000000000e+00,0.0000000000000000e+00,0.0000000000000000e+00,0.0000000000000000e+00,0.0000000000000000e+00,0.0000000000000000e+00,0.0000000000000000e+00,0.0000000000000000e+00,0.0000000000000000e+00,0.0000000000000000e+00,0.0000000000000000e+00,0.0000000000000000e+00,0.0000000000000000e+00,0.0000000000000000e+00,0.0000000000000000e+00,0.0000000000000000e+00,0.0000000000000000e+00,0.0000000000000000e+00,0.0000000000000000e+00,0.0000000000000000e+00,0.0000000000000000e+00,0.0000000000000000e+00,0.0000000000000000e+00,0.0000000000000000e+00,0.0000000000000000e+00,0.0000000000000000e+00,0.0000000000000000e+00,0.0000000000000000e+00,0.0000000000000000e+00,0.0000000000000000e+00,0.0000000000000000e+00,0.0000000000000000e+00,0.0000000000000000e+00,0.0000000000000000e+00,0.0000000000000000e+00,0.0000000000000000e+00,0.0000000000000000e+00,0.0000000000000000e+00,0.0000000000000000e+00,0.0000000000000000e+00,0.0000000000000000e+00,0.0000000000000000e+00,0.0000000000000000e+00,0.0000000000000000e+00,0.0000000000000000e+00,0.0000000000000000e+00,0.0000000000000000e+00,0.0000000000000000e+00,0.0000000000000000e+00,0.0000000000000000e+00,0.0000000000000000e+00,0.0000000000000000e+00,0.0000000000000000e+00,0.0000000000000000e+00,0.0000000000000000e+00,0.0000000000000000e+00,0.0000000000000000e+00,0.0000000000000000e+00,0.0000000000000000e+00,0.0000000000000000e+00,0.0000000000000000e+00,0.0000000000000000e+00,0.0000000000000000e+00,0.0000000000000000e+00,0.0000000000000000e+00,0.0000000000000000e+00,0.0000000000000000e+00,0.0000000000000000e+00,0.0000000000000000e+00,0.0000000000000000e+00,0.0000000000000000e+00,0.0000000000000000e+00,0.0000000000000000e+00,0.0000000000000000e+00,0.0000000000000000e+00,0.0000000000000000e+00,0.0000000000000000e+00,0.0000000000000000e+00,0.0000000000000000e+00,0.0000000000000000e+00,0.0000000000000000e+00,0.0000000000000000e+00,0.0000000000000000e+00,0.0000000000000000e+00,0.0000000000000000e+00,0.0000000000000000e+00,0.0000000000000000e+00,0.0000000000000000e+00,0.0000000000000000e+00,0.0000000000000000e+00,0.0000000000000000e+00,0.0000000000000000e+00,0.0000000000000000e+00,0.0000000000000000e+00,0.0000000000000000e+00,0.0000000000000000e+00,0.0000000000000000e+00,0.0000000000000000e+00,0.0000000000000000e+00,0.0000000000000000e+00,0.0000000000000000e+00,0.0000000000000000e+00,0.0000000000000000e+00,0.0000000000000000e+00,0.0000000000000000e+00,0.0000000000000000e+00,0.0000000000000000e+00,0.0000000000000000e+00,0.0000000000000000e+00,0.0000000000000000e+00,0.0000000000000000e+00,0.0000000000000000e+00,0.0000000000000000e+00,0.0000000000000000e+00,0.0000000000000000e+00,0.0000000000000000e+00,0.0000000000000000e+00,0.0000000000000000e+00,0.0000000000000000e+00,0.0000000000000000e+00,0.0000000000000000e+00,0.0000000000000000e+00,0.0000000000000000e+00,0.0000000000000000e+00,0.0000000000000000e+00,0.0000000000000000e+00,0.0000000000000000e+00,0.0000000000000000e+00,0.0000000000000000e+00,0.0000000000000000e+00,0.0000000000000000e+00,0.0000000000000000e+00,0.0000000000000000e+00,0.0000000000000000e+00,0.0000000000000000e+00,0.0000000000000000e+00,0.0000000000000000e+00,0.0000000000000000e+00,0.0000000000000000e+00,0.0000000000000000e+00,0.0000000000000000e+00,0.0000000000000000e+00,0.0000000000000000e+00,0.0000000000000000e+00,0.0000000000000000e+00,0.0000000000000000e+00,0.0000000000000000e+00,0.0000000000000000e+00,0.0000000000000000e+00,0.0000000000000000e+00,0.0000000000000000e+00,0.0000000000000000e+00,0.0000000000000000e+00,0.0000000000000000e+00,0.0000000000000000e+00,0.0000000000000000e+00,0.0000000000000000e+00,0.0000000000000000e+00,0.0000000000000000e+00,0.0000000000000000e+00,0.0000000000000000e+00,0.0000000000000000e+00,0.0000000000000000e+00,0.0000000000000000e+00,0.0000000000000000e+00,0.0000000000000000e+00,0.0000000000000000e+00,0.0000000000000000e+00,0.0000000000000000e+00,0.0000000000000000e+00,0.0000000000000000e+00,0.0000000000000000e+00,0.0000000000000000e+00,0.0000000000000000e+00,0.0000000000000000e+00,0.0000000000000000e+00,0.0000000000000000e+00,0.0000000000000000e+00,0.0000000000000000e+00,0.0000000000000000e+00,0.0000000000000000e+00,0.0000000000000000e+00,0.0000000000000000e+00,0.0000000000000000e+00,0.0000000000000000e+00,0.0000000000000000e+00,0.0000000000000000e+00,0.0000000000000000e+00,0.0000000000000000e+00,0.0000000000000000e+00,0.0000000000000000e+00,0.0000000000000000e+00,0.0000000000000000e+00,0.0000000000000000e+00,0.0000000000000000e+00,0.0000000000000000e+00,0.0000000000000000e+00,0.0000000000000000e+00,0.0000000000000000e+00,0.0000000000000000e+00,0.0000000000000000e+00,0.0000000000000000e+00,0.0000000000000000e+00,0.0000000000000000e+00,0.0000000000000000e+00,0.0000000000000000e+00,0.0000000000000000e+00,0.0000000000000000e+00,0.0000000000000000e+00,0.0000000000000000e+00,0.0000000000000000e+00,0.0000000000000000e+00,0.0000000000000000e+00,0.0000000000000000e+00,0.0000000000000000e+00,0.0000000000000000e+00,0.0000000000000000e+00,0.0000000000000000e+00,0.0000000000000000e+00,0.0000000000000000e+00,0.0000000000000000e+00,0.0000000000000000e+00,0.0000000000000000e+00,0.0000000000000000e+00,0.0000000000000000e+00,0.0000000000000000e+00,0.0000000000000000e+00,0.0000000000000000e+00,0.0000000000000000e+00,0.0000000000000000e+00,0.0000000000000000e+00,0.0000000000000000e+00,0.0000000000000000e+00,0.0000000000000000e+00,0.0000000000000000e+00,0.0000000000000000e+00,0.0000000000000000e+00,0.0000000000000000e+00,0.0000000000000000e+00,0.0000000000000000e+00,0.0000000000000000e+00,0.0000000000000000e+00,0.0000000000000000e+00,0.0000000000000000e+00,0.0000000000000000e+00,0.0000000000000000e+00,0.0000000000000000e+00,0.0000000000000000e+00,0.0000000000000000e+00,0.0000000000000000e+00,0.0000000000000000e+00,0.0000000000000000e+00,0.0000000000000000e+00,0.0000000000000000e+00,0.0000000000000000e+00,0.0000000000000000e+00,0.0000000000000000e+00,0.0000000000000000e+00,0.0000000000000000e+00,0.0000000000000000e+00,0.0000000000000000e+00,0.0000000000000000e+00,0.0000000000000000e+00,0.0000000000000000e+00,0.0000000000000000e+00,0.0000000000000000e+00,0.0000000000000000e+00,0.0000000000000000e+00,0.0000000000000000e+00,0.0000000000000000e+00,0.0000000000000000e+00,0.0000000000000000e+00,0.0000000000000000e+00,0.0000000000000000e+00,0.0000000000000000e+00,0.0000000000000000e+00,0.0000000000000000e+00,0.0000000000000000e+00,0.0000000000000000e+00,0.0000000000000000e+00,0.0000000000000000e+00,0.0000000000000000e+00,0.0000000000000000e+00,0.0000000000000000e+00,0.0000000000000000e+00,0.0000000000000000e+00,0.0000000000000000e+00,0.0000000000000000e+00,0.0000000000000000e+00,0.0000000000000000e+00,0.0000000000000000e+00,0.0000000000000000e+00,0.0000000000000000e+00,0.0000000000000000e+00,0.0000000000000000e+00,0.0000000000000000e+00,0.0000000000000000e+00,0.0000000000000000e+00,0.0000000000000000e+00,0.0000000000000000e+00,0.0000000000000000e+00,0.0000000000000000e+00,0.0000000000000000e+00,0.0000000000000000e+00,0.0000000000000000e+00,0.0000000000000000e+00,0.0000000000000000e+00,0.0000000000000000e+00,0.0000000000000000e+00,0.0000000000000000e+00,0.0000000000000000e+00,0.0000000000000000e+00,0.0000000000000000e+00,0.0000000000000000e+00,0.0000000000000000e+00,0.0000000000000000e+00,0.0000000000000000e+00,0.0000000000000000e+00,0.0000000000000000e+00,0.0000000000000000e+00,0.0000000000000000e+00,0.0000000000000000e+00,0.0000000000000000e+00,0.0000000000000000e+00,0.0000000000000000e+00,0.0000000000000000e+00,0.0000000000000000e+00,0.0000000000000000e+00,0.0000000000000000e+00,0.0000000000000000e+00,0.0000000000000000e+00,0.0000000000000000e+00,0.0000000000000000e+00,0.0000000000000000e+00,0.0000000000000000e+00,0.0000000000000000e+00,0.0000000000000000e+00,0.0000000000000000e+00,0.0000000000000000e+00,0.0000000000000000e+00,0.0000000000000000e+00,0.0000000000000000e+00,0.0000000000000000e+00,0.0000000000000000e+00,0.0000000000000000e+00,0.0000000000000000e+00,0.0000000000000000e+00,0.0000000000000000e+00,0.0000000000000000e+00,0.0000000000000000e+00,0.0000000000000000e+00,0.0000000000000000e+00,0.0000000000000000e+00,0.0000000000000000e+00,0.0000000000000000e+00,0.0000000000000000e+00,0.0000000000000000e+00,0.0000000000000000e+00,0.0000000000000000e+00,0.0000000000000000e+00,0.0000000000000000e+00,0.0000000000000000e+00,0.0000000000000000e+00,0.0000000000000000e+00,0.0000000000000000e+00,0.0000000000000000e+00
1.1619267454561740e+01,1.1619267454561740e+01,9.2565533720138031e+00,1.4034443618628899e+01,9.2565533720138031e+00,9.2565533720138031e+00,5.7307584552965389e+00,1.3847022120380172e+01,1.3847022120380172e+01,1.3847022120380172e+01,1.3847022120380172e+01,1.3847022120380172e+01,9.2565533720138031e+00,3.0459196953167411e+00,4.2087814740413050e+00,1.3847022120380172e+01,1.0436612153956437e+01,7.8316798600872435e+00,9.2565533720138031e+00,1.2454356192188152e+01,4.6667628923372826e+00,3.0459196953167411e+00,1.2454356192188152e+01,8.1999505442500418e+00,1.2454356192188152e+01,1.3847022120380172e+01,1.2454356192188152e+01,1.0436612153956437e+01,1.0436612153956437e+01,7.2032414410997676e+00,1.3847022120380172e+01,1.4034443618628899e+01,1.8998281656722935e+00,5.7307584552965389e+00,4.2087814740413050e+00,8.1999505442500418e+00,0.0000000000000000e+00,3.0459196953167411e+00,1.0436612153956437e+01,8.1999505442500418e+00,1.0436612153956437e+01,8.1999505442500418e+00,8.1999505442500418e+00,1.2454356192188152e+01,1.2454356192188152e+01,9.2565533720138031e+00,1.0436612153956437e+01,8.1999505442500418e+00,7.2032414410997676e+00,1.0436612153956437e+01,7.2032414410997676e+00,5.7307584552965389e+00,1.1619267454561740e+01,7.2032414410997676e+00,1.3847022120380172e+01,5.7307584552965389e+00,1.3847022120380172e+01,9.2565533720138031e+00,1.2454356192188152e+01,1.0855229776559465e+00,1.3847022120380172e+01,1.0436612153956437e+01,1.1619267454561740e+01,1.1619267454561740e+01,7.8316798600872435e+00,9.2565533720138031e+00,9.2565533720138031e+00,1.0436612153956437e+01,9.2565533720138031e+00,5.7307584552965389e+00,1.1619267454561740e+01,4.6667628923372826e+00,4.6667628923372826e+00,1.3847022120380172e+01,1.1619267454561740e+01,1.8998281656722935e+00,9.2565533720138031e+00,1.1619267454561740e+01,1.0436612153956437e+01,1.4034443618628899e+01,1.0436612153956437e+01,7.8316798600872435e+00,7.2032414410997676e+00,9.2565533720138031e+00,1.1619267454561740e+01,1.1619267454561740e+01,3.0459196953167411e+00,9.2565533720138031e+00,1.1619267454561740e+01,9.2565533720138031e+00,1.3847022120380172e+01,5.7307584552965389e+00,1.4034443618628899e+01,1.4034443618628899e+01,8.1999505442500418e+00,4.2087814740413050e+00,0.0000000000000000e+00,1.0436612153956437e+01,1.4034443618628899e+01,4.6667628923372826e+00,1.4034443618628899e+01,1.0436612153956437e+01,1.3847022120380172e+01,9.2565533720138031e+00,5.7307584552965389e+00,9.2565533720138031e+00,9.2565533720138031e+00,1.0436612153956437e+01,1.4034443618628899e+01,1.3847022120380172e+01,1.3847022120380172e+01,1.4034443618628899e+01,9.2565533720138031e+00,9.2565533720138031e+00,9.2565533720138031e+00,7.8316798600872435e+00,1.3847022120380172e+01,1.0436612153956437e+01,1.4034443618628899e+01,1.0855229776559465e+00,9.2565533720138031e+00,7.2032414410997676e+00,1.4034443618628899e+01,1.0436612153956437e+01,1.4034443618628899e+01,1.4034443618628899e+01,4.2087814740413050e+00,5.7307584552965389e+00,4.6667628923372826e+00,7.8316798600872435e+00,1.1619267454561740e+01,1.4034443618628899e+01,3.0459196953167411e+00,1.0436612153956437e+01,1.0436612153956437e+01,0.0000000000000000e+00,4.6667628923372826e+00,9.2565533720138031e+00,1.0855229776559465e+00,1.4034443618628899e+01,1.3847022120380172e+01,1.1619267454561740e+01,0.0000000000000000e+00,1.3847022120380172e+01,1.4034443618628899e+01,9.2565533720138031e+00,1.4034443618628899e+01,1.3847022120380172e+01,7.2032414410997676e+00,1.4034443618628899e+01,1.2454356192188152e+01,1.3847022120380172e+01,1.8998281656722935e+00,1.3847022120380172e+01,1.1619267454561740e+01,7.8316798600872435e+00,1.2454356192188152e+01,4.6667628923372826e+00,7.2032414410997676e+00,1.3847022120380172e+01,7.8316798600872435e+00,1.3847022120380172e+01,7.8316798600872435e+00,9.2565533720138031e+00,9.2565533720138031e+00,9.2565533720138031e+00,7.2032414410997676e+00,1.3847022120380172e+01,1.3847022120380172e+01,1.3847022120380172e+01,1.0436612153956437e+01,1.3847022120380172e+01,1.3847022120380172e+01,1.3847022120380172e+01,5.7307584552965389e+00,8.1999505442500418e+00,8.1999505442500418e+00,3.0459196953167411e+00,4.6667628923372826e+00,1.0436612153956437e+01,1.3847022120380172e+01,1.8998281656722935e+00,1.0436612153956437e+01,1.0436612153956437e+01,1.8998281656722935e+00,1.4034443618628899e+01,1.0436612153956437e+01,1.8998281656722935e+00,1.0436612153956437e+01,1.3847022120380172e+01,0.0000000000000000e+00,4.6667628923372826e+00,7.8316798600872435e+00,1.0436612153956437e+01,1.4034443618628899e+01,1.4034443618628899e+01,4.2087814740413050e+00,1.2454356192188152e+01,1.0436612153956437e+01,1.0436612153956437e+01,9.2565533720138031e+00,0.0000000000000000e+00,1.0436612153956437e+01,7.8316798600872435e+00,1.4034443618628899e+01,1.0436612153956437e+01,4.6667628923372826e+00,5.7307584552965389e+00,1.0436612153956437e+01,7.2032414410997676e+00,1.0855229776559465e+00,4.6667628923372826e+00,9.2565533720138031e+00,4.2087814740413050e+00,7.2032414410997676e+00,1.3847022120380172e+01,4.6667628923372826e+00,1.3847022120380172e+01,4.2087814740413050e+00,1.0855229776559465e+00,1.3847022120380172e+01,9.2565533720138031e+00,9.2565533720138031e+00,3.0459196953167411e+00,4.2087814740413050e+00,1.3847022120380172e+01,4.6667628923372826e+00,1.3847022120380172e+01,5.7307584552965389e+00,5.7307584552965389e+00,7.2032414410997676e+00,1.3847022120380172e+01,3.0459196953167411e+00,3.0459196953167411e+00,1.0436612153956437e+01,1.0436612153956437e+01,1.3847022120380172e+01,0.0000000000000000e+00,1.0436612153956437e+01,4.2087814740413050e+00,8.1999505442500418e+00,9.2565533720138031e+00,1.4034443618628899e+01,1.0855229776559465e+00,1.3847022120380172e+01,7.2032414410997676e+00,1.3847022120380172e+01,1.1619267454561740e+01,1.4034443618628899e+01,1.1619267454561740e+01,1.0436612153956437e+01,0.0000000000000000e+00,9.2565533720138031e+00,9.2565533720138031e+00,4.6667628923372826e+00,0.0000000000000000e+00,1.4034443618628899e+01,9.2565533720138031e+00,1.1619267454561740e+01,0.0000000000000000e+00,4.2087814740413050e+00,1.3847022120380172e+01,4.6667628923372826e+00,7.8316798600872435e+00,7.8316798600872435e+00,4.6667628923372826e+00,4.6667628923372826e+00,1.1619267454561740e+01,4.6667628923372826e+00,1.1619267454561740e+01,8.1999505442500418e+00,1.1619267454561740e+01,1.4034443618628899e+01,7.2032414410997676e+00,1.4034443618628899e+01,9.2565533720138031e+00,1.4034443618628899e+01,1.1619267454561740e+01,1.0855229776559465e+00,7.2032414410997676e+00,1.3847022120380172e+01,1.1619267454561740e+01,0.0000000000000000e+00,4.2087814740413050e+00,1.4034443618628899e+01,1.3847022120380172e+01,1.2454356192188152e+01,7.2032414410997676e+00,0.0000000000000000e+00,7.2032414410997676e+00,1.2454356192188152e+01,1.0855229776559465e+00,1.4034443618628899e+01,9.2565533720138031e+00,1.2454356192188152e+01,7.2032414410997676e+00,1.4034443618628899e+01,1.4034443618628899e+01,1.4034443618628899e+01,1.4034443618628899e+01,1.4034443618628899e+01,5.7307584552965389e+00,1.1619267454561740e+01,7.2032414410997676e+00,5.7307584552965389e+00,7.2032414410997676e+00,0.0000000000000000e+00,1.4034443618628899e+01,1.3847022120380172e+01,1.4034443618628899e+01,5.7307584552965389e+00,7.2032414410997676e+00,9.2565533720138031e+00,1.0436612153956437e+01,7.8316798600872435e+00,1.3847022120380172e+01,1.3847022120380172e+01,9.2565533720138031e+00,1.0436612153956437e+01,9.2565533720138031e+00,1.0436612153956437e+01,4.6667628923372826e+00,5.7307584552965389e+00,5.7307584552965389e+00,5.7307584552965389e+00,5.7307584552965389e+00,1.3847022120380172e+01,1.0436612153956437e+01,1.2454356192188152e+01,4.6667628923372826e+00,9.2565533720138031e+00,4.6667628923372826e+00,1.2454356192188152e+01,1.2454356192188152e+01,1.2454356192188152e+01,1.2454356192188152e+01,1.2454356192188152e+01,1.2454356192188152e+01,1.2454356192188152e+01,1.8998281656722935e+00,1.4034443618628899e+01,1.4034443618628899e+01,1.4034443618628899e+01,1.4034443618628899e+01,1.4034443618628899e+01,5.7307584552965389e+00,1.4034443618628899e+01,1.0855229776559465e+00,4.2087814740413050e+00,7.2032414410997676e+00,4.6667628923372826e+00,4.6667628923372826e+00,4.6667628923372826e+00,9.2565533720138031e+00,1.4034443618628899e+01,7.2032414410997676e+00,1.2454356192188152e+01,1.0436612153956437e+01,1.0436612153956437e+01,7.2032414410997676e+00,1.3847022120380172e+01,3.0459196953167411e+00,1.4034443618628899e+01,4.6667628923372826e+00,7.2032414410997676e+00,1.0436612153956437e+01,4.6667628923372826e+00,1.1619267454561740e+01,0.0000000000000000e+00,3.0459196953167411e+00,4.2087814740413050e+00,1.1619267454561740e+01,7.2032414410997676e+00,9.2565533720138031e+00,9.2565533720138031e+00,1.4034443618628899e+01,7.2032414410997676e+00,9.2565533720138031e+00,8.1999505442500418e+00,4.6667628923372826e+00,7.2032414410997676e+00,7.2032414410997676e+00,1.3847022120380172e+01,9.2565533720138031e+00,1.4034443618628899e+01,1.0855229776559465e+00,1.0436612153956437e+01,1.4034443618628899e+01,1.0436612153956437e+01,1.4034443618628899e+01,1.2454356192188152e+01,1.2454356192188152e+01,7.2032414410997676e+00,1.4034443618628899e+01,1.2454356192188152e+01,1.4034443618628899e+01,1.1619267454561740e+01,1.0855229776559465e+00,3.0459196953167411e+00,5.7307584552965389e+00,0.0000000000000000e+00,3.0459196953167411e+00,3.0459196953167411e+00,1.3847022120380172e+01,8.1999505442500418e+00,1.4034443618628899e+01,1.4034443618628899e+01,8.1999505442500418e+00,1.0855229776559465e+00,1.4034443618628899e+01,1.3847022120380172e+01,7.2032414410997676e+00,4.2087814740413050e+00,7.2032414410997676e+00,5.7307584552965389e+00,1.2454356192188152e+01,8.1999505442500418e+00,1.2454356192188152e+01,1.1619267454561740e+01,7.2032414410997676e+00,1.2454356192188152e+01,1.1619267454561740e+01,1.0855229776559465e+00,8.1999505442500418e+00,1.3847022120380172e+01,1.0436612153956437e+01,1.0436612153956437e+01,1.3847022120380172e+01,8.1999505442500418e+00,1.2454356192188152e+01,1.3847022120380172e+01,1.3847022120380172e+01,1.3847022120380172e+01,1.2454356192188152e+01,1.1619267454561740e+01,8.1999505442500418e+00,4.2087814740413050e+00,4.2087814740413050e+00,1.3847022120380172e+01,1.3847022120380172e+01,1.2454356192188152e+01,4.2087814740413050e+00,1.1619267454561740e+01,4.6667628923372826e+00,1.4034443618628899e+01,8.1999505442500418e+00,8.1999505442500418e+00,1.3847022120380172e+01,1.3847022120380172e+01,4.2087814740413050e+00,8.1999505442500418e+00,8.1999505442500418e+00,1.3847022120380172e+01,1.2454356192188152e+01,1.4034443618628899e+01,5.7307584552965389e+00,1.4034443618628899e+01,1.4034443618628899e+01,5.7307584552965389e+00,4.2087814740413050e+00,1.4034443618628899e+01,1.4034443618628899e+01,4.2087814740413050e+00,1.4034443618628899e+01,1.4034443618628899e+01,1.2454356192188152e+01,1.2454356192188152e+01,8.1999505442500418e+00,1.4034443618628899e+01,7.2032414410997676e+00,4.6667628923372826e+00,1.2454356192188152e+01,1.3847022120380172e+01,0.0000000000000000e+00,5.7307584552965389e+00,1.2454356192188152e+01,1.4034443618628899e+01,1.2454356192188152e+01,3.0459196953167411e+00,1.2454356192188152e+01,1.2454356192188152e+01,9.2565533720138031e+00,1.4034443618628899e+01,9.2565533720138031e+00,1.2454356192188152e+01,1.4034443618628899e+01,7.2032414410997676e+00,9.2565533720138031e+00,1.4034443618628899e+01,1.4034443618628899e+01,9.2565533720138031e+00,1.3847022120380172e+01,1.8998281656722935e+00,1.3847022120380172e+01,7.8316798600872435e+00,8.1999505442500418e+00,1.2454356192188152e+01,8.1999505442500418e+00,1.4034443618628899e+01,1.4034443618628899e+01,0.0000000000000000e+00,1.8998281656722935e+00,1.0855229776559465e+00,7.8316798600872435e+00,1.0436612153956437e+01,4.2087814740413050e+00,1.0436612153956437e+01,1.0436612153956437e+01,1.0436612153956437e+01,7.2032414410997676e+00,1.0436612153956437e+01,1.0436612153956437e+01,1.0436612153956437e+01,9.2565533720138031e+00,1.0436612153956437e+01,8.1999505442500418e+00,1.2454356192188152e+01,1.0855229776559465e+00,1.1619267454561740e+01,1.2454356192188152e+01,1.0436612153956437e+01,0.0000000000000000e+00,1.0436612153956437e+01,1.2454356192188152e+01,8.1999505442500418e+00,1.2454356192188152e+01,1.0436612153956437e+01,1.0436612153956437e+01,4.2087814740413050e+00,1.1619267454561740e+01,4.6667628923372826e+00,1.0436612153956437e+01,1.2454356192188152e+01,9.2565533720138031e+00,1.0436612153956437e+01,1.0436612153956437e+01,8.1999505442500418e+00,1.8998281656722935e+00,1.0436612153956437e+01,1.2454356192188152e+01,1.4034443618628899e+01,4.6667628923372826e+00,1.4034443618628899e+01,4.2087814740413050e+00,1.3847022120380172e+01,7.2032414410997676e+00,1.4034443618628899e+01,5.7307584552965389e+00,1.4034443618628899e+01,8.1999505442500418e+00,1.3847022120380172e+01,1.4034443618628899e+01,1.0436612153956437e+01,4.6667628923372826e+00,1.3847022120380172e+01,1.0436612153956437e+01,1.3847022120380172e+01,4.6667628923372826e+00,1.2454356192188152e+01,1.3847022120380172e+01,1.1619267454561740e+01,1.2454356192188152e+01,1.3847022120380172e+01,1.0855229776559465e+00,1.1619267454561740e+01,1.3847022120380172e+01,1.4034443618628899e+01,1.3847022120380172e+01,5.7307584552965389e+00,5.7307584552965389e+00,1.3847022120380172e+01,1.2454356192188152e+01,1.3847022120380172e+01,1.4034443618628899e+01,9.2565533720138031e+00,5.7307584552965389e+00,1.4034443618628899e+01,1.0436612153956437e+01,1.3847022120380172e+01,1.0436612153956437e+01,1.0436612153956437e+01,7.2032414410997676e+00,4.6667628923372826e+00,1.0436612153956437e+01,0.0000000000000000e+00,7.2032414410997676e+00,8.1999505442500418e+00,4.2087814740413050e+00,1.3847022120380172e+01,1.1619267454561740e+01,1.0436612153956437e+01,1.3847022120380172e+01,1.3847022120380172e+01,1.3847022120380172e+01,1.3847022120380172e+01,1.3847022120380172e+01,1.4034443618628899e+01,8.1999505442500418e+00,9.2565533720138031e+00,1.3847022120380172e+01,1.3847022120380172e+01,4.6667628923372826e+00,1.1619267454561740e+01,1.8998281656722935e+00,7.2032414410997676e+00,1.0436612153956437e+01,1.4034443618628899e+01,5.7307584552965389e+00,7.8316798600872435e+00,1.3847022120380172e+01,5.7307584552965389e+00,3.0459196953167411e+00,3.0459196953167411e+00,7.8316798600872435e+00,8.1999505442500418e+00,5.7307584552965389e+00,8.1999505442500418e+00,1.4034443618628899e+01,0.0000000000000000e+00,1.8998281656722935e+00,1.4034443618628899e+01,1.4034443618628899e+01,4.6667628923372826e+00,4.6667628923372826e+00,7.2032414410997676e+00,1.4034443618628899e+01,4.6667628923372826e+00,4.2087814740413050e+00,4.6667628923372826e+00,1.2454356192188152e+01,9.2565533720138031e+00,1.0436612153956437e+01,1.4034443618628899e+01,8.1999505442500418e+00,5.7307584552965389e+00,7.2032414410997676e+00,1.4034443618628899e+01,1.4034443618628899e+01,1.4034443618628899e+01,1.4034443618628899e+01,1.3847022120380172e+01,1.4034443618628899e+01,1.4034443618628899e+01,7.2032414410997676e+00,1.3847022120380172e+01,7.2032414410997676e+00,1.4034443618628899e+01,3.0459196953167411e+00,1.4034443618628899e+01,1.4034443618628899e+01,1.2454356192188152e+01,5.7307584552965389e+00,1.3847022120380172e+01,3.0459196953167411e+00,7.2032414410997676e+00,1.4034443618628899e+01,1.4034443618628899e+01,4.6667628923372826e+00,1.4034443618628899e+01,4.6667628923372826e+00,1.4034443618628899e+01,1.4034443618628899e+01,3.0459196953167411e+00,1.4034443618628899e+01,4.6667628923372826e+00,1.4034443618628899e+01,3.0459196953167411e+00,5.7307584552965389e+00,1.4034443618628899e+01,3.0459196953167411e+00,3.0459196953167411e+00,3.0459196953167411e+00,1.3847022120380172e+01,9.2565533720138031e+00,1.4034443618628899e+01,1.4034443618628899e+01,1.4034443618628899e+01,1.4034443618628899e+01,3.0459196953167411e+00,1.4034443618628899e+01,5.7307584552965389e+00,1.8998281656722935e+00,1.2454356192188152e+01,1.4034443618628899e+01,1.4034443618628899e+01,1.4034443618628899e+01,7.8316798600872435e+00,1.4034443618628899e+01,1.2454356192188152e+01,4.2087814740413050e+00,1.0436612153956437e+01,1.2454356192188152e+01,7.8316798600872435e+00,1.0436612153956437e+01,4.6667628923372826e+00,1.0436612153956437e+01,0.0000000000000000e+00,1.3847022120380172e+01,5.7307584552965389e+00,1.4034443618628899e+01,1.0855229776559465e+00,1.2454356192188152e+01,3.0459196953167411e+00,1.4034443618628899e+01,1.3847022120380172e+01,1.4034443618628899e+01,1.4034443618628899e+01,7.8316798600872435e+00,1.4034443618628899e+01,1.4034443618628899e+01,1.2454356192188152e+01,1.3847022120380172e+01,4.2087814740413050e+00,4.2087814740413050e+00,5.7307584552965389e+00,7.8316798600872435e+00,7.8316798600872435e+00,4.2087814740413050e+00,3.0459196953167411e+00,1.2454356192188152e+01,1.2454356192188152e+01,7.2032414410997676e+00,4.2087814740413050e+00,5.7307584552965389e+00,5.7307584552965389e+00,1.3847022120380172e+01,1.3847022120380172e+01,5.7307584552965389e+00,8.1999505442500418e+00,1.2454356192188152e+01,8.1999505442500418e+00,4.2087814740413050e+00,4.2087814740413050e+00,7.8316798600872435e+00,0.0000000000000000e+00,9.2565533720138031e+00,5.7307584552965389e+00,9.2565533720138031e+00,1.4034443618628899e+01,1.4034443618628899e+01,4.2087814740413050e+00,4.2087814740413050e+00,1.3847022120380172e+01,1.1619267454561740e+01,3.0459196953167411e+00,1.3847022120380172e+01,4.6667628923372826e+00,0.0000000000000000e+00,1.2454356192188152e+01,7.8316798600872435e+00,1.4034443618628899e+01,3.0459196953167411e+00,1.4034443618628899e+01,4.2087814740413050e+00,0.0000000000000000e+00,1.4034443618628899e+01,1.0436612153956437e+01,7.8316798600872435e+00,4.6667628923372826e+00,5.7307584552965389e+00,1.4034443618628899e+01,4.2087814740413050e+00,8.1999505442500418e+00,1.0855229776559465e+00,1.0436612153956437e+01,1.0855229776559465e+00,4.6667628923372826e+00,1.0855229776559465e+00,7.8316798600872435e+00,7.8316798600872435e+00,7.2032414410997676e+00,7.2032414410997676e+00,1.3847022120380172e+01,1.4034443618628899e+01,1.0436612153956437e+01,3.0459196953167411e+00,1.3847022120380172e+01,1.4034443618628899e+01,1.4034443618628899e+01,1.8998281656722935e+00,1.8998281656722935e+00,9.2565533720138031e+00,5.7307584552965389e+00,4.6667628923372826e+00,1.0436612153956437e+01,1.4034443618628899e+01,5.7307584552965389e+00,1.3847022120380172e+01,3.0459196953167411e+00,9.2565533720138031e+00,9.2565533720138031e+00,1.2454356192188152e+01,5.7307584552965389e+00,9.2565533720138031e+00,1.0855229776559465e+00,7.2032414410997676e+00,8.1999505442500418e+00,1.0855229776559465e+00,5.7307584552965389e+00,0.0000000000000000e+00,3.0459196953167411e+00,4.6667628923372826e+00,1.3847022120380172e+01,1.3847022120380172e+01,8.1999505442500418e+00,8.1999505442500418e+00,9.2565533720138031e+00,8.1999505442500418e+00,7.8316798600872435e+00,7.8316798600872435e+00,8.1999505442500418e+00,7.2032414410997676e+00,4.6667628923372826e+00,1.0855229776559465e+00,5.7307584552965389e+00,5.7307584552965389e+00,4.6667628923372826e+00,1.8998281656722935e+00,7.8316798600872435e+00,1.8998281656722935e+00,7.8316798600872435e+00,1.8998281656722935e+00,7.8316798600872435e+00,7.2032414410997676e+00,7.2032414410997676e+00,7.2032414410997676e+00,1.3847022120380172e+01,1.4034443618628899e+01,1.1619267454561740e+01,9.2565533720138031e+00,4.6667628923372826e+00,4.6667628923372826e+00,7.8316798600872435e+00,1.3847022120380172e+01,7.8316798600872435e+00,7.2032414410997676e+00,1.3847022120380172e+01,1.4034443618628899e+01,9.2565533720138031e+00,9.2565533720138031e+00,8.1999505442500418e+00,7.2032414410997676e+00,3.0459196953167411e+00,1.3847022120380172e+01,1.1619267454561740e+01,3.0459196953167411e+00,1.4034443618628899e+01,1.3847022120380172e+01,1.4034443618628899e+01,1.4034443618628899e+01,1.4034443618628899e+01,5.7307584552965389e+00,5.7307584552965389e+00,1.3847022120380172e+01,9.2565533720138031e+00,1.2454356192188152e+01,1.4034443618628899e+01,1.4034443618628899e+01,1.0436612153956437e+01,7.8316798600872435e+00,1.4034443618628899e+01,0.0000000000000000e+00,7.8316798600872435e+00,1.8998281656722935e+00,1.4034443618628899e+01,1.0436612153956437e+01,1.4034443618628899e+01,9.2565533720138031e+00,1.4034443618628899e+01,1.4034443618628899e+01,5.7307584552965389e+00,4.6667628923372826e+00,1.2454356192188152e+01,1.1619267454561740e+01,1.2454356192188152e+01,0.0000000000000000e+00,1.2454356192188152e+01,1.2454356192188152e+01,7.8316798600872435e+00,4.6667628923372826e+00,1.2454356192188152e+01,1.4034443618628899e+01,1.2454356192188152e+01,1.0436612153956437e+01,9.2565533720138031e+00,9.2565533720138031e+00,1.2454356192188152e+01,1.8998281656722935e+00,5.7307584552965389e+00,5.7307584552965389e+00,8.1999505442500418e+00,1.0436612153956437e+01,4.6667628923372826e+00,1.4034443618628899e+01,8.1999505442500418e+00,8.1999505442500418e+00,3.0459196953167411e+00,1.4034443618628899e+01,1.4034443618628899e+01,1.1619267454561740e+01,3.0459196953167411e+00,1.1619267454561740e+01,8.1999505442500418e+00,8.1999505442500418e+00,1.1619267454561740e+01,3.0459196953167411e+00,1.2454356192188152e+01,5.7307584552965389e+00,1.0855229776559465e+00,1.3847022120380172e+01,9.2565533720138031e+00,9.2565533720138031e+00,1.3847022120380172e+01,4.2087814740413050e+00,1.4034443618628899e+01,1.0436612153956437e+01,1.0436612153956437e+01,1.0436612153956437e+01,8.1999505442500418e+00,7.8316798600872435e+00,4.6667628923372826e+00,4.6667628923372826e+00,7.2032414410997676e+00,1.1619267454561740e+01,1.8998281656722935e+00,7.8316798600872435e+00,4.6667628923372826e+00,5.7307584552965389e+00,1.8998281656722935e+00,7.2032414410997676e+00,3.0459196953167411e+00,1.0436612153956437e+01,1.4034443618628899e+01,1.4034443618628899e+01,3.0459196953167411e+00,7.8316798600872435e+00,8.1999505442500418e+00,1.4034443618628899e+01,3.0459196953167411e+00,3.0459196953167411e+00,8.1999505442500418e+00,1.0436612153956437e+01,1.4034443618628899e+01,3.0459196953167411e+00,1.3847022120380172e+01,1.3847022120380172e+01,1.1619267454561740e+01,1.1619267454561740e+01,5.7307584552965389e+00,1.8998281656722935e+00,8.1999505442500418e+00,1.4034443618628899e+01,8.1999505442500418e+00,4.6667628923372826e+00,1.0436612153956437e+01,1.4034443618628899e+01,8.1999505442500418e+00,3.0459196953167411e+00,1.4034443618628899e+01,7.8316798600872435e+00,1.4034443618628899e+01,1.0436612153956437e+01,1.1619267454561740e+01,1.4034443618628899e+01,1.3847022120380172e+01,4.6667628923372826e+00,1.1619267454561740e+01,1.1619267454561740e+01,1.0436612153956437e+01,8.1999505442500418e+00,7.8316798600872435e+00,7.8316798600872435e+00,1.0436612153956437e+01,1.4034443618628899e+01,1.1619267454561740e+01,1.1619267454561740e+01,7.2032414410997676e+00,1.2454356192188152e+01,3.0459196953167411e+00,7.8316798600872435e+00,1.4034443618628899e+01,3.0459196953167411e+00,1.0436612153956437e+01,1.2454356192188152e+01,9.2565533720138031e+00,1.4034443618628899e+01,1.1619267454561740e+01,0.0000000000000000e+00,1.8998281656722935e+00,1.2454356192188152e+01,1.3847022120380172e+01,1.3847022120380172e+01,1.1619267454561740e+01,1.0436612153956437e+01,1.2454356192188152e+01,1.8998281656722935e+00,1.2454356192188152e+01,1.3847022120380172e+01,0.0000000000000000e+00,9.2565533720138031e+00
5.7228188875712105e+00,2.8126487206962918e+00,2.8126487206962918e+00,2.8126487206962918e+00,1.2636562457577835e+01,1.4707169331761197e+01,0.0000000000000000e+00,1.2636562457577835e+01,1.2636562457577835e+01,1.2636562457577835e+01,1.2636562457577835e+01,3.8434821180670879e+00,2.8126487206962918e+00,1.4707169331761197e+01,3.8434821180670879e+00,1.2636562457577835e+01,1.2636562457577835e+01,8.7942665548356125e+00,8.7942665548356125e+00,8.7942665548356125e+00,8.7942665548356125e+00,1.2636562457577835e+01,1.4707169331761197e+01,1.9420365720927504e+00,1.2636562457577835e+01,1.4707169331761197e+01,5.7228188875712105e+00,5.7228188875712105e+00,1.2636562457577835e+01,1.2636562457577835e+01,9.5815480201910965e+00,9.5815480201910965e+00,8.7942665548356125e+00,8.7942665548356125e+00,1.4707169331761197e+01,1.2636562457577835e+01,8.7942665548356125e+00,1.2636562457577835e+01,9.6105988295603495e-01,1.2636562457577835e+01,5.0391131819325485e+00,5.0391131819325485e+00,8.7942665548356125e+00,1.1004873399837788e+01,9.5815480201910965e+00,9.5815480201910965e+00,6.9058212554080542e+00,1.2636562457577835e+01,1.4707169331761197e+01,1.4707169331761197e+01,2.8126487206962918e+00,7.5101196555244201e+00,1.4707169331761197e+01,1.4707169331761197e+01,1.2636562457577835e+01,7.5101196555244201e+00,7.5101196555244201e+00,5.7228188875712105e+00,7.5101196555244201e+00,1.4707169331761197e+01,8.7942665548356125e+00,5.7228188875712105e+00,5.7228188875712105e+00,8.7942665548356125e+00,7.5101196555244201e+00,5.0391131819325485e+00,7.5101196555244201e+00,2.8126487206962918e+00,7.5101196555244201e+00,7.5101196555244201e+00,7.5101196555244201e+00,1.3712729755744199e+01,1.9420365720927504e+00,1.4707169331761197e+01,1.4707169331761197e+01,1.2636562457577835e+01,8.7942665548356125e+00,5.0391131819325485e+00,1.3712729755744199e+01,1.3712729755744199e+01,1.4707169331761197e+01,5.0391131819325485e+00,7.5101196555244201e+00,8.7942665548356125e+00,1.4707169331761197e+01,1.2636562457577835e+01,1.4707169331761197e+01,1.3712729755744199e+01,9.5815480201910965e+00,5.7228188875712105e+00,5.7228188875712105e+00,1.9420365720927504e+00,1.2636562457577835e+01,0.0000000000000000e+00,1.3712729755744199e+01,6.9058212554080542e+00,1.2636562457577835e+01,1.2636562457577835e+01,5.0391131819325485e+00,1.4707169331761197e+01,5.7228188875712105e+00,7.5101196555244201e+00,9.6105988295603495e-01,1.2636562457577835e+01,6.9058212554080542e+00,1.2636562457577835e+01,8.7942665548356125e+00,1.2636562457577835e+01,1.2636562457577835e+01,1.4707169331761197e+01,9.5815480201910965e+00,1.4707169331761197e+01,1.4707169331761197e+01,9.5815480201910965e+00,7.5101196555244201e+00,9.6105988295603495e-01,1.4707169331761197e+01,7.5101196555244201e+00,7.5101196555244201e+00,7.5101196555244201e+00,3.8434821180670879e+00,6.9058212554080542e+00,6.9058212554080542e+00,5.0391131819325485e+00,7.5101196555244201e+00,6.9058212554080542e+00,1.4707169331761197e+01,1.3712729755744199e+01,3.8434821180670879e+00,7.5101196555244201e+00,1.4707169331761197e+01,7.5101196555244201e+00,1.3712729755744199e+01,5.7228188875712105e+00,1.3712729755744199e+01,9.5815480201910965e+00,1.0563188805465087e+01,9.6105988295603495e-01,7.5101196555244201e+00,0.0000000000000000e+00,1.3712729755744199e+01,1.4707169331761197e+01,1.4707169331761197e+01,1.4707169331761197e+01,1.4707169331761197e+01,1.4707169331761197e+01,1.4707169331761197e+01,1.4707169331761197e+01,1.4707169331761197e+01,1.4707169331761197e+01,1.3712729755744199e+01,8.7942665548356125e+00,8.7942665548356125e+00,1.3712729755744199e+01,1.4707169331761197e+01,1.9420365720927504e+00,5.7228188875712105e+00,1.4707169331761197e+01,1.4707169331761197e+01,3.8434821180670879e+00,8.7942665548356125e+00,1.4707169331761197e+01,6.9058212554080542e+00,1.4707169331761197e+01,1.9420365720927504e+00,1.3712729755744199e+01,1.9420365720927504e+00,1.4707169331761197e+01,1.4707169331761197e+01,9.6105988295603495e-01,1.3712729755744199e+01,1.3712729755744199e+01,6.9058212554080542e+00,9.6105988295603495e-01,1.3712729755744199e+01,6.9058212554080542e+00,1.4707169331761197e+01,7.5101196555244201e+00,7.5101196555244201e+00,5.0391131819325485e+00,3.8434821180670879e+00,6.9058212554080542e+00,9.6105988295603495e-01,9.6105988295603495e-01,3.8434821180670879e+00,1.9420365720927504e+00,6.9058212554080542e+00,6.9058212554080542e+00,1.1004873399837788e+01,1.3712729755744199e+01,1.3712729755744199e+01,1.4707169331761197e+01,1.1004873399837788e+01,1.4707169331761197e+01,6.9058212554080542e+00,8.7942665548356125e+00,1.2636562457577835e+01,1.4707169331761197e+01,1.4707169331761197e+01,1.4707169331761197e+01,7.5101196555244201e+00,7.5101196555244201e+00,0.0000000000000000e+00,1.4707169331761197e+01,1.4707169331761197e+01,1.4707169331761197e+01,1.4707169331761197e+01,9.6105988295603495e-01,7.5101196555244201e+00,1.3712729755744199e+01,1.3712729755744199e+01,1.3712729755744199e+01,1.3712729755744199e+01,1.3712729755744199e+01,1.3712729755744199e+01,1.4707169331761197e+01,1.4707169331761197e+01,9.6105988295603495e-01,6.9058212554080542e+00,1.1004873399837788e+01,1.1004873399837788e+01,1.4707169331761197e+01,0.0000000000000000e+00,1.3712729755744199e+01,5.0391131819325485e+00,1.2636562457577835e+01,7.5101196555244201e+00,1.4707169331761197e+01,1.4707169331761197e+01,1.4707169331761197e+01,2.8126487206962918e+00,1.4707169331761197e+01,1.4707169331761197e+01,6.9058212554080542e+00,1.4707169331761197e+01,1.4707169331761197e+01,5.0391131819325485e+00,6.9058212554080542e+00,1.1004873399837788e+01,1.4707169331761197e+01,9.6105988295603495e-01,5.0391131819325485e+00,1.3712729755744199e+01,0.0000000000000000e+00,7.5101196555244201e+00,6.9058212554080542e+00,1.4707169331761197e+01,1.2636562457577835e+01,1.2636562457577835e+01,1.2636562457577835e+01,7.5101196555244201e+00,1.0563188805465087e+01,1.1004873399837788e+01,5.0391131819325485e+00,6.9058212554080542e+00,1.0563188805465087e+01,1.4707169331761197e+01,1.4707169331761197e+01,7.5101196555244201e+00,7.5101196555244201e+00,1.4707169331761197e+01,1.9420365720927504e+00,2.8126487206962918e+00,1.9420365720927504e+00,9.5815480201910965e+00,1.1004873399837788e+01,1.1004873399837788e+01,1.2636562457577835e+01,1.0563188805465087e+01,1.4707169331761197e+01,1.4707169331761197e+01,1.9420365720927504e+00,1.0563188805465087e+01,6.9058212554080542e+00,1.0563188805465087e+01,1.3712729755744199e+01,1.3712729755744199e+01,1.0563188805465087e+01,3.8434821180670879e+00,1.4707169331761197e+01,1.0563188805465087e+01,0.0000000000000000e+00,6.9058212554080542e+00,1.4707169331761197e+01,1.4707169331761197e+01,8.7942665548356125e+00,1.2636562457577835e+01,1.1004873399837788e+01,8.7942665548356125e+00,8.7942665548356125e+00,1.4707169331761197e+01,1.4707169331761197e+01,2.8126487206962918e+00,8.7942665548356125e+00,9.5815480201910965e+00,1.3712729755744199e+01,9.5815480201910965e+00,1.9420365720927504e+00,5.0391131819325485e+00,0.0000000000000000e+00,1.3712729755744199e+01,1.3712729755744199e+01,1.2636562457577835e+01,1.4707169331761197e+01,8.7942665548356125e+00,6.9058212554080542e+00,1.3712729755744199e+01,1.3712729755744199e+01,1.3712729755744199e+01,1.1004873399837788e+01,1.1004873399837788e+01,9.5815480201910965e+00,9.5815480201910965e+00,3.8434821180670879e+00,1.4707169331761197e+01,9.5815480201910965e+00,0.0000000000000000e+00,1.1004873399837788e+01,0.0000000000000000e+00,1.4707169331761197e+01,9.5815480201910965e+00,1.9420365720927504e+00,1.2636562457577835e+01,1.4707169331761197e+01,1.4707169331761197e+01,1.4707169331761197e+01,1.2636562457577835e+01,1.4707169331761197e+01,1.4707169331761197e+01,1.4707169331761197e+01,9.5815480201910965e+00,3.8434821180670879e+00,1.9420365720927504e+00,1.1004873399837788e+01,1.4707169331761197e+01,7.5101196555244201e+00,7.5101196555244201e+00,1.9420365720927504e+00,1.1004873399837788e+01,8.7942665548356125e+00,1.3712729755744199e+01,1.3712729755744199e+01,5.7228188875712105e+00,1.0563188805465087e+01,1.3712729755744199e+01,1.1004873399837788e+01,5.7228188875712105e+00,1.4707169331761197e+01,1.3712729755744199e+01,8.7942665548356125e+00,1.3712729755744199e+01,9.5815480201910965e+00,9.6105988295603495e-01,1.3712729755744199e+01,1.3712729755744199e+01,5.7228188875712105e+00,1.4707169331761197e+01,3.8434821180670879e+00,1.0563188805465087e+01,2.8126487206962918e+00,1.4707169331761197e+01,7.5101196555244201e+00,1.4707169331761197e+01,1.1004873399837788e+01,1.4707169331761197e+01,1.4707169331761197e+01,1.3712729755744199e+01,1.4707169331761197e+01,0.0000000000000000e+00,1.3712729755744199e+01,1.3712729755744199e+01,9.5815480201910965e+00,1.9420365720927504e+00,6.9058212554080542e+00,1.1004873399837788e+01,9.5815480201910965e+00,3.8434821180670879e+00,1.4707169331761197e+01,1.4707169331761197e+01,5.0391131819325485e+00,0.0000000000000000e+00,5.7228188875712105e+00,1.4707169331761197e+01,1.2636562457577835e+01,1.2636562457577835e+01,1.2636562457577835e+01,1.2636562457577835e+01,1.2636562457577835e+01,8.7942665548356125e+00,1.2636562457577835e+01,1.2636562457577835e+01,9.5815480201910965e+00,0.0000000000000000e+00,1.0563188805465087e+01,1.0563188805465087e+01,9.5815480201910965e+00,1.4707169331761197e+01,1.2636562457577835e+01,9.6105988295603495e-01,0.0000000000000000e+00,1.2636562457577835e+01,9.5815480201910965e+00,9.5815480201910965e+00,5.7228188875712105e+00,1.4707169331761197e+01,3.8434821180670879e+00,1.1004873399837788e+01,1.2636562457577835e+01,9.5815480201910965e+00,2.8126487206962918e+00,2.8126487206962918e+00,1.2636562457577835e+01,1.2636562457577835e+01,1.2636562457577835e+01,1.2636562457577835e+01,2.8126487206962918e+00,1.2636562457577835e+01,1.3712729755744199e+01,1.2636562457577835e+01,1.2636562457577835e+01,1.9420365720927504e+00,1.2636562457577835e+01,1.2636562457577835e+01,3.8434821180670879e+00,1.2636562457577835e+01,0.0000000000000000e+00,1.2636562457577835e+01,1.2636562457577835e+01,1.4707169331761197e+01,1.2636562457577835e+01,1.3712729755744199e+01,1.4707169331761197e+01,7.5101196555244201e+00,1.2636562457577835e+01,1.2636562457577835e+01,1.4707169331761197e+01,1.4707169331761197e+01,1.3712729755744199e+01,8.7942665548356125e+00,5.0391131819325485e+00,1.2636562457577835e+01,1.9420365720927504e+00,7.5101196555244201e+00,8.7942665548356125e+00,1.2636562457577835e+01,1.2636562457577835e+01,1.4707169331761197e+01,1.2636562457577835e+01,8.7942665548356125e+00,9.6105988295603495e-01,1.4707169331761197e+01,9.5815480201910965e+00,1.0563188805465087e+01,6.9058212554080542e+00,9.5815480201910965e+00,1.4707169331761197e+01,1.2636562457577835e+01,0.0000000000000000e+00,1.3712729755744199e+01,1.2636562457577835e+01,0.0000000000000000e+00,8.7942665548356125e+00,1.2636562457577835e+01,9.6105988295603495e-01,7.5101196555244201e+00,1.9420365720927504e+00,1.4707169331761197e+01,9.5815480201910965e+00,3.8434821180670879e+00,1.3712729755744199e+01,1.3712729755744199e+01,1.4707169331761197e+01,9.6105988295603495e-01,2.8126487206962918e+00,1.2636562457577835e+01,7.5101196555244201e+00,9.6105988295603495e-01,9.5815480201910965e+00,1.0563188805465087e+01,9.5815480201910965e+00,1.4707169331761197e+01,1.9420365720927504e+00,9.6105988295603495e-01,0.0000000000000000e+00,1.2636562457577835e+01,9.5815480201910965e+00,0.0000000000000000e+00,9.5815480201910965e+00,7.5101196555244201e+00,7.5101196555244201e+00,7.5101196555244201e+00,7.5101196555244201e+00,1.1004873399837788e+01,7.5101196555244201e+00,1.4707169331761197e+01,9.5815480201910965e+00,5.7228188875712105e+00,1.1004873399837788e+01,9.5815480201910965e+00,1.1004873399837788e+01,1.3712729755744199e+01,0.0000000000000000e+00,1.2636562457577835e+01,9.5815480201910965e+00,9.5815480201910965e+00,9.6105988295603495e-01,1.2636562457577835e+01,7.5101196555244201e+00,3.8434821180670879e+00,8.7942665548356125e+00,1.3712729755744199e+01,1.3712729755744199e+01,1.3712729755744199e+01,5.7228188875712105e+00,5.7228188875712105e+00,9.5815480201910965e+00,5.0391131819325485e+00,1.1004873399837788e+01,0.0000000000000000e+00,7.5101196555244201e+00,1.1004873399837788e+01,7.5101196555244201e+00,7.5101196555244201e+00,0.0000000000000000e+00,6.9058212554080542e+00,1.4707169331761197e+01,6.9058212554080542e+00,5.0391131819325485e+00,9.6105988295603495e-01,6.9058212554080542e+00,2.8126487206962918e+00,1.4707169331761197e+01,1.9420365720927504e+00,7.5101196555244201e+00,1.2636562457577835e+01,9.6105988295603495e-01,7.5101196555244201e+00,9.5815480201910965e+00,9.5815480201910965e+00,5.7228188875712105e+00,7.5101196555244201e+00,1.2636562457577835e+01,1.9420365720927504e+00,9.5815480201910965e+00,5.0391131819325485e+00,1.4707169331761197e+01,9.5815480201910965e+00,9.5815480201910965e+00,1.2636562457577835e+01,1.2636562457577835e+01,9.5815480201910965e+00,1.4707169331761197e+01,9.5815480201910965e+00,5.0391131819325485e+00,3.8434821180670879e+00,7.5101196555244201e+00,7.5101196555244201e+00,9.5815480201910965e+00,7.5101196555244201e+00,1.1004873399837788e+01,5.7228188875712105e+00,7.5101196555244201e+00,2.8126487206962918e+00,1.4707169331761197e+01,1.4707169331761197e+01,1.4707169331761197e+01,1.1004873399837788e+01,1.4707169331761197e+01,1.9420365720927504e+00,1.4707169331761197e+01,0.0000000000000000e+00,1.4707169331761197e+01,1.0563188805465087e+01,7.5101196555244201e+00,9.5815480201910965e+00,1.3712729755744199e+01,1.1004873399837788e+01,0.0000000000000000e+00,1.1004873399837788e+01,1.0563188805465087e+01,9.5815480201910965e+00,1.4707169331761197e+01,6.9058212554080542e+00,3.8434821180670879e+00,7.5101196555244201e+00,8.7942665548356125e+00,5.0391131819325485e+00,1.3712729755744199e+01,1.3712729755744199e+01,1.4707169331761197e+01,6.9058212554080542e+00,1.2636562457577835e+01,1.2636562457577835e+01,9.6105988295603495e-01,0.0000000000000000e+00,3.8434821180670879e+00,9.5815480201910965e+00,1.2636562457577835e+01,2.8126487206962918e+00,1.1004873399837788e+01,1.0563188805465087e+01,1.2636562457577835e+01,1.3712729755744199e+01,7.5101196555244201e+00,0.0000000000000000e+00,1.4707169331761197e+01,1.3712729755744199e+01,1.3712729755744199e+01,3.8434821180670879e+00,3.8434821180670879e+00,1.2636562457577835e+01,1.3712729755744199e+01,8.7942665548356125e+00,1.2636562457577835e+01,1.1004873399837788e+01,1.3712729755744199e+01,9.5815480201910965e+00,2.8126487206962918e+00,1.3712729755744199e+01,5.0391131819325485e+00,9.5815480201910965e+00,8.7942665548356125e+00,1.3712729755744199e+01,2.8126487206962918e+00,1.4707169331761197e+01,1.2636562457577835e+01,5.7228188875712105e+00,1.4707169331761197e+01,1.2636562457577835e+01,5.7228188875712105e+00,1.3712729755744199e+01,5.7228188875712105e+00,1.2636562457577835e+01,3.8434821180670879e+00,1.4707169331761197e+01,6.9058212554080542e+00,7.5101196555244201e+00,8.7942665548356125e+00,3.8434821180670879e+00,1.3712729755744199e+01,7.5101196555244201e+00,1.3712729755744199e+01,1.0563188805465087e+01,1.9420365720927504e+00,1.3712729755744199e+01,1.4707169331761197e+01,1.3712729755744199e+01,5.0391131819325485e+00,0.0000000000000000e+00,9.6105988295603495e-01,5.7228188875712105e+00,1.3712729755744199e+01,5.7228188875712105e+00,1.3712729755744199e+01,5.7228188875712105e+00,1.0563188805465087e+01,1.0563188805465087e+01,3.8434821180670879e+00,1.0563188805465087e+01,2.8126487206962918e+00,7.5101196555244201e+00,7.5101196555244201e+00,1.4707169331761197e+01,8.7942665548356125e+00,7.5101196555244201e+00,5.7228188875712105e+00,2.8126487206962918e+00,8.7942665548356125e+00,1.4707169331761197e+01,2.8126487206962918e+00,1.0563188805465087e+01,1.4707169331761197e+01,1.4707169331761197e+01,1.3712729755744199e+01,1.3712729755744199e+01,5.7228188875712105e+00,1.1004873399837788e+01,1.3712729755744199e+01,1.4707169331761197e+01,1.4707169331761197e+01,1.1004873399837788e+01,3.8434821180670879e+00,1.3712729755744199e+01,1.4707169331761197e+01,1.9420365720927504e+00,9.6105988295603495e-01,5.0391131819325485e+00,1.4707169331761197e+01,1.1004873399837788e+01,7.5101196555244201e+00,1.4707169331761197e+01,5.0391131819325485e+00,6.9058212554080542e+00,8.7942665548356125e+00,9.6105988295603495e-01,1.3712729755744199e+01,1.0563188805465087e+01,5.0391131819325485e+00,1.4707169331761197e+01,1.1004873399837788e+01,1.4707169331761197e+01,1.3712729755744199e+01,8.7942665548356125e+00,5.7228188875712105e+00,1.4707169331761197e+01,1.2636562457577835e+01,1.0563188805465087e+01,1.2636562457577835e+01,1.2636562457577835e+01,1.0563188805465087e+01,1.4707169331761197e+01,1.1004873399837788e+01,6.9058212554080542e+00,1.3712729755744199e+01,1.0563188805465087e+01,1.3712729755744199e+01,1.2636562457577835e+01,1.0563188805465087e+01,7.5101196555244201e+00,1.4707169331761197e+01,1.3712729755744199e+01,9.5815480201910965e+00,1.3712729755744199e+01,1.3712729755744199e+01,6.9058212554080542e+00,1.9420365720927504e+00,1.4707169331761197e+01,1.4707169331761197e+01,1.3712729755744199e+01,1.0563188805465087e+01,1.4707169331761197e+01,1.0563188805465087e+01,1.0563188805465087e+01,1.4707169331761197e+01,8.7942665548356125e+00,1.3712729755744199e+01,1.3712729755744199e+01,1.3712729755744199e+01,0.0000000000000000e+00,1.2636562457577835e+01,5.7228188875712105e+00,9.6105988295603495e-01,5.7228188875712105e+00,1.0563188805465087e+01,5.7228188875712105e+00,1.2636562457577835e+01,1.1004873399837788e+01,7.5101196555244201e+00,1.0563188805465087e+01,7.5101196555244201e+00,7.5101196555244201e+00,1.2636562457577835e+01,8.7942665548356125e+00,1.2636562457577835e+01,0.0000000000000000e+00,1.3712729755744199e+01,3.8434821180670879e+00,1.9420365720927504e+00,7.5101196555244201e+00,5.0391131819325485e+00,3.8434821180670879e+00,3.8434821180670879e+00,1.4707169331761197e+01,1.9420365720927504e+00,1.4707169331761197e+01,9.6105988295603495e-01,8.7942665548356125e+00,8.7942665548356125e+00,5.0391131819325485e+00,8.7942665548356125e+00,3.8434821180670879e+00,7.5101196555244201e+00,1.0563188805465087e+01,5.0391131819325485e+00,3.8434821180670879e+00,0.0000000000000000e+00,1.3712729755744199e+01,9.6105988295603495e-01,5.0391131819325485e+00,1.2636562457577835e+01,0.0000000000000000e+00,0.0000000000000000e+00,8.7942665548356125e+00,1.4707169331761197e+01,1.2636562457577835e+01,1.2636562457577835e+01,1.0563188805465087e+01,1.0563188805465087e+01,1.0563188805465087e+01,1.0563188805465087e+01,1.4707169331761197e+01,9.6105988295603495e-01,1.1004873399837788e+01,1.0563188805465087e+01,1.0563188805465087e+01,6.9058212554080542e+00,5.7228188875712105e+00,2.8126487206962918e+00,2.8126487206962918e+00,1.3712729755744199e+01,2.8126487206962918e+00,3.8434821180670879e+00,1.0563188805465087e+01,9.6105988295603495e-01,1.1004873399837788e+01,9.6105988295603495e-01,1.2636562457577835e+01,1.1004873399837788e+01,1.0563188805465087e+01,2.8126487206962918e+00,3.8434821180670879e+00,0.0000000000000000e+00,2.8126487206962918e+00,0.0000000000000000e+00,9.5815480201910965e+00,1.3712729755744199e+01,1.3712729755744199e+01,9.6105988295603495e-01,2.8126487206962918e+00,1.1004873399837788e+01,8.7942665548356125e+00,1.1004873399837788e+01,1.1004873399837788e+01,1.0563188805465087e+01,1.4707169331761197e+01,5.0391131819325485e+00,3.8434821180670879e+00,3.8434821180670879e+00,1.1004873399837788e+01,1.0563188805465087e+01,1.2636562457577835e+01,1.3712729755744199e+01,1.4707169331761197e+01,1.1004873399837788e+01,1.1004873399837788e+01,7.5101196555244201e+00,6.9058212554080542e+00,1.1004873399837788e+01,5.0391131819325485e+00,1.0563188805465087e+01,1.0563188805465087e+01,1.1004873399837788e+01,1.1004873399837788e+01,1.1004873399837788e+01,5.0391131819325485e+00,1.1004873399837788e+01,1.1004873399837788e+01,1.2636562457577835e+01,0.0000000000000000e+00,6.9058212554080542e+00,7.5101196555244201e+00,1.3712729755744199e+01,1.0563188805465087e+01,1.0563188805465087e+01,3.8434821180670879e+00,3.8434821180670879e+00,1.0563188805465087e+01,1.2636562457577835e+01,1.1004873399837788e+01,1.3712729755744199e+01,1.3712729755744199e+01,2.8126487206962918e+00,1.9420365720927504e+00,3.8434821180670879e+00,8.7942665548356125e+00,1.1004873399837788e+01,5.7228188875712105e+00,1.3712729755744199e+01,1.1004873399837788e+01,1.1004873399837788e+01,1.3712729755744199e+01,1.3712729755744199e+01,7.5101196555244201e+00,1.0563188805465087e+01,1.0563188805465087e+01,1.0563188805465087e+01,1.4707169331761197e+01,1.3712729755744199e+01,1.3712729755744199e+01,1.3712729755744199e+01,9.5815480201910965e+00,5.0391131819325485e+00,1.1004873399837788e+01,1.9420365720927504e+00,5.0391131819325485e+00,3.8434821180670879e+00,1.3712729755744199e+01,1.0563188805465087e+01,6.9058212554080542e+00,5.0391131819325485e+00,5.0391131819325485e+00,1.9420365720927504e+00,5.7228188875712105e+00,1.9420365720927504e+00,5.0391131819325485e+00,1.3712729755744199e+01,1.0563188805465087e+01,8.7942665548356125e+00,1.9420365720927504e+00,1.2636562457577835e+01,1.4707169331761197e+01,8.7942665548356125e+00,1.3712729755744199e+01,8.7942665548356125e+00,1.0563188805465087e+01,2.8126487206962918e+00,5.0391131819325485e+00,1.0563188805465087e+01,5.7228188875712105e+00,1.0563188805465087e+01,1.3712729755744199e+01,1.2636562457577835e+01,7.5101196555244201e+00,5.0391131819325485e+00,1.2636562457577835e+01,9.5815480201910965e+00,8.7942665548356125e+00,5.7228188875712105e+00,9.5815480201910965e+00,9.5815480201910965e+00,9.5815480201910965e+00,3.8434821180670879e+00,1.0563188805465087e+01,1.2636562457577835e+01,8.7942665548356125e+00,5.0391131819325485e+00,8.7942665548356125e+00,7.5101196555244201e+00,1.0563188805465087e+01,5.7228188875712105e+00,1.0563188805465087e+01,8.7942665548356125e+00,1.0563188805465087e+01,1.0563188805465087e+01,3.8434821180670879e+00,1.0563188805465087e+01,1.9420365720927504e+00,9.6105988295603495e-01,1.0563188805465087e+01,2.8126487206962918e+00,1.1004873399837788e+01,1.2636562457577835e+01,1.3712729755744199e+01,1.4707169331761197e+01,1.2636562457577835e+01,3.8434821180670879e+00,1.2636562457577835e+01,1.0563188805465087e+01,1.2636562457577835e+01,1.1004873399837788e+01,3.8434821180670879e+00,9.5815480201910965e+00,6.9058212554080542e+00,2.8126487206962918e+00,1.3712729755744199e+01,9.6105988295603495e-01,1.0563188805465087e+01,3.8434821180670879e+00,3.8434821180670879e+00,1.0563188805465087e+01,3.8434821180670879e+00,1.1004873399837788e+01,9.5815480201910965e+00,9.5815480201910965e+00,1.1004873399837788e+01,6.9058212554080542e+00,5.0391131819325485e+00,5.0391131819325485e+00,5.0391131819325485e+00,1.3712729755744199e+01,7.5101196555244201e+00,1.3712729755744199e+01,7.5101196555244201e+00,5.0391131819325485e+00,5.7228188875712105e+00,2.8126487206962918e+00,5.7228188875712105e+00,1.4707169331761197e+01,5.0391131819325485e+00,5.0391131819325485e+00,1.4707169331761197e+01,2.8126487206962918e+00,5.7228188875712105e+00,1.4707169331761197e+01,5.0391131819325485e+00,1.4707169331761197e+01,6.9058212554080542e+00,8.7942665548356125e+00,5.0391131819325485e+00,1.2636562457577835e+01,5.7228188875712105e+00,1.2636562457577835e+01,6.9058212554080542e+00,1.3712729755744199e+01,5.0391131819325485e+00,0.0000000000000000e+00,8.7942665548356125e+00,7.5101196555244201e+00,1.2636562457577835e+01,7.5101196555244201e+00
8.4619588939962345e+00,2.8092353562828003e+00,8.4619588939962345e+00,2.8092353562828003e+00,8.4619588939962345e+00,8.4619588939962345e+00,1.0661847894334961e+01,1.0661847894334961e+01,1.0661847894334961e+01,7.6034150874513307e+00,6.6990615865912719e+00,0.0000000000000000e+00,1.0661847894334961e+01,1.1561373118560569e+01,1.0661847894334961e+01,1.0661847894334961e+01,1.0661847894334961e+01,1.0661847894334961e+01,1.0661847894334961e+01,1.0661847894334961e+01,1.0661847894334961e+01,0.0000000000000000e+00,6.6990615865912719e+00,1.2514345909446202e+01,1.0661847894334961e+01,1.0661847894334961e+01,1.0661847894334961e+01,1.0661847894334961e+01,5.7769402517867103e+00,1.2161784810927834e+01,1.9664726110276070e+00,1.0661847894334961e+01,7.6034150874513307e+00,1.2514345909446202e+01,1.2514345909446202e+01,7.6034150874513307e+00,1.4413325779901561e+01,1.2514345909446202e+01,1.2514345909446202e+01,1.2514345909446202e+01,5.7769402517867103e+00,4.0329461136467852e+00,8.4619588939962345e+00,1.2514345909446202e+01,1.2514345909446202e+01,1.2514345909446202e+01,1.2514345909446202e+01,1.2514345909446202e+01,1.2514345909446202e+01,8.4619588939962345e+00,2.8092353562828003e+00,1.0661847894334961e+01,1.0661847894334961e+01,7.6034150874513307e+00,4.0329461136467852e+00,1.0661847894334961e+01,1.0661847894334961e+01,1.2514345909446202e+01,1.0661847894334961e+01,1.0408872652809629e+00,7.6034150874513307e+00,1.0408872652809629e+00,1.9664726110276070e+00,1.2514345909446202e+01,7.6034150874513307e+00,4.0329461136467852e+00,7.6034150874513307e+00,2.8092353562828003e+00,1.0151887003168444e+01,1.0151887003168444e+01,1.4413325779901561e+01,4.0329461136467852e+00,1.0151887003168444e+01,1.2514345909446202e+01,1.0151887003168444e+01,1.0661847894334961e+01,5.1148242365900405e+00,1.0151887003168444e+01,4.0329461136467852e+00,7.6034150874513307e+00,1.2161784810927834e+01,1.2514345909446202e+01,5.1148242365900405e+00,2.8092353562828003e+00,7.6034150874513307e+00,5.7769402517867103e+00,1.2514345909446202e+01,4.0329461136467852e+00,4.0329461136467852e+00,0.0000000000000000e+00,0.0000000000000000e+00,6.6990615865912719e+00,0.0000000000000000e+00,7.6034150874513307e+00,7.6034150874513307e+00,7.6034150874513307e+00,4.0329461136467852e+00,1.0661847894334961e+01,1.2514345909446202e+01,1.2161784810927834e+01,1.2161784810927834e+01,1.4413325779901561e+01,7.6034150874513307e+00,7.6034150874513307e+00,7.6034150874513307e+00,5.1148242365900405e+00,1.2514345909446202e+01,1.2514345909446202e+01,5.1148242365900405e+00,7.6034150874513307e+00,1.1561373118560569e+01,1.9664726110276070e+00,2.8092353562828003e+00,1.0661847894334961e+01,1.4413325779901561e+01,1.4413325779901561e+01,5.1148242365900405e+00,1.9664726110276070e+00,2.8092353562828003e+00,5.1148242365900405e+00,1.4413325779901561e+01,1.4413325779901561e+01,2.8092353562828003e+00,1.4413325779901561e+01,1.0408872652809629e+00,1.4413325779901561e+01,7.6034150874513307e+00,1.2161784810927834e+01,1.0408872652809629e+00,1.4413325779901561e+01,1.4413325779901561e+01,6.6990615865912719e+00,6.6990615865912719e+00,1.2161784810927834e+01,1.0661847894334961e+01,4.0329461136467852e+00,4.0329461136467852e+00,0.0000000000000000e+00,1.2514345909446202e+01,1.4413325779901561e+01,1.0661847894334961e+01,1.0661847894334961e+01,1.0661847894334961e+01,1.2514345909446202e+01,1.0408872652809629e+00,1.2514345909446202e+01,1.0408872652809629e+00,1.0151887003168444e+01,1.0151887003168444e+01,1.0151887003168444e+01,1.0151887003168444e+01,1.2161784810927834e+01,2.8092353562828003e+00,1.0661847894334961e+01,1.1561373118560569e+01,1.1561373118560569e+01,4.0329461136467852e+00,4.0329461136467852e+00,1.4413325779901561e+01,7.6034150874513307e+00,7.6034150874513307e+00,1.0151887003168444e+01,0.0000000000000000e+00,1.0151887003168444e+01,1.0661847894334961e+01,6.6990615865912719e+00,1.0661847894334961e+01,1.9664726110276070e+00,1.2161784810927834e+01,1.2161784810927834e+01,5.7769402517867103e+00,7.6034150874513307e+00,4.0329461136467852e+00,1.2161784810927834e+01,1.0661847894334961e+01,1.0408872652809629e+00,1.2514345909446202e+01,1.2514345909446202e+01,7.6034150874513307e+00,4.0329461136467852e+00,1.2161784810927834e+01,7.6034150874513307e+00,7.6034150874513307e+00,1.2161784810927834e+01,1.2161784810927834e+01,5.7769402517867103e+00,1.0151887003168444e+01,6.6990615865912719e+00,5.1148242365900405e+00,1.2161784810927834e+01,1.0661847894334961e+01,1.2161784810927834e+01,4.0329461136467852e+00,1.2161784810927834e+01,1.0408872652809629e+00,1.9664726110276070e+00,1.2514345909446202e+01,1.1561373118560569e+01,1.2161784810927834e+01,1.2161784810927834e+01,1.1561373118560569e+01,1.2514345909446202e+01,1.2161784810927834e+01,1.4413325779901561e+01,1.0661847894334961e+01,1.0408872652809629e+00,1.2161784810927834e+01,1.9664726110276070e+00,2.8092353562828003e+00,1.2161784810927834e+01,1.0408872652809629e+00,1.0661847894334961e+01,1.2161784810927834e+01,1.2514345909446202e+01,1.0661847894334961e+01,1.1561373118560569e+01,1.2161784810927834e+01,7.6034150874513307e+00,5.7769402517867103e+00,0.0000000000000000e+00,1.2514345909446202e+01,1.0151887003168444e+01,1.0661847894334961e+01,1.2514345909446202e+01,1.0661847894334961e+01,1.0151887003168444e+01,2.8092353562828003e+00,4.0329461136467852e+00,1.0661847894334961e+01,1.0661847894334961e+01,1.0661847894334961e+01,0.0000000000000000e+00,1.2514345909446202e+01,1.0661847894334961e+01,1.2514345909446202e+01,1.2161784810927834e+01,1.0661847894334961e+01,8.4619588939962345e+00,1.0661847894334961e+01,1.0661847894334961e+01,1.2514345909446202e+01,7.6034150874513307e+00,5.7769402517867103e+00,0.0000000000000000e+00,1.4413325779901561e+01,1.0151887003168444e+01,8.4619588939962345e+00,5.7769402517867103e+00,8.4619588939962345e+00,1.0661847894334961e+01,1.0151887003168444e+01,1.0661847894334961e+01,1.0661847894334961e+01,4.0329461136467852e+00,1.0661847894334961e+01,8.4619588939962345e+00,5.1148242365900405e+00,1.0661847894334961e+01,2.8092353562828003e+00,1.0661847894334961e+01,1.1561373118560569e+01,2.8092353562828003e+00,7.6034150874513307e+00,8.4619588939962345e+00,4.0329461136467852e+00,5.7769402517867103e+00,1.0661847894334961e+01,1.4413325779901561e+01,1.0661847894334961e+01,1.0151887003168444e+01,1.2514345909446202e+01,1.2161784810927834e+01,5.7769402517867103e+00,1.0408872652809629e+00,1.2161784810927834e+01,8.4619588939962345e+00,1.0408872652809629e+00,1.9664726110276070e+00,1.0408872652809629e+00,1.0661847894334961e+01,1.4413325779901561e+01,7.6034150874513307e+00,7.6034150874513307e+00,4.0329461136467852e+00,1.9664726110276070e+00,1.9664726110276070e+00,1.2514345909446202e+01,1.1561373118560569e+01,5.7769402517867103e+00,1.0408872652809629e+00,1.2514345909446202e+01,1.2514345909446202e+01,1.4413325779901561e+01,1.2514345909446202e+01,1.0408872652809629e+00,1.4413325779901561e+01,7.6034150874513307e+00,4.0329461136467852e+00,1.0151887003168444e+01,0.0000000000000000e+00,1.0408872652809629e+00,1.0661847894334961e+01,1.4413325779901561e+01,0.0000000000000000e+00,1.4413325779901561e+01,1.4413325779901561e+01,5.7769402517867103e+00,5.1148242365900405e+00,5.7769402517867103e+00,8.4619588939962345e+00,5.1148242365900405e+00,7.6034150874513307e+00,1.9664726110276070e+00,1.2514345909446202e+01,5.1148242365900405e+00,1.0661847894334961e+01,5.7769402517867103e+00,2.8092353562828003e+00,1.0661847894334961e+01,2.8092353562828003e+00,0.0000000000000000e+00,1.0661847894334961e+01,1.0661847894334961e+01,0.0000000000000000e+00,1.0661847894334961e+01,1.4413325779901561e+01,1.0661847894334961e+01,1.0408872652809629e+00,1.4413325779901561e+01,1.0661847894334961e+01,2.8092353562828003e+00,7.6034150874513307e+00,5.7769402517867103e+00,1.2161784810927834e+01,1.2514345909446202e+01,1.0661847894334961e+01,1.0151887003168444e+01,5.1148242365900405e+00,1.0151887003168444e+01,1.0151887003168444e+01,5.7769402517867103e+00,1.2161784810927834e+01,1.2161784810927834e+01,0.0000000000000000e+00,1.4413325779901561e+01,5.7769402517867103e+00,1.2514345909446202e+01,1.0661847894334961e+01,1.4413325779901561e+01,1.0661847894334961e+01,4.0329461136467852e+00,7.6034150874513307e+00,1.0661847894334961e+01,1.2514345909446202e+01,1.2514345909446202e+01,2.8092353562828003e+00,8.4619588939962345e+00,2.8092353562828003e+00,4.0329461136467852e+00,1.0661847894334961e+01,4.0329461136467852e+00,1.2514345909446202e+01,4.0329461136467852e+00,8.4619588939962345e+00,1.0661847894334961e+01,1.0408872652809629e+00,1.2514345909446202e+01,1.0408872652809629e+00,1.0661847894334961e+01,1.2161784810927834e+01,1.1561373118560569e+01,8.4619588939962345e+00,1.0151887003168444e+01,8.4619588939962345e+00,1.0661847894334961e+01,1.2161784810927834e+01,8.4619588939962345e+00,1.4413325779901561e+01,1.1561373118560569e+01,1.2514345909446202e+01,1.0151887003168444e+01,1.0661847894334961e+01,1.1561373118560569e+01,1.2161784810927834e+01,1.0151887003168444e+01,1.2514345909446202e+01,1.9664726110276070e+00,1.0661847894334961e+01,1.0151887003168444e+01,1.2514345909446202e+01,1.0408872652809629e+00,1.1561373118560569e+01,1.0151887003168444e+01,1.0408872652809629e+00,8.4619588939962345e+00,1.4413325779901561e+01,1.4413325779901561e+01,1.0661847894334961e+01,1.0661847894334961e+01,1.0408872652809629e+00,2.8092353562828003e+00,5.7769402517867103e+00,1.4413325779901561e+01,1.0661847894334961e+01,1.0661847894334961e+01,1.0661847894334961e+01,1.4413325779901561e+01,1.0408872652809629e+00,1.2514345909446202e+01,1.1561373118560569e+01,8.4619588939962345e+00,1.2514345909446202e+01,6.6990615865912719e+00,1.0661847894334961e+01,8.4619588939962345e+00,8.4619588939962345e+00,8.4619588939962345e+00,1.0661847894334961e+01,2.8092353562828003e+00,1.0151887003168444e+01,1.1561373118560569e+01,8.4619588939962345e+00,8.4619588939962345e+00,5.7769402517867103e+00,1.2514345909446202e+01,1.2161784810927834e+01,8.4619588939962345e+00,1.4413325779901561e+01,1.0408872652809629e+00,1.4413325779901561e+01,4.0329461136467852e+00,4.0329461136467852e+00,1.0408872652809629e+00,1.2161784810927834e+01,2.8092353562828003e+00,2.8092353562828003e+00,1.1561373118560569e+01,1.0408872652809629e+00,4.0329461136467852e+00,4.0329461136467852e+00,5.1148242365900405e+00,1.0408872652809629e+00,1.2161784810927834e+01,6.6990615865912719e+00,1.2161784810927834e+01,1.9664726110276070e+00,8.4619588939962345e+00,1.0151887003168444e+01,1.0408872652809629e+00,5.1148242365900405e+00,1.2514345909446202e+01,5.1148242365900405e+00,1.1561373118560569e+01,1.2161784810927834e+01,5.1148242365900405e+00,1.0408872652809629e+00,1.4413325779901561e+01,5.7769402517867103e+00,6.6990615865912719e+00,1.4413325779901561e+01,1.1561373118560569e+01,1.1561373118560569e+01,1.0151887003168444e+01,1.0151887003168444e+01,1.2161784810927834e+01,7.6034150874513307e+00,1.9664726110276070e+00,1.9664726110276070e+00,1.2514345909446202e+01,1.0151887003168444e+01,1.2161784810927834e+01,1.0151887003168444e+01,5.7769402517867103e+00,1.0408872652809629e+00,8.4619588939962345e+00,1.0151887003168444e+01,1.0151887003168444e+01,1.2161784810927834e+01,2.8092353562828003e+00,7.6034150874513307e+00,1.2161784810927834e+01,1.2161784810927834e+01,5.7769402517867103e+00,7.6034150874513307e+00,5.1148242365900405e+00,1.0661847894334961e+01,1.2161784810927834e+01,1.0661847894334961e+01,1.0408872652809629e+00,5.1148242365900405e+00,1.0151887003168444e+01,1.2514345909446202e+01,7.6034150874513307e+00,1.0151887003168444e+01,1.2161784810927834e+01,1.2161784810927834e+01,1.4413325779901561e+01,1.0408872652809629e+00,8.4619588939962345e+00,1.2514345909446202e+01,5.7769402517867103e+00,0.0000000000000000e+00,1.4413325779901561e+01,1.2514345909446202e+01,1.0661847894334961e+01,6.6990615865912719e+00,4.0329461136467852e+00,8.4619588939962345e+00,6.6990615865912719e+00,1.0661847894334961e+01,1.0151887003168444e+01,1.0661847894334961e+01,1.0661847894334961e+01,5.7769402517867103e+00,1.0661847894334961e+01,1.1561373118560569e+01,1.4413325779901561e+01,1.2161784810927834e+01,1.0151887003168444e+01,1.0151887003168444e+01,1.1561373118560569e+01,1.0408872652809629e+00,5.7769402517867103e+00,1.2514345909446202e+01,1.2161784810927834e+01,1.4413325779901561e+01,5.1148242365900405e+00,1.4413325779901561e+01,1.4413325779901561e+01,2.8092353562828003e+00,5.7769402517867103e+00,1.0661847894334961e+01,1.0661847894334961e+01,1.1561373118560569e+01,1.1561373118560569e+01,1.4413325779901561e+01,1.0661847894334961e+01,5.1148242365900405e+00,1.0661847894334961e+01,6.6990615865912719e+00,4.0329461136467852e+00,6.6990615865912719e+00,0.0000000000000000e+00,2.8092353562828003e+00,6.6990615865912719e+00,1.2514345909446202e+01,1.2161784810927834e+01,1.0151887003168444e+01,6.6990615865912719e+00,1.1561373118560569e+01,0.0000000000000000e+00,1.0661847894334961e+01,1.0661847894334961e+01,1.0151887003168444e+01,5.1148242365900405e+00,1.2514345909446202e+01,2.8092353562828003e+00,1.0661847894334961e+01,1.2514345909446202e+01,6.6990615865912719e+00,4.0329461136467852e+00,1.1561373118560569e+01,1.4413325779901561e+01,1.4413325779901561e+01,1.4413325779901561e+01,1.0661847894334961e+01,1.2514345909446202e+01,1.1561373118560569e+01,7.6034150874513307e+00,1.2514345909446202e+01,1.4413325779901561e+01,1.4413325779901561e+01,1.0151887003168444e+01,4.0329461136467852e+00,1.2161784810927834e+01,5.7769402517867103e+00,1.0661847894334961e+01,7.6034150874513307e+00,1.1561373118560569e+01,7.6034150874513307e+00,1.2514345909446202e+01,1.2514345909446202e+01,1.0661847894334961e+01,5.1148242365900405e+00,1.1561373118560569e+01,2.8092353562828003e+00,1.0661847894334961e+01,7.6034150874513307e+00,1.2514345909446202e+01,7.6034150874513307e+00,1.2514345909446202e+01,0.0000000000000000e+00,1.0661847894334961e+01,1.2161784810927834e+01,1.2161784810927834e+01,5.7769402517867103e+00,5.7769402517867103e+00,1.2514345909446202e+01,7.6034150874513307e+00,1.0151887003168444e+01,1.0151887003168444e+01,1.0151887003168444e+01,1.0151887003168444e+01,1.0151887003168444e+01,1.2161784810927834e+01,1.0151887003168444e+01,1.0408872652809629e+00,8.4619588939962345e+00,4.0329461136467852e+00,1.2161784810927834e+01,8.4619588939962345e+00,7.6034150874513307e+00,8.4619588939962345e+00,5.1148242365900405e+00,5.7769402517867103e+00,5.7769402517867103e+00,1.2161784810927834e+01,1.2161784810927834e+01,1.0661847894334961e+01,1.2514345909446202e+01,1.4413325779901561e+01,8.4619588939962345e+00,8.4619588939962345e+00,1.1561373118560569e+01,2.8092353562828003e+00,1.0661847894334961e+01,1.4413325779901561e+01,1.0151887003168444e+01,5.7769402517867103e+00,4.0329461136467852e+00,1.0661847894334961e+01,1.0661847894334961e+01,1.0661847894334961e+01,1.0661847894334961e+01,5.7769402517867103e+00,8.4619588939962345e+00,5.7769402517867103e+00,1.2161784810927834e+01,1.4413325779901561e+01,1.9664726110276070e+00,1.2161784810927834e+01,0.0000000000000000e+00,1.0151887003168444e+01,1.0408872652809629e+00,0.0000000000000000e+00,1.1561373118560569e+01,1.1561373118560569e+01,5.7769402517867103e+00,1.1561373118560569e+01,4.0329461136467852e+00,1.0151887003168444e+01,1.1561373118560569e+01,0.0000000000000000e+00,4.0329461136467852e+00,4.0329461136467852e+00,4.0329461136467852e+00,2.8092353562828003e+00,5.1148242365900405e+00,2.8092353562828003e+00,1.0408872652809629e+00,5.7769402517867103e+00,1.0151887003168444e+01,8.4619588939962345e+00,1.0661847894334961e+01,1.0151887003168444e+01,1.2161784810927834e+01,8.4619588939962345e+00,1.2161784810927834e+01,8.4619588939962345e+00,1.2161784810927834e+01,1.0661847894334961e+01,1.0661847894334961e+01,4.0329461136467852e+00,5.7769402517867103e+00,1.0151887003168444e+01,1.0151887003168444e+01,1.2161784810927834e+01,1.2161784810927834e+01,5.1148242365900405e+00,1.2161784810927834e+01,1.4413325779901561e+01,1.2514345909446202e+01,8.4619588939962345e+00,1.2161784810927834e+01,5.7769402517867103e+00,1.2161784810927834e+01,1.9664726110276070e+00,6.6990615865912719e+00,1.2161784810927834e+01,1.1561373118560569e+01,8.4619588939962345e+00,1.0661847894334961e+01,1.9664726110276070e+00,7.6034150874513307e+00,1.2514345909446202e+01,4.0329461136467852e+00,1.2514345909446202e+01,4.0329461136467852e+00,1.9664726110276070e+00,7.6034150874513307e+00,1.0661847894334961e+01,1.0661847894334961e+01,1.1561373118560569e+01,8.4619588939962345e+00,1.1561373118560569e+01,2.8092353562828003e+00,1.9664726110276070e+00,1.0408872652809629e+00,5.1148242365900405e+00,1.2161784810927834e+01,1.2161784810927834e+01,5.1148242365900405e+00,1.2161784810927834e+01,1.2161784810927834e+01,1.1561373118560569e+01,8.4619588939962345e+00,1.9664726110276070e+00,1.2161784810927834e+01,6.6990615865912719e+00,1.2514345909446202e+01,1.2514345909446202e+01,1.2161784810927834e+01,4.0329461136467852e+00,1.2514345909446202e+01,4.0329461136467852e+00,1.2161784810927834e+01,1.4413325779901561e+01,1.1561373118560569e+01,1.2161784810927834e+01,5.1148242365900405e+00,1.1561373118560569e+01,1.1561373118560569e+01,1.4413325779901561e+01,1.0661847894334961e+01,2.8092353562828003e+00,2.8092353562828003e+00,1.2161784810927834e+01,5.1148242365900405e+00,5.1148242365900405e+00,1.2514345909446202e+01,5.1148242365900405e+00,6.6990615865912719e+00,1.0151887003168444e+01,2.8092353562828003e+00,1.2514345909446202e+01,1.2514345909446202e+01,1.1561373118560569e+01,1.1561373118560569e+01,1.4413325779901561e+01,0.0000000000000000e+00,1.1561373118560569e+01,1.0408872652809629e+00,6.6990615865912719e+00,6.6990615865912719e+00,1.2161784810927834e+01,1.2161784810927834e+01,1.9664726110276070e+00,7.6034150874513307e+00,1.2514345909446202e+01,4.0329461136467852e+00,1.0661847894334961e+01,2.8092353562828003e+00,1.2514345909446202e+01,1.0408872652809629e+00,1.1561373118560569e+01,0.0000000000000000e+00,5.7769402517867103e+00,1.1561373118560569e+01,1.1561373118560569e+01,1.0661847894334961e+01,0.0000000000000000e+00,1.1561373118560569e+01,1.1561373118560569e+01,1.2161784810927834e+01,4.0329461136467852e+00,5.7769402517867103e+00,6.6990615865912719e+00,1.2161784810927834e+01,1.0408872652809629e+00,1.0661847894334961e+01,1.0661847894334961e+01,1.2514345909446202e+01,5.7769402517867103e+00,5.7769402517867103e+00,4.0329461136467852e+00,1.0661847894334961e+01,1.4413325779901561e+01,1.2514345909446202e+01,1.2514345909446202e+01,0.0000000000000000e+00,1.4413325779901561e+01,8.4619588939962345e+00,4.0329461136467852e+00,5.1148242365900405e+00,5.1148242365900405e+00,1.4413325779901561e+01,1.0661847894334961e+01,1.4413325779901561e+01,4.0329461136467852e+00,5.7769402517867103e+00,1.0661847894334961e+01,1.0408872652809629e+00,1.2514345909446202e+01,7.6034150874513307e+00,1.0661847894334961e+01,1.4413325779901561e+01,1.0661847894334961e+01,1.0661847894334961e+01,1.2514345909446202e+01,1.2161784810927834e+01,1.4413325779901561e+01,1.1561373118560569e+01,1.4413325779901561e+01,2.8092353562828003e+00,2.8092353562828003e+00,7.6034150874513307e+00,1.0661847894334961e+01,5.7769402517867103e+00,1.1561373118560569e+01,5.7769402517867103e+00,1.2161784810927834e+01,0.0000000000000000e+00,4.0329461136467852e+00,4.0329461136467852e+00,1.0661847894334961e+01,1.0151887003168444e+01,1.9664726110276070e+00,1.2161784810927834e+01,1.2514345909446202e+01,1.2514345909446202e+01,1.4413325779901561e+01,1.2161784810927834e+01,1.2161784810927834e+01,1.1561373118560569e+01,1.0151887003168444e+01,7.6034150874513307e+00,1.0151887003168444e+01,8.4619588939962345e+00,1.0661847894334961e+01,1.4413325779901561e+01,1.4413325779901561e+01,1.2161784810927834e+01,1.4413325779901561e+01,1.1561373118560569e+01,7.6034150874513307e+00,0.0000000000000000e+00,5.1148242365900405e+00,1.0661847894334961e+01,7.6034150874513307e+00,1.1561373118560569e+01,1.4413325779901561e+01,7.6034150874513307e+00,1.2161784810927834e+01,1.4413325779901561e+01,1.0151887003168444e+01,1.0151887003168444e+01,1.2161784810927834e+01,5.1148242365900405e+00,1.0151887003168444e+01,1.9664726110276070e+00,1.2514345909446202e+01,1.4413325779901561e+01,1.4413325779901561e+01,7.6034150874513307e+00,0.0000000000000000e+00,5.7769402517867103e+00,1.0408872652809629e+00,1.4413325779901561e+01,1.0151887003168444e+01,4.0329461136467852e+00,1.4413325779901561e+01,1.4413325779901561e+01,1.0151887003168444e+01,1.0151887003168444e+01,8.4619588939962345e+00,1.4413325779901561e+01,1.9664726110276070e+00,1.1561373118560569e+01,1.0661847894334961e+01,1.0661847894334961e+01,6.6990615865912719e+00,1.4413325779901561e+01,1.4413325779901561e+01,1.2161784810927834e+01,4.0329461136467852e+00,1.1561373118560569e+01,1.0661847894334961e+01,8.4619588939962345e+00,8.4619588939962345e+00,1.4413325779901561e+01,1.9664726110276070e+00,1.1561373118560569e+01,1.4413325779901561e+01,1.4413325779901561e+01,8.4619588939962345e+00,1.1561373118560569e+01,1.0408872652809629e+00,5.1148242365900405e+00,5.1148242365900405e+00,1.2161784810927834e+01,1.4413325779901561e+01,1.2161784810927834e+01,1.2161784810927834e+01,8.4619588939962345e+00,1.0151887003168444e+01,1.4413325779901561e+01,1.1561373118560569e+01,1.1561373118560569e+01,0.0000000000000000e+00,8.4619588939962345e+00,5.1148242365900405e+00,5.1148242365900405e+00,1.2514345909446202e+01,1.1561373118560569e+01,1.0661847894334961e+01,1.0151887003168444e+01,1.1561373118560569e+01,1.1561373118560569e+01,5.1148242365900405e+00,1.0151887003168444e+01,4.0329461136467852e+00,1.0661847894334961e+01,1.1561373118560569e+01,7.6034150874513307e+00,1.1561373118560569e+01,5.7769402517867103e+00,1.0661847894334961e+01,6.6990615865912719e+00,4.0329461136467852e+00,1.4413325779901561e+01,1.0151887003168444e+01,5.7769402517867103e+00,6.6990615865912719e+00,1.2161784810927834e+01,1.2161784810927834e+01,2.8092353562828003e+00,4.0329461136467852e+00,1.2161784810927834e+01,6.6990615865912719e+00,1.2514345909446202e+01,1.0661847894334961e+01,1.4413325779901561e+01,1.9664726110276070e+00,1.1561373118560569e+01,1.1561373118560569e+01,1.1561373118560569e+01,7.6034150874513307e+00,1.1561373118560569e+01,1.9664726110276070e+00,1.2514345909446202e+01,8.4619588939962345e+00,1.1561373118560569e+01,1.0661847894334961e+01,7.6034150874513307e+00,1.1561373118560569e+01,1.0661847894334961e+01,1.4413325779901561e+01,8.4619588939962345e+00,1.4413325779901561e+01,1.1561373118560569e+01,1.9664726110276070e+00,1.0661847894334961e+01,1.1561373118560569e+01,1.1561373118560569e+01,1.2161784810927834e+01,1.0408872652809629e+00,1.1561373118560569e+01,7.6034150874513307e+00,4.0329461136467852e+00,1.0661847894334961e+01,6.6990615865912719e+00,8.4619588939962345e+00,1.2514345909446202e+01,1.0408872652809629e+00,1.4413325779901561e+01,1.1561373118560569e+01,5.7769402517867103e+00,1.4413325779901561e+01,1.2514345909446202e+01,1.0661847894334961e+01,1.0661847894334961e+01,8.4619588939962345e+00,1.4413325779901561e+01,5.1148242365900405e+00,5.7769402517867103e+00,1.0408872652809629e+00,1.4413325779901561e+01,1.2514345909446202e+01,1.2514345909446202e+01,5.7769402517867103e+00,6.6990615865912719e+00,1.0408872652809629e+00,1.1561373118560569e+01,1.2161784810927834e+01,4.0329461136467852e+00,1.0408872652809629e+00,1.2161784810927834e+01,1.2161784810927834e+01,1.2514345909446202e+01,1.2161784810927834e+01
0.0000000000000000e+00,0.0000000000000000e+00,0.0000000000000000e+00,0.0000000000000000e+00,0.0000000000000000e+00,0.0000000000000000e+00,0.0000000000000000e+00,0.0000000000000000e+00,0.0000000000000000e+00,0.0000000000000000e+00,0.0000000000000000e+00,0.0000000000000000e+00,0.0000000000000000e+00,0.0000000000000000e+00,0.0000000000000000e+00,0.0000000000000000e+00,0.0000000000000000e+00,0.0000000000000000e+00,0.0000000000000000e+00,0.0000000000000000e+00,0.0000000000000000e+00,0.0000000000000000e+00,0.0000000000000000e+00,0.0000000000000000e+00,0.0000000000000000e+00,0.0000000000000000e+00,0.0000000000000000e+00,0.0000000000000000e+00,0.0000000000000000e+00,0.0000000000000000e+00,0.0000000000000000e+00,0.0000000000000000e+00,0.0000000000000000e+00,0.0000000000000000e+00,0.0000000000000000e+00,0.0000000000000000e+00,0.0000000000000000e+00,0.0000000000000000e+00,0.0000000000000000e+00,0.0000000000000000e+00,0.0000000000000000e+00,0.0000000000000000e+00,0.0000000000000000e+00,0.0000000000000000e+00,0.0000000000000000e+00,0.0000000000000000e+00,0.0000000000000000e+00,0.0000000000000000e+00,0.0000000000000000e+00,0.0000000000000000e+00,0.0000000000000000e+00,0.0000000000000000e+00,0.0000000000000000e+00,0.0000000000000000e+00,0.0000000000000000e+00,0.0000000000000000e+00,0.0000000000000000e+00,0.0000000000000000e+00,0.0000000000000000e+00,0.0000000000000000e+00,0.0000000000000000e+00,0.0000000000000000e+00,0.0000000000000000e+00,0.0000000000000000e+00,0.0000000000000000e+00,0.0000000000000000e+00,0.0000000000000000e+00,0.0000000000000000e+00,0.0000000000000000e+00,0.0000000000000000e+00,0.0000000000000000e+00,0.0000000000000000e+00,0.0000000000000000e+00,0.0000000000000000e+00,0.0000000000000000e+00,0.0000000000000000e+00,0.0000000000000000e+00,0.0000000000000000e+00,0.0000000000000000e+00,0.0000000000000000e+00,0.0000000000000000e+00,0.0000000000000000e+00,0.0000000000000000e+00,0.0000000000000000e+00,0.0000000000000000e+00,0.0000000000000000e+00,0.0000000000000000e+00,0.0000000000000000e+00,0.0000000000000000e+00,0.0000000000000000e+00,0.0000000000000000e+00,0.0000000000000000e+00,0.0000000000000000e+00,0.0000000000000000e+00,0.0000000000000000e+00,0.0000000000000000e+00,0.0000000000000000e+00,0.0000000000000000e+00,0.0000000000000000e+00,0.0000000000000000e+00,0.0000000000000000e+00,0.0000000000000000e+00,0.0000000000000000e+00,0.0000000000000000e+00,0.0000000000000000e+00,0.0000000000000000e+00,0.0000000000000000e+00,0.0000000000000000e+00,0.0000000000000000e+00,0.0000000000000000e+00,0.0000000000000000e+00,0.0000000000000000e+00,0.0000000000000000e+00,0.0000000000000000e+00,0.0000000000000000e+00,0.0000000000000000e+00,0.0000000000000000e+00,0.0000000000000000e+00,0.0000000000000000e+00,0.0000000000000000e+00,0.0000000000000000e+00,0.0000000000000000e+00,0.0000000000000000e+00,0.0000000000000000e+00,0.0000000000000000e+00,0.0000000000000000e+00,0.0000000000000000e+00,0.0000000000000000e+00,0.0000000000000000e+00,0.0000000000000000e+00,0.0000000000000000e+00,0.0000000000000000e+00,0.0000000000000000e+00,0.0000000000000000e+00,0.0000000000000000e+00,0.0000000000000000e+00,0.0000000000000000e+00,0.0000000000000000e+00,0.0000000000000000e+00,0.0000000000000000e+00,0.0000000000000000e+00,0.0000000000000000e+00,0.0000000000000000e+00,0.0000000000000000e+00,0.0000000000000000e+00,0.0000000000000000e+00,0.0000000000000000e+00,0.0000000000000000e+00,0.0000000000000000e+00,0.0000000000000000e+00,0.0000000000000000e+00,0.0000000000000000e+00,0.0000000000000000e+00,0.0000000000000000e+00,0.0000000000000000e+00,0.0000000000000000e+00,0.0000000000000000e+00,0.0000000000000000e+00,0.0000000000000000e+00,0.0000000000000000e+00,0.0000000000000000e+00,0.0000000000000000e+00,0.0000000000000000e+00,0.0000000000000000e+00,0.0000000000000000e+00,0.0000000000000000e+00,0.0000000000000000e+00,0.0000000000000000e+00,0.0000000000000000e+00,0.0000000000000000e+00,0.0000000000000000e+00,0.0000000000000000e+00,0.0000000000000000e+00,0.0000000000000000e+00,0.0000000000000000e+00,0.0000000000000000e+00,0.0000000000000000e+00,0.0000000000000000e+00,0.0000000000000000e+00,0.0000000000000000e+00,0.0000000000000000e+00,0.0000000000000000e+00,0.0000000000000000e+00,0.0000000000000000e+00,0.0000000000000000e+00,0.0000000000000000e+00,0.0000000000000000e+00,0.0000000000000000e+00,0.0000000000000000e+00,0.0000000000000000e+00,0.0000000000000000e+00,0.0000000000000000e+00,0.0000000000000000e+00,0.0000000000000000e+00,0.0000000000000000e+00,0.0000000000000000e+00,0.0000000000000000e+00,0.0000000000000000e+00,0.0000000000000000e+00,0.0000000000000000e+00,0.0000000000000000e+00,0.0000000000000000e+00,0.0000000000000000e+00,0.0000000000000000e+00,0.0000000000000000e+00,0.0000000000000000e+00,0.0000000000000000e+00,0.0000000000000000e+00,0.0000000000000000e+00,0.0000000000000000e+00,0.0000000000000000e+00,0.0000000000000000e+00,0.0000000000000000e+00,0.0000000000000000e+00,0.0000000000000000e+00,0.0000000000000000e+00,0.0000000000000000e+00,0.0000000000000000e+00,0.0000000000000000e+00,0.0000000000000000e+00,0.0000000000000000e+00,0.0000000000000000e+00,0.0000000000000000e+00,0.0000000000000000e+00,0.0000000000000000e+00,0.0000000000000000e+00,0.0000000000000000e+00,0.0000000000000000e+00,0.0000000000000000e+00,0.0000000000000000e+00,0.0000000000000000e+00,0.0000000000000000e+00,0.0000000000000000e+00,0.0000000000000000e+00,0.0000000000000000e+00,0.0000000000000000e+00,0.0000000000000000e+00,0.0000000000000000e+00,0.0000000000000000e+00,0.0000000000000000e+00,0.0000000000000000e+00,0.0000000000000000e+00,0.0000000000000000e+00,0.0000000000000000e+00,0.0000000000000000e+00,0.0000000000000000e+00,0.0000000000000000e+00,0.0000000000000000e+00,0.0000000000000000e+00,0.0000000000000000e+00,0.0000000000000000e+00,0.0000000000000000e+00,0.0000000000000000e+00,0.0000000000000000e+00,0.0000000000000000e+00,0.0000000000000000e+00,0.0000000000000000e+00,0.0000000000000000e+00,0.0000000000000000e+00,0.0000000000000000e+00,0.0000000000000000e+00,0.0000000000000000e+00,0.0000000000000000e+00,0.0000000000000000e+00,0.0000000000000000e+00,0.0000000000000000e+00,0.0000000000000000e+00,0.0000000000000000e+00,0.0000000000000000e+00,0.0000000000000000e+00,0.0000000000000000e+00,0.0000000000000000e+00,0.0000000000000000e+00,0.0000000000000000e+00,0.0000000000000000e+00,0.0000000000000000e+00,0.0000000000000000e+00,0.0000000000000000e+00,0.0000000000000000e+00,0.0000000000000000e+00,0.0000000000000000e+00,0.0000000000000000e+00,0.0000000000000000e+00,0.0000000000000000e+00,0.0000000000000000e+00,0.0000000000000000e+00,0.0000000000000000e+00,0.0000000000000000e+00,0.0000000000000000e+00,0.0000000000000000e+00,0.0000000000000000e+00,0.0000000000000000e+00,0.0000000000000000e+00,0.0000000000000000e+00,0.0000000000000000e+00,0.0000000000000000e+00,0.0000000000000000e+00,0.0000000000000000e+00,0.0000000000000000e+00,0.0000000000000000e+00,0.0000000000000000e+00,0.0000000000000000e+00,0.0000000000000000e+00,0.0000000000000000e+00,0.0000000000000000e+00,0.0000000000000000e+00,0.0000000000000000e+00,0.0000000000000000e+00,0.0000000000000000e+00,0.0000000000000000e+00,0.0000000000000000e+00,0.0000000000000000e+00,0.0000000000000000e+00,0.0000000000000000e+00,0.0000000000000000e+00,0.0000000000000000e+00,0.0000000000000000e+00,0.0000000000000000e+00,0.0000000000000000e+00,0.0000000000000000e+00,0.0000000000000000e+00,0.0000000000000000e+00,0.0000000000000000e+00,0.0000000000000000e+00,0.0000000000000000e+00,0.0000000000000000e+00,0.0000000000000000e+00,0.0000000000000000e+00,0.0000000000000000e+00,0.0000000000000000e+00,0.0000000000000000e+00,0.0000000000000000e+00,0.0000000000000000e+00,0.0000000000000000e+00,0.0000000000000000e+00,0.0000000000000000e+00,0.0000000000000000e+00,0.0000000000000000e+00,0.0000000000000000e+00,0.0000000000000000e+00,0.0000000000000000e+00,0.0000000000000000e+00,0.0000000000000000e+00,0.0000000000000000e+00,0.0000000000000000e+00,0.0000000000000000e+00,0.0000000000000000e+00,0.0000000000000000e+00,0.0000000000000000e+00,0.0000000000000000e+00,0.0000000000000000e+00,0.0000000000000000e+00,0.0000000000000000e+00,0.0000000000000000e+00,0.0000000000000000e+00,0.0000000000000000e+00,0.0000000000000000e+00,0.0000000000000000e+00,0.0000000000000000e+00,0.0000000000000000e+00,0.0000000000000000e+00,0.0000000000000000e+00,0.0000000000000000e+00,0.0000000000000000e+00,0.0000000000000000e+00,0.0000000000000000e+00,0.0000000000000000e+00,0.0000000000000000e+00,0.0000000000000000e+00,0.0000000000000000e+00,0.0000000000000000e+00,0.0000000000000000e+00,0.0000000000000000e+00,0.0000000000000000e+00,0.0000000000000000e+00,0.0000000000000000e+00,0.0000000000000000e+00,0.0000000000000000e+00,0.0000000000000000e+00,0.0000000000000000e+00,0.0000000000000000e+00,0.0000000000000000e+00,0.0000000000000000e+00,0.0000000000000000e+00,0.0000000000000000e+00,0.0000000000000000e+00,0.0000000000000000e+00,0.0000000000000000e+00,0.0000000000000000e+00,0.0000000000000000e+00,0.0000000000000000e+00,0.0000000000000000e+00,0.0000000000000000e+00,0.0000000000000000e+00,0.0000000000000000e+00,0.0000000000000000e+00,0.0000000000000000e+00,0.0000000000000000e+00,0.0000000000000000e+00,0.0000000000000000e+00,0.0000000000000000e+00,0.0000000000000000e+00,0.0000000000000000e+00,0.0000000000000000e+00,0.0000000000000000e+00,0.0000000000000000e+00,0.0000000000000000e+00,0.0000000000000000e+00,0.0000000000000000e+00,0.0000000000000000e+00,0.0000000000000000e+00,0.0000000000000000e+00,0.0000000000000000e+00,0.0000000000000000e+00,0.0000000000000000e+00,0.0000000000000000e+00,0.0000000000000000e+00,0.0000000000000000e+00,0.0000000000000000e+00,0.0000000000000000e+00,0.0000000000000000e+00,0.0000000000000000e+00,0.0000000000000000e+00,0.0000000000000000e+00,0.0000000000000000e+00,0.0000000000000000e+00,0.0000000000000000e+00,0.0000000000000000e+00,0.0000000000000000e+00,0.0000000000000000e+00,0.0000000000000000e+00,0.0000000000000000e+00,0.0000000000000000e+00,0.0000000000000000e+00,0.0000000000000000e+00,0.0000000000000000e+00,0.0000000000000000e+00,0.0000000000000000e+00,0.0000000000000000e+00,0.0000000000000000e+00,0.0000000000000000e+00,0.0000000000000000e+00,0.0000000000000000e+00,0.0000000000000000e+00,0.0000000000000000e+00,0.0000000000000000e+00,0.0000000000000000e+00,0.0000000000000000e+00,0.0000000000000000e+00,0.0000000000000000e+00,0.0000000000000000e+00,0.0000000000000000e+00,0.0000000000000000e+00,0.0000000000000000e+00,0.0000000000000000e+00,0.0000000000000000e+00,0.0000000000000000e+00,0.0000000000000000e+00,0.0000000000000000e+00,0.0000000000000000e+00,0.0000000000000000e+00,0.0000000000000000e+00,0.0000000000000000e+00,0.0000000000000000e+00,0.0000000000000000e+00,0.0000000000000000e+00,0.0000000000000000e+00,0.0000000000000000e+00,0.0000000000000000e+00,0.0000000000000000e+00,0.0000000000000000e+00,0.0000000000000000e+00,0.0000000000000000e+00,0.0000000000000000e+00,0.0000000000000000e+00,0.0000000000000000e+00,0.0000000000000000e+00,0.0000000000000000e+00,0.0000000000000000e+00,0.0000000000000000e+00,0.0000000000000000e+00,0.0000000000000000e+00,0.0000000000000000e+00,0.0000000000000000e+00,0.0000000000000000e+00,0.0000000000000000e+00,0.0000000000000000e+00,0.0000000000000000e+00,0.0000000000000000e+00,0.0000000000000000e+00,0.0000000000000000e+00,0.0000000000000000e+00,0.0000000000000000e+00,0.0000000000000000e+00,0.0000000000000000e+00,0.0000000000000000e+00,0.0000000000000000e+00,0.0000000000000000e+00,0.0000000000000000e+00,0.0000000000000000e+00,0.0000000000000000e+00,0.0000000000000000e+00,0.0000000000000000e+00,0.0000000000000000e+00,0.0000000000000000e+00,0.0000000000000000e+00,0.0000000000000000e+00,0.0000000000000000e+00,0.0000000000000000e+00,0.0000000000000000e+00,0.0000000000000000e+00,0.0000000000000000e+00,0.0000000000000000e+00,0.0000000000000000e+00,0.0000000000000000e+00,0.0000000000000000e+00,0.0000000000000000e+00,0.0000000000000000e+00,0.0000000000000000e+00,0.0000000000000000e+00,0.0000000000000000e+00,0.0000000000000000e+00,0.0000000000000000e+00,0.0000000000000000e+00,0.0000000000000000e+00,0.0000000000000000e+00,0.0000000000000000e+00,0.0000000000000000e+00,0.0000000000000000e+00,0.0000000000000000e+00,0.0000000000000000e+00,0.0000000000000000e+00,0.0000000000000000e+00,0.0000000000000000e+00,0.0000000000000000e+00,0.0000000000000000e+00,0.0000000000000000e+00,0.0000000000000000e+00,0.0000000000000000e+00,0.0000000000000000e+00,0.0000000000000000e+00,0.0000000000000000e+00,0.0000000000000000e+00,0.0000000000000000e+00,0.0000000000000000e+00,0.0000000000000000e+00,0.0000000000000000e+00,0.0000000000000000e+00,0.0000000000000000e+00,0.0000000000000000e+00,0.0000000000000000e+00,0.0000000000000000e+00,0.0000000000000000e+00,0.0000000000000000e+00,0.0000000000000000e+00,0.0000000000000000e+00,0.0000000000000000e+00,0.0000000000000000e+00,0.0000000000000000e+00,0.0000000000000000e+00,0.0000000000000000e+00,0.0000000000000000e+00,0.0000000000000000e+00,0.0000000000000000e+00,0.0000000000000000e+00,0.0000000000000000e+00,0.0000000000000000e+00,0.0000000000000000e+00,0.0000000000000000e+00,0.0000000000000000e+00,0.0000000000000000e+00,0.0000000000000000e+00,0.0000000000000000e+00,0.0000000000000000e+00,0.0000000000000000e+00,0.0000000000000000e+00,0.0000000000000000e+00,0.0000000000000000e+00,0.0000000000000000e+00,0.0000000000000000e+00,0.0000000000000000e+00,0.0000000000000000e+00,0.0000000000000000e+00,0.0000000000000000e+00,0.0000000000000000e+00,0.0000000000000000e+00,0.0000000000000000e+00,0.0000000000000000e+00,0.0000000000000000e+00,0.0000000000000000e+00,0.0000000000000000e+00,0.0000000000000000e+00,0.0000000000000000e+00,0.0000000000000000e+00,0.0000000000000000e+00,0.0000000000000000e+00,0.0000000000000000e+00,0.0000000000000000e+00,0.0000000000000000e+00,0.0000000000000000e+00,0.0000000000000000e+00,0.0000000000000000e+00,0.0000000000000000e+00,0.0000000000000000e+00,0.0000000000000000e+00,0.0000000000000000e+00,0.0000000000000000e+00,0.0000000000000000e+00,0.0000000000000000e+00,0.0000000000000000e+00,0.0000000000000000e+00,0.0000000000000000e+00,0.0000000000000000e+00,0.0000000000000000e+00,0.0000000000000000e+00,0.0000000000000000e+00,0.0000000000000000e+00,0.0000000000000000e+00,0.0000000000000000e+00,0.0000000000000000e+00,0.0000000000000000e+00,0.0000000000000000e+00,0.0000000000000000e+00,0.0000000000000000e+00,0.0000000000000000e+00,0.0000000000000000e+00,0.0000000000000000e+00,0.0000000000000000e+00,0.0000000000000000e+00,0.0000000000000000e+00,0.0000000000000000e+00,0.0000000000000000e+00,0.0000000000000000e+00,0.0000000000000000e+00,0.0000000000000000e+00,0.0000000000000000e+00,0.0000000000000000e+00,0.0000000000000000e+00,0.0000000000000000e+00,0.0000000000000000e+00,0.0000000000000000e+00,0.0000000000000000e+00,0.0000000000000000e+00,0.0000000000000000e+00,0.0000000000000000e+00,0.0000000000000000e+00,0.0000000000000000e+00,0.0000000000000000e+00,0.0000000000000000e+00,0.0000000000000000e+00,0.0000000000000000e+00,0.0000000000000000e+00,0.0000000000000000e+00,0.0000000000000000e+00,0.0000000000000000e+00,0.0000000000000000e+00,0.0000000000000000e+00,0.0000000000000000e+00,0.0000000000000000e+00,0.0000000000000000e+00,0.0000000000000000e+00,0.0000000000000000e+00,0.0000000000000000e+00,0.0000000000000000e+00,0.0000000000000000e+00,0.0000000000000000e+00,0.0000000000000000e+00,0.0000000000000000e+00,0.0000000000000000e+00,0.0000000000000000e+00,0.0000000000000000e+00,0.0000000000000000e+00,0.0000000000000000e+00,0.0000000000000000e+00,0.0000000000000000e+00,0.0000000000000000e+00,0.0000000000000000e+00,0.0000000000000000e+00,0.0000000000000000e+00,0.0000000000000000e+00,0.0000000000000000e+00,0.0000000000000000e+00,0.0000000000000000e+00,0.0000000000000000e+00,0.0000000000000000e+00,0.0000000000000000e+00,0.0000000000000000e+00,0.0000000000000000e+00,0.0000000000000000e+00,0.0000000000000000e+00,0.0000000000000000e+00,0.0000000000000000e+00,0.0000000000000000e+00,0.0000000000000000e+00,0.0000000000000000e+00,0.0000000000000000e+00,0.0000000000000000e+00,0.0000000000000000e+00,0.0000000000000000e+00,0.0000000000000000e+00,0.0000000000000000e+00,0.0000000000000000e+00,0.0000000000000000e+00,0.0000000000000000e+00,0.0000000000000000e+00,0.0000000000000000e+00,0.0000000000000000e+00,0.0000000000000000e+00,0.0000000000000000e+00,0.0000000000000000e+00,0.0000000000000000e+00,0.0000000000000000e+00,0.0000000000000000e+00,0.0000000000000000e+00,0.0000000000000000e+00,0.0000000000000000e+00,0.0000000000000000e+00,0.0000000000000000e+00,0.0000000000000000e+00,0.0000000000000000e+00,0.0000000000000000e+00,0.0000000000000000e+00,0.0000000000000000e+00,0.0000000000000000e+00,0.0000000000000000e+00,0.0000000000000000e+00,0.0000000000000000e+00,0.0000000000000000e+00,0.0000000000000000e+00,0.0000000000000000e+00,0.0000000000000000e+00,0.0000000000000000e+00,0.0000000000000000e+00,0.0000000000000000e+00,0.0000000000000000e+00,0.0000000000000000e+00,0.0000000000000000e+00,0.0000000000000000e+00,0.0000000000000000e+00,0.0000000000000000e+00,0.0000000000000000e+00,0.0000000000000000e+00,0.0000000000000000e+00,0.0000000000000000e+00,0.0000000000000000e+00,0.0000000000000000e+00,0.0000000000000000e+00,0.0000000000000000e+00,0.0000000000000000e+00,0.0000000000000000e+00,0.0000000000000000e+00,0.0000000000000000e+00,0.0000000000000000e+00,0.0000000000000000e+00,0.0000000000000000e+00,0.0000000000000000e+00,0.0000000000000000e+00,0.0000000000000000e+00,0.0000000000000000e+00,0.0000000000000000e+00,0.0000000000000000e+00,0.0000000000000000e+00,0.0000000000000000e+00,0.0000000000000000e+00,0.0000000000000000e+00,0.0000000000000000e+00,0.0000000000000000e+00,0.0000000000000000e+00,0.0000000000000000e+00,0.0000000000000000e+00,0.0000000000000000e+00,0.0000000000000000e+00,0.0000000000000000e+00,0.0000000000000000e+00,0.0000000000000000e+00,0.0000000000000000e+00,0.0000000000000000e+00,0.0000000000000000e+00,0.0000000000000000e+00,0.0000000000000000e+00,0.0000000000000000e+00,0.0000000000000000e+00,0.0000000000000000e+00,0.0000000000000000e+00,0.0000000000000000e+00,0.0000000000000000e+00,0.0000000000000000e+00,0.0000000000000000e+00,0.0000000000000000e+00,0.0000000000000000e+00,0.0000000000000000e+00,0.0000000000000000e+00,0.0000000000000000e+00,0.0000000000000000e+00,0.0000000000000000e+00,0.0000000000000000e+00,0.0000000000000000e+00,0.0000000000000000e+00,0.0000000000000000e+00,0.0000000000000000e+00,0.0000000000000000e+00,0.0000000000000000e+00,0.0000000000000000e+00,0.0000000000000000e+00,0.0000000000000000e+00,0.0000000000000000e+00,0.0000000000000000e+00,0.0000000000000000e+00,0.0000000000000000e+00,0.0000000000000000e+00,0.0000000000000000e+00,0.0000000000000000e+00,0.0000000000000000e+00,0.0000000000000000e+00,0.0000000000000000e+00,0.0000000000000000e+00,0.0000000000000000e+00,0.0000000000000000e+00,0.0000000000000000e+00,0.0000000000000000e+00,0.0000000000000000e+00,0.0000000000000000e+00,0.0000000000000000e+00,0.0000000000000000e+00,0.0000000000000000e+00,0.0000000000000000e+00,0.0000000000000000e+00,0.0000000000000000e+00,0.0000000000000000e+00,0.0000000000000000e+00,0.0000000000000000e+00,0.0000000000000000e+00,0.0000000000000000e+00,0.0000000000000000e+00,0.0000000000000000e+00,0.0000000000000000e+00,0.0000000000000000e+00,0.0000000000000000e+00,0.0000000000000000e+00,0.0000000000000000e+00,0.0000000000000000e+00,0.0000000000000000e+00,0.0000000000000000e+00,0.0000000000000000e+00,0.0000000000000000e+00,0.0000000000000000e+00,0.0000000000000000e+00,0.0000000000000000e+00,0.0000000000000000e+00,0.0000000000000000e+00,0.0000000000000000e+00,0.0000000000000000e+00,0.0000000000000000e+00,0.0000000000000000e+00,0.0000000000000000e+00,0.0000000000000000e+00,0.0000000000000000e+00,0.0000000000000000e+00,0.0000000000000000e+00,0.0000000000000000e+00,0.0000000000000000e+00,0.0000000000000000e+00,0.0000000000000000e+00,0.0000000000000000e+00,0.0000000000000000e+00,0.0000000000000000e+00,0.0000000000000000e+00,0.0000000000000000e+00,0.0000000000000000e+00,0.0000000000000000e+00,0.0000000000000000e+00,0.0000000000000000e+00,0.0000000000000000e+00,0.0000000000000000e+00,0.0000000000000000e+00,0.0000000000000000e+00,0.0000000000000000e+00,0.0000000000000000e+00,0.0000000000000000e+00,0.0000000000000000e+00,0.0000000000000000e+00,0.0000000000000000e+00,0.0000000000000000e+00,0.0000000000000000e+00,0.0000000000000000e+00,0.0000000000000000e+00,0.0000000000000000e+00,0.0000000000000000e+00,0.0000000000000000e+00,0.0000000000000000e+00,0.0000000000000000e+00,0.0000000000000000e+00,0.0000000000000000e+00,0.0000000000000000e+00,0.0000000000000000e+00,0.0000000000000000e+00,0.0000000000000000e+00,0.0000000000000000e+00,0.0000000000000000e+00,0.0000000000000000e+00,0.0000000000000000e+00,0.0000000000000000e+00,0.0000000000000000e+00,0.0000000000000000e+00,0.0000000000000000e+00,0.0000000000000000e+00,0.0000000000000000e+00,0.0000000000000000e+00,0.0000000000000000e+00,0.0000000000000000e+00,0.0000000000000000e+00,0.0000000000000000e+00,0.0000000000000000e+00,0.0000000000000000e+00,0.0000000000000000e+00,0.0000000000000000e+00,0.0000000000000000e+00,0.0000000000000000e+00,0.0000000000000000e+00,0.0000000000000000e+00,0.0000000000000000e+00,0.0000000000000000e+00,0.0000000000000000e+00,0.0000000000000000e+00,0.0000000000000000e+00,0.0000000000000000e+00,0.0000000000000000e+00,0.0000000000000000e+00,0.0000000000000000e+00,0.0000000000000000e+00,0.0000000000000000e+00,0.0000000000000000e+00,0.0000000000000000e+00,0.0000000000000000e+00,0.0000000000000000e+00,0.0000000000000000e+00,0.0000000000000000e+00,0.0000000000000000e+00,0.0000000000000000e+00,0.0000000000000000e+00,0.0000000000000000e+00,0.0000000000000000e+00,0.0000000000000000e+00,0.0000000000000000e+00,0.0000000000000000e+00,0.0000000000000000e+00,0.0000000000000000e+00,0.0000000000000000e+00,0.0000000000000000e+00,0.0000000000000000e+00,0.0000000000000000e+00,0.0000000000000000e+00,0.0000000000000000e+00,0.0000000000000000e+00,0.0000000000000000e+00,0.0000000000000000e+00,0.0000000000000000e+00,0.0000000000000000e+00,0.0000000000000000e+00,0.0000000000000000e+00,0.0000000000000000e+00,0.0000000000000000e+00,0.0000000000000000e+00,0.0000000000000000e+00,0.0000000000000000e+00,0.0000000000000000e+00,0.0000000000000000e+00,0.0000000000000000e+00,0.0000000000000000e+00,0.0000000000000000e+00,0.0000000000000000e+00,0.0000000000000000e+00,0.0000000000000000e+00,0.0000000000000000e+00,0.0000000000000000e+00,0.0000000000000000e+00,0.0000000000000000e+00,0.0000000000000000e+00,0.0000000000000000e+00,0.0000000000000000e+00,0.0000000000000000e+00,0.0000000000000000e+00,0.0000000000000000e+00,0.0000000000000000e+00,0.0000000000000000e+00,0.0000000000000000e+00,0.0000000000000000e+00,0.0000000000000000e+00,0.0000000000000000e+00,0.0000000000000000e+00,0.0000000000000000e+00,0.0000000000000000e+00,0.0000000000000000e+00,0.0000000000000000e+00,0.0000000000000000e+00,0.0000000000000000e+00,0.0000000000000000e+00,0.0000000000000000e+00,0.0000000000000000e+00,0.0000000000000000e+00
4.8282657629750130e+00,9.4479827519376496e+00,9.4479827519376496e+00,4.9094915860243606e+00,0.0000000000000000e+00,9.4479827519376496e+00,9.4479827519376496e+00,9.4479827519376496e+00,9.4479827519376496e+00,9.4479827519376496e+00,9.4479827519376496e+00,6.6389982093715005e+00,4.9094915860243606e+00,9.4479827519376496e+00,8.0465197277814369e+00,9.4479827519376496e+00,9.4479827519376496e+00,9.4479827519376496e+00,9.4479827519376496e+00,2.7316337809679183e+00,8.4512256413805513e+00,9.4479827519376496e+00,1.3465931817417363e+01,1.1831282629718876e+01,8.4512256413805513e+00,1.1831282629718876e+01,1.1831282629718876e+01,1.1831282629718876e+01,1.5161847290958349e+01,1.5161847290958349e+01,4.9094915860243606e+00,1.1831282629718876e+01,8.4512256413805513e+00,1.2302859861854598e+01,8.4512256413805513e+00,1.8477769663759631e+00,8.4512256413805513e+00,6.6389982093715005e+00,1.1831282629718876e+01,8.6084163237927247e-01,8.0008961673951600e+00,9.4479827519376496e+00,8.4512256413805513e+00,9.4479827519376496e+00,1.2302859861854598e+01,8.0008961673951600e+00,8.0008961673951600e+00,9.4479827519376496e+00,9.4479827519376496e+00,1.2302859861854598e+01,1.2302859861854598e+01,1.2302859861854598e+01,8.0008961673951600e+00,1.2302859861854598e+01,1.1831282629718876e+01,1.1831282629718876e+01,1.1831282629718876e+01,9.4479827519376496e+00,8.6084163237927247e-01,1.2302859861854598e+01,8.0465197277814369e+00,8.0465197277814369e+00,4.8282657629750130e+00,4.8282657629750130e+00,0.0000000000000000e+00,1.5161847290958349e+01,9.4479827519376496e+00,1.5161847290958349e+01,1.2302859861854598e+01,1.2302859861854598e+01,1.1831282629718876e+01,2.7316337809679183e+00,9.4479827519376496e+00,1.5161847290958349e+01,8.4512256413805513e+00,1.5161847290958349e+01,6.6389982093715005e+00,1.2302859861854598e+01,1.2302859861854598e+01,8.4512256413805513e+00,6.6389982093715005e+00,2.7316337809679183e+00,1.5161847290958349e+01,1.5161847290958349e+01,1.5161847290958349e+01,8.0465197277814369e+00,3.3548836030378197e+00,9.4479827519376496e+00,4.8282657629750130e+00,9.4479827519376496e+00,1.5161847290958349e+01,8.0465197277814369e+00,4.8282657629750130e+00,8.6084163237927247e-01,1.3465931817417363e+01,9.4479827519376496e+00,1.3465931817417363e+01,1.5161847290958349e+01,3.3548836030378197e+00,8.0465197277814369e+00,8.6084163237927247e-01,8.0465197277814369e+00,8.0465197277814369e+00,8.0008961673951600e+00,4.8282657629750130e+00,1.8477769663759631e+00,8.0008961673951600e+00,3.3548836030378197e+00,1.1831282629718876e+01,4.8282657629750130e+00,8.4512256413805513e+00,9.4479827519376496e+00,1.1831282629718876e+01,8.6084163237927247e-01,0.0000000000000000e+00,1.1831282629718876e+01,3.3548836030378197e+00,1.1831282629718876e+01,9.4479827519376496e+00,2.7316337809679183e+00,8.6084163237927247e-01,2.7316337809679183e+00,4.8282657629750130e+00,9.4479827519376496e+00,1.1831282629718876e+01,4.8282657629750130e+00,9.4479827519376496e+00,1.1831282629718876e+01,9.4479827519376496e+00,1.1831282629718876e+01,8.0465197277814369e+00,1.1831282629718876e+01,1.5161847290958349e+01,1.5161847290958349e+01,3.3548836030378197e+00,1.5161847290958349e+01,1.2302859861854598e+01,0.0000000000000000e+00,1.5161847290958349e+01,1.2302859861854598e+01,1.5161847290958349e+01,8.6084163237927247e-01,8.0465197277814369e+00,1.5161847290958349e+01,2.7316337809679183e+00,9.4479827519376496e+00,8.4512256413805513e+00,1.2302859861854598e+01,3.3548836030378197e+00,1.5161847290958349e+01,6.6389982093715005e+00,8.0008961673951600e+00,8.0008961673951600e+00,8.0008961673951600e+00,1.2302859861854598e+01,1.1831282629718876e+01,9.4479827519376496e+00,1.2302859861854598e+01,8.6084163237927247e-01,1.3465931817417363e+01,1.3465931817417363e+01,1.1831282629718876e+01,1.3465931817417363e+01,1.5161847290958349e+01,1.5161847290958349e+01,1.2302859861854598e+01,1.2302859861854598e+01,4.8282657629750130e+00,1.5161847290958349e+01,1.5161847290958349e+01,9.4479827519376496e+00,8.0465197277814369e+00,8.0465197277814369e+00,1.1831282629718876e+01,2.7316337809679183e+00,1.1831282629718876e+01,1.1831282629718876e+01,1.8477769663759631e+00,9.4479827519376496e+00,1.5161847290958349e+01,8.4512256413805513e+00,8.4512256413805513e+00,1.1831282629718876e+01,1.1831282629718876e+01,1.5161847290958349e+01,8.0008961673951600e+00,8.0465197277814369e+00,8.0465197277814369e+00,8.0465197277814369e+00,8.0465197277814369e+00,1.1831282629718876e+01,1.2302859861854598e+01,1.2302859861854598e+01,8.4512256413805513e+00,1.3465931817417363e+01,9.4479827519376496e+00,3.3548836030378197e+00,1.3465931817417363e+01,1.3465931817417363e+01,1.3465931817417363e+01,1.5161847290958349e+01,1.8477769663759631e+00,1.5161847290958349e+01,1.2302859861854598e+01,8.0008961673951600e+00,1.5161847290958349e+01,6.6389982093715005e+00,1.1831282629718876e+01,1.5161847290958349e+01,8.4512256413805513e+00,9.4479827519376496e+00,2.7316337809679183e+00,8.6084163237927247e-01,8.0008961673951600e+00,8.0008961673951600e+00,9.4479827519376496e+00,1.5161847290958349e+01,8.6084163237927247e-01,6.6389982093715005e+00,9.4479827519376496e+00,3.3548836030378197e+00,1.3465931817417363e+01,1.5161847290958349e+01,3.3548836030378197e+00,1.5161847290958349e+01,8.0465197277814369e+00,4.8282657629750130e+00,1.5161847290958349e+01,1.5161847290958349e+01,1.5161847290958349e+01,1.5161847290958349e+01,4.8282657629750130e+00,1.1831282629718876e+01,1.5161847290958349e+01,1.5161847290958349e+01,1.5161847290958349e+01,2.7316337809679183e+00,9.4479827519376496e+00,1.5161847290958349e+01,1.1831282629718876e+01,8.0008961673951600e+00,1.1831282629718876e+01,8.4512256413805513e+00,1.1831282629718876e+01,8.0465197277814369e+00,1.5161847290958349e+01,9.4479827519376496e+00,6.6389982093715005e+00,1.5161847290958349e+01,9.4479827519376496e+00,6.6389982093715005e+00,1.5161847290958349e+01,4.8282657629750130e+00,1.3465931817417363e+01,9.4479827519376496e+00,1.1831282629718876e+01,1.5161847290958349e+01,1.1831282629718876e+01,4.8282657629750130e+00,9.4479827519376496e+00,8.0008961673951600e+00,1.5161847290958349e+01,1.5161847290958349e+01,0.0000000000000000e+00,1.3465931817417363e+01,9.4479827519376496e+00,1.8477769663759631e+00,1.5161847290958349e+01,8.4512256413805513e+00,1.1831282629718876e+01,1.3465931817417363e+01,6.6389982093715005e+00,1.8477769663759631e+00,8.4512256413805513e+00,9.4479827519376496e+00,6.6389982093715005e+00,1.5161847290958349e+01,1.1831282629718876e+01,1.1831282629718876e+01,1.1831282629718876e+01,1.1831282629718876e+01,1.3465931817417363e+01,9.4479827519376496e+00,1.2302859861854598e+01,4.8282657629750130e+00,1.3465931817417363e+01,4.8282657629750130e+00,1.1831282629718876e+01,1.2302859861854598e+01,1.2302859861854598e+01,8.0008961673951600e+00,8.0008961673951600e+00,1.3465931817417363e+01,9.4479827519376496e+00,1.2302859861854598e+01,1.8477769663759631e+00,1.1831282629718876e+01,9.4479827519376496e+00,9.4479827519376496e+00,9.4479827519376496e+00,4.9094915860243606e+00,1.2302859861854598e+01,1.5161847290958349e+01,1.2302859861854598e+01,8.6084163237927247e-01,8.0465197277814369e+00,8.0465197277814369e+00,8.4512256413805513e+00,6.6389982093715005e+00,8.0465197277814369e+00,8.0465197277814369e+00,4.8282657629750130e+00,8.0465197277814369e+00,1.5161847290958349e+01,6.6389982093715005e+00,8.0008961673951600e+00,8.0008961673951600e+00,1.5161847290958349e+01,1.5161847290958349e+01,8.0465197277814369e+00,8.4512256413805513e+00,1.5161847290958349e+01,2.7316337809679183e+00,1.8477769663759631e+00,1.3465931817417363e+01,1.3465931817417363e+01,4.9094915860243606e+00,1.2302859861854598e+01,4.9094915860243606e+00,1.5161847290958349e+01,1.8477769663759631e+00,4.9094915860243606e+00,1.1831282629718876e+01,8.0008961673951600e+00,1.8477769663759631e+00,1.2302859861854598e+01,1.2302859861854598e+01,1.5161847290958349e+01,1.1831282629718876e+01,1.5161847290958349e+01,1.5161847290958349e+01,1.5161847290958349e+01,9.4479827519376496e+00,1.5161847290958349e+01,1.5161847290958349e+01,1.3465931817417363e+01,8.0008961673951600e+00,4.9094915860243606e+00,8.6084163237927247e-01,1.5161847290958349e+01,1.5161847290958349e+01,8.0465197277814369e+00,9.4479827519376496e+00,8.0465197277814369e+00,8.6084163237927247e-01,1.5161847290958349e+01,8.6084163237927247e-01,6.6389982093715005e+00,8.0008961673951600e+00,1.5161847290958349e+01,8.0465197277814369e+00,1.5161847290958349e+01,1.3465931817417363e+01,4.8282657629750130e+00,6.6389982093715005e+00,1.1831282629718876e+01,1.5161847290958349e+01,4.8282657629750130e+00,1.5161847290958349e+01,9.4479827519376496e+00,1.3465931817417363e+01,9.4479827519376496e+00,1.1831282629718876e+01,4.8282657629750130e+00,0.0000000000000000e+00,8.0008961673951600e+00,3.3548836030378197e+00,4.8282657629750130e+00,1.5161847290958349e+01,1.5161847290958349e+01,1.5161847290958349e+01,1.5161847290958349e+01,1.5161847290958349e+01,1.5161847290958349e+01,1.5161847290958349e+01,2.7316337809679183e+00,9.4479827519376496e+00,3.3548836030378197e+00,1.5161847290958349e+01,1.8477769663759631e+00,1.1831282629718876e+01,1.1831282629718876e+01,1.8477769663759631e+00,1.8477769663759631e+00,8.0008961673951600e+00,1.5161847290958349e+01,4.9094915860243606e+00,8.0465197277814369e+00,4.8282657629750130e+00,1.5161847290958349e+01,1.2302859861854598e+01,6.6389982093715005e+00,1.2302859861854598e+01,8.6084163237927247e-01,1.2302859861854598e+01,1.2302859861854598e+01,1.2302859861854598e+01,6.6389982093715005e+00,8.0008961673951600e+00,8.4512256413805513e+00,8.6084163237927247e-01,1.8477769663759631e+00,8.0465197277814369e+00,1.3465931817417363e+01,8.0008961673951600e+00,1.2302859861854598e+01,8.6084163237927247e-01,1.2302859861854598e+01,1.2302859861854598e+01,1.3465931817417363e+01,1.3465931817417363e+01,1.3465931817417363e+01,8.0465197277814369e+00,0.0000000000000000e+00,1.2302859861854598e+01,1.1831282629718876e+01,8.0008961673951600e+00,1.5161847290958349e+01,8.0008961673951600e+00,8.0008961673951600e+00,3.3548836030378197e+00,8.0465197277814369e+00,8.0008961673951600e+00,0.0000000000000000e+00,2.7316337809679183e+00,8.0008961673951600e+00,4.8282657629750130e+00,1.5161847290958349e+01,9.4479827519376496e+00,9.4479827519376496e+00,1.5161847290958349e+01,9.4479827519376496e+00,1.2302859861854598e+01,1.5161847290958349e+01,9.4479827519376496e+00,4.8282657629750130e+00,4.8282657629750130e+00,2.7316337809679183e+00,4.8282657629750130e+00,9.4479827519376496e+00,2.7316337809679183e+00,0.0000000000000000e+00,1.8477769663759631e+00,1.2302859861854598e+01,1.2302859861854598e+01,8.0008961673951600e+00,1.3465931817417363e+01,1.5161847290958349e+01,1.5161847290958349e+01,6.6389982093715005e+00,8.0465197277814369e+00,8.0008961673951600e+00,8.6084163237927247e-01,8.0008961673951600e+00,4.8282657629750130e+00,1.5161847290958349e+01,4.8282657629750130e+00,4.8282657629750130e+00,4.9094915860243606e+00,2.7316337809679183e+00,1.1831282629718876e+01,8.4512256413805513e+00,3.3548836030378197e+00,0.0000000000000000e+00,9.4479827519376496e+00,4.9094915860243606e+00,1.1831282629718876e+01,8.0008961673951600e+00,1.3465931817417363e+01,8.4512256413805513e+00,8.0008961673951600e+00,1.3465931817417363e+01,8.4512256413805513e+00,8.6084163237927247e-01,1.5161847290958349e+01,4.9094915860243606e+00,1.1831282629718876e+01,1.5161847290958349e+01,1.2302859861854598e+01,1.5161847290958349e+01,1.5161847290958349e+01,0.0000000000000000e+00,1.2302859861854598e+01,8.0465197277814369e+00,1.5161847290958349e+01,8.6084163237927247e-01,1.8477769663759631e+00,8.0465197277814369e+00,2.7316337809679183e+00,1.5161847290958349e+01,1.5161847290958349e+01,9.4479827519376496e+00,9.4479827519376496e+00,8.4512256413805513e+00,8.4512256413805513e+00,3.3548836030378197e+00,8.0008961673951600e+00,6.6389982093715005e+00,2.7316337809679183e+00,8.0465197277814369e+00,8.0008961673951600e+00,4.8282657629750130e+00,9.4479827519376496e+00,8.0465197277814369e+00,6.6389982093715005e+00,9.4479827519376496e+00,8.0465197277814369e+00,9.4479827519376496e+00,8.4512256413805513e+00,8.0465197277814369e+00,8.4512256413805513e+00,1.1831282629718876e+01,1.1831282629718876e+01,1.1831282629718876e+01,0.0000000000000000e+00,8.4512256413805513e+00,1.8477769663759631e+00,8.0465197277814369e+00,1.2302859861854598e+01,1.2302859861854598e+01,1.5161847290958349e+01,1.2302859861854598e+01,8.0008961673951600e+00,4.9094915860243606e+00,1.5161847290958349e+01,8.4512256413805513e+00,1.1831282629718876e+01,8.4512256413805513e+00,1.1831282629718876e+01,1.1831282629718876e+01,1.3465931817417363e+01,1.5161847290958349e+01,1.3465931817417363e+01,1.5161847290958349e+01,1.5161847290958349e+01,1.5161847290958349e+01,9.4479827519376496e+00,1.2302859861854598e+01,1.1831282629718876e+01,9.4479827519376496e+00,1.5161847290958349e+01,1.5161847290958349e+01,9.4479827519376496e+00,4.8282657629750130e+00,2.7316337809679183e+00,8.0008961673951600e+00,8.4512256413805513e+00,1.3465931817417363e+01,1.5161847290958349e+01,8.4512256413805513e+00,1.8477769663759631e+00,1.2302859861854598e+01,8.0465197277814369e+00,9.4479827519376496e+00,1.5161847290958349e+01,2.7316337809679183e+00,8.0465197277814369e+00,1.1831282629718876e+01,1.1831282629718876e+01,8.0008961673951600e+00,8.0465197277814369e+00,1.1831282629718876e+01,1.2302859861854598e+01,1.1831282629718876e+01,4.9094915860243606e+00,8.0008961673951600e+00,4.8282657629750130e+00,1.5161847290958349e+01,1.1831282629718876e+01,1.1831282629718876e+01,2.7316337809679183e+00,8.0008961673951600e+00,1.5161847290958349e+01,1.5161847290958349e+01,1.5161847290958349e+01,1.3465931817417363e+01,8.0008961673951600e+00,1.3465931817417363e+01,1.5161847290958349e+01,1.1831282629718876e+01,9.4479827519376496e+00,8.4512256413805513e+00,1.2302859861854598e+01,3.3548836030378197e+00,1.5161847290958349e+01,8.6084163237927247e-01,8.4512256413805513e+00,1.8477769663759631e+00,9.4479827519376496e+00,1.5161847290958349e+01,1.5161847290958349e+01,1.5161847290958349e+01,6.6389982093715005e+00,1.5161847290958349e+01,1.5161847290958349e+01,8.0465197277814369e+00,1.2302859861854598e+01,1.2302859861854598e+01,8.6084163237927247e-01,2.7316337809679183e+00,8.6084163237927247e-01,8.4512256413805513e+00,0.0000000000000000e+00,8.6084163237927247e-01,8.0008961673951600e+00,1.1831282629718876e+01,9.4479827519376496e+00,1.1831282629718876e+01,1.5161847290958349e+01,8.0008961673951600e+00,8.0465197277814369e+00,8.0008961673951600e+00,1.5161847290958349e+01,1.3465931817417363e+01,8.0008961673951600e+00,8.6084163237927247e-01,4.8282657629750130e+00,8.0465197277814369e+00,8.4512256413805513e+00,8.0465197277814369e+00,8.0008961673951600e+00,8.0008961673951600e+00,3.3548836030378197e+00,8.0008961673951600e+00,1.5161847290958349e+01,8.0008961673951600e+00,1.5161847290958349e+01,8.0008961673951600e+00,2.7316337809679183e+00,6.6389982093715005e+00,1.5161847290958349e+01,1.5161847290958349e+01,6.6389982093715005e+00,1.5161847290958349e+01,4.8282657629750130e+00,8.0008961673951600e+00,8.4512256413805513e+00,4.8282657629750130e+00,1.5161847290958349e+01,1.2302859861854598e+01,1.5161847290958349e+01,1.2302859861854598e+01,6.6389982093715005e+00,4.9094915860243606e+00,8.0008961673951600e+00,1.2302859861854598e+01,8.0465197277814369e+00,1.3465931817417363e+01,2.7316337809679183e+00,1.8477769663759631e+00,1.8477769663759631e+00,4.8282657629750130e+00,8.0465197277814369e+00,1.3465931817417363e+01,1.8477769663759631e+00,8.0008961673951600e+00,1.8477769663759631e+00,1.8477769663759631e+00,8.0465197277814369e+00,3.3548836030378197e+00,3.3548836030378197e+00,8.0465197277814369e+00,8.0465197277814369e+00,8.0008961673951600e+00,8.0465197277814369e+00,3.3548836030378197e+00,3.3548836030378197e+00,8.0008961673951600e+00,1.5161847290958349e+01,1.3465931817417363e+01,1.3465931817417363e+01,1.3465931817417363e+01,1.3465931817417363e+01,1.5161847290958349e+01,1.1831282629718876e+01,3.3548836030378197e+00,1.8477769663759631e+00,1.5161847290958349e+01,1.3465931817417363e+01,2.7316337809679183e+00,1.3465931817417363e+01,1.5161847290958349e+01,1.1831282629718876e+01,8.4512256413805513e+00,1.1831282629718876e+01,9.4479827519376496e+00,9.4479827519376496e+00,4.9094915860243606e+00,8.0008961673951600e+00,1.5161847290958349e+01,4.9094915860243606e+00,1.5161847290958349e+01,8.0008961673951600e+00,6.6389982093715005e+00,1.1831282629718876e+01,3.3548836030378197e+00,1.1831282629718876e+01,1.8477769663759631e+00,1.5161847290958349e+01,1.5161847290958349e+01,3.3548836030378197e+00,1.5161847290958349e+01,1.5161847290958349e+01,1.2302859861854598e+01,1.1831282629718876e+01,1.1831282629718876e+01,1.5161847290958349e+01,1.5161847290958349e+01,1.5161847290958349e+01,8.0008961673951600e+00,9.4479827519376496e+00,8.0008961673951600e+00,9.4479827519376496e+00,1.5161847290958349e+01,1.2302859861854598e+01,1.5161847290958349e+01,1.2302859861854598e+01,8.0008961673951600e+00,1.5161847290958349e+01,1.5161847290958349e+01,4.8282657629750130e+00,1.3465931817417363e+01,1.5161847290958349e+01,0.0000000000000000e+00,6.6389982093715005e+00,2.7316337809679183e+00,8.0008961673951600e+00,1.2302859861854598e+01,1.5161847290958349e+01,1.2302859861854598e+01,1.2302859861854598e+01,3.3548836030378197e+00,9.4479827519376496e+00,8.0465197277814369e+00,1.8477769663759631e+00,1.5161847290958349e+01,1.5161847290958349e+01,1.5161847290958349e+01,1.5161847290958349e+01,1.3465931817417363e+01,4.9094915860243606e+00,1.1831282629718876e+01,1.5161847290958349e+01,1.5161847290958349e+01,1.5161847290958349e+01,0.0000000000000000e+00,0.0000000000000000e+00,8.0008961673951600e+00,8.6084163237927247e-01,8.0008961673951600e+00,1.5161847290958349e+01,1.3465931817417363e+01,4.9094915860243606e+00,8.4512256413805513e+00,8.4512256413805513e+00,1.3465931817417363e+01,9.4479827519376496e+00,0.0000000000000000e+00,1.1831282629718876e+01,8.0008961673951600e+00,1.2302859861854598e+01,1.1831282629718876e+01,1.1831282629718876e+01,1.1831282629718876e+01,1.8477769663759631e+00,1.5161847290958349e+01,1.3465931817417363e+01,6.6389982093715005e+00,6.6389982093715005e+00,4.9094915860243606e+00,8.4512256413805513e+00,1.5161847290958349e+01,8.4512256413805513e+00,1.2302859861854598e+01,4.9094915860243606e+00,8.4512256413805513e+00,6.6389982093715005e+00,1.2302859861854598e+01,1.3465931817417363e+01,2.7316337809679183e+00,1.5161847290958349e+01,1.5161847290958349e+01,1.2302859861854598e+01,8.4512256413805513e+00,1.5161847290958349e+01,9.4479827519376496e+00,9.4479827519376496e+00,8.0465197277814369e+00,4.9094915860243606e+00,3.3548836030378197e+00,3.3548836030378197e+00,1.2302859861854598e+01,1.8477769663759631e+00,4.8282657629750130e+00,1.5161847290958349e+01,8.0008961673951600e+00,8.0008961673951600e+00,0.0000000000000000e+00,8.0008961673951600e+00,1.5161847290958349e+01,8.0008961673951600e+00,1.1831282629718876e+01,8.0008961673951600e+00,3.3548836030378197e+00,1.5161847290958349e+01,3.3548836030378197e+00,8.0008961673951600e+00,2.7316337809679183e+00,8.0465197277814369e+00,1.2302859861854598e+01,8.0465197277814369e+00,8.4512256413805513e+00,9.4479827519376496e+00,2.7316337809679183e+00,2.7316337809679183e+00,1.5161847290958349e+01,1.8477769663759631e+00,1.2302859861854598e+01,1.1831282629718876e+01,1.1831282629718876e+01,8.4512256413805513e+00,2.7316337809679183e+00,4.9094915860243606e+00,9.4479827519376496e+00,8.0465197277814369e+00,8.4512256413805513e+00,1.2302859861854598e+01,2.7316337809679183e+00,2.7316337809679183e+00,8.4512256413805513e+00,1.1831282629718876e+01,1.2302859861854598e+01,8.4512256413805513e+00,1.1831282629718876e+01,8.0465197277814369e+00,2.7316337809679183e+00,8.4512256413805513e+00,8.4512256413805513e+00,6.6389982093715005e+00,8.0008961673951600e+00,8.4512256413805513e+00,8.4512256413805513e+00,9.4479827519376496e+00,3.3548836030378197e+00,1.3465931817417363e+01,3.3548836030378197e+00,1.5161847290958349e+01,2.7316337809679183e+00,4.9094915860243606e+00,8.4512256413805513e+00,6.6389982093715005e+00,4.8282657629750130e+00,3.3548836030378197e+00,4.9094915860243606e+00,4.9094915860243606e+00,1.1831282629718876e+01,8.6084163237927247e-01,4.9094915860243606e+00,1.1831282629718876e+01,1.1831282629718876e+01,8.4512256413805513e+00,2.7316337809679183e+00,1.5161847290958349e+01,4.8282657629750130e+00,6.6389982093715005e+00,1.1831282629718876e+01,8.4512256413805513e+00,8.4512256413805513e+00,8.4512256413805513e+00,1.1831282629718876e+01,4.8282657629750130e+00,4.8282657629750130e+00,1.5161847290958349e+01,1.1831282629718876e+01,1.1831282629718876e+01,0.0000000000000000e+00,0.0000000000000000e+00,6.6389982093715005e+00,8.0008961673951600e+00,8.4512256413805513e+00,2.7316337809679183e+00,1.1831282629718876e+01,1.5161847290958349e+01,2.7316337809679183e+00,8.4512256413805513e+00,8.4512256413805513e+00,8.4512256413805513e+00,8.4512256413805513e+00,4.9094915860243606e+00,8.4512256413805513e+00,1.1831282629718876e+01,2.7316337809679183e+00,1.1831282629718876e+01,9.4479827519376496e+00,9.4479827519376496e+00,1.5161847290958349e+01,8.4512256413805513e+00,4.9094915860243606e+00,8.4512256413805513e+00,1.5161847290958349e+01,8.4512256413805513e+00,1.5161847290958349e+01,8.0008961673951600e+00,8.4512256413805513e+00,9.4479827519376496e+00,4.8282657629750130e+00,4.8282657629750130e+00,3.3548836030378197e+00,8.4512256413805513e+00,1.1831282629718876e+01,6.6389982093715005e+00,4.8282657629750130e+00,1.5161847290958349e+01,1.1831282629718876e+01,6.6389982093715005e+00,1.2302859861854598e+01,8.6084163237927247e-01,8.0465197277814369e+00,1.5161847290958349e+01,6.6389982093715005e+00,1.1831282629718876e+01,1.1831282629718876e+01,1.3465931817417363e+01,1.1831282629718876e+01,1.1831282629718876e+01,4.8282657629750130e+00,1.3465931817417363e+01,1.3465931817417363e+01,1.3465931817417363e+01,1.3465931817417363e+01,8.0008961673951600e+00,8.4512256413805513e+00,4.9094915860243606e+00,1.3465931817417363e+01,8.4512256413805513e+00,8.4512256413805513e+00,1.5161847290958349e+01,4.9094915860243606e+00,0.0000000000000000e+00,4.8282657629750130e+00,8.0465197277814369e+00,1.1831282629718876e+01,1.8477769663759631e+00,8.4512256413805513e+00,3.3548836030378197e+00,1.3465931817417363e+01,8.0465197277814369e+00,8.0465197277814369e+00,9.4479827519376496e+00,8.0008961673951600e+00,4.9094915860243606e+00,1.8477769663759631e+00,9.4479827519376496e+00,8.0008961673951600e+00,0.0000000000000000e+00,1.5161847290958349e+01,2.7316337809679183e+00,8.4512256413805513e+00,8.4512256413805513e+00,1.5161847290958349e+01,1.5161847290958349e+01,1.5161847290958349e+01,2.7316337809679183e+00,1.5161847290958349e+01,8.0008961673951600e+00,8.0008961673951600e+00,1.2302859861854598e+01,1.2302859861854598e+01,8.0008961673951600e+00,9.4479827519376496e+00,8.0465197277814369e+00,4.8282657629750130e+00,0.0000000000000000e+00,1.2302859861854598e+01,8.6084163237927247e-01,8.0008961673951600e+00,8.0008961673951600e+00,8.0008961673951600e+00,8.4512256413805513e+00,2.7316337809679183e+00,1.2302859861854598e+01,3.3548836030378197e+00,1.3465931817417363e+01,8.4512256413805513e+00,3.3548836030378197e+00,1.5161847290958349e+01,1.1831282629718876e+01,6.6389982093715005e+00,9.4479827519376496e+00,1.3465931817417363e+01
5.5021826870890447e+00,9.1412339164228520e+00,9.1412339164228520e+00,8.3853815703049648e+00,9.1412339164228520e+00,8.3853815703049648e+00,7.7216634977759959e+00,1.7532427742568157e+00,1.3484606763079954e+01,9.1412339164228520e+00,2.8297117286414890e+00,2.8297117286414890e+00,5.5021826870890447e+00,5.5021826870890447e+00,9.1405158438382088e+00,5.5021826870890447e+00,5.5021826870890447e+00,9.1405158438382088e+00,0.0000000000000000e+00,9.1405158438382088e+00,5.5021826870890447e+00,5.5021826870890447e+00,5.5021826870890447e+00,9.1405158438382088e+00,9.1405158438382088e+00,9.5852486560917660e-01,1.7532427742568157e+00,9.1405158438382088e+00,9.1405158438382088e+00,9.1405158438382088e+00,0.0000000000000000e+00,9.1412339164228520e+00,7.1041077305688267e+00,9.1405158438382088e+00,7.7216634977759959e+00,7.7216634977759959e+00,8.3853815703049648e+00,1.1990390944429640e+01,9.1412339164228520e+00,9.1405158438382088e+00,9.5852486560917660e-01,9.1405158438382088e+00,1.1282938677878340e+01,1.1282938677878340e+01,9.1412339164228520e+00,1.3255653627242561e+01,1.3484606763079954e+01,1.3484606763079954e+01,5.5021826870890447e+00,8.3853815703049648e+00,8.3853815703049648e+00,4.9110708567551669e+00,1.3484606763079954e+01,9.1405158438382088e+00,1.3484606763079954e+01,2.8297117286414890e+00,8.3853815703049648e+00,5.5021826870890447e+00,8.3853815703049648e+00,8.3853815703049648e+00,9.1412339164228520e+00,8.3853815703049648e+00,3.7161795169637402e+00,1.1282938677878340e+01,1.1282938677878340e+01,8.3853815703049648e+00,1.3484606763079954e+01,1.1990390944429640e+01,1.1990390944429640e+01,8.3853815703049648e+00,9.5852486560917660e-01,1.1282938677878340e+01,1.1282938677878340e+01,1.1282938677878340e+01,1.1282938677878340e+01,1.1282938677878340e+01,9.5852486560917660e-01,1.1282938677878340e+01,1.7532427742568157e+00,2.8297117286414890e+00,9.1405158438382088e+00,0.0000000000000000e+00,9.1405158438382088e+00,1.1990390944429640e+01,5.5021826870890447e+00,1.1990390944429640e+01,1.1990390944429640e+01,1.1282938677878340e+01,0.0000000000000000e+00,5.5021826870890447e+00,1.3484606763079954e+01,3.7161795169637402e+00,3.7161795169637402e+00,1.1990390944429640e+01,1.1282938677878340e+01,1.1990390944429640e+01,1.1990390944429640e+01,8.3853815703049648e+00,1.1990390944429640e+01,9.1412339164228520e+00,8.3853815703049648e+00,8.3853815703049648e+00,8.3853815703049648e+00,2.8297117286414890e+00,5.5021826870890447e+00,9.5852486560917660e-01,9.1412339164228520e+00,9.1412339164228520e+00,9.1412339164228520e+00,9.1412339164228520e+00,1.1990390944429640e+01,2.8297117286414890e+00,9.1412339164228520e+00,9.1412339164228520e+00,1.3484606763079954e+01,8.3853815703049648e+00,7.7216634977759959e+00,1.1990390944429640e+01,5.5021826870890447e+00,1.1990390944429640e+01,3.7161795169637402e+00,1.1990390944429640e+01,7.1041077305688267e+00,1.3484606763079954e+01,1.3484606763079954e+01,1.3484606763079954e+01,8.3853815703049648e+00,8.3853815703049648e+00,9.1412339164228520e+00,1.3255653627242561e+01,1.3255653627242561e+01,8.3853815703049648e+00,9.5852486560917660e-01,7.1041077305688267e+00,0.0000000000000000e+00,1.3484606763079954e+01,1.3484606763079954e+01,4.9110708567551669e+00,1.3255653627242561e+01,1.1282938677878340e+01,5.5021826870890447e+00,1.7532427742568157e+00,5.5021826870890447e+00,1.3484606763079954e+01,1.3484606763079954e+01,3.7161795169637402e+00,7.7216634977759959e+00,4.9110708567551669e+00,1.3484606763079954e+01,1.1282938677878340e+01,7.1041077305688267e+00,8.3853815703049648e+00,9.1405158438382088e+00,1.3255653627242561e+01,1.3255653627242561e+01,4.9110708567551669e+00,9.5852486560917660e-01,1.3255653627242561e+01,8.3853815703049648e+00,1.1990390944429640e+01,1.1990390944429640e+01,1.3484606763079954e+01,9.5852486560917660e-01,1.7532427742568157e+00,1.3484606763079954e+01,7.7216634977759959e+00,5.5021826870890447e+00,9.1412339164228520e+00,1.3484606763079954e+01,9.1405158438382088e+00,1.3255653627242561e+01,9.1412339164228520e+00,2.8297117286414890e+00,9.1412339164228520e+00,9.1412339164228520e+00,1.3255653627242561e+01,1.3484606763079954e+01,2.8297117286414890e+00,1.3255653627242561e+01,1.3484606763079954e+01,1.3484606763079954e+01,1.3484606763079954e+01,1.3484606763079954e+01,5.5021826870890447e+00,5.5021826870890447e+00,1.3484606763079954e+01,9.1412339164228520e+00,7.1041077305688267e+00,1.3484606763079954e+01,1.3255653627242561e+01,1.3255653627242561e+01,1.3484606763079954e+01,9.1405158438382088e+00,1.3484606763079954e+01,9.1412339164228520e+00,9.1405158438382088e+00,7.1041077305688267e+00,7.1041077305688267e+00,9.1412339164228520e+00,3.7161795169637402e+00,1.3484606763079954e+01,9.1405158438382088e+00,9.1405158438382088e+00,9.5852486560917660e-01,3.7161795169637402e+00,9.1405158438382088e+00,1.1990390944429640e+01,2.8297117286414890e+00,3.7161795169637402e+00,9.1412339164228520e+00,1.1990390944429640e+01,5.5021826870890447e+00,1.1990390944429640e+01,9.1405158438382088e+00,7.1041077305688267e+00,1.3484606763079954e+01,8.3853815703049648e+00,9.1412339164228520e+00,1.3484606763079954e+01,7.1041077305688267e+00,9.1412339164228520e+00,7.1041077305688267e+00,8.3853815703049648e+00,1.1282938677878340e+01,1.3255653627242561e+01,1.3255653627242561e+01,8.3853815703049648e+00,9.1412339164228520e+00,1.3484606763079954e+01,1.3484606763079954e+01,9.1412339164228520e+00,1.3484606763079954e+01,5.5021826870890447e+00,1.1282938677878340e+01,1.3484606763079954e+01,9.1412339164228520e+00,1.3484606763079954e+01,1.3484606763079954e+01,1.1990390944429640e+01,1.3484606763079954e+01,1.1282938677878340e+01,9.1412339164228520e+00,9.1412339164228520e+00,4.9110708567551669e+00,1.3484606763079954e+01,4.9110708567551669e+00,1.1282938677878340e+01,9.1412339164228520e+00,7.7216634977759959e+00,9.1405158438382088e+00,1.1990390944429640e+01,8.3853815703049648e+00,9.1412339164228520e+00,9.1412339164228520e+00,1.3484606763079954e+01,9.1405158438382088e+00,9.1412339164228520e+00,4.9110708567551669e+00,8.3853815703049648e+00,8.3853815703049648e+00,9.1405158438382088e+00,9.1405158438382088e+00,3.7161795169637402e+00,8.3853815703049648e+00,4.9110708567551669e+00,1.3484606763079954e+01,9.5852486560917660e-01,4.9110708567551669e+00,9.1412339164228520e+00,9.1405158438382088e+00,1.7532427742568157e+00,1.3484606763079954e+01,0.0000000000000000e+00,9.1412339164228520e+00,4.9110708567551669e+00,1.1282938677878340e+01,9.5852486560917660e-01,9.1412339164228520e+00,9.1405158438382088e+00,8.3853815703049648e+00,9.1405158438382088e+00,9.1412339164228520e+00,9.1412339164228520e+00,9.1412339164228520e+00,5.5021826870890447e+00,8.3853815703049648e+00,9.1405158438382088e+00,2.8297117286414890e+00,9.1412339164228520e+00,8.3853815703049648e+00,8.3853815703049648e+00,8.3853815703049648e+00,9.1412339164228520e+00,1.7532427742568157e+00,9.1405158438382088e+00,1.1282938677878340e+01,9.1405158438382088e+00,3.7161795169637402e+00,1.3484606763079954e+01,7.7216634977759959e+00,1.1990390944429640e+01,7.7216634977759959e+00,9.1412339164228520e+00,1.1990390944429640e+01,2.8297117286414890e+00,2.8297117286414890e+00,1.3484606763079954e+01,9.1405158438382088e+00,1.3484606763079954e+01,8.3853815703049648e+00,1.3484606763079954e+01,2.8297117286414890e+00,8.3853815703049648e+00,1.3255653627242561e+01,9.1412339164228520e+00,7.7216634977759959e+00,9.1405158438382088e+00,9.1412339164228520e+00,5.5021826870890447e+00,7.7216634977759959e+00,4.9110708567551669e+00,2.8297117286414890e+00,1.1990390944429640e+01,1.1282938677878340e+01,1.3255653627242561e+01,1.3255653627242561e+01,1.1282938677878340e+01,1.1282938677878340e+01,1.3484606763079954e+01,1.3484606763079954e+01,1.3484606763079954e+01,1.1990390944429640e+01,1.1990390944429640e+01,0.0000000000000000e+00,1.1990390944429640e+01,5.5021826870890447e+00,1.7532427742568157e+00,9.1405158438382088e+00,1.3484606763079954e+01,9.1412339164228520e+00,3.7161795169637402e+00,3.7161795169637402e+00,1.1282938677878340e+01,9.1412339164228520e+00,9.5852486560917660e-01,1.3484606763079954e+01,8.3853815703049648e+00,9.1405158438382088e+00,1.1282938677878340e+01,1.3255653627242561e+01,1.3255653627242561e+01,9.5852486560917660e-01,8.3853815703049648e+00,9.1412339164228520e+00,1.1282938677878340e+01,9.1412339164228520e+00,1.1990390944429640e+01,0.0000000000000000e+00,9.1412339164228520e+00,1.3484606763079954e+01,1.3484606763079954e+01,1.1282938677878340e+01,1.3484606763079954e+01,0.0000000000000000e+00,1.3484606763079954e+01,1.1282938677878340e+01,2.8297117286414890e+00,9.1412339164228520e+00,9.1412339164228520e+00,4.9110708567551669e+00,0.0000000000000000e+00,9.1412339164228520e+00,1.3484606763079954e+01,0.0000000000000000e+00,9.1412339164228520e+00,5.5021826870890447e+00,9.1412339164228520e+00,1.3484606763079954e+01,1.1990390944429640e+01,7.1041077305688267e+00,1.1990390944429640e+01,1.1990390944429640e+01,7.1041077305688267e+00,7.1041077305688267e+00,8.3853815703049648e+00,7.7216634977759959e+00,7.1041077305688267e+00,5.5021826870890447e+00,1.3484606763079954e+01,1.3484606763079954e+01,3.7161795169637402e+00,9.1412339164228520e+00,7.7216634977759959e+00,1.1990390944429640e+01,5.5021826870890447e+00,1.3484606763079954e+01,4.9110708567551669e+00,1.3484606763079954e+01,0.0000000000000000e+00,1.1990390944429640e+01,1.1282938677878340e+01,1.1990390944429640e+01,1.1990390944429640e+01,1.3484606763079954e+01,1.1282938677878340e+01,7.1041077305688267e+00,2.8297117286414890e+00,5.5021826870890447e+00,8.3853815703049648e+00,8.3853815703049648e+00,3.7161795169637402e+00,1.1990390944429640e+01,1.3484606763079954e+01,1.3255653627242561e+01,1.3484606763079954e+01,8.3853815703049648e+00,1.1990390944429640e+01,1.7532427742568157e+00,1.3484606763079954e+01,4.9110708567551669e+00,1.3255653627242561e+01,1.1282938677878340e+01,7.7216634977759959e+00,0.0000000000000000e+00,9.1412339164228520e+00,1.1990390944429640e+01,9.1412339164228520e+00,4.9110708567551669e+00,1.1990390944429640e+01,9.1405158438382088e+00,9.5852486560917660e-01,8.3853815703049648e+00,1.1990390944429640e+01,1.7532427742568157e+00,8.3853815703049648e+00,3.7161795169637402e+00,1.3484606763079954e+01,9.5852486560917660e-01,1.1990390944429640e+01,9.1412339164228520e+00,8.3853815703049648e+00,1.1282938677878340e+01,0.0000000000000000e+00,1.1990390944429640e+01,9.1412339164228520e+00,1.1990390944429640e+01,7.7216634977759959e+00,9.1412339164228520e+00,9.1405158438382088e+00,1.1990390944429640e+01,1.1990390944429640e+01,2.8297117286414890e+00,1.1990390944429640e+01,9.1405158438382088e+00,9.1405158438382088e+00,1.1282938677878340e+01,1.1990390944429640e+01,1.1990390944429640e+01,9.1412339164228520e+00,7.1041077305688267e+00,2.8297117286414890e+00,7.1041077305688267e+00,1.1990390944429640e+01,9.1412339164228520e+00,7.1041077305688267e+00,8.3853815703049648e+00,2.8297117286414890e+00,1.1990390944429640e+01,8.3853815703049648e+00,3.7161795169637402e+00,1.1282938677878340e+01,5.5021826870890447e+00,8.3853815703049648e+00,9.1405158438382088e+00,2.8297117286414890e+00,9.1405158438382088e+00,2.8297117286414890e+00,1.3484606763079954e+01,5.5021826870890447e+00,1.1990390944429640e+01,8.3853815703049648e+00,9.1412339164228520e+00,2.8297117286414890e+00,9.5852486560917660e-01,5.5021826870890447e+00,1.3484606763079954e+01,1.3484606763079954e+01,1.1990390944429640e+01,1.1990390944429640e+01,9.1405158438382088e+00,0.0000000000000000e+00,9.1405158438382088e+00,9.1412339164228520e+00,1.1990390944429640e+01,9.1405158438382088e+00,1.3484606763079954e+01,8.3853815703049648e+00,1.3255653627242561e+01,4.9110708567551669e+00,1.3484606763079954e+01,7.7216634977759959e+00,1.3255653627242561e+01,8.3853815703049648e+00,1.1990390944429640e+01,1.3255653627242561e+01,4.9110708567551669e+00,9.1405158438382088e+00,1.3484606763079954e+01,9.1412339164228520e+00,3.7161795169637402e+00,5.5021826870890447e+00,9.1412339164228520e+00,7.1041077305688267e+00,1.7532427742568157e+00,9.1412339164228520e+00,1.1990390944429640e+01,1.1990390944429640e+01,1.1990390944429640e+01,4.9110708567551669e+00,8.3853815703049648e+00,8.3853815703049648e+00,7.7216634977759959e+00,7.7216634977759959e+00,1.1990390944429640e+01,9.1405158438382088e+00,1.3484606763079954e+01,1.3484606763079954e+01,1.3484606763079954e+01,4.9110708567551669e+00,1.1282938677878340e+01,1.1282938677878340e+01,1.1282938677878340e+01,9.5852486560917660e-01,9.1412339164228520e+00,1.1282938677878340e+01,9.1405158438382088e+00,1.7532427742568157e+00,1.3255653627242561e+01,9.1412339164228520e+00,1.1282938677878340e+01,1.7532427742568157e+00,9.1412339164228520e+00,9.1412339164228520e+00,1.1282938677878340e+01,9.1412339164228520e+00,1.1990390944429640e+01,2.8297117286414890e+00,4.9110708567551669e+00,4.9110708567551669e+00,7.7216634977759959e+00,9.1412339164228520e+00,8.3853815703049648e+00,5.5021826870890447e+00,7.1041077305688267e+00,9.1405158438382088e+00,9.1412339164228520e+00,5.5021826870890447e+00,8.3853815703049648e+00,9.1412339164228520e+00,7.7216634977759959e+00,1.1282938677878340e+01,8.3853815703049648e+00,9.5852486560917660e-01,9.1405158438382088e+00,9.1412339164228520e+00,1.3255653627242561e+01,9.5852486560917660e-01,3.7161795169637402e+00,5.5021826870890447e+00,1.1990390944429640e+01,1.1990390944429640e+01,1.1990390944429640e+01,1.1990390944429640e+01,9.1412339164228520e+00,9.1412339164228520e+00,1.1990390944429640e+01,4.9110708567551669e+00,0.0000000000000000e+00,1.1990390944429640e+01,7.7216634977759959e+00,9.1412339164228520e+00,4.9110708567551669e+00,7.7216634977759959e+00,7.7216634977759959e+00,3.7161795169637402e+00,7.1041077305688267e+00,1.1990390944429640e+01,1.1282938677878340e+01,1.1282938677878340e+01,7.7216634977759959e+00,7.7216634977759959e+00,2.8297117286414890e+00,7.7216634977759959e+00,1.1282938677878340e+01,2.8297117286414890e+00,9.1405158438382088e+00,1.3484606763079954e+01,1.3484606763079954e+01,7.7216634977759959e+00,9.1412339164228520e+00,9.1412339164228520e+00,0.0000000000000000e+00,7.7216634977759959e+00,9.1412339164228520e+00,1.1282938677878340e+01,9.1412339164228520e+00,8.3853815703049648e+00,1.3255653627242561e+01,1.3255653627242561e+01,1.3255653627242561e+01,9.1412339164228520e+00,1.1282938677878340e+01,7.7216634977759959e+00,2.8297117286414890e+00,9.1405158438382088e+00,2.8297117286414890e+00,4.9110708567551669e+00,1.3484606763079954e+01,9.1412339164228520e+00,9.1405158438382088e+00,1.1282938677878340e+01,0.0000000000000000e+00,1.1990390944429640e+01,4.9110708567551669e+00,7.7216634977759959e+00,1.1990390944429640e+01,7.1041077305688267e+00,1.1282938677878340e+01,4.9110708567551669e+00,9.1412339164228520e+00,1.7532427742568157e+00,8.3853815703049648e+00,1.3255653627242561e+01,3.7161795169637402e+00,1.7532427742568157e+00,7.7216634977759959e+00,1.7532427742568157e+00,1.3484606763079954e+01,1.3484606763079954e+01,9.1412339164228520e+00,1.3484606763079954e+01,8.3853815703049648e+00,1.3484606763079954e+01,1.1282938677878340e+01,1.1990390944429640e+01,0.0000000000000000e+00,1.1282938677878340e+01,1.1990390944429640e+01,1.3484606763079954e+01,9.1405158438382088e+00,1.3484606763079954e+01,1.3484606763079954e+01,9.1405158438382088e+00,0.0000000000000000e+00,1.7532427742568157e+00,3.7161795169637402e+00,1.1990390944429640e+01,1.7532427742568157e+00,7.1041077305688267e+00,1.1990390944429640e+01,1.1990390944429640e+01,1.1282938677878340e+01,1.3255653627242561e+01,1.1990390944429640e+01,1.3484606763079954e+01,5.5021826870890447e+00,7.1041077305688267e+00,1.1990390944429640e+01,1.3255653627242561e+01,5.5021826870890447e+00,9.1412339164228520e+00,1.1282938677878340e+01,1.3484606763079954e+01,1.3484606763079954e+01,1.3484606763079954e+01,1.3484606763079954e+01,7.1041077305688267e+00,1.7532427742568157e+00,9.1412339164228520e+00,7.7216634977759959e+00,3.7161795169637402e+00,7.1041077305688267e+00,7.7216634977759959e+00,7.7216634977759959e+00,8.3853815703049648e+00,2.8297117286414890e+00,9.5852486560917660e-01,4.9110708567551669e+00,1.3484606763079954e+01,1.3484606763079954e+01,7.7216634977759959e+00,7.1041077305688267e+00,1.3484606763079954e+01,4.9110708567551669e+00,8.3853815703049648e+00,1.1990390944429640e+01,4.9110708567551669e+00,1.7532427742568157e+00,9.1405158438382088e+00,9.5852486560917660e-01,7.1041077305688267e+00,1.3255653627242561e+01,1.3255653627242561e+01,1.1282938677878340e+01,1.1990390944429640e+01,7.7216634977759959e+00,1.1990390944429640e+01,1.1990390944429640e+01,1.1990390944429640e+01,1.3255653627242561e+01,3.7161795169637402e+00,7.1041077305688267e+00,1.1990390944429640e+01,1.1990390944429640e+01,1.1990390944429640e+01,7.1041077305688267e+00,1.1990390944429640e+01,7.1041077305688267e+00,1.3484606763079954e+01,8.3853815703049648e+00,4.9110708567551669e+00,1.3484606763079954e+01,1.3255653627242561e+01,5.5021826870890447e+00,1.1282938677878340e+01,1.3484606763079954e+01,1.1990390944429640e+01,1.3484606763079954e+01,5.5021826870890447e+00,5.5021826870890447e+00,8.3853815703049648e+00,9.1412339164228520e+00,0.0000000000000000e+00,9.1412339164228520e+00,1.3484606763079954e+01,1.1282938677878340e+01,1.1282938677878340e+01,1.3484606763079954e+01,1.3255653627242561e+01,1.1282938677878340e+01,1.3484606763079954e+01,7.1041077305688267e+00,7.7216634977759959e+00,5.5021826870890447e+00,3.7161795169637402e+00,1.1990390944429640e+01,1.3484606763079954e+01,9.1412339164228520e+00,7.1041077305688267e+00,4.9110708567551669e+00,1.3484606763079954e+01,9.5852486560917660e-01,2.8297117286414890e+00,7.1041077305688267e+00,4.9110708567551669e+00,9.1412339164228520e+00,1.1990390944429640e+01,3.7161795169637402e+00,9.1412339164228520e+00,1.1990390944429640e+01,8.3853815703049648e+00,1.3484606763079954e+01,2.8297117286414890e+00,2.8297117286414890e+00,7.7216634977759959e+00,4.9110708567551669e+00,8.3853815703049648e+00,8.3853815703049648e+00,1.3255653627242561e+01,1.3484606763079954e+01,9.1412339164228520e+00,8.3853815703049648e+00,9.1405158438382088e+00,0.0000000000000000e+00,7.7216634977759959e+00,1.3484606763079954e+01,1.3255653627242561e+01,1.7532427742568157e+00,8.3853815703049648e+00,1.3255653627242561e+01,5.5021826870890447e+00,7.1041077305688267e+00,8.3853815703049648e+00,8.3853815703049648e+00,8.3853815703049648e+00,1.1282938677878340e+01,2.8297117286414890e+00,3.7161795169637402e+00,9.1412339164228520e+00,8.3853815703049648e+00,1.7532427742568157e+00,1.1990390944429640e+01,1.1990390944429640e+01,3.7161795169637402e+00,9.1412339164228520e+00,1.3484606763079954e+01,1.1990390944429640e+01,1.3484606763079954e+01,2.8297117286414890e+00,1.3255653627242561e+01,5.5021826870890447e+00,1.7532427742568157e+00,7.1041077305688267e+00,1.3484606763079954e+01,1.3484606763079954e+01,9.1412339164228520e+00,7.7216634977759959e+00,1.1282938677878340e+01,8.3853815703049648e+00,9.5852486560917660e-01,7.7216634977759959e+00,1.3484606763079954e+01,1.3484606763079954e+01,7.1041077305688267e+00,1.3255653627242561e+01,7.1041077305688267e+00,3.7161795169637402e+00,1.3255653627242561e+01,1.1282938677878340e+01,4.9110708567551669e+00,1.1990390944429640e+01,9.1412339164228520e+00,1.7532427742568157e+00,9.1405158438382088e+00,8.3853815703049648e+00,8.3853815703049648e+00,4.9110708567551669e+00,1.3484606763079954e+01,5.5021826870890447e+00,7.7216634977759959e+00,1.1282938677878340e+01,8.3853815703049648e+00,1.7532427742568157e+00,8.3853815703049648e+00,8.3853815703049648e+00,1.1990390944429640e+01,9.1412339164228520e+00,7.1041077305688267e+00,7.1041077305688267e+00,4.9110708567551669e+00,1.1990390944429640e+01,1.1990390944429640e+01,7.1041077305688267e+00,0.0000000000000000e+00,1.1282938677878340e+01,7.7216634977759959e+00,7.1041077305688267e+00,7.7216634977759959e+00,1.3484606763079954e+01,8.3853815703049648e+00,8.3853815703049648e+00,0.0000000000000000e+00,1.7532427742568157e+00,9.1405158438382088e+00,5.5021826870890447e+00,7.7216634977759959e+00,8.3853815703049648e+00,7.1041077305688267e+00,1.1990390944429640e+01,7.1041077305688267e+00,8.3853815703049648e+00,7.7216634977759959e+00,0.0000000000000000e+00,7.1041077305688267e+00,1.3484606763079954e+01,1.3255653627242561e+01,1.3484606763079954e+01,4.9110708567551669e+00,1.1990390944429640e+01,1.3484606763079954e+01,7.1041077305688267e+00,1.3484606763079954e+01,8.3853815703049648e+00,1.3484606763079954e+01,1.3484606763079954e+01,9.5852486560917660e-01,1.3255653627242561e+01,4.9110708567551669e+00,4.9110708567551669e+00,8.3853815703049648e+00,1.3484606763079954e+01,2.8297117286414890e+00,9.1405158438382088e+00,4.9110708567551669e+00,9.1412339164228520e+00,1.1990390944429640e+01,1.1990390944429640e+01,1.1282938677878340e+01,7.7216634977759959e+00,1.3484606763079954e+01,1.3484606763079954e+01,7.7216634977759959e+00,7.7216634977759959e+00,1.1990390944429640e+01,1.1990390944429640e+01,1.3484606763079954e+01,1.3484606763079954e+01,1.3484606763079954e+01,9.1405158438382088e+00,7.7216634977759959e+00,1.1282938677878340e+01,1.1990390944429640e+01,1.1990390944429640e+01,1.1282938677878340e+01,8.3853815703049648e+00,1.3484606763079954e+01,1.3484606763079954e+01,1.1990390944429640e+01,1.3484606763079954e+01,1.1990390944429640e+01,9.1412339164228520e+00,1.1990390944429640e+01,1.1990390944429640e+01,9.1405158438382088e+00,1.1990390944429640e+01,1.1282938677878340e+01,1.3255653627242561e+01,1.3484606763079954e+01,1.3255653627242561e+01,1.3255653627242561e+01,5.5021826870890447e+00,1.7532427742568157e+00,9.1412339164228520e+00,1.3484606763079954e+01,9.1405158438382088e+00,4.9110708567551669e+00,1.3255653627242561e+01,9.1405158438382088e+00,1.7532427742568157e+00,9.1412339164228520e+00,7.1041077305688267e+00,1.3255653627242561e+01,9.1405158438382088e+00,9.5852486560917660e-01,1.7532427742568157e+00,1.1282938677878340e+01,1.3484606763079954e+01,1.3484606763079954e+01,4.9110708567551669e+00,1.1282938677878340e+01,1.3484606763079954e+01,1.3255653627242561e+01,1.1990390944429640e+01,9.5852486560917660e-01,1.7532427742568157e+00,0.0000000000000000e+00,1.3484606763079954e+01,1.7532427742568157e+00,1.3484606763079954e+01,9.1405158438382088e+00,1.3484606763079954e+01,9.1405158438382088e+00,8.3853815703049648e+00,1.1990390944429640e+01,7.7216634977759959e+00,1.1282938677878340e+01,1.1990390944429640e+01,1.3484606763079954e+01,1.3484606763079954e+01,1.3255653627242561e+01,9.5852486560917660e-01,1.1282938677878340e+01,9.5852486560917660e-01,1.1990390944429640e+01,1.3484606763079954e+01,1.3484606763079954e+01,3.7161795169637402e+00,1.3484606763079954e+01,3.7161795169637402e+00,1.3484606763079954e+01,8.3853815703049648e+00,3.7161795169637402e+00,1.3484606763079954e+01,1.3484606763079954e+01,1.3484606763079954e+01,9.5852486560917660e-01,1.3484606763079954e+01,1.1282938677878340e+01,5.5021826870890447e+00,1.3484606763079954e+01,9.1405158438382088e+00,8.3853815703049648e+00,3.7161795169637402e+00,5.5021826870890447e+00,5.5021826870890447e+00,1.1990390944429640e+01,1.3484606763079954e+01,1.1990390944429640e+01,9.1405158438382088e+00,1.1990390944429640e+01,8.3853815703049648e+00,7.1041077305688267e+00,1.3484606763079954e+01,1.3484606763079954e+01,0.0000000000000000e+00,2.8297117286414890e+00,1.3255653627242561e+01,1.1990390944429640e+01,3.7161795169637402e+00,5.5021826870890447e+00
1.1744117959353037e+01,8.6095966371168018e+00,8.6095966371168018e+00,8.6095966371168018e+00,6.5177490982378865e+00,8.7593474954065975e-01,1.1744117959353037e+01,1.7110616124714355e+00,8.6095966371168018e+00,8.6095966371168018e+00,6.5177490982378865e+00,6.5177490982378865e+00,3.6878332062862778e+00,1.1381115093658218e+01,1.0925572142414445e+01,1.1381115093658218e+01,8.7593474954065975e-01,1.1381115093658218e+01,0.0000000000000000e+00,1.1381115093658218e+01,1.1381115093658218e+01,6.5177490982378865e+00,2.9227920908551739e+00,1.1381115093658218e+01,1.1744117959353037e+01,6.5177490982378865e+00,1.1744117959353037e+01,1.1744117959353037e+01,1.3380547042652882e+01,1.1381115093658218e+01,6.5177490982378865e+00,1.1744117959353037e+01,1.1381115093658218e+01,5.5586193389088692e+00,8.6095966371168018e+00,1.3380547042652882e+01,1.1744117959353037e+01,1.1381115093658218e+01,2.9227920908551739e+00,1.3380547042652882e+01,1.3380547042652882e+01,1.1381115093658218e+01,0.0000000000000000e+00,1.0925572142414445e+01,1.3380547042652882e+01,8.6095966371168018e+00,8.6095966371168018e+00,8.7593474954065975e-01,8.6095966371168018e+00,1.1381115093658218e+01,1.3380547042652882e+01,1.3380547042652882e+01,8.6095966371168018e+00,6.5177490982378865e+00,1.3380547042652882e+01,3.6878332062862778e+00,1.3380547042652882e+01,8.4801208971244613e+00,1.3380547042652882e+01,5.5586193389088692e+00,4.5998592561607907e+00,1.3380547042652882e+01,1.0925572142414445e+01,2.9227920908551739e+00,4.5998592561607907e+00,1.0326197216386838e+01,8.6095966371168018e+00,1.1381115093658218e+01,1.1381115093658218e+01,1.1381115093658218e+01,1.7110616124714355e+00,5.5586193389088692e+00,5.5586193389088692e+00,1.3380547042652882e+01,8.4801208971244613e+00,8.6095966371168018e+00,1.1381115093658218e+01,1.3380547042652882e+01,1.3380547042652882e+01,1.3380547042652882e+01,1.7110616124714355e+00,1.7110616124714355e+00,4.5998592561607907e+00,6.5177490982378865e+00,1.0925572142414445e+01,1.0925572142414445e+01,4.5998592561607907e+00,1.0326197216386838e+01,1.0326197216386838e+01,1.0326197216386838e+01,8.7593474954065975e-01,4.5998592561607907e+00,4.5998592561607907e+00,1.0925572142414445e+01,3.6878332062862778e+00,2.9227920908551739e+00,1.3380547042652882e+01,1.0925572142414445e+01,6.5177490982378865e+00,1.3380547042652882e+01,8.6095966371168018e+00,1.0326197216386838e+01,1.1744117959353037e+01,8.6095966371168018e+00,1.0326197216386838e+01,8.4801208971244613e+00,5.5586193389088692e+00,1.0925572142414445e+01,1.1744117959353037e+01,1.1744117959353037e+01,1.1744117959353037e+01,8.6095966371168018e+00,1.1744117959353037e+01,1.1744117959353037e+01,1.1744117959353037e+01,2.9227920908551739e+00,1.1744117959353037e+01,1.1744117959353037e+01,1.7110616124714355e+00,8.4801208971244613e+00,1.1381115093658218e+01,8.4801208971244613e+00,1.1744117959353037e+01,5.5586193389088692e+00,1.0925572142414445e+01,1.3380547042652882e+01,1.0925572142414445e+01,1.3380547042652882e+01,8.6095966371168018e+00,6.5177490982378865e+00,8.4801208971244613e+00,8.6095966371168018e+00,4.5998592561607907e+00,5.5586193389088692e+00,5.5586193389088692e+00,5.5586193389088692e+00,4.5998592561607907e+00,1.1744117959353037e+01,8.4801208971244613e+00,1.1744117959353037e+01,1.3380547042652882e+01,1.1744117959353037e+01,4.5998592561607907e+00,5.5586193389088692e+00,8.6095966371168018e+00,5.5586193389088692e+00,1.1381115093658218e+01,1.1744117959353037e+01,1.0326197216386838e+01,8.6095966371168018e+00,1.0326197216386838e+01,5.5586193389088692e+00,1.1381115093658218e+01,8.4801208971244613e+00,8.6095966371168018e+00,1.0326197216386838e+01,8.4801208971244613e+00,1.0326197216386838e+01,3.6878332062862778e+00,8.7593474954065975e-01,1.1744117959353037e+01,7.3529109648271813e+00,1.0326197216386838e+01,1.3380547042652882e+01,1.3380547042652882e+01,8.4801208971244613e+00,1.1744117959353037e+01,8.4801208971244613e+00,1.3380547042652882e+01,1.1744117959353037e+01,1.0925572142414445e+01,1.0925572142414445e+01,1.0925572142414445e+01,1.1744117959353037e+01,1.1381115093658218e+01,1.0925572142414445e+01,8.6095966371168018e+00,6.5177490982378865e+00,1.1744117959353037e+01,1.0925572142414445e+01,0.0000000000000000e+00,0.0000000000000000e+00,5.5586193389088692e+00,8.4801208971244613e+00,2.9227920908551739e+00,6.5177490982378865e+00,1.3380547042652882e+01,5.5586193389088692e+00,1.0925572142414445e+01,1.0925572142414445e+01,8.6095966371168018e+00,1.0925572142414445e+01,8.4801208971244613e+00,1.7110616124714355e+00,1.3380547042652882e+01,1.3380547042652882e+01,1.3380547042652882e+01,1.1744117959353037e+01,1.1744117959353037e+01,1.1381115093658218e+01,1.3380547042652882e+01,1.1381115093658218e+01,1.1381115093658218e+01,1.1381115093658218e+01,6.5177490982378865e+00,1.1381115093658218e+01,1.1381115093658218e+01,2.9227920908551739e+00,7.3529109648271813e+00,1.1381115093658218e+01,7.3529109648271813e+00,1.0925572142414445e+01,1.0925572142414445e+01,1.0326197216386838e+01,1.7110616124714355e+00,6.5177490982378865e+00,1.1381115093658218e+01,4.5998592561607907e+00,3.6878332062862778e+00,1.1381115093658218e+01,7.3529109648271813e+00,8.4801208971244613e+00,3.6878332062862778e+00,1.3380547042652882e+01,0.0000000000000000e+00,5.5586193389088692e+00,1.1381115093658218e+01,1.3380547042652882e+01,1.1744117959353037e+01,1.0925572142414445e+01,8.4801208971244613e+00,1.0326197216386838e+01,1.0326197216386838e+01,6.5177490982378865e+00,1.0925572142414445e+01,1.7110616124714355e+00,8.7593474954065975e-01,1.1744117959353037e+01,4.5998592561607907e+00,1.3380547042652882e+01,2.9227920908551739e+00,8.4801208971244613e+00,2.9227920908551739e+00,0.0000000000000000e+00,1.3380547042652882e+01,4.5998592561607907e+00,8.6095966371168018e+00,1.0326197216386838e+01,1.0326197216386838e+01,6.5177490982378865e+00,8.4801208971244613e+00,1.1381115093658218e+01,1.3380547042652882e+01,5.5586193389088692e+00,5.5586193389088692e+00,1.1381115093658218e+01,1.1381115093658218e+01,0.0000000000000000e+00,7.3529109648271813e+00,7.3529109648271813e+00,1.0326197216386838e+01,1.1744117959353037e+01,1.0925572142414445e+01,3.6878332062862778e+00,8.4801208971244613e+00,1.0925572142414445e+01,1.3380547042652882e+01,1.3380547042652882e+01,1.3380547042652882e+01,1.0925572142414445e+01,1.7110616124714355e+00,1.0326197216386838e+01,8.7593474954065975e-01,1.0925572142414445e+01,1.0925572142414445e+01,1.0925572142414445e+01,1.0925572142414445e+01,1.0925572142414445e+01,1.3380547042652882e+01,1.3380547042652882e+01,1.1381115093658218e+01,7.3529109648271813e+00,1.0326197216386838e+01,1.0925572142414445e+01,1.0326197216386838e+01,1.3380547042652882e+01,1.0326197216386838e+01,7.3529109648271813e+00,2.9227920908551739e+00,5.5586193389088692e+00,8.4801208971244613e+00,4.5998592561607907e+00,2.9227920908551739e+00,1.0326197216386838e+01,0.0000000000000000e+00,4.5998592561607907e+00,1.1744117959353037e+01,1.0925572142414445e+01,1.7110616124714355e+00,0.0000000000000000e+00,1.1381115093658218e+01,1.1381115093658218e+01,1.1744117959353037e+01,4.5998592561607907e+00,1.1744117959353037e+01,1.3380547042652882e+01,7.3529109648271813e+00,8.6095966371168018e+00,8.6095966371168018e+00,1.1744117959353037e+01,8.4801208971244613e+00,8.4801208971244613e+00,1.0925572142414445e+01,1.1744117959353037e+01,1.0326197216386838e+01,0.0000000000000000e+00,1.0326197216386838e+01,8.7593474954065975e-01,1.1744117959353037e+01,1.7110616124714355e+00,1.3380547042652882e+01,7.3529109648271813e+00,1.3380547042652882e+01,3.6878332062862778e+00,8.4801208971244613e+00,1.1744117959353037e+01,1.3380547042652882e+01,4.5998592561607907e+00,6.5177490982378865e+00,8.4801208971244613e+00,1.1744117959353037e+01,1.0925572142414445e+01,8.4801208971244613e+00,8.4801208971244613e+00,5.5586193389088692e+00,8.4801208971244613e+00,8.4801208971244613e+00,1.0326197216386838e+01,3.6878332062862778e+00,1.1744117959353037e+01,1.1744117959353037e+01,8.4801208971244613e+00,1.0925572142414445e+01,4.5998592561607907e+00,1.1744117959353037e+01,1.1744117959353037e+01,1.1744117959353037e+01,8.4801208971244613e+00,4.5998592561607907e+00,6.5177490982378865e+00,1.1381115093658218e+01,1.1744117959353037e+01,1.1744117959353037e+01,1.1744117959353037e+01,0.0000000000000000e+00,1.1744117959353037e+01,2.9227920908551739e+00,1.3380547042652882e+01,1.7110616124714355e+00,1.3380547042652882e+01,1.3380547042652882e+01,6.5177490982378865e+00,8.4801208971244613e+00,1.3380547042652882e+01,1.3380547042652882e+01,2.9227920908551739e+00,1.3380547042652882e+01,1.3380547042652882e+01,1.7110616124714355e+00,5.5586193389088692e+00,5.5586193389088692e+00,1.3380547042652882e+01,0.0000000000000000e+00,4.5998592561607907e+00,8.4801208971244613e+00,1.3380547042652882e+01,8.4801208971244613e+00,5.5586193389088692e+00,8.4801208971244613e+00,1.3380547042652882e+01,1.3380547042652882e+01,1.3380547042652882e+01,5.5586193389088692e+00,8.6095966371168018e+00,1.3380547042652882e+01,1.3380547042652882e+01,1.1744117959353037e+01,1.0925572142414445e+01,1.1744117959353037e+01,1.1744117959353037e+01,1.1744117959353037e+01,7.3529109648271813e+00,1.0925572142414445e+01,1.0925572142414445e+01,1.1381115093658218e+01,4.5998592561607907e+00,8.4801208971244613e+00,1.1744117959353037e+01,8.6095966371168018e+00,4.5998592561607907e+00,1.1744117959353037e+01,1.1744117959353037e+01,1.0925572142414445e+01,8.4801208971244613e+00,8.4801208971244613e+00,1.0326197216386838e+01,1.1744117959353037e+01,1.1744117959353037e+01,1.1744117959353037e+01,1.3380547042652882e+01,1.7110616124714355e+00,3.6878332062862778e+00,1.1744117959353037e+01,5.5586193389088692e+00,3.6878332062862778e+00,1.0925572142414445e+01,5.5586193389088692e+00,4.5998592561607907e+00,1.3380547042652882e+01,4.5998592561607907e+00,8.4801208971244613e+00,8.7593474954065975e-01,1.0925572142414445e+01,1.1744117959353037e+01,1.0925572142414445e+01,8.4801208971244613e+00,1.1744117959353037e+01,6.5177490982378865e+00,7.3529109648271813e+00,6.5177490982378865e+00,8.7593474954065975e-01,8.6095966371168018e+00,0.0000000000000000e+00,3.6878332062862778e+00,1.0925572142414445e+01,6.5177490982378865e+00,1.1744117959353037e+01,4.5998592561607907e+00,8.6095966371168018e+00,8.6095966371168018e+00,3.6878332062862778e+00,3.6878332062862778e+00,5.5586193389088692e+00,1.0925572142414445e+01,1.1381115093658218e+01,1.1744117959353037e+01,1.1381115093658218e+01,1.1381115093658218e+01,1.1381115093658218e+01,1.1744117959353037e+01,5.5586193389088692e+00,1.0925572142414445e+01,1.1381115093658218e+01,1.3380547042652882e+01,1.3380547042652882e+01,0.0000000000000000e+00,1.1381115093658218e+01,2.9227920908551739e+00,1.1744117959353037e+01,1.1381115093658218e+01,1.3380547042652882e+01,1.3380547042652882e+01,1.3380547042652882e+01,1.1744117959353037e+01,1.1744117959353037e+01,0.0000000000000000e+00,1.7110616124714355e+00,6.5177490982378865e+00,1.1744117959353037e+01,4.5998592561607907e+00,1.1744117959353037e+01,1.3380547042652882e+01,4.5998592561607907e+00,6.5177490982378865e+00,1.0925572142414445e+01,1.7110616124714355e+00,1.0925572142414445e+01,1.1744117959353037e+01,8.4801208971244613e+00,1.0925572142414445e+01,1.1744117959353037e+01,1.1744117959353037e+01,1.0925572142414445e+01,3.6878332062862778e+00,0.0000000000000000e+00,1.1744117959353037e+01,2.9227920908551739e+00,1.1744117959353037e+01,5.5586193389088692e+00,1.1744117959353037e+01,1.1381115093658218e+01,6.5177490982378865e+00,1.1381115093658218e+01,1.3380547042652882e+01,8.4801208971244613e+00,1.1744117959353037e+01,1.3380547042652882e+01,8.7593474954065975e-01,1.1744117959353037e+01,1.0326197216386838e+01,4.5998592561607907e+00,0.0000000000000000e+00,1.1744117959353037e+01,3.6878332062862778e+00,1.0925572142414445e+01,1.0925572142414445e+01,3.6878332062862778e+00,1.1744117959353037e+01,1.0925572142414445e+01,1.0925572142414445e+01,1.3380547042652882e+01,1.0925572142414445e+01,1.3380547042652882e+01,1.0326197216386838e+01,1.0925572142414445e+01,1.0326197216386838e+01,8.6095966371168018e+00,1.1381115093658218e+01,1.1381115093658218e+01,8.4801208971244613e+00,5.5586193389088692e+00,5.5586193389088692e+00,8.6095966371168018e+00,1.0925572142414445e+01,4.5998592561607907e+00,1.0925572142414445e+01,1.0925572142414445e+01,8.4801208971244613e+00,8.7593474954065975e-01,1.1744117959353037e+01,1.7110616124714355e+00,6.5177490982378865e+00,1.1381115093658218e+01,1.3380547042652882e+01,6.5177490982378865e+00,8.4801208971244613e+00,4.5998592561607907e+00,1.1744117959353037e+01,1.0925572142414445e+01,5.5586193389088692e+00,6.5177490982378865e+00,1.0925572142414445e+01,6.5177490982378865e+00,1.0925572142414445e+01,1.0326197216386838e+01,1.0326197216386838e+01,1.3380547042652882e+01,1.7110616124714355e+00,1.3380547042652882e+01,1.0925572142414445e+01,1.3380547042652882e+01,1.3380547042652882e+01,1.3380547042652882e+01,1.1381115093658218e+01,1.1381115093658218e+01,2.9227920908551739e+00,3.6878332062862778e+00,1.3380547042652882e+01,1.0925572142414445e+01,8.4801208971244613e+00,1.1744117959353037e+01,1.3380547042652882e+01,1.0326197216386838e+01,1.0925572142414445e+01,2.9227920908551739e+00,1.0326197216386838e+01,1.1381115093658218e+01,6.5177490982378865e+00,1.1381115093658218e+01,4.5998592561607907e+00,1.0925572142414445e+01,6.5177490982378865e+00,2.9227920908551739e+00,8.4801208971244613e+00,1.3380547042652882e+01,1.3380547042652882e+01,4.5998592561607907e+00,6.5177490982378865e+00,3.6878332062862778e+00,1.0326197216386838e+01,4.5998592561607907e+00,8.7593474954065975e-01,8.7593474954065975e-01,3.6878332062862778e+00,3.6878332062862778e+00,8.4801208971244613e+00,1.0326197216386838e+01,7.3529109648271813e+00,5.5586193389088692e+00,1.0326197216386838e+01,5.5586193389088692e+00,8.6095966371168018e+00,3.6878332062862778e+00,1.0326197216386838e+01,1.3380547042652882e+01,1.3380547042652882e+01,7.3529109648271813e+00,5.5586193389088692e+00,1.1744117959353037e+01,1.0925572142414445e+01,1.1744117959353037e+01,1.7110616124714355e+00,1.1744117959353037e+01,3.6878332062862778e+00,7.3529109648271813e+00,7.3529109648271813e+00,0.0000000000000000e+00,1.0925572142414445e+01,3.6878332062862778e+00,8.4801208971244613e+00,1.1744117959353037e+01,4.5998592561607907e+00,1.1744117959353037e+01,3.6878332062862778e+00,7.3529109648271813e+00,8.7593474954065975e-01,2.9227920908551739e+00,1.7110616124714355e+00,1.0925572142414445e+01,5.5586193389088692e+00,8.4801208971244613e+00,1.1381115093658218e+01,0.0000000000000000e+00,5.5586193389088692e+00,6.5177490982378865e+00,8.4801208971244613e+00,1.0925572142414445e+01,1.0925572142414445e+01,1.1744117959353037e+01,1.0326197216386838e+01,1.0326197216386838e+01,1.0925572142414445e+01,0.0000000000000000e+00,4.5998592561607907e+00,4.5998592561607907e+00,4.5998592561607907e+00,1.7110616124714355e+00,8.7593474954065975e-01,1.0925572142414445e+01,1.3380547042652882e+01,6.5177490982378865e+00,1.7110616124714355e+00,1.3380547042652882e+01,0.0000000000000000e+00,1.1381115093658218e+01,3.6878332062862778e+00,6.5177490982378865e+00,0.0000000000000000e+00,1.3380547042652882e+01,1.1744117959353037e+01,8.4801208971244613e+00,1.1381115093658218e+01,1.0925572142414445e+01,3.6878332062862778e+00,1.0925572142414445e+01,1.1381115093658218e+01,8.4801208971244613e+00,6.5177490982378865e+00,8.6095966371168018e+00,1.0326197216386838e+01,2.9227920908551739e+00,1.1744117959353037e+01,1.0326197216386838e+01,8.7593474954065975e-01,1.0326197216386838e+01,8.7593474954065975e-01,1.3380547042652882e+01,1.1381115093658218e+01,5.5586193389088692e+00,4.5998592561607907e+00,7.3529109648271813e+00,1.7110616124714355e+00,1.3380547042652882e+01,4.5998592561607907e+00,1.0326197216386838e+01,8.4801208971244613e+00,4.5998592561607907e+00,0.0000000000000000e+00,8.6095966371168018e+00,8.6095966371168018e+00,8.6095966371168018e+00,1.1744117959353037e+01,1.7110616124714355e+00,1.1381115093658218e+01,5.5586193389088692e+00,1.0326197216386838e+01,1.1381115093658218e+01,7.3529109648271813e+00,1.1744117959353037e+01,3.6878332062862778e+00,1.0326197216386838e+01,5.5586193389088692e+00,1.1744117959353037e+01,3.6878332062862778e+00,8.7593474954065975e-01,2.9227920908551739e+00,1.1744117959353037e+01,1.3380547042652882e+01,2.9227920908551739e+00,1.0326197216386838e+01,1.1744117959353037e+01,1.1381115093658218e+01,1.1381115093658218e+01,1.1381115093658218e+01,1.7110616124714355e+00,1.0925572142414445e+01,1.1744117959353037e+01,1.7110616124714355e+00,1.0925572142414445e+01,1.1381115093658218e+01,1.1381115093658218e+01,0.0000000000000000e+00,4.5998592561607907e+00,1.1381115093658218e+01,1.0925572142414445e+01,8.4801208971244613e+00,1.1744117959353037e+01,1.1744117959353037e+01,1.1381115093658218e+01,1.0925572142414445e+01,7.3529109648271813e+00,1.0925572142414445e+01,1.0925572142414445e+01,1.3380547042652882e+01,1.3380547042652882e+01,1.3380547042652882e+01,1.3380547042652882e+01,8.4801208971244613e+00,1.1744117959353037e+01,1.0925572142414445e+01,8.7593474954065975e-01,1.0326197216386838e+01,1.0326197216386838e+01,7.3529109648271813e+00,8.4801208971244613e+00,1.3380547042652882e+01,1.0925572142414445e+01,4.5998592561607907e+00,4.5998592561607907e+00,1.1744117959353037e+01,1.0925572142414445e+01,6.5177490982378865e+00,1.3380547042652882e+01,1.0925572142414445e+01,8.7593474954065975e-01,1.0925572142414445e+01,1.1381115093658218e+01,5.5586193389088692e+00,1.1744117959353037e+01,5.5586193389088692e+00,1.1381115093658218e+01,4.5998592561607907e+00,4.5998592561607907e+00,8.6095966371168018e+00,4.5998592561607907e+00,1.1744117959353037e+01,1.1744117959353037e+01,1.1744117959353037e+01,1.1744117959353037e+01,1.1744117959353037e+01,4.5998592561607907e+00,0.0000000000000000e+00,1.1744117959353037e+01,1.1744117959353037e+01,1.3380547042652882e+01,1.1744117959353037e+01,1.3380547042652882e+01,8.6095966371168018e+00,8.6095966371168018e+00,8.6095966371168018e+00,6.5177490982378865e+00,8.6095966371168018e+00,1.1744117959353037e+01,1.1381115093658218e+01,8.6095966371168018e+00,1.1381115093658218e+01,8.4801208971244613e+00,1.0925572142414445e+01,1.0925572142414445e+01,3.6878332062862778e+00,6.5177490982378865e+00,1.0925572142414445e+01,1.0925572142414445e+01,8.4801208971244613e+00,1.0925572142414445e+01,1.3380547042652882e+01,1.0925572142414445e+01,1.0925572142414445e+01,1.3380547042652882e+01,1.1744117959353037e+01,4.5998592561607907e+00,1.0925572142414445e+01,1.0925572142414445e+01,1.3380547042652882e+01,1.1744117959353037e+01,7.3529109648271813e+00,1.1744117959353037e+01,1.0925572142414445e+01,7.3529109648271813e+00,8.4801208971244613e+00,7.3529109648271813e+00,1.1744117959353037e+01,1.0925572142414445e+01,3.6878332062862778e+00,5.5586193389088692e+00,8.6095966371168018e+00,7.3529109648271813e+00,1.0925572142414445e+01,1.1381115093658218e+01,1.1381115093658218e+01,7.3529109648271813e+00,1.0925572142414445e+01,0.0000000000000000e+00,7.3529109648271813e+00,1.0326197216386838e+01,1.0925572142414445e+01,1.0925572142414445e+01,1.1381115093658218e+01,2.9227920908551739e+00,1.0326197216386838e+01,6.5177490982378865e+00,1.3380547042652882e+01,2.9227920908551739e+00,6.5177490982378865e+00,1.1381115093658218e+01,1.1381115093658218e+01,1.0326197216386838e+01,1.1381115093658218e+01,1.7110616124714355e+00,1.1744117959353037e+01,5.5586193389088692e+00,0.0000000000000000e+00,1.3380547042652882e+01,1.1381115093658218e+01,1.1744117959353037e+01,1.3380547042652882e+01,1.1744117959353037e+01,1.1744117959353037e+01,1.3380547042652882e+01,1.1744117959353037e+01,1.1744117959353037e+01,5.5586193389088692e+00,1.1744117959353037e+01,8.4801208971244613e+00,5.5586193389088692e+00,2.9227920908551739e+00,1.1744117959353037e+01,8.4801208971244613e+00,1.1744117959353037e+01,4.5998592561607907e+00,1.1381115093658218e+01,8.4801208971244613e+00,8.4801208971244613e+00,1.7110616124714355e+00,1.0326197216386838e+01,1.1744117959353037e+01,8.4801208971244613e+00,8.4801208971244613e+00,1.0326197216386838e+01,1.0925572142414445e+01,8.4801208971244613e+00,1.0326197216386838e+01,4.5998592561607907e+00,8.4801208971244613e+00,1.0326197216386838e+01,1.7110616124714355e+00,1.1744117959353037e+01,1.0326197216386838e+01,1.1381115093658218e+01,1.1381115093658218e+01,1.1381115093658218e+01,8.6095966371168018e+00,1.1381115093658218e+01,6.5177490982378865e+00,8.4801208971244613e+00,7.3529109648271813e+00,8.7593474954065975e-01,0.0000000000000000e+00,1.1381115093658218e+01,8.4801208971244613e+00,6.5177490982378865e+00,1.0326197216386838e+01,1.1744117959353037e+01,1.1744117959353037e+01,1.1381115093658218e+01,3.6878332062862778e+00,1.3380547042652882e+01,1.0925572142414445e+01,1.1744117959353037e+01,1.0925572142414445e+01,8.7593474954065975e-01,1.0326197216386838e+01,8.7593474954065975e-01,1.0326197216386838e+01,8.7593474954065975e-01,1.1744117959353037e+01,5.5586193389088692e+00,5.5586193389088692e+00,6.5177490982378865e+00,1.0925572142414445e+01,3.6878332062862778e+00,7.3529109648271813e+00,1.7110616124714355e+00,1.0925572142414445e+01,1.3380547042652882e+01,3.6878332062862778e+00,1.0326197216386838e+01,1.3380547042652882e+01,6.5177490982378865e+00,1.0925572142414445e+01,1.0925572142414445e+01,1.0925572142414445e+01,1.0925572142414445e+01,3.6878332062862778e+00,1.0925572142414445e+01,1.0925572142414445e+01,1.3380547042652882e+01,1.3380547042652882e+01,1.0925572142414445e+01,1.1744117959353037e+01,1.1744117959353037e+01,3.6878332062862778e+00,1.1381115093658218e+01,1.3380547042652882e+01,1.0925572142414445e+01,4.5998592561607907e+00,1.0925572142414445e+01,1.0326197216386838e+01,1.0326197216386838e+01,1.0326197216386838e+01,7.3529109648271813e+00,1.0925572142414445e+01,1.7110616124714355e+00,1.3380547042652882e+01,1.1381115093658218e+01,1.1381115093658218e+01,8.7593474954065975e-01,7.3529109648271813e+00,1.0326197216386838e+01,1.0925572142414445e+01,4.5998592561607907e+00,1.0925572142414445e+01,1.0326197216386838e+01,1.0326197216386838e+01,1.1744117959353037e+01,6.5177490982378865e+00,1.3380547042652882e+01,1.0326197216386838e+01,1.3380547042652882e+01,1.0326197216386838e+01,8.6095966371168018e+00,1.3380547042652882e+01,4.5998592561607907e+00,0.0000000000000000e+00,1.0925572142414445e+01,1.1381115093658218e+01,1.0326197216386838e+01,1.0925572142414445e+01,1.1381115093658218e+01,1.1744117959353037e+01,1.1381115093658218e+01,1.1381115093658218e+01,1.1381115093658218e+01,1.1381115093658218e+01,1.0326197216386838e+01,1.0925572142414445e+01,8.6095966371168018e+00,1.0925572142414445e+01,1.1381115093658218e+01,6.5177490982378865e+00,6.5177490982378865e+00,1.0925572142414445e+01,8.4801208971244613e+00,8.6095966371168018e+00,8.6095966371168018e+00,8.6095966371168018e+00,1.0925572142414445e+01,6.5177490982378865e+00,7.3529109648271813e+00,7.3529109648271813e+00,7.3529109648271813e+00,1.1381115093658218e+01,0.0000000000000000e+00,4.5998592561607907e+00,3.6878332062862778e+00,1.0326197216386838e+01,1.1381115093658218e+01,4.5998592561607907e+00,1.0925572142414445e+01,4.5998592561607907e+00,1.0925572142414445e+01,1.3380547042652882e+01,2.9227920908551739e+00,2.9227920908551739e+00,2.9227920908551739e+00,8.6095966371168018e+00,8.4801208971244613e+00,4.5998592561607907e+00,8.4801208971244613e+00,8.4801208971244613e+00
1.2046900643803147e+01,1.2046900643803147e+01,0.0000000000000000e+00,1.2046900643803147e+01,1.2046900643803147e+01,1.2046900643803147e+01,2.7993787593669204e+00,1.3646663204488481e+01,1.2046900643803147e+01,1.2046900643803147e+01,7.6348451497755860e+00,1.2046900643803147e+01,1.2046900643803147e+01,6.5364740208394467e+00,7.6348451497755860e+00,8.5279527122797969e+00,1.1692197001783072e+01,1.2046900643803147e+01,7.6348451497755860e+00,1.4116816738418091e+01,8.3248477694747542e+00,2.7993787593669204e+00,3.5982720903404393e+00,1.2046900643803147e+01,1.2046900643803147e+01,8.5576155618616423e-01,1.2046900643803147e+01,0.0000000000000000e+00,1.2046900643803147e+01,1.1692197001783072e+01,1.1692197001783072e+01,8.3248477694747542e+00,1.0942250196102497e+01,1.0942250196102497e+01,1.2046900643803147e+01,6.5364740208394467e+00,1.2046900643803147e+01,8.5279527122797969e+00,8.5279527122797969e+00,1.4116816738418091e+01,1.2046900643803147e+01,3.5982720903404393e+00,5.6846790183747089e+00,1.2046900643803147e+01,5.6846790183747089e+00,1.7681717881908223e+00,8.3248477694747542e+00,1.7681717881908223e+00,1.2046900643803147e+01,8.3248477694747542e+00,2.7993787593669204e+00,2.7993787593669204e+00,1.3646663204488481e+01,1.3646663204488481e+01,4.5240371548769414e+00,1.0942250196102497e+01,1.7681717881908223e+00,1.2046900643803147e+01,0.0000000000000000e+00,7.6348451497755860e+00,0.0000000000000000e+00,1.3646663204488481e+01,1.3646663204488481e+01,1.3646663204488481e+01,1.1692197001783072e+01,1.2046900643803147e+01,1.1692197001783072e+01,1.2046900643803147e+01,7.6348451497755860e+00,1.1692197001783072e+01,1.1692197001783072e+01,2.7993787593669204e+00,1.1692197001783072e+01,4.5240371548769414e+00,1.1692197001783072e+01,1.3646663204488481e+01,1.2046900643803147e+01,1.3646663204488481e+01,1.3646663204488481e+01,1.3646663204488481e+01,1.4116816738418091e+01,3.5982720903404393e+00,3.5982720903404393e+00,4.5240371548769414e+00,8.3248477694747542e+00,3.5982720903404393e+00,1.2046900643803147e+01,1.3646663204488481e+01,1.7681717881908223e+00,6.5364740208394467e+00,6.5364740208394467e+00,6.5364740208394467e+00,1.2046900643803147e+01,6.5364740208394467e+00,6.5364740208394467e+00,0.0000000000000000e+00,7.6348451497755860e+00,1.2046900643803147e+01,1.1692197001783072e+01,1.2046900643803147e+01,3.5982720903404393e+00,1.3646663204488481e+01,1.0942250196102497e+01,8.5576155618616423e-01,1.3646663204488481e+01,2.7993787593669204e+00,1.1692197001783072e+01,4.5240371548769414e+00,1.1692197001783072e+01,1.1692197001783072e+01,1.2046900643803147e+01,1.1692197001783072e+01,4.5240371548769414e+00,1.3646663204488481e+01,5.6846790183747089e+00,7.6348451497755860e+00,7.6348451497755860e+00,8.5279527122797969e+00,3.5982720903404393e+00,8.3248477694747542e+00,1.1692197001783072e+01,1.4116816738418091e+01,1.1692197001783072e+01,1.1692197001783072e+01,1.7681717881908223e+00,8.3248477694747542e+00,1.1692197001783072e+01,1.3646663204488481e+01,1.1692197001783072e+01,1.4116816738418091e+01,7.6348451497755860e+00,1.3646663204488481e+01,1.3646663204488481e+01,1.2046900643803147e+01,1.3646663204488481e+01,8.5279527122797969e+00,1.3646663204488481e+01,3.5982720903404393e+00,3.5982720903404393e+00,1.3646663204488481e+01,1.2046900643803147e+01,1.2046900643803147e+01,1.4116816738418091e+01,8.3248477694747542e+00,8.5279527122797969e+00,8.5279527122797969e+00,8.5279527122797969e+00,1.3646663204488481e+01,1.2046900643803147e+01,1.2046900643803147e+01,1.2046900643803147e+01,4.5240371548769414e+00,4.5240371548769414e+00,1.2046900643803147e+01,3.5982720903404393e+00,3.5982720903404393e+00,8.5279527122797969e+00,3.5982720903404393e+00,4.5240371548769414e+00,1.2046900643803147e+01,1.2046900643803147e+01,1.2046900643803147e+01,6.5364740208394467e+00,1.7681717881908223e+00,1.2046900643803147e+01,8.5576155618616423e-01,3.5982720903404393e+00,8.5279527122797969e+00,1.4116816738418091e+01,0.0000000000000000e+00,1.0942250196102497e+01,8.5279527122797969e+00,8.3248477694747542e+00,1.2046900643803147e+01,1.2046900643803147e+01,8.5576155618616423e-01,1.2046900643803147e+01,1.7681717881908223e+00,1.3646663204488481e+01,1.2046900643803147e+01,1.1692197001783072e+01,1.2046900643803147e+01,8.5279527122797969e+00,1.1692197001783072e+01,8.5279527122797969e+00,1.3646663204488481e+01,8.5279527122797969e+00,1.3646663204488481e+01,4.5240371548769414e+00,3.5982720903404393e+00,1.3646663204488481e+01,1.2046900643803147e+01,8.3248477694747542e+00,1.1692197001783072e+01,1.4116816738418091e+01,1.7681717881908223e+00,8.5576155618616423e-01,0.0000000000000000e+00,6.5364740208394467e+00,1.1692197001783072e+01,1.2046900643803147e+01,1.1692197001783072e+01,4.5240371548769414e+00,1.1692197001783072e+01,1.3646663204488481e+01,1.3646663204488481e+01,5.6846790183747089e+00,1.1692197001783072e+01,1.1692197001783072e+01,5.6846790183747089e+00,1.1692197001783072e+01,0.0000000000000000e+00,6.5364740208394467e+00,1.1692197001783072e+01,0.0000000000000000e+00,1.0942250196102497e+01,1.1692197001783072e+01,1.0942250196102497e+01,1.1692197001783072e+01,1.1692197001783072e+01,2.7993787593669204e+00,1.4116816738418091e+01,1.1692197001783072e+01,8.3248477694747542e+00,1.1692197001783072e+01,0.0000000000000000e+00,5.6846790183747089e+00,1.0942250196102497e+01,1.2046900643803147e+01,1.2046900643803147e+01,8.5279527122797969e+00,1.7681717881908223e+00,8.5576155618616423e-01,8.5576155618616423e-01,8.5279527122797969e+00,6.5364740208394467e+00,4.5240371548769414e+00,2.7993787593669204e+00,1.1692197001783072e+01,5.6846790183747089e+00,1.3646663204488481e+01,8.5576155618616423e-01,1.3646663204488481e+01,8.5576155618616423e-01,8.5279527122797969e+00,1.4116816738418091e+01,1.7681717881908223e+00,5.6846790183747089e+00,4.5240371548769414e+00,1.3646663204488481e+01,1.3646663204488481e+01,8.5576155618616423e-01,1.2046900643803147e+01,8.3248477694747542e+00,1.0942250196102497e+01,8.3248477694747542e+00,1.2046900643803147e+01,8.3248477694747542e+00,1.2046900643803147e+01,1.2046900643803147e+01,1.2046900643803147e+01,0.0000000000000000e+00,7.6348451497755860e+00,8.5279527122797969e+00,2.7993787593669204e+00,8.5279527122797969e+00,1.3646663204488481e+01,8.5576155618616423e-01,7.6348451497755860e+00,6.5364740208394467e+00,8.5279527122797969e+00,1.2046900643803147e+01,1.4116816738418091e+01,1.2046900643803147e+01,2.7993787593669204e+00,4.5240371548769414e+00,8.5279527122797969e+00,2.7993787593669204e+00,1.2046900643803147e+01,1.1692197001783072e+01,1.1692197001783072e+01,1.2046900643803147e+01,8.5576155618616423e-01,8.5576155618616423e-01,1.2046900643803147e+01,8.5576155618616423e-01,1.1692197001783072e+01,1.2046900643803147e+01,1.2046900643803147e+01,1.2046900643803147e+01,6.5364740208394467e+00,1.2046900643803147e+01,8.5279527122797969e+00,1.4116816738418091e+01,6.5364740208394467e+00,1.1692197001783072e+01,1.0942250196102497e+01,1.3646663204488481e+01,1.4116816738418091e+01,1.4116816738418091e+01,1.4116816738418091e+01,1.4116816738418091e+01,1.2046900643803147e+01,8.5279527122797969e+00,7.6348451497755860e+00,1.3646663204488481e+01,1.4116816738418091e+01,6.5364740208394467e+00,1.0942250196102497e+01,5.6846790183747089e+00,7.6348451497755860e+00,1.4116816738418091e+01,8.5279527122797969e+00,8.5279527122797969e+00,8.3248477694747542e+00,2.7993787593669204e+00,2.7993787593669204e+00,0.0000000000000000e+00,5.6846790183747089e+00,1.2046900643803147e+01,1.2046900643803147e+01,1.7681717881908223e+00,5.6846790183747089e+00,1.4116816738418091e+01,7.6348451497755860e+00,8.5279527122797969e+00,8.3248477694747542e+00,8.3248477694747542e+00,8.5279527122797969e+00,8.5279527122797969e+00,1.2046900643803147e+01,1.4116816738418091e+01,8.5279527122797969e+00,8.5279527122797969e+00,1.3646663204488481e+01,1.3646663204488481e+01,1.4116816738418091e+01,1.3646663204488481e+01,8.5279527122797969e+00,8.5279527122797969e+00,8.5279527122797969e+00,0.0000000000000000e+00,1.4116816738418091e+01,8.5279527122797969e+00,5.6846790183747089e+00,1.7681717881908223e+00,8.5576155618616423e-01,1.0942250196102497e+01,1.4116816738418091e+01,8.5279527122797969e+00,1.7681717881908223e+00,1.4116816738418091e+01,1.0942250196102497e+01,1.4116816738418091e+01,8.5279527122797969e+00,3.5982720903404393e+00,8.3248477694747542e+00,1.4116816738418091e+01,2.7993787593669204e+00,1.1692197001783072e+01,6.5364740208394467e+00,6.5364740208394467e+00,8.5279527122797969e+00,8.5279527122797969e+00,8.5279527122797969e+00,1.1692197001783072e+01,1.1692197001783072e+01,1.7681717881908223e+00,1.7681717881908223e+00,8.3248477694747542e+00,8.3248477694747542e+00,1.2046900643803147e+01,8.5279527122797969e+00,5.6846790183747089e+00,5.6846790183747089e+00,1.1692197001783072e+01,5.6846790183747089e+00,1.1692197001783072e+01,8.5576155618616423e-01,5.6846790183747089e+00,8.5279527122797969e+00,1.4116816738418091e+01,1.7681717881908223e+00,3.5982720903404393e+00,1.0942250196102497e+01,1.1692197001783072e+01,1.1692197001783072e+01,1.7681717881908223e+00,1.3646663204488481e+01,1.3646663204488481e+01,1.1692197001783072e+01,1.1692197001783072e+01,1.3646663204488481e+01,1.4116816738418091e+01,1.3646663204488481e+01,4.5240371548769414e+00,3.5982720903404393e+00,1.0942250196102497e+01,1.1692197001783072e+01,1.4116816738418091e+01,8.5279527122797969e+00,7.6348451497755860e+00,1.4116816738418091e+01,8.5279527122797969e+00,8.3248477694747542e+00,2.7993787593669204e+00,8.5279527122797969e+00,8.5279527122797969e+00,1.2046900643803147e+01,2.7993787593669204e+00,4.5240371548769414e+00,5.6846790183747089e+00,1.4116816738418091e+01,1.1692197001783072e+01,1.1692197001783072e+01,1.1692197001783072e+01,1.1692197001783072e+01,1.7681717881908223e+00,3.5982720903404393e+00,8.5576155618616423e-01,7.6348451497755860e+00,0.0000000000000000e+00,5.6846790183747089e+00,1.4116816738418091e+01,1.4116816738418091e+01,8.5576155618616423e-01,5.6846790183747089e+00,5.6846790183747089e+00,3.5982720903404393e+00,6.5364740208394467e+00,6.5364740208394467e+00,1.4116816738418091e+01,0.0000000000000000e+00,3.5982720903404393e+00,1.1692197001783072e+01,1.1692197001783072e+01,1.1692197001783072e+01,5.6846790183747089e+00,1.1692197001783072e+01,7.6348451497755860e+00,1.1692197001783072e+01,8.5279527122797969e+00,1.3646663204488481e+01,1.4116816738418091e+01,6.5364740208394467e+00,1.7681717881908223e+00,8.5279527122797969e+00,8.5279527122797969e+00,8.5279527122797969e+00,7.6348451497755860e+00,1.1692197001783072e+01,1.7681717881908223e+00,7.6348451497755860e+00,2.7993787593669204e+00,5.6846790183747089e+00,5.6846790183747089e+00,1.2046900643803147e+01,5.6846790183747089e+00,2.7993787593669204e+00,3.5982720903404393e+00,1.4116816738418091e+01,4.5240371548769414e+00,8.5279527122797969e+00,1.2046900643803147e+01,0.0000000000000000e+00,5.6846790183747089e+00,8.5279527122797969e+00,6.5364740208394467e+00,1.2046900643803147e+01,6.5364740208394467e+00,1.0942250196102497e+01,1.4116816738418091e+01,4.5240371548769414e+00,1.7681717881908223e+00,1.3646663204488481e+01,5.6846790183747089e+00,0.0000000000000000e+00,8.5279527122797969e+00,8.5279527122797969e+00,8.5279527122797969e+00,8.5279527122797969e+00,1.4116816738418091e+01,5.6846790183747089e+00,1.7681717881908223e+00,1.0942250196102497e+01,1.0942250196102497e+01,1.2046900643803147e+01,1.2046900643803147e+01,0.0000000000000000e+00,6.5364740208394467e+00,6.5364740208394467e+00,6.5364740208394467e+00,6.5364740208394467e+00,6.5364740208394467e+00,6.5364740208394467e+00,8.5279527122797969e+00,1.4116816738418091e+01,1.1692197001783072e+01,1.1692197001783072e+01,1.4116816738418091e+01,1.4116816738418091e+01,8.5279527122797969e+00,1.4116816738418091e+01,8.3248477694747542e+00,1.4116816738418091e+01,8.3248477694747542e+00,5.6846790183747089e+00,5.6846790183747089e+00,8.3248477694747542e+00,1.0942250196102497e+01,1.0942250196102497e+01,1.0942250196102497e+01,5.6846790183747089e+00,1.0942250196102497e+01,8.5576155618616423e-01,1.2046900643803147e+01,1.7681717881908223e+00,8.5279527122797969e+00,1.1692197001783072e+01,1.0942250196102497e+01,0.0000000000000000e+00,1.4116816738418091e+01,1.1692197001783072e+01,8.5279527122797969e+00,1.4116816738418091e+01,1.4116816738418091e+01,1.1692197001783072e+01,1.4116816738418091e+01,8.5279527122797969e+00,3.5982720903404393e+00,7.6348451497755860e+00,1.4116816738418091e+01,1.0942250196102497e+01,3.5982720903404393e+00,6.5364740208394467e+00,5.6846790183747089e+00,0.0000000000000000e+00,1.1692197001783072e+01,1.7681717881908223e+00,6.5364740208394467e+00,3.5982720903404393e+00,1.1692197001783072e+01,4.5240371548769414e+00,4.5240371548769414e+00,1.4116816738418091e+01,1.4116816738418091e+01,8.5279527122797969e+00,3.5982720903404393e+00,1.1692197001783072e+01,8.3248477694747542e+00,1.1692197001783072e+01,1.7681717881908223e+00,8.3248477694747542e+00,1.3646663204488481e+01,2.7993787593669204e+00,8.5279527122797969e+00,1.2046900643803147e+01,8.5279527122797969e+00,1.1692197001783072e+01,1.2046900643803147e+01,1.1692197001783072e+01,0.0000000000000000e+00,0.0000000000000000e+00,1.0942250196102497e+01,1.4116816738418091e+01,1.7681717881908223e+00,1.2046900643803147e+01,1.2046900643803147e+01,4.5240371548769414e+00,1.4116816738418091e+01,8.3248477694747542e+00,4.5240371548769414e+00,8.5279527122797969e+00,1.4116816738418091e+01,8.5279527122797969e+00,1.2046900643803147e+01,8.3248477694747542e+00,1.2046900643803147e+01,1.3646663204488481e+01,1.4116816738418091e+01,1.3646663204488481e+01,2.7993787593669204e+00,1.3646663204488481e+01,1.0942250196102497e+01,1.3646663204488481e+01,3.5982720903404393e+00,1.0942250196102497e+01,1.0942250196102497e+01,1.3646663204488481e+01,6.5364740208394467e+00,1.0942250196102497e+01,1.3646663204488481e+01,1.3646663204488481e+01,2.7993787593669204e+00,2.7993787593669204e+00,7.6348451497755860e+00,6.5364740208394467e+00,1.3646663204488481e+01,1.4116816738418091e+01,1.2046900643803147e+01,0.0000000000000000e+00,4.5240371548769414e+00,1.2046900643803147e+01,1.3646663204488481e+01,1.3646663204488481e+01,5.6846790183747089e+00,3.5982720903404393e+00,1.2046900643803147e+01,5.6846790183747089e+00,1.0942250196102497e+01,1.1692197001783072e+01,1.0942250196102497e+01,3.5982720903404393e+00,1.4116816738418091e+01,1.3646663204488481e+01,1.0942250196102497e+01,1.0942250196102497e+01,1.0942250196102497e+01,7.6348451497755860e+00,1.0942250196102497e+01,7.6348451497755860e+00,4.5240371548769414e+00,1.2046900643803147e+01,1.4116816738418091e+01,5.6846790183747089e+00,1.4116816738418091e+01,1.4116816738418091e+01,1.4116816738418091e+01,1.4116816738418091e+01,5.6846790183747089e+00,1.3646663204488481e+01,1.7681717881908223e+00,5.6846790183747089e+00,1.2046900643803147e+01,1.7681717881908223e+00,2.7993787593669204e+00,1.4116816738418091e+01,4.5240371548769414e+00,1.2046900643803147e+01,1.2046900643803147e+01,3.5982720903404393e+00,2.7993787593669204e+00,1.1692197001783072e+01,2.7993787593669204e+00,1.2046900643803147e+01,7.6348451497755860e+00,1.4116816738418091e+01,1.7681717881908223e+00,6.5364740208394467e+00,5.6846790183747089e+00,1.4116816738418091e+01,1.2046900643803147e+01,1.3646663204488481e+01,5.6846790183747089e+00,5.6846790183747089e+00,1.2046900643803147e+01,5.6846790183747089e+00,7.6348451497755860e+00,5.6846790183747089e+00,8.5576155618616423e-01,1.1692197001783072e+01,4.5240371548769414e+00,5.6846790183747089e+00,1.3646663204488481e+01,1.0942250196102497e+01,1.0942250196102497e+01,1.0942250196102497e+01,1.3646663204488481e+01,1.3646663204488481e+01,1.0942250196102497e+01,1.7681717881908223e+00,7.6348451497755860e+00,1.3646663204488481e+01,7.6348451497755860e+00,1.3646663204488481e+01,8.5279527122797969e+00,1.0942250196102497e+01,8.5279527122797969e+00,7.6348451497755860e+00,1.3646663204488481e+01,1.1692197001783072e+01,1.2046900643803147e+01,1.1692197001783072e+01,1.3646663204488481e+01,1.3646663204488481e+01,8.5279527122797969e+00,4.5240371548769414e+00,8.5279527122797969e+00,0.0000000000000000e+00,1.0942250196102497e+01,1.0942250196102497e+01,4.5240371548769414e+00,1.2046900643803147e+01,2.7993787593669204e+00,1.3646663204488481e+01,1.3646663204488481e+01,1.3646663204488481e+01,1.4116816738418091e+01,1.0942250196102497e+01,8.3248477694747542e+00,4.5240371548769414e+00,8.5279527122797969e+00,1.4116816738418091e+01,2.7993787593669204e+00,1.3646663204488481e+01,2.7993787593669204e+00,7.6348451497755860e+00,8.5279527122797969e+00,1.4116816738418091e+01,1.2046900643803147e+01,3.5982720903404393e+00,1.1692197001783072e+01,6.5364740208394467e+00,8.5279527122797969e+00,1.0942250196102497e+01,1.1692197001783072e+01,1.1692197001783072e+01,1.1692197001783072e+01,0.0000000000000000e+00,1.1692197001783072e+01,3.5982720903404393e+00,2.7993787593669204e+00,3.5982720903404393e+00,1.2046900643803147e+01,7.6348451497755860e+00,1.3646663204488481e+01,1.2046900643803147e+01,1.3646663204488481e+01,1.7681717881908223e+00,1.2046900643803147e+01,1.3646663204488481e+01,1.2046900643803147e+01,1.3646663204488481e+01,1.3646663204488481e+01,1.4116816738418091e+01,8.5576155618616423e-01,8.3248477694747542e+00,1.3646663204488481e+01,7.6348451497755860e+00,1.4116816738418091e+01,1.2046900643803147e+01,1.2046900643803147e+01,4.5240371548769414e+00,1.2046900643803147e+01,1.2046900643803147e+01,1.1692197001783072e+01,1.4116816738418091e+01,8.5279527122797969e+00,1.2046900643803147e+01,1.0942250196102497e+01,6.5364740208394467e+00,6.5364740208394467e+00,1.4116816738418091e+01,1.3646663204488481e+01,1.3646663204488481e+01,8.5279527122797969e+00,8.3248477694747542e+00,1.2046900643803147e+01,1.3646663204488481e+01,1.0942250196102497e+01,1.0942250196102497e+01,1.4116816738418091e+01,1.3646663204488481e+01,2.7993787593669204e+00,1.0942250196102497e+01,1.3646663204488481e+01,1.0942250196102497e+01,8.3248477694747542e+00,1.4116816738418091e+01,1.0942250196102497e+01,1.2046900643803147e+01,2.7993787593669204e+00,1.1692197001783072e+01,3.5982720903404393e+00,3.5982720903404393e+00,1.4116816738418091e+01,1.3646663204488481e+01,1.3646663204488481e+01,1.0942250196102497e+01,2.7993787593669204e+00,8.3248477694747542e+00,7.6348451497755860e+00,1.2046900643803147e+01,1.2046900643803147e+01,1.2046900643803147e+01,1.4116816738418091e+01,2.7993787593669204e+00,0.0000000000000000e+00,3.5982720903404393e+00,1.3646663204488481e+01,2.7993787593669204e+00,4.5240371548769414e+00,1.4116816738418091e+01,8.3248477694747542e+00,8.3248477694747542e+00,8.5279527122797969e+00,3.5982720903404393e+00,1.7681717881908223e+00,1.4116816738418091e+01,8.3248477694747542e+00,1.1692197001783072e+01,1.2046900643803147e+01,1.2046900643803147e+01,8.3248477694747542e+00,8.3248477694747542e+00,3.5982720903404393e+00,8.3248477694747542e+00,5.6846790183747089e+00,2.7993787593669204e+00,1.2046900643803147e+01,8.5576155618616423e-01,1.2046900643803147e+01,5.6846790183747089e+00,8.3248477694747542e+00,6.5364740208394467e+00,6.5364740208394467e+00,1.0942250196102497e+01,5.6846790183747089e+00,1.2046900643803147e+01,1.2046900643803147e+01,1.1692197001783072e+01,1.0942250196102497e+01,1.1692197001783072e+01,1.3646663204488481e+01,1.4116816738418091e+01,1.2046900643803147e+01,3.5982720903404393e+00,8.3248477694747542e+00,1.7681717881908223e+00,8.3248477694747542e+00,8.3248477694747542e+00,6.5364740208394467e+00,8.5576155618616423e-01,8.3248477694747542e+00,0.0000000000000000e+00,4.5240371548769414e+00,4.5240371548769414e+00,1.1692197001783072e+01,1.1692197001783072e+01,3.5982720903404393e+00,4.5240371548769414e+00,1.2046900643803147e+01,5.6846790183747089e+00,7.6348451497755860e+00,1.0942250196102497e+01,4.5240371548769414e+00,1.2046900643803147e+01,1.2046900643803147e+01,8.3248477694747542e+00,4.5240371548769414e+00,3.5982720903404393e+00,1.7681717881908223e+00,5.6846790183747089e+00,1.4116816738418091e+01,1.1692197001783072e+01,1.4116816738418091e+01,1.0942250196102497e+01,8.5576155618616423e-01,1.3646663204488481e+01,6.5364740208394467e+00,1.2046900643803147e+01,1.2046900643803147e+01,3.5982720903404393e+00,1.3646663204488481e+01,8.3248477694747542e+00,1.3646663204488481e+01,1.3646663204488481e+01,3.5982720903404393e+00,1.1692197001783072e+01,8.5576155618616423e-01,1.2046900643803147e+01,3.5982720903404393e+00,1.2046900643803147e+01,1.4116816738418091e+01,3.5982720903404393e+00,3.5982720903404393e+00,1.0942250196102497e+01,3.5982720903404393e+00,1.0942250196102497e+01,1.0942250196102497e+01,1.2046900643803147e+01,8.5279527122797969e+00,2.7993787593669204e+00,1.2046900643803147e+01,1.4116816738418091e+01,1.1692197001783072e+01,1.1692197001783072e+01,1.1692197001783072e+01,1.4116816738418091e+01,1.1692197001783072e+01,1.2046900643803147e+01,1.3646663204488481e+01,1.1692197001783072e+01,1.1692197001783072e+01,1.0942250196102497e+01,3.5982720903404393e+00,2.7993787593669204e+00,1.1692197001783072e+01,8.5576155618616423e-01,1.0942250196102497e+01,1.0942250196102497e+01,7.6348451497755860e+00,1.2046900643803147e+01,8.3248477694747542e+00,8.3248477694747542e+00,7.6348451497755860e+00,1.1692197001783072e+01,8.5279527122797969e+00,1.0942250196102497e+01,1.0942250196102497e+01,1.1692197001783072e+01,1.4116816738418091e+01,1.1692197001783072e+01,1.3646663204488481e+01,2.7993787593669204e+00,3.5982720903404393e+00,8.5576155618616423e-01,1.3646663204488481e+01,6.5364740208394467e+00,1.2046900643803147e+01,1.1692197001783072e+01,1.1692197001783072e+01,1.2046900643803147e+01,7.6348451497755860e+00,1.1692197001783072e+01,1.1692197001783072e+01,1.1692197001783072e+01,1.2046900643803147e+01,1.3646663204488481e+01,5.6846790183747089e+00,1.0942250196102497e+01,1.1692197001783072e+01,6.5364740208394467e+00,1.2046900643803147e+01,1.1692197001783072e+01,8.3248477694747542e+00,1.4116816738418091e+01,1.1692197001783072e+01,1.1692197001783072e+01,1.1692197001783072e+01,1.4116816738418091e+01,1.2046900643803147e+01,8.3248477694747542e+00,1.4116816738418091e+01,6.5364740208394467e+00,1.4116816738418091e+01,8.5279527122797969e+00,8.3248477694747542e+00,5.6846790183747089e+00,8.5279527122797969e+00,1.1692197001783072e+01,1.3646663204488481e+01,1.0942250196102497e+01,8.3248477694747542e+00,5.6846790183747089e+00,1.1692197001783072e+01,8.5279527122797969e+00,8.3248477694747542e+00,1.3646663204488481e+01,1.1692197001783072e+01,1.0942250196102497e+01,2.7993787593669204e+00,1.0942250196102497e+01,2.7993787593669204e+00,1.3646663204488481e+01,5.6846790183747089e+00,1.1692197001783072e+01,3.5982720903404393e+00,1.1692197001783072e+01,0.0000000000000000e+00,8.5279527122797969e+00,2.7993787593669204e+00,1.3646663204488481e+01,1.0942250196102497e+01,1.4116816738418091e+01,1.4116816738418091e+01,1.1692197001783072e+01,1.2046900643803147e+01,8.5279527122797969e+00,3.5982720903404393e+00,3.5982720903404393e+00,6.5364740208394467e+00,1.0942250196102497e+01,1.0942250196102497e+01,5.6846790183747089e+00,6.5364740208394467e+00,1.4116816738418091e+01,1.4116816738418091e+01,1.4116816738418091e+01,0.0000000000000000e+00,1.4116816738418091e+01,1.4116816738418091e+01,3.5982720903404393e+00,1.1692197001783072e+01,6.5364740208394467e+00,2.7993787593669204e+00,8.5279527122797969e+00,1.7681717881908223e+00,6.5364740208394467e+00,1.0942250196102497e+01
5.6563693721987578e+00,5.6563693721987578e+00,4.0498678720923555e+00,5.6563693721987578e+00,5.6563693721987578e+00,5.6563693721987578e+00,5.6563693721987578e+00,0.0000000000000000e+00,5.6563693721987578e+00,5.6563693721987578e+00,5.6563693721987578e+00,5.6563693721987578e+00,5.6563693721987578e+00,5.6563693721987578e+00,7.6769886457840029e+00,6.4019263652207101e+00,1.0527056114482983e+01,5.6563693721987578e+00,4.7592509832038798e+00,5.6563693721987578e+00,5.6563693721987578e+00,8.3768639923080404e+00,4.0498678720923555e+00,6.4019263652207101e+00,8.3768639923080404e+00,9.4963656775763656e+00,9.4963656775763656e+00,9.4963656775763656e+00,5.6563693721987578e+00,1.3265123721818732e+01,5.6563693721987578e+00,8.3768639923080404e+00,1.1706352597599498e+01,8.3768639923080404e+00,1.3265123721818732e+01,1.3265123721818732e+01,4.0498678720923555e+00,4.7592509832038798e+00,1.1706352597599498e+01,1.3265123721818732e+01,1.0527056114482983e+01,9.3912676194930855e-01,8.3768639923080404e+00,4.7592509832038798e+00,7.6769886457840029e+00,4.7592509832038798e+00,8.3768639923080404e+00,4.7592509832038798e+00,8.3768639923080404e+00,9.4963656775763656e+00,8.3768639923080404e+00,1.1706352597599498e+01,0.0000000000000000e+00,9.4963656775763656e+00,8.3768639923080404e+00,1.3653106562128556e+01,8.3768639923080404e+00,1.3265123721818732e+01,4.7592509832038798e+00,5.6563693721987578e+00,8.8789321077781764e+00,0.0000000000000000e+00,8.3768639923080404e+00,4.0498678720923555e+00,1.3653106562128556e+01,1.3653106562128556e+01,8.8789321077781764e+00,5.6563693721987578e+00,9.4963656775763656e+00,9.4963656775763656e+00,8.3768639923080404e+00,9.4963656775763656e+00,9.4963656775763656e+00,4.7592509832038798e+00,4.0498678720923555e+00,8.3768639923080404e+00,8.3768639923080404e+00,1.3265123721818732e+01,8.3768639923080404e+00,1.3265123721818732e+01,8.8789321077781764e+00,1.3265123721818732e+01,1.3265123721818732e+01,9.4963656775763656e+00,8.3768639923080404e+00,0.0000000000000000e+00,7.6769886457840029e+00,2.8785981381872472e+00,8.3768639923080404e+00,4.0498678720923555e+00,9.4963656775763656e+00,4.0498678720923555e+00,4.7592509832038798e+00,9.3912676194930855e-01,9.4963656775763656e+00,4.0498678720923555e+00,8.3768639923080404e+00,6.4019263652207101e+00,9.3912676194930855e-01,8.8789321077781764e+00,6.4019263652207101e+00,9.4963656775763656e+00,8.3768639923080404e+00,8.3768639923080404e+00,8.3768639923080404e+00,8.3768639923080404e+00,9.4963656775763656e+00,1.3265123721818732e+01,9.4963656775763656e+00,9.4963656775763656e+00,4.0498678720923555e+00,9.4963656775763656e+00,4.7592509832038798e+00,9.4963656775763656e+00,1.3653106562128556e+01,9.4963656775763656e+00,4.0498678720923555e+00,1.3653106562128556e+01,5.6563693721987578e+00,9.4963656775763656e+00,8.8789321077781764e+00,5.6563693721987578e+00,2.8785981381872472e+00,5.6563693721987578e+00,4.0498678720923555e+00,4.0498678720923555e+00,8.3768639923080404e+00,5.6563693721987578e+00,5.6563693721987578e+00,4.7592509832038798e+00,4.0498678720923555e+00,4.0498678720923555e+00,6.4019263652207101e+00,7.6769886457840029e+00,8.3768639923080404e+00,1.3265123721818732e+01,1.3265123721818732e+01,5.6563693721987578e+00,8.3768639923080404e+00,4.7592509832038798e+00,8.8789321077781764e+00,5.6563693721987578e+00,1.9099983980255011e+00,0.0000000000000000e+00,1.3265123721818732e+01,8.3768639923080404e+00,8.8789321077781764e+00,1.3265123721818732e+01,1.3265123721818732e+01,8.3768639923080404e+00,7.6769886457840029e+00,8.3768639923080404e+00,9.4963656775763656e+00,4.7592509832038798e+00,1.1706352597599498e+01,1.1706352597599498e+01,5.6563693721987578e+00,9.3912676194930855e-01,8.8789321077781764e+00,1.3265123721818732e+01,9.3912676194930855e-01,7.6769886457840029e+00,9.3912676194930855e-01,1.3265123721818732e+01,1.3653106562128556e+01,1.1706352597599498e+01,4.0498678720923555e+00,5.6563693721987578e+00,1.1706352597599498e+01,1.3265123721818732e+01,6.4019263652207101e+00,1.3265123721818732e+01,1.3265123721818732e+01,1.1706352597599498e+01,1.3265123721818732e+01,9.4963656775763656e+00,4.0498678720923555e+00,1.0527056114482983e+01,1.0527056114482983e+01,9.3912676194930855e-01,1.0527056114482983e+01,9.3912676194930855e-01,4.0498678720923555e+00,1.9099983980255011e+00,1.1706352597599498e+01,1.3265123721818732e+01,6.4019263652207101e+00,1.0527056114482983e+01,1.3265123721818732e+01,0.0000000000000000e+00,9.4963656775763656e+00,4.0498678720923555e+00,1.3265123721818732e+01,1.9099983980255011e+00,1.0527056114482983e+01,1.9099983980255011e+00,9.3912676194930855e-01,9.4963656775763656e+00,8.3768639923080404e+00,1.1706352597599498e+01,1.3265123721818732e+01,1.1706352597599498e+01,1.3265123721818732e+01,1.9099983980255011e+00,8.3768639923080404e+00,1.1706352597599498e+01,1.1706352597599498e+01,9.4963656775763656e+00,4.7592509832038798e+00,9.4963656775763656e+00,9.4963656775763656e+00,1.1706352597599498e+01,1.1706352597599498e+01,8.3768639923080404e+00,0.0000000000000000e+00,1.1706352597599498e+01,1.9099983980255011e+00,4.7592509832038798e+00,6.4019263652207101e+00,1.3653106562128556e+01,8.8789321077781764e+00,4.0498678720923555e+00,8.8789321077781764e+00,1.3653106562128556e+01,1.3265123721818732e+01,4.0498678720923555e+00,8.8789321077781764e+00,1.3265123721818732e+01,1.1706352597599498e+01,2.8785981381872472e+00,1.3265123721818732e+01,1.3265123721818732e+01,1.3265123721818732e+01,1.3265123721818732e+01,8.8789321077781764e+00,1.9099983980255011e+00,4.0498678720923555e+00,0.0000000000000000e+00,8.3768639923080404e+00,1.1706352597599498e+01,6.4019263652207101e+00,1.3265123721818732e+01,8.8789321077781764e+00,1.3265123721818732e+01,8.8789321077781764e+00,6.4019263652207101e+00,9.4963656775763656e+00,1.1706352597599498e+01,4.7592509832038798e+00,9.4963656775763656e+00,1.1706352597599498e+01,5.6563693721987578e+00,6.4019263652207101e+00,6.4019263652207101e+00,4.0498678720923555e+00,1.3265123721818732e+01,1.3265123721818732e+01,1.3653106562128556e+01,1.3653106562128556e+01,8.3768639923080404e+00,5.6563693721987578e+00,9.4963656775763656e+00,9.4963656775763656e+00,4.0498678720923555e+00,4.0498678720923555e+00,9.3912676194930855e-01,9.4963656775763656e+00,1.3653106562128556e+01,1.3653106562128556e+01,7.6769886457840029e+00,1.1706352597599498e+01,1.1706352597599498e+01,2.8785981381872472e+00,8.8789321077781764e+00,5.6563693721987578e+00,4.0498678720923555e+00,4.0498678720923555e+00,8.8789321077781764e+00,4.0498678720923555e+00,9.4963656775763656e+00,9.4963656775763656e+00,1.3653106562128556e+01,1.0527056114482983e+01,1.9099983980255011e+00,8.8789321077781764e+00,2.8785981381872472e+00,5.6563693721987578e+00,4.0498678720923555e+00,4.0498678720923555e+00,4.0498678720923555e+00,1.3265123721818732e+01,9.4963656775763656e+00,5.6563693721987578e+00,6.4019263652207101e+00,8.8789321077781764e+00,1.9099983980255011e+00,5.6563693721987578e+00,1.1706352597599498e+01,1.3265123721818732e+01,1.9099983980255011e+00,1.9099983980255011e+00,8.8789321077781764e+00,9.3912676194930855e-01,1.3265123721818732e+01,1.3265123721818732e+01,4.7592509832038798e+00,5.6563693721987578e+00,1.0527056114482983e+01,1.0527056114482983e+01,9.4963656775763656e+00,6.4019263652207101e+00,1.3265123721818732e+01,8.8789321077781764e+00,1.0527056114482983e+01,8.8789321077781764e+00,6.4019263652207101e+00,8.8789321077781764e+00,6.4019263652207101e+00,8.8789321077781764e+00,5.6563693721987578e+00,5.6563693721987578e+00,5.6563693721987578e+00,1.1706352597599498e+01,8.8789321077781764e+00,1.3653106562128556e+01,1.1706352597599498e+01,8.8789321077781764e+00,1.0527056114482983e+01,2.8785981381872472e+00,6.4019263652207101e+00,5.6563693721987578e+00,6.4019263652207101e+00,1.0527056114482983e+01,4.7592509832038798e+00,0.0000000000000000e+00,2.8785981381872472e+00,1.3265123721818732e+01,8.8789321077781764e+00,7.6769886457840029e+00,1.3265123721818732e+01,1.9099983980255011e+00,9.4963656775763656e+00,1.3265123721818732e+01,8.3768639923080404e+00,8.3768639923080404e+00,5.6563693721987578e+00,1.3653106562128556e+01,4.7592509832038798e+00,9.4963656775763656e+00,4.7592509832038798e+00,8.3768639923080404e+00,5.6563693721987578e+00,1.0527056114482983e+01,0.0000000000000000e+00,4.7592509832038798e+00,8.8789321077781764e+00,2.8785981381872472e+00,7.6769886457840029e+00,7.6769886457840029e+00,7.6769886457840029e+00,4.7592509832038798e+00,1.9099983980255011e+00,4.7592509832038798e+00,1.9099983980255011e+00,9.4963656775763656e+00,9.4963656775763656e+00,9.4963656775763656e+00,0.0000000000000000e+00,1.0527056114482983e+01,0.0000000000000000e+00,1.9099983980255011e+00,8.3768639923080404e+00,1.0527056114482983e+01,6.4019263652207101e+00,1.1706352597599498e+01,1.0527056114482983e+01,2.8785981381872472e+00,7.6769886457840029e+00,1.0527056114482983e+01,1.1706352597599498e+01,9.4963656775763656e+00,8.8789321077781764e+00,7.6769886457840029e+00,7.6769886457840029e+00,9.4963656775763656e+00,5.6563693721987578e+00,9.4963656775763656e+00,4.7592509832038798e+00,6.4019263652207101e+00,5.6563693721987578e+00,7.6769886457840029e+00,1.3653106562128556e+01,4.7592509832038798e+00,1.0527056114482983e+01,1.0527056114482983e+01,1.1706352597599498e+01,5.6563693721987578e+00,1.1706352597599498e+01,1.1706352597599498e+01,1.1706352597599498e+01,9.4963656775763656e+00,1.1706352597599498e+01,6.4019263652207101e+00,1.1706352597599498e+01,8.8789321077781764e+00,1.3265123721818732e+01,1.3265123721818732e+01,2.8785981381872472e+00,8.8789321077781764e+00,0.0000000000000000e+00,7.6769886457840029e+00,1.1706352597599498e+01,7.6769886457840029e+00,1.1706352597599498e+01,8.3768639923080404e+00,8.3768639923080404e+00,1.9099983980255011e+00,1.9099983980255011e+00,4.0498678720923555e+00,1.9099983980255011e+00,1.9099983980255011e+00,1.0527056114482983e+01,2.8785981381872472e+00,1.0527056114482983e+01,1.1706352597599498e+01,4.7592509832038798e+00,7.6769886457840029e+00,2.8785981381872472e+00,8.3768639923080404e+00,9.4963656775763656e+00,1.1706352597599498e+01,1.1706352597599498e+01,8.3768639923080404e+00,7.6769886457840029e+00,7.6769886457840029e+00,6.4019263652207101e+00,1.1706352597599498e+01,1.1706352597599498e+01,1.3653106562128556e+01,9.4963656775763656e+00,5.6563693721987578e+00,1.1706352597599498e+01,8.3768639923080404e+00,1.9099983980255011e+00,1.9099983980255011e+00,1.3265123721818732e+01,1.3265123721818732e+01,1.0527056114482983e+01,9.4963656775763656e+00,9.4963656775763656e+00,6.4019263652207101e+00,6.4019263652207101e+00,6.4019263652207101e+00,8.3768639923080404e+00,1.9099983980255011e+00,1.3265123721818732e+01,9.4963656775763656e+00,7.6769886457840029e+00,4.7592509832038798e+00,1.3265123721818732e+01,1.1706352597599498e+01,1.3265123721818732e+01,1.3265123721818732e+01,1.3265123721818732e+01,1.3265123721818732e+01,1.3653106562128556e+01,1.3265123721818732e+01,9.4963656775763656e+00,8.8789321077781764e+00,9.4963656775763656e+00,9.4963656775763656e+00,1.3265123721818732e+01,9.4963656775763656e+00,7.6769886457840029e+00,7.6769886457840029e+00,1.3265123721818732e+01,1.3265123721818732e+01,9.4963656775763656e+00,9.3912676194930855e-01,6.4019263652207101e+00,1.3265123721818732e+01,7.6769886457840029e+00,1.3265123721818732e+01,1.3265123721818732e+01,9.4963656775763656e+00,9.4963656775763656e+00,9.4963656775763656e+00,1.3653106562128556e+01,8.8789321077781764e+00,9.4963656775763656e+00,1.3265123721818732e+01,1.3265123721818732e+01,7.6769886457840029e+00,1.3265123721818732e+01,9.4963656775763656e+00,1.9099983980255011e+00,7.6769886457840029e+00,1.3265123721818732e+01,9.4963656775763656e+00,1.3265123721818732e+01,4.7592509832038798e+00,9.3912676194930855e-01,1.3653106562128556e+01,9.4963656775763656e+00,1.3265123721818732e+01,1.3265123721818732e+01,1.3265123721818732e+01,1.3265123721818732e+01,9.4963656775763656e+00,1.0527056114482983e+01,2.8785981381872472e+00,1.3265123721818732e+01,9.3912676194930855e-01,8.8789321077781764e+00,8.3768639923080404e+00,1.3265123721818732e+01,9.3912676194930855e-01,1.1706352597599498e+01,1.1706352597599498e+01,1.9099983980255011e+00,8.3768639923080404e+00,4.7592509832038798e+00,8.3768639923080404e+00,1.9099983980255011e+00,4.7592509832038798e+00,8.8789321077781764e+00,5.6563693721987578e+00,1.3265123721818732e+01,1.3265123721818732e+01,8.8789321077781764e+00,1.1706352597599498e+01,1.1706352597599498e+01,1.3265123721818732e+01,1.3265123721818732e+01,6.4019263652207101e+00,6.4019263652207101e+00,1.3265123721818732e+01,1.1706352597599498e+01,7.6769886457840029e+00,1.9099983980255011e+00,1.1706352597599498e+01,2.8785981381872472e+00,1.9099983980255011e+00,1.3265123721818732e+01,1.1706352597599498e+01,4.7592509832038798e+00,5.6563693721987578e+00,1.0527056114482983e+01,1.3653106562128556e+01,1.0527056114482983e+01,7.6769886457840029e+00,8.8789321077781764e+00,1.1706352597599498e+01,0.0000000000000000e+00,8.8789321077781764e+00,1.3265123721818732e+01,1.1706352597599498e+01,2.8785981381872472e+00,7.6769886457840029e+00,9.4963656775763656e+00,1.1706352597599498e+01,9.4963656775763656e+00,6.4019263652207101e+00,6.4019263652207101e+00,6.4019263652207101e+00,6.4019263652207101e+00,9.4963656775763656e+00,1.1706352597599498e+01,1.3265123721818732e+01,9.3912676194930855e-01,9.4963656775763656e+00,1.3265123721818732e+01,1.1706352597599498e+01,2.8785981381872472e+00,4.0498678720923555e+00,1.3265123721818732e+01,2.8785981381872472e+00,4.0498678720923555e+00,1.1706352597599498e+01,1.1706352597599498e+01,1.3265123721818732e+01,8.8789321077781764e+00,1.3265123721818732e+01,1.1706352597599498e+01,1.1706352597599498e+01,1.1706352597599498e+01,4.0498678720923555e+00,8.8789321077781764e+00,1.1706352597599498e+01,1.3265123721818732e+01,1.0527056114482983e+01,6.4019263652207101e+00,9.3912676194930855e-01,1.3265123721818732e+01,1.3265123721818732e+01,1.3265123721818732e+01,1.1706352597599498e+01,1.1706352597599498e+01,1.0527056114482983e+01,8.3768639923080404e+00,1.1706352597599498e+01,8.3768639923080404e+00,7.6769886457840029e+00,1.3265123721818732e+01,1.1706352597599498e+01,1.3265123721818732e+01,4.0498678720923555e+00,8.8789321077781764e+00,1.3265123721818732e+01,1.3265123721818732e+01,4.7592509832038798e+00,1.3265123721818732e+01,8.3768639923080404e+00,8.3768639923080404e+00,1.3265123721818732e+01,1.3265123721818732e+01,4.7592509832038798e+00,8.3768639923080404e+00,5.6563693721987578e+00,5.6563693721987578e+00,7.6769886457840029e+00,1.1706352597599498e+01,1.3265123721818732e+01,8.8789321077781764e+00,1.3265123721818732e+01,1.1706352597599498e+01,1.1706352597599498e+01,1.1706352597599498e+01,1.9099983980255011e+00,1.1706352597599498e+01,5.6563693721987578e+00,5.6563693721987578e+00,1.0527056114482983e+01,1.1706352597599498e+01,1.1706352597599498e+01,4.7592509832038798e+00,9.4963656775763656e+00,1.1706352597599498e+01,1.0527056114482983e+01,9.4963656775763656e+00,1.3265123721818732e+01,5.6563693721987578e+00,1.1706352597599498e+01,4.0498678720923555e+00,5.6563693721987578e+00,1.1706352597599498e+01,4.0498678720923555e+00,1.3265123721818732e+01,1.1706352597599498e+01,0.0000000000000000e+00,1.3265123721818732e+01,1.9099983980255011e+00,1.3265123721818732e+01,1.1706352597599498e+01,5.6563693721987578e+00,6.4019263652207101e+00,1.9099983980255011e+00,4.7592509832038798e+00,6.4019263652207101e+00,4.0498678720923555e+00,5.6563693721987578e+00,7.6769886457840029e+00,6.4019263652207101e+00,4.7592509832038798e+00,1.1706352597599498e+01,9.4963656775763656e+00,4.0498678720923555e+00,8.3768639923080404e+00,9.4963656775763656e+00,4.0498678720923555e+00,9.4963656775763656e+00,6.4019263652207101e+00,0.0000000000000000e+00,1.1706352597599498e+01,8.3768639923080404e+00,1.1706352597599498e+01,1.1706352597599498e+01,1.1706352597599498e+01,1.9099983980255011e+00,1.3265123721818732e+01,1.1706352597599498e+01,8.3768639923080404e+00,8.3768639923080404e+00,6.4019263652207101e+00,5.6563693721987578e+00,9.4963656775763656e+00,8.8789321077781764e+00,8.3768639923080404e+00,1.3653106562128556e+01,9.4963656775763656e+00,8.3768639923080404e+00,6.4019263652207101e+00,8.8789321077781764e+00,1.3265123721818732e+01,8.8789321077781764e+00,1.0527056114482983e+01,1.3265123721818732e+01,9.3912676194930855e-01,1.9099983980255011e+00,1.3265123721818732e+01,1.1706352597599498e+01,1.1706352597599498e+01,1.0527056114482983e+01,9.4963656775763656e+00,1.3265123721818732e+01,9.4963656775763656e+00,1.3265123721818732e+01,4.0498678720923555e+00,4.7592509832038798e+00,8.3768639923080404e+00,1.1706352597599498e+01,4.0498678720923555e+00,1.1706352597599498e+01,1.1706352597599498e+01,9.4963656775763656e+00,0.0000000000000000e+00,1.3653106562128556e+01,1.3265123721818732e+01,4.0498678720923555e+00,1.0527056114482983e+01,8.8789321077781764e+00,8.8789321077781764e+00,4.0498678720923555e+00,8.8789321077781764e+00,1.0527056114482983e+01,9.4963656775763656e+00,1.0527056114482983e+01,1.0527056114482983e+01,6.4019263652207101e+00,4.7592509832038798e+00,1.3265123721818732e+01,8.8789321077781764e+00,9.3912676194930855e-01,1.3653106562128556e+01,8.3768639923080404e+00,2.8785981381872472e+00,9.3912676194930855e-01,8.3768639923080404e+00,1.0527056114482983e+01,1.1706352597599498e+01,1.0527056114482983e+01,1.0527056114482983e+01,8.8789321077781764e+00,1.1706352597599498e+01,9.4963656775763656e+00,8.8789321077781764e+00,1.1706352597599498e+01,1.1706352597599498e+01,1.1706352597599498e+01,4.0498678720923555e+00,8.3768639923080404e+00,1.1706352597599498e+01,1.1706352597599498e+01,1.3653106562128556e+01,1.3265123721818732e+01,4.7592509832038798e+00,1.3653106562128556e+01,1.3265123721818732e+01,2.8785981381872472e+00,9.4963656775763656e+00,1.1706352597599498e+01,6.4019263652207101e+00,6.4019263652207101e+00,9.4963656775763656e+00,4.7592509832038798e+00,9.4963656775763656e+00,0.0000000000000000e+00,9.4963656775763656e+00,1.1706352597599498e+01,1.0527056114482983e+01,1.3653106562128556e+01,0.0000000000000000e+00,1.0527056114482983e+01,1.3653106562128556e+01,8.8789321077781764e+00,4.7592509832038798e+00,9.4963656775763656e+00,1.3265123721818732e+01,1.9099983980255011e+00,1.1706352597599498e+01,4.0498678720923555e+00,7.6769886457840029e+00,5.6563693721987578e+00,0.0000000000000000e+00,7.6769886457840029e+00,4.0498678720923555e+00,1.3653106562128556e+01,1.3265123721818732e+01,5.6563693721987578e+00,5.6563693721987578e+00,1.3653106562128556e+01,1.1706352597599498e+01,1.1706352597599498e+01,8.3768639923080404e+00,4.7592509832038798e+00,7.6769886457840029e+00,5.6563693721987578e+00,7.6769886457840029e+00,1.1706352597599498e+01,1.1706352597599498e+01,1.3653106562128556e+01,1.1706352597599498e+01,1.1706352597599498e+01,4.7592509832038798e+00,6.4019263652207101e+00,9.4963656775763656e+00,1.1706352597599498e+01,0.0000000000000000e+00,1.1706352597599498e+01,6.4019263652207101e+00,1.0527056114482983e+01,1.3265123721818732e+01,1.0527056114482983e+01,8.8789321077781764e+00,1.0527056114482983e+01,6.4019263652207101e+00,1.1706352597599498e+01,1.3653106562128556e+01,6.4019263652207101e+00,6.4019263652207101e+00,6.4019263652207101e+00,6.4019263652207101e+00,6.4019263652207101e+00,9.3912676194930855e-01,6.4019263652207101e+00,1.1706352597599498e+01,1.3265123721818732e+01,0.0000000000000000e+00,9.4963656775763656e+00,1.0527056114482983e+01,6.4019263652207101e+00,5.6563693721987578e+00,1.9099983980255011e+00,7.6769886457840029e+00,1.0527056114482983e+01,9.4963656775763656e+00,9.4963656775763656e+00,9.4963656775763656e+00,5.6563693721987578e+00,7.6769886457840029e+00,9.4963656775763656e+00,5.6563693721987578e+00,1.3265123721818732e+01,4.0498678720923555e+00,1.3265123721818732e+01,1.1706352597599498e+01,5.6563693721987578e+00,1.3265123721818732e+01,8.8789321077781764e+00,4.0498678720923555e+00,1.1706352597599498e+01,8.3768639923080404e+00,1.3265123721818732e+01,1.0527056114482983e+01,9.4963656775763656e+00,4.7592509832038798e+00,1.3653106562128556e+01,9.4963656775763656e+00,5.6563693721987578e+00,5.6563693721987578e+00,1.1706352597599498e+01,4.0498678720923555e+00,1.1706352597599498e+01,1.3653106562128556e+01,4.0498678720923555e+00,6.4019263652207101e+00,1.3265123721818732e+01,1.3265123721818732e+01,1.3265123721818732e+01,1.3653106562128556e+01,1.3265123721818732e+01,4.7592509832038798e+00,7.6769886457840029e+00,7.6769886457840029e+00,1.3265123721818732e+01,1.1706352597599498e+01,4.7592509832038798e+00,8.3768639923080404e+00,1.3265123721818732e+01,1.3265123721818732e+01,8.3768639923080404e+00,7.6769886457840029e+00,7.6769886457840029e+00,1.0527056114482983e+01,1.0527056114482983e+01,1.1706352597599498e+01,1.3265123721818732e+01,1.3653106562128556e+01,5.6563693721987578e+00,1.3265123721818732e+01,1.1706352597599498e+01,1.3265123721818732e+01,1.3265123721818732e+01,1.3653106562128556e+01,1.3653106562128556e+01,9.4963656775763656e+00,1.3653106562128556e+01,6.4019263652207101e+00,1.3265123721818732e+01,1.3653106562128556e+01,9.4963656775763656e+00,1.3653106562128556e+01,1.1706352597599498e+01,6.4019263652207101e+00,1.3653106562128556e+01,2.8785981381872472e+00,7.6769886457840029e+00,1.0527056114482983e+01,4.0498678720923555e+00,8.8789321077781764e+00,7.6769886457840029e+00,8.8789321077781764e+00,7.6769886457840029e+00,8.8789321077781764e+00,1.0527056114482983e+01,8.8789321077781764e+00,1.3265123721818732e+01,8.8789321077781764e+00,8.8789321077781764e+00,1.0527056114482983e+01,9.4963656775763656e+00,9.4963656775763656e+00,2.8785981381872472e+00,1.3265123721818732e+01,9.4963656775763656e+00,6.4019263652207101e+00,1.0527056114482983e+01,1.3265123721818732e+01,1.0527056114482983e+01,1.0527056114482983e+01,1.3653106562128556e+01,1.3653106562128556e+01,1.3265123721818732e+01,9.4963656775763656e+00,9.4963656775763656e+00,4.7592509832038798e+00,2.8785981381872472e+00,7.6769886457840029e+00,1.0527056114482983e+01,1.3265123721818732e+01,2.8785981381872472e+00,1.3653106562128556e+01,8.8789321077781764e+00,9.3912676194930855e-01,9.3912676194930855e-01,6.4019263652207101e+00,1.1706352597599498e+01,8.3768639923080404e+00,4.0498678720923555e+00,1.1706352597599498e+01,8.8789321077781764e+00,1.9099983980255011e+00,1.0527056114482983e+01,0.0000000000000000e+00,9.4963656775763656e+00,1.3653106562128556e+01,1.3653106562128556e+01,1.1706352597599498e+01,8.8789321077781764e+00,1.3265123721818732e+01,1.3265123721818732e+01,9.4963656775763656e+00,1.3265123721818732e+01,6.4019263652207101e+00,6.4019263652207101e+00,6.4019263652207101e+00,1.9099983980255011e+00,8.8789321077781764e+00,7.6769886457840029e+00,8.8789321077781764e+00,1.1706352597599498e+01,6.4019263652207101e+00,1.3653106562128556e+01,1.3653106562128556e+01,4.7592509832038798e+00,9.4963656775763656e+00,6.4019263652207101e+00,1.3265123721818732e+01,9.4963656775763656e+00,1.3265123721818732e+01,4.0498678720923555e+00,8.8789321077781764e+00,8.8789321077781764e+00,1.3265123721818732e+01,5.6563693721987578e+00,1.3265123721818732e+01,1.3653106562128556e+01,1.3653106562128556e+01,8.8789321077781764e+00,7.6769886457840029e+00,1.3653106562128556e+01,1.3265123721818732e+01,8.8789321077781764e+00,2.8785981381872472e+00,1.9099983980255011e+00,1.3653106562128556e+01,1.1706352597599498e+01,8.8789321077781764e+00,4.7592509832038798e+00,6.4019263652207101e+00
1.1211356366722898e+01,1.1211356366722898e+01,1.1211356366722898e+01,1.1211356366722898e+01,1.1144126729187875e+01,1.1144126729187875e+01,9.0218801612142718e-01,1.1211356366722898e+01,1.1211356366722898e+01,2.7734406842409554e+00,1.1211356366722898e+01,1.1211356366722898e+01,1.1211356366722898e+01,1.1211356366722898e+01,1.4234128895011590e+01,1.1211356366722898e+01,1.0107559585330399e+01,1.1211356366722898e+01,1.1144126729187875e+01,9.0218801612142718e-01,0.0000000000000000e+00,1.4234128895011590e+01,1.0107559585330399e+01,1.1144126729187875e+01,1.1144126729187875e+01,1.1144126729187875e+01,5.5841741976767700e+00,1.1144126729187875e+01,1.1211356366722898e+01,1.1144126729187875e+01,1.0107559585330399e+01,1.0107559585330399e+01,1.4234128895011590e+01,0.0000000000000000e+00,1.1211356366722898e+01,9.2738144688963668e+00,1.0107559585330399e+01,0.0000000000000000e+00,0.0000000000000000e+00,0.0000000000000000e+00,7.2270812691759776e+00,9.2738144688963668e+00,6.5865797475167724e+00,1.7355374679325335e+00,1.4234128895011590e+01,9.2738144688963668e+00,9.2738144688963668e+00,2.7734406842409554e+00,9.2738144688963668e+00,9.2738144688963668e+00,3.5234620753545243e+00,5.5841741976767700e+00,9.2738144688963668e+00,7.2270812691759776e+00,7.2270812691759776e+00,6.5865797475167724e+00,5.5841741976767700e+00,7.2270812691759776e+00,4.4525903043243451e+00,3.5234620753545243e+00,7.2270812691759776e+00,7.2270812691759776e+00,7.2270812691759776e+00,5.5841741976767700e+00,5.5841741976767700e+00,7.2270812691759776e+00,9.0218801612142718e-01,1.1491588734159365e+01,7.2270812691759776e+00,1.1491588734159365e+01,7.2270812691759776e+00,1.1211356366722898e+01,1.1211356366722898e+01,1.1144126729187875e+01,9.2738144688963668e+00,8.0211438586621426e+00,4.4525903043243451e+00,1.1211356366722898e+01,1.1144126729187875e+01,9.2738144688963668e+00,9.2738144688963668e+00,1.0107559585330399e+01,9.2738144688963668e+00,1.1144126729187875e+01,9.2738144688963668e+00,9.0218801612142718e-01,1.1144126729187875e+01,9.2738144688963668e+00,9.2738144688963668e+00,1.1211356366722898e+01,1.0107559585330399e+01,8.0211438586621426e+00,1.0107559585330399e+01,9.2738144688963668e+00,1.1491588734159365e+01,1.0107559585330399e+01,4.4525903043243451e+00,8.0211438586621426e+00,8.0211438586621426e+00,1.1211356366722898e+01,5.5841741976767700e+00,4.4525903043243451e+00,4.4525903043243451e+00,9.0218801612142718e-01,7.2270812691759776e+00,7.2270812691759776e+00,1.1491588734159365e+01,6.5865797475167724e+00,1.1211356366722898e+01,7.2270812691759776e+00,1.1491588734159365e+01,6.5865797475167724e+00,7.2270812691759776e+00,1.1491588734159365e+01,1.1144126729187875e+01,7.2270812691759776e+00,8.0211438586621426e+00,1.1211356366722898e+01,1.0107559585330399e+01,3.5234620753545243e+00,2.7734406842409554e+00,2.7734406842409554e+00,1.1144126729187875e+01,7.2270812691759776e+00,9.2738144688963668e+00,9.2738144688963668e+00,9.2738144688963668e+00,7.2270812691759776e+00,1.1144126729187875e+01,1.1144126729187875e+01,1.7355374679325335e+00,1.1211356366722898e+01,1.1491588734159365e+01,6.5865797475167724e+00,1.1144126729187875e+01,7.2270812691759776e+00,1.1491588734159365e+01,0.0000000000000000e+00,1.0107559585330399e+01,9.0218801612142718e-01,9.2738144688963668e+00,9.2738144688963668e+00,8.0211438586621426e+00,2.7734406842409554e+00,1.7355374679325335e+00,1.1144126729187875e+01,9.2738144688963668e+00,9.2738144688963668e+00,1.4234128895011590e+01,1.7355374679325335e+00,0.0000000000000000e+00,4.4525903043243451e+00,1.4234128895011590e+01,9.2738144688963668e+00,1.1144126729187875e+01,1.1144126729187875e+01,4.4525903043243451e+00,1.7355374679325335e+00,4.4525903043243451e+00,2.7734406842409554e+00,9.2738144688963668e+00,5.5841741976767700e+00,1.1211356366722898e+01,1.1144126729187875e+01,6.5865797475167724e+00,2.7734406842409554e+00,1.1144126729187875e+01,1.0107559585330399e+01,9.2738144688963668e+00,5.5841741976767700e+00,1.4234128895011590e+01,1.4234128895011590e+01,1.0107559585330399e+01,3.5234620753545243e+00,8.0211438586621426e+00,4.4525903043243451e+00,1.0107559585330399e+01,4.4525903043243451e+00,9.2738144688963668e+00,1.1211356366722898e+01,1.1144126729187875e+01,1.1144126729187875e+01,7.2270812691759776e+00,4.4525903043243451e+00,4.4525903043243451e+00,1.1144126729187875e+01,2.7734406842409554e+00,1.7355374679325335e+00,1.1491588734159365e+01,9.2738144688963668e+00,1.4234128895011590e+01,1.1211356366722898e+01,9.0218801612142718e-01,4.4525903043243451e+00,1.4234128895011590e+01,1.0107559585330399e+01,1.1144126729187875e+01,1.1491588734159365e+01,9.0218801612142718e-01,4.4525903043243451e+00,1.1144126729187875e+01,8.0211438586621426e+00,1.1144126729187875e+01,1.1144126729187875e+01,3.5234620753545243e+00,1.1144126729187875e+01,4.4525903043243451e+00,1.1211356366722898e+01,1.1144126729187875e+01,0.0000000000000000e+00,1.0107559585330399e+01,1.1144126729187875e+01,8.0211438586621426e+00,1.1211356366722898e+01,1.1211356366722898e+01,1.1144126729187875e+01,4.4525903043243451e+00,1.4234128895011590e+01,1.1491588734159365e+01,1.1211356366722898e+01,2.7734406842409554e+00,1.7355374679325335e+00,1.1211356366722898e+01,1.1211356366722898e+01,1.1211356366722898e+01,2.7734406842409554e+00,1.7355374679325335e+00,0.0000000000000000e+00,5.5841741976767700e+00,1.7355374679325335e+00,5.5841741976767700e+00,1.1144126729187875e+01,1.1491588734159365e+01,1.0107559585330399e+01,1.4234128895011590e+01,3.5234620753545243e+00,1.1144126729187875e+01,3.5234620753545243e+00,4.4525903043243451e+00,5.5841741976767700e+00,5.5841741976767700e+00,1.1211356366722898e+01,2.7734406842409554e+00,9.2738144688963668e+00,9.2738144688963668e+00,9.0218801612142718e-01,1.4234128895011590e+01,5.5841741976767700e+00,5.5841741976767700e+00,1.1491588734159365e+01,9.2738144688963668e+00,1.4234128895011590e+01,1.4234128895011590e+01,1.4234128895011590e+01,0.0000000000000000e+00,1.1491588734159365e+01,8.0211438586621426e+00,4.4525903043243451e+00,1.1144126729187875e+01,4.4525903043243451e+00,1.4234128895011590e+01,1.0107559585330399e+01,1.4234128895011590e+01,1.1491588734159365e+01,1.1144126729187875e+01,1.4234128895011590e+01,1.1144126729187875e+01,7.2270812691759776e+00,4.4525903043243451e+00,4.4525903043243451e+00,2.7734406842409554e+00,4.4525903043243451e+00,1.1144126729187875e+01,1.1144126729187875e+01,6.5865797475167724e+00,6.5865797475167724e+00,5.5841741976767700e+00,1.1491588734159365e+01,1.7355374679325335e+00,1.1211356366722898e+01,1.1144126729187875e+01,1.1211356366722898e+01,8.0211438586621426e+00,6.5865797475167724e+00,1.4234128895011590e+01,7.2270812691759776e+00,1.4234128895011590e+01,1.1144126729187875e+01,1.4234128895011590e+01,9.0218801612142718e-01,1.4234128895011590e+01,1.1491588734159365e+01,1.4234128895011590e+01,5.5841741976767700e+00,1.1144126729187875e+01,1.4234128895011590e+01,1.1491588734159365e+01,4.4525903043243451e+00,6.5865797475167724e+00,5.5841741976767700e+00,1.4234128895011590e+01,1.7355374679325335e+00,1.1144126729187875e+01,1.0107559585330399e+01,1.1144126729187875e+01,4.4525903043243451e+00,6.5865797475167724e+00,1.1144126729187875e+01,8.0211438586621426e+00,1.1144126729187875e+01,8.0211438586621426e+00,7.2270812691759776e+00,3.5234620753545243e+00,9.2738144688963668e+00,6.5865797475167724e+00,1.1144126729187875e+01,1.1144126729187875e+01,1.1211356366722898e+01,8.0211438586621426e+00,1.7355374679325335e+00,4.4525903043243451e+00,1.1211356366722898e+01,8.0211438586621426e+00,3.5234620753545243e+00,1.4234128895011590e+01,4.4525903043243451e+00,4.4525903043243451e+00,4.4525903043243451e+00,4.4525903043243451e+00,4.4525903043243451e+00,3.5234620753545243e+00,1.1491588734159365e+01,1.1211356366722898e+01,3.5234620753545243e+00,5.5841741976767700e+00,1.7355374679325335e+00,1.1491588734159365e+01,1.1144126729187875e+01,1.1491588734159365e+01,1.1491588734159365e+01,6.5865797475167724e+00,9.0218801612142718e-01,3.5234620753545243e+00,1.1211356366722898e+01,1.4234128895011590e+01,1.4234128895011590e+01,1.4234128895011590e+01,1.1211356366722898e+01,1.4234128895011590e+01,1.4234128895011590e+01,1.4234128895011590e+01,1.7355374679325335e+00,3.5234620753545243e+00,1.1491588734159365e+01,1.1211356366722898e+01,1.1211356366722898e+01,1.4234128895011590e+01,1.4234128895011590e+01,1.1144126729187875e+01,1.4234128895011590e+01,1.1144126729187875e+01,1.4234128895011590e+01,6.5865797475167724e+00,1.1211356366722898e+01,1.1211356366722898e+01,2.7734406842409554e+00,6.5865797475167724e+00,2.7734406842409554e+00,1.4234128895011590e+01,7.2270812691759776e+00,5.5841741976767700e+00,4.4525903043243451e+00,4.4525903043243451e+00,1.4234128895011590e+01,5.5841741976767700e+00,5.5841741976767700e+00,1.1491588734159365e+01,1.1491588734159365e+01,1.4234128895011590e+01,1.1211356366722898e+01,1.1211356366722898e+01,1.1211356366722898e+01,6.5865797475167724e+00,1.1491588734159365e+01,1.1491588734159365e+01,6.5865797475167724e+00,1.4234128895011590e+01,1.0107559585330399e+01,5.5841741976767700e+00,1.1211356366722898e+01,1.1491588734159365e+01,1.1491588734159365e+01,5.5841741976767700e+00,9.2738144688963668e+00,1.1144126729187875e+01,1.1144126729187875e+01,3.5234620753545243e+00,8.0211438586621426e+00,1.0107559585330399e+01,8.0211438586621426e+00,1.1144126729187875e+01,1.1144126729187875e+01,1.1144126729187875e+01,1.0107559585330399e+01,1.0107559585330399e+01,1.1211356366722898e+01,1.4234128895011590e+01,1.4234128895011590e+01,1.0107559585330399e+01,6.5865797475167724e+00,9.2738144688963668e+00,1.4234128895011590e+01,7.2270812691759776e+00,1.4234128895011590e+01,7.2270812691759776e+00,1.4234128895011590e+01,1.4234128895011590e+01,1.1144126729187875e+01,8.0211438586621426e+00,1.0107559585330399e+01,9.2738144688963668e+00,1.1211356366722898e+01,9.2738144688963668e+00,8.0211438586621426e+00,6.5865797475167724e+00,6.5865797475167724e+00,1.4234128895011590e+01,7.2270812691759776e+00,1.7355374679325335e+00,7.2270812691759776e+00,1.0107559585330399e+01,1.0107559585330399e+01,1.0107559585330399e+01,1.1491588734159365e+01,3.5234620753545243e+00,7.2270812691759776e+00,1.1491588734159365e+01,7.2270812691759776e+00,1.1491588734159365e+01,1.1491588734159365e+01,4.4525903043243451e+00,1.4234128895011590e+01,1.0107559585330399e+01,1.4234128895011590e+01,5.5841741976767700e+00,1.0107559585330399e+01,9.2738144688963668e+00,1.4234128895011590e+01,1.1211356366722898e+01,1.1144126729187875e+01,1.4234128895011590e+01,1.4234128895011590e+01,1.1211356366722898e+01,1.0107559585330399e+01,1.1144126729187875e+01,1.1144126729187875e+01,9.2738144688963668e+00,4.4525903043243451e+00,1.0107559585330399e+01,1.4234128895011590e+01,1.7355374679325335e+00,1.1491588734159365e+01,2.7734406842409554e+00,8.0211438586621426e+00,7.2270812691759776e+00,1.1211356366722898e+01,6.5865797475167724e+00,6.5865797475167724e+00,1.0107559585330399e+01,8.0211438586621426e+00,5.5841741976767700e+00,1.0107559585330399e+01,4.4525903043243451e+00,1.0107559585330399e+01,4.4525903043243451e+00,3.5234620753545243e+00,1.4234128895011590e+01,0.0000000000000000e+00,1.4234128895011590e+01,1.1211356366722898e+01,3.5234620753545243e+00,1.1211356366722898e+01,7.2270812691759776e+00,9.0218801612142718e-01,1.4234128895011590e+01,1.4234128895011590e+01,1.0107559585330399e+01,1.4234128895011590e+01,4.4525903043243451e+00,1.1491588734159365e+01,1.4234128895011590e+01,1.4234128895011590e+01,4.4525903043243451e+00,1.1211356366722898e+01,1.1144126729187875e+01,7.2270812691759776e+00,1.0107559585330399e+01,1.4234128895011590e+01,7.2270812691759776e+00,1.4234128895011590e+01,1.4234128895011590e+01,1.4234128895011590e+01,1.4234128895011590e+01,1.1144126729187875e+01,1.1144126729187875e+01,1.4234128895011590e+01,1.4234128895011590e+01,7.2270812691759776e+00,9.0218801612142718e-01,4.4525903043243451e+00,2.7734406842409554e+00,9.2738144688963668e+00,1.4234128895011590e+01,5.5841741976767700e+00,1.4234128895011590e+01,9.0218801612142718e-01,1.4234128895011590e+01,5.5841741976767700e+00,2.7734406842409554e+00,5.5841741976767700e+00,1.4234128895011590e+01,1.4234128895011590e+01,1.4234128895011590e+01,1.4234128895011590e+01,1.4234128895011590e+01,4.4525903043243451e+00,1.4234128895011590e+01,8.0211438586621426e+00,1.1211356366722898e+01,1.4234128895011590e+01,9.2738144688963668e+00,9.2738144688963668e+00,6.5865797475167724e+00,7.2270812691759776e+00,1.4234128895011590e+01,6.5865797475167724e+00,3.5234620753545243e+00,9.0218801612142718e-01,8.0211438586621426e+00,1.1144126729187875e+01,4.4525903043243451e+00,1.1144126729187875e+01,1.4234128895011590e+01,8.0211438586621426e+00,6.5865797475167724e+00,8.0211438586621426e+00,1.1211356366722898e+01,2.7734406842409554e+00,1.4234128895011590e+01,5.5841741976767700e+00,1.1211356366722898e+01,9.0218801612142718e-01,7.2270812691759776e+00,1.1211356366722898e+01,1.4234128895011590e+01,1.1211356366722898e+01,5.5841741976767700e+00,8.0211438586621426e+00,6.5865797475167724e+00,7.2270812691759776e+00,1.1144126729187875e+01,7.2270812691759776e+00,7.2270812691759776e+00,1.7355374679325335e+00,2.7734406842409554e+00,2.7734406842409554e+00,1.1211356366722898e+01,2.7734406842409554e+00,7.2270812691759776e+00,1.0107559585330399e+01,1.4234128895011590e+01,7.2270812691759776e+00,5.5841741976767700e+00,4.4525903043243451e+00,1.1144126729187875e+01,1.1211356366722898e+01,1.1211356366722898e+01,6.5865797475167724e+00,9.2738144688963668e+00,1.0107559585330399e+01,1.1211356366722898e+01,1.1211356366722898e+01,1.1211356366722898e+01,0.0000000000000000e+00,1.0107559585330399e+01,2.7734406842409554e+00,8.0211438586621426e+00,5.5841741976767700e+00,9.0218801612142718e-01,1.0107559585330399e+01,0.0000000000000000e+00,1.1144126729187875e+01,1.4234128895011590e+01,9.0218801612142718e-01,9.2738144688963668e+00,6.5865797475167724e+00,3.5234620753545243e+00,5.5841741976767700e+00,0.0000000000000000e+00,4.4525903043243451e+00,6.5865797475167724e+00,1.1211356366722898e+01,1.1491588734159365e+01,1.0107559585330399e+01,1.0107559585330399e+01,7.2270812691759776e+00,4.4525903043243451e+00,9.0218801612142718e-01,1.1491588734159365e+01,7.2270812691759776e+00,1.4234128895011590e+01,1.4234128895011590e+01,9.2738144688963668e+00,1.4234128895011590e+01,1.0107559585330399e+01,1.0107559585330399e+01,1.4234128895011590e+01,7.2270812691759776e+00,1.0107559585330399e+01,7.2270812691759776e+00,4.4525903043243451e+00,1.4234128895011590e+01,7.2270812691759776e+00,1.4234128895011590e+01,1.4234128895011590e+01,7.2270812691759776e+00,0.0000000000000000e+00,1.4234128895011590e+01,7.2270812691759776e+00,1.0107559585330399e+01,1.0107559585330399e+01,0.0000000000000000e+00,1.4234128895011590e+01,1.4234128895011590e+01,7.2270812691759776e+00,1.4234128895011590e+01,1.0107559585330399e+01,8.0211438586621426e+00,1.1491588734159365e+01,1.4234128895011590e+01,1.4234128895011590e+01,3.5234620753545243e+00,9.2738144688963668e+00,9.2738144688963668e+00,1.4234128895011590e+01,8.0211438586621426e+00,1.1491588734159365e+01,2.7734406842409554e+00,1.4234128895011590e+01,1.4234128895011590e+01,8.0211438586621426e+00,1.0107559585330399e+01,9.2738144688963668e+00,5.5841741976767700e+00,1.0107559585330399e+01,1.0107559585330399e+01,8.0211438586621426e+00,1.4234128895011590e+01,2.7734406842409554e+00,5.5841741976767700e+00,3.5234620753545243e+00,8.0211438586621426e+00,3.5234620753545243e+00,8.0211438586621426e+00,8.0211438586621426e+00,1.1144126729187875e+01,1.7355374679325335e+00,1.4234128895011590e+01,1.1211356366722898e+01,1.0107559585330399e+01,1.4234128895011590e+01,8.0211438586621426e+00,1.7355374679325335e+00,1.1491588734159365e+01,5.5841741976767700e+00,1.0107559585330399e+01,7.2270812691759776e+00,5.5841741976767700e+00,5.5841741976767700e+00,1.4234128895011590e+01,1.4234128895011590e+01,1.4234128895011590e+01,1.0107559585330399e+01,7.2270812691759776e+00,0.0000000000000000e+00,5.5841741976767700e+00,1.4234128895011590e+01,8.0211438586621426e+00,9.2738144688963668e+00,7.2270812691759776e+00,7.2270812691759776e+00,6.5865797475167724e+00,5.5841741976767700e+00,1.1491588734159365e+01,9.2738144688963668e+00,1.4234128895011590e+01,1.7355374679325335e+00,1.1211356366722898e+01,1.1211356366722898e+01,1.1211356366722898e+01,1.0107559585330399e+01,1.4234128895011590e+01,2.7734406842409554e+00,2.7734406842409554e+00,1.4234128895011590e+01,1.4234128895011590e+01,8.0211438586621426e+00,9.2738144688963668e+00,2.7734406842409554e+00,6.5865797475167724e+00,1.4234128895011590e+01,6.5865797475167724e+00,1.4234128895011590e+01,1.4234128895011590e+01,1.0107559585330399e+01,7.2270812691759776e+00,9.2738144688963668e+00,1.4234128895011590e+01,1.1144126729187875e+01,1.1144126729187875e+01,7.2270812691759776e+00,1.1491588734159365e+01,1.4234128895011590e+01,8.0211438586621426e+00,1.4234128895011590e+01,1.4234128895011590e+01,1.1144126729187875e+01,1.1144126729187875e+01,1.1211356366722898e+01,8.0211438586621426e+00,9.0218801612142718e-01,1.4234128895011590e+01,1.1491588734159365e+01,8.0211438586621426e+00,6.5865797475167724e+00,7.2270812691759776e+00,1.1211356366722898e+01,1.1144126729187875e+01,9.2738144688963668e+00,1.0107559585330399e+01,1.1211356366722898e+01,1.7355374679325335e+00,9.2738144688963668e+00,9.2738144688963668e+00,1.0107559585330399e+01,5.5841741976767700e+00,1.1491588734159365e+01,9.2738144688963668e+00,1.0107559585330399e+01,1.4234128895011590e+01,3.5234620753545243e+00,9.2738144688963668e+00,2.7734406842409554e+00,1.1211356366722898e+01,1.4234128895011590e+01,1.7355374679325335e+00,1.0107559585330399e+01,1.0107559585330399e+01,9.0218801612142718e-01,1.4234128895011590e+01,1.0107559585330399e+01,1.1144126729187875e+01,1.7355374679325335e+00,1.4234128895011590e+01,1.1144126729187875e+01,6.5865797475167724e+00,8.0211438586621426e+00,1.1144126729187875e+01,8.0211438586621426e+00,1.1211356366722898e+01,1.1144126729187875e+01,8.0211438586621426e+00,1.0107559585330399e+01,1.4234128895011590e+01,1.4234128895011590e+01,9.0218801612142718e-01,7.2270812691759776e+00,1.1211356366722898e+01,9.2738144688963668e+00,1.1211356366722898e+01,1.4234128895011590e+01,1.1211356366722898e+01,1.0107559585330399e+01,7.2270812691759776e+00,7.2270812691759776e+00,1.0107559585330399e+01,1.7355374679325335e+00,4.4525903043243451e+00,1.0107559585330399e+01,1.0107559585330399e+01,1.0107559585330399e+01,1.1211356366722898e+01,1.0107559585330399e+01,1.4234128895011590e+01,1.1491588734159365e+01,1.4234128895011590e+01,1.1144126729187875e+01,9.2738144688963668e+00,1.1491588734159365e+01,1.1211356366722898e+01,9.0218801612142718e-01,6.5865797475167724e+00,2.7734406842409554e+00,2.7734406842409554e+00,1.4234128895011590e+01,2.7734406842409554e+00,1.4234128895011590e+01,9.2738144688963668e+00,2.7734406842409554e+00,1.4234128895011590e+01,4.4525903043243451e+00,5.5841741976767700e+00,1.4234128895011590e+01,6.5865797475167724e+00,1.0107559585330399e+01,1.0107559585330399e+01,5.5841741976767700e+00,5.5841741976767700e+00,2.7734406842409554e+00,1.1211356366722898e+01,5.5841741976767700e+00,5.5841741976767700e+00,1.1491588734159365e+01,1.1144126729187875e+01,9.0218801612142718e-01,0.0000000000000000e+00,0.0000000000000000e+00,1.0107559585330399e+01,7.2270812691759776e+00,1.1211356366722898e+01,1.1211356366722898e+01,1.0107559585330399e+01,1.1211356366722898e+01,1.1211356366722898e+01,1.0107559585330399e+01,8.0211438586621426e+00,4.4525903043243451e+00,1.1211356366722898e+01,1.0107559585330399e+01,1.4234128895011590e+01,1.1144126729187875e+01,2.7734406842409554e+00,1.0107559585330399e+01,1.0107559585330399e+01,1.1144126729187875e+01,2.7734406842409554e+00,8.0211438586621426e+00,1.1211356366722898e+01,8.0211438586621426e+00,1.4234128895011590e+01,1.4234128895011590e+01,9.0218801612142718e-01,1.0107559585330399e+01,1.1144126729187875e+01,5.5841741976767700e+00,1.7355374679325335e+00,1.4234128895011590e+01,1.1144126729187875e+01,1.1144126729187875e+01,1.0107559585330399e+01,8.0211438586621426e+00,1.0107559585330399e+01,1.0107559585330399e+01,1.1491588734159365e+01,1.4234128895011590e+01,1.0107559585330399e+01,1.0107559585330399e+01,1.1491588734159365e+01,1.0107559585330399e+01,1.4234128895011590e+01,9.2738144688963668e+00,1.1491588734159365e+01,1.0107559585330399e+01,1.7355374679325335e+00,1.1144126729187875e+01,1.1144126729187875e+01,2.7734406842409554e+00,2.7734406842409554e+00,1.1211356366722898e+01,1.1144126729187875e+01,1.1211356366722898e+01,1.1211356366722898e+01,1.1144126729187875e+01,1.0107559585330399e+01,2.7734406842409554e+00,1.0107559585330399e+01,8.0211438586621426e+00,1.0107559585330399e+01,1.0107559585330399e+01,5.5841741976767700e+00,7.2270812691759776e+00,7.2270812691759776e+00,1.0107559585330399e+01,1.1211356366722898e+01,1.7355374679325335e+00,9.2738144688963668e+00,4.4525903043243451e+00,0.0000000000000000e+00,7.2270812691759776e+00,4.4525903043243451e+00,1.4234128895011590e+01,1.0107559585330399e+01,1.0107559585330399e+01,6.5865797475167724e+00,1.1144126729187875e+01,1.1491588734159365e+01,1.4234128895011590e+01,1.4234128895011590e+01,1.1144126729187875e+01,8.0211438586621426e+00,1.0107559585330399e+01,6.5865797475167724e+00,1.0107559585330399e+01,3.5234620753545243e+00,1.4234128895011590e+01,1.0107559585330399e+01,1.4234128895011590e+01,6.5865797475167724e+00,1.4234128895011590e+01,1.4234128895011590e+01,1.4234128895011590e+01,9.2738144688963668e+00,1.4234128895011590e+01,4.4525903043243451e+00,1.1144126729187875e+01,6.5865797475167724e+00,2.7734406842409554e+00,1.1144126729187875e+01,2.7734406842409554e+00,1.1144126729187875e+01,1.1144126729187875e+01,1.1144126729187875e+01,1.1144126729187875e+01,1.0107559585330399e+01,1.4234128895011590e+01,9.2738144688963668e+00,9.2738144688963668e+00,1.4234128895011590e+01,1.0107559585330399e+01,1.4234128895011590e+01,1.0107559585330399e+01,1.0107559585330399e+01,1.4234128895011590e+01,1.4234128895011590e+01,9.2738144688963668e+00,6.5865797475167724e+00,1.7355374679325335e+00,9.2738144688963668e+00,7.2270812691759776e+00,0.0000000000000000e+00,1.0107559585330399e+01,6.5865797475167724e+00,9.2738144688963668e+00,1.4234128895011590e+01,2.7734406842409554e+00,1.4234128895011590e+01,1.4234128895011590e+01,9.0218801612142718e-01,7.2270812691759776e+00,1.4234128895011590e+01,1.0107559585330399e+01,8.0211438586621426e+00,4.4525903043243451e+00,1.1211356366722898e+01,1.1144126729187875e+01,1.1144126729187875e+01,9.2738144688963668e+00,6.5865797475167724e+00,9.2738144688963668e+00,1.0107559585330399e+01,1.4234128895011590e+01,1.1211356366722898e+01,1.4234128895011590e+01,1.4234128895011590e+01,9.0218801612142718e-01,1.4234128895011590e+01,8.0211438586621426e+00,9.0218801612142718e-01,5.5841741976767700e+00,5.5841741976767700e+00,7.2270812691759776e+00,4.4525903043243451e+00,1.1144126729187875e+01,1.1144126729187875e+01,5.5841741976767700e+00,7.2270812691759776e+00,7.2270812691759776e+00,1.1144126729187875e+01,1.1144126729187875e+01,8.0211438586621426e+00,3.5234620753545243e+00,1.1144126729187875e+01,1.7355374679325335e+00,1.0107559585330399e+01,5.5841741976767700e+00,4.4525903043243451e+00,4.4525903043243451e+00,1.0107559585330399e+01,1.1144126729187875e+01,1.1144126729187875e+01
4.6571647177469160e+00,4.6571647177469160e+00,4.6571647177469160e+00,4.6571647177469160e+00,4.6571647177469160e+00,4.6571647177469160e+00,4.6571647177469160e+00,4.6571647177469160e+00,4.6571647177469160e+00,1.3352246424751501e+01,1.4009415866552944e+01,1.3352246424751501e+01,1.4470433253208860e+01,1.4009415866552944e+01,1.4009415866552944e+01,1.4009415866552944e+01,8.9708464073428491e+00,5.6433106087741862e+00,1.4009415866552944e+01,1.4470433253208860e+01,1.4009415866552944e+01,2.4401003162237052e+00,1.4009415866552944e+01,1.3352246424751501e+01,8.9708464073428491e+00,9.6856419405196021e+00,1.1782411720117700e+01,1.1782411720117700e+01,1.1782411720117700e+01,8.9708464073428491e+00,1.1782411720117700e+01,4.6571647177469160e+00,1.4009415866552944e+01,1.3352246424751501e+01,1.4009415866552944e+01,1.4009415866552944e+01,1.4009415866552944e+01,4.6571647177469160e+00,1.4009415866552944e+01,1.4009415866552944e+01,1.1782411720117700e+01,1.4009415866552944e+01,1.4009415866552944e+01,1.3352246424751501e+01,1.4009415866552944e+01,6.9142480737535168e+00,6.9142480737535168e+00,1.4009415866552944e+01,1.4009415866552944e+01,1.4009415866552944e+01,9.6856419405196021e+00,6.9142480737535168e+00,9.6856419405196021e+00,1.4009415866552944e+01,1.1782411720117700e+01,3.9241212123184654e+00,6.9142480737535168e+00,1.4009415866552944e+01,1.4009415866552944e+01,1.0016838366006278e+01,6.9142480737535168e+00,4.6571647177469160e+00,9.6856419405196021e+00,1.0016838366006278e+01,1.0016838366006278e+01,0.0000000000000000e+00,1.0332709764156465e+00,1.1782411720117700e+01,1.1782411720117700e+01,8.0004813364217053e+00,1.1782411720117700e+01,1.1782411720117700e+01,1.1782411720117700e+01,6.9142480737535168e+00,1.1782411720117700e+01,8.9708464073428491e+00,1.1782411720117700e+01,1.4009415866552944e+01,1.4009415866552944e+01,5.6433106087741862e+00,8.0004813364217053e+00,1.4009415866552944e+01,3.9241212123184654e+00,8.0004813364217053e+00,1.4470433253208860e+01,2.4401003162237052e+00,1.1782411720117700e+01,1.0332709764156465e+00,1.1782411720117700e+01,5.6433106087741862e+00,5.6433106087741862e+00,4.6571647177469160e+00,3.9241212123184654e+00,8.0004813364217053e+00,6.9142480737535168e+00,8.9708464073428491e+00,1.4009415866552944e+01,8.0004813364217053e+00,1.0332709764156465e+00,8.9708464073428491e+00,1.1782411720117700e+01,1.1782411720117700e+01,1.1782411720117700e+01,0.0000000000000000e+00,1.0332709764156465e+00,1.1782411720117700e+01,8.9708464073428491e+00,1.1782411720117700e+01,1.1782411720117700e+01,1.4470433253208860e+01,1.4009415866552944e+01,1.3352246424751501e+01,1.4009415866552944e+01,6.9142480737535168e+00,8.0004813364217053e+00,6.9142480737535168e+00,1.4470433253208860e+01,6.9142480737535168e+00,8.9708464073428491e+00,1.3352246424751501e+01,8.9708464073428491e+00,0.0000000000000000e+00,6.9142480737535168e+00,6.9142480737535168e+00,6.9142480737535168e+00,6.9142480737535168e+00,1.4470433253208860e+01,8.9708464073428491e+00,8.9708464073428491e+00,3.9241212123184654e+00,1.3352246424751501e+01,1.3352246424751501e+01,1.3352246424751501e+01,1.1782411720117700e+01,8.9708464073428491e+00,1.4470433253208860e+01,1.3352246424751501e+01,6.9142480737535168e+00,1.4470433253208860e+01,1.9296819052813607e+00,1.0016838366006278e+01,5.6433106087741862e+00,8.9708464073428491e+00,1.4470433253208860e+01,2.4401003162237052e+00,3.9241212123184654e+00,1.4470433253208860e+01,1.1782411720117700e+01,2.4401003162237052e+00,1.1782411720117700e+01,1.4470433253208860e+01,8.9708464073428491e+00,8.9708464073428491e+00,1.4009415866552944e+01,8.9708464073428491e+00,5.6433106087741862e+00,9.6856419405196021e+00,0.0000000000000000e+00,1.4009415866552944e+01,8.9708464073428491e+00,1.3352246424751501e+01,1.3352246424751501e+01,8.0004813364217053e+00,5.6433106087741862e+00,4.6571647177469160e+00,8.0004813364217053e+00,1.4009415866552944e+01,1.3352246424751501e+01,1.0016838366006278e+01,1.4470433253208860e+01,3.9241212123184654e+00,9.6856419405196021e+00,5.6433106087741862e+00,1.3352246424751501e+01,5.6433106087741862e+00,5.6433106087741862e+00,5.6433106087741862e+00,1.3352246424751501e+01,1.9296819052813607e+00,1.1782411720117700e+01,1.0016838366006278e+01,1.0016838366006278e+01,1.1782411720117700e+01,3.9241212123184654e+00,1.0016838366006278e+01,8.0004813364217053e+00,5.6433106087741862e+00,5.6433106087741862e+00,8.9708464073428491e+00,1.4470433253208860e+01,5.6433106087741862e+00,1.0016838366006278e+01,6.9142480737535168e+00,1.4009415866552944e+01,1.4009415866552944e+01,1.4009415866552944e+01,1.4009415866552944e+01,1.3352246424751501e+01,1.3352246424751501e+01,1.4470433253208860e+01,1.9296819052813607e+00,1.4009415866552944e+01,1.4009415866552944e+01,1.4470433253208860e+01,1.4009415866552944e+01,3.9241212123184654e+00,9.6856419405196021e+00,0.0000000000000000e+00,9.6856419405196021e+00,1.0016838366006278e+01,5.6433106087741862e+00,1.4009415866552944e+01,1.4009415866552944e+01,1.0016838366006278e+01,8.9708464073428491e+00,8.9708464073428491e+00,1.0016838366006278e+01,9.6856419405196021e+00,1.4470433253208860e+01,1.4470433253208860e+01,1.4470433253208860e+01,1.0332709764156465e+00,1.0016838366006278e+01,1.0332709764156465e+00,1.4009415866552944e+01,1.4009415866552944e+01,4.6571647177469160e+00,4.6571647177469160e+00,6.9142480737535168e+00,1.3352246424751501e+01,4.6571647177469160e+00,1.1782411720117700e+01,1.4009415866552944e+01,1.4009415866552944e+01,6.9142480737535168e+00,4.6571647177469160e+00,5.6433106087741862e+00,1.3352246424751501e+01,1.4009415866552944e+01,4.6571647177469160e+00,4.6571647177469160e+00,1.4009415866552944e+01,6.9142480737535168e+00,8.0004813364217053e+00,8.0004813364217053e+00,5.6433106087741862e+00,1.3352246424751501e+01,1.4009415866552944e+01,8.9708464073428491e+00,1.4009415866552944e+01,1.1782411720117700e+01,1.1782411720117700e+01,3.9241212123184654e+00,3.9241212123184654e+00,1.0016838366006278e+01,8.0004813364217053e+00,2.4401003162237052e+00,2.4401003162237052e+00,3.9241212123184654e+00,5.6433106087741862e+00,1.0016838366006278e+01,1.3352246424751501e+01,1.1782411720117700e+01,1.4009415866552944e+01,6.9142480737535168e+00,1.3352246424751501e+01,8.9708464073428491e+00,1.0016838366006278e+01,2.4401003162237052e+00,8.9708464073428491e+00,8.9708464073428491e+00,5.6433106087741862e+00,8.9708464073428491e+00,1.0016838366006278e+01,8.9708464073428491e+00,8.9708464073428491e+00,1.3352246424751501e+01,1.0016838366006278e+01,5.6433106087741862e+00,8.9708464073428491e+00,8.9708464073428491e+00,1.3352246424751501e+01,1.4009415866552944e+01,1.1782411720117700e+01,8.9708464073428491e+00,2.4401003162237052e+00,8.9708464073428491e+00,1.1782411720117700e+01,2.4401003162237052e+00,1.4470433253208860e+01,1.4470433253208860e+01,1.4470433253208860e+01,1.4009415866552944e+01,2.4401003162237052e+00,4.6571647177469160e+00,1.0016838366006278e+01,8.9708464073428491e+00,5.6433106087741862e+00,2.4401003162237052e+00,8.9708464073428491e+00,5.6433106087741862e+00,1.0016838366006278e+01,5.6433106087741862e+00,1.3352246424751501e+01,5.6433106087741862e+00,1.4009415866552944e+01,8.0004813364217053e+00,1.3352246424751501e+01,2.4401003162237052e+00,1.3352246424751501e+01,1.1782411720117700e+01,2.4401003162237052e+00,5.6433106087741862e+00,5.6433106087741862e+00,0.0000000000000000e+00,1.4009415866552944e+01,3.9241212123184654e+00,9.6856419405196021e+00,8.0004813364217053e+00,8.9708464073428491e+00,1.3352246424751501e+01,9.6856419405196021e+00,1.3352246424751501e+01,8.9708464073428491e+00,1.3352246424751501e+01,2.4401003162237052e+00,5.6433106087741862e+00,5.6433106087741862e+00,8.9708464073428491e+00,1.0016838366006278e+01,1.0016838366006278e+01,2.4401003162237052e+00,2.4401003162237052e+00,1.4470433253208860e+01,1.4470433253208860e+01,0.0000000000000000e+00,1.4470433253208860e+01,1.4009415866552944e+01,1.4009415866552944e+01,1.0016838366006278e+01,1.4009415866552944e+01,5.6433106087741862e+00,1.4009415866552944e+01,5.6433106087741862e+00,1.4470433253208860e+01,1.3352246424751501e+01,1.3352246424751501e+01,1.3352246424751501e+01,1.0016838366006278e+01,8.9708464073428491e+00,1.3352246424751501e+01,1.3352246424751501e+01,1.3352246424751501e+01,1.3352246424751501e+01,1.9296819052813607e+00,8.0004813364217053e+00,1.1782411720117700e+01,1.3352246424751501e+01,5.6433106087741862e+00,6.9142480737535168e+00,1.3352246424751501e+01,6.9142480737535168e+00,1.1782411720117700e+01,3.9241212123184654e+00,1.4009415866552944e+01,1.0016838366006278e+01,1.4009415866552944e+01,1.4009415866552944e+01,1.3352246424751501e+01,1.0016838366006278e+01,1.3352246424751501e+01,1.3352246424751501e+01,1.4470433253208860e+01,1.0016838366006278e+01,1.0016838366006278e+01,3.9241212123184654e+00,5.6433106087741862e+00,1.0016838366006278e+01,1.4009415866552944e+01,1.9296819052813607e+00,1.4009415866552944e+01,8.0004813364217053e+00,1.9296819052813607e+00,1.4009415866552944e+01,1.3352246424751501e+01,8.9708464073428491e+00,2.4401003162237052e+00,1.0332709764156465e+00,8.9708464073428491e+00,8.9708464073428491e+00,1.0016838366006278e+01,1.0016838366006278e+01,1.0016838366006278e+01,8.0004813364217053e+00,1.0016838366006278e+01,1.3352246424751501e+01,1.0332709764156465e+00,3.9241212123184654e+00,2.4401003162237052e+00,1.3352246424751501e+01,5.6433106087741862e+00,1.0016838366006278e+01,1.0016838366006278e+01,8.9708464073428491e+00,1.4009415866552944e+01,8.0004813364217053e+00,8.9708464073428491e+00,2.4401003162237052e+00,8.0004813364217053e+00,1.3352246424751501e+01,1.3352246424751501e+01,1.4470433253208860e+01,1.1782411720117700e+01,1.4470433253208860e+01,1.3352246424751501e+01,1.0332709764156465e+00,1.1782411720117700e+01,1.1782411720117700e+01,1.3352246424751501e+01,1.1782411720117700e+01,8.0004813364217053e+00,1.4470433253208860e+01,5.6433106087741862e+00,6.9142480737535168e+00,6.9142480737535168e+00,6.9142480737535168e+00,8.9708464073428491e+00,5.6433106087741862e+00,8.0004813364217053e+00,6.9142480737535168e+00,1.0016838366006278e+01,1.3352246424751501e+01,8.9708464073428491e+00,2.4401003162237052e+00,1.0332709764156465e+00,6.9142480737535168e+00,1.3352246424751501e+01,1.3352246424751501e+01,8.9708464073428491e+00,1.0332709764156465e+00,8.0004813364217053e+00,1.4470433253208860e+01,1.4009415866552944e+01,1.3352246424751501e+01,1.4470433253208860e+01,1.4470433253208860e+01,1.4470433253208860e+01,1.3352246424751501e+01,1.0016838366006278e+01,1.4470433253208860e+01,1.3352246424751501e+01,1.4470433253208860e+01,1.4009415866552944e+01,8.9708464073428491e+00,6.9142480737535168e+00,1.0016838366006278e+01,1.4470433253208860e+01,3.9241212123184654e+00,1.3352246424751501e+01,1.4470433253208860e+01,1.4470433253208860e+01,8.0004813364217053e+00,8.0004813364217053e+00,8.0004813364217053e+00,1.4009415866552944e+01,1.4009415866552944e+01,1.4470433253208860e+01,8.9708464073428491e+00,6.9142480737535168e+00,3.9241212123184654e+00,1.4470433253208860e+01,8.0004813364217053e+00,1.4470433253208860e+01,8.9708464073428491e+00,1.4470433253208860e+01,1.0016838366006278e+01,1.0016838366006278e+01,1.0016838366006278e+01,1.1782411720117700e+01,1.9296819052813607e+00,0.0000000000000000e+00,8.9708464073428491e+00,1.1782411720117700e+01,8.9708464073428491e+00,1.1782411720117700e+01,8.9708464073428491e+00,8.0004813364217053e+00,1.0016838366006278e+01,8.0004813364217053e+00,2.4401003162237052e+00,1.4470433253208860e+01,1.3352246424751501e+01,1.3352246424751501e+01,1.3352246424751501e+01,0.0000000000000000e+00,5.6433106087741862e+00,1.0332709764156465e+00,1.4009415866552944e+01,1.4009415866552944e+01,1.4009415866552944e+01,1.4470433253208860e+01,1.4470433253208860e+01,1.4009415866552944e+01,1.4009415866552944e+01,9.6856419405196021e+00,1.3352246424751501e+01,8.9708464073428491e+00,1.1782411720117700e+01,1.0016838366006278e+01,1.4470433253208860e+01,1.4470433253208860e+01,5.6433106087741862e+00,1.3352246424751501e+01,4.6571647177469160e+00,3.9241212123184654e+00,6.9142480737535168e+00,6.9142480737535168e+00,1.1782411720117700e+01,1.9296819052813607e+00,6.9142480737535168e+00,1.3352246424751501e+01,3.9241212123184654e+00,0.0000000000000000e+00,1.4009415866552944e+01,6.9142480737535168e+00,8.0004813364217053e+00,1.9296819052813607e+00,8.0004813364217053e+00,1.3352246424751501e+01,1.4470433253208860e+01,1.3352246424751501e+01,1.4009415866552944e+01,8.9708464073428491e+00,4.6571647177469160e+00,6.9142480737535168e+00,0.0000000000000000e+00,1.0332709764156465e+00,1.9296819052813607e+00,1.3352246424751501e+01,5.6433106087741862e+00,1.3352246424751501e+01,8.9708464073428491e+00,4.6571647177469160e+00,1.1782411720117700e+01,6.9142480737535168e+00,1.0332709764156465e+00,1.4470433253208860e+01,0.0000000000000000e+00,8.9708464073428491e+00,1.4009415866552944e+01,1.4009415866552944e+01,4.6571647177469160e+00,1.4009415866552944e+01,4.6571647177469160e+00,1.1782411720117700e+01,6.9142480737535168e+00,9.6856419405196021e+00,1.4009415866552944e+01,1.0016838366006278e+01,5.6433106087741862e+00,4.6571647177469160e+00,6.9142480737535168e+00,1.0332709764156465e+00,8.0004813364217053e+00,1.4470433253208860e+01,6.9142480737535168e+00,0.0000000000000000e+00,1.4009415866552944e+01,1.0016838366006278e+01,1.4470433253208860e+01,8.9708464073428491e+00,1.4470433253208860e+01,8.9708464073428491e+00,1.0332709764156465e+00,1.3352246424751501e+01,1.4470433253208860e+01,1.0016838366006278e+01,1.4470433253208860e+01,8.0004813364217053e+00,1.4009415866552944e+01,1.4009415866552944e+01,1.4009415866552944e+01,1.4009415866552944e+01,9.6856419405196021e+00,1.0332709764156465e+00,1.4470433253208860e+01,1.4470433253208860e+01,1.4009415866552944e+01,1.4009415866552944e+01,1.4009415866552944e+01,1.0016838366006278e+01,1.0016838366006278e+01,1.1782411720117700e+01,6.9142480737535168e+00,1.4470433253208860e+01,1.4470433253208860e+01,1.4470433253208860e+01,1.1782411720117700e+01,0.0000000000000000e+00,3.9241212123184654e+00,1.0016838366006278e+01,1.1782411720117700e+01,1.0016838366006278e+01,1.9296819052813607e+00,1.0016838366006278e+01,1.9296819052813607e+00,1.0016838366006278e+01,8.0004813364217053e+00,1.1782411720117700e+01,1.9296819052813607e+00,1.3352246424751501e+01,1.1782411720117700e+01,4.6571647177469160e+00,1.0332709764156465e+00,8.0004813364217053e+00,1.1782411720117700e+01,8.0004813364217053e+00,1.1782411720117700e+01,1.1782411720117700e+01,1.1782411720117700e+01,3.9241212123184654e+00,1.9296819052813607e+00,6.9142480737535168e+00,1.0016838366006278e+01,8.9708464073428491e+00,1.4470433253208860e+01,1.4470433253208860e+01,1.4009415866552944e+01,1.4009415866552944e+01,2.4401003162237052e+00,1.4470433253208860e+01,6.9142480737535168e+00,1.0332709764156465e+00,4.6571647177469160e+00,3.9241212123184654e+00,1.1782411720117700e+01,1.4470433253208860e+01,8.0004813364217053e+00,5.6433106087741862e+00,1.3352246424751501e+01,1.3352246424751501e+01,8.0004813364217053e+00,8.0004813364217053e+00,1.0332709764156465e+00,1.0016838366006278e+01,1.9296819052813607e+00,1.0016838366006278e+01,3.9241212123184654e+00,1.3352246424751501e+01,1.3352246424751501e+01,1.0016838366006278e+01,2.4401003162237052e+00,1.1782411720117700e+01,1.4470433253208860e+01,1.1782411720117700e+01,6.9142480737535168e+00,3.9241212123184654e+00,8.0004813364217053e+00,1.4470433253208860e+01,1.3352246424751501e+01,8.0004813364217053e+00,1.4470433253208860e+01,1.3352246424751501e+01,1.3352246424751501e+01,1.4470433253208860e+01,2.4401003162237052e+00,4.6571647177469160e+00,1.3352246424751501e+01,3.9241212123184654e+00,1.4470433253208860e+01,1.9296819052813607e+00,1.4470433253208860e+01,1.4470433253208860e+01,1.3352246424751501e+01,1.4470433253208860e+01,9.6856419405196021e+00,8.0004813364217053e+00,8.0004813364217053e+00,1.4470433253208860e+01,1.4470433253208860e+01,1.3352246424751501e+01,9.6856419405196021e+00,1.0016838366006278e+01,1.0332709764156465e+00,1.1782411720117700e+01,1.3352246424751501e+01,9.6856419405196021e+00,1.1782411720117700e+01,1.0332709764156465e+00,9.6856419405196021e+00,9.6856419405196021e+00,1.0016838366006278e+01,9.6856419405196021e+00,9.6856419405196021e+00,6.9142480737535168e+00,2.4401003162237052e+00,1.0332709764156465e+00,0.0000000000000000e+00,0.0000000000000000e+00,1.3352246424751501e+01,4.6571647177469160e+00,1.4009415866552944e+01,9.6856419405196021e+00,9.6856419405196021e+00,9.6856419405196021e+00,1.4009415866552944e+01,1.4009415866552944e+01,8.0004813364217053e+00,8.0004813364217053e+00,1.4009415866552944e+01,1.3352246424751501e+01,5.6433106087741862e+00,5.6433106087741862e+00,8.9708464073428491e+00,5.6433106087741862e+00,8.0004813364217053e+00,1.9296819052813607e+00,1.3352246424751501e+01,0.0000000000000000e+00,1.9296819052813607e+00,4.6571647177469160e+00,4.6571647177469160e+00,2.4401003162237052e+00,1.3352246424751501e+01,1.1782411720117700e+01,1.4470433253208860e+01,1.0332709764156465e+00,2.4401003162237052e+00,1.4470433253208860e+01,1.1782411720117700e+01,1.0332709764156465e+00,1.3352246424751501e+01,1.4009415866552944e+01,1.1782411720117700e+01,1.0332709764156465e+00,1.0332709764156465e+00,1.1782411720117700e+01,1.1782411720117700e+01,1.3352246424751501e+01,1.4470433253208860e+01,1.1782411720117700e+01,5.6433106087741862e+00,5.6433106087741862e+00,0.0000000000000000e+00,1.1782411720117700e+01,1.1782411720117700e+01,1.1782411720117700e+01,1.1782411720117700e+01,1.4009415866552944e+01,1.4009415866552944e+01,1.4009415866552944e+01,1.1782411720117700e+01,1.3352246424751501e+01,1.0332709764156465e+00,1.4470433253208860e+01,1.4470433253208860e+01,1.1782411720117700e+01,1.4470433253208860e+01,2.4401003162237052e+00,1.1782411720117700e+01,1.0016838366006278e+01,4.6571647177469160e+00,5.6433106087741862e+00,1.4470433253208860e+01,5.6433106087741862e+00,8.9708464073428491e+00,8.9708464073428491e+00,8.0004813364217053e+00,5.6433106087741862e+00,1.4009415866552944e+01,1.4009415866552944e+01,1.1782411720117700e+01,1.4470433253208860e+01,1.4470433253208860e+01,2.4401003162237052e+00,6.9142480737535168e+00,1.4470433253208860e+01,1.4470433253208860e+01,1.4470433253208860e+01,1.4009415866552944e+01,4.6571647177469160e+00,4.6571647177469160e+00,0.0000000000000000e+00,1.1782411720117700e+01,1.3352246424751501e+01,1.1782411720117700e+01,2.4401003162237052e+00,1.1782411720117700e+01,0.0000000000000000e+00,1.4009415866552944e+01,8.9708464073428491e+00,1.4009415866552944e+01,6.9142480737535168e+00,1.3352246424751501e+01,0.0000000000000000e+00,8.0004813364217053e+00,1.4009415866552944e+01,1.4009415866552944e+01,1.0016838366006278e+01,9.6856419405196021e+00,1.0016838366006278e+01,9.6856419405196021e+00,1.4470433253208860e+01,1.1782411720117700e+01,1.1782411720117700e+01,0.0000000000000000e+00,1.9296819052813607e+00,1.4470433253208860e+01,0.0000000000000000e+00,1.1782411720117700e+01,2.4401003162237052e+00,5.6433106087741862e+00,1.0016838366006278e+01,1.3352246424751501e+01,6.9142480737535168e+00,6.9142480737535168e+00,1.4470433253208860e+01,5.6433106087741862e+00,1.0332709764156465e+00,3.9241212123184654e+00,1.4470433253208860e+01,1.0016838366006278e+01,1.9296819052813607e+00,1.4009415866552944e+01,4.6571647177469160e+00,1.4470433253208860e+01,8.9708464073428491e+00,1.4470433253208860e+01,1.4470433253208860e+01,1.4470433253208860e+01,9.6856419405196021e+00,4.6571647177469160e+00,1.4470433253208860e+01,0.0000000000000000e+00,9.6856419405196021e+00,5.6433106087741862e+00,5.6433106087741862e+00,1.4470433253208860e+01,1.3352246424751501e+01,6.9142480737535168e+00,2.4401003162237052e+00,6.9142480737535168e+00,6.9142480737535168e+00,2.4401003162237052e+00,1.1782411720117700e+01,1.0332709764156465e+00,9.6856419405196021e+00,1.1782411720117700e+01,2.4401003162237052e+00,1.4009415866552944e+01,1.1782411720117700e+01,1.4009415866552944e+01,1.1782411720117700e+01,1.1782411720117700e+01,9.6856419405196021e+00,9.6856419405196021e+00,8.0004813364217053e+00,1.0332709764156465e+00,9.6856419405196021e+00,2.4401003162237052e+00,1.0332709764156465e+00,1.4470433253208860e+01,1.0332709764156465e+00,1.0332709764156465e+00,4.6571647177469160e+00,1.9296819052813607e+00,6.9142480737535168e+00,4.6571647177469160e+00,1.4009415866552944e+01,2.4401003162237052e+00,1.3352246424751501e+01,1.4009415866552944e+01,6.9142480737535168e+00,6.9142480737535168e+00,1.9296819052813607e+00,1.3352246424751501e+01,1.4470433253208860e+01,0.0000000000000000e+00,6.9142480737535168e+00,1.1782411720117700e+01,1.4470433253208860e+01,1.1782411720117700e+01,9.6856419405196021e+00,6.9142480737535168e+00,1.3352246424751501e+01,1.1782411720117700e+01,6.9142480737535168e+00,1.9296819052813607e+00,1.4470433253208860e+01,1.4470433253208860e+01,9.6856419405196021e+00,1.1782411720117700e+01,1.0332709764156465e+00,1.0016838366006278e+01,1.4470433253208860e+01,1.4470433253208860e+01,1.4470433253208860e+01,6.9142480737535168e+00,1.4470433253208860e+01,1.4470433253208860e+01,8.9708464073428491e+00,4.6571647177469160e+00,1.4470433253208860e+01,8.9708464073428491e+00,4.6571647177469160e+00,1.4470433253208860e+01,8.9708464073428491e+00,1.0332709764156465e+00,3.9241212123184654e+00,1.4470433253208860e+01,1.4009415866552944e+01,1.4009415866552944e+01,1.0332709764156465e+00,8.0004813364217053e+00,6.9142480737535168e+00,1.1782411720117700e+01,6.9142480737535168e+00,1.4470433253208860e+01,4.6571647177469160e+00,1.9296819052813607e+00,1.4470433253208860e+01,1.3352246424751501e+01,1.1782411720117700e+01,2.4401003162237052e+00,8.9708464073428491e+00,4.6571647177469160e+00,1.4470433253208860e+01,0.0000000000000000e+00,5.6433106087741862e+00,8.9708464073428491e+00,1.9296819052813607e+00,1.4470433253208860e+01,5.6433106087741862e+00,8.9708464073428491e+00,8.9708464073428491e+00,1.4470433253208860e+01,1.4470433253208860e+01,1.4009415866552944e+01,1.4009415866552944e+01,1.0332709764156465e+00,1.4009415866552944e+01,8.0004813364217053e+00,1.3352246424751501e+01,1.1782411720117700e+01,9.6856419405196021e+00,1.0016838366006278e+01,1.0332709764156465e+00,1.3352246424751501e+01,1.3352246424751501e+01,1.1782411720117700e+01,6.9142480737535168e+00,1.0016838366006278e+01,1.4009415866552944e+01,1.0332709764156465e+00,5.6433106087741862e+00,8.9708464073428491e+00,8.9708464073428491e+00,6.9142480737535168e+00,1.3352246424751501e+01,1.3352246424751501e+01,8.0004813364217053e+00,1.3352246424751501e+01,6.9142480737535168e+00,5.6433106087741862e+00,8.9708464073428491e+00,9.6856419405196021e+00,9.6856419405196021e+00,9.6856419405196021e+00,5.6433106087741862e+00,1.4009415866552944e+01,9.6856419405196021e+00,1.0016838366006278e+01,1.0332709764156465e+00,8.9708464073428491e+00,1.1782411720117700e+01,1.0016838366006278e+01,9.6856419405196021e+00,1.0016838366006278e+01,1.4009415866552944e+01,1.4009415866552944e+01,1.4470433253208860e+01,6.9142480737535168e+00,1.4009415866552944e+01,1.0016838366006278e+01,8.9708464073428491e+00,8.0004813364217053e+00,3.9241212123184654e+00,9.6856419405196021e+00,8.9708464073428491e+00,9.6856419405196021e+00,8.9708464073428491e+00,1.4009415866552944e+01,1.1782411720117700e+01,1.4470433253208860e+01,1.1782411720117700e+01,1.0016838366006278e+01,1.0332709764156465e+00,1.4470433253208860e+01,1.4470433253208860e+01,1.9296819052813607e+00
3.5164782741909812e+00,3.5164782741909812e+00,3.5164782741909812e+00,3.5164782741909812e+00,3.5164782741909812e+00,1.2227586992309250e+01,9.4021299119228914e+00,1.2227586992309250e+01,1.2227586992309250e+01,1.2227586992309250e+01,1.2227586992309250e+01,1.2227586992309250e+01,1.2227586992309250e+01,9.4021299119228914e+00,1.2227586992309250e+01,6.4329220048465441e+00,7.5685154085876363e+00,7.5685154085876363e+00,9.0511605840597475e+00,3.5164782741909812e+00,6.4329220048465441e+00,1.2227586992309250e+01,6.4329220048465441e+00,6.4329220048465441e+00,1.2227586992309250e+01,4.4458607139177575e+00,1.2227586992309250e+01,1.2290394865030784e+01,1.2290394865030784e+01,1.2290394865030784e+01,1.2290394865030784e+01,5.6967803763269140e+00,5.6967803763269140e+00,1.0453552875148468e+01,1.2227586992309250e+01,1.2227586992309250e+01,1.2227586992309250e+01,5.6967803763269140e+00,9.1077792100545263e-01,6.4329220048465441e+00,6.4329220048465441e+00,3.5164782741909812e+00,6.4329220048465441e+00,3.1203020294467239e+00,5.6967803763269140e+00,3.1203020294467239e+00,9.4021299119228914e+00,9.0511605840597475e+00,3.1203020294467239e+00,1.2227586992309250e+01,1.2227586992309250e+01,1.2227586992309250e+01,7.5685154085876363e+00,7.5685154085876363e+00,1.2290394865030784e+01,6.4329220048465441e+00,3.1203020294467239e+00,1.2290394865030784e+01,6.4329220048465441e+00,1.2227586992309250e+01,9.0511605840597475e+00,7.5685154085876363e+00,9.4021299119228914e+00,1.2227586992309250e+01,9.0511605840597475e+00,1.2227586992309250e+01,1.2227586992309250e+01,9.0511605840597475e+00,9.0511605840597475e+00,9.0511605840597475e+00,1.2227586992309250e+01,1.5105963947867728e+01,3.5164782741909812e+00,3.5164782741909812e+00,9.1077792100545263e-01,1.2227586992309250e+01,1.2227586992309250e+01,1.0453552875148468e+01,1.5105963947867728e+01,9.1077792100545263e-01,1.2227586992309250e+01,1.2227586992309250e+01,1.2227586992309250e+01,9.0511605840597475e+00,1.8374409257080029e+00,1.8374409257080029e+00,1.2290394865030784e+01,1.2227586992309250e+01,1.2290394865030784e+01,1.2227586992309250e+01,3.5164782741909812e+00,7.5685154085876363e+00,9.0511605840597475e+00,7.5685154085876363e+00,9.0511605840597475e+00,7.5685154085876363e+00,7.5685154085876363e+00,9.4021299119228914e+00,1.3407230581971945e+01,3.5164782741909812e+00,5.6967803763269140e+00,6.4329220048465441e+00,1.8374409257080029e+00,1.5105963947867728e+01,7.5685154085876363e+00,9.4021299119228914e+00,1.0453552875148468e+01,1.0453552875148468e+01,1.2290394865030784e+01,1.2290394865030784e+01,9.0511605840597475e+00,7.5685154085876363e+00,7.5685154085876363e+00,6.4329220048465441e+00,7.5685154085876363e+00,1.2290394865030784e+01,3.1203020294467239e+00,1.0453552875148468e+01,9.4021299119228914e+00,1.2227586992309250e+01,1.3407230581971945e+01,1.5105963947867728e+01,1.0453552875148468e+01,1.3407230581971945e+01,0.0000000000000000e+00,1.2227586992309250e+01,1.0453552875148468e+01,1.0453552875148468e+01,1.2290394865030784e+01,1.0453552875148468e+01,7.5685154085876363e+00,7.5685154085876363e+00,9.1077792100545263e-01,1.2290394865030784e+01,1.2227586992309250e+01,1.0453552875148468e+01,3.1203020294467239e+00,0.0000000000000000e+00,3.1203020294467239e+00,1.2290394865030784e+01,1.0453552875148468e+01,1.0453552875148468e+01,4.4458607139177575e+00,9.4021299119228914e+00,7.5685154085876363e+00,7.5685154085876363e+00,7.5685154085876363e+00,1.3407230581971945e+01,1.8374409257080029e+00,1.0453552875148468e+01,1.3407230581971945e+01,1.0453552875148468e+01,5.6967803763269140e+00,1.0453552875148468e+01,9.0511605840597475e+00,0.0000000000000000e+00,1.8374409257080029e+00,1.2290394865030784e+01,1.2227586992309250e+01,1.0453552875148468e+01,1.2227586992309250e+01,1.2227586992309250e+01,1.2227586992309250e+01,9.0511605840597475e+00,1.2290394865030784e+01,1.2227586992309250e+01,1.2290394865030784e+01,9.0511605840597475e+00,7.5685154085876363e+00,9.0511605840597475e+00,7.5685154085876363e+00,9.0511605840597475e+00,1.2290394865030784e+01,1.0453552875148468e+01,1.2290394865030784e+01,1.3407230581971945e+01,9.1077792100545263e-01,9.0511605840597475e+00,1.2290394865030784e+01,1.0453552875148468e+01,9.0511605840597475e+00,7.5685154085876363e+00,1.5105963947867728e+01,1.5105963947867728e+01,1.0453552875148468e+01,4.4458607139177575e+00,0.0000000000000000e+00,1.2227586992309250e+01,1.5105963947867728e+01,1.5105963947867728e+01,1.2290394865030784e+01,0.0000000000000000e+00,1.2227586992309250e+01,1.3407230581971945e+01,1.0453552875148468e+01,9.0511605840597475e+00,1.3407230581971945e+01,1.5105963947867728e+01,1.3407230581971945e+01,6.4329220048465441e+00,1.2227586992309250e+01,3.5164782741909812e+00,9.0511605840597475e+00,7.5685154085876363e+00,1.0453552875148468e+01,1.0453552875148468e+01,1.0453552875148468e+01,7.5685154085876363e+00,1.0453552875148468e+01,1.2227586992309250e+01,1.2227586992309250e+01,1.2227586992309250e+01,7.5685154085876363e+00,1.0453552875148468e+01,1.5105963947867728e+01,1.2227586992309250e+01,1.3407230581971945e+01,1.5105963947867728e+01,1.5105963947867728e+01,1.3407230581971945e+01,7.5685154085876363e+00,3.5164782741909812e+00,5.6967803763269140e+00,1.2290394865030784e+01,1.5105963947867728e+01,1.5105963947867728e+01,7.5685154085876363e+00,1.8374409257080029e+00,4.4458607139177575e+00,1.2227586992309250e+01,1.3407230581971945e+01,1.3407230581971945e+01,9.0511605840597475e+00,1.2227586992309250e+01,1.2227586992309250e+01,3.5164782741909812e+00,4.4458607139177575e+00,9.4021299119228914e+00,4.4458607139177575e+00,7.5685154085876363e+00,1.2227586992309250e+01,1.2227586992309250e+01,6.4329220048465441e+00,7.5685154085876363e+00,7.5685154085876363e+00,7.5685154085876363e+00,6.4329220048465441e+00,1.5105963947867728e+01,1.3407230581971945e+01,1.5105963947867728e+01,1.2227586992309250e+01,1.2227586992309250e+01,1.2227586992309250e+01,7.5685154085876363e+00,1.3407230581971945e+01,6.4329220048465441e+00,1.2227586992309250e+01,1.2227586992309250e+01,1.2227586992309250e+01,9.4021299119228914e+00,1.5105963947867728e+01,4.4458607139177575e+00,1.3407230581971945e+01,4.4458607139177575e+00,1.3407230581971945e+01,1.5105963947867728e+01,1.2227586992309250e+01,9.4021299119228914e+00,1.5105963947867728e+01,3.5164782741909812e+00,1.0453552875148468e+01,5.6967803763269140e+00,1.2290394865030784e+01,1.5105963947867728e+01,9.0511605840597475e+00,1.5105963947867728e+01,1.0453552875148468e+01,9.4021299119228914e+00,6.4329220048465441e+00,6.4329220048465441e+00,0.0000000000000000e+00,3.1203020294467239e+00,9.4021299119228914e+00,1.5105963947867728e+01,3.1203020294467239e+00,6.4329220048465441e+00,1.2227586992309250e+01,0.0000000000000000e+00,3.5164782741909812e+00,1.5105963947867728e+01,1.5105963947867728e+01,1.5105963947867728e+01,9.0511605840597475e+00,9.0511605840597475e+00,3.5164782741909812e+00,5.6967803763269140e+00,1.0453552875148468e+01,9.1077792100545263e-01,1.0453552875148468e+01,7.5685154085876363e+00,9.0511605840597475e+00,9.1077792100545263e-01,1.0453552875148468e+01,1.2227586992309250e+01,1.2227586992309250e+01,1.3407230581971945e+01,1.5105963947867728e+01,9.4021299119228914e+00,1.2227586992309250e+01,1.2227586992309250e+01,1.2227586992309250e+01,1.5105963947867728e+01,9.1077792100545263e-01,1.3407230581971945e+01,1.2227586992309250e+01,1.3407230581971945e+01,3.5164782741909812e+00,1.0453552875148468e+01,1.2227586992309250e+01,5.6967803763269140e+00,1.2227586992309250e+01,4.4458607139177575e+00,1.3407230581971945e+01,1.3407230581971945e+01,1.2290394865030784e+01,1.2290394865030784e+01,9.4021299119228914e+00,9.0511605840597475e+00,5.6967803763269140e+00,1.0453552875148468e+01,1.2290394865030784e+01,3.1203020294467239e+00,1.8374409257080029e+00,1.3407230581971945e+01,1.2290394865030784e+01,9.4021299119228914e+00,3.1203020294467239e+00,1.5105963947867728e+01,7.5685154085876363e+00,7.5685154085876363e+00,3.5164782741909812e+00,4.4458607139177575e+00,1.0453552875148468e+01,5.6967803763269140e+00,1.0453552875148468e+01,1.2227586992309250e+01,3.5164782741909812e+00,1.5105963947867728e+01,5.6967803763269140e+00,5.6967803763269140e+00,1.2227586992309250e+01,1.5105963947867728e+01,9.0511605840597475e+00,1.0453552875148468e+01,5.6967803763269140e+00,1.5105963947867728e+01,9.0511605840597475e+00,0.0000000000000000e+00,9.1077792100545263e-01,7.5685154085876363e+00,1.3407230581971945e+01,6.4329220048465441e+00,1.5105963947867728e+01,1.2290394865030784e+01,3.5164782741909812e+00,7.5685154085876363e+00,3.5164782741909812e+00,1.2227586992309250e+01,1.2290394865030784e+01,1.0453552875148468e+01,1.2227586992309250e+01,1.5105963947867728e+01,1.5105963947867728e+01,1.5105963947867728e+01,9.4021299119228914e+00,1.5105963947867728e+01,1.5105963947867728e+01,1.5105963947867728e+01,1.5105963947867728e+01,1.5105963947867728e+01,1.5105963947867728e+01,1.5105963947867728e+01,1.0453552875148468e+01,1.0453552875148468e+01,1.5105963947867728e+01,1.5105963947867728e+01,6.4329220048465441e+00,9.1077792100545263e-01,9.4021299119228914e+00,6.4329220048465441e+00,3.1203020294467239e+00,1.5105963947867728e+01,9.0511605840597475e+00,1.0453552875148468e+01,1.5105963947867728e+01,9.0511605840597475e+00,9.1077792100545263e-01,1.5105963947867728e+01,0.0000000000000000e+00,6.4329220048465441e+00,9.4021299119228914e+00,7.5685154085876363e+00,1.5105963947867728e+01,7.5685154085876363e+00,9.0511605840597475e+00,1.8374409257080029e+00,3.5164782741909812e+00,1.2227586992309250e+01,1.3407230581971945e+01,6.4329220048465441e+00,6.4329220048465441e+00,6.4329220048465441e+00,1.5105963947867728e+01,6.4329220048465441e+00,6.4329220048465441e+00,3.1203020294467239e+00,1.2290394865030784e+01,1.5105963947867728e+01,6.4329220048465441e+00,1.5105963947867728e+01,3.5164782741909812e+00,1.5105963947867728e+01,4.4458607139177575e+00,1.0453552875148468e+01,1.0453552875148468e+01,1.0453552875148468e+01,1.0453552875148468e+01,0.0000000000000000e+00,1.0453552875148468e+01,4.4458607139177575e+00,3.1203020294467239e+00,1.8374409257080029e+00,1.2290394865030784e+01,1.3407230581971945e+01,1.2290394865030784e+01,4.4458607139177575e+00,7.5685154085876363e+00,9.1077792100545263e-01,6.4329220048465441e+00,1.3407230581971945e+01,1.3407230581971945e+01,7.5685154085876363e+00,9.0511605840597475e+00,1.3407230581971945e+01,1.0453552875148468e+01,1.0453552875148468e+01,1.2227586992309250e+01,3.1203020294467239e+00,1.3407230581971945e+01,1.3407230581971945e+01,4.4458607139177575e+00,1.5105963947867728e+01,9.0511605840597475e+00,9.1077792100545263e-01,1.0453552875148468e+01,1.0453552875148468e+01,4.4458607139177575e+00,1.5105963947867728e+01,3.5164782741909812e+00,1.3407230581971945e+01,1.3407230581971945e+01,4.4458607139177575e+00,7.5685154085876363e+00,9.4021299119228914e+00,1.5105963947867728e+01,1.2290394865030784e+01,4.4458607139177575e+00,1.5105963947867728e+01,4.4458607139177575e+00,9.1077792100545263e-01,1.0453552875148468e+01,1.0453552875148468e+01,1.0453552875148468e+01,1.2227586992309250e+01,1.2227586992309250e+01,1.3407230581971945e+01,1.3407230581971945e+01,1.0453552875148468e+01,1.3407230581971945e+01,9.1077792100545263e-01,1.2227586992309250e+01,1.3407230581971945e+01,1.2227586992309250e+01,0.0000000000000000e+00,3.5164782741909812e+00,3.1203020294467239e+00,1.2227586992309250e+01,1.0453552875148468e+01,4.4458607139177575e+00,1.3407230581971945e+01,1.5105963947867728e+01,1.2290394865030784e+01,3.1203020294467239e+00,1.5105963947867728e+01,1.3407230581971945e+01,1.3407230581971945e+01,6.4329220048465441e+00,1.3407230581971945e+01,1.2290394865030784e+01,1.2227586992309250e+01,1.5105963947867728e+01,1.5105963947867728e+01,1.3407230581971945e+01,9.1077792100545263e-01,1.0453552875148468e+01,7.5685154085876363e+00,1.0453552875148468e+01,1.5105963947867728e+01,1.0453552875148468e+01,1.2290394865030784e+01,6.4329220048465441e+00,1.3407230581971945e+01,1.2290394865030784e+01,1.2290394865030784e+01,5.6967803763269140e+00,3.1203020294467239e+00,1.2290394865030784e+01,1.3407230581971945e+01,1.0453552875148468e+01,1.0453552875148468e+01,1.2227586992309250e+01,5.6967803763269140e+00,1.2227586992309250e+01,1.0453552875148468e+01,1.0453552875148468e+01,6.4329220048465441e+00,0.0000000000000000e+00,1.0453552875148468e+01,3.1203020294467239e+00,0.0000000000000000e+00,1.0453552875148468e+01,1.2290394865030784e+01,0.0000000000000000e+00,3.1203020294467239e+00,3.5164782741909812e+00,1.3407230581971945e+01,1.0453552875148468e+01,5.6967803763269140e+00,1.2290394865030784e+01,1.2290394865030784e+01,6.4329220048465441e+00,1.2290394865030784e+01,3.1203020294467239e+00,7.5685154085876363e+00,7.5685154085876363e+00,5.6967803763269140e+00,1.2290394865030784e+01,1.2290394865030784e+01,1.3407230581971945e+01,3.1203020294467239e+00,1.2290394865030784e+01,4.4458607139177575e+00,9.0511605840597475e+00,6.4329220048465441e+00,1.3407230581971945e+01,1.2227586992309250e+01,1.2227586992309250e+01,1.2227586992309250e+01,9.0511605840597475e+00,1.5105963947867728e+01,1.2227586992309250e+01,1.3407230581971945e+01,3.5164782741909812e+00,3.1203020294467239e+00,3.1203020294467239e+00,1.0453552875148468e+01,3.1203020294467239e+00,9.4021299119228914e+00,9.4021299119228914e+00,0.0000000000000000e+00,9.0511605840597475e+00,5.6967803763269140e+00,7.5685154085876363e+00,7.5685154085876363e+00,1.0453552875148468e+01,1.2290394865030784e+01,1.2290394865030784e+01,1.2290394865030784e+01,1.0453552875148468e+01,1.5105963947867728e+01,7.5685154085876363e+00,1.2290394865030784e+01,3.1203020294467239e+00,1.8374409257080029e+00,9.1077792100545263e-01,1.2290394865030784e+01,1.2290394865030784e+01,4.4458607139177575e+00,1.0453552875148468e+01,1.2290394865030784e+01,1.2290394865030784e+01,1.2290394865030784e+01,3.5164782741909812e+00,9.1077792100545263e-01,1.2227586992309250e+01,7.5685154085876363e+00,9.4021299119228914e+00,1.3407230581971945e+01,5.6967803763269140e+00,1.3407230581971945e+01,1.5105963947867728e+01,1.5105963947867728e+01,1.0453552875148468e+01,7.5685154085876363e+00,9.1077792100545263e-01,7.5685154085876363e+00,7.5685154085876363e+00,6.4329220048465441e+00,5.6967803763269140e+00,1.0453552875148468e+01,5.6967803763269140e+00,1.2227586992309250e+01,4.4458607139177575e+00,4.4458607139177575e+00,3.1203020294467239e+00,5.6967803763269140e+00,3.5164782741909812e+00,1.5105963947867728e+01,3.5164782741909812e+00,9.4021299119228914e+00,1.3407230581971945e+01,7.5685154085876363e+00,1.3407230581971945e+01,1.2227586992309250e+01,1.8374409257080029e+00,6.4329220048465441e+00,0.0000000000000000e+00,1.2227586992309250e+01,1.2290394865030784e+01,9.4021299119228914e+00,3.5164782741909812e+00,5.6967803763269140e+00,1.0453552875148468e+01,9.0511605840597475e+00,9.4021299119228914e+00,9.0511605840597475e+00,1.3407230581971945e+01,1.2227586992309250e+01,9.4021299119228914e+00,7.5685154085876363e+00,9.4021299119228914e+00,7.5685154085876363e+00,6.4329220048465441e+00,1.0453552875148468e+01,5.6967803763269140e+00,1.2290394865030784e+01,1.2227586992309250e+01,6.4329220048465441e+00,1.2227586992309250e+01,1.2290394865030784e+01,7.5685154085876363e+00,7.5685154085876363e+00,1.2290394865030784e+01,7.5685154085876363e+00,1.3407230581971945e+01,9.4021299119228914e+00,9.4021299119228914e+00,1.2290394865030784e+01,1.2227586992309250e+01,1.2227586992309250e+01,1.2290394865030784e+01,1.5105963947867728e+01,9.4021299119228914e+00,6.4329220048465441e+00,1.2290394865030784e+01,1.3407230581971945e+01,4.4458607139177575e+00,3.1203020294467239e+00,6.4329220048465441e+00,1.3407230581971945e+01,1.3407230581971945e+01,1.3407230581971945e+01,1.0453552875148468e+01,0.0000000000000000e+00,1.8374409257080029e+00,1.0453552875148468e+01,1.0453552875148468e+01,1.0453552875148468e+01,9.0511605840597475e+00,9.0511605840597475e+00,0.0000000000000000e+00,1.5105963947867728e+01,1.3407230581971945e+01,1.5105963947867728e+01,9.0511605840597475e+00,9.1077792100545263e-01,9.4021299119228914e+00,1.3407230581971945e+01,9.4021299119228914e+00,9.1077792100545263e-01,1.3407230581971945e+01,9.0511605840597475e+00,9.1077792100545263e-01,7.5685154085876363e+00,1.5105963947867728e+01,4.4458607139177575e+00,1.2227586992309250e+01,1.5105963947867728e+01,4.4458607139177575e+00,1.3407230581971945e+01,1.3407230581971945e+01,9.4021299119228914e+00,1.2227586992309250e+01,6.4329220048465441e+00,9.0511605840597475e+00,1.3407230581971945e+01,1.3407230581971945e+01,1.2290394865030784e+01,1.5105963947867728e+01,1.5105963947867728e+01,1.0453552875148468e+01,1.0453552875148468e+01,1.2227586992309250e+01,3.5164782741909812e+00,1.2227586992309250e+01,3.5164782741909812e+00,1.3407230581971945e+01,6.4329220048465441e+00,9.4021299119228914e+00,7.5685154085876363e+00,6.4329220048465441e+00,1.2290394865030784e+01,1.5105963947867728e+01,1.0453552875148468e+01,1.5105963947867728e+01,1.5105963947867728e+01,9.1077792100545263e-01,1.2227586992309250e+01,1.5105963947867728e+01,1.3407230581971945e+01,6.4329220048465441e+00,9.0511605840597475e+00,4.4458607139177575e+00,1.8374409257080029e+00,7.5685154085876363e+00,1.5105963947867728e+01,1.0453552875148468e+01,6.4329220048465441e+00,4.4458607139177575e+00,1.8374409257080029e+00,1.5105963947867728e+01,7.5685154085876363e+00,1.5105963947867728e+01,1.5105963947867728e+01,9.1077792100545263e-01,1.3407230581971945e+01,1.3407230581971945e+01,1.5105963947867728e+01,5.6967803763269140e+00,1.0453552875148468e+01,7.5685154085876363e+00,1.3407230581971945e+01,6.4329220048465441e+00,1.5105963947867728e+01,6.4329220048465441e+00,1.3407230581971945e+01,1.2227586992309250e+01,9.1077792100545263e-01,9.4021299119228914e+00,1.8374409257080029e+00,1.3407230581971945e+01,1.0453552875148468e+01,1.3407230581971945e+01,1.2227586992309250e+01,1.2290394865030784e+01,3.5164782741909812e+00,1.2227586992309250e+01,7.5685154085876363e+00,1.3407230581971945e+01,3.5164782741909812e+00,1.8374409257080029e+00,1.2227586992309250e+01,1.5105963947867728e+01,5.6967803763269140e+00,1.2290394865030784e+01,1.5105963947867728e+01,4.4458607139177575e+00,1.2290394865030784e+01,7.5685154085876363e+00,7.5685154085876363e+00,1.5105963947867728e+01,1.3407230581971945e+01,6.4329220048465441e+00,9.4021299119228914e+00,6.4329220048465441e+00,6.4329220048465441e+00,1.2227586992309250e+01,5.6967803763269140e+00,1.2227586992309250e+01,5.6967803763269140e+00,7.5685154085876363e+00,1.8374409257080029e+00,1.8374409257080029e+00,7.5685154085876363e+00,1.0453552875148468e+01,1.2290394865030784e+01,3.1203020294467239e+00,5.6967803763269140e+00,9.4021299119228914e+00,9.4021299119228914e+00,6.4329220048465441e+00,4.4458607139177575e+00,1.2227586992309250e+01,9.4021299119228914e+00,3.5164782741909812e+00,4.4458607139177575e+00,4.4458607139177575e+00,1.2290394865030784e+01,5.6967803763269140e+00,1.2227586992309250e+01,7.5685154085876363e+00,1.2290394865030784e+01,3.5164782741909812e+00,4.4458607139177575e+00,4.4458607139177575e+00,1.2290394865030784e+01,9.0511605840597475e+00,6.4329220048465441e+00,1.3407230581971945e+01,9.4021299119228914e+00,1.0453552875148468e+01,1.8374409257080029e+00,1.2227586992309250e+01,1.2227586992309250e+01,7.5685154085876363e+00,1.5105963947867728e+01,9.1077792100545263e-01,1.5105963947867728e+01,5.6967803763269140e+00,1.5105963947867728e+01,7.5685154085876363e+00,7.5685154085876363e+00,5.6967803763269140e+00,7.5685154085876363e+00,9.4021299119228914e+00,1.2227586992309250e+01,1.2227586992309250e+01,1.5105963947867728e+01,6.4329220048465441e+00,7.5685154085876363e+00,1.2227586992309250e+01,0.0000000000000000e+00,6.4329220048465441e+00,1.0453552875148468e+01,9.4021299119228914e+00,1.0453552875148468e+01,6.4329220048465441e+00,1.0453552875148468e+01,0.0000000000000000e+00,7.5685154085876363e+00,1.2290394865030784e+01,1.2290394865030784e+01,9.1077792100545263e-01,1.3407230581971945e+01,1.3407230581971945e+01,9.0511605840597475e+00,6.4329220048465441e+00,9.0511605840597475e+00,1.5105963947867728e+01,3.5164782741909812e+00,3.5164782741909812e+00,3.5164782741909812e+00,1.5105963947867728e+01,1.5105963947867728e+01,4.4458607139177575e+00,1.3407230581971945e+01,9.4021299119228914e+00,1.8374409257080029e+00,3.5164782741909812e+00,1.3407230581971945e+01,9.1077792100545263e-01,9.0511605840597475e+00,1.5105963947867728e+01,1.5105963947867728e+01,1.2227586992309250e+01,7.5685154085876363e+00,1.3407230581971945e+01,7.5685154085876363e+00,7.5685154085876363e+00,9.4021299119228914e+00,9.4021299119228914e+00,1.2227586992309250e+01,1.5105963947867728e+01,1.5105963947867728e+01,7.5685154085876363e+00,1.0453552875148468e+01,7.5685154085876363e+00,7.5685154085876363e+00,1.5105963947867728e+01,1.2227586992309250e+01,1.0453552875148468e+01,1.5105963947867728e+01,9.4021299119228914e+00,9.4021299119228914e+00,7.5685154085876363e+00,6.4329220048465441e+00,7.5685154085876363e+00,6.4329220048465441e+00,9.4021299119228914e+00,9.1077792100545263e-01,1.5105963947867728e+01,9.0511605840597475e+00,9.0511605840597475e+00,5.6967803763269140e+00,9.4021299119228914e+00,7.5685154085876363e+00,9.4021299119228914e+00,9.0511605840597475e+00,5.6967803763269140e+00,1.3407230581971945e+01,1.3407230581971945e+01,7.5685154085876363e+00,5.6967803763269140e+00,1.8374409257080029e+00,9.4021299119228914e+00,7.5685154085876363e+00,1.2227586992309250e+01,1.2227586992309250e+01,6.4329220048465441e+00,1.5105963947867728e+01,0.0000000000000000e+00,1.5105963947867728e+01,1.5105963947867728e+01,9.4021299119228914e+00,4.4458607139177575e+00,7.5685154085876363e+00,6.4329220048465441e+00,1.2227586992309250e+01,3.5164782741909812e+00,1.2227586992309250e+01,1.8374409257080029e+00,4.4458607139177575e+00,0.0000000000000000e+00,1.8374409257080029e+00,1.2227586992309250e+01,9.1077792100545263e-01,1.0453552875148468e+01,0.0000000000000000e+00,3.1203020294467239e+00,3.5164782741909812e+00,3.1203020294467239e+00,9.1077792100545263e-01,7.5685154085876363e+00,1.5105963947867728e+01,1.5105963947867728e+01,0.0000000000000000e+00,1.2227586992309250e+01,3.5164782741909812e+00,3.1203020294467239e+00,1.2227586992309250e+01,1.2227586992309250e+01,4.4458607139177575e+00,1.5105963947867728e+01,1.0453552875148468e+01,1.8374409257080029e+00,7.5685154085876363e+00,1.5105963947867728e+01,1.5105963947867728e+01,1.5105963947867728e+01,3.5164782741909812e+00,7.5685154085876363e+00,1.2227586992309250e+01,1.0453552875148468e+01,1.5105963947867728e+01,1.5105963947867728e+01,1.5105963947867728e+01,9.4021299119228914e+00,1.2227586992309250e+01,1.5105963947867728e+01,1.0453552875148468e+01,1.0453552875148468e+01,1.2227586992309250e+01,1.5105963947867728e+01,9.0511605840597475e+00,1.5105963947867728e+01,1.5105963947867728e+01,9.0511605840597475e+00,9.0511605840597475e+00,1.0453552875148468e+01,3.1203020294467239e+00,4.4458607139177575e+00,5.6967803763269140e+00,1.5105963947867728e+01,9.0511605840597475e+00,1.5105963947867728e+01,1.3407230581971945e+01,1.2290394865030784e+01,1.0453552875148468e+01,1.5105963947867728e+01,9.4021299119228914e+00,4.4458607139177575e+00,9.4021299119228914e+00,6.4329220048465441e+00,1.2290394865030784e+01,9.4021299119228914e+00,3.1203020294467239e+00,4.4458607139177575e+00,3.1203020294467239e+00,1.3407230581971945e+01,9.4021299119228914e+00
3.5820518905633771e+00,3.5820518905633771e+00,3.5820518905633771e+00,3.5820518905633771e+00,1.1239103006625371e+01,1.1239103006625371e+01,1.9309403941325616e+00,1.1936871564402001e+01,6.3918515942089424e+00,1.3199298647541577e+01,3.0386400283407653e+00,1.3199298647541577e+01,4.7276827372801984e+00,5.5604768117363621e+00,1.3199298647541577e+01,3.0386400283407653e+00,3.0386400283407653e+00,1.9309403941325616e+00,3.0386400283407653e+00,3.5820518905633771e+00,4.7276827372801984e+00,1.9309403941325616e+00,1.9309403941325616e+00,1.1936871564402001e+01,1.1936871564402001e+01,1.1936871564402001e+01,3.0386400283407653e+00,1.1936871564402001e+01,1.1936871564402001e+01,8.4293529156708864e+00,1.1348103799907809e+01,1.1936871564402001e+01,9.4185703800999443e-01,6.3918515942089424e+00,1.1936871564402001e+01,1.1936871564402001e+01,1.1348103799907809e+01,4.7276827372801984e+00,4.7276827372801984e+00,4.7276827372801984e+00,1.1936871564402001e+01,1.1936871564402001e+01,9.5178848518341628e+00,1.3199298647541577e+01,1.1936871564402001e+01,1.3199298647541577e+01,1.1239103006625371e+01,1.3199298647541577e+01,9.5178848518341628e+00,1.1239103006625371e+01,9.5178848518341628e+00,1.3199298647541577e+01,1.9309403941325616e+00,1.3199298647541577e+01,1.3199298647541577e+01,1.1239103006625371e+01,9.4185703800999443e-01,1.1936871564402001e+01,1.3199298647541577e+01,9.4185703800999443e-01,1.1348103799907809e+01,1.3199298647541577e+01,1.1348103799907809e+01,1.3199298647541577e+01,1.1348103799907809e+01,4.7276827372801984e+00,8.4293529156708864e+00,3.5820518905633771e+00,3.5820518905633771e+00,3.5820518905633771e+00,1.3199298647541577e+01,8.8284731937470386e+00,1.3199298647541577e+01,1.3199298647541577e+01,4.7276827372801984e+00,5.5604768117363621e+00,5.5604768117363621e+00,5.5604768117363621e+00,3.0386400283407653e+00,1.1239103006625371e+01,1.3199298647541577e+01,9.5178848518341628e+00,1.3199298647541577e+01,8.8284731937470386e+00,9.4185703800999443e-01,1.3199298647541577e+01,1.1239103006625371e+01,1.3199298647541577e+01,1.1239103006625371e+01,1.3199298647541577e+01,1.1348103799907809e+01,1.1348103799907809e+01,1.3199298647541577e+01,1.1936871564402001e+01,1.3199298647541577e+01,1.1936871564402001e+01,1.9309403941325616e+00,1.3199298647541577e+01,1.1239103006625371e+01,1.2793475694912527e+01,1.2793475694912527e+01,1.1239103006625371e+01,1.3199298647541577e+01,3.0386400283407653e+00,1.1239103006625371e+01,1.3199298647541577e+01,1.1239103006625371e+01,1.1239103006625371e+01,4.7276827372801984e+00,1.1239103006625371e+01,1.1239103006625371e+01,1.2793475694912527e+01,1.1936871564402001e+01,8.4293529156708864e+00,1.3199298647541577e+01,1.9309403941325616e+00,1.3199298647541577e+01,1.3199298647541577e+01,3.5820518905633771e+00,5.5604768117363621e+00,1.1936871564402001e+01,1.1239103006625371e+01,1.1239103006625371e+01,1.1239103006625371e+01,6.3918515942089424e+00,3.0386400283407653e+00,8.4293529156708864e+00,1.3199298647541577e+01,1.3199298647541577e+01,8.8284731937470386e+00,1.1239103006625371e+01,9.5178848518341628e+00,1.1936871564402001e+01,1.1239103006625371e+01,6.3918515942089424e+00,8.8284731937470386e+00,8.8284731937470386e+00,1.1936871564402001e+01,8.8284731937470386e+00,1.3199298647541577e+01,1.1239103006625371e+01,1.1936871564402001e+01,8.8284731937470386e+00,6.3918515942089424e+00,6.3918515942089424e+00,5.5604768117363621e+00,6.3918515942089424e+00,1.9309403941325616e+00,9.4185703800999443e-01,1.1239103006625371e+01,5.5604768117363621e+00,1.1348103799907809e+01,1.1239103006625371e+01,1.1239103006625371e+01,1.1239103006625371e+01,1.3199298647541577e+01,1.2793475694912527e+01,5.5604768117363621e+00,1.1239103006625371e+01,1.3199298647541577e+01,1.1936871564402001e+01,1.1348103799907809e+01,5.5604768117363621e+00,0.0000000000000000e+00,1.1239103006625371e+01,6.3918515942089424e+00,1.1239103006625371e+01,1.1348103799907809e+01,1.1239103006625371e+01,1.1239103006625371e+01,5.5604768117363621e+00,1.1348103799907809e+01,5.5604768117363621e+00,8.4293529156708864e+00,8.4293529156708864e+00,1.3199298647541577e+01,1.3199298647541577e+01,1.1348103799907809e+01,1.3199298647541577e+01,8.8284731937470386e+00,8.8284731937470386e+00,1.3199298647541577e+01,3.5820518905633771e+00,3.5820518905633771e+00,1.1348103799907809e+01,8.4293529156708864e+00,8.4293529156708864e+00,8.8284731937470386e+00,9.4185703800999443e-01,1.3199298647541577e+01,1.1239103006625371e+01,1.2793475694912527e+01,8.4293529156708864e+00,8.8284731937470386e+00,1.1936871564402001e+01,8.8284731937470386e+00,8.8284731937470386e+00,1.1348103799907809e+01,8.8284731937470386e+00,4.7276827372801984e+00,1.3199298647541577e+01,1.3199298647541577e+01,1.1348103799907809e+01,1.3199298647541577e+01,8.4293529156708864e+00,9.5178848518341628e+00,5.5604768117363621e+00,9.4185703800999443e-01,1.1348103799907809e+01,1.1348103799907809e+01,1.1348103799907809e+01,1.1936871564402001e+01,1.1936871564402001e+01,8.4293529156708864e+00,9.5178848518341628e+00,6.3918515942089424e+00,9.5178848518341628e+00,1.2793475694912527e+01,9.5178848518341628e+00,9.5178848518341628e+00,1.3199298647541577e+01,8.4293529156708864e+00,1.1936871564402001e+01,1.1239103006625371e+01,3.5820518905633771e+00,5.5604768117363621e+00,1.1348103799907809e+01,5.5604768117363621e+00,0.0000000000000000e+00,1.1348103799907809e+01,1.9309403941325616e+00,1.9309403941325616e+00,1.9309403941325616e+00,1.1348103799907809e+01,1.3199298647541577e+01,1.3199298647541577e+01,9.5178848518341628e+00,1.1239103006625371e+01,1.1936871564402001e+01,1.3199298647541577e+01,4.7276827372801984e+00,3.0386400283407653e+00,0.0000000000000000e+00,1.3199298647541577e+01,4.7276827372801984e+00,9.5178848518341628e+00,1.3199298647541577e+01,1.9309403941325616e+00,1.1936871564402001e+01,1.1348103799907809e+01,1.1936871564402001e+01,1.1936871564402001e+01,1.3199298647541577e+01,1.1936871564402001e+01,8.8284731937470386e+00,8.8284731937470386e+00,1.3199298647541577e+01,8.4293529156708864e+00,1.1936871564402001e+01,3.0386400283407653e+00,3.0386400283407653e+00,3.0386400283407653e+00,3.0386400283407653e+00,3.0386400283407653e+00,0.0000000000000000e+00,9.5178848518341628e+00,3.0386400283407653e+00,8.8284731937470386e+00,3.5820518905633771e+00,3.5820518905633771e+00,1.9309403941325616e+00,9.4185703800999443e-01,9.5178848518341628e+00,8.8284731937470386e+00,1.1936871564402001e+01,1.3199298647541577e+01,1.1936871564402001e+01,8.8284731937470386e+00,3.0386400283407653e+00,1.1239103006625371e+01,1.1936871564402001e+01,1.1239103006625371e+01,1.1239103006625371e+01,3.0386400283407653e+00,8.8284731937470386e+00,4.7276827372801984e+00,1.1239103006625371e+01,0.0000000000000000e+00,1.1348103799907809e+01,1.1348103799907809e+01,1.9309403941325616e+00,1.1936871564402001e+01,8.4293529156708864e+00,9.4185703800999443e-01,8.8284731937470386e+00,1.3199298647541577e+01,1.3199298647541577e+01,3.0386400283407653e+00,1.3199298647541577e+01,1.3199298647541577e+01,8.4293529156708864e+00,1.1348103799907809e+01,1.1239103006625371e+01,1.3199298647541577e+01,1.3199298647541577e+01,1.1936871564402001e+01,9.5178848518341628e+00,9.5178848518341628e+00,9.5178848518341628e+00,3.0386400283407653e+00,8.4293529156708864e+00,1.1936871564402001e+01,1.3199298647541577e+01,9.5178848518341628e+00,1.3199298647541577e+01,9.4185703800999443e-01,1.3199298647541577e+01,8.4293529156708864e+00,1.2793475694912527e+01,1.2793475694912527e+01,8.8284731937470386e+00,5.5604768117363621e+00,1.1936871564402001e+01,9.4185703800999443e-01,8.4293529156708864e+00,8.8284731937470386e+00,1.1936871564402001e+01,1.3199298647541577e+01,1.9309403941325616e+00,1.3199298647541577e+01,5.5604768117363621e+00,1.3199298647541577e+01,8.4293529156708864e+00,8.8284731937470386e+00,1.1348103799907809e+01,1.1348103799907809e+01,4.7276827372801984e+00,1.1348103799907809e+01,5.5604768117363621e+00,1.3199298647541577e+01,1.3199298647541577e+01,8.8284731937470386e+00,1.1936871564402001e+01,3.0386400283407653e+00,9.5178848518341628e+00,1.3199298647541577e+01,9.5178848518341628e+00,1.1936871564402001e+01,1.3199298647541577e+01,1.3199298647541577e+01,1.1936871564402001e+01,1.9309403941325616e+00,6.3918515942089424e+00,1.1936871564402001e+01,1.1936871564402001e+01,9.4185703800999443e-01,1.1348103799907809e+01,8.8284731937470386e+00,1.3199298647541577e+01,1.3199298647541577e+01,3.0386400283407653e+00,8.8284731937470386e+00,3.0386400283407653e+00,8.8284731937470386e+00,8.8284731937470386e+00,1.1936871564402001e+01,8.4293529156708864e+00,1.2793475694912527e+01,1.1239103006625371e+01,1.2793475694912527e+01,1.3199298647541577e+01,9.4185703800999443e-01,4.7276827372801984e+00,1.1348103799907809e+01,1.9309403941325616e+00,1.1239103006625371e+01,4.7276827372801984e+00,1.1239103006625371e+01,1.9309403941325616e+00,1.3199298647541577e+01,1.9309403941325616e+00,8.8284731937470386e+00,1.1348103799907809e+01,1.2793475694912527e+01,1.1936871564402001e+01,9.4185703800999443e-01,1.3199298647541577e+01,8.8284731937470386e+00,1.1936871564402001e+01,1.1936871564402001e+01,6.3918515942089424e+00,6.3918515942089424e+00,8.4293529156708864e+00,6.3918515942089424e+00,1.1239103006625371e+01,0.0000000000000000e+00,1.1239103006625371e+01,6.3918515942089424e+00,6.3918515942089424e+00,6.3918515942089424e+00,6.3918515942089424e+00,6.3918515942089424e+00,1.3199298647541577e+01,1.3199298647541577e+01,6.3918515942089424e+00,6.3918515942089424e+00,1.1239103006625371e+01,8.4293529156708864e+00,0.0000000000000000e+00,6.3918515942089424e+00,0.0000000000000000e+00,1.1936871564402001e+01,9.5178848518341628e+00,1.1936871564402001e+01,8.8284731937470386e+00,8.8284731937470386e+00,8.8284731937470386e+00,1.1239103006625371e+01,1.1239103006625371e+01,1.1239103006625371e+01,9.5178848518341628e+00,8.8284731937470386e+00,1.9309403941325616e+00,3.5820518905633771e+00,8.8284731937470386e+00,0.0000000000000000e+00,9.5178848518341628e+00,1.1936871564402001e+01,3.0386400283407653e+00,1.2793475694912527e+01,9.5178848518341628e+00,9.5178848518341628e+00,1.1936871564402001e+01,1.1348103799907809e+01,0.0000000000000000e+00,1.9309403941325616e+00,9.5178848518341628e+00,9.5178848518341628e+00,1.1348103799907809e+01,1.3199298647541577e+01,1.1239103006625371e+01,9.5178848518341628e+00,1.2793475694912527e+01,1.1239103006625371e+01,1.2793475694912527e+01,4.7276827372801984e+00,6.3918515942089424e+00,1.1239103006625371e+01,1.1936871564402001e+01,1.1936871564402001e+01,8.4293529156708864e+00,1.2793475694912527e+01,1.1239103006625371e+01,1.1239103006625371e+01,9.4185703800999443e-01,9.5178848518341628e+00,9.4185703800999443e-01,1.1348103799907809e+01,3.0386400283407653e+00,1.3199298647541577e+01,1.1348103799907809e+01,1.3199298647541577e+01,1.3199298647541577e+01,6.3918515942089424e+00,1.2793475694912527e+01,8.8284731937470386e+00,6.3918515942089424e+00,1.1239103006625371e+01,6.3918515942089424e+00,1.9309403941325616e+00,1.1348103799907809e+01,6.3918515942089424e+00,1.2793475694912527e+01,1.1239103006625371e+01,9.5178848518341628e+00,1.1239103006625371e+01,1.1348103799907809e+01,6.3918515942089424e+00,1.1936871564402001e+01,1.9309403941325616e+00,1.3199298647541577e+01,1.2793475694912527e+01,1.3199298647541577e+01,6.3918515942089424e+00,3.5820518905633771e+00,1.1239103006625371e+01,1.1239103006625371e+01,6.3918515942089424e+00,1.3199298647541577e+01,5.5604768117363621e+00,1.3199298647541577e+01,1.2793475694912527e+01,3.5820518905633771e+00,1.3199298647541577e+01,6.3918515942089424e+00,1.2793475694912527e+01,0.0000000000000000e+00,4.7276827372801984e+00,3.5820518905633771e+00,1.3199298647541577e+01,1.3199298647541577e+01,1.3199298647541577e+01,6.3918515942089424e+00,1.1348103799907809e+01,3.0386400283407653e+00,3.0386400283407653e+00,1.3199298647541577e+01,1.2793475694912527e+01,1.3199298647541577e+01,1.1239103006625371e+01,8.8284731937470386e+00,6.3918515942089424e+00,1.1348103799907809e+01,3.0386400283407653e+00,1.1348103799907809e+01,5.5604768117363621e+00,1.1239103006625371e+01,1.1936871564402001e+01,1.1239103006625371e+01,4.7276827372801984e+00,1.9309403941325616e+00,1.1348103799907809e+01,1.2793475694912527e+01,1.1936871564402001e+01,1.3199298647541577e+01,9.5178848518341628e+00,1.2793475694912527e+01,9.4185703800999443e-01,1.1239103006625371e+01,1.1239103006625371e+01,1.1239103006625371e+01,1.1348103799907809e+01,1.1348103799907809e+01,5.5604768117363621e+00,1.1936871564402001e+01,9.4185703800999443e-01,1.1348103799907809e+01,8.8284731937470386e+00,1.3199298647541577e+01,9.5178848518341628e+00,8.4293529156708864e+00,1.2793475694912527e+01,1.2793475694912527e+01,9.4185703800999443e-01,9.5178848518341628e+00,3.5820518905633771e+00,1.3199298647541577e+01,1.3199298647541577e+01,1.3199298647541577e+01,9.4185703800999443e-01,1.1936871564402001e+01,1.3199298647541577e+01,1.2793475694912527e+01,0.0000000000000000e+00,1.2793475694912527e+01,1.1239103006625371e+01,1.2793475694912527e+01,1.2793475694912527e+01,8.4293529156708864e+00,3.0386400283407653e+00,1.2793475694912527e+01,1.2793475694912527e+01,1.2793475694912527e+01,1.2793475694912527e+01,1.2793475694912527e+01,1.2793475694912527e+01,1.2793475694912527e+01,1.1936871564402001e+01,1.3199298647541577e+01,1.3199298647541577e+01,1.2793475694912527e+01,1.3199298647541577e+01,1.3199298647541577e+01,1.2793475694912527e+01,8.4293529156708864e+00,1.2793475694912527e+01,1.1348103799907809e+01,1.3199298647541577e+01,5.5604768117363621e+00,1.2793475694912527e+01,1.3199298647541577e+01,9.5178848518341628e+00,3.0386400283407653e+00,1.1348103799907809e+01,8.4293529156708864e+00,1.2793475694912527e+01,1.1239103006625371e+01,1.2793475694912527e+01,9.5178848518341628e+00,1.9309403941325616e+00,0.0000000000000000e+00,9.4185703800999443e-01,8.4293529156708864e+00,0.0000000000000000e+00,1.1936871564402001e+01,1.2793475694912527e+01,1.2793475694912527e+01,1.2793475694912527e+01,1.2793475694912527e+01,1.2793475694912527e+01,9.5178848518341628e+00,9.5178848518341628e+00,9.5178848518341628e+00,1.9309403941325616e+00,1.2793475694912527e+01,3.0386400283407653e+00,5.5604768117363621e+00,9.5178848518341628e+00,1.2793475694912527e+01,1.1936871564402001e+01,9.5178848518341628e+00,9.5178848518341628e+00,1.2793475694912527e+01,9.5178848518341628e+00,1.2793475694912527e+01,1.1936871564402001e+01,1.1936871564402001e+01,1.1936871564402001e+01,9.5178848518341628e+00,1.1936871564402001e+01,5.5604768117363621e+00,8.4293529156708864e+00,9.4185703800999443e-01,1.3199298647541577e+01,1.3199298647541577e+01,1.2793475694912527e+01,1.1348103799907809e+01,1.9309403941325616e+00,1.1348103799907809e+01,1.3199298647541577e+01,1.2793475694912527e+01,9.4185703800999443e-01,1.2793475694912527e+01,9.5178848518341628e+00,1.1936871564402001e+01,6.3918515942089424e+00,1.2793475694912527e+01,9.4185703800999443e-01,9.5178848518341628e+00,3.0386400283407653e+00,1.2793475694912527e+01,1.2793475694912527e+01,1.3199298647541577e+01,1.1936871564402001e+01,6.3918515942089424e+00,1.2793475694912527e+01,1.1936871564402001e+01,1.1239103006625371e+01,1.2793475694912527e+01,8.4293529156708864e+00,8.8284731937470386e+00,9.4185703800999443e-01,1.2793475694912527e+01,3.5820518905633771e+00,8.8284731937470386e+00,1.1348103799907809e+01,1.1239103006625371e+01,9.4185703800999443e-01,1.1936871564402001e+01,1.1936871564402001e+01,1.1239103006625371e+01,6.3918515942089424e+00,3.0386400283407653e+00,4.7276827372801984e+00,9.5178848518341628e+00,1.1239103006625371e+01,1.2793475694912527e+01,3.5820518905633771e+00,1.1239103006625371e+01,1.3199298647541577e+01,1.2793475694912527e+01,1.1239103006625371e+01,1.1239103006625371e+01,1.1348103799907809e+01,1.1239103006625371e+01,1.1239103006625371e+01,1.1239103006625371e+01,1.1239103006625371e+01,1.1239103006625371e+01,1.1239103006625371e+01,0.0000000000000000e+00,6.3918515942089424e+00,9.4185703800999443e-01,1.1239103006625371e+01,1.1936871564402001e+01,9.4185703800999443e-01,8.4293529156708864e+00,1.1239103006625371e+01,0.0000000000000000e+00,8.8284731937470386e+00,1.2793475694912527e+01,6.3918515942089424e+00,1.2793475694912527e+01,1.2793475694912527e+01,1.2793475694912527e+01,9.5178848518341628e+00,6.3918515942089424e+00,3.5820518905633771e+00,6.3918515942089424e+00,5.5604768117363621e+00,1.2793475694912527e+01,8.8284731937470386e+00,6.3918515942089424e+00,3.5820518905633771e+00,1.1239103006625371e+01,1.2793475694912527e+01,1.1936871564402001e+01,1.1936871564402001e+01,9.4185703800999443e-01,1.1936871564402001e+01,1.2793475694912527e+01,9.4185703800999443e-01,1.1348103799907809e+01,1.2793475694912527e+01,1.2793475694912527e+01,8.8284731937470386e+00,1.2793475694912527e+01,6.3918515942089424e+00,1.3199298647541577e+01,9.4185703800999443e-01,1.3199298647541577e+01,1.1239103006625371e+01,1.1348103799907809e+01,9.4185703800999443e-01,1.2793475694912527e+01,4.7276827372801984e+00,1.2793475694912527e+01,1.3199298647541577e+01,1.1348103799907809e+01,1.1348103799907809e+01,1.3199298647541577e+01,6.3918515942089424e+00,3.0386400283407653e+00,1.2793475694912527e+01,1.1936871564402001e+01,1.3199298647541577e+01,6.3918515942089424e+00,1.3199298647541577e+01,6.3918515942089424e+00,8.8284731937470386e+00,1.3199298647541577e+01,8.8284731937470386e+00,8.8284731937470386e+00,0.0000000000000000e+00,1.3199298647541577e+01,3.5820518905633771e+00,1.2793475694912527e+01,8.8284731937470386e+00,8.8284731937470386e+00,9.5178848518341628e+00,8.8284731937470386e+00,1.3199298647541577e+01,1.1936871564402001e+01,0.0000000000000000e+00,1.2793475694912527e+01,1.3199298647541577e+01,1.3199298647541577e+01,1.3199298647541577e+01,1.3199298647541577e+01,1.2793475694912527e+01,1.3199298647541577e+01,6.3918515942089424e+00,1.1936871564402001e+01,1.2793475694912527e+01,9.5178848518341628e+00,9.5178848518341628e+00,3.5820518905633771e+00,1.3199298647541577e+01,4.7276827372801984e+00,9.5178848518341628e+00,1.1239103006625371e+01,1.1348103799907809e+01,9.5178848518341628e+00,5.5604768117363621e+00,3.0386400283407653e+00,1.1348103799907809e+01,1.1348103799907809e+01,1.2793475694912527e+01,1.3199298647541577e+01,1.1239103006625371e+01,3.5820518905633771e+00,1.1239103006625371e+01,4.7276827372801984e+00,0.0000000000000000e+00,8.8284731937470386e+00,5.5604768117363621e+00,5.5604768117363621e+00,6.3918515942089424e+00,6.3918515942089424e+00,1.2793475694912527e+01,3.5820518905633771e+00,1.3199298647541577e+01,1.1348103799907809e+01,1.1239103006625371e+01,1.2793475694912527e+01,8.8284731937470386e+00,0.0000000000000000e+00,9.5178848518341628e+00,8.8284731937470386e+00,1.1936871564402001e+01,0.0000000000000000e+00,6.3918515942089424e+00,1.1348103799907809e+01,1.1348103799907809e+01,1.3199298647541577e+01,1.1348103799907809e+01,6.3918515942089424e+00,8.4293529156708864e+00,8.4293529156708864e+00,8.4293529156708864e+00,8.8284731937470386e+00,8.8284731937470386e+00,9.5178848518341628e+00,1.1348103799907809e+01,1.1936871564402001e+01,3.0386400283407653e+00,1.3199298647541577e+01,8.4293529156708864e+00,1.3199298647541577e+01,3.5820518905633771e+00,9.5178848518341628e+00,1.2793475694912527e+01,1.2793475694912527e+01,9.4185703800999443e-01,6.3918515942089424e+00,9.4185703800999443e-01,1.1936871564402001e+01,8.4293529156708864e+00,3.5820518905633771e+00,1.1348103799907809e+01,1.1348103799907809e+01,3.5820518905633771e+00,3.5820518905633771e+00,8.4293529156708864e+00,1.2793475694912527e+01,1.1239103006625371e+01,8.8284731937470386e+00,1.3199298647541577e+01,6.3918515942089424e+00,8.4293529156708864e+00,1.1348103799907809e+01,9.4185703800999443e-01,1.2793475694912527e+01,1.3199298647541577e+01,1.3199298647541577e+01,5.5604768117363621e+00,1.1936871564402001e+01,1.2793475694912527e+01,3.5820518905633771e+00,1.1348103799907809e+01,8.8284731937470386e+00,1.1936871564402001e+01,9.5178848518341628e+00,9.5178848518341628e+00,8.8284731937470386e+00,9.5178848518341628e+00,5.5604768117363621e+00,6.3918515942089424e+00,8.8284731937470386e+00,1.1348103799907809e+01,1.1348103799907809e+01,9.4185703800999443e-01,8.4293529156708864e+00,1.1348103799907809e+01,1.3199298647541577e+01,8.8284731937470386e+00,3.5820518905633771e+00,8.4293529156708864e+00,0.0000000000000000e+00,1.2793475694912527e+01,1.1239103006625371e+01,1.1239103006625371e+01,4.7276827372801984e+00,6.3918515942089424e+00,8.4293529156708864e+00,1.3199298647541577e+01,1.1348103799907809e+01,8.4293529156708864e+00,9.5178848518341628e+00,9.5178848518341628e+00,1.1936871564402001e+01,1.9309403941325616e+00,1.1239103006625371e+01,8.4293529156708864e+00,1.1239103006625371e+01,3.0386400283407653e+00,1.3199298647541577e+01,8.4293529156708864e+00,1.1348103799907809e+01,1.1239103006625371e+01,1.3199298647541577e+01,1.2793475694912527e+01,1.2793475694912527e+01,1.1348103799907809e+01,3.5820518905633771e+00,3.5820518905633771e+00,3.5820518905633771e+00,8.8284731937470386e+00,5.5604768117363621e+00,1.2793475694912527e+01,1.1348103799907809e+01,8.8284731937470386e+00,1.3199298647541577e+01,6.3918515942089424e+00,9.5178848518341628e+00,5.5604768117363621e+00,1.1936871564402001e+01,1.3199298647541577e+01,1.3199298647541577e+01,3.5820518905633771e+00,3.5820518905633771e+00,1.1239103006625371e+01,8.8284731937470386e+00,8.8284731937470386e+00,9.5178848518341628e+00,1.1239103006625371e+01,1.1239103006625371e+01,1.3199298647541577e+01,1.3199298647541577e+01,9.5178848518341628e+00,1.3199298647541577e+01,1.3199298647541577e+01,1.1936871564402001e+01,9.4185703800999443e-01,4.7276827372801984e+00,6.3918515942089424e+00,1.1936871564402001e+01,8.8284731937470386e+00,1.3199298647541577e+01,8.4293529156708864e+00,1.1348103799907809e+01,8.4293529156708864e+00,1.1348103799907809e+01,1.3199298647541577e+01,1.2793475694912527e+01,3.5820518905633771e+00,9.4185703800999443e-01,1.1936871564402001e+01,0.0000000000000000e+00,0.0000000000000000e+00,8.8284731937470386e+00,6.3918515942089424e+00,8.4293529156708864e+00,8.4293529156708864e+00,5.5604768117363621e+00,5.5604768117363621e+00,0.0000000000000000e+00,1.3199298647541577e+01,5.5604768117363621e+00,1.3199298647541577e+01,6.3918515942089424e+00,6.3918515942089424e+00,9.4185703800999443e-01,1.1239103006625371e+01,8.4293529156708864e+00,1.1348103799907809e+01,5.5604768117363621e+00,1.1239103006625371e+01,1.1936871564402001e+01,1.1239103006625371e+01,1.1239103006625371e+01,3.0386400283407653e+00,1.1936871564402001e+01,8.4293529156708864e+00,1.1936871564402001e+01,1.1936871564402001e+01,3.0386400283407653e+00,8.4293529156708864e+00,8.8284731937470386e+00,8.4293529156708864e+00,8.4293529156708864e+00,8.4293529156708864e+00,1.3199298647541577e+01,1.3199298647541577e+01,0.0000000000000000e+00,0.0000000000000000e+00,1.9309403941325616e+00,9.5178848518341628e+00,1.1239103006625371e+01,9.5178848518341628e+00,1.2793475694912527e+01,4.7276827372801984e+00,4.7276827372801984e+00,8.4293529156708864e+00,8.8284731937470386e+00,3.5820518905633771e+00,9.4185703800999443e-01,9.5178848518341628e+00,0.0000000000000000e+00,8.8284731937470386e+00,3.5820518905633771e+00,9.5178848518341628e+00,4.7276827372801984e+00,6.3918515942089424e+00,1.2793475694912527e+01,1.2793475694912527e+01,8.8284731937470386e+00,8.4293529156708864e+00,5.5604768117363621e+00,3.5820518905633771e+00
9.0476559170727344e-01,6.0243459934467269e+00,9.0476559170727344e-01,6.0243459934467269e+00,6.0243459934467269e+00,6.0243459934467269e+00,6.0243459934467269e+00,6.0243459934467269e+00,8.8611885032401148e+00,7.8401213434047605e+00,1.0020773513080488e+01,1.0020773513080488e+01,6.0243459934467269e+00,4.6550797605048952e+00,6.0243459934467269e+00,1.0847142526292522e+01,3.7372523093122507e+00,5.4730560603504861e+00,1.3929627851110521e+01,7.8401213434047605e+00,5.4730560603504861e+00,1.3929627851110521e+01,3.7372523093122507e+00,5.4730560603504861e+00,6.0243459934467269e+00,6.0243459934467269e+00,0.0000000000000000e+00,3.7372523093122507e+00,1.3929627851110521e+01,1.3929627851110521e+01,1.3929627851110521e+01,1.3929627851110521e+01,1.3929627851110521e+01,1.3929627851110521e+01,6.0243459934467269e+00,8.7396208950781347e+00,6.0243459934467269e+00,9.0476559170727344e-01,9.0476559170727344e-01,1.6291967114606827e+00,3.7372523093122507e+00,1.3929627851110521e+01,1.3929627851110521e+01,8.8611885032401148e+00,4.6550797605048952e+00,4.6550797605048952e+00,6.0243459934467269e+00,4.6550797605048952e+00,1.3929627851110521e+01,1.3929627851110521e+01,8.7396208950781347e+00,1.0020773513080488e+01,7.8401213434047605e+00,1.2187819908169850e+01,7.8401213434047605e+00,1.3929627851110521e+01,1.0020773513080488e+01,1.3929627851110521e+01,1.6291967114606827e+00,1.3929627851110521e+01,5.4730560603504861e+00,1.2187819908169850e+01,1.3929627851110521e+01,1.3929627851110521e+01,1.0847142526292522e+01,1.3929627851110521e+01,1.0847142526292522e+01,1.0847142526292522e+01,1.3929627851110521e+01,4.6550797605048952e+00,1.3929627851110521e+01,1.3929627851110521e+01,5.4730560603504861e+00,4.6550797605048952e+00,1.3929627851110521e+01,8.7396208950781347e+00,9.0476559170727344e-01,8.7396208950781347e+00,1.3929627851110521e+01,1.3929627851110521e+01,1.0847142526292522e+01,8.7396208950781347e+00,8.7396208950781347e+00,8.7396208950781347e+00,1.2807384830371165e+01,4.6550797605048952e+00,5.4730560603504861e+00,5.4730560603504861e+00,1.3929627851110521e+01,6.0243459934467269e+00,6.0243459934467269e+00,1.3929627851110521e+01,1.3929627851110521e+01,1.3929627851110521e+01,0.0000000000000000e+00,1.3929627851110521e+01,1.0847142526292522e+01,8.7396208950781347e+00,7.8401213434047605e+00,5.4730560603504861e+00,2.6841226572968888e+00,1.3929627851110521e+01,1.3929627851110521e+01,8.8611885032401148e+00,1.3929627851110521e+01,5.4730560603504861e+00,1.3929627851110521e+01,5.4730560603504861e+00,1.2187819908169850e+01,1.3929627851110521e+01,6.0243459934467269e+00,1.0020773513080488e+01,1.0020773513080488e+01,1.3929627851110521e+01,6.0243459934467269e+00,0.0000000000000000e+00,8.8611885032401148e+00,6.0243459934467269e+00,9.0476559170727344e-01,1.3929627851110521e+01,1.0847142526292522e+01,1.3929627851110521e+01,1.3929627851110521e+01,1.3929627851110521e+01,2.6841226572968888e+00,3.7372523093122507e+00,1.2187819908169850e+01,1.3929627851110521e+01,2.6841226572968888e+00,0.0000000000000000e+00,5.4730560603504861e+00,8.7396208950781347e+00,1.3929627851110521e+01,1.3929627851110521e+01,1.3929627851110521e+01,1.0020773513080488e+01,1.3929627851110521e+01,1.6291967114606827e+00,1.3929627851110521e+01,4.6550797605048952e+00,1.2187819908169850e+01,0.0000000000000000e+00,1.3929627851110521e+01,0.0000000000000000e+00,1.2187819908169850e+01,1.0847142526292522e+01,8.7396208950781347e+00,8.7396208950781347e+00,9.0476559170727344e-01,7.8401213434047605e+00,7.8401213434047605e+00,7.8401213434047605e+00,1.2807384830371165e+01,1.0847142526292522e+01,6.0243459934467269e+00,1.0847142526292522e+01,1.0847142526292522e+01,8.7396208950781347e+00,8.7396208950781347e+00,5.4730560603504861e+00,3.7372523093122507e+00,8.7396208950781347e+00,6.0243459934467269e+00,9.0476559170727344e-01,7.8401213434047605e+00,1.0847142526292522e+01,1.0847142526292522e+01,1.3929627851110521e+01,2.6841226572968888e+00,7.8401213434047605e+00,9.0476559170727344e-01,1.0847142526292522e+01,2.6841226572968888e+00,1.3929627851110521e+01,7.8401213434047605e+00,9.0476559170727344e-01,1.3929627851110521e+01,1.3929627851110521e+01,1.3929627851110521e+01,0.0000000000000000e+00,1.3929627851110521e+01,7.8401213434047605e+00,1.3929627851110521e+01,1.3929627851110521e+01,1.3929627851110521e+01,3.7372523093122507e+00,3.7372523093122507e+00,1.3929627851110521e+01,1.2187819908169850e+01,5.4730560603504861e+00,1.3929627851110521e+01,1.6291967114606827e+00,1.2187819908169850e+01,1.2187819908169850e+01,1.2187819908169850e+01,1.2187819908169850e+01,1.2187819908169850e+01,1.2187819908169850e+01,1.2187819908169850e+01,1.2187819908169850e+01,1.3929627851110521e+01,3.7372523093122507e+00,1.3929627851110521e+01,1.3929627851110521e+01,4.6550797605048952e+00,1.6291967114606827e+00,4.6550797605048952e+00,7.8401213434047605e+00,1.2187819908169850e+01,1.0847142526292522e+01,1.2187819908169850e+01,1.2187819908169850e+01,3.7372523093122507e+00,3.7372523093122507e+00,1.2187819908169850e+01,1.0020773513080488e+01,1.0020773513080488e+01,6.0243459934467269e+00,7.8401213434047605e+00,1.2187819908169850e+01,3.7372523093122507e+00,7.8401213434047605e+00,4.6550797605048952e+00,8.7396208950781347e+00,1.2187819908169850e+01,1.2187819908169850e+01,1.2187819908169850e+01,1.0847142526292522e+01,8.7396208950781347e+00,7.8401213434047605e+00,6.0243459934467269e+00,1.3929627851110521e+01,1.2187819908169850e+01,8.7396208950781347e+00,1.2187819908169850e+01,5.4730560603504861e+00,5.4730560603504861e+00,1.2187819908169850e+01,1.3929627851110521e+01,1.0847142526292522e+01,1.6291967114606827e+00,2.6841226572968888e+00,5.4730560603504861e+00,4.6550797605048952e+00,8.8611885032401148e+00,8.7396208950781347e+00,8.8611885032401148e+00,8.7396208950781347e+00,8.7396208950781347e+00,8.8611885032401148e+00,3.7372523093122507e+00,3.7372523093122507e+00,1.2187819908169850e+01,4.6550797605048952e+00,6.0243459934467269e+00,1.3929627851110521e+01,1.3929627851110521e+01,6.0243459934467269e+00,7.8401213434047605e+00,1.2807384830371165e+01,3.7372523093122507e+00,0.0000000000000000e+00,6.0243459934467269e+00,1.2187819908169850e+01,1.0847142526292522e+01,1.2187819908169850e+01,2.6841226572968888e+00,1.0847142526292522e+01,3.7372523093122507e+00,7.8401213434047605e+00,5.4730560603504861e+00,8.7396208950781347e+00,5.4730560603504861e+00,1.2807384830371165e+01,5.4730560603504861e+00,8.7396208950781347e+00,8.7396208950781347e+00,1.2187819908169850e+01,3.7372523093122507e+00,1.0847142526292522e+01,1.3929627851110521e+01,2.6841226572968888e+00,1.0847142526292522e+01,1.0847142526292522e+01,5.4730560603504861e+00,1.0020773513080488e+01,1.2807384830371165e+01,5.4730560603504861e+00,1.3929627851110521e+01,5.4730560603504861e+00,1.0847142526292522e+01,1.0847142526292522e+01,1.2807384830371165e+01,1.0847142526292522e+01,1.3929627851110521e+01,4.6550797605048952e+00,1.0847142526292522e+01,1.0847142526292522e+01,1.0847142526292522e+01,6.0243459934467269e+00,1.3929627851110521e+01,4.6550797605048952e+00,1.3929627851110521e+01,1.2187819908169850e+01,7.8401213434047605e+00,5.4730560603504861e+00,1.2807384830371165e+01,0.0000000000000000e+00,5.4730560603504861e+00,1.2187819908169850e+01,8.7396208950781347e+00,4.6550797605048952e+00,6.0243459934467269e+00,6.0243459934467269e+00,1.3929627851110521e+01,1.2807384830371165e+01,1.2187819908169850e+01,1.2187819908169850e+01,7.8401213434047605e+00,1.2187819908169850e+01,1.3929627851110521e+01,1.2807384830371165e+01,1.3929627851110521e+01,1.2807384830371165e+01,1.3929627851110521e+01,1.2187819908169850e+01,1.0020773513080488e+01,1.2807384830371165e+01,1.2807384830371165e+01,5.4730560603504861e+00,8.8611885032401148e+00,1.3929627851110521e+01,4.6550797605048952e+00,4.6550797605048952e+00,1.2187819908169850e+01,8.8611885032401148e+00,1.2187819908169850e+01,1.3929627851110521e+01,0.0000000000000000e+00,1.3929627851110521e+01,1.0847142526292522e+01,1.0847142526292522e+01,1.2807384830371165e+01,1.0847142526292522e+01,3.7372523093122507e+00,1.3929627851110521e+01,1.0847142526292522e+01,6.0243459934467269e+00,8.7396208950781347e+00,9.0476559170727344e-01,8.7396208950781347e+00,1.2187819908169850e+01,1.6291967114606827e+00,3.7372523093122507e+00,1.2187819908169850e+01,3.7372523093122507e+00,8.7396208950781347e+00,1.2187819908169850e+01,4.6550797605048952e+00,1.3929627851110521e+01,8.8611885032401148e+00,1.2187819908169850e+01,9.0476559170727344e-01,1.2187819908169850e+01,1.0847142526292522e+01,1.0020773513080488e+01,1.3929627851110521e+01,4.6550797605048952e+00,9.0476559170727344e-01,9.0476559170727344e-01,1.3929627851110521e+01,1.3929627851110521e+01,4.6550797605048952e+00,1.3929627851110521e+01,1.3929627851110521e+01,8.7396208950781347e+00,6.0243459934467269e+00,7.8401213434047605e+00,1.0847142526292522e+01,8.7396208950781347e+00,1.0847142526292522e+01,1.0847142526292522e+01,7.8401213434047605e+00,1.3929627851110521e+01,1.0847142526292522e+01,1.0847142526292522e+01,1.3929627851110521e+01,7.8401213434047605e+00,1.2187819908169850e+01,7.8401213434047605e+00,4.6550797605048952e+00,3.7372523093122507e+00,8.7396208950781347e+00,1.3929627851110521e+01,1.2187819908169850e+01,1.2187819908169850e+01,0.0000000000000000e+00,5.4730560603504861e+00,8.7396208950781347e+00,1.3929627851110521e+01,8.8611885032401148e+00,1.2187819908169850e+01,7.8401213434047605e+00,1.3929627851110521e+01,1.0847142526292522e+01,0.0000000000000000e+00,8.8611885032401148e+00,5.4730560603504861e+00,7.8401213434047605e+00,5.4730560603504861e+00,5.4730560603504861e+00,5.4730560603504861e+00,1.0847142526292522e+01,1.0847142526292522e+01,1.0847142526292522e+01,1.3929627851110521e+01,5.4730560603504861e+00,5.4730560603504861e+00,1.0020773513080488e+01,1.0020773513080488e+01,1.2187819908169850e+01,1.2187819908169850e+01,6.0243459934467269e+00,1.2187819908169850e+01,1.0847142526292522e+01,1.3929627851110521e+01,1.3929627851110521e+01,3.7372523093122507e+00,1.3929627851110521e+01,7.8401213434047605e+00,1.3929627851110521e+01,1.0020773513080488e+01,1.3929627851110521e+01,1.6291967114606827e+00,5.4730560603504861e+00,3.7372523093122507e+00,1.3929627851110521e+01,1.3929627851110521e+01,5.4730560603504861e+00,8.8611885032401148e+00,4.6550797605048952e+00,1.3929627851110521e+01,1.3929627851110521e+01,8.8611885032401148e+00,3.7372523093122507e+00,1.0847142526292522e+01,4.6550797605048952e+00,1.3929627851110521e+01,1.2187819908169850e+01,1.3929627851110521e+01,1.3929627851110521e+01,1.3929627851110521e+01,1.0847142526292522e+01,1.2187819908169850e+01,6.0243459934467269e+00,1.2807384830371165e+01,5.4730560603504861e+00,1.2187819908169850e+01,4.6550797605048952e+00,1.3929627851110521e+01,0.0000000000000000e+00,5.4730560603504861e+00,8.7396208950781347e+00,1.3929627851110521e+01,0.0000000000000000e+00,1.3929627851110521e+01,3.7372523093122507e+00,8.7396208950781347e+00,1.0020773513080488e+01,4.6550797605048952e+00,4.6550797605048952e+00,4.6550797605048952e+00,1.3929627851110521e+01,8.8611885032401148e+00,5.4730560603504861e+00,8.7396208950781347e+00,8.7396208950781347e+00,8.7396208950781347e+00,9.0476559170727344e-01,1.2187819908169850e+01,1.2187819908169850e+01,6.0243459934467269e+00,8.7396208950781347e+00,8.8611885032401148e+00,1.0020773513080488e+01,1.6291967114606827e+00,1.6291967114606827e+00,1.6291967114606827e+00,1.0847142526292522e+01,1.0847142526292522e+01,1.0847142526292522e+01,1.3929627851110521e+01,1.3929627851110521e+01,1.3929627851110521e+01,1.3929627851110521e+01,1.2187819908169850e+01,8.8611885032401148e+00,1.0020773513080488e+01,1.3929627851110521e+01,1.3929627851110521e+01,1.3929627851110521e+01,8.8611885032401148e+00,8.8611885032401148e+00,8.8611885032401148e+00,3.7372523093122507e+00,3.7372523093122507e+00,3.7372523093122507e+00,1.2187819908169850e+01,1.2187819908169850e+01,1.2807384830371165e+01,1.3929627851110521e+01,1.2187819908169850e+01,3.7372523093122507e+00,8.8611885032401148e+00,1.3929627851110521e+01,7.8401213434047605e+00,7.8401213434047605e+00,1.3929627851110521e+01,8.8611885032401148e+00,3.7372523093122507e+00,1.3929627851110521e+01,8.7396208950781347e+00,8.8611885032401148e+00,1.3929627851110521e+01,7.8401213434047605e+00,8.8611885032401148e+00,1.3929627851110521e+01,7.8401213434047605e+00,6.0243459934467269e+00,7.8401213434047605e+00,9.0476559170727344e-01,0.0000000000000000e+00,1.2807384830371165e+01,6.0243459934467269e+00,9.0476559170727344e-01,8.7396208950781347e+00,5.4730560603504861e+00,0.0000000000000000e+00,1.3929627851110521e+01,8.7396208950781347e+00,9.0476559170727344e-01,8.7396208950781347e+00,1.0020773513080488e+01,7.8401213434047605e+00,1.3929627851110521e+01,7.8401213434047605e+00,8.7396208950781347e+00,7.8401213434047605e+00,1.0020773513080488e+01,1.0020773513080488e+01,1.0020773513080488e+01,1.0847142526292522e+01,1.0020773513080488e+01,0.0000000000000000e+00,6.0243459934467269e+00,8.7396208950781347e+00,9.0476559170727344e-01,3.7372523093122507e+00,1.0847142526292522e+01,3.7372523093122507e+00,8.8611885032401148e+00,3.7372523093122507e+00,7.8401213434047605e+00,1.2807384830371165e+01,8.8611885032401148e+00,1.2187819908169850e+01,8.8611885032401148e+00,1.6291967114606827e+00,1.3929627851110521e+01,1.2807384830371165e+01,1.3929627851110521e+01,5.4730560603504861e+00,3.7372523093122507e+00,0.0000000000000000e+00,1.3929627851110521e+01,1.3929627851110521e+01,1.3929627851110521e+01,5.4730560603504861e+00,1.2807384830371165e+01,6.0243459934467269e+00,7.8401213434047605e+00,6.0243459934467269e+00,3.7372523093122507e+00,1.3929627851110521e+01,1.0020773513080488e+01,1.3929627851110521e+01,1.2187819908169850e+01,1.0847142526292522e+01,1.0847142526292522e+01,1.3929627851110521e+01,1.0847142526292522e+01,5.4730560603504861e+00,7.8401213434047605e+00,1.0020773513080488e+01,6.0243459934467269e+00,2.6841226572968888e+00,9.0476559170727344e-01,2.6841226572968888e+00,2.6841226572968888e+00,2.6841226572968888e+00,9.0476559170727344e-01,1.3929627851110521e+01,7.8401213434047605e+00,8.7396208950781347e+00,1.2807384830371165e+01,8.7396208950781347e+00,9.0476559170727344e-01,7.8401213434047605e+00,9.0476559170727344e-01,4.6550797605048952e+00,7.8401213434047605e+00,5.4730560603504861e+00,8.7396208950781347e+00,1.2807384830371165e+01,4.6550797605048952e+00,4.6550797605048952e+00,0.0000000000000000e+00,0.0000000000000000e+00,1.3929627851110521e+01,1.3929627851110521e+01,5.4730560603504861e+00,4.6550797605048952e+00,4.6550797605048952e+00,1.3929627851110521e+01,1.6291967114606827e+00,8.8611885032401148e+00,6.0243459934467269e+00,4.6550797605048952e+00,6.0243459934467269e+00,4.6550797605048952e+00,1.2187819908169850e+01,4.6550797605048952e+00,8.7396208950781347e+00,1.0847142526292522e+01,9.0476559170727344e-01,8.8611885032401148e+00,0.0000000000000000e+00,1.2187819908169850e+01,1.2187819908169850e+01,8.7396208950781347e+00,7.8401213434047605e+00,1.2807384830371165e+01,1.2187819908169850e+01,1.2187819908169850e+01,7.8401213434047605e+00,1.2807384830371165e+01,1.0020773513080488e+01,1.0020773513080488e+01,1.3929627851110521e+01,7.8401213434047605e+00,1.3929627851110521e+01,1.2187819908169850e+01,1.2807384830371165e+01,8.7396208950781347e+00,7.8401213434047605e+00,1.2807384830371165e+01,1.3929627851110521e+01,8.7396208950781347e+00,1.2807384830371165e+01,1.2807384830371165e+01,1.0020773513080488e+01,2.6841226572968888e+00,1.2187819908169850e+01,1.2187819908169850e+01,3.7372523093122507e+00,8.8611885032401148e+00,1.0847142526292522e+01,5.4730560603504861e+00,1.0847142526292522e+01,8.7396208950781347e+00,1.0020773513080488e+01,1.0847142526292522e+01,8.7396208950781347e+00,1.0020773513080488e+01,4.6550797605048952e+00,1.3929627851110521e+01,1.3929627851110521e+01,1.3929627851110521e+01,1.3929627851110521e+01,1.0847142526292522e+01,1.2187819908169850e+01,2.6841226572968888e+00,2.6841226572968888e+00,1.3929627851110521e+01,1.2187819908169850e+01,1.2187819908169850e+01,1.0020773513080488e+01,1.0020773513080488e+01,1.0020773513080488e+01,1.3929627851110521e+01,1.0020773513080488e+01,1.3929627851110521e+01,1.3929627851110521e+01,3.7372523093122507e+00,7.8401213434047605e+00,7.8401213434047605e+00,1.6291967114606827e+00,1.3929627851110521e+01,1.2807384830371165e+01,1.0847142526292522e+01,1.2187819908169850e+01,7.8401213434047605e+00,1.3929627851110521e+01,1.2807384830371165e+01,3.7372523093122507e+00,3.7372523093122507e+00,1.3929627851110521e+01,1.3929627851110521e+01,0.0000000000000000e+00,1.3929627851110521e+01,9.0476559170727344e-01,1.2807384830371165e+01,7.8401213434047605e+00,1.3929627851110521e+01,1.2187819908169850e+01,5.4730560603504861e+00,1.6291967114606827e+00,6.0243459934467269e+00,1.2187819908169850e+01,2.6841226572968888e+00,9.0476559170727344e-01,4.6550797605048952e+00,1.3929627851110521e+01,1.3929627851110521e+01,1.3929627851110521e+01,8.7396208950781347e+00,6.0243459934467269e+00,1.6291967114606827e+00,1.6291967114606827e+00,8.8611885032401148e+00,1.3929627851110521e+01,8.8611885032401148e+00,1.6291967114606827e+00,1.2187819908169850e+01,1.2807384830371165e+01,1.2807384830371165e+01,1.6291967114606827e+00,1.2807384830371165e+01,1.2807384830371165e+01,6.0243459934467269e+00,1.3929627851110521e+01,1.3929627851110521e+01,7.8401213434047605e+00,1.2187819908169850e+01,8.8611885032401148e+00,7.8401213434047605e+00,1.2187819908169850e+01,3.7372523093122507e+00,1.0847142526292522e+01,7.8401213434047605e+00,1.2187819908169850e+01,6.0243459934467269e+00,1.0847142526292522e+01,1.2187819908169850e+01,8.8611885032401148e+00,1.3929627851110521e+01,7.8401213434047605e+00,1.6291967114606827e+00,8.7396208950781347e+00,1.3929627851110521e+01,7.8401213434047605e+00,0.0000000000000000e+00,1.0847142526292522e+01,8.7396208950781347e+00,4.6550797605048952e+00,4.6550797605048952e+00,1.3929627851110521e+01,1.3929627851110521e+01,4.6550797605048952e+00,1.3929627851110521e+01,1.2187819908169850e+01,1.3929627851110521e+01,1.0020773513080488e+01,1.0847142526292522e+01,1.3929627851110521e+01,1.2807384830371165e+01,1.2807384830371165e+01,1.2807384830371165e+01,1.0020773513080488e+01,1.0020773513080488e+01,1.3929627851110521e+01,1.6291967114606827e+00,6.0243459934467269e+00,1.2807384830371165e+01,8.7396208950781347e+00,1.2807384830371165e+01,1.2807384830371165e+01,6.0243459934467269e+00,7.8401213434047605e+00,4.6550797605048952e+00,9.0476559170727344e-01,1.2807384830371165e+01,6.0243459934467269e+00,1.3929627851110521e+01,1.2807384830371165e+01,6.0243459934467269e+00,7.8401213434047605e+00,1.2807384830371165e+01,1.6291967114606827e+00,1.0020773513080488e+01,4.6550797605048952e+00,1.2807384830371165e+01,1.3929627851110521e+01,8.7396208950781347e+00,1.2807384830371165e+01,1.0020773513080488e+01,1.0020773513080488e+01,1.3929627851110521e+01,1.2807384830371165e+01,1.3929627851110521e+01,1.2807384830371165e+01,5.4730560603504861e+00,9.0476559170727344e-01,1.6291967114606827e+00,8.8611885032401148e+00,2.6841226572968888e+00,8.7396208950781347e+00,7.8401213434047605e+00,1.6291967114606827e+00,1.2807384830371165e+01,8.7396208950781347e+00,6.0243459934467269e+00,2.6841226572968888e+00,1.2187819908169850e+01,0.0000000000000000e+00,1.0020773513080488e+01,1.2187819908169850e+01,1.2807384830371165e+01,5.4730560603504861e+00,1.2807384830371165e+01,1.2807384830371165e+01,1.2807384830371165e+01,8.7396208950781347e+00,5.4730560603504861e+00,1.3929627851110521e+01,1.6291967114606827e+00,1.2187819908169850e+01,1.3929627851110521e+01,4.6550797605048952e+00,1.3929627851110521e+01,8.8611885032401148e+00,1.3929627851110521e+01,1.0847142526292522e+01,1.3929627851110521e+01,1.3929627851110521e+01,6.0243459934467269e+00,1.6291967114606827e+00,0.0000000000000000e+00,1.2187819908169850e+01,2.6841226572968888e+00,1.0847142526292522e+01,1.3929627851110521e+01,5.4730560603504861e+00,1.2807384830371165e+01,5.4730560603504861e+00,1.2807384830371165e+01,8.7396208950781347e+00,0.0000000000000000e+00,5.4730560603504861e+00,1.3929627851110521e+01,1.0847142526292522e+01,1.2187819908169850e+01,1.0847142526292522e+01,1.3929627851110521e+01,1.2807384830371165e+01,1.0847142526292522e+01,8.8611885032401148e+00,1.6291967114606827e+00,1.0847142526292522e+01,1.0847142526292522e+01,1.3929627851110521e+01,1.3929627851110521e+01,9.0476559170727344e-01,9.0476559170727344e-01,1.0020773513080488e+01,4.6550797605048952e+00,1.0847142526292522e+01,9.0476559170727344e-01,4.6550797605048952e+00,1.0847142526292522e+01,1.3929627851110521e+01,1.2807384830371165e+01,0.0000000000000000e+00,7.8401213434047605e+00,1.2807384830371165e+01,9.0476559170727344e-01,1.0020773513080488e+01,1.2807384830371165e+01,9.0476559170727344e-01,5.4730560603504861e+00,1.6291967114606827e+00,1.2187819908169850e+01,1.2187819908169850e+01,1.3929627851110521e+01,1.0020773513080488e+01,1.0847142526292522e+01,1.0847142526292522e+01,1.0020773513080488e+01,8.7396208950781347e+00,6.0243459934467269e+00,5.4730560603504861e+00,6.0243459934467269e+00,5.4730560603504861e+00,1.0847142526292522e+01,1.6291967114606827e+00,1.0020773513080488e+01,8.8611885032401148e+00,4.6550797605048952e+00,0.0000000000000000e+00,0.0000000000000000e+00,1.3929627851110521e+01,8.8611885032401148e+00,9.0476559170727344e-01,1.2807384830371165e+01,1.3929627851110521e+01,8.7396208950781347e+00,8.7396208950781347e+00,1.0020773513080488e+01,1.2807384830371165e+01,8.7396208950781347e+00,9.0476559170727344e-01,3.7372523093122507e+00,1.2187819908169850e+01,1.2187819908169850e+01,1.2187819908169850e+01,1.6291967114606827e+00,8.8611885032401148e+00,1.2807384830371165e+01,6.0243459934467269e+00,1.2187819908169850e+01,1.0847142526292522e+01,3.7372523093122507e+00,1.2187819908169850e+01,1.2187819908169850e+01,6.0243459934467269e+00,4.6550797605048952e+00,1.3929627851110521e+01,8.7396208950781347e+00,2.6841226572968888e+00,1.3929627851110521e+01,7.8401213434047605e+00,1.3929627851110521e+01,9.0476559170727344e-01,1.2187819908169850e+01,3.7372523093122507e+00,1.2187819908169850e+01,1.0847142526292522e+01,5.4730560603504861e+00,1.0847142526292522e+01,1.2187819908169850e+01,1.0847142526292522e+01,1.2187819908169850e+01,1.2187819908169850e+01,1.2807384830371165e+01,8.7396208950781347e+00,1.2807384830371165e+01,1.2807384830371165e+01,8.8611885032401148e+00,1.2807384830371165e+01,8.8611885032401148e+00,8.7396208950781347e+00,8.8611885032401148e+00,2.6841226572968888e+00,8.7396208950781347e+00,1.0020773513080488e+01,8.7396208950781347e+00,1.0847142526292522e+01,1.2187819908169850e+01,1.2807384830371165e+01,1.0847142526292522e+01,1.3929627851110521e+01,8.8611885032401148e+00,8.8611885032401148e+00,8.8611885032401148e+00,1.2807384830371165e+01,7.8401213434047605e+00,7.8401213434047605e+00,8.8611885032401148e+00,1.0020773513080488e+01,1.2807384830371165e+01,2.6841226572968888e+00,8.8611885032401148e+00,1.2807384830371165e+01,1.2807384830371165e+01,2.6841226572968888e+00,1.2187819908169850e+01,1.2187819908169850e+01,0.0000000000000000e+00,8.8611885032401148e+00,8.8611885032401148e+00,8.7396208950781347e+00,1.2187819908169850e+01,2.6841226572968888e+00,8.8611885032401148e+00,8.8611885032401148e+00,7.8401213434047605e+00,1.6291967114606827e+00,8.8611885032401148e+00,1.2187819908169850e+01,3.7372523093122507e+00
9.2577312079829728e+00,9.2577312079829728e+00,1.5060463417999282e+01,9.3673677238439435e-01,9.2577312079829728e+00,1.1403780156863888e+01,1.0979424035379084e+01,1.0979424035379084e+01,1.0979424035379084e+01,7.5285330243627255e+00,7.5285330243627255e+00,0.0000000000000000e+00,9.2577312079829728e+00,9.2577312079829728e+00,9.2577312079829728e+00,9.2577312079829728e+00,1.1403780156863888e+01,2.6070240902252171e+00,8.2651258360630049e+00,1.0979424035379084e+01,1.2314267348518552e+01,1.8975429121095855e+00,1.3586950633739351e+01,8.2651258360630049e+00,9.2577312079829728e+00,1.2314267348518552e+01,1.2314267348518552e+01,1.0979424035379084e+01,8.2651258360630049e+00,1.5060463417999282e+01,0.0000000000000000e+00,9.2577312079829728e+00,1.3586950633739351e+01,3.7645225059930945e+00,1.1403780156863888e+01,9.2577312079829728e+00,1.0979424035379084e+01,9.2577312079829728e+00,9.2577312079829728e+00,9.2577312079829728e+00,1.2314267348518552e+01,1.8975429121095855e+00,1.0979424035379084e+01,1.0979424035379084e+01,1.8975429121095855e+00,9.2577312079829728e+00,1.2314267348518552e+01,6.6624239790903159e+00,1.8975429121095855e+00,0.0000000000000000e+00,6.6624239790903159e+00,1.8975429121095855e+00,1.0979424035379084e+01,8.2651258360630049e+00,6.6624239790903159e+00,6.6624239790903159e+00,9.2577312079829728e+00,9.2577312079829728e+00,1.2314267348518552e+01,6.6624239790903159e+00,1.3586950633739351e+01,5.8551222347198433e+00,1.2314267348518552e+01,1.2314267348518552e+01,1.0979424035379084e+01,2.6070240902252171e+00,1.5060463417999282e+01,5.8551222347198433e+00,3.7645225059930945e+00,5.8551222347198433e+00,5.8551222347198433e+00,0.0000000000000000e+00,6.6624239790903159e+00,1.0979424035379084e+01,5.8551222347198433e+00,2.6070240902252171e+00,9.3673677238439435e-01,7.5285330243627255e+00,5.8551222347198433e+00,1.3586950633739351e+01,5.8551222347198433e+00,1.2314267348518552e+01,1.0979424035379084e+01,1.5060463417999282e+01,8.2651258360630049e+00,1.5060463417999282e+01,1.5060463417999282e+01,1.5060463417999282e+01,9.2577312079829728e+00,8.2651258360630049e+00,1.5060463417999282e+01,9.2577312079829728e+00,1.5060463417999282e+01,1.5060463417999282e+01,5.8551222347198433e+00,1.2314267348518552e+01,1.5060463417999282e+01,9.2577312079829728e+00,9.2577312079829728e+00,1.2314267348518552e+01,1.2314267348518552e+01,1.5060463417999282e+01,1.2314267348518552e+01,9.2577312079829728e+00,1.1403780156863888e+01,1.5060463417999282e+01,1.5060463417999282e+01,1.3586950633739351e+01,1.3586950633739351e+01,3.7645225059930945e+00,1.3586950633739351e+01,1.3586950633739351e+01,1.3586950633739351e+01,0.0000000000000000e+00,1.5060463417999282e+01,9.2577312079829728e+00,1.5060463417999282e+01,7.5285330243627255e+00,1.2314267348518552e+01,1.5060463417999282e+01,2.6070240902252171e+00,0.0000000000000000e+00,0.0000000000000000e+00,1.0979424035379084e+01,1.3586950633739351e+01,5.8551222347198433e+00,1.5060463417999282e+01,1.8975429121095855e+00,9.2577312079829728e+00,0.0000000000000000e+00,1.2314267348518552e+01,6.6624239790903159e+00,6.6624239790903159e+00,6.6624239790903159e+00,7.5285330243627255e+00,1.2314267348518552e+01,7.5285330243627255e+00,1.1403780156863888e+01,1.2314267348518552e+01,1.1403780156863888e+01,1.1403780156863888e+01,5.8551222347198433e+00,1.2314267348518552e+01,8.2651258360630049e+00,2.6070240902252171e+00,8.2651258360630049e+00,1.5060463417999282e+01,1.1403780156863888e+01,1.2314267348518552e+01,1.2314267348518552e+01,8.2651258360630049e+00,8.2651258360630049e+00,9.2577312079829728e+00,9.2577312079829728e+00,5.8551222347198433e+00,1.1403780156863888e+01,4.9324086062016175e+00,1.2314267348518552e+01,1.5060463417999282e+01,8.2651258360630049e+00,3.7645225059930945e+00,3.7645225059930945e+00,9.2577312079829728e+00,1.2314267348518552e+01,1.1403780156863888e+01,8.2651258360630049e+00,2.6070240902252171e+00,1.3586950633739351e+01,1.3586950633739351e+01,8.2651258360630049e+00,9.2577312079829728e+00,8.2651258360630049e+00,2.6070240902252171e+00,1.2314267348518552e+01,8.2651258360630049e+00,2.6070240902252171e+00,6.6624239790903159e+00,1.5060463417999282e+01,1.5060463417999282e+01,1.2314267348518552e+01,9.3673677238439435e-01,4.9324086062016175e+00,4.9324086062016175e+00,9.2577312079829728e+00,8.2651258360630049e+00,1.5060463417999282e+01,1.5060463417999282e+01,3.7645225059930945e+00,1.5060463417999282e+01,9.2577312079829728e+00,4.9324086062016175e+00,2.6070240902252171e+00,1.3586950633739351e+01,8.2651258360630049e+00,1.5060463417999282e+01,1.3586950633739351e+01,5.8551222347198433e+00,1.5060463417999282e+01,1.5060463417999282e+01,5.8551222347198433e+00,5.8551222347198433e+00,1.5060463417999282e+01,5.8551222347198433e+00,6.6624239790903159e+00,0.0000000000000000e+00,1.8975429121095855e+00,9.2577312079829728e+00,9.3673677238439435e-01,9.2577312079829728e+00,1.2314267348518552e+01,3.7645225059930945e+00,1.2314267348518552e+01,1.3586950633739351e+01,1.1403780156863888e+01,1.1403780156863888e+01,5.8551222347198433e+00,3.7645225059930945e+00,2.6070240902252171e+00,1.3586950633739351e+01,1.3586950633739351e+01,1.5060463417999282e+01,1.0979424035379084e+01,0.0000000000000000e+00,1.1403780156863888e+01,0.0000000000000000e+00,1.0979424035379084e+01,1.0979424035379084e+01,1.0979424035379084e+01,8.2651258360630049e+00,7.5285330243627255e+00,1.5060463417999282e+01,1.2314267348518552e+01,1.5060463417999282e+01,3.7645225059930945e+00,7.5285330243627255e+00,1.2314267348518552e+01,8.2651258360630049e+00,8.2651258360630049e+00,1.5060463417999282e+01,8.2651258360630049e+00,1.5060463417999282e+01,9.3673677238439435e-01,4.9324086062016175e+00,0.0000000000000000e+00,7.5285330243627255e+00,4.9324086062016175e+00,4.9324086062016175e+00,6.6624239790903159e+00,2.6070240902252171e+00,2.6070240902252171e+00,1.0979424035379084e+01,9.2577312079829728e+00,7.5285330243627255e+00,5.8551222347198433e+00,1.3586950633739351e+01,2.6070240902252171e+00,1.3586950633739351e+01,1.0979424035379084e+01,1.8975429121095855e+00,7.5285330243627255e+00,5.8551222347198433e+00,8.2651258360630049e+00,1.5060463417999282e+01,9.2577312079829728e+00,8.2651258360630049e+00,3.7645225059930945e+00,1.5060463417999282e+01,1.5060463417999282e+01,1.5060463417999282e+01,1.5060463417999282e+01,1.0979424035379084e+01,8.2651258360630049e+00,1.5060463417999282e+01,1.2314267348518552e+01,9.2577312079829728e+00,1.3586950633739351e+01,1.3586950633739351e+01,1.3586950633739351e+01,8.2651258360630049e+00,1.5060463417999282e+01,1.8975429121095855e+00,1.5060463417999282e+01,9.2577312079829728e+00,9.2577312079829728e+00,1.3586950633739351e+01,1.0979424035379084e+01,8.2651258360630049e+00,8.2651258360630049e+00,1.3586950633739351e+01,7.5285330243627255e+00,5.8551222347198433e+00,1.0979424035379084e+01,5.8551222347198433e+00,1.3586950633739351e+01,1.5060463417999282e+01,1.5060463417999282e+01,5.8551222347198433e+00,4.9324086062016175e+00,1.0979424035379084e+01,1.8975429121095855e+00,1.5060463417999282e+01,1.0979424035379084e+01,1.5060463417999282e+01,1.0979424035379084e+01,1.0979424035379084e+01,1.3586950633739351e+01,1.3586950633739351e+01,7.5285330243627255e+00,7.5285330243627255e+00,4.9324086062016175e+00,1.5060463417999282e+01,1.5060463417999282e+01,1.1403780156863888e+01,2.6070240902252171e+00,0.0000000000000000e+00,6.6624239790903159e+00,3.7645225059930945e+00,9.2577312079829728e+00,1.1403780156863888e+01,1.2314267348518552e+01,1.3586950633739351e+01,1.2314267348518552e+01,2.6070240902252171e+00,1.5060463417999282e+01,9.2577312079829728e+00,1.2314267348518552e+01,1.5060463417999282e+01,7.5285330243627255e+00,1.8975429121095855e+00,1.5060463417999282e+01,3.7645225059930945e+00,1.5060463417999282e+01,1.2314267348518552e+01,1.2314267348518552e+01,1.5060463417999282e+01,1.2314267348518552e+01,1.5060463417999282e+01,3.7645225059930945e+00,1.3586950633739351e+01,6.6624239790903159e+00,5.8551222347198433e+00,1.0979424035379084e+01,1.1403780156863888e+01,1.5060463417999282e+01,1.5060463417999282e+01,1.2314267348518552e+01,4.9324086062016175e+00,1.3586950633739351e+01,1.5060463417999282e+01,1.3586950633739351e+01,1.3586950633739351e+01,6.6624239790903159e+00,1.1403780156863888e+01,1.5060463417999282e+01,1.5060463417999282e+01,1.2314267348518552e+01,1.8975429121095855e+00,1.2314267348518552e+01,1.8975429121095855e+00,1.5060463417999282e+01,9.3673677238439435e-01,3.7645225059930945e+00,9.3673677238439435e-01,2.6070240902252171e+00,6.6624239790903159e+00,1.0979424035379084e+01,1.2314267348518552e+01,7.5285330243627255e+00,1.0979424035379084e+01,1.3586950633739351e+01,1.3586950633739351e+01,1.2314267348518552e+01,1.1403780156863888e+01,1.3586950633739351e+01,7.5285330243627255e+00,1.2314267348518552e+01,3.7645225059930945e+00,1.5060463417999282e+01,1.2314267348518552e+01,9.2577312079829728e+00,1.5060463417999282e+01,3.7645225059930945e+00,1.0979424035379084e+01,1.0979424035379084e+01,1.2314267348518552e+01,1.0979424035379084e+01,1.2314267348518552e+01,0.0000000000000000e+00,4.9324086062016175e+00,1.0979424035379084e+01,9.2577312079829728e+00,9.3673677238439435e-01,8.2651258360630049e+00,9.2577312079829728e+00,7.5285330243627255e+00,1.5060463417999282e+01,1.3586950633739351e+01,6.6624239790903159e+00,9.3673677238439435e-01,1.8975429121095855e+00,7.5285330243627255e+00,1.5060463417999282e+01,1.5060463417999282e+01,1.5060463417999282e+01,1.5060463417999282e+01,2.6070240902252171e+00,1.3586950633739351e+01,1.5060463417999282e+01,1.1403780156863888e+01,1.5060463417999282e+01,1.3586950633739351e+01,1.2314267348518552e+01,1.2314267348518552e+01,9.3673677238439435e-01,9.2577312079829728e+00,1.5060463417999282e+01,3.7645225059930945e+00,8.2651258360630049e+00,7.5285330243627255e+00,2.6070240902252171e+00,3.7645225059930945e+00,8.2651258360630049e+00,1.0979424035379084e+01,1.0979424035379084e+01,9.3673677238439435e-01,7.5285330243627255e+00,1.0979424035379084e+01,1.0979424035379084e+01,5.8551222347198433e+00,1.5060463417999282e+01,6.6624239790903159e+00,6.6624239790903159e+00,7.5285330243627255e+00,1.3586950633739351e+01,1.3586950633739351e+01,0.0000000000000000e+00,1.0979424035379084e+01,1.2314267348518552e+01,6.6624239790903159e+00,1.2314267348518552e+01,1.2314267348518552e+01,1.2314267348518552e+01,8.2651258360630049e+00,1.8975429121095855e+00,1.5060463417999282e+01,1.5060463417999282e+01,1.1403780156863888e+01,9.2577312079829728e+00,1.3586950633739351e+01,2.6070240902252171e+00,4.9324086062016175e+00,1.2314267348518552e+01,6.6624239790903159e+00,9.2577312079829728e+00,8.2651258360630049e+00,1.2314267348518552e+01,8.2651258360630049e+00,1.8975429121095855e+00,1.3586950633739351e+01,1.3586950633739351e+01,1.5060463417999282e+01,1.3586950633739351e+01,1.5060463417999282e+01,1.3586950633739351e+01,8.2651258360630049e+00,8.2651258360630049e+00,8.2651258360630049e+00,1.0979424035379084e+01,9.2577312079829728e+00,6.6624239790903159e+00,1.2314267348518552e+01,1.5060463417999282e+01,9.3673677238439435e-01,1.3586950633739351e+01,6.6624239790903159e+00,8.2651258360630049e+00,9.2577312079829728e+00,1.1403780156863888e+01,6.6624239790903159e+00,9.2577312079829728e+00,1.8975429121095855e+00,7.5285330243627255e+00,0.0000000000000000e+00,1.3586950633739351e+01,4.9324086062016175e+00,1.0979424035379084e+01,1.3586950633739351e+01,1.3586950633739351e+01,9.2577312079829728e+00,1.0979424035379084e+01,1.0979424035379084e+01,3.7645225059930945e+00,1.3586950633739351e+01,1.3586950633739351e+01,1.3586950633739351e+01,6.6624239790903159e+00,7.5285330243627255e+00,9.2577312079829728e+00,8.2651258360630049e+00,7.5285330243627255e+00,7.5285330243627255e+00,1.1403780156863888e+01,7.5285330243627255e+00,8.2651258360630049e+00,1.2314267348518552e+01,9.3673677238439435e-01,8.2651258360630049e+00,3.7645225059930945e+00,1.2314267348518552e+01,9.3673677238439435e-01,8.2651258360630049e+00,1.1403780156863888e+01,1.1403780156863888e+01,9.3673677238439435e-01,4.9324086062016175e+00,1.0979424035379084e+01,7.5285330243627255e+00,9.2577312079829728e+00,1.3586950633739351e+01,1.1403780156863888e+01,1.3586950633739351e+01,1.3586950633739351e+01,1.1403780156863888e+01,0.0000000000000000e+00,1.2314267348518552e+01,9.3673677238439435e-01,1.5060463417999282e+01,1.2314267348518552e+01,1.0979424035379084e+01,1.3586950633739351e+01,1.0979424035379084e+01,5.8551222347198433e+00,1.2314267348518552e+01,9.3673677238439435e-01,1.5060463417999282e+01,1.2314267348518552e+01,2.6070240902252171e+00,4.9324086062016175e+00,1.5060463417999282e+01,1.3586950633739351e+01,8.2651258360630049e+00,1.3586950633739351e+01,3.7645225059930945e+00,1.5060463417999282e+01,1.3586950633739351e+01,1.2314267348518552e+01,8.2651258360630049e+00,1.5060463417999282e+01,7.5285330243627255e+00,1.5060463417999282e+01,1.3586950633739351e+01,2.6070240902252171e+00,7.5285330243627255e+00,9.2577312079829728e+00,4.9324086062016175e+00,1.8975429121095855e+00,1.8975429121095855e+00,1.5060463417999282e+01,1.5060463417999282e+01,0.0000000000000000e+00,9.2577312079829728e+00,1.5060463417999282e+01,1.2314267348518552e+01,1.5060463417999282e+01,1.3586950633739351e+01,1.5060463417999282e+01,6.6624239790903159e+00,1.1403780156863888e+01,4.9324086062016175e+00,7.5285330243627255e+00,1.3586950633739351e+01,1.0979424035379084e+01,8.2651258360630049e+00,7.5285330243627255e+00,9.2577312079829728e+00,1.2314267348518552e+01,1.5060463417999282e+01,1.5060463417999282e+01,1.3586950633739351e+01,1.0979424035379084e+01,7.5285330243627255e+00,9.2577312079829728e+00,9.3673677238439435e-01,1.3586950633739351e+01,5.8551222347198433e+00,0.0000000000000000e+00,9.2577312079829728e+00,1.5060463417999282e+01,7.5285330243627255e+00,1.3586950633739351e+01,1.2314267348518552e+01,1.8975429121095855e+00,1.5060463417999282e+01,1.5060463417999282e+01,1.3586950633739351e+01,2.6070240902252171e+00,1.2314267348518552e+01,9.2577312079829728e+00,1.8975429121095855e+00,5.8551222347198433e+00,1.5060463417999282e+01,9.2577312079829728e+00,1.3586950633739351e+01,1.0979424035379084e+01,1.5060463417999282e+01,1.5060463417999282e+01,1.5060463417999282e+01,9.2577312079829728e+00,1.1403780156863888e+01,1.5060463417999282e+01,1.5060463417999282e+01,7.5285330243627255e+00,1.1403780156863888e+01,1.1403780156863888e+01,0.0000000000000000e+00,1.3586950633739351e+01,1.3586950633739351e+01,5.8551222347198433e+00,1.0979424035379084e+01,1.3586950633739351e+01,7.5285330243627255e+00,9.2577312079829728e+00,1.5060463417999282e+01,1.0979424035379084e+01,9.2577312079829728e+00,9.2577312079829728e+00,7.5285330243627255e+00,1.1403780156863888e+01,1.5060463417999282e+01,3.7645225059930945e+00,7.5285330243627255e+00,5.8551222347198433e+00,1.5060463417999282e+01,1.3586950633739351e+01,1.2314267348518552e+01,8.2651258360630049e+00,2.6070240902252171e+00,9.2577312079829728e+00,1.1403780156863888e+01,3.7645225059930945e+00,9.2577312079829728e+00,0.0000000000000000e+00,1.5060463417999282e+01,2.6070240902252171e+00,7.5285330243627255e+00,7.5285330243627255e+00,3.7645225059930945e+00,3.7645225059930945e+00,9.2577312079829728e+00,1.3586950633739351e+01,1.5060463417999282e+01,1.3586950633739351e+01,7.5285330243627255e+00,1.3586950633739351e+01,9.2577312079829728e+00,1.8975429121095855e+00,1.1403780156863888e+01,1.0979424035379084e+01,8.2651258360630049e+00,0.0000000000000000e+00,0.0000000000000000e+00,1.3586950633739351e+01,5.8551222347198433e+00,6.6624239790903159e+00,9.3673677238439435e-01,9.3673677238439435e-01,5.8551222347198433e+00,8.2651258360630049e+00,9.3673677238439435e-01,9.3673677238439435e-01,9.2577312079829728e+00,9.2577312079829728e+00,6.6624239790903159e+00,9.2577312079829728e+00,8.2651258360630049e+00,8.2651258360630049e+00,7.5285330243627255e+00,8.2651258360630049e+00,3.7645225059930945e+00,3.7645225059930945e+00,1.0979424035379084e+01,8.2651258360630049e+00,8.2651258360630049e+00,1.2314267348518552e+01,9.3673677238439435e-01,6.6624239790903159e+00,1.5060463417999282e+01,7.5285330243627255e+00,7.5285330243627255e+00,1.0979424035379084e+01,7.5285330243627255e+00,1.1403780156863888e+01,8.2651258360630049e+00,1.2314267348518552e+01,3.7645225059930945e+00,9.2577312079829728e+00,1.3586950633739351e+01,1.8975429121095855e+00,1.0979424035379084e+01,1.8975429121095855e+00,1.0979424035379084e+01,1.0979424035379084e+01,3.7645225059930945e+00,1.3586950633739351e+01,1.3586950633739351e+01,1.5060463417999282e+01,1.3586950633739351e+01,1.2314267348518552e+01,1.5060463417999282e+01,1.3586950633739351e+01,1.3586950633739351e+01,1.3586950633739351e+01,1.0979424035379084e+01,1.5060463417999282e+01,1.5060463417999282e+01,1.5060463417999282e+01,7.5285330243627255e+00,7.5285330243627255e+00,5.8551222347198433e+00,1.2314267348518552e+01,8.2651258360630049e+00,8.2651258360630049e+00,9.2577312079829728e+00,1.5060463417999282e+01,1.2314267348518552e+01,1.5060463417999282e+01,1.0979424035379084e+01,1.3586950633739351e+01,1.3586950633739351e+01,1.5060463417999282e+01,1.5060463417999282e+01,8.2651258360630049e+00,8.2651258360630049e+00,1.5060463417999282e+01,1.0979424035379084e+01,1.5060463417999282e+01,5.8551222347198433e+00,9.3673677238439435e-01,3.7645225059930945e+00,9.2577312079829728e+00,1.2314267348518552e+01,1.5060463417999282e+01,4.9324086062016175e+00,1.3586950633739351e+01,8.2651258360630049e+00,4.9324086062016175e+00,8.2651258360630049e+00,1.8975429121095855e+00,2.6070240902252171e+00,5.8551222347198433e+00,9.2577312079829728e+00,1.3586950633739351e+01,4.9324086062016175e+00,1.3586950633739351e+01,1.5060463417999282e+01,1.5060463417999282e+01,1.0979424035379084e+01,2.6070240902252171e+00,1.8975429121095855e+00,1.3586950633739351e+01,1.0979424035379084e+01,1.0979424035379084e+01,1.8975429121095855e+00,1.3586950633739351e+01,9.3673677238439435e-01,1.2314267348518552e+01,7.5285330243627255e+00,0.0000000000000000e+00,1.2314267348518552e+01,7.5285330243627255e+00,1.5060463417999282e+01,1.1403780156863888e+01,7.5285330243627255e+00,1.5060463417999282e+01,9.2577312079829728e+00,1.8975429121095855e+00,1.2314267348518552e+01,1.5060463417999282e+01,1.5060463417999282e+01,9.3673677238439435e-01,1.1403780156863888e+01,7.5285330243627255e+00,1.0979424035379084e+01,9.2577312079829728e+00,7.5285330243627255e+00,7.5285330243627255e+00,1.3586950633739351e+01,1.2314267348518552e+01,9.2577312079829728e+00,1.5060463417999282e+01,9.2577312079829728e+00,7.5285330243627255e+00,6.6624239790903159e+00,1.5060463417999282e+01,2.6070240902252171e+00,2.6070240902252171e+00,1.5060463417999282e+01,5.8551222347198433e+00,7.5285330243627255e+00,7.5285330243627255e+00,7.5285330243627255e+00,7.5285330243627255e+00,1.2314267348518552e+01,9.3673677238439435e-01,9.2577312079829728e+00,1.5060463417999282e+01,1.3586950633739351e+01,9.2577312079829728e+00,4.9324086062016175e+00,1.3586950633739351e+01,1.5060463417999282e+01,1.5060463417999282e+01,1.5060463417999282e+01,2.6070240902252171e+00,1.5060463417999282e+01,1.2314267348518552e+01,8.2651258360630049e+00,7.5285330243627255e+00,7.5285330243627255e+00,1.5060463417999282e+01,5.8551222347198433e+00,1.1403780156863888e+01,5.8551222347198433e+00,9.2577312079829728e+00,9.2577312079829728e+00,1.0979424035379084e+01,1.2314267348518552e+01,1.5060463417999282e+01,1.3586950633739351e+01,1.2314267348518552e+01,7.5285330243627255e+00,7.5285330243627255e+00,1.2314267348518552e+01,5.8551222347198433e+00,8.2651258360630049e+00,3.7645225059930945e+00,5.8551222347198433e+00,1.3586950633739351e+01,7.5285330243627255e+00,1.3586950633739351e+01,1.3586950633739351e+01,3.7645225059930945e+00,6.6624239790903159e+00,5.8551222347198433e+00,1.3586950633739351e+01,9.2577312079829728e+00,9.2577312079829728e+00,4.9324086062016175e+00,9.2577312079829728e+00,9.2577312079829728e+00,5.8551222347198433e+00,5.8551222347198433e+00,1.5060463417999282e+01,5.8551222347198433e+00,1.8975429121095855e+00,9.2577312079829728e+00,5.8551222347198433e+00,9.2577312079829728e+00,2.6070240902252171e+00,3.7645225059930945e+00,3.7645225059930945e+00,3.7645225059930945e+00,1.5060463417999282e+01,5.8551222347198433e+00,1.3586950633739351e+01,7.5285330243627255e+00,9.2577312079829728e+00,2.6070240902252171e+00,5.8551222347198433e+00,5.8551222347198433e+00,5.8551222347198433e+00,1.0979424035379084e+01,1.5060463417999282e+01,9.2577312079829728e+00,4.9324086062016175e+00,1.2314267348518552e+01,1.2314267348518552e+01,1.5060463417999282e+01,5.8551222347198433e+00,5.8551222347198433e+00,1.2314267348518552e+01,1.2314267348518552e+01,1.5060463417999282e+01,5.8551222347198433e+00,1.8975429121095855e+00,7.5285330243627255e+00,3.7645225059930945e+00,0.0000000000000000e+00,0.0000000000000000e+00,1.5060463417999282e+01,8.2651258360630049e+00,9.3673677238439435e-01,1.5060463417999282e+01,1.5060463417999282e+01,1.3586950633739351e+01,1.1403780156863888e+01,1.3586950633739351e+01,9.2577312079829728e+00,9.2577312079829728e+00,9.2577312079829728e+00,1.5060463417999282e+01,1.0979424035379084e+01,7.5285330243627255e+00,1.5060463417999282e+01,7.5285330243627255e+00,9.2577312079829728e+00,1.1403780156863888e+01,9.3673677238439435e-01,1.5060463417999282e+01,1.5060463417999282e+01,5.8551222347198433e+00,9.2577312079829728e+00,9.2577312079829728e+00,1.5060463417999282e+01,0.0000000000000000e+00,1.1403780156863888e+01,0.0000000000000000e+00,8.2651258360630049e+00,9.2577312079829728e+00,4.9324086062016175e+00,1.5060463417999282e+01,8.2651258360630049e+00,9.2577312079829728e+00,1.3586950633739351e+01,1.3586950633739351e+01,1.5060463417999282e+01,1.0979424035379084e+01,1.5060463417999282e+01,8.2651258360630049e+00,1.1403780156863888e+01,1.2314267348518552e+01,1.5060463417999282e+01,1.5060463417999282e+01,9.2577312079829728e+00,1.5060463417999282e+01,1.5060463417999282e+01,1.2314267348518552e+01,1.2314267348518552e+01,1.5060463417999282e+01,1.1403780156863888e+01,1.8975429121095855e+00,4.9324086062016175e+00,7.5285330243627255e+00,1.3586950633739351e+01,1.2314267348518552e+01,1.3586950633739351e+01,9.3673677238439435e-01,5.8551222347198433e+00,1.0979424035379084e+01,7.5285330243627255e+00,1.1403780156863888e+01,1.5060463417999282e+01,8.2651258360630049e+00,1.2314267348518552e+01,1.5060463417999282e+01,1.8975429121095855e+00,3.7645225059930945e+00,8.2651258360630049e+00,1.2314267348518552e+01,1.2314267348518552e+01,1.8975429121095855e+00,7.5285330243627255e+00,5.8551222347198433e+00,1.1403780156863888e+01,1.1403780156863888e+01,2.6070240902252171e+00,1.0979424035379084e+01,1.1403780156863888e+01,2.6070240902252171e+00,7.5285330243627255e+00,1.2314267348518552e+01,8.2651258360630049e+00,1.5060463417999282e+01,2.6070240902252171e+00,6.6624239790903159e+00,7.5285330243627255e+00,8.2651258360630049e+00,1.1403780156863888e+01,1.5060463417999282e+01,1.5060463417999282e+01,1.5060463417999282e+01,1.1403780156863888e+01,1.1403780156863888e+01,1.8975429121095855e+00,6.6624239790903159e+00,7.5285330243627255e+00,5.8551222347198433e+00,1.5060463417999282e+01,1.5060463417999282e+01,1.1403780156863888e+01,1.3586950633739351e+01,1.5060463417999282e+01,1.5060463417999282e+01,4.9324086062016175e+00,1.8975429121095855e+00,1.5060463417999282e+01,1.5060463417999282e+01,1.3586950633739351e+01,1.0979424035379084e+01,8.2651258360630049e+00
2.6726196178488162e+00,2.6726196178488162e+00,2.6726196178488162e+00,2.6726196178488162e+00,2.6726196178488162e+00,2.6726196178488162e+00,1.0702326143529794e+01,3.4592844398599794e+00,2.6726196178488162e+00,5.4974202612413290e+00,2.6726196178488162e+00,3.4592844398599794e+00,1.3291417664279637e+01,8.3933332829759948e+00,2.6726196178488162e+00,0.0000000000000000e+00,1.3291417664279637e+01,6.7369866661289706e+00,1.3291417664279637e+01,1.0702326143529794e+01,4.8508123510439569e+00,1.0702326143529794e+01,4.8508123510439569e+00,5.4974202612413290e+00,1.0702326143529794e+01,3.4592844398599794e+00,2.0133424259181529e+00,1.0702326143529794e+01,2.6726196178488162e+00,2.6726196178488162e+00,5.4974202612413290e+00,1.0702326143529794e+01,0.0000000000000000e+00,8.2338357835657110e+00,8.2338357835657110e+00,8.2338357835657110e+00,1.4140631745828589e+01,8.2338357835657110e+00,1.0702326143529794e+01,1.0702326143529794e+01,5.4974202612413290e+00,4.8508123510439569e+00,8.2338357835657110e+00,8.2338357835657110e+00,8.2338357835657110e+00,5.4974202612413290e+00,1.2162014372347747e+01,8.2338357835657110e+00,1.2162014372347747e+01,9.7311541689999039e+00,2.6726196178488162e+00,6.7369866661289706e+00,1.3291417664279637e+01,1.3291417664279637e+01,1.2162014372347747e+01,9.4452167422993725e+00,1.2162014372347747e+01,1.3291417664279637e+01,1.2162014372347747e+01,1.2162014372347747e+01,3.4592844398599794e+00,1.0702326143529794e+01,1.0702326143529794e+01,5.4974202612413290e+00,8.2338357835657110e+00,6.7369866661289706e+00,8.2338357835657110e+00,1.2162014372347747e+01,8.2338357835657110e+00,8.2338357835657110e+00,1.2162014372347747e+01,2.0133424259181529e+00,1.2162014372347747e+01,9.7311541689999039e+00,3.4592844398599794e+00,9.7864637896944839e-01,3.4592844398599794e+00,3.4592844398599794e+00,1.4140631745828589e+01,3.4592844398599794e+00,3.4592844398599794e+00,1.2162014372347747e+01,8.2338357835657110e+00,9.7864637896944839e-01,1.2162014372347747e+01,0.0000000000000000e+00,5.4974202612413290e+00,9.4452167422993725e+00,2.0133424259181529e+00,1.2162014372347747e+01,4.8508123510439569e+00,9.7311541689999039e+00,8.3933332829759948e+00,1.3291417664279637e+01,1.4140631745828589e+01,1.3291417664279637e+01,1.4140631745828589e+01,1.3291417664279637e+01,1.4140631745828589e+01,1.3291417664279637e+01,9.4452167422993725e+00,9.7864637896944839e-01,8.3933332829759948e+00,8.3933332829759948e+00,1.4140631745828589e+01,1.4140631745828589e+01,2.6726196178488162e+00,1.2162014372347747e+01,1.2162014372347747e+01,5.4974202612413290e+00,9.4452167422993725e+00,1.3291417664279637e+01,1.4140631745828589e+01,1.3291417664279637e+01,9.7311541689999039e+00,9.4452167422993725e+00,1.3291417664279637e+01,9.4452167422993725e+00,1.3291417664279637e+01,6.7369866661289706e+00,1.3291417664279637e+01,1.3291417664279637e+01,1.3291417664279637e+01,1.2162014372347747e+01,2.6726196178488162e+00,8.3933332829759948e+00,2.6726196178488162e+00,9.4452167422993725e+00,1.2162014372347747e+01,1.3291417664279637e+01,1.3291417664279637e+01,1.0702326143529794e+01,1.0702326143529794e+01,3.4592844398599794e+00,2.0133424259181529e+00,9.7311541689999039e+00,6.7369866661289706e+00,6.7369866661289706e+00,1.0702326143529794e+01,1.3291417664279637e+01,2.0133424259181529e+00,3.4592844398599794e+00,6.7369866661289706e+00,6.7369866661289706e+00,1.3291417664279637e+01,1.3291417664279637e+01,1.0702326143529794e+01,4.8508123510439569e+00,1.4140631745828589e+01,1.2162014372347747e+01,1.4140631745828589e+01,1.0702326143529794e+01,1.0702326143529794e+01,5.4974202612413290e+00,9.4452167422993725e+00,1.3291417664279637e+01,1.0702326143529794e+01,1.3291417664279637e+01,1.0702326143529794e+01,1.2162014372347747e+01,1.2162014372347747e+01,1.2162014372347747e+01,1.3291417664279637e+01,2.0133424259181529e+00,1.2162014372347747e+01,1.2162014372347747e+01,6.7369866661289706e+00,1.2162014372347747e+01,9.4452167422993725e+00,1.3291417664279637e+01,1.3291417664279637e+01,2.6726196178488162e+00,9.7864637896944839e-01,9.4452167422993725e+00,1.3291417664279637e+01,8.2338357835657110e+00,9.7864637896944839e-01,8.3933332829759948e+00,2.6726196178488162e+00,8.2338357835657110e+00,1.2162014372347747e+01,1.4140631745828589e+01,1.3291417664279637e+01,1.2162014372347747e+01,1.0702326143529794e+01,8.2338357835657110e+00,5.4974202612413290e+00,3.4592844398599794e+00,8.3933332829759948e+00,2.6726196178488162e+00,9.4452167422993725e+00,8.2338357835657110e+00,8.2338357835657110e+00,8.2338357835657110e+00,2.0133424259181529e+00,2.6726196178488162e+00,8.2338357835657110e+00,1.3291417664279637e+01,8.2338357835657110e+00,1.4140631745828589e+01,8.2338357835657110e+00,1.4140631745828589e+01,1.4140631745828589e+01,1.3291417664279637e+01,1.3291417664279637e+01,1.3291417664279637e+01,9.4452167422993725e+00,2.0133424259181529e+00,9.7864637896944839e-01,8.2338357835657110e+00,1.3291417664279637e+01,1.4140631745828589e+01,1.4140631745828589e+01,5.4974202612413290e+00,0.0000000000000000e+00,1.4140631745828589e+01,1.4140631745828589e+01,9.4452167422993725e+00,9.4452167422993725e+00,0.0000000000000000e+00,1.0702326143529794e+01,1.0702326143529794e+01,9.4452167422993725e+00,8.2338357835657110e+00,1.4140631745828589e+01,9.7864637896944839e-01,1.4140631745828589e+01,1.4140631745828589e+01,2.6726196178488162e+00,9.4452167422993725e+00,1.4140631745828589e+01,4.8508123510439569e+00,3.4592844398599794e+00,5.4974202612413290e+00,1.3291417664279637e+01,3.4592844398599794e+00,1.4140631745828589e+01,1.4140631745828589e+01,1.4140631745828589e+01,8.2338357835657110e+00,9.7864637896944839e-01,1.4140631745828589e+01,2.0133424259181529e+00,1.3291417664279637e+01,9.7311541689999039e+00,2.0133424259181529e+00,1.4140631745828589e+01,1.3291417664279637e+01,0.0000000000000000e+00,1.2162014372347747e+01,1.3291417664279637e+01,9.7864637896944839e-01,2.0133424259181529e+00,9.4452167422993725e+00,3.4592844398599794e+00,2.0133424259181529e+00,6.7369866661289706e+00,1.2162014372347747e+01,1.2162014372347747e+01,1.2162014372347747e+01,1.0702326143529794e+01,1.3291417664279637e+01,1.0702326143529794e+01,1.0702326143529794e+01,1.0702326143529794e+01,1.4140631745828589e+01,1.2162014372347747e+01,0.0000000000000000e+00,6.7369866661289706e+00,2.0133424259181529e+00,1.4140631745828589e+01,8.3933332829759948e+00,1.2162014372347747e+01,6.7369866661289706e+00,5.4974202612413290e+00,1.4140631745828589e+01,9.7864637896944839e-01,6.7369866661289706e+00,0.0000000000000000e+00,2.0133424259181529e+00,8.2338357835657110e+00,1.0702326143529794e+01,1.0702326143529794e+01,8.2338357835657110e+00,8.3933332829759948e+00,8.3933332829759948e+00,1.3291417664279637e+01,9.4452167422993725e+00,1.2162014372347747e+01,1.2162014372347747e+01,1.0702326143529794e+01,9.7311541689999039e+00,9.4452167422993725e+00,2.0133424259181529e+00,8.3933332829759948e+00,1.4140631745828589e+01,1.4140631745828589e+01,6.7369866661289706e+00,1.4140631745828589e+01,1.2162014372347747e+01,1.2162014372347747e+01,8.2338357835657110e+00,1.2162014372347747e+01,1.0702326143529794e+01,1.0702326143529794e+01,1.0702326143529794e+01,9.4452167422993725e+00,9.4452167422993725e+00,2.0133424259181529e+00,1.0702326143529794e+01,1.3291417664279637e+01,1.3291417664279637e+01,2.0133424259181529e+00,0.0000000000000000e+00,9.7864637896944839e-01,9.4452167422993725e+00,9.7864637896944839e-01,8.2338357835657110e+00,8.2338357835657110e+00,2.0133424259181529e+00,1.4140631745828589e+01,0.0000000000000000e+00,5.4974202612413290e+00,4.8508123510439569e+00,8.2338357835657110e+00,1.4140631745828589e+01,3.4592844398599794e+00,1.3291417664279637e+01,1.0702326143529794e+01,1.3291417664279637e+01,1.0702326143529794e+01,8.2338357835657110e+00,4.8508123510439569e+00,1.4140631745828589e+01,1.3291417664279637e+01,8.2338357835657110e+00,5.4974202612413290e+00,0.0000000000000000e+00,8.3933332829759948e+00,9.7311541689999039e+00,2.0133424259181529e+00,9.7864637896944839e-01,1.4140631745828589e+01,1.4140631745828589e+01,8.2338357835657110e+00,1.4140631745828589e+01,0.0000000000000000e+00,4.8508123510439569e+00,1.0702326143529794e+01,8.3933332829759948e+00,8.3933332829759948e+00,0.0000000000000000e+00,1.2162014372347747e+01,1.2162014372347747e+01,1.2162014372347747e+01,1.0702326143529794e+01,1.0702326143529794e+01,8.2338357835657110e+00,9.4452167422993725e+00,5.4974202612413290e+00,5.4974202612413290e+00,9.7864637896944839e-01,5.4974202612413290e+00,8.3933332829759948e+00,1.0702326143529794e+01,1.0702326143529794e+01,1.0702326143529794e+01,1.0702326143529794e+01,8.2338357835657110e+00,1.0702326143529794e+01,8.2338357835657110e+00,1.2162014372347747e+01,8.2338357835657110e+00,8.3933332829759948e+00,9.7311541689999039e+00,8.2338357835657110e+00,0.0000000000000000e+00,1.3291417664279637e+01,8.2338357835657110e+00,1.4140631745828589e+01,8.2338357835657110e+00,9.4452167422993725e+00,1.2162014372347747e+01,8.2338357835657110e+00,5.4974202612413290e+00,1.4140631745828589e+01,1.4140631745828589e+01,1.2162014372347747e+01,9.7864637896944839e-01,1.4140631745828589e+01,9.7864637896944839e-01,1.3291417664279637e+01,1.3291417664279637e+01,9.7311541689999039e+00,9.4452167422993725e+00,9.4452167422993725e+00,9.7864637896944839e-01,1.2162014372347747e+01,1.0702326143529794e+01,9.7864637896944839e-01,1.3291417664279637e+01,0.0000000000000000e+00,2.0133424259181529e+00,1.0702326143529794e+01,9.4452167422993725e+00,8.3933332829759948e+00,1.3291417664279637e+01,1.4140631745828589e+01,9.4452167422993725e+00,1.0702326143529794e+01,6.7369866661289706e+00,8.2338357835657110e+00,9.7311541689999039e+00,1.2162014372347747e+01,1.0702326143529794e+01,1.0702326143529794e+01,2.0133424259181529e+00,1.2162014372347747e+01,6.7369866661289706e+00,2.0133424259181529e+00,6.7369866661289706e+00,2.0133424259181529e+00,1.3291417664279637e+01,1.2162014372347747e+01,1.2162014372347747e+01,1.0702326143529794e+01,4.8508123510439569e+00,2.6726196178488162e+00,1.4140631745828589e+01,9.7311541689999039e+00,1.4140631745828589e+01,3.4592844398599794e+00,1.0702326143529794e+01,9.4452167422993725e+00,1.2162014372347747e+01,1.2162014372347747e+01,6.7369866661289706e+00,9.7864637896944839e-01,3.4592844398599794e+00,9.4452167422993725e+00,2.0133424259181529e+00,9.4452167422993725e+00,1.0702326143529794e+01,1.0702326143529794e+01,1.3291417664279637e+01,0.0000000000000000e+00,0.0000000000000000e+00,1.3291417664279637e+01,1.0702326143529794e+01,1.3291417664279637e+01,0.0000000000000000e+00,1.0702326143529794e+01,0.0000000000000000e+00,1.3291417664279637e+01,0.0000000000000000e+00,5.4974202612413290e+00,1.3291417664279637e+01,3.4592844398599794e+00,1.3291417664279637e+01,1.3291417664279637e+01,1.3291417664279637e+01,1.0702326143529794e+01,1.0702326143529794e+01,2.6726196178488162e+00,2.0133424259181529e+00,9.4452167422993725e+00,9.4452167422993725e+00,5.4974202612413290e+00,1.3291417664279637e+01,6.7369866661289706e+00,1.3291417664279637e+01,2.6726196178488162e+00,2.0133424259181529e+00,9.7311541689999039e+00,8.3933332829759948e+00,5.4974202612413290e+00,1.3291417664279637e+01,1.3291417664279637e+01,9.7311541689999039e+00,1.3291417664279637e+01,1.4140631745828589e+01,1.4140631745828589e+01,1.0702326143529794e+01,9.7311541689999039e+00,1.2162014372347747e+01,1.0702326143529794e+01,9.7311541689999039e+00,3.4592844398599794e+00,2.6726196178488162e+00,1.0702326143529794e+01,1.0702326143529794e+01,1.0702326143529794e+01,1.0702326143529794e+01,0.0000000000000000e+00,9.4452167422993725e+00,4.8508123510439569e+00,0.0000000000000000e+00,8.2338357835657110e+00,4.8508123510439569e+00,8.2338357835657110e+00,0.0000000000000000e+00,0.0000000000000000e+00,1.4140631745828589e+01,1.0702326143529794e+01,8.2338357835657110e+00,2.0133424259181529e+00,1.4140631745828589e+01,1.3291417664279637e+01,1.0702326143529794e+01,9.4452167422993725e+00,8.3933332829759948e+00,1.0702326143529794e+01,2.0133424259181529e+00,1.0702326143529794e+01,1.4140631745828589e+01,2.0133424259181529e+00,9.7311541689999039e+00,9.7311541689999039e+00,1.4140631745828589e+01,1.4140631745828589e+01,3.4592844398599794e+00,1.0702326143529794e+01,6.7369866661289706e+00,4.8508123510439569e+00,1.2162014372347747e+01,2.0133424259181529e+00,9.4452167422993725e+00,1.4140631745828589e+01,1.0702326143529794e+01,9.7311541689999039e+00,4.8508123510439569e+00,1.0702326143529794e+01,0.0000000000000000e+00,6.7369866661289706e+00,3.4592844398599794e+00,5.4974202612413290e+00,5.4974202612413290e+00,5.4974202612413290e+00,2.6726196178488162e+00,2.0133424259181529e+00,1.4140631745828589e+01,6.7369866661289706e+00,1.3291417664279637e+01,1.3291417664279637e+01,1.4140631745828589e+01,1.3291417664279637e+01,1.4140631745828589e+01,3.4592844398599794e+00,2.0133424259181529e+00,9.7311541689999039e+00,8.3933332829759948e+00,1.3291417664279637e+01,8.3933332829759948e+00,1.4140631745828589e+01,1.2162014372347747e+01,4.8508123510439569e+00,9.4452167422993725e+00,8.2338357835657110e+00,2.6726196178488162e+00,5.4974202612413290e+00,2.0133424259181529e+00,6.7369866661289706e+00,1.2162014372347747e+01,1.2162014372347747e+01,3.4592844398599794e+00,8.2338357835657110e+00,9.7311541689999039e+00,1.4140631745828589e+01,9.7311541689999039e+00,8.2338357835657110e+00,3.4592844398599794e+00,1.4140631745828589e+01,2.6726196178488162e+00,8.2338357835657110e+00,3.4592844398599794e+00,6.7369866661289706e+00,1.4140631745828589e+01,9.7311541689999039e+00,6.7369866661289706e+00,4.8508123510439569e+00,1.3291417664279637e+01,1.4140631745828589e+01,1.3291417664279637e+01,1.0702326143529794e+01,8.3933332829759948e+00,9.4452167422993725e+00,8.2338357835657110e+00,1.3291417664279637e+01,8.2338357835657110e+00,1.3291417664279637e+01,9.7864637896944839e-01,1.3291417664279637e+01,1.3291417664279637e+01,1.3291417664279637e+01,8.2338357835657110e+00,8.2338357835657110e+00,1.3291417664279637e+01,0.0000000000000000e+00,0.0000000000000000e+00,1.4140631745828589e+01,0.0000000000000000e+00,9.4452167422993725e+00,9.7864637896944839e-01,2.0133424259181529e+00,9.4452167422993725e+00,9.4452167422993725e+00,9.4452167422993725e+00,8.2338357835657110e+00,1.0702326143529794e+01,1.0702326143529794e+01,3.4592844398599794e+00,1.0702326143529794e+01,0.0000000000000000e+00,1.3291417664279637e+01,1.3291417664279637e+01,1.4140631745828589e+01,8.2338357835657110e+00,1.4140631745828589e+01,9.7864637896944839e-01,1.3291417664279637e+01,1.3291417664279637e+01,1.3291417664279637e+01,8.2338357835657110e+00,6.7369866661289706e+00,6.7369866661289706e+00,1.3291417664279637e+01,8.3933332829759948e+00,2.0133424259181529e+00,1.3291417664279637e+01,6.7369866661289706e+00,8.2338357835657110e+00,8.3933332829759948e+00,5.4974202612413290e+00,8.2338357835657110e+00,1.3291417664279637e+01,9.7311541689999039e+00,8.3933332829759948e+00,9.7311541689999039e+00,1.2162014372347747e+01,1.2162014372347747e+01,5.4974202612413290e+00,2.0133424259181529e+00,0.0000000000000000e+00,2.0133424259181529e+00,1.3291417664279637e+01,1.3291417664279637e+01,9.7864637896944839e-01,9.4452167422993725e+00,1.2162014372347747e+01,5.4974202612413290e+00,1.4140631745828589e+01,5.4974202612413290e+00,0.0000000000000000e+00,1.3291417664279637e+01,8.2338357835657110e+00,1.3291417664279637e+01,1.3291417664279637e+01,1.0702326143529794e+01,1.4140631745828589e+01,1.0702326143529794e+01,1.4140631745828589e+01,1.2162014372347747e+01,1.2162014372347747e+01,1.3291417664279637e+01,9.7864637896944839e-01,9.7311541689999039e+00,8.2338357835657110e+00,1.3291417664279637e+01,1.2162014372347747e+01,9.4452167422993725e+00,6.7369866661289706e+00,1.2162014372347747e+01,1.2162014372347747e+01,3.4592844398599794e+00,8.2338357835657110e+00,4.8508123510439569e+00,1.3291417664279637e+01,6.7369866661289706e+00,1.2162014372347747e+01,5.4974202612413290e+00,9.4452167422993725e+00,4.8508123510439569e+00,1.3291417664279637e+01,1.3291417664279637e+01,1.2162014372347747e+01,1.2162014372347747e+01,9.4452167422993725e+00,1.2162014372347747e+01,6.7369866661289706e+00,2.6726196178488162e+00,1.0702326143529794e+01,1.0702326143529794e+01,6.7369866661289706e+00,8.2338357835657110e+00,9.4452167422993725e+00,1.2162014372347747e+01,2.6726196178488162e+00,1.3291417664279637e+01,1.2162014372347747e+01,1.3291417664279637e+01,1.0702326143529794e+01,9.4452167422993725e+00,1.3291417664279637e+01,4.8508123510439569e+00,4.8508123510439569e+00,1.3291417664279637e+01,1.2162014372347747e+01,4.8508123510439569e+00,4.8508123510439569e+00,2.6726196178488162e+00,1.0702326143529794e+01,1.2162014372347747e+01,1.4140631745828589e+01,9.7311541689999039e+00,1.4140631745828589e+01,1.4140631745828589e+01,8.2338357835657110e+00,6.7369866661289706e+00,6.7369866661289706e+00,1.4140631745828589e+01,9.7864637896944839e-01,9.7864637896944839e-01,9.7864637896944839e-01,1.2162014372347747e+01,4.8508123510439569e+00,6.7369866661289706e+00,3.4592844398599794e+00,6.7369866661289706e+00,6.7369866661289706e+00,1.3291417664279637e+01,0.0000000000000000e+00,9.7864637896944839e-01,1.3291417664279637e+01,1.3291417664279637e+01,5.4974202612413290e+00,1.2162014372347747e+01,1.3291417664279637e+01,1.3291417664279637e+01,9.7864637896944839e-01,8.3933332829759948e+00,8.3933332829759948e+00,6.7369866661289706e+00,6.7369866661289706e+00,1.4140631745828589e+01,8.2338357835657110e+00,1.3291417664279637e+01,1.3291417664279637e+01,1.3291417664279637e+01,1.3291417664279637e+01,0.0000000000000000e+00,1.3291417664279637e+01,9.4452167422993725e+00,4.8508123510439569e+00,1.3291417664279637e+01,9.4452167422993725e+00,1.2162014372347747e+01,8.3933332829759948e+00,1.2162014372347747e+01,1.3291417664279637e+01,9.7864637896944839e-01,1.2162014372347747e+01,9.7864637896944839e-01,1.2162014372347747e+01,1.2162014372347747e+01,1.2162014372347747e+01,9.7311541689999039e+00,3.4592844398599794e+00,9.4452167422993725e+00,3.4592844398599794e+00,1.4140631745828589e+01,1.4140631745828589e+01,1.3291417664279637e+01,1.4140631745828589e+01,6.7369866661289706e+00,1.3291417664279637e+01,1.4140631745828589e+01,1.0702326143529794e+01,8.3933332829759948e+00,1.2162014372347747e+01,1.2162014372347747e+01,1.4140631745828589e+01,4.8508123510439569e+00,1.2162014372347747e+01,1.4140631745828589e+01,9.7864637896944839e-01,8.3933332829759948e+00,9.4452167422993725e+00,8.3933332829759948e+00,8.2338357835657110e+00,0.0000000000000000e+00,8.3933332829759948e+00,1.3291417664279637e+01,2.6726196178488162e+00,1.0702326143529794e+01,9.7864637896944839e-01,1.3291417664279637e+01,6.7369866661289706e+00,1.3291417664279637e+01,3.4592844398599794e+00,6.7369866661289706e+00,4.8508123510439569e+00,9.7311541689999039e+00,1.2162014372347747e+01,1.2162014372347747e+01,9.4452167422993725e+00,6.7369866661289706e+00,6.7369866661289706e+00,1.2162014372347747e+01,1.2162014372347747e+01,1.4140631745828589e+01,1.0702326143529794e+01,1.4140631745828589e+01,1.2162014372347747e+01,0.0000000000000000e+00,1.2162014372347747e+01,0.0000000000000000e+00,1.3291417664279637e+01,8.3933332829759948e+00,8.2338357835657110e+00,4.8508123510439569e+00,1.3291417664279637e+01,4.8508123510439569e+00,6.7369866661289706e+00,8.2338357835657110e+00,1.0702326143529794e+01,1.4140631745828589e+01,9.4452167422993725e+00,8.2338357835657110e+00,1.2162014372347747e+01,5.4974202612413290e+00,2.6726196178488162e+00,2.6726196178488162e+00,1.2162014372347747e+01,1.2162014372347747e+01,1.4140631745828589e+01,9.4452167422993725e+00,2.0133424259181529e+00,1.4140631745828589e+01,1.4140631745828589e+01,1.3291417664279637e+01,1.3291417664279637e+01,4.8508123510439569e+00,1.3291417664279637e+01,1.4140631745828589e+01,1.2162014372347747e+01,1.2162014372347747e+01,8.3933332829759948e+00,8.3933332829759948e+00,3.4592844398599794e+00,5.4974202612413290e+00,1.2162014372347747e+01,1.3291417664279637e+01,5.4974202612413290e+00,1.3291417664279637e+01,9.4452167422993725e+00,1.0702326143529794e+01,9.7864637896944839e-01,9.7864637896944839e-01,4.8508123510439569e+00,6.7369866661289706e+00,9.7864637896944839e-01,4.8508123510439569e+00,0.0000000000000000e+00,8.2338357835657110e+00,8.2338357835657110e+00,9.4452167422993725e+00,8.2338357835657110e+00,1.2162014372347747e+01,2.0133424259181529e+00,9.4452167422993725e+00,9.4452167422993725e+00,9.4452167422993725e+00,9.4452167422993725e+00,6.7369866661289706e+00,6.7369866661289706e+00,1.0702326143529794e+01,1.0702326143529794e+01,8.2338357835657110e+00,1.0702326143529794e+01,6.7369866661289706e+00,1.0702326143529794e+01,1.0702326143529794e+01,2.0133424259181529e+00,1.2162014372347747e+01,1.3291417664279637e+01,8.2338357835657110e+00,5.4974202612413290e+00,2.0133424259181529e+00,5.4974202612413290e+00,4.8508123510439569e+00,6.7369866661289706e+00,1.4140631745828589e+01,1.4140631745828589e+01,1.2162014372347747e+01,4.8508123510439569e+00,6.7369866661289706e+00,1.3291417664279637e+01,1.3291417664279637e+01,1.4140631745828589e+01,1.4140631745828589e+01,0.0000000000000000e+00,1.3291417664279637e+01,8.2338357835657110e+00,1.0702326143529794e+01,1.0702326143529794e+01,2.0133424259181529e+00,9.7311541689999039e+00,9.7311541689999039e+00,1.4140631745828589e+01,9.4452167422993725e+00,3.4592844398599794e+00,9.4452167422993725e+00,8.3933332829759948e+00,1.4140631745828589e+01,5.4974202612413290e+00,6.7369866661289706e+00,9.7864637896944839e-01,2.6726196178488162e+00,2.0133424259181529e+00,8.2338357835657110e+00,1.0702326143529794e+01,3.4592844398599794e+00,1.3291417664279637e+01,0.0000000000000000e+00,9.7311541689999039e+00,1.0702326143529794e+01,1.3291417664279637e+01,5.4974202612413290e+00,2.6726196178488162e+00,1.4140631745828589e+01,8.2338357835657110e+00,9.4452167422993725e+00,6.7369866661289706e+00,1.0702326143529794e+01,6.7369866661289706e+00,2.0133424259181529e+00,1.4140631745828589e+01,8.2338357835657110e+00,1.0702326143529794e+01,6.7369866661289706e+00,1.0702326143529794e+01,4.8508123510439569e+00,9.4452167422993725e+00,1.2162014372347747e+01,1.4140631745828589e+01,3.4592844398599794e+00,0.0000000000000000e+00,1.4140631745828589e+01,1.4140631745828589e+01,1.4140631745828589e+01,1.2162014372347747e+01,0.0000000000000000e+00,8.2338357835657110e+00,1.4140631745828589e+01,1.4140631745828589e+01,1.0702326143529794e+01,8.2338357835657110e+00,4.8508123510439569e+00,9.4452167422993725e+00,1.3291417664279637e+01,4.8508123510439569e+00,4.8508123510439569e+00,3.4592844398599794e+00,1.3291417664279637e+01,9.4452167422993725e+00,1.3291417664279637e+01,1.3291417664279637e+01,6.7369866661289706e+00,4.8508123510439569e+00,4.8508123510439569e+00,4.8508123510439569e+00,1.3291417664279637e+01,1.3291417664279637e+01,1.0702326143529794e+01,1.3291417664279637e+01,3.4592844398599794e+00,2.6726196178488162e+00,9.7864637896944839e-01,1.2162014372347747e+01,1.3291417664279637e+01,4.8508123510439569e+00,1.2162014372347747e+01,8.2338357835657110e+00,9.4452167422993725e+00,1.2162014372347747e+01,1.3291417664279637e+01,1.3291417664279637e+01,1.2162014372347747e+01,5.4974202612413290e+00,2.6726196178488162e+00,2.6726196178488162e+00,2.0133424259181529e+00,3.4592844398599794e+00,8.2338357835657110e+00,1.2162014372347747e+01,1.2162014372347747e+01,6.7369866661289706e+00,3.4592844398599794e+00,9.4452167422993725e+00,9.7311541689999039e+00
8.7675067259545241e+00,8.7675067259545241e+00,8.7675067259545241e+00,8.7675067259545241e+00,3.6929798902894708e+00,8.1619063828109244e+00,8.7675067259545241e+00,8.1619063828109244e+00,7.3374131947602610e+00,8.7675067259545241e+00,8.7675067259545241e+00,8.7675067259545241e+00,8.1619063828109244e+00,1.1959644461489200e+01,8.1619063828109244e+00,8.7675067259545241e+00,8.1619063828109244e+00,0.0000000000000000e+00,7.3374131947602610e+00,1.1959644461489200e+01,8.7675067259545241e+00,5.7442819198885413e+00,7.3374131947602610e+00,8.7675067259545241e+00,8.7675067259545241e+00,1.1959644461489200e+01,2.6698989917436551e+00,1.1959644461489200e+01,5.7442819198885413e+00,1.2065892314614342e+01,1.2065892314614342e+01,4.4374119601534332e+00,1.1959644461489200e+01,8.7675067259545241e+00,8.7675067259545241e+00,4.4374119601534332e+00,1.1959644461489200e+01,8.1619063828109244e+00,1.1959644461489200e+01,6.5707051286665807e+00,8.1619063828109244e+00,1.3895574189994965e+01,9.9913265951410786e+00,3.6929798902894708e+00,3.6929798902894708e+00,8.7675067259545241e+00,3.6929798902894708e+00,9.9913265951410786e+00,8.7675067259545241e+00,1.9907996327127195e+00,1.9907996327127195e+00,1.9907996327127195e+00,7.3374131947602610e+00,1.3895574189994965e+01,1.9907996327127195e+00,1.9907996327127195e+00,1.3895574189994965e+01,8.7675067259545241e+00,5.7442819198885413e+00,1.2006348082259700e+01,1.2006348082259700e+01,9.0762797751469226e-01,8.7675067259545241e+00,1.3895574189994965e+01,1.3895574189994965e+01,1.3895574189994965e+01,9.0762797751469226e-01,8.7675067259545241e+00,9.0762797751469226e-01,1.3895574189994965e+01,5.7442819198885413e+00,1.3895574189994965e+01,8.7675067259545241e+00,9.0762797751469226e-01,1.2006348082259700e+01,1.2006348082259700e+01,9.9913265951410786e+00,1.2006348082259700e+01,1.9907996327127195e+00,2.6698989917436551e+00,7.3374131947602610e+00,1.3895574189994965e+01,1.3895574189994965e+01,9.0762797751469226e-01,1.9907996327127195e+00,1.3895574189994965e+01,1.3895574189994965e+01,8.7675067259545241e+00,1.3895574189994965e+01,5.7442819198885413e+00,1.3895574189994965e+01,6.5707051286665807e+00,5.7442819198885413e+00,9.0762797751469226e-01,1.3895574189994965e+01,6.5707051286665807e+00,1.2065892314614342e+01,1.3895574189994965e+01,1.3895574189994965e+01,1.3895574189994965e+01,1.3895574189994965e+01,1.3895574189994965e+01,7.3374131947602610e+00,1.3895574189994965e+01,1.3895574189994965e+01,1.3895574189994965e+01,1.3895574189994965e+01,6.5707051286665807e+00,1.3895574189994965e+01,1.3895574189994965e+01,8.7675067259545241e+00,2.6698989917436551e+00,8.7675067259545241e+00,6.5707051286665807e+00,3.6929798902894708e+00,1.1959644461489200e+01,1.3895574189994965e+01,1.1959644461489200e+01,6.5707051286665807e+00,8.1619063828109244e+00,4.4374119601534332e+00,0.0000000000000000e+00,1.1959644461489200e+01,8.1619063828109244e+00,2.6698989917436551e+00,9.9913265951410786e+00,1.9907996327127195e+00,8.1619063828109244e+00,8.1619063828109244e+00,3.6929798902894708e+00,1.3895574189994965e+01,1.1959644461489200e+01,6.5707051286665807e+00,2.6698989917436551e+00,8.7675067259545241e+00,1.3895574189994965e+01,8.1619063828109244e+00,1.2006348082259700e+01,1.3895574189994965e+01,1.2065892314614342e+01,1.3895574189994965e+01,1.9907996327127195e+00,7.3374131947602610e+00,1.3895574189994965e+01,1.3895574189994965e+01,1.3895574189994965e+01,0.0000000000000000e+00,9.0762797751469226e-01,1.1959644461489200e+01,1.1959644461489200e+01,8.1619063828109244e+00,1.1959644461489200e+01,1.1959644461489200e+01,8.1619063828109244e+00,1.2065892314614342e+01,1.2006348082259700e+01,1.2065892314614342e+01,1.2006348082259700e+01,1.3895574189994965e+01,1.3895574189994965e+01,8.7675067259545241e+00,1.3895574189994965e+01,0.0000000000000000e+00,7.3374131947602610e+00,1.1959644461489200e+01,2.6698989917436551e+00,7.3374131947602610e+00,9.0762797751469226e-01,1.2006348082259700e+01,8.7675067259545241e+00,8.7675067259545241e+00,7.3374131947602610e+00,7.3374131947602610e+00,8.1619063828109244e+00,6.5707051286665807e+00,8.1619063828109244e+00,1.3895574189994965e+01,1.3895574189994965e+01,1.1959644461489200e+01,1.1959644461489200e+01,1.1959644461489200e+01,6.5707051286665807e+00,1.3895574189994965e+01,9.9913265951410786e+00,1.9907996327127195e+00,8.1619063828109244e+00,7.3374131947602610e+00,7.3374131947602610e+00,8.1619063828109244e+00,5.7442819198885413e+00,4.4374119601534332e+00,9.9913265951410786e+00,0.0000000000000000e+00,1.2065892314614342e+01,0.0000000000000000e+00,4.4374119601534332e+00,8.7675067259545241e+00,9.9913265951410786e+00,8.7675067259545241e+00,1.3895574189994965e+01,6.5707051286665807e+00,6.5707051286665807e+00,6.5707051286665807e+00,1.3895574189994965e+01,8.1619063828109244e+00,6.5707051286665807e+00,8.1619063828109244e+00,1.9907996327127195e+00,1.3895574189994965e+01,1.2006348082259700e+01,9.9913265951410786e+00,8.7675067259545241e+00,8.7675067259545241e+00,1.3895574189994965e+01,5.7442819198885413e+00,8.7675067259545241e+00,5.7442819198885413e+00,5.7442819198885413e+00,7.3374131947602610e+00,8.1619063828109244e+00,1.3895574189994965e+01,1.2065892314614342e+01,5.7442819198885413e+00,7.3374131947602610e+00,1.2065892314614342e+01,6.5707051286665807e+00,1.3895574189994965e+01,1.2065892314614342e+01,1.9907996327127195e+00,1.2006348082259700e+01,8.1619063828109244e+00,1.2065892314614342e+01,1.3895574189994965e+01,1.2065892314614342e+01,2.6698989917436551e+00,9.0762797751469226e-01,8.7675067259545241e+00,2.6698989917436551e+00,1.3895574189994965e+01,1.1959644461489200e+01,1.2065892314614342e+01,1.2065892314614342e+01,1.3895574189994965e+01,1.9907996327127195e+00,1.2065892314614342e+01,2.6698989917436551e+00,8.7675067259545241e+00,1.2065892314614342e+01,3.6929798902894708e+00,1.1959644461489200e+01,0.0000000000000000e+00,2.6698989917436551e+00,1.2006348082259700e+01,1.2006348082259700e+01,9.0762797751469226e-01,1.9907996327127195e+00,6.5707051286665807e+00,1.2006348082259700e+01,8.1619063828109244e+00,1.2065892314614342e+01,1.2065892314614342e+01,8.1619063828109244e+00,9.9913265951410786e+00,1.2006348082259700e+01,1.2006348082259700e+01,8.1619063828109244e+00,1.2006348082259700e+01,8.1619063828109244e+00,1.1959644461489200e+01,1.2006348082259700e+01,9.0762797751469226e-01,9.9913265951410786e+00,9.9913265951410786e+00,7.3374131947602610e+00,1.2006348082259700e+01,2.6698989917436551e+00,8.1619063828109244e+00,1.3895574189994965e+01,7.3374131947602610e+00,1.3895574189994965e+01,1.3895574189994965e+01,8.7675067259545241e+00,8.1619063828109244e+00,1.2006348082259700e+01,9.0762797751469226e-01,8.7675067259545241e+00,5.7442819198885413e+00,1.3895574189994965e+01,1.2065892314614342e+01,1.3895574189994965e+01,1.1959644461489200e+01,1.1959644461489200e+01,1.2006348082259700e+01,1.3895574189994965e+01,6.5707051286665807e+00,4.4374119601534332e+00,1.1959644461489200e+01,9.9913265951410786e+00,1.3895574189994965e+01,7.3374131947602610e+00,1.2006348082259700e+01,1.2065892314614342e+01,1.2065892314614342e+01,6.5707051286665807e+00,1.2006348082259700e+01,1.3895574189994965e+01,1.2006348082259700e+01,1.2065892314614342e+01,6.5707051286665807e+00,1.2006348082259700e+01,8.1619063828109244e+00,1.9907996327127195e+00,8.1619063828109244e+00,1.2006348082259700e+01,9.9913265951410786e+00,1.3895574189994965e+01,5.7442819198885413e+00,1.2006348082259700e+01,8.1619063828109244e+00,8.1619063828109244e+00,1.2006348082259700e+01,9.9913265951410786e+00,9.9913265951410786e+00,8.1619063828109244e+00,1.3895574189994965e+01,1.1959644461489200e+01,6.5707051286665807e+00,1.1959644461489200e+01,1.3895574189994965e+01,1.2065892314614342e+01,1.2006348082259700e+01,1.9907996327127195e+00,1.3895574189994965e+01,2.6698989917436551e+00,8.1619063828109244e+00,1.3895574189994965e+01,1.2065892314614342e+01,9.9913265951410786e+00,1.3895574189994965e+01,1.1959644461489200e+01,9.9913265951410786e+00,8.1619063828109244e+00,8.1619063828109244e+00,5.7442819198885413e+00,8.1619063828109244e+00,1.2006348082259700e+01,1.2065892314614342e+01,8.1619063828109244e+00,8.1619063828109244e+00,1.2065892314614342e+01,8.1619063828109244e+00,1.1959644461489200e+01,1.2065892314614342e+01,1.3895574189994965e+01,7.3374131947602610e+00,1.1959644461489200e+01,1.3895574189994965e+01,9.9913265951410786e+00,1.2006348082259700e+01,3.6929798902894708e+00,9.0762797751469226e-01,1.3895574189994965e+01,1.2006348082259700e+01,1.3895574189994965e+01,1.3895574189994965e+01,1.3895574189994965e+01,1.1959644461489200e+01,1.1959644461489200e+01,1.9907996327127195e+00,1.1959644461489200e+01,5.7442819198885413e+00,4.4374119601534332e+00,1.2006348082259700e+01,6.5707051286665807e+00,1.1959644461489200e+01,9.9913265951410786e+00,1.3895574189994965e+01,1.2065892314614342e+01,1.2065892314614342e+01,3.6929798902894708e+00,1.3895574189994965e+01,1.2006348082259700e+01,1.1959644461489200e+01,8.1619063828109244e+00,1.1959644461489200e+01,7.3374131947602610e+00,8.1619063828109244e+00,4.4374119601534332e+00,1.9907996327127195e+00,1.3895574189994965e+01,9.9913265951410786e+00,9.9913265951410786e+00,1.3895574189994965e+01,1.9907996327127195e+00,6.5707051286665807e+00,7.3374131947602610e+00,1.9907996327127195e+00,1.2065892314614342e+01,1.3895574189994965e+01,8.7675067259545241e+00,1.3895574189994965e+01,1.1959644461489200e+01,7.3374131947602610e+00,1.2065892314614342e+01,1.3895574189994965e+01,1.2065892314614342e+01,6.5707051286665807e+00,8.7675067259545241e+00,1.3895574189994965e+01,9.9913265951410786e+00,1.3895574189994965e+01,8.1619063828109244e+00,8.1619063828109244e+00,6.5707051286665807e+00,8.7675067259545241e+00,1.1959644461489200e+01,1.1959644461489200e+01,3.6929798902894708e+00,1.2065892314614342e+01,1.2065892314614342e+01,1.3895574189994965e+01,7.3374131947602610e+00,9.9913265951410786e+00,8.7675067259545241e+00,1.1959644461489200e+01,0.0000000000000000e+00,1.2006348082259700e+01,1.1959644461489200e+01,6.5707051286665807e+00,1.2065892314614342e+01,9.9913265951410786e+00,1.9907996327127195e+00,8.7675067259545241e+00,1.9907996327127195e+00,1.2065892314614342e+01,1.2065892314614342e+01,0.0000000000000000e+00,1.1959644461489200e+01,6.5707051286665807e+00,1.2006348082259700e+01,6.5707051286665807e+00,1.2006348082259700e+01,1.2065892314614342e+01,0.0000000000000000e+00,1.1959644461489200e+01,6.5707051286665807e+00,8.7675067259545241e+00,8.7675067259545241e+00,3.6929798902894708e+00,8.7675067259545241e+00,1.2006348082259700e+01,1.1959644461489200e+01,1.2006348082259700e+01,1.2006348082259700e+01,1.1959644461489200e+01,1.2065892314614342e+01,1.2006348082259700e+01,9.9913265951410786e+00,1.1959644461489200e+01,1.2065892314614342e+01,9.9913265951410786e+00,1.2006348082259700e+01,8.7675067259545241e+00,1.2065892314614342e+01,3.6929798902894708e+00,9.0762797751469226e-01,1.9907996327127195e+00,7.3374131947602610e+00,1.2065892314614342e+01,7.3374131947602610e+00,7.3374131947602610e+00,7.3374131947602610e+00,7.3374131947602610e+00,1.1959644461489200e+01,5.7442819198885413e+00,5.7442819198885413e+00,7.3374131947602610e+00,5.7442819198885413e+00,0.0000000000000000e+00,1.3895574189994965e+01,1.1959644461489200e+01,3.6929798902894708e+00,3.6929798902894708e+00,8.7675067259545241e+00,0.0000000000000000e+00,1.2006348082259700e+01,1.2006348082259700e+01,8.7675067259545241e+00,8.1619063828109244e+00,1.1959644461489200e+01,1.3895574189994965e+01,1.3895574189994965e+01,5.7442819198885413e+00,1.2065892314614342e+01,6.5707051286665807e+00,1.1959644461489200e+01,1.2065892314614342e+01,6.5707051286665807e+00,1.2065892314614342e+01,4.4374119601534332e+00,1.3895574189994965e+01,0.0000000000000000e+00,1.2006348082259700e+01,8.7675067259545241e+00,8.7675067259545241e+00,0.0000000000000000e+00,8.7675067259545241e+00,8.1619063828109244e+00,1.2006348082259700e+01,1.1959644461489200e+01,8.1619063828109244e+00,1.1959644461489200e+01,1.3895574189994965e+01,5.7442819198885413e+00,9.9913265951410786e+00,9.9913265951410786e+00,1.1959644461489200e+01,1.1959644461489200e+01,1.2006348082259700e+01,9.9913265951410786e+00,5.7442819198885413e+00,1.2006348082259700e+01,1.2006348082259700e+01,3.6929798902894708e+00,1.2006348082259700e+01,5.7442819198885413e+00,7.3374131947602610e+00,2.6698989917436551e+00,1.2065892314614342e+01,1.2065892314614342e+01,1.2006348082259700e+01,1.1959644461489200e+01,1.2006348082259700e+01,1.9907996327127195e+00,1.2006348082259700e+01,1.2006348082259700e+01,1.2006348082259700e+01,2.6698989917436551e+00,1.2006348082259700e+01,0.0000000000000000e+00,1.3895574189994965e+01,1.2006348082259700e+01,0.0000000000000000e+00,4.4374119601534332e+00,1.3895574189994965e+01,1.2006348082259700e+01,6.5707051286665807e+00,1.9907996327127195e+00,8.1619063828109244e+00,8.1619063828109244e+00,8.1619063828109244e+00,1.2006348082259700e+01,1.3895574189994965e+01,1.2065892314614342e+01,1.2006348082259700e+01,3.6929798902894708e+00,8.7675067259545241e+00,1.1959644461489200e+01,3.6929798902894708e+00,4.4374119601534332e+00,1.1959644461489200e+01,1.3895574189994965e+01,1.2006348082259700e+01,7.3374131947602610e+00,1.2065892314614342e+01,7.3374131947602610e+00,1.1959644461489200e+01,1.1959644461489200e+01,4.4374119601534332e+00,1.9907996327127195e+00,5.7442819198885413e+00,8.7675067259545241e+00,3.6929798902894708e+00,1.3895574189994965e+01,1.2065892314614342e+01,7.3374131947602610e+00,9.0762797751469226e-01,1.2006348082259700e+01,1.2006348082259700e+01,1.3895574189994965e+01,9.0762797751469226e-01,1.2065892314614342e+01,5.7442819198885413e+00,1.2065892314614342e+01,1.2006348082259700e+01,1.3895574189994965e+01,1.9907996327127195e+00,1.2006348082259700e+01,7.3374131947602610e+00,8.1619063828109244e+00,9.9913265951410786e+00,8.1619063828109244e+00,1.2006348082259700e+01,1.2006348082259700e+01,1.2006348082259700e+01,1.2006348082259700e+01,1.3895574189994965e+01,1.3895574189994965e+01,1.3895574189994965e+01,1.3895574189994965e+01,1.1959644461489200e+01,1.1959644461489200e+01,8.1619063828109244e+00,8.7675067259545241e+00,1.2006348082259700e+01,1.3895574189994965e+01,1.2006348082259700e+01,2.6698989917436551e+00,1.1959644461489200e+01,2.6698989917436551e+00,7.3374131947602610e+00,1.2006348082259700e+01,7.3374131947602610e+00,1.3895574189994965e+01,4.4374119601534332e+00,3.6929798902894708e+00,8.7675067259545241e+00,2.6698989917436551e+00,3.6929798902894708e+00,8.7675067259545241e+00,9.0762797751469226e-01,3.6929798902894708e+00,2.6698989917436551e+00,1.3895574189994965e+01,1.3895574189994965e+01,1.2065892314614342e+01,1.2065892314614342e+01,1.9907996327127195e+00,5.7442819198885413e+00,9.9913265951410786e+00,9.9913265951410786e+00,9.0762797751469226e-01,1.9907996327127195e+00,7.3374131947602610e+00,1.2006348082259700e+01,3.6929798902894708e+00,1.9907996327127195e+00,1.2065892314614342e+01,1.2065892314614342e+01,1.2006348082259700e+01,1.9907996327127195e+00,1.3895574189994965e+01,3.6929798902894708e+00,9.9913265951410786e+00,1.1959644461489200e+01,9.0762797751469226e-01,1.9907996327127195e+00,1.2006348082259700e+01,8.7675067259545241e+00,1.2006348082259700e+01,1.2065892314614342e+01,7.3374131947602610e+00,1.3895574189994965e+01,8.1619063828109244e+00,1.3895574189994965e+01,9.9913265951410786e+00,8.7675067259545241e+00,2.6698989917436551e+00,3.6929798902894708e+00,1.1959644461489200e+01,8.1619063828109244e+00,1.2065892314614342e+01,3.6929798902894708e+00,3.6929798902894708e+00,7.3374131947602610e+00,7.3374131947602610e+00,1.3895574189994965e+01,1.3895574189994965e+01,1.3895574189994965e+01,1.1959644461489200e+01,1.2065892314614342e+01,0.0000000000000000e+00,1.3895574189994965e+01,1.2065892314614342e+01,1.2065892314614342e+01,1.2065892314614342e+01,1.3895574189994965e+01,5.7442819198885413e+00,2.6698989917436551e+00,1.3895574189994965e+01,7.3374131947602610e+00,8.7675067259545241e+00,3.6929798902894708e+00,1.1959644461489200e+01,1.2065892314614342e+01,2.6698989917436551e+00,1.9907996327127195e+00,1.3895574189994965e+01,1.2065892314614342e+01,1.3895574189994965e+01,1.2006348082259700e+01,1.2065892314614342e+01,1.2006348082259700e+01,1.3895574189994965e+01,1.2065892314614342e+01,1.2006348082259700e+01,8.7675067259545241e+00,1.1959644461489200e+01,1.1959644461489200e+01,1.2006348082259700e+01,2.6698989917436551e+00,8.7675067259545241e+00,8.7675067259545241e+00,1.1959644461489200e+01,1.1959644461489200e+01,5.7442819198885413e+00,6.5707051286665807e+00,1.1959644461489200e+01,2.6698989917436551e+00,1.2065892314614342e+01,3.6929798902894708e+00,2.6698989917436551e+00,1.2065892314614342e+01,3.6929798902894708e+00,1.3895574189994965e+01,1.2065892314614342e+01,1.9907996327127195e+00,9.9913265951410786e+00,3.6929798902894708e+00,1.1959644461489200e+01,4.4374119601534332e+00,1.9907996327127195e+00,6.5707051286665807e+00,9.9913265951410786e+00,9.0762797751469226e-01,2.6698989917436551e+00,9.0762797751469226e-01,1.2006348082259700e+01,1.2006348082259700e+01,1.2006348082259700e+01,1.3895574189994965e+01,1.2006348082259700e+01,1.2065892314614342e+01,1.3895574189994965e+01,1.3895574189994965e+01,1.3895574189994965e+01,1.3895574189994965e+01,6.5707051286665807e+00,1.3895574189994965e+01,1.1959644461489200e+01,1.9907996327127195e+00,8.7675067259545241e+00,9.0762797751469226e-01,8.7675067259545241e+00,8.7675067259545241e+00,2.6698989917436551e+00,1.2065892314614342e+01,1.3895574189994965e+01,8.7675067259545241e+00,8.1619063828109244e+00,9.0762797751469226e-01,5.7442819198885413e+00,3.6929798902894708e+00,1.1959644461489200e+01,1.3895574189994965e+01,1.3895574189994965e+01,1.2065892314614342e+01,1.2006348082259700e+01,1.2065892314614342e+01,1.3895574189994965e+01,1.2065892314614342e+01,8.7675067259545241e+00,1.9907996327127195e+00,3.6929798902894708e+00,1.2006348082259700e+01,1.2006348082259700e+01,6.5707051286665807e+00,1.2006348082259700e+01,1.2006348082259700e+01,5.7442819198885413e+00,5.7442819198885413e+00,1.2006348082259700e+01,6.5707051286665807e+00,1.9907996327127195e+00,5.7442819198885413e+00,1.1959644461489200e+01,5.7442819198885413e+00,1.2006348082259700e+01,8.1619063828109244e+00,0.0000000000000000e+00,9.0762797751469226e-01,1.2006348082259700e+01,1.2006348082259700e+01,1.2006348082259700e+01,1.9907996327127195e+00,9.9913265951410786e+00,0.0000000000000000e+00,9.9913265951410786e+00,1.2006348082259700e+01,1.2006348082259700e+01,1.2006348082259700e+01,8.1619063828109244e+00,1.2065892314614342e+01,1.2065892314614342e+01,1.2065892314614342e+01,4.4374119601534332e+00,1.2006348082259700e+01,3.6929798902894708e+00,1.9907996327127195e+00,5.7442819198885413e+00,1.9907996327127195e+00,1.2065892314614342e+01,4.4374119601534332e+00,1.2065892314614342e+01,1.2065892314614342e+01,7.3374131947602610e+00,8.1619063828109244e+00,1.2065892314614342e+01,0.0000000000000000e+00,1.1959644461489200e+01,9.9913265951410786e+00,1.2065892314614342e+01,9.0762797751469226e-01,9.9913265951410786e+00,9.9913265951410786e+00,8.1619063828109244e+00,1.2065892314614342e+01,1.2065892314614342e+01,3.6929798902894708e+00,1.2006348082259700e+01,1.2006348082259700e+01,5.7442819198885413e+00,1.1959644461489200e+01,7.3374131947602610e+00,7.3374131947602610e+00,1.2006348082259700e+01,1.2006348082259700e+01,1.2006348082259700e+01,1.2006348082259700e+01,1.2065892314614342e+01,7.3374131947602610e+00,1.2065892314614342e+01,8.7675067259545241e+00,1.2006348082259700e+01,7.3374131947602610e+00,1.3895574189994965e+01,1.2065892314614342e+01,1.2006348082259700e+01,9.9913265951410786e+00,7.3374131947602610e+00,5.7442819198885413e+00,1.2006348082259700e+01,1.2006348082259700e+01,4.4374119601534332e+00,6.5707051286665807e+00,1.3895574189994965e+01,1.2006348082259700e+01,6.5707051286665807e+00,9.9913265951410786e+00,2.6698989917436551e+00,1.2006348082259700e+01,1.2065892314614342e+01,1.2065892314614342e+01,8.7675067259545241e+00,1.2065892314614342e+01,8.7675067259545241e+00,4.4374119601534332e+00,4.4374119601534332e+00,7.3374131947602610e+00,4.4374119601534332e+00,9.9913265951410786e+00,1.2065892314614342e+01,9.9913265951410786e+00,1.2006348082259700e+01,1.2065892314614342e+01,1.2006348082259700e+01,8.7675067259545241e+00,1.2006348082259700e+01,9.0762797751469226e-01,8.1619063828109244e+00,0.0000000000000000e+00,1.2006348082259700e+01,1.2065892314614342e+01,8.7675067259545241e+00,1.2006348082259700e+01,8.7675067259545241e+00,1.2006348082259700e+01,8.7675067259545241e+00,1.2065892314614342e+01,7.3374131947602610e+00,1.2006348082259700e+01,1.2006348082259700e+01,1.2006348082259700e+01,2.6698989917436551e+00,0.0000000000000000e+00,8.7675067259545241e+00,1.3895574189994965e+01,2.6698989917436551e+00,9.0762797751469226e-01,1.2006348082259700e+01,4.4374119601534332e+00,9.9913265951410786e+00,1.2065892314614342e+01,1.9907996327127195e+00,8.7675067259545241e+00,8.7675067259545241e+00,8.7675067259545241e+00,2.6698989917436551e+00,4.4374119601534332e+00,7.3374131947602610e+00,7.3374131947602610e+00,7.3374131947602610e+00,1.2065892314614342e+01,1.2065892314614342e+01,1.3895574189994965e+01,7.3374131947602610e+00,2.6698989917436551e+00,1.3895574189994965e+01,1.3895574189994965e+01,6.5707051286665807e+00,1.2065892314614342e+01,2.6698989917436551e+00,7.3374131947602610e+00,7.3374131947602610e+00,1.3895574189994965e+01,1.9907996327127195e+00,9.0762797751469226e-01,0.0000000000000000e+00,1.2006348082259700e+01,8.1619063828109244e+00,1.2065892314614342e+01,1.2065892314614342e+01,1.2006348082259700e+01,1.2006348082259700e+01,8.7675067259545241e+00,4.4374119601534332e+00,7.3374131947602610e+00,1.2006348082259700e+01,1.2006348082259700e+01,8.7675067259545241e+00,1.9907996327127195e+00,7.3374131947602610e+00,1.2006348082259700e+01,8.1619063828109244e+00,1.2006348082259700e+01,7.3374131947602610e+00,0.0000000000000000e+00,1.3895574189994965e+01,9.9913265951410786e+00,6.5707051286665807e+00,9.9913265951410786e+00,7.3374131947602610e+00,2.6698989917436551e+00,2.6698989917436551e+00,9.9913265951410786e+00,0.0000000000000000e+00,1.2006348082259700e+01,7.3374131947602610e+00,9.9913265951410786e+00,1.9907996327127195e+00,1.2006348082259700e+01,1.9907996327127195e+00,8.1619063828109244e+00,7.3374131947602610e+00,3.6929798902894708e+00,9.9913265951410786e+00,9.9913265951410786e+00,1.3895574189994965e+01,1.3895574189994965e+01,8.1619063828109244e+00,1.9907996327127195e+00,7.3374131947602610e+00,1.3895574189994965e+01,1.2065892314614342e+01,3.6929798902894708e+00,8.1619063828109244e+00,1.3895574189994965e+01,0.0000000000000000e+00,1.3895574189994965e+01,7.3374131947602610e+00,1.3895574189994965e+01,1.3895574189994965e+01,3.6929798902894708e+00,6.5707051286665807e+00,9.0762797751469226e-01,3.6929798902894708e+00,7.3374131947602610e+00,1.1959644461489200e+01,7.3374131947602610e+00,4.4374119601534332e+00,1.1959644461489200e+01,1.2065892314614342e+01,1.2065892314614342e+01,6.5707051286665807e+00,1.1959644461489200e+01,1.2065892314614342e+01,1.9907996327127195e+00,1.2006348082259700e+01,1.1959644461489200e+01,6.5707051286665807e+00,9.9913265951410786e+00,8.1619063828109244e+00,7.3374131947602610e+00,1.1959644461489200e+01,1.9907996327127195e+00,6.5707051286665807e+00,8.7675067259545241e+00,4.4374119601534332e+00,8.7675067259545241e+00,8.1619063828109244e+00
3.4970509238520280e+00,5.5700670604636358e+00,6.5400136444146426e+00,2.7345182814234987e+00,6.5400136444146426e+00,5.5700670604636358e+00,6.5400136444146426e+00,1.7844892971137920e+00,1.7844892971137920e+00,1.7844892971137920e+00,2.7345182814234987e+00,3.4970509238520280e+00,3.4970509238520280e+00,6.5400136444146426e+00,3.4970509238520280e+00,3.4970509238520280e+00,1.7844892971137920e+00,6.5400136444146426e+00,1.7844892971137920e+00,8.6496462050757383e-01,3.4970509238520280e+00,3.4970509238520280e+00,3.4970509238520280e+00,4.2870333563937573e+00,1.0527934252947066e+01,8.3506565870553100e+00,6.5400136444146426e+00,2.7345182814234987e+00,3.4970509238520280e+00,8.3506565870553100e+00,8.3506565870553100e+00,8.3506565870553100e+00,5.5700670604636358e+00,1.3025944562518314e+01,1.3025944562518314e+01,5.5700670604636358e+00,2.7345182814234987e+00,1.0379771481513528e+01,5.5700670604636358e+00,8.6496462050757383e-01,1.0379771481513528e+01,8.3506565870553100e+00,1.0379771481513528e+01,1.2898273863324034e+01,1.2898273863324034e+01,1.0379771481513528e+01,6.5400136444146426e+00,1.2898273863324034e+01,1.3025944562518314e+01,8.3506565870553100e+00,1.3025944562518314e+01,1.2898273863324034e+01,2.7345182814234987e+00,1.2898273863324034e+01,6.5400136444146426e+00,6.5400136444146426e+00,3.4970509238520280e+00,1.2898273863324034e+01,2.7345182814234987e+00,1.2898273863324034e+01,1.0379771481513528e+01,1.3025944562518314e+01,1.3025944562518314e+01,9.7997021395034274e+00,1.2898273863324034e+01,2.7345182814234987e+00,1.3025944562518314e+01,1.3025944562518314e+01,1.2898273863324034e+01,9.7997021395034274e+00,1.3025944562518314e+01,8.6496462050757383e-01,1.3025944562518314e+01,9.7997021395034274e+00,1.0379771481513528e+01,9.7997021395034274e+00,1.0527934252947066e+01,1.2898273863324034e+01,1.0527934252947066e+01,1.0527934252947066e+01,8.3506565870553100e+00,6.5400136444146426e+00,1.3547103243576773e+01,1.3547103243576773e+01,9.7997021395034274e+00,1.7844892971137920e+00,0.0000000000000000e+00,9.7997021395034274e+00,1.3547103243576773e+01,1.2898273863324034e+01,1.2898273863324034e+01,9.7997021395034274e+00,9.7997021395034274e+00,6.5400136444146426e+00,8.3506565870553100e+00,1.0379771481513528e+01,1.0379771481513528e+01,6.5400136444146426e+00,1.0527934252947066e+01,8.3506565870553100e+00,4.2870333563937573e+00,1.3547103243576773e+01,9.7997021395034274e+00,3.4970509238520280e+00,1.3547103243576773e+01,8.3506565870553100e+00,7.5997309211475219e+00,3.4970509238520280e+00,0.0000000000000000e+00,1.3025944562518314e+01,1.3025944562518314e+01,9.7997021395034274e+00,9.7997021395034274e+00,1.0379771481513528e+01,1.3025944562518314e+01,2.7345182814234987e+00,3.4970509238520280e+00,1.3025944562518314e+01,1.0527934252947066e+01,1.3025944562518314e+01,2.7345182814234987e+00,2.7345182814234987e+00,9.7997021395034274e+00,1.2898273863324034e+01,1.2898273863324034e+01,1.3025944562518314e+01,1.2898273863324034e+01,8.3506565870553100e+00,1.3025944562518314e+01,9.7997021395034274e+00,9.7997021395034274e+00,1.2898273863324034e+01,1.3547103243576773e+01,1.3547103243576773e+01,1.3547103243576773e+01,1.3547103243576773e+01,7.5997309211475219e+00,4.2870333563937573e+00,1.0379771481513528e+01,1.7844892971137920e+00,7.5997309211475219e+00,1.7844892971137920e+00,1.0379771481513528e+01,1.0379771481513528e+01,4.2870333563937573e+00,6.5400136444146426e+00,1.3547103243576773e+01,1.0379771481513528e+01,1.3025944562518314e+01,1.3547103243576773e+01,3.4970509238520280e+00,1.3547103243576773e+01,1.0379771481513528e+01,3.4970509238520280e+00,1.3025944562518314e+01,4.2870333563937573e+00,1.2898273863324034e+01,2.7345182814234987e+00,8.3506565870553100e+00,1.3547103243576773e+01,2.7345182814234987e+00,1.3025944562518314e+01,3.4970509238520280e+00,2.7345182814234987e+00,2.7345182814234987e+00,1.0379771481513528e+01,2.7345182814234987e+00,1.0379771481513528e+01,1.0379771481513528e+01,8.3506565870553100e+00,1.0379771481513528e+01,0.0000000000000000e+00,1.2898273863324034e+01,6.5400136444146426e+00,1.3025944562518314e+01,1.2898273863324034e+01,1.0379771481513528e+01,1.2898273863324034e+01,1.2898273863324034e+01,1.0527934252947066e+01,1.0379771481513528e+01,1.0527934252947066e+01,3.4970509238520280e+00,3.4970509238520280e+00,1.3025944562518314e+01,7.5997309211475219e+00,1.3025944562518314e+01,7.5997309211475219e+00,1.2898273863324034e+01,1.3025944562518314e+01,1.3547103243576773e+01,1.3025944562518314e+01,1.3025944562518314e+01,1.2898273863324034e+01,1.2898273863324034e+01,1.2898273863324034e+01,7.5997309211475219e+00,1.3025944562518314e+01,1.3025944562518314e+01,1.0379771481513528e+01,7.5997309211475219e+00,1.0379771481513528e+01,1.3547103243576773e+01,1.7844892971137920e+00,1.2898273863324034e+01,9.7997021395034274e+00,9.7997021395034274e+00,1.3025944562518314e+01,1.3025944562518314e+01,1.2898273863324034e+01,1.0379771481513528e+01,1.3025944562518314e+01,1.0527934252947066e+01,1.3025944562518314e+01,1.3025944562518314e+01,1.3025944562518314e+01,1.0379771481513528e+01,1.2898273863324034e+01,0.0000000000000000e+00,1.3025944562518314e+01,1.0379771481513528e+01,3.4970509238520280e+00,1.0527934252947066e+01,1.3025944562518314e+01,4.2870333563937573e+00,2.7345182814234987e+00,1.3025944562518314e+01,3.4970509238520280e+00,1.3025944562518314e+01,1.3547103243576773e+01,1.3547103243576773e+01,1.3547103243576773e+01,1.2898273863324034e+01,1.2898273863324034e+01,1.3025944562518314e+01,1.3025944562518314e+01,1.0379771481513528e+01,8.3506565870553100e+00,1.2898273863324034e+01,7.5997309211475219e+00,7.5997309211475219e+00,1.3547103243576773e+01,1.3025944562518314e+01,7.5997309211475219e+00,6.5400136444146426e+00,1.0379771481513528e+01,6.5400136444146426e+00,1.3025944562518314e+01,7.5997309211475219e+00,7.5997309211475219e+00,4.2870333563937573e+00,1.2898273863324034e+01,1.3547103243576773e+01,7.5997309211475219e+00,6.5400136444146426e+00,4.2870333563937573e+00,2.7345182814234987e+00,1.0379771481513528e+01,6.5400136444146426e+00,1.7844892971137920e+00,1.2898273863324034e+01,1.0379771481513528e+01,2.7345182814234987e+00,9.7997021395034274e+00,8.3506565870553100e+00,8.3506565870553100e+00,8.3506565870553100e+00,1.3025944562518314e+01,1.3547103243576773e+01,6.5400136444146426e+00,8.3506565870553100e+00,3.4970509238520280e+00,3.4970509238520280e+00,1.3547103243576773e+01,1.2898273863324034e+01,1.3547103243576773e+01,1.2898273863324034e+01,1.7844892971137920e+00,1.2898273863324034e+01,1.2898273863324034e+01,1.2898273863324034e+01,0.0000000000000000e+00,1.3547103243576773e+01,1.3025944562518314e+01,8.3506565870553100e+00,1.3547103243576773e+01,1.3547103243576773e+01,1.3025944562518314e+01,1.3025944562518314e+01,1.2898273863324034e+01,1.2898273863324034e+01,1.2898273863324034e+01,1.3025944562518314e+01,1.0379771481513528e+01,1.0379771481513528e+01,1.0379771481513528e+01,1.2898273863324034e+01,1.3025944562518314e+01,4.2870333563937573e+00,1.3025944562518314e+01,1.7844892971137920e+00,1.3025944562518314e+01,8.6496462050757383e-01,5.5700670604636358e+00,1.3025944562518314e+01,1.3025944562518314e+01,1.3025944562518314e+01,6.5400136444146426e+00,1.3547103243576773e+01,5.5700670604636358e+00,1.3025944562518314e+01,1.3025944562518314e+01,1.0379771481513528e+01,2.7345182814234987e+00,1.3547103243576773e+01,9.7997021395034274e+00,1.3547103243576773e+01,1.3025944562518314e+01,1.0379771481513528e+01,7.5997309211475219e+00,0.0000000000000000e+00,1.3025944562518314e+01,1.3547103243576773e+01,1.7844892971137920e+00,1.3025944562518314e+01,1.3547103243576773e+01,9.7997021395034274e+00,9.7997021395034274e+00,5.5700670604636358e+00,8.3506565870553100e+00,4.2870333563937573e+00,1.3547103243576773e+01,1.3025944562518314e+01,1.3547103243576773e+01,6.5400136444146426e+00,1.3547103243576773e+01,1.3547103243576773e+01,7.5997309211475219e+00,5.5700670604636358e+00,2.7345182814234987e+00,2.7345182814234987e+00,1.0379771481513528e+01,9.7997021395034274e+00,6.5400136444146426e+00,3.4970509238520280e+00,5.5700670604636358e+00,0.0000000000000000e+00,2.7345182814234987e+00,1.3547103243576773e+01,3.4970509238520280e+00,6.5400136444146426e+00,6.5400136444146426e+00,6.5400136444146426e+00,1.7844892971137920e+00,6.5400136444146426e+00,6.5400136444146426e+00,4.2870333563937573e+00,6.5400136444146426e+00,4.2870333563937573e+00,6.5400136444146426e+00,0.0000000000000000e+00,5.5700670604636358e+00,1.3025944562518314e+01,1.3025944562518314e+01,5.5700670604636358e+00,1.3025944562518314e+01,7.5997309211475219e+00,1.0527934252947066e+01,2.7345182814234987e+00,1.3025944562518314e+01,1.3025944562518314e+01,9.7997021395034274e+00,9.7997021395034274e+00,6.5400136444146426e+00,1.3025944562518314e+01,1.3025944562518314e+01,6.5400136444146426e+00,1.2898273863324034e+01,1.2898273863324034e+01,1.2898273863324034e+01,8.6496462050757383e-01,1.3025944562518314e+01,9.7997021395034274e+00,1.3025944562518314e+01,1.0527934252947066e+01,7.5997309211475219e+00,7.5997309211475219e+00,1.7844892971137920e+00,1.7844892971137920e+00,1.2898273863324034e+01,2.7345182814234987e+00,7.5997309211475219e+00,6.5400136444146426e+00,1.0527934252947066e+01,1.2898273863324034e+01,1.0527934252947066e+01,1.0527934252947066e+01,8.6496462050757383e-01,1.2898273863324034e+01,5.5700670604636358e+00,9.7997021395034274e+00,1.0379771481513528e+01,1.3547103243576773e+01,5.5700670604636358e+00,5.5700670604636358e+00,1.0379771481513528e+01,6.5400136444146426e+00,1.0527934252947066e+01,6.5400136444146426e+00,9.7997021395034274e+00,1.3547103243576773e+01,2.7345182814234987e+00,9.7997021395034274e+00,1.2898273863324034e+01,0.0000000000000000e+00,1.3025944562518314e+01,1.3025944562518314e+01,1.0379771481513528e+01,1.0527934252947066e+01,3.4970509238520280e+00,8.3506565870553100e+00,7.5997309211475219e+00,1.2898273863324034e+01,1.3547103243576773e+01,1.0527934252947066e+01,1.2898273863324034e+01,3.4970509238520280e+00,1.2898273863324034e+01,1.3025944562518314e+01,8.6496462050757383e-01,2.7345182814234987e+00,1.3547103243576773e+01,1.0527934252947066e+01,1.3025944562518314e+01,1.3547103243576773e+01,0.0000000000000000e+00,1.3025944562518314e+01,1.3025944562518314e+01,9.7997021395034274e+00,1.3547103243576773e+01,1.3025944562518314e+01,2.7345182814234987e+00,7.5997309211475219e+00,7.5997309211475219e+00,1.3547103243576773e+01,7.5997309211475219e+00,7.5997309211475219e+00,5.5700670604636358e+00,5.5700670604636358e+00,7.5997309211475219e+00,2.7345182814234987e+00,6.5400136444146426e+00,1.0527934252947066e+01,1.0527934252947066e+01,7.5997309211475219e+00,0.0000000000000000e+00,7.5997309211475219e+00,2.7345182814234987e+00,6.5400136444146426e+00,7.5997309211475219e+00,1.0379771481513528e+01,0.0000000000000000e+00,6.5400136444146426e+00,2.7345182814234987e+00,0.0000000000000000e+00,6.5400136444146426e+00,1.3025944562518314e+01,1.3547103243576773e+01,7.5997309211475219e+00,4.2870333563937573e+00,1.3547103243576773e+01,1.3025944562518314e+01,1.2898273863324034e+01,0.0000000000000000e+00,1.0379771481513528e+01,1.3025944562518314e+01,1.3547103243576773e+01,8.6496462050757383e-01,6.5400136444146426e+00,1.3025944562518314e+01,1.3025944562518314e+01,0.0000000000000000e+00,1.3025944562518314e+01,1.3025944562518314e+01,1.0379771481513528e+01,8.3506565870553100e+00,1.0527934252947066e+01,1.0527934252947066e+01,1.0527934252947066e+01,1.0527934252947066e+01,1.0527934252947066e+01,6.5400136444146426e+00,1.0527934252947066e+01,1.3025944562518314e+01,3.4970509238520280e+00,1.3025944562518314e+01,8.6496462050757383e-01,9.7997021395034274e+00,8.3506565870553100e+00,5.5700670604636358e+00,1.0527934252947066e+01,1.3025944562518314e+01,1.2898273863324034e+01,1.7844892971137920e+00,1.0527934252947066e+01,7.5997309211475219e+00,7.5997309211475219e+00,3.4970509238520280e+00,1.0527934252947066e+01,5.5700670604636358e+00,2.7345182814234987e+00,2.7345182814234987e+00,4.2870333563937573e+00,0.0000000000000000e+00,5.5700670604636358e+00,1.3025944562518314e+01,1.2898273863324034e+01,4.2870333563937573e+00,5.5700670604636358e+00,1.3025944562518314e+01,1.7844892971137920e+00,1.3025944562518314e+01,3.4970509238520280e+00,1.3025944562518314e+01,2.7345182814234987e+00,3.4970509238520280e+00,2.7345182814234987e+00,1.3547103243576773e+01,1.3547103243576773e+01,9.7997021395034274e+00,9.7997021395034274e+00,0.0000000000000000e+00,1.3025944562518314e+01,1.0527934252947066e+01,1.3547103243576773e+01,7.5997309211475219e+00,1.0379771481513528e+01,0.0000000000000000e+00,5.5700670604636358e+00,1.2898273863324034e+01,2.7345182814234987e+00,5.5700670604636358e+00,1.0527934252947066e+01,1.0379771481513528e+01,1.7844892971137920e+00,1.3025944562518314e+01,6.5400136444146426e+00,2.7345182814234987e+00,1.3547103243576773e+01,0.0000000000000000e+00,0.0000000000000000e+00,1.7844892971137920e+00,6.5400136444146426e+00,1.3025944562518314e+01,8.6496462050757383e-01,4.2870333563937573e+00,1.7844892971137920e+00,4.2870333563937573e+00,1.2898273863324034e+01,1.3547103243576773e+01,1.3547103243576773e+01,3.4970509238520280e+00,1.2898273863324034e+01,1.3547103243576773e+01,9.7997021395034274e+00,1.7844892971137920e+00,9.7997021395034274e+00,1.0527934252947066e+01,8.3506565870553100e+00,8.3506565870553100e+00,7.5997309211475219e+00,1.0527934252947066e+01,1.0527934252947066e+01,1.0527934252947066e+01,1.0527934252947066e+01,1.3025944562518314e+01,1.3025944562518314e+01,1.0527934252947066e+01,9.7997021395034274e+00,1.3547103243576773e+01,5.5700670604636358e+00,1.2898273863324034e+01,6.5400136444146426e+00,4.2870333563937573e+00,1.0527934252947066e+01,1.2898273863324034e+01,1.3025944562518314e+01,4.2870333563937573e+00,1.3025944562518314e+01,7.5997309211475219e+00,1.7844892971137920e+00,1.0527934252947066e+01,3.4970509238520280e+00,1.3547103243576773e+01,5.5700670604636358e+00,5.5700670604636358e+00,8.3506565870553100e+00,1.3547103243576773e+01,1.2898273863324034e+01,1.0527934252947066e+01,9.7997021395034274e+00,5.5700670604636358e+00,5.5700670604636358e+00,5.5700670604636358e+00,1.0379771481513528e+01,8.6496462050757383e-01,5.5700670604636358e+00,2.7345182814234987e+00,3.4970509238520280e+00,1.3025944562518314e+01,8.6496462050757383e-01,1.0527934252947066e+01,1.0527934252947066e+01,1.0527934252947066e+01,1.2898273863324034e+01,1.2898273863324034e+01,1.3547103243576773e+01,1.3025944562518314e+01,7.5997309211475219e+00,3.4970509238520280e+00,1.3025944562518314e+01,7.5997309211475219e+00,1.2898273863324034e+01,5.5700670604636358e+00,1.3025944562518314e+01,1.2898273863324034e+01,1.0527934252947066e+01,5.5700670604636358e+00,1.2898273863324034e+01,1.0527934252947066e+01,9.7997021395034274e+00,1.3547103243576773e+01,1.3025944562518314e+01,9.7997021395034274e+00,1.3025944562518314e+01,8.6496462050757383e-01,7.5997309211475219e+00,1.3025944562518314e+01,6.5400136444146426e+00,1.0527934252947066e+01,1.2898273863324034e+01,6.5400136444146426e+00,1.2898273863324034e+01,6.5400136444146426e+00,1.0527934252947066e+01,5.5700670604636358e+00,8.6496462050757383e-01,5.5700670604636358e+00,2.7345182814234987e+00,1.7844892971137920e+00,1.7844892971137920e+00,1.7844892971137920e+00,9.7997021395034274e+00,1.3025944562518314e+01,1.2898273863324034e+01,1.3025944562518314e+01,1.3547103243576773e+01,9.7997021395034274e+00,1.3547103243576773e+01,5.5700670604636358e+00,1.0527934252947066e+01,9.7997021395034274e+00,1.0379771481513528e+01,1.0379771481513528e+01,1.0527934252947066e+01,5.5700670604636358e+00,1.3025944562518314e+01,1.0379771481513528e+01,6.5400136444146426e+00,0.0000000000000000e+00,8.6496462050757383e-01,1.3025944562518314e+01,1.3547103243576773e+01,5.5700670604636358e+00,1.2898273863324034e+01,7.5997309211475219e+00,4.2870333563937573e+00,1.3025944562518314e+01,1.0527934252947066e+01,1.0527934252947066e+01,1.7844892971137920e+00,8.6496462050757383e-01,1.3547103243576773e+01,9.7997021395034274e+00,1.7844892971137920e+00,1.0527934252947066e+01,1.0527934252947066e+01,5.5700670604636358e+00,1.0379771481513528e+01,1.3547103243576773e+01,5.5700670604636358e+00,8.6496462050757383e-01,5.5700670604636358e+00,1.0527934252947066e+01,2.7345182814234987e+00,4.2870333563937573e+00,4.2870333563937573e+00,7.5997309211475219e+00,1.0527934252947066e+01,2.7345182814234987e+00,1.3025944562518314e+01,1.2898273863324034e+01,1.2898273863324034e+01,1.3547103243576773e+01,3.4970509238520280e+00,9.7997021395034274e+00,9.7997021395034274e+00,4.2870333563937573e+00,9.7997021395034274e+00,1.0379771481513528e+01,5.5700670604636358e+00,9.7997021395034274e+00,9.7997021395034274e+00,1.2898273863324034e+01,7.5997309211475219e+00,3.4970509238520280e+00,1.2898273863324034e+01,1.0379771481513528e+01,1.2898273863324034e+01,8.3506565870553100e+00,1.3025944562518314e+01,1.0379771481513528e+01,5.5700670604636358e+00,7.5997309211475219e+00,1.0527934252947066e+01,1.0527934252947066e+01,1.3547103243576773e+01,1.0527934252947066e+01,0.0000000000000000e+00,7.5997309211475219e+00,7.5997309211475219e+00,1.0527934252947066e+01,1.7844892971137920e+00,9.7997021395034274e+00,7.5997309211475219e+00,9.7997021395034274e+00,1.3547103243576773e+01,1.2898273863324034e+01,5.5700670604636358e+00,9.7997021395034274e+00,6.5400136444146426e+00,1.0379771481513528e+01,1.2898273863324034e+01,0.0000000000000000e+00,7.5997309211475219e+00,7.5997309211475219e+00,8.3506565870553100e+00,5.5700670604636358e+00,5.5700670604636358e+00,9.7997021395034274e+00,1.7844892971137920e+00,9.7997021395034274e+00,1.7844892971137920e+00,6.5400136444146426e+00,6.5400136444146426e+00,9.7997021395034274e+00,9.7997021395034274e+00,1.0527934252947066e+01,9.7997021395034274e+00,1.3547103243576773e+01,9.7997021395034274e+00,1.3547103243576773e+01,6.5400136444146426e+00,7.5997309211475219e+00,7.5997309211475219e+00,4.2870333563937573e+00,5.5700670604636358e+00,1.0527934252947066e+01,1.0527934252947066e+01,1.2898273863324034e+01,1.3025944562518314e+01,1.3025944562518314e+01,1.0527934252947066e+01,1.3025944562518314e+01,1.3025944562518314e+01,7.5997309211475219e+00,7.5997309211475219e+00,1.0379771481513528e+01,1.2898273863324034e+01,9.7997021395034274e+00,1.3025944562518314e+01,1.3025944562518314e+01,1.3547103243576773e+01,5.5700670604636358e+00,1.3025944562518314e+01,1.0527934252947066e+01,5.5700670604636358e+00,7.5997309211475219e+00,1.7844892971137920e+00,1.3025944562518314e+01,1.3025944562518314e+01,1.3025944562518314e+01,3.4970509238520280e+00,1.2898273863324034e+01,1.7844892971137920e+00,2.7345182814234987e+00,1.3547103243576773e+01,1.3025944562518314e+01,4.2870333563937573e+00,7.5997309211475219e+00,7.5997309211475219e+00,1.2898273863324034e+01,2.7345182814234987e+00,1.2898273863324034e+01,1.3025944562518314e+01,4.2870333563937573e+00,5.5700670604636358e+00,6.5400136444146426e+00,9.7997021395034274e+00,6.5400136444146426e+00,9.7997021395034274e+00,7.5997309211475219e+00,1.2898273863324034e+01,4.2870333563937573e+00,8.3506565870553100e+00,1.7844892971137920e+00,8.3506565870553100e+00,0.0000000000000000e+00,1.7844892971137920e+00,8.3506565870553100e+00,5.5700670604636358e+00,1.3025944562518314e+01,2.7345182814234987e+00,3.4970509238520280e+00,1.0527934252947066e+01,1.3025944562518314e+01,1.2898273863324034e+01,1.3547103243576773e+01,7.5997309211475219e+00,1.3025944562518314e+01,1.2898273863324034e+01,1.2898273863324034e+01,1.0527934252947066e+01,1.2898273863324034e+01,1.2898273863324034e+01,1.3025944562518314e+01,1.0379771481513528e+01,1.3025944562518314e+01,2.7345182814234987e+00,7.5997309211475219e+00,7.5997309211475219e+00,1.0527934252947066e+01,1.0379771481513528e+01,7.5997309211475219e+00,6.5400136444146426e+00,5.5700670604636358e+00,9.7997021395034274e+00,9.7997021395034274e+00,9.7997021395034274e+00,1.0527934252947066e+01,6.5400136444146426e+00,9.7997021395034274e+00,1.0379771481513528e+01,3.4970509238520280e+00,9.7997021395034274e+00,7.5997309211475219e+00,1.2898273863324034e+01,0.0000000000000000e+00,3.4970509238520280e+00,1.3547103243576773e+01,5.5700670604636358e+00,4.2870333563937573e+00,5.5700670604636358e+00,4.2870333563937573e+00,3.4970509238520280e+00,1.7844892971137920e+00,0.0000000000000000e+00,1.2898273863324034e+01,7.5997309211475219e+00,3.4970509238520280e+00,1.0527934252947066e+01,1.0527934252947066e+01,9.7997021395034274e+00,1.0527934252947066e+01,9.7997021395034274e+00,1.0379771481513528e+01,2.7345182814234987e+00,9.7997021395034274e+00,1.0527934252947066e+01,9.7997021395034274e+00,9.7997021395034274e+00,8.3506565870553100e+00,8.3506565870553100e+00,5.5700670604636358e+00,1.3025944562518314e+01,1.0527934252947066e+01,7.5997309211475219e+00,1.0379771481513528e+01,2.7345182814234987e+00,1.3547103243576773e+01,8.3506565870553100e+00,8.3506565870553100e+00,5.5700670604636358e+00,8.3506565870553100e+00,9.7997021395034274e+00,4.2870333563937573e+00,4.2870333563937573e+00,1.0527934252947066e+01,8.3506565870553100e+00,1.7844892971137920e+00,3.4970509238520280e+00,5.5700670604636358e+00,1.3547103243576773e+01,1.0379771481513528e+01,3.4970509238520280e+00,2.7345182814234987e+00,1.7844892971137920e+00,1.3025944562518314e+01,1.7844892971137920e+00,8.3506565870553100e+00,1.3547103243576773e+01,1.0379771481513528e+01,1.2898273863324034e+01,9.7997021395034274e+00,0.0000000000000000e+00,1.2898273863324034e+01,7.5997309211475219e+00,1.2898273863324034e+01,1.3547103243576773e+01,1.3025944562518314e+01,1.3547103243576773e+01,1.0379771481513528e+01,1.3025944562518314e+01,5.5700670604636358e+00,9.7997021395034274e+00,1.3547103243576773e+01,1.3547103243576773e+01,5.5700670604636358e+00,2.7345182814234987e+00,6.5400136444146426e+00,1.2898273863324034e+01,9.7997021395034274e+00,0.0000000000000000e+00,1.3547103243576773e+01,1.3547103243576773e+01,1.3547103243576773e+01,1.3025944562518314e+01,1.3547103243576773e+01,3.4970509238520280e+00,1.3547103243576773e+01,1.2898273863324034e+01,1.3025944562518314e+01,1.0527934252947066e+01,2.7345182814234987e+00,7.5997309211475219e+00,7.5997309211475219e+00,1.3547103243576773e+01,1.0527934252947066e+01,8.6496462050757383e-01,0.0000000000000000e+00,8.3506565870553100e+00,1.2898273863324034e+01,1.0379771481513528e+01,1.3025944562518314e+01,1.0379771481513528e+01,1.3025944562518314e+01,6.5400136444146426e+00,6.5400136444146426e+00,1.2898273863324034e+01,1.3025944562518314e+01,5.5700670604636358e+00,1.2898273863324034e+01,5.5700670604636358e+00,1.3547103243576773e+01,9.7997021395034274e+00,1.3547103243576773e+01,1.3025944562518314e+01,1.3025944562518314e+01,1.2898273863324034e+01,1.2898273863324034e+01,1.3547103243576773e+01,1.3547103243576773e+01,1.3547103243576773e+01,1.2898273863324034e+01,1.2898273863324034e+01,1.0379771481513528e+01,7.5997309211475219e+00,7.5997309211475219e+00,5.5700670604636358e+00,1.2898273863324034e+01,1.3547103243576773e+01,1.0379771481513528e+01,1.3547103243576773e+01,2.7345182814234987e+00,2.7345182814234987e+00,0.0000000000000000e+00,1.2898273863324034e+01,1.0527934252947066e+01,4.2870333563937573e+00,6.5400136444146426e+00,8.3506565870553100e+00,1.0379771481513528e+01,1.0379771481513528e+01,4.2870333563937573e+00,9.7997021395034274e+00,5.5700670604636358e+00,2.7345182814234987e+00,1.2898273863324034e+01,1.2898273863324034e+01,3.4970509238520280e+00
9.2720939480546771e-01,5.7262742021749435e+00,6.0088264606500630e+00,0.0000000000000000e+00,1.7525302243672087e+00,7.2317647480979659e+00,2.7813832585461959e+00,1.4277111947834701e+01,3.5640564051906045e+00,8.2736107865662163e+00,4.4431747245028674e+00,4.4431747245028674e+00,1.1215029511982632e+01,1.1215029511982632e+01,3.5640564051906045e+00,1.3813604781876899e+01,1.3813604781876899e+01,1.1215029511982632e+01,3.5640564051906045e+00,1.3813604781876899e+01,3.5640564051906045e+00,1.3813604781876899e+01,1.1215029511982632e+01,1.1215029511982632e+01,3.5640564051906045e+00,6.0088264606500630e+00,1.0429295859608326e+01,8.2736107865662163e+00,1.1215029511982632e+01,1.3813604781876899e+01,1.1215029511982632e+01,3.5640564051906045e+00,2.7813832585461959e+00,1.1215029511982632e+01,4.4431747245028674e+00,1.3813604781876899e+01,7.2317647480979659e+00,2.7813832585461959e+00,1.4277111947834701e+01,7.2317647480979659e+00,8.9436741439465717e+00,1.4277111947834701e+01,2.7813832585461959e+00,8.2736107865662163e+00,1.4277111947834701e+01,1.3813604781876899e+01,4.4431747245028674e+00,6.0088264606500630e+00,1.4277111947834701e+01,1.4277111947834701e+01,1.4277111947834701e+01,2.7813832585461959e+00,5.7262742021749435e+00,7.2317647480979659e+00,1.4277111947834701e+01,5.7262742021749435e+00,4.4431747245028674e+00,5.7262742021749435e+00,1.7525302243672087e+00,4.4431747245028674e+00,4.4431747245028674e+00,1.3813604781876899e+01,1.3813604781876899e+01,1.3813604781876899e+01,7.2317647480979659e+00,4.4431747245028674e+00,1.3813604781876899e+01,4.4431747245028674e+00,1.7525302243672087e+00,1.4277111947834701e+01,1.7525302243672087e+00,1.4277111947834701e+01,1.4277111947834701e+01,9.2720939480546771e-01,1.1215029511982632e+01,1.1215029511982632e+01,1.3813604781876899e+01,1.1215029511982632e+01,1.1215029511982632e+01,9.2720939480546771e-01,4.4431747245028674e+00,1.7525302243672087e+00,7.2317647480979659e+00,7.2317647480979659e+00,0.0000000000000000e+00,1.7525302243672087e+00,1.7525302243672087e+00,1.4277111947834701e+01,8.9436741439465717e+00,9.2720939480546771e-01,6.0088264606500630e+00,1.4277111947834701e+01,9.2720939480546771e-01,1.4277111947834701e+01,2.7813832585461959e+00,1.4277111947834701e+01,9.2720939480546771e-01,4.4431747245028674e+00,1.4277111947834701e+01,2.7813832585461959e+00,1.4277111947834701e+01,1.4277111947834701e+01,1.0995958298308642e+01,3.5640564051906045e+00,1.4277111947834701e+01,1.0429295859608326e+01,1.0429295859608326e+01,5.7262742021749435e+00,9.2720939480546771e-01,1.3813604781876899e+01,1.3813604781876899e+01,1.0995958298308642e+01,1.0429295859608326e+01,1.3813604781876899e+01,1.3813604781876899e+01,1.3813604781876899e+01,1.4277111947834701e+01,1.4277111947834701e+01,1.4277111947834701e+01,0.0000000000000000e+00,1.0429295859608326e+01,1.4277111947834701e+01,1.3813604781876899e+01,1.0429295859608326e+01,1.3813604781876899e+01,1.1215029511982632e+01,8.2736107865662163e+00,7.2317647480979659e+00,1.0429295859608326e+01,0.0000000000000000e+00,1.4277111947834701e+01,1.0429295859608326e+01,1.0429295859608326e+01,1.4277111947834701e+01,1.4277111947834701e+01,1.3813604781876899e+01,1.1215029511982632e+01,4.4431747245028674e+00,1.3813604781876899e+01,8.9436741439465717e+00,1.4277111947834701e+01,1.3813604781876899e+01,6.0088264606500630e+00,1.0429295859608326e+01,1.3813604781876899e+01,1.3813604781876899e+01,2.7813832585461959e+00,2.7813832585461959e+00,3.5640564051906045e+00,1.3813604781876899e+01,6.0088264606500630e+00,6.0088264606500630e+00,6.0088264606500630e+00,0.0000000000000000e+00,1.0429295859608326e+01,0.0000000000000000e+00,1.4277111947834701e+01,1.0429295859608326e+01,1.4277111947834701e+01,1.3813604781876899e+01,1.4277111947834701e+01,1.7525302243672087e+00,1.1215029511982632e+01,6.0088264606500630e+00,9.2720939480546771e-01,1.0429295859608326e+01,1.4277111947834701e+01,1.0429295859608326e+01,1.3813604781876899e+01,7.2317647480979659e+00,1.4277111947834701e+01,1.4277111947834701e+01,6.0088264606500630e+00,2.7813832585461959e+00,4.4431747245028674e+00,1.3813604781876899e+01,1.4277111947834701e+01,1.0429295859608326e+01,1.1215029511982632e+01,1.3813604781876899e+01,7.2317647480979659e+00,1.0995958298308642e+01,1.0429295859608326e+01,1.1215029511982632e+01,1.0429295859608326e+01,1.0995958298308642e+01,1.0429295859608326e+01,1.3813604781876899e+01,3.5640564051906045e+00,1.4277111947834701e+01,3.5640564051906045e+00,1.4277111947834701e+01,1.4277111947834701e+01,8.2736107865662163e+00,1.3813604781876899e+01,1.7525302243672087e+00,1.3813604781876899e+01,1.0995958298308642e+01,5.7262742021749435e+00,1.7525302243672087e+00,1.7525302243672087e+00,8.2736107865662163e+00,3.5640564051906045e+00,1.4277111947834701e+01,1.3813604781876899e+01,1.3813604781876899e+01,1.3813604781876899e+01,4.4431747245028674e+00,1.4277111947834701e+01,1.3813604781876899e+01,1.1215029511982632e+01,1.4277111947834701e+01,1.4277111947834701e+01,0.0000000000000000e+00,1.4277111947834701e+01,4.4431747245028674e+00,1.0429295859608326e+01,1.0429295859608326e+01,4.4431747245028674e+00,1.0995958298308642e+01,1.0995958298308642e+01,1.4277111947834701e+01,1.0995958298308642e+01,2.7813832585461959e+00,1.4277111947834701e+01,1.0429295859608326e+01,6.0088264606500630e+00,1.7525302243672087e+00,5.7262742021749435e+00,1.0995958298308642e+01,8.9436741439465717e+00,3.5640564051906045e+00,4.4431747245028674e+00,1.7525302243672087e+00,2.7813832585461959e+00,2.7813832585461959e+00,1.3813604781876899e+01,8.9436741439465717e+00,3.5640564051906045e+00,1.0429295859608326e+01,1.4277111947834701e+01,1.3813604781876899e+01,8.9436741439465717e+00,1.0429295859608326e+01,1.4277111947834701e+01,1.4277111947834701e+01,2.7813832585461959e+00,1.4277111947834701e+01,2.7813832585461959e+00,9.2720939480546771e-01,1.4277111947834701e+01,4.4431747245028674e+00,1.3813604781876899e+01,1.4277111947834701e+01,1.3813604781876899e+01,1.4277111947834701e+01,1.4277111947834701e+01,1.4277111947834701e+01,1.4277111947834701e+01,9.2720939480546771e-01,1.3813604781876899e+01,1.0995958298308642e+01,1.3813604781876899e+01,1.3813604781876899e+01,1.0429295859608326e+01,1.3813604781876899e+01,1.3813604781876899e+01,1.3813604781876899e+01,1.4277111947834701e+01,1.4277111947834701e+01,1.1215029511982632e+01,0.0000000000000000e+00,1.4277111947834701e+01,1.3813604781876899e+01,1.4277111947834701e+01,8.2736107865662163e+00,0.0000000000000000e+00,1.7525302243672087e+00,1.0995958298308642e+01,5.7262742021749435e+00,1.3813604781876899e+01,1.4277111947834701e+01,1.1215029511982632e+01,1.1215029511982632e+01,1.3813604781876899e+01,1.4277111947834701e+01,1.3813604781876899e+01,1.1215029511982632e+01,6.0088264606500630e+00,1.4277111947834701e+01,7.2317647480979659e+00,5.7262742021749435e+00,5.7262742021749435e+00,5.7262742021749435e+00,8.9436741439465717e+00,1.4277111947834701e+01,1.4277111947834701e+01,1.4277111947834701e+01,0.0000000000000000e+00,1.4277111947834701e+01,1.0429295859608326e+01,1.4277111947834701e+01,1.4277111947834701e+01,7.2317647480979659e+00,1.0429295859608326e+01,1.1215029511982632e+01,1.3813604781876899e+01,1.3813604781876899e+01,1.1215029511982632e+01,1.4277111947834701e+01,3.5640564051906045e+00,1.4277111947834701e+01,9.2720939480546771e-01,1.4277111947834701e+01,1.7525302243672087e+00,1.4277111947834701e+01,1.4277111947834701e+01,1.0429295859608326e+01,1.0429295859608326e+01,1.0429295859608326e+01,5.7262742021749435e+00,6.0088264606500630e+00,3.5640564051906045e+00,8.2736107865662163e+00,1.0429295859608326e+01,6.0088264606500630e+00,1.4277111947834701e+01,1.4277111947834701e+01,8.2736107865662163e+00,1.4277111947834701e+01,5.7262742021749435e+00,5.7262742021749435e+00,1.3813604781876899e+01,8.2736107865662163e+00,1.3813604781876899e+01,6.0088264606500630e+00,7.2317647480979659e+00,1.4277111947834701e+01,7.2317647480979659e+00,1.3813604781876899e+01,1.4277111947834701e+01,1.0429295859608326e+01,1.0429295859608326e+01,1.0429295859608326e+01,0.0000000000000000e+00,2.7813832585461959e+00,1.3813604781876899e+01,1.0995958298308642e+01,2.7813832585461959e+00,0.0000000000000000e+00,1.1215029511982632e+01,1.1215029511982632e+01,0.0000000000000000e+00,1.4277111947834701e+01,9.2720939480546771e-01,6.0088264606500630e+00,3.5640564051906045e+00,1.1215029511982632e+01,1.0429295859608326e+01,1.0429295859608326e+01,8.2736107865662163e+00,4.4431747245028674e+00,8.2736107865662163e+00,1.0429295859608326e+01,1.0429295859608326e+01,1.7525302243672087e+00,1.4277111947834701e+01,1.1215029511982632e+01,4.4431747245028674e+00,1.0429295859608326e+01,8.2736107865662163e+00,1.0995958298308642e+01,0.0000000000000000e+00,1.1215029511982632e+01,1.3813604781876899e+01,8.2736107865662163e+00,0.0000000000000000e+00,2.7813832585461959e+00,1.7525302243672087e+00,1.3813604781876899e+01,1.3813604781876899e+01,3.5640564051906045e+00,1.4277111947834701e+01,1.3813604781876899e+01,1.0995958298308642e+01,9.2720939480546771e-01,1.4277111947834701e+01,3.5640564051906045e+00,0.0000000000000000e+00,1.4277111947834701e+01,1.0995958298308642e+01,1.1215029511982632e+01,8.2736107865662163e+00,1.1215029511982632e+01,7.2317647480979659e+00,7.2317647480979659e+00,1.1215029511982632e+01,9.2720939480546771e-01,9.2720939480546771e-01,1.4277111947834701e+01,0.0000000000000000e+00,1.1215029511982632e+01,2.7813832585461959e+00,1.4277111947834701e+01,1.4277111947834701e+01,0.0000000000000000e+00,1.4277111947834701e+01,1.0429295859608326e+01,1.4277111947834701e+01,1.4277111947834701e+01,1.7525302243672087e+00,0.0000000000000000e+00,1.7525302243672087e+00,6.0088264606500630e+00,1.4277111947834701e+01,8.2736107865662163e+00,8.2736107865662163e+00,1.4277111947834701e+01,8.2736107865662163e+00,1.4277111947834701e+01,8.9436741439465717e+00,2.7813832585461959e+00,1.0995958298308642e+01,8.9436741439465717e+00,5.7262742021749435e+00,1.4277111947834701e+01,1.4277111947834701e+01,6.0088264606500630e+00,1.4277111947834701e+01,0.0000000000000000e+00,1.4277111947834701e+01,1.4277111947834701e+01,1.7525302243672087e+00,6.0088264606500630e+00,3.5640564051906045e+00,1.0995958298308642e+01,1.4277111947834701e+01,1.0429295859608326e+01,1.4277111947834701e+01,1.0995958298308642e+01,1.0995958298308642e+01,8.9436741439465717e+00,9.2720939480546771e-01,6.0088264606500630e+00,8.2736107865662163e+00,8.9436741439465717e+00,6.0088264606500630e+00,6.0088264606500630e+00,3.5640564051906045e+00,1.3813604781876899e+01,8.9436741439465717e+00,8.9436741439465717e+00,1.4277111947834701e+01,1.3813604781876899e+01,1.3813604781876899e+01,1.0995958298308642e+01,6.0088264606500630e+00,1.4277111947834701e+01,1.4277111947834701e+01,4.4431747245028674e+00,1.4277111947834701e+01,1.4277111947834701e+01,3.5640564051906045e+00,5.7262742021749435e+00,1.0429295859608326e+01,1.7525302243672087e+00,3.5640564051906045e+00,3.5640564051906045e+00,3.5640564051906045e+00,1.1215029511982632e+01,3.5640564051906045e+00,7.2317647480979659e+00,2.7813832585461959e+00,1.4277111947834701e+01,0.0000000000000000e+00,1.4277111947834701e+01,5.7262742021749435e+00,1.1215029511982632e+01,1.4277111947834701e+01,1.0995958298308642e+01,1.0995958298308642e+01,8.2736107865662163e+00,1.4277111947834701e+01,0.0000000000000000e+00,1.4277111947834701e+01,4.4431747245028674e+00,1.4277111947834701e+01,1.4277111947834701e+01,5.7262742021749435e+00,1.4277111947834701e+01,7.2317647480979659e+00,1.7525302243672087e+00,1.4277111947834701e+01,1.1215029511982632e+01,1.4277111947834701e+01,4.4431747245028674e+00,1.0429295859608326e+01,6.0088264606500630e+00,7.2317647480979659e+00,1.3813604781876899e+01,8.2736107865662163e+00,1.1215029511982632e+01,6.0088264606500630e+00,1.4277111947834701e+01,1.7525302243672087e+00,1.4277111947834701e+01,7.2317647480979659e+00,1.4277111947834701e+01,7.2317647480979659e+00,7.2317647480979659e+00,1.4277111947834701e+01,1.4277111947834701e+01,1.4277111947834701e+01,8.9436741439465717e+00,9.2720939480546771e-01,1.1215029511982632e+01,1.4277111947834701e+01,7.2317647480979659e+00,7.2317647480979659e+00,1.0429295859608326e+01,1.4277111947834701e+01,5.7262742021749435e+00,3.5640564051906045e+00,1.4277111947834701e+01,8.2736107865662163e+00,1.0995958298308642e+01,8.9436741439465717e+00,1.7525302243672087e+00,1.0429295859608326e+01,8.2736107865662163e+00,1.3813604781876899e+01,3.5640564051906045e+00,1.4277111947834701e+01,5.7262742021749435e+00,1.1215029511982632e+01,1.0429295859608326e+01,5.7262742021749435e+00,2.7813832585461959e+00,1.0995958298308642e+01,1.0995958298308642e+01,1.0995958298308642e+01,3.5640564051906045e+00,3.5640564051906045e+00,8.2736107865662163e+00,2.7813832585461959e+00,0.0000000000000000e+00,0.0000000000000000e+00,1.4277111947834701e+01,7.2317647480979659e+00,1.4277111947834701e+01,1.0429295859608326e+01,1.4277111947834701e+01,7.2317647480979659e+00,9.2720939480546771e-01,4.4431747245028674e+00,0.0000000000000000e+00,8.2736107865662163e+00,1.1215029511982632e+01,1.4277111947834701e+01,1.0429295859608326e+01,2.7813832585461959e+00,1.4277111947834701e+01,1.0429295859608326e+01,1.3813604781876899e+01,1.3813604781876899e+01,1.4277111947834701e+01,3.5640564051906045e+00,1.0995958298308642e+01,8.9436741439465717e+00,1.4277111947834701e+01,7.2317647480979659e+00,8.9436741439465717e+00,1.7525302243672087e+00,7.2317647480979659e+00,1.0995958298308642e+01,1.4277111947834701e+01,1.0429295859608326e+01,1.0995958298308642e+01,3.5640564051906045e+00,0.0000000000000000e+00,1.4277111947834701e+01,0.0000000000000000e+00,1.0429295859608326e+01,1.0429295859608326e+01,0.0000000000000000e+00,5.7262742021749435e+00,1.0429295859608326e+01,5.7262742021749435e+00,8.2736107865662163e+00,4.4431747245028674e+00,1.0995958298308642e+01,3.5640564051906045e+00,1.4277111947834701e+01,1.0429295859608326e+01,1.4277111947834701e+01,2.7813832585461959e+00,5.7262742021749435e+00,1.4277111947834701e+01,8.9436741439465717e+00,2.7813832585461959e+00,3.5640564051906045e+00,1.4277111947834701e+01,1.4277111947834701e+01,1.1215029511982632e+01,1.0429295859608326e+01,1.4277111947834701e+01,3.5640564051906045e+00,6.0088264606500630e+00,2.7813832585461959e+00,8.2736107865662163e+00,1.0995958298308642e+01,1.0995958298308642e+01,9.2720939480546771e-01,4.4431747245028674e+00,1.4277111947834701e+01,3.5640564051906045e+00,8.9436741439465717e+00,3.5640564051906045e+00,1.4277111947834701e+01,1.0995958298308642e+01,1.0429295859608326e+01,8.9436741439465717e+00,8.9436741439465717e+00,4.4431747245028674e+00,1.0429295859608326e+01,1.4277111947834701e+01,7.2317647480979659e+00,1.4277111947834701e+01,5.7262742021749435e+00,1.4277111947834701e+01,1.3813604781876899e+01,5.7262742021749435e+00,1.4277111947834701e+01,1.0429295859608326e+01,1.3813604781876899e+01,6.0088264606500630e+00,4.4431747245028674e+00,4.4431747245028674e+00,1.7525302243672087e+00,4.4431747245028674e+00,4.4431747245028674e+00,1.3813604781876899e+01,4.4431747245028674e+00,4.4431747245028674e+00,1.4277111947834701e+01,5.7262742021749435e+00,1.3813604781876899e+01,5.7262742021749435e+00,1.3813604781876899e+01,8.2736107865662163e+00,1.1215029511982632e+01,4.4431747245028674e+00,1.0429295859608326e+01,1.1215029511982632e+01,1.1215029511982632e+01,1.1215029511982632e+01,1.0429295859608326e+01,1.0429295859608326e+01,4.4431747245028674e+00,2.7813832585461959e+00,1.0429295859608326e+01,4.4431747245028674e+00,5.7262742021749435e+00,1.0429295859608326e+01,6.0088264606500630e+00,3.5640564051906045e+00,0.0000000000000000e+00,1.4277111947834701e+01,2.7813832585461959e+00,1.1215029511982632e+01,1.4277111947834701e+01,1.7525302243672087e+00,1.4277111947834701e+01,1.4277111947834701e+01,5.7262742021749435e+00,1.7525302243672087e+00,1.4277111947834701e+01,1.4277111947834701e+01,1.4277111947834701e+01,1.1215029511982632e+01,8.9436741439465717e+00,9.2720939480546771e-01,5.7262742021749435e+00,1.1215029511982632e+01,5.7262742021749435e+00,8.2736107865662163e+00,1.4277111947834701e+01,4.4431747245028674e+00,6.0088264606500630e+00,1.4277111947834701e+01,4.4431747245028674e+00,1.0995958298308642e+01,1.1215029511982632e+01,1.0995958298308642e+01,7.2317647480979659e+00,1.4277111947834701e+01,7.2317647480979659e+00,7.2317647480979659e+00,7.2317647480979659e+00,7.2317647480979659e+00,9.2720939480546771e-01,7.2317647480979659e+00,8.9436741439465717e+00,5.7262742021749435e+00,1.7525302243672087e+00,9.2720939480546771e-01,3.5640564051906045e+00,9.2720939480546771e-01,2.7813832585461959e+00,1.3813604781876899e+01,7.2317647480979659e+00,1.4277111947834701e+01,5.7262742021749435e+00,8.9436741439465717e+00,1.0429295859608326e+01,1.0429295859608326e+01,1.4277111947834701e+01,1.4277111947834701e+01,4.4431747245028674e+00,8.9436741439465717e+00,1.4277111947834701e+01,1.3813604781876899e+01,1.4277111947834701e+01,8.9436741439465717e+00,1.4277111947834701e+01,7.2317647480979659e+00,8.9436741439465717e+00,1.1215029511982632e+01,8.9436741439465717e+00,8.9436741439465717e+00,2.7813832585461959e+00,8.9436741439465717e+00,1.0995958298308642e+01,3.5640564051906045e+00,7.2317647480979659e+00,1.4277111947834701e+01,1.4277111947834701e+01,1.0429295859608326e+01,5.7262742021749435e+00,1.0429295859608326e+01,1.0429295859608326e+01,3.5640564051906045e+00,0.0000000000000000e+00,1.0995958298308642e+01,0.0000000000000000e+00,4.4431747245028674e+00,4.4431747245028674e+00,5.7262742021749435e+00,7.2317647480979659e+00,5.7262742021749435e+00,1.1215029511982632e+01,6.0088264606500630e+00,7.2317647480979659e+00,1.7525302243672087e+00,3.5640564051906045e+00,7.2317647480979659e+00,5.7262742021749435e+00,1.0429295859608326e+01,6.0088264606500630e+00,1.3813604781876899e+01,1.0429295859608326e+01,1.7525302243672087e+00,6.0088264606500630e+00,8.9436741439465717e+00,8.2736107865662163e+00,5.7262742021749435e+00,7.2317647480979659e+00,1.0429295859608326e+01,7.2317647480979659e+00,3.5640564051906045e+00,1.7525302243672087e+00,1.0429295859608326e+01,8.2736107865662163e+00,2.7813832585461959e+00,8.9436741439465717e+00,1.0429295859608326e+01,1.0429295859608326e+01,1.3813604781876899e+01,6.0088264606500630e+00,7.2317647480979659e+00,9.2720939480546771e-01,6.0088264606500630e+00,6.0088264606500630e+00,1.0429295859608326e+01,1.0995958298308642e+01,1.4277111947834701e+01,7.2317647480979659e+00,6.0088264606500630e+00,1.0429295859608326e+01,1.0429295859608326e+01,9.2720939480546771e-01,1.3813604781876899e+01,1.0429295859608326e+01,6.0088264606500630e+00,3.5640564051906045e+00,1.0429295859608326e+01,1.4277111947834701e+01,1.0429295859608326e+01,1.1215029511982632e+01,1.0429295859608326e+01,1.4277111947834701e+01,8.2736107865662163e+00,5.7262742021749435e+00,1.4277111947834701e+01,1.4277111947834701e+01,7.2317647480979659e+00,1.4277111947834701e+01,4.4431747245028674e+00,8.2736107865662163e+00,0.0000000000000000e+00,4.4431747245028674e+00,7.2317647480979659e+00,1.0995958298308642e+01,1.7525302243672087e+00,1.4277111947834701e+01,0.0000000000000000e+00,1.1215029511982632e+01,1.4277111947834701e+01,1.4277111947834701e+01,0.0000000000000000e+00,9.2720939480546771e-01,3.5640564051906045e+00,1.0995958298308642e+01,1.4277111947834701e+01,1.4277111947834701e+01,2.7813832585461959e+00,3.5640564051906045e+00,1.0429295859608326e+01,1.4277111947834701e+01,1.0429295859608326e+01,3.5640564051906045e+00,1.0995958298308642e+01,1.4277111947834701e+01,1.3813604781876899e+01,1.1215029511982632e+01,7.2317647480979659e+00,1.3813604781876899e+01,1.4277111947834701e+01,0.0000000000000000e+00,9.2720939480546771e-01,1.1215029511982632e+01,1.4277111947834701e+01,8.2736107865662163e+00,1.4277111947834701e+01,1.4277111947834701e+01,1.4277111947834701e+01,1.4277111947834701e+01,2.7813832585461959e+00,1.1215029511982632e+01,1.0995958298308642e+01,1.0995958298308642e+01,2.7813832585461959e+00,1.0995958298308642e+01,1.0995958298308642e+01,7.2317647480979659e+00,1.4277111947834701e+01,1.4277111947834701e+01,1.3813604781876899e+01,1.4277111947834701e+01,4.4431747245028674e+00,8.9436741439465717e+00,7.2317647480979659e+00,8.2736107865662163e+00,7.2317647480979659e+00,1.4277111947834701e+01,0.0000000000000000e+00,3.5640564051906045e+00,1.4277111947834701e+01,1.4277111947834701e+01,1.0995958298308642e+01,2.7813832585461959e+00,9.2720939480546771e-01,9.2720939480546771e-01,1.3813604781876899e+01,2.7813832585461959e+00,1.7525302243672087e+00,8.9436741439465717e+00,8.9436741439465717e+00,1.4277111947834701e+01,6.0088264606500630e+00,1.4277111947834701e+01,9.2720939480546771e-01,1.4277111947834701e+01,2.7813832585461959e+00,1.0995958298308642e+01,3.5640564051906045e+00,1.1215029511982632e+01,7.2317647480979659e+00,1.4277111947834701e+01,1.1215029511982632e+01,8.9436741439465717e+00,1.4277111947834701e+01,0.0000000000000000e+00,4.4431747245028674e+00,4.4431747245028674e+00,1.1215029511982632e+01,1.1215029511982632e+01,1.7525302243672087e+00,5.7262742021749435e+00,1.0429295859608326e+01,1.4277111947834701e+01,1.0429295859608326e+01,1.0429295859608326e+01,8.2736107865662163e+00,8.2736107865662163e+00,8.9436741439465717e+00,4.4431747245028674e+00,1.0429295859608326e+01,1.7525302243672087e+00,7.2317647480979659e+00,1.7525302243672087e+00,6.0088264606500630e+00,1.1215029511982632e+01,5.7262742021749435e+00,1.4277111947834701e+01,8.9436741439465717e+00,8.9436741439465717e+00,1.0429295859608326e+01,6.0088264606500630e+00,8.9436741439465717e+00,1.4277111947834701e+01,8.9436741439465717e+00,1.0429295859608326e+01,7.2317647480979659e+00,9.2720939480546771e-01,8.9436741439465717e+00,8.9436741439465717e+00,1.4277111947834701e+01,1.3813604781876899e+01,5.7262742021749435e+00,5.7262742021749435e+00,5.7262742021749435e+00,1.0995958298308642e+01,1.3813604781876899e+01,7.2317647480979659e+00,5.7262742021749435e+00,1.0429295859608326e+01,1.1215029511982632e+01,1.1215029511982632e+01,1.1215029511982632e+01,1.0995958298308642e+01,1.1215029511982632e+01,1.1215029511982632e+01,1.1215029511982632e+01,1.1215029511982632e+01,3.5640564051906045e+00,9.2720939480546771e-01,6.0088264606500630e+00,6.0088264606500630e+00,1.0995958298308642e+01,1.4277111947834701e+01,8.9436741439465717e+00,7.2317647480979659e+00,8.9436741439465717e+00,1.4277111947834701e+01,1.3813604781876899e+01,1.0429295859608326e+01,1.0429295859608326e+01,5.7262742021749435e+00,7.2317647480979659e+00,5.7262742021749435e+00,8.9436741439465717e+00,7.2317647480979659e+00,7.2317647480979659e+00,1.0995958298308642e+01,1.0995958298308642e+01,1.4277111947834701e+01,7.2317647480979659e+00,1.4277111947834701e+01,1.4277111947834701e+01,1.4277111947834701e+01,1.0995958298308642e+01,9.2720939480546771e-01,1.4277111947834701e+01,8.2736107865662163e+00,1.0429295859608326e+01,2.7813832585461959e+00,7.2317647480979659e+00,3.5640564051906045e+00,7.2317647480979659e+00,1.4277111947834701e+01,9.2720939480546771e-01,6.0088264606500630e+00,6.0088264606500630e+00,1.1215029511982632e+01,8.2736107865662163e+00,7.2317647480979659e+00,8.2736107865662163e+00,1.0429295859608326e+01,1.3813604781876899e+01,1.3813604781876899e+01,1.3813604781876899e+01,3.5640564051906045e+00,3.5640564051906045e+00,2.7813832585461959e+00,8.9436741439465717e+00,6.0088264606500630e+00,5.7262742021749435e+00,3.5640564051906045e+00,1.1215029511982632e+01
8.4618326541668516e+00,5.2045949020532749e+00,5.2045949020532749e+00,5.2045949020532749e+00,1.1062822744955815e+01,0.0000000000000000e+00,1.1062822744955815e+01,1.1062822744955815e+01,8.4618326541668516e+00,8.4618326541668516e+00,8.4618326541668516e+00,5.2045949020532749e+00,8.4618326541668516e+00,8.4618326541668516e+00,8.4618326541668516e+00,5.2045949020532749e+00,5.2045949020532749e+00,8.4618326541668516e+00,8.4618326541668516e+00,8.4618326541668516e+00,8.4618326541668516e+00,1.0730551740770490e+01,4.8717130578004229e+00,8.4618326541668516e+00,7.3903829305867541e+00,8.9918292940825328e-01,5.2045949020532749e+00,6.5879232995255865e+00,5.2045949020532749e+00,5.2045949020532749e+00,5.2045949020532749e+00,7.3903829305867541e+00,4.8717130578004229e+00,1.1624907985624844e+01,2.7270353285258677e+00,7.3903829305867541e+00,5.2045949020532749e+00,8.4618326541668516e+00,5.2045949020532749e+00,5.2045949020532749e+00,7.4240694752251528e+00,8.4618326541668516e+00,6.5879232995255865e+00,7.4240694752251528e+00,1.2439128771847974e+01,1.2439128771847974e+01,1.2439128771847974e+01,5.2045949020532749e+00,1.0730551740770490e+01,8.4618326541668516e+00,1.0730551740770490e+01,8.4618326541668516e+00,1.2439128771847974e+01,1.2439128771847974e+01,1.0730551740770490e+01,1.0730551740770490e+01,1.1624907985624844e+01,8.4618326541668516e+00,8.4618326541668516e+00,7.4240694752251528e+00,5.2045949020532749e+00,7.4240694752251528e+00,7.4240694752251528e+00,1.2439128771847974e+01,1.9419830362805577e+00,7.3903829305867541e+00,7.3903829305867541e+00,1.1624907985624844e+01,1.0730551740770490e+01,4.8717130578004229e+00,1.2439128771847974e+01,1.2439128771847974e+01,1.2439128771847974e+01,5.2045949020532749e+00,1.1624907985624844e+01,1.1624907985624844e+01,1.1062822744955815e+01,8.4618326541668516e+00,1.1624907985624844e+01,6.5879232995255865e+00,7.4240694752251528e+00,6.5879232995255865e+00,1.1624907985624844e+01,4.8717130578004229e+00,3.6590547752008069e+00,6.5879232995255865e+00,1.0730551740770490e+01,8.4618326541668516e+00,8.4618326541668516e+00,6.5879232995255865e+00,8.4618326541668516e+00,1.1624907985624844e+01,2.7270353285258677e+00,1.0730551740770490e+01,1.0730551740770490e+01,1.0730551740770490e+01,8.4618326541668516e+00,1.9419830362805577e+00,1.1062822744955815e+01,1.9419830362805577e+00,1.9419830362805577e+00,4.8717130578004229e+00,1.1062822744955815e+01,1.1062822744955815e+01,8.9918292940825328e-01,1.1624907985624844e+01,8.9918292940825328e-01,8.4618326541668516e+00,2.7270353285258677e+00,1.0730551740770490e+01,1.1624907985624844e+01,1.2439128771847974e+01,7.4240694752251528e+00,1.2439128771847974e+01,8.9918292940825328e-01,3.6590547752008069e+00,1.1062822744955815e+01,8.4618326541668516e+00,5.2045949020532749e+00,1.3854993305683848e+01,7.3903829305867541e+00,6.5879232995255865e+00,1.3854993305683848e+01,0.0000000000000000e+00,8.4618326541668516e+00,1.9419830362805577e+00,1.1624907985624844e+01,1.1062822744955815e+01,7.3903829305867541e+00,5.2045949020532749e+00,1.1624907985624844e+01,1.3854993305683848e+01,5.2045949020532749e+00,6.5879232995255865e+00,3.6590547752008069e+00,3.6590547752008069e+00,3.6590547752008069e+00,1.1624907985624844e+01,1.3854993305683848e+01,1.1624907985624844e+01,4.8717130578004229e+00,1.9419830362805577e+00,1.1624907985624844e+01,1.1062822744955815e+01,1.1624907985624844e+01,1.1624907985624844e+01,4.8717130578004229e+00,6.5879232995255865e+00,8.4618326541668516e+00,7.4240694752251528e+00,1.0730551740770490e+01,3.6590547752008069e+00,1.1624907985624844e+01,1.1624907985624844e+01,4.8717130578004229e+00,8.4618326541668516e+00,1.1062822744955815e+01,1.1062822744955815e+01,1.1062822744955815e+01,1.1062822744955815e+01,1.1624907985624844e+01,1.1062822744955815e+01,1.1624907985624844e+01,1.0730551740770490e+01,1.1624907985624844e+01,8.4618326541668516e+00,1.1624907985624844e+01,1.1624907985624844e+01,1.1624907985624844e+01,5.2045949020532749e+00,5.2045949020532749e+00,5.2045949020532749e+00,2.7270353285258677e+00,7.3903829305867541e+00,7.3903829305867541e+00,5.2045949020532749e+00,3.6590547752008069e+00,0.0000000000000000e+00,1.3854993305683848e+01,1.3854993305683848e+01,1.3854993305683848e+01,1.3854993305683848e+01,8.4618326541668516e+00,2.7270353285258677e+00,3.6590547752008069e+00,1.1062822744955815e+01,5.2045949020532749e+00,1.1062822744955815e+01,1.2439128771847974e+01,7.4240694752251528e+00,1.3854993305683848e+01,1.2439128771847974e+01,1.3854993305683848e+01,7.4240694752251528e+00,8.4618326541668516e+00,1.3854993305683848e+01,2.7270353285258677e+00,6.5879232995255865e+00,7.3903829305867541e+00,1.1624907985624844e+01,1.1624907985624844e+01,1.0730551740770490e+01,1.0730551740770490e+01,7.3903829305867541e+00,1.9419830362805577e+00,1.3854993305683848e+01,1.3854993305683848e+01,1.3854993305683848e+01,1.0730551740770490e+01,6.5879232995255865e+00,1.0730551740770490e+01,7.3903829305867541e+00,0.0000000000000000e+00,8.4618326541668516e+00,2.7270353285258677e+00,1.3854993305683848e+01,1.1062822744955815e+01,5.2045949020532749e+00,2.7270353285258677e+00,0.0000000000000000e+00,3.6590547752008069e+00,1.0730551740770490e+01,1.0730551740770490e+01,0.0000000000000000e+00,1.1624907985624844e+01,1.3854993305683848e+01,1.9419830362805577e+00,5.2045949020532749e+00,1.9419830362805577e+00,1.9419830362805577e+00,8.4618326541668516e+00,5.2045949020532749e+00,1.3854993305683848e+01,7.4240694752251528e+00,6.5879232995255865e+00,8.9918292940825328e-01,8.9918292940825328e-01,1.0730551740770490e+01,8.4618326541668516e+00,3.6590547752008069e+00,8.9918292940825328e-01,3.6590547752008069e+00,7.3903829305867541e+00,1.2439128771847974e+01,1.1624907985624844e+01,1.0730551740770490e+01,7.4240694752251528e+00,1.1062822744955815e+01,1.1062822744955815e+01,3.6590547752008069e+00,1.3854993305683848e+01,1.9419830362805577e+00,1.3854993305683848e+01,1.3854993305683848e+01,1.3854993305683848e+01,8.4618326541668516e+00,1.3854993305683848e+01,5.2045949020532749e+00,1.3854993305683848e+01,2.7270353285258677e+00,1.1062822744955815e+01,2.7270353285258677e+00,0.0000000000000000e+00,1.1624907985624844e+01,5.2045949020532749e+00,1.2439128771847974e+01,1.9419830362805577e+00,1.2439128771847974e+01,1.1624907985624844e+01,1.1624907985624844e+01,4.8717130578004229e+00,1.1624907985624844e+01,2.7270353285258677e+00,3.6590547752008069e+00,1.1624907985624844e+01,8.9918292940825328e-01,7.3903829305867541e+00,7.3903829305867541e+00,7.3903829305867541e+00,7.3903829305867541e+00,1.3854993305683848e+01,1.1624907985624844e+01,1.1062822744955815e+01,1.0730551740770490e+01,7.3903829305867541e+00,1.2439128771847974e+01,1.3854993305683848e+01,1.1062822744955815e+01,8.9918292940825328e-01,8.9918292940825328e-01,1.2439128771847974e+01,1.3854993305683848e+01,8.4618326541668516e+00,1.1062822744955815e+01,7.3903829305867541e+00,7.3903829305867541e+00,4.8717130578004229e+00,7.3903829305867541e+00,6.5879232995255865e+00,7.3903829305867541e+00,5.2045949020532749e+00,0.0000000000000000e+00,7.3903829305867541e+00,5.2045949020532749e+00,1.3854993305683848e+01,1.1062822744955815e+01,1.3854993305683848e+01,1.3854993305683848e+01,8.4618326541668516e+00,1.1062822744955815e+01,5.2045949020532749e+00,1.0730551740770490e+01,8.4618326541668516e+00,1.3854993305683848e+01,1.1624907985624844e+01,1.1624907985624844e+01,1.3854993305683848e+01,4.8717130578004229e+00,1.3854993305683848e+01,8.4618326541668516e+00,4.8717130578004229e+00,7.3903829305867541e+00,8.4618326541668516e+00,8.4618326541668516e+00,1.3854993305683848e+01,1.1062822744955815e+01,1.1624907985624844e+01,7.3903829305867541e+00,1.1062822744955815e+01,1.1062822744955815e+01,5.2045949020532749e+00,5.2045949020532749e+00,5.2045949020532749e+00,0.0000000000000000e+00,8.9918292940825328e-01,1.3854993305683848e+01,1.9419830362805577e+00,1.1624907985624844e+01,1.0730551740770490e+01,0.0000000000000000e+00,8.4618326541668516e+00,1.1624907985624844e+01,1.0730551740770490e+01,2.7270353285258677e+00,1.1624907985624844e+01,1.3854993305683848e+01,7.3903829305867541e+00,1.0730551740770490e+01,1.1062822744955815e+01,0.0000000000000000e+00,5.2045949020532749e+00,2.7270353285258677e+00,5.2045949020532749e+00,4.8717130578004229e+00,4.8717130578004229e+00,5.2045949020532749e+00,6.5879232995255865e+00,1.1624907985624844e+01,8.9918292940825328e-01,1.1062822744955815e+01,1.9419830362805577e+00,1.0730551740770490e+01,1.0730551740770490e+01,8.9918292940825328e-01,4.8717130578004229e+00,1.1624907985624844e+01,6.5879232995255865e+00,3.6590547752008069e+00,1.3854993305683848e+01,6.5879232995255865e+00,4.8717130578004229e+00,1.0730551740770490e+01,6.5879232995255865e+00,3.6590547752008069e+00,6.5879232995255865e+00,5.2045949020532749e+00,7.3903829305867541e+00,6.5879232995255865e+00,4.8717130578004229e+00,1.1062822744955815e+01,1.3854993305683848e+01,7.4240694752251528e+00,1.1062822744955815e+01,5.2045949020532749e+00,0.0000000000000000e+00,1.1624907985624844e+01,1.1624907985624844e+01,3.6590547752008069e+00,1.1624907985624844e+01,1.1624907985624844e+01,6.5879232995255865e+00,0.0000000000000000e+00,4.8717130578004229e+00,1.3854993305683848e+01,1.3854993305683848e+01,1.2439128771847974e+01,1.3854993305683848e+01,1.3854993305683848e+01,1.2439128771847974e+01,1.0730551740770490e+01,1.3854993305683848e+01,1.3854993305683848e+01,1.2439128771847974e+01,1.3854993305683848e+01,8.9918292940825328e-01,1.2439128771847974e+01,0.0000000000000000e+00,1.1062822744955815e+01,2.7270353285258677e+00,8.4618326541668516e+00,1.2439128771847974e+01,8.9918292940825328e-01,1.1062822744955815e+01,7.4240694752251528e+00,1.3854993305683848e+01,1.3854993305683848e+01,8.9918292940825328e-01,1.3854993305683848e+01,6.5879232995255865e+00,6.5879232995255865e+00,4.8717130578004229e+00,1.1624907985624844e+01,1.1624907985624844e+01,1.1062822744955815e+01,1.3854993305683848e+01,7.4240694752251528e+00,4.8717130578004229e+00,0.0000000000000000e+00,1.1624907985624844e+01,1.3854993305683848e+01,1.9419830362805577e+00,1.2439128771847974e+01,1.1624907985624844e+01,1.3854993305683848e+01,6.5879232995255865e+00,1.3854993305683848e+01,8.4618326541668516e+00,1.3854993305683848e+01,1.1624907985624844e+01,1.0730551740770490e+01,1.9419830362805577e+00,7.3903829305867541e+00,3.6590547752008069e+00,3.6590547752008069e+00,1.0730551740770490e+01,8.9918292940825328e-01,1.3854993305683848e+01,6.5879232995255865e+00,7.4240694752251528e+00,7.4240694752251528e+00,7.4240694752251528e+00,1.9419830362805577e+00,8.4618326541668516e+00,1.1062822744955815e+01,7.4240694752251528e+00,1.1062822744955815e+01,1.1624907985624844e+01,1.0730551740770490e+01,1.1062822744955815e+01,1.2439128771847974e+01,1.1624907985624844e+01,1.1624907985624844e+01,1.1062822744955815e+01,4.8717130578004229e+00,1.1062822744955815e+01,1.3854993305683848e+01,1.1062822744955815e+01,1.0730551740770490e+01,0.0000000000000000e+00,4.8717130578004229e+00,1.2439128771847974e+01,1.0730551740770490e+01,1.9419830362805577e+00,1.0730551740770490e+01,5.2045949020532749e+00,1.0730551740770490e+01,1.1062822744955815e+01,8.9918292940825328e-01,1.9419830362805577e+00,1.3854993305683848e+01,1.1624907985624844e+01,1.1062822744955815e+01,1.1624907985624844e+01,1.1062822744955815e+01,1.1062822744955815e+01,1.1062822744955815e+01,1.1062822744955815e+01,8.9918292940825328e-01,2.7270353285258677e+00,8.9918292940825328e-01,1.1062822744955815e+01,1.0730551740770490e+01,0.0000000000000000e+00,2.7270353285258677e+00,2.7270353285258677e+00,8.9918292940825328e-01,6.5879232995255865e+00,1.1624907985624844e+01,1.3854993305683848e+01,1.1624907985624844e+01,1.1624907985624844e+01,1.2439128771847974e+01,6.5879232995255865e+00,8.4618326541668516e+00,1.1062822744955815e+01,1.1062822744955815e+01,1.1062822744955815e+01,1.0730551740770490e+01,2.7270353285258677e+00,1.3854993305683848e+01,1.3854993305683848e+01,1.1624907985624844e+01,2.7270353285258677e+00,5.2045949020532749e+00,5.2045949020532749e+00,1.1062822744955815e+01,4.8717130578004229e+00,1.0730551740770490e+01,6.5879232995255865e+00,0.0000000000000000e+00,1.1624907985624844e+01,1.1062822744955815e+01,1.0730551740770490e+01,7.4240694752251528e+00,4.8717130578004229e+00,1.1624907985624844e+01,1.1062822744955815e+01,1.1624907985624844e+01,1.0730551740770490e+01,1.1624907985624844e+01,6.5879232995255865e+00,1.1624907985624844e+01,8.4618326541668516e+00,1.1624907985624844e+01,1.1624907985624844e+01,1.1624907985624844e+01,6.5879232995255865e+00,1.0730551740770490e+01,3.6590547752008069e+00,8.4618326541668516e+00,4.8717130578004229e+00,7.4240694752251528e+00,7.4240694752251528e+00,7.4240694752251528e+00,1.1624907985624844e+01,7.3903829305867541e+00,7.4240694752251528e+00,1.0730551740770490e+01,7.4240694752251528e+00,1.3854993305683848e+01,1.2439128771847974e+01,1.1624907985624844e+01,1.1624907985624844e+01,2.7270353285258677e+00,1.9419830362805577e+00,1.1624907985624844e+01,1.1624907985624844e+01,1.3854993305683848e+01,7.4240694752251528e+00,1.0730551740770490e+01,0.0000000000000000e+00,1.1624907985624844e+01,1.1624907985624844e+01,1.1624907985624844e+01,6.5879232995255865e+00,1.0730551740770490e+01,2.7270353285258677e+00,2.7270353285258677e+00,1.1624907985624844e+01,3.6590547752008069e+00,1.1624907985624844e+01,1.1062822744955815e+01,1.1062822744955815e+01,1.1624907985624844e+01,6.5879232995255865e+00,8.4618326541668516e+00,1.1062822744955815e+01,1.1062822744955815e+01,1.1062822744955815e+01,1.3854993305683848e+01,1.3854993305683848e+01,8.9918292940825328e-01,4.8717130578004229e+00,1.3854993305683848e+01,1.0730551740770490e+01,1.2439128771847974e+01,1.1624907985624844e+01,5.2045949020532749e+00,1.3854993305683848e+01,1.1624907985624844e+01,4.8717130578004229e+00,1.3854993305683848e+01,1.3854993305683848e+01,1.2439128771847974e+01,1.3854993305683848e+01,7.3903829305867541e+00,1.3854993305683848e+01,2.7270353285258677e+00,1.2439128771847974e+01,4.8717130578004229e+00,1.2439128771847974e+01,1.3854993305683848e+01,1.1624907985624844e+01,1.3854993305683848e+01,1.2439128771847974e+01,8.9918292940825328e-01,1.2439128771847974e+01,1.3854993305683848e+01,8.9918292940825328e-01,1.2439128771847974e+01,5.2045949020532749e+00,1.2439128771847974e+01,1.1624907985624844e+01,1.2439128771847974e+01,1.2439128771847974e+01,1.0730551740770490e+01,1.3854993305683848e+01,7.3903829305867541e+00,8.9918292940825328e-01,1.1624907985624844e+01,1.1624907985624844e+01,3.6590547752008069e+00,1.1062822744955815e+01,8.9918292940825328e-01,1.0730551740770490e+01,1.1624907985624844e+01,5.2045949020532749e+00,3.6590547752008069e+00,1.1062822744955815e+01,1.2439128771847974e+01,1.3854993305683848e+01,6.5879232995255865e+00,8.4618326541668516e+00,1.1624907985624844e+01,8.9918292940825328e-01,1.2439128771847974e+01,1.2439128771847974e+01,1.3854993305683848e+01,1.2439128771847974e+01,8.9918292940825328e-01,4.8717130578004229e+00,6.5879232995255865e+00,1.3854993305683848e+01,6.5879232995255865e+00,4.8717130578004229e+00,3.6590547752008069e+00,1.9419830362805577e+00,1.1062822744955815e+01,0.0000000000000000e+00,1.0730551740770490e+01,1.0730551740770490e+01,1.1062822744955815e+01,6.5879232995255865e+00,1.3854993305683848e+01,8.9918292940825328e-01,1.0730551740770490e+01,1.2439128771847974e+01,1.1062822744955815e+01,1.0730551740770490e+01,1.3854993305683848e+01,3.6590547752008069e+00,1.0730551740770490e+01,8.9918292940825328e-01,6.5879232995255865e+00,1.1062822744955815e+01,1.2439128771847974e+01,6.5879232995255865e+00,1.2439128771847974e+01,6.5879232995255865e+00,1.3854993305683848e+01,1.2439128771847974e+01,1.1062822744955815e+01,4.8717130578004229e+00,6.5879232995255865e+00,6.5879232995255865e+00,4.8717130578004229e+00,5.2045949020532749e+00,5.2045949020532749e+00,6.5879232995255865e+00,6.5879232995255865e+00,4.8717130578004229e+00,7.4240694752251528e+00,1.2439128771847974e+01,6.5879232995255865e+00,2.7270353285258677e+00,6.5879232995255865e+00,1.1624907985624844e+01,6.5879232995255865e+00,7.4240694752251528e+00,8.4618326541668516e+00,2.7270353285258677e+00,1.3854993305683848e+01,1.3854993305683848e+01,1.0730551740770490e+01,1.3854993305683848e+01,1.3854993305683848e+01,1.1624907985624844e+01,8.4618326541668516e+00,5.2045949020532749e+00,1.3854993305683848e+01,1.2439128771847974e+01,0.0000000000000000e+00,1.0730551740770490e+01,6.5879232995255865e+00,1.2439128771847974e+01,1.1062822744955815e+01,1.1624907985624844e+01,5.2045949020532749e+00,4.8717130578004229e+00,1.3854993305683848e+01,5.2045949020532749e+00,8.9918292940825328e-01,8.4618326541668516e+00,7.3903829305867541e+00,2.7270353285258677e+00,2.7270353285258677e+00,1.3854993305683848e+01,1.1624907985624844e+01,1.3854993305683848e+01,1.3854993305683848e+01,2.7270353285258677e+00,1.3854993305683848e+01,1.3854993305683848e+01,5.2045949020532749e+00,1.0730551740770490e+01,1.2439128771847974e+01,1.0730551740770490e+01,1.3854993305683848e+01,8.4618326541668516e+00,1.3854993305683848e+01,8.4618326541668516e+00,5.2045949020532749e+00,8.4618326541668516e+00,7.3903829305867541e+00,0.0000000000000000e+00,6.5879232995255865e+00,3.6590547752008069e+00,8.9918292940825328e-01,5.2045949020532749e+00,1.1624907985624844e+01,0.0000000000000000e+00,1.0730551740770490e+01,1.1624907985624844e+01,8.9918292940825328e-01,1.1624907985624844e+01,4.8717130578004229e+00,7.4240694752251528e+00,6.5879232995255865e+00,1.1062822744955815e+01,6.5879232995255865e+00,0.0000000000000000e+00,1.1624907985624844e+01,7.3903829305867541e+00,6.5879232995255865e+00,1.1062822744955815e+01,1.1062822744955815e+01,0.0000000000000000e+00,1.2439128771847974e+01,6.5879232995255865e+00,1.9419830362805577e+00,1.3854993305683848e+01,4.8717130578004229e+00,1.3854993305683848e+01,1.3854993305683848e+01,7.4240694752251528e+00,1.1062822744955815e+01,7.3903829305867541e+00,1.1624907985624844e+01,8.4618326541668516e+00,1.1062822744955815e+01,1.1624907985624844e+01,1.2439128771847974e+01,0.0000000000000000e+00,1.3854993305683848e+01,7.3903829305867541e+00,7.3903829305867541e+00,7.3903829305867541e+00,2.7270353285258677e+00,2.7270353285258677e+00,7.3903829305867541e+00,7.3903829305867541e+00,1.2439128771847974e+01,8.4618326541668516e+00,1.1624907985624844e+01,1.1624907985624844e+01,7.3903829305867541e+00,1.3854993305683848e+01,6.5879232995255865e+00,8.9918292940825328e-01,6.5879232995255865e+00,1.1062822744955815e+01,1.1062822744955815e+01,6.5879232995255865e+00,1.1624907985624844e+01,1.1062822744955815e+01,7.3903829305867541e+00,1.1624907985624844e+01,0.0000000000000000e+00,1.1624907985624844e+01,8.9918292940825328e-01,7.4240694752251528e+00,1.1624907985624844e+01,1.1062822744955815e+01,1.3854993305683848e+01,8.4618326541668516e+00,1.1062822744955815e+01,1.3854993305683848e+01,4.8717130578004229e+00,6.5879232995255865e+00,1.2439128771847974e+01,1.2439128771847974e+01,4.8717130578004229e+00,5.2045949020532749e+00,1.0730551740770490e+01,1.0730551740770490e+01,2.7270353285258677e+00,1.0730551740770490e+01,7.3903829305867541e+00,1.9419830362805577e+00,1.0730551740770490e+01,4.8717130578004229e+00,7.4240694752251528e+00,5.2045949020532749e+00,7.4240694752251528e+00,4.8717130578004229e+00,7.3903829305867541e+00,8.4618326541668516e+00,1.1624907985624844e+01,1.1624907985624844e+01,4.8717130578004229e+00,5.2045949020532749e+00,4.8717130578004229e+00,1.1624907985624844e+01,1.1624907985624844e+01,1.2439128771847974e+01,1.1062822744955815e+01,0.0000000000000000e+00,7.4240694752251528e+00,1.1062822744955815e+01,1.1624907985624844e+01,1.2439128771847974e+01,1.3854993305683848e+01,4.8717130578004229e+00,7.3903829305867541e+00,1.0730551740770490e+01,1.1624907985624844e+01,1.3854993305683848e+01,1.2439128771847974e+01,1.1062822744955815e+01,5.2045949020532749e+00,2.7270353285258677e+00,0.0000000000000000e+00,4.8717130578004229e+00,1.1624907985624844e+01,7.3903829305867541e+00,1.9419830362805577e+00,0.0000000000000000e+00,1.1624907985624844e+01,1.9419830362805577e+00,1.1624907985624844e+01,4.8717130578004229e+00,1.1624907985624844e+01,1.0730551740770490e+01,4.8717130578004229e+00,0.0000000000000000e+00,5.2045949020532749e+00,1.3854993305683848e+01,1.1624907985624844e+01,1.3854993305683848e+01,0.0000000000000000e+00,4.8717130578004229e+00,7.3903829305867541e+00,1.1624907985624844e+01,3.6590547752008069e+00,6.5879232995255865e+00,8.4618326541668516e+00,8.4618326541668516e+00,8.4618326541668516e+00,1.9419830362805577e+00,8.4618326541668516e+00,6.5879232995255865e+00,2.7270353285258677e+00,8.9918292940825328e-01,1.1624907985624844e+01,2.7270353285258677e+00,1.1624907985624844e+01,1.1624907985624844e+01,8.9918292940825328e-01,6.5879232995255865e+00,1.0730551740770490e+01,1.1062822744955815e+01,1.1624907985624844e+01,7.4240694752251528e+00,1.1062822744955815e+01,1.1624907985624844e+01,5.2045949020532749e+00,1.1062822744955815e+01,2.7270353285258677e+00,1.1624907985624844e+01,1.1624907985624844e+01,1.1062822744955815e+01,1.0730551740770490e+01,1.0730551740770490e+01,6.5879232995255865e+00,1.0730551740770490e+01,0.0000000000000000e+00,5.2045949020532749e+00,5.2045949020532749e+00,6.5879232995255865e+00,1.0730551740770490e+01,1.3854993305683848e+01,1.9419830362805577e+00,8.9918292940825328e-01,1.0730551740770490e+01,0.0000000000000000e+00,1.0730551740770490e+01,1.0730551740770490e+01,1.1624907985624844e+01,1.3854993305683848e+01,8.4618326541668516e+00,7.3903829305867541e+00,7.4240694752251528e+00,1.0730551740770490e+01,7.3903829305867541e+00,7.4240694752251528e+00,1.1062822744955815e+01,6.5879232995255865e+00,0.0000000000000000e+00,5.2045949020532749e+00,4.8717130578004229e+00,1.1624907985624844e+01,1.1624907985624844e+01,1.1624907985624844e+01,1.1624907985624844e+01,5.2045949020532749e+00,7.4240694752251528e+00,1.0730551740770490e+01,1.1624907985624844e+01,6.5879232995255865e+00,1.1624907985624844e+01,5.2045949020532749e+00,7.3903829305867541e+00,8.4618326541668516e+00,7.4240694752251528e+00,1.1624907985624844e+01,1.1624907985624844e+01,4.8717130578004229e+00,7.4240694752251528e+00,1.9419830362805577e+00,1.1062822744955815e+01,4.8717130578004229e+00,4.8717130578004229e+00,4.8717130578004229e+00,1.1062822744955815e+01,4.8717130578004229e+00,1.3854993305683848e+01,6.5879232995255865e+00,1.9419830362805577e+00,2.7270353285258677e+00,3.6590547752008069e+00,1.1062822744955815e+01,8.9918292940825328e-01,8.9918292940825328e-01,5.2045949020532749e+00,0.0000000000000000e+00,1.3854993305683848e+01,4.8717130578004229e+00,1.0730551740770490e+01,5.2045949020532749e+00,1.1062822744955815e+01,5.2045949020532749e+00,1.0730551740770490e+01,7.4240694752251528e+00,1.2439128771847974e+01,1.2439128771847974e+01,1.1624907985624844e+01,1.0730551740770490e+01,1.2439128771847974e+01,1.1624907985624844e+01,4.8717130578004229e+00,1.0730551740770490e+01,5.2045949020532749e+00,1.0730551740770490e+01,1.2439128771847974e+01,7.4240694752251528e+00,1.1624907985624844e+01,6.5879232995255865e+00,1.1624907985624844e+01,7.4240694752251528e+00,7.4240694752251528e+00,1.2439128771847974e+01,4.8717130578004229e+00,1.9419830362805577e+00,1.1062822744955815e+01,0.0000000000000000e+00,1.0730551740770490e+01,6.5879232995255865e+00,6.5879232995255865e+00,1.0730551740770490e+01,1.3854993305683848e+01
1.2506922489878509e+01,1.2506922489878509e+01,1.2506922489878509e+01,1.2506922489878509e+01,8.9913294777955244e+00,0.0000000000000000e+00,9.0895341042693734e-01,1.8852769767083606e+00,2.6950415774752292e+00,9.0895341042693734e-01,7.1921785766940420e+00,7.1921785766940420e+00,1.3882264793457129e+01,0.0000000000000000e+00,1.3882264793457129e+01,2.6950415774752292e+00,1.0098240083479093e+01,7.1921785766940420e+00,1.2506922489878509e+01,7.1921785766940420e+00,2.6950415774752292e+00,1.8852769767083606e+00,1.3882264793457129e+01,1.3882264793457129e+01,5.7869313910582409e+00,5.7869313910582409e+00,1.3882264793457129e+01,5.7869313910582409e+00,1.3882264793457129e+01,1.3882264793457129e+01,2.6950415774752292e+00,1.3882264793457129e+01,1.3882264793457129e+01,1.3882264793457129e+01,9.0895341042693734e-01,0.0000000000000000e+00,1.2506922489878509e+01,5.7869313910582409e+00,1.8852769767083606e+00,1.3882264793457129e+01,1.2506922489878509e+01,1.2506922489878509e+01,1.3882264793457129e+01,5.7869313910582409e+00,1.0098240083479093e+01,1.3882264793457129e+01,4.3460971261892372e+00,3.8738350492385316e+00,1.0276548360466272e+01,1.0098240083479093e+01,1.3882264793457129e+01,8.3344802224027621e+00,1.3882264793457129e+01,8.3344802224027621e+00,1.3882264793457129e+01,1.0098240083479093e+01,1.2506922489878509e+01,1.0098240083479093e+01,7.1921785766940420e+00,1.2506922489878509e+01,0.0000000000000000e+00,1.0276548360466272e+01,1.0276548360466272e+01,1.0276548360466272e+01,7.1921785766940420e+00,6.5525739827372398e+00,8.9913294777955244e+00,7.1921785766940420e+00,7.1921785766940420e+00,7.1921785766940420e+00,4.3460971261892372e+00,0.0000000000000000e+00,7.1921785766940420e+00,1.0276548360466272e+01,1.0098240083479093e+01,5.7869313910582409e+00,5.7869313910582409e+00,7.1921785766940420e+00,8.9913294777955244e+00,2.6950415774752292e+00,1.3882264793457129e+01,8.3344802224027621e+00,1.3882264793457129e+01,8.3344802224027621e+00,1.3882264793457129e+01,5.7869313910582409e+00,1.0098240083479093e+01,5.7869313910582409e+00,7.1921785766940420e+00,1.8852769767083606e+00,1.0276548360466272e+01,5.7869313910582409e+00,1.3652006005967277e+01,7.1921785766940420e+00,1.2506922489878509e+01,1.3882264793457129e+01,5.7869313910582409e+00,1.3882264793457129e+01,8.9913294777955244e+00,2.6950415774752292e+00,1.2506922489878509e+01,1.3882264793457129e+01,1.2506922489878509e+01,1.2506922489878509e+01,1.3652006005967277e+01,1.3882264793457129e+01,1.3882264793457129e+01,6.5525739827372398e+00,1.2506922489878509e+01,1.2506922489878509e+01,5.7869313910582409e+00,1.3882264793457129e+01,1.0098240083479093e+01,1.0098240083479093e+01,1.3882264793457129e+01,1.0098240083479093e+01,1.3882264793457129e+01,1.0276548360466272e+01,1.0276548360466272e+01,1.3882264793457129e+01,5.7869313910582409e+00,5.7869313910582409e+00,6.5525739827372398e+00,0.0000000000000000e+00,1.3882264793457129e+01,1.3882264793457129e+01,5.7869313910582409e+00,1.3882264793457129e+01,1.2506922489878509e+01,1.0276548360466272e+01,1.0276548360466272e+01,2.6950415774752292e+00,1.2506922489878509e+01,4.3460971261892372e+00,8.9913294777955244e+00,4.3460971261892372e+00,1.3882264793457129e+01,5.7869313910582409e+00,5.7869313910582409e+00,0.0000000000000000e+00,2.6950415774752292e+00,1.2506922489878509e+01,1.3882264793457129e+01,8.9913294777955244e+00,7.1921785766940420e+00,6.5525739827372398e+00,7.1921785766940420e+00,7.1921785766940420e+00,1.8852769767083606e+00,1.3882264793457129e+01,7.1921785766940420e+00,1.0098240083479093e+01,2.6950415774752292e+00,1.3882264793457129e+01,8.9913294777955244e+00,1.0276548360466272e+01,8.9913294777955244e+00,1.3882264793457129e+01,1.3882264793457129e+01,1.0276548360466272e+01,1.0098240083479093e+01,1.0276548360466272e+01,4.3460971261892372e+00,9.0895341042693734e-01,1.3882264793457129e+01,1.3882264793457129e+01,1.3882264793457129e+01,1.3882264793457129e+01,1.2506922489878509e+01,1.0276548360466272e+01,0.0000000000000000e+00,0.0000000000000000e+00,8.3344802224027621e+00,1.3652006005967277e+01,1.0098240083479093e+01,1.3652006005967277e+01,8.9913294777955244e+00,8.3344802224027621e+00,0.0000000000000000e+00,1.0276548360466272e+01,1.2506922489878509e+01,1.2506922489878509e+01,1.2506922489878509e+01,8.9913294777955244e+00,8.9913294777955244e+00,1.2506922489878509e+01,9.0895341042693734e-01,5.7869313910582409e+00,1.0098240083479093e+01,1.3882264793457129e+01,6.5525739827372398e+00,1.3882264793457129e+01,1.3882264793457129e+01,1.8852769767083606e+00,1.0098240083479093e+01,1.3882264793457129e+01,9.0895341042693734e-01,1.2506922489878509e+01,1.3882264793457129e+01,1.3652006005967277e+01,1.3652006005967277e+01,1.3882264793457129e+01,7.1921785766940420e+00,1.3882264793457129e+01,1.3652006005967277e+01,5.7869313910582409e+00,3.8738350492385316e+00,1.3882264793457129e+01,5.7869313910582409e+00,1.2506922489878509e+01,1.3882264793457129e+01,8.9913294777955244e+00,1.3882264793457129e+01,1.3652006005967277e+01,1.3652006005967277e+01,1.3882264793457129e+01,1.8852769767083606e+00,1.3882264793457129e+01,1.8852769767083606e+00,1.3652006005967277e+01,1.2506922489878509e+01,1.3882264793457129e+01,6.5525739827372398e+00,1.3652006005967277e+01,1.2506922489878509e+01,1.2506922489878509e+01,1.2506922489878509e+01,9.0895341042693734e-01,1.3882264793457129e+01,1.3882264793457129e+01,1.3652006005967277e+01,1.3882264793457129e+01,1.0276548360466272e+01,1.3882264793457129e+01,1.3882264793457129e+01,4.3460971261892372e+00,1.0098240083479093e+01,1.0098240083479093e+01,1.2506922489878509e+01,1.2506922489878509e+01,1.3882264793457129e+01,5.7869313910582409e+00,0.0000000000000000e+00,8.3344802224027621e+00,9.0895341042693734e-01,0.0000000000000000e+00,1.0276548360466272e+01,5.7869313910582409e+00,1.3882264793457129e+01,3.8738350492385316e+00,1.2506922489878509e+01,1.0098240083479093e+01,1.0276548360466272e+01,8.3344802224027621e+00,1.2506922489878509e+01,5.7869313910582409e+00,8.3344802224027621e+00,1.3882264793457129e+01,1.3652006005967277e+01,1.2506922489878509e+01,1.3882264793457129e+01,7.1921785766940420e+00,1.2506922489878509e+01,1.2506922489878509e+01,6.5525739827372398e+00,3.8738350492385316e+00,1.0276548360466272e+01,1.3882264793457129e+01,1.3882264793457129e+01,1.2506922489878509e+01,8.9913294777955244e+00,4.3460971261892372e+00,8.9913294777955244e+00,8.9913294777955244e+00,1.0098240083479093e+01,1.8852769767083606e+00,4.3460971261892372e+00,1.3652006005967277e+01,4.3460971261892372e+00,6.5525739827372398e+00,5.7869313910582409e+00,1.0098240083479093e+01,0.0000000000000000e+00,1.8852769767083606e+00,1.3882264793457129e+01,1.3882264793457129e+01,1.0098240083479093e+01,8.3344802224027621e+00,4.3460971261892372e+00,1.3882264793457129e+01,6.5525739827372398e+00,1.8852769767083606e+00,1.3882264793457129e+01,1.0098240083479093e+01,1.3882264793457129e+01,9.0895341042693734e-01,1.2506922489878509e+01,5.7869313910582409e+00,4.3460971261892372e+00,1.2506922489878509e+01,1.2506922489878509e+01,1.3882264793457129e+01,1.0276548360466272e+01,1.3882264793457129e+01,1.0276548360466272e+01,1.3882264793457129e+01,1.3882264793457129e+01,1.3882264793457129e+01,8.9913294777955244e+00,1.3882264793457129e+01,1.0276548360466272e+01,8.9913294777955244e+00,8.9913294777955244e+00,1.3882264793457129e+01,1.2506922489878509e+01,1.0276548360466272e+01,9.0895341042693734e-01,8.9913294777955244e+00,8.9913294777955244e+00,1.2506922489878509e+01,4.3460971261892372e+00,1.8852769767083606e+00,4.3460971261892372e+00,2.6950415774752292e+00,9.0895341042693734e-01,1.3882264793457129e+01,2.6950415774752292e+00,9.0895341042693734e-01,1.3882264793457129e+01,3.8738350492385316e+00,5.7869313910582409e+00,9.0895341042693734e-01,1.3652006005967277e+01,1.0098240083479093e+01,9.0895341042693734e-01,1.0276548360466272e+01,1.3882264793457129e+01,3.8738350492385316e+00,6.5525739827372398e+00,0.0000000000000000e+00,6.5525739827372398e+00,7.1921785766940420e+00,8.3344802224027621e+00,1.0276548360466272e+01,1.3882264793457129e+01,4.3460971261892372e+00,1.2506922489878509e+01,0.0000000000000000e+00,6.5525739827372398e+00,4.3460971261892372e+00,1.0098240083479093e+01,1.2506922489878509e+01,1.3882264793457129e+01,1.3652006005967277e+01,3.8738350492385316e+00,1.2506922489878509e+01,1.3882264793457129e+01,0.0000000000000000e+00,7.1921785766940420e+00,1.2506922489878509e+01,1.3882264793457129e+01,1.3882264793457129e+01,2.6950415774752292e+00,1.3882264793457129e+01,1.3882264793457129e+01,8.9913294777955244e+00,1.0098240083479093e+01,1.2506922489878509e+01,1.3882264793457129e+01,6.5525739827372398e+00,8.9913294777955244e+00,3.8738350492385316e+00,1.3652006005967277e+01,1.3652006005967277e+01,3.8738350492385316e+00,1.2506922489878509e+01,1.3652006005967277e+01,1.3652006005967277e+01,9.0895341042693734e-01,6.5525739827372398e+00,0.0000000000000000e+00,1.3652006005967277e+01,0.0000000000000000e+00,4.3460971261892372e+00,1.3882264793457129e+01,1.3652006005967277e+01,1.0098240083479093e+01,1.3882264793457129e+01,1.3882264793457129e+01,1.3882264793457129e+01,1.0276548360466272e+01,1.3652006005967277e+01,6.5525739827372398e+00,8.9913294777955244e+00,1.0276548360466272e+01,1.3652006005967277e+01,1.3652006005967277e+01,1.3652006005967277e+01,1.3652006005967277e+01,1.0098240083479093e+01,1.3882264793457129e+01,1.3882264793457129e+01,1.3882264793457129e+01,1.3652006005967277e+01,9.0895341042693734e-01,8.9913294777955244e+00,4.3460971261892372e+00,1.3882264793457129e+01,7.1921785766940420e+00,1.8852769767083606e+00,1.8852769767083606e+00,0.0000000000000000e+00,1.0276548360466272e+01,7.1921785766940420e+00,1.0276548360466272e+01,1.3652006005967277e+01,1.3652006005967277e+01,3.8738350492385316e+00,8.3344802224027621e+00,1.3652006005967277e+01,8.3344802224027621e+00,1.3652006005967277e+01,8.9913294777955244e+00,5.7869313910582409e+00,1.3882264793457129e+01,7.1921785766940420e+00,1.3882264793457129e+01,1.3652006005967277e+01,1.2506922489878509e+01,1.3882264793457129e+01,6.5525739827372398e+00,1.0276548360466272e+01,4.3460971261892372e+00,1.0276548360466272e+01,5.7869313910582409e+00,3.8738350492385316e+00,6.5525739827372398e+00,1.2506922489878509e+01,2.6950415774752292e+00,2.6950415774752292e+00,6.5525739827372398e+00,1.0098240083479093e+01,2.6950415774752292e+00,7.1921785766940420e+00,1.0098240083479093e+01,1.0098240083479093e+01,6.5525739827372398e+00,6.5525739827372398e+00,1.0098240083479093e+01,6.5525739827372398e+00,1.8852769767083606e+00,1.3652006005967277e+01,1.3652006005967277e+01,1.3882264793457129e+01,1.3652006005967277e+01,1.3882264793457129e+01,1.3882264793457129e+01,0.0000000000000000e+00,1.3882264793457129e+01,1.3882264793457129e+01,1.3882264793457129e+01,1.3882264793457129e+01,1.0276548360466272e+01,1.3882264793457129e+01,1.3882264793457129e+01,8.9913294777955244e+00,1.8852769767083606e+00,1.3882264793457129e+01,1.3652006005967277e+01,5.7869313910582409e+00,5.7869313910582409e+00,1.2506922489878509e+01,8.9913294777955244e+00,1.2506922489878509e+01,1.8852769767083606e+00,1.2506922489878509e+01,1.2506922489878509e+01,7.1921785766940420e+00,8.3344802224027621e+00,4.3460971261892372e+00,9.0895341042693734e-01,1.3882264793457129e+01,7.1921785766940420e+00,1.3882264793457129e+01,4.3460971261892372e+00,3.8738350492385316e+00,1.3882264793457129e+01,1.2506922489878509e+01,1.3652006005967277e+01,9.0895341042693734e-01,1.3882264793457129e+01,3.8738350492385316e+00,1.2506922489878509e+01,6.5525739827372398e+00,5.7869313910582409e+00,3.8738350492385316e+00,9.0895341042693734e-01,1.3652006005967277e+01,1.3882264793457129e+01,1.2506922489878509e+01,1.3652006005967277e+01,1.3882264793457129e+01,1.3652006005967277e+01,1.3652006005967277e+01,1.3652006005967277e+01,1.2506922489878509e+01,1.3652006005967277e+01,1.3882264793457129e+01,2.6950415774752292e+00,4.3460971261892372e+00,4.3460971261892372e+00,9.0895341042693734e-01,1.3882264793457129e+01,1.2506922489878509e+01,1.2506922489878509e+01,4.3460971261892372e+00,1.3882264793457129e+01,4.3460971261892372e+00,4.3460971261892372e+00,1.8852769767083606e+00,8.9913294777955244e+00,2.6950415774752292e+00,1.3882264793457129e+01,1.3882264793457129e+01,9.0895341042693734e-01,5.7869313910582409e+00,1.3652006005967277e+01,8.3344802224027621e+00,1.3882264793457129e+01,1.3652006005967277e+01,1.3882264793457129e+01,1.8852769767083606e+00,1.0098240083479093e+01,1.8852769767083606e+00,1.2506922489878509e+01,8.3344802224027621e+00,1.3882264793457129e+01,1.0098240083479093e+01,0.0000000000000000e+00,1.3652006005967277e+01,8.9913294777955244e+00,1.3882264793457129e+01,1.2506922489878509e+01,4.3460971261892372e+00,1.3882264793457129e+01,6.5525739827372398e+00,8.9913294777955244e+00,1.3882264793457129e+01,2.6950415774752292e+00,1.0098240083479093e+01,1.0098240083479093e+01,8.9913294777955244e+00,1.0098240083479093e+01,4.3460971261892372e+00,1.2506922489878509e+01,8.3344802224027621e+00,6.5525739827372398e+00,1.0276548360466272e+01,1.2506922489878509e+01,1.8852769767083606e+00,6.5525739827372398e+00,4.3460971261892372e+00,1.0098240083479093e+01,1.0098240083479093e+01,1.2506922489878509e+01,1.0276548360466272e+01,0.0000000000000000e+00,1.0276548360466272e+01,1.3652006005967277e+01,4.3460971261892372e+00,1.0276548360466272e+01,1.3882264793457129e+01,1.0276548360466272e+01,1.8852769767083606e+00,6.5525739827372398e+00,1.2506922489878509e+01,1.0098240083479093e+01,8.3344802224027621e+00,9.0895341042693734e-01,2.6950415774752292e+00,4.3460971261892372e+00,1.0098240083479093e+01,1.0098240083479093e+01,4.3460971261892372e+00,1.3652006005967277e+01,3.8738350492385316e+00,7.1921785766940420e+00,1.0276548360466272e+01,8.3344802224027621e+00,1.3652006005967277e+01,1.3652006005967277e+01,1.3882264793457129e+01,5.7869313910582409e+00,5.7869313910582409e+00,1.0276548360466272e+01,2.6950415774752292e+00,3.8738350492385316e+00,1.3652006005967277e+01,1.3882264793457129e+01,1.3882264793457129e+01,1.0276548360466272e+01,1.3882264793457129e+01,1.3882264793457129e+01,8.3344802224027621e+00,1.2506922489878509e+01,1.2506922489878509e+01,1.0276548360466272e+01,1.8852769767083606e+00,1.8852769767083606e+00,1.2506922489878509e+01,1.0276548360466272e+01,9.0895341042693734e-01,9.0895341042693734e-01,2.6950415774752292e+00,1.0098240083479093e+01,1.0276548360466272e+01,9.0895341042693734e-01,1.8852769767083606e+00,2.6950415774752292e+00,3.8738350492385316e+00,1.0276548360466272e+01,1.0098240083479093e+01,1.3882264793457129e+01,1.8852769767083606e+00,1.2506922489878509e+01,1.2506922489878509e+01,1.0098240083479093e+01,1.2506922489878509e+01,8.3344802224027621e+00,8.3344802224027621e+00,9.0895341042693734e-01,5.7869313910582409e+00,8.3344802224027621e+00,1.2506922489878509e+01,1.3882264793457129e+01,8.9913294777955244e+00,1.8852769767083606e+00,8.9913294777955244e+00,8.9913294777955244e+00,1.2506922489878509e+01,1.0276548360466272e+01,8.9913294777955244e+00,8.9913294777955244e+00,1.0276548360466272e+01,1.3882264793457129e+01,1.8852769767083606e+00,1.0098240083479093e+01,0.0000000000000000e+00,1.0098240083479093e+01,1.0098240083479093e+01,4.3460971261892372e+00,0.0000000000000000e+00,1.3652006005967277e+01,1.3882264793457129e+01,1.2506922489878509e+01,1.3882264793457129e+01,1.3882264793457129e+01,1.0276548360466272e+01,4.3460971261892372e+00,1.2506922489878509e+01,1.0276548360466272e+01,1.2506922489878509e+01,5.7869313910582409e+00,8.3344802224027621e+00,1.3652006005967277e+01,7.1921785766940420e+00,1.8852769767083606e+00,1.3882264793457129e+01,1.3652006005967277e+01,1.3882264793457129e+01,1.2506922489878509e+01,7.1921785766940420e+00,1.0098240083479093e+01,1.0276548360466272e+01,1.0098240083479093e+01,1.2506922489878509e+01,0.0000000000000000e+00,8.3344802224027621e+00,1.3882264793457129e+01,5.7869313910582409e+00,1.8852769767083606e+00,1.0098240083479093e+01,6.5525739827372398e+00,8.9913294777955244e+00,6.5525739827372398e+00,2.6950415774752292e+00,1.0098240083479093e+01,1.0098240083479093e+01,4.3460971261892372e+00,1.0098240083479093e+01,1.3882264793457129e+01,1.2506922489878509e+01,1.8852769767083606e+00,1.0098240083479093e+01,8.9913294777955244e+00,0.0000000000000000e+00,3.8738350492385316e+00,8.9913294777955244e+00,1.3652006005967277e+01,7.1921785766940420e+00,1.2506922489878509e+01,1.2506922489878509e+01,7.1921785766940420e+00,1.3882264793457129e+01,1.0276548360466272e+01,1.2506922489878509e+01,1.2506922489878509e+01,1.2506922489878509e+01,1.3652006005967277e+01,1.3652006005967277e+01,1.3882264793457129e+01,1.3652006005967277e+01,1.3652006005967277e+01,1.0098240083479093e+01,3.8738350492385316e+00,1.3882264793457129e+01,1.0098240083479093e+01,4.3460971261892372e+00,1.3882264793457129e+01,1.3652006005967277e+01,1.3882264793457129e+01,7.1921785766940420e+00,8.9913294777955244e+00,1.0098240083479093e+01,1.3652006005967277e+01,7.1921785766940420e+00,7.1921785766940420e+00,1.0098240083479093e+01,1.3652006005967277e+01,1.0098240083479093e+01,1.3652006005967277e+01,9.0895341042693734e-01,1.3882264793457129e+01,1.2506922489878509e+01,1.3882264793457129e+01,1.3882264793457129e+01,1.0098240083479093e+01,9.0895341042693734e-01,1.3882264793457129e+01,2.6950415774752292e+00,1.2506922489878509e+01,1.0276548360466272e+01,1.3652006005967277e+01,1.3882264793457129e+01,1.0098240083479093e+01,6.5525739827372398e+00,6.5525739827372398e+00,4.3460971261892372e+00,7.1921785766940420e+00,0.0000000000000000e+00,6.5525739827372398e+00,5.7869313910582409e+00,1.3882264793457129e+01,8.3344802224027621e+00,1.3882264793457129e+01,1.3882264793457129e+01,5.7869313910582409e+00,2.6950415774752292e+00,1.3882264793457129e+01,2.6950415774752292e+00,5.7869313910582409e+00,1.2506922489878509e+01,4.3460971261892372e+00,6.5525739827372398e+00,1.3882264793457129e+01,1.2506922489878509e+01,7.1921785766940420e+00,3.8738350492385316e+00,1.0098240083479093e+01,3.8738350492385316e+00,1.3882264793457129e+01,5.7869313910582409e+00,1.3882264793457129e+01,1.3882264793457129e+01,1.3882264793457129e+01,1.3882264793457129e+01,1.0276548360466272e+01,8.3344802224027621e+00,1.3882264793457129e+01,1.3652006005967277e+01,0.0000000000000000e+00,1.0276548360466272e+01,1.3882264793457129e+01,1.0098240083479093e+01,1.0098240083479093e+01,1.0098240083479093e+01,8.3344802224027621e+00,1.3652006005967277e+01,2.6950415774752292e+00,1.3652006005967277e+01,1.0276548360466272e+01,1.2506922489878509e+01,2.6950415774752292e+00,2.6950415774752292e+00,1.3882264793457129e+01,1.3882264793457129e+01,1.2506922489878509e+01,3.8738350492385316e+00,7.1921785766940420e+00,1.0276548360466272e+01,8.3344802224027621e+00,1.3882264793457129e+01,1.3882264793457129e+01,7.1921785766940420e+00,3.8738350492385316e+00,1.3882264793457129e+01,1.3882264793457129e+01,8.9913294777955244e+00,1.3882264793457129e+01,1.3882264793457129e+01,3.8738350492385316e+00,1.2506922489878509e+01,6.5525739827372398e+00,2.6950415774752292e+00,0.0000000000000000e+00,1.3882264793457129e+01,1.3882264793457129e+01,1.3882264793457129e+01,7.1921785766940420e+00,1.3882264793457129e+01,1.3882264793457129e+01,3.8738350492385316e+00,3.8738350492385316e+00,2.6950415774752292e+00,7.1921785766940420e+00,9.0895341042693734e-01,1.3882264793457129e+01,1.3882264793457129e+01,1.2506922489878509e+01,1.0098240083479093e+01,8.3344802224027621e+00,1.3882264793457129e+01,1.3652006005967277e+01,1.0276548360466272e+01,1.0276548360466272e+01,1.8852769767083606e+00,1.0276548360466272e+01,3.8738350492385316e+00,2.6950415774752292e+00,1.3652006005967277e+01,1.3882264793457129e+01,1.0098240083479093e+01,1.2506922489878509e+01,1.3882264793457129e+01,8.9913294777955244e+00,8.9913294777955244e+00,8.3344802224027621e+00,1.3652006005967277e+01,8.9913294777955244e+00,1.3882264793457129e+01,8.9913294777955244e+00,8.9913294777955244e+00,8.9913294777955244e+00,8.9913294777955244e+00,1.3882264793457129e+01,3.8738350492385316e+00,8.9913294777955244e+00,7.1921785766940420e+00,1.0098240083479093e+01,9.0895341042693734e-01,1.0098240083479093e+01,4.3460971261892372e+00,7.1921785766940420e+00,1.0098240083479093e+01,8.9913294777955244e+00,8.9913294777955244e+00,8.3344802224027621e+00,6.5525739827372398e+00,1.2506922489878509e+01,1.3882264793457129e+01,1.2506922489878509e+01,1.0098240083479093e+01,6.5525739827372398e+00,8.3344802224027621e+00,1.8852769767083606e+00,1.3882264793457129e+01,5.7869313910582409e+00,1.3882264793457129e+01,8.3344802224027621e+00,2.6950415774752292e+00,9.0895341042693734e-01,6.5525739827372398e+00,6.5525739827372398e+00,6.5525739827372398e+00,1.3652006005967277e+01,2.6950415774752292e+00,1.0098240083479093e+01,1.0098240083479093e+01,4.3460971261892372e+00,1.3882264793457129e+01,1.3882264793457129e+01,1.8852769767083606e+00,1.3882264793457129e+01,1.3882264793457129e+01,1.3882264793457129e+01,1.2506922489878509e+01,0.0000000000000000e+00,1.3882264793457129e+01,1.3882264793457129e+01,1.3882264793457129e+01,8.3344802224027621e+00,1.2506922489878509e+01,1.2506922489878509e+01,1.3882264793457129e+01,1.2506922489878509e+01,4.3460971261892372e+00,1.2506922489878509e+01,6.5525739827372398e+00,1.2506922489878509e+01,1.8852769767083606e+00,2.6950415774752292e+00,1.3882264793457129e+01,9.0895341042693734e-01,0.0000000000000000e+00,1.2506922489878509e+01,2.6950415774752292e+00,1.3882264793457129e+01,2.6950415774752292e+00,0.0000000000000000e+00,8.9913294777955244e+00,1.2506922489878509e+01,1.2506922489878509e+01,8.3344802224027621e+00,1.0098240083479093e+01,1.0098240083479093e+01,8.9913294777955244e+00,0.0000000000000000e+00,8.9913294777955244e+00,1.3652006005967277e+01,4.3460971261892372e+00,0.0000000000000000e+00,1.3652006005967277e+01,1.3652006005967277e+01,1.0276548360466272e+01,1.2506922489878509e+01,1.3882264793457129e+01,1.3882264793457129e+01,8.3344802224027621e+00,1.0276548360466272e+01,1.3652006005967277e+01,1.3652006005967277e+01,2.6950415774752292e+00,8.9913294777955244e+00,1.0098240083479093e+01,1.2506922489878509e+01,1.0276548360466272e+01,1.2506922489878509e+01,6.5525739827372398e+00,9.0895341042693734e-01,1.3882264793457129e+01,1.2506922489878509e+01,3.8738350492385316e+00,1.2506922489878509e+01,1.3882264793457129e+01,1.0098240083479093e+01,8.3344802224027621e+00,8.9913294777955244e+00,9.0895341042693734e-01,1.3882264793457129e+01,1.0276548360466272e+01,1.3882264793457129e+01,1.3882264793457129e+01,1.3652006005967277e+01,1.2506922489878509e+01,1.2506922489878509e+01,1.2506922489878509e+01,8.9913294777955244e+00,1.3882264793457129e+01,1.3882264793457129e+01,1.0098240083479093e+01,0.0000000000000000e+00,1.0276548360466272e+01,8.9913294777955244e+00,8.9913294777955244e+00,9.0895341042693734e-01,1.3652006005967277e+01,1.8852769767083606e+00,9.0895341042693734e-01,2.6950415774752292e+00,1.3882264793457129e+01,1.3882264793457129e+01,8.9913294777955244e+00,2.6950415774752292e+00,1.0098240083479093e+01,1.3652006005967277e+01,4.3460971261892372e+00,1.3882264793457129e+01,1.3652006005967277e+01,9.0895341042693734e-01,1.2506922489878509e+01,2.6950415774752292e+00,1.2506922489878509e+01,1.0276548360466272e+01,1.2506922489878509e+01,1.3652006005967277e+01,1.2506922489878509e+01,4.3460971261892372e+00,1.3652006005967277e+01,1.3652006005967277e+01,1.3652006005967277e+01
3.8988755872431886e+00,6.8251867475537420e+00,6.8251867475537420e+00,6.8251867475537420e+00,3.8988755872431886e+00,3.8988755872431886e+00,3.8988755872431886e+00,3.8988755872431886e+00,6.1738703530803907e+00,6.8251867475537420e+00,2.7504947827871447e+00,6.1738703530803907e+00,6.1738703530803907e+00,6.1738703530803907e+00,6.1738703530803907e+00,6.1738703530803907e+00,1.9173933246071482e+00,1.2455427091481605e+01,0.0000000000000000e+00,8.5866222486928674e+00,3.8988755872431886e+00,1.2455427091481605e+01,3.8988755872431886e+00,1.9173933246071482e+00,1.2455427091481605e+01,1.2455427091481605e+01,3.8988755872431886e+00,1.2455427091481605e+01,1.2455427091481605e+01,1.2455427091481605e+01,1.9173933246071482e+00,7.3275191284235701e+00,1.2455427091481605e+01,6.1738703530803907e+00,1.9173933246071482e+00,1.2360479998642962e+01,6.8251867475537420e+00,1.2360479998642962e+01,2.7504947827871447e+00,1.2360479998642962e+01,1.2455427091481605e+01,1.2455427091481605e+01,1.2360479998642962e+01,1.2455427091481605e+01,3.8988755872431886e+00,1.2455427091481605e+01,1.2360479998642962e+01,1.2360479998642962e+01,9.4413776255290589e+00,9.4413776255290589e+00,6.1738703530803907e+00,0.0000000000000000e+00,1.2712565340684122e+01,8.5866222486928674e+00,1.2455427091481605e+01,1.2455427091481605e+01,1.2455427091481605e+01,1.2455427091481605e+01,9.4413776255290589e+00,1.2455427091481605e+01,9.4413776255290589e+00,1.2455427091481605e+01,1.2455427091481605e+01,3.8988755872431886e+00,1.0110397734506291e+01,9.4413776255290589e+00,3.8988755872431886e+00,3.8988755872431886e+00,1.2455427091481605e+01,9.6673317803752734e-01,9.4413776255290589e+00,1.0110397734506291e+01,1.2455427091481605e+01,1.9173933246071482e+00,9.4413776255290589e+00,6.8251867475537420e+00,8.5866222486928674e+00,4.5880970814548849e+00,0.0000000000000000e+00,0.0000000000000000e+00,1.2455427091481605e+01,4.5880970814548849e+00,0.0000000000000000e+00,4.5880970814548849e+00,9.6673317803752734e-01,4.5880970814548849e+00,2.7504947827871447e+00,1.2455427091481605e+01,3.8988755872431886e+00,1.2455427091481605e+01,3.8988755872431886e+00,1.2712565340684122e+01,1.2245261498814827e+01,1.2455427091481605e+01,1.2712565340684122e+01,7.3275191284235701e+00,8.5866222486928674e+00,8.5866222486928674e+00,6.8251867475537420e+00,6.8251867475537420e+00,6.8251867475537420e+00,3.8988755872431886e+00,0.0000000000000000e+00,1.2712565340684122e+01,1.2360479998642962e+01,1.2245261498814827e+01,7.3275191284235701e+00,0.0000000000000000e+00,1.2455427091481605e+01,1.2360479998642962e+01,7.3275191284235701e+00,7.3275191284235701e+00,6.8251867475537420e+00,2.7504947827871447e+00,6.8251867475537420e+00,7.3275191284235701e+00,8.5866222486928674e+00,2.7504947827871447e+00,1.9173933246071482e+00,2.7504947827871447e+00,3.8988755872431886e+00,6.8251867475537420e+00,7.3275191284235701e+00,7.3275191284235701e+00,1.9173933246071482e+00,1.2455427091481605e+01,6.8251867475537420e+00,1.2455427091481605e+01,1.2455427091481605e+01,1.2455427091481605e+01,1.2455427091481605e+01,1.2455427091481605e+01,1.9173933246071482e+00,4.5880970814548849e+00,1.2455427091481605e+01,6.1738703530803907e+00,1.2360479998642962e+01,1.2712565340684122e+01,6.8251867475537420e+00,1.2455427091481605e+01,6.8251867475537420e+00,6.8251867475537420e+00,1.2455427091481605e+01,1.2712565340684122e+01,1.2712565340684122e+01,6.8251867475537420e+00,3.8988755872431886e+00,1.2712565340684122e+01,1.2712565340684122e+01,3.8988755872431886e+00,6.1738703530803907e+00,1.2360479998642962e+01,1.2712565340684122e+01,1.2360479998642962e+01,1.2360479998642962e+01,1.2455427091481605e+01,0.0000000000000000e+00,1.2712565340684122e+01,8.5866222486928674e+00,1.2712565340684122e+01,3.8988755872431886e+00,1.2712565340684122e+01,9.6673317803752734e-01,1.2712565340684122e+01,4.5880970814548849e+00,6.8251867475537420e+00,1.2360479998642962e+01,1.2712565340684122e+01,2.7504947827871447e+00,1.2712565340684122e+01,1.2712565340684122e+01,2.7504947827871447e+00,7.3275191284235701e+00,1.2455427091481605e+01,2.7504947827871447e+00,1.2360479998642962e+01,1.2360479998642962e+01,8.5866222486928674e+00,7.3275191284235701e+00,1.2455427091481605e+01,9.6673317803752734e-01,7.3275191284235701e+00,0.0000000000000000e+00,9.4413776255290589e+00,8.5866222486928674e+00,7.3275191284235701e+00,3.8988755872431886e+00,1.2455427091481605e+01,1.2455427091481605e+01,1.2455427091481605e+01,1.2455427091481605e+01,1.2455427091481605e+01,8.5866222486928674e+00,1.2712565340684122e+01,1.2455427091481605e+01,9.6673317803752734e-01,1.2455427091481605e+01,3.8988755872431886e+00,3.8988755872431886e+00,1.2455427091481605e+01,1.9173933246071482e+00,6.1738703530803907e+00,1.0110397734506291e+01,1.2360479998642962e+01,8.5866222486928674e+00,6.8251867475537420e+00,8.5866222486928674e+00,1.2455427091481605e+01,1.2360479998642962e+01,9.4413776255290589e+00,8.5866222486928674e+00,1.2455427091481605e+01,1.9173933246071482e+00,6.8251867475537420e+00,7.3275191284235701e+00,1.2455427091481605e+01,9.4413776255290589e+00,1.2455427091481605e+01,3.8988755872431886e+00,4.5880970814548849e+00,4.5880970814548849e+00,1.9173933246071482e+00,7.3275191284235701e+00,1.2245261498814827e+01,4.5880970814548849e+00,1.2245261498814827e+01,1.2245261498814827e+01,0.0000000000000000e+00,9.4413776255290589e+00,1.2360479998642962e+01,7.3275191284235701e+00,1.2360479998642962e+01,1.2712565340684122e+01,9.6673317803752734e-01,9.4413776255290589e+00,1.2455427091481605e+01,8.5866222486928674e+00,9.4413776255290589e+00,6.8251867475537420e+00,9.4413776255290589e+00,1.2245261498814827e+01,1.2360479998642962e+01,8.5866222486928674e+00,6.1738703530803907e+00,9.4413776255290589e+00,1.2455427091481605e+01,8.5866222486928674e+00,8.5866222486928674e+00,9.4413776255290589e+00,9.4413776255290589e+00,1.2712565340684122e+01,1.9173933246071482e+00,0.0000000000000000e+00,1.2712565340684122e+01,8.5866222486928674e+00,1.2455427091481605e+01,2.7504947827871447e+00,2.7504947827871447e+00,1.2712565340684122e+01,3.8988755872431886e+00,1.2712565340684122e+01,0.0000000000000000e+00,9.4413776255290589e+00,4.5880970814548849e+00,9.4413776255290589e+00,9.4413776255290589e+00,9.6673317803752734e-01,9.4413776255290589e+00,9.4413776255290589e+00,1.2455427091481605e+01,0.0000000000000000e+00,1.2455427091481605e+01,1.2712565340684122e+01,9.4413776255290589e+00,1.2245261498814827e+01,1.2455427091481605e+01,1.2455427091481605e+01,8.5866222486928674e+00,2.7504947827871447e+00,9.4413776255290589e+00,1.2455427091481605e+01,9.4413776255290589e+00,2.7504947827871447e+00,9.4413776255290589e+00,1.2455427091481605e+01,4.5880970814548849e+00,1.2455427091481605e+01,1.2245261498814827e+01,1.2245261498814827e+01,1.2245261498814827e+01,1.2245261498814827e+01,1.2712565340684122e+01,1.2245261498814827e+01,1.0110397734506291e+01,1.2712565340684122e+01,6.1738703530803907e+00,1.2245261498814827e+01,0.0000000000000000e+00,1.2712565340684122e+01,1.2712565340684122e+01,1.2712565340684122e+01,1.0110397734506291e+01,4.5880970814548849e+00,1.2712565340684122e+01,1.2245261498814827e+01,1.2712565340684122e+01,9.6673317803752734e-01,1.2455427091481605e+01,9.4413776255290589e+00,1.2455427091481605e+01,4.5880970814548849e+00,0.0000000000000000e+00,3.8988755872431886e+00,4.5880970814548849e+00,4.5880970814548849e+00,7.3275191284235701e+00,1.2455427091481605e+01,3.8988755872431886e+00,9.4413776255290589e+00,1.2245261498814827e+01,1.2245261498814827e+01,1.0110397734506291e+01,1.2712565340684122e+01,4.5880970814548849e+00,4.5880970814548849e+00,1.2245261498814827e+01,1.2712565340684122e+01,4.5880970814548849e+00,7.3275191284235701e+00,1.2245261498814827e+01,1.2245261498814827e+01,1.2712565340684122e+01,1.2245261498814827e+01,4.5880970814548849e+00,9.6673317803752734e-01,2.7504947827871447e+00,4.5880970814548849e+00,9.4413776255290589e+00,1.2245261498814827e+01,4.5880970814548849e+00,8.5866222486928674e+00,8.5866222486928674e+00,1.2360479998642962e+01,6.1738703530803907e+00,8.5866222486928674e+00,7.3275191284235701e+00,9.6673317803752734e-01,7.3275191284235701e+00,0.0000000000000000e+00,0.0000000000000000e+00,1.2245261498814827e+01,1.2245261498814827e+01,1.2245261498814827e+01,1.0110397734506291e+01,7.3275191284235701e+00,1.2455427091481605e+01,7.3275191284235701e+00,8.5866222486928674e+00,1.2455427091481605e+01,1.2245261498814827e+01,1.2455427091481605e+01,1.2245261498814827e+01,1.2245261498814827e+01,1.2245261498814827e+01,8.5866222486928674e+00,1.2455427091481605e+01,1.0110397734506291e+01,9.4413776255290589e+00,1.2712565340684122e+01,1.2360479998642962e+01,9.6673317803752734e-01,0.0000000000000000e+00,1.0110397734506291e+01,1.2455427091481605e+01,1.0110397734506291e+01,1.2360479998642962e+01,6.1738703530803907e+00,1.2245261498814827e+01,1.0110397734506291e+01,1.0110397734506291e+01,1.2245261498814827e+01,1.2712565340684122e+01,1.9173933246071482e+00,4.5880970814548849e+00,1.2712565340684122e+01,1.0110397734506291e+01,1.2455427091481605e+01,6.8251867475537420e+00,1.2712565340684122e+01,1.0110397734506291e+01,1.9173933246071482e+00,1.2455427091481605e+01,2.7504947827871447e+00,3.8988755872431886e+00,1.2245261498814827e+01,1.2245261498814827e+01,1.2245261498814827e+01,1.2245261498814827e+01,1.2245261498814827e+01,9.4413776255290589e+00,1.2712565340684122e+01,2.7504947827871447e+00,4.5880970814548849e+00,1.2245261498814827e+01,6.8251867475537420e+00,4.5880970814548849e+00,1.9173933246071482e+00,1.2712565340684122e+01,8.5866222486928674e+00,0.0000000000000000e+00,1.2245261498814827e+01,1.2245261498814827e+01,1.0110397734506291e+01,1.2712565340684122e+01,0.0000000000000000e+00,1.2245261498814827e+01,1.2712565340684122e+01,9.4413776255290589e+00,1.2712565340684122e+01,1.0110397734506291e+01,4.5880970814548849e+00,7.3275191284235701e+00,2.7504947827871447e+00,1.0110397734506291e+01,1.2455427091481605e+01,8.5866222486928674e+00,8.5866222486928674e+00,8.5866222486928674e+00,6.8251867475537420e+00,6.8251867475537420e+00,1.2712565340684122e+01,1.2712565340684122e+01,7.3275191284235701e+00,1.0110397734506291e+01,8.5866222486928674e+00,1.0110397734506291e+01,1.0110397734506291e+01,1.2712565340684122e+01,1.2360479998642962e+01,9.4413776255290589e+00,1.0110397734506291e+01,9.4413776255290589e+00,1.2712565340684122e+01,8.5866222486928674e+00,1.2455427091481605e+01,7.3275191284235701e+00,7.3275191284235701e+00,1.2712565340684122e+01,1.2712565340684122e+01,2.7504947827871447e+00,9.4413776255290589e+00,1.2455427091481605e+01,1.2245261498814827e+01,1.0110397734506291e+01,1.2712565340684122e+01,6.1738703530803907e+00,6.1738703530803907e+00,1.2712565340684122e+01,1.2455427091481605e+01,1.0110397734506291e+01,7.3275191284235701e+00,1.2712565340684122e+01,6.1738703530803907e+00,1.2712565340684122e+01,1.2712565340684122e+01,1.2712565340684122e+01,1.2245261498814827e+01,1.2245261498814827e+01,1.2455427091481605e+01,1.2712565340684122e+01,1.2712565340684122e+01,1.2712565340684122e+01,2.7504947827871447e+00,1.2712565340684122e+01,1.2712565340684122e+01,1.2245261498814827e+01,1.2712565340684122e+01,9.6673317803752734e-01,1.2455427091481605e+01,1.0110397734506291e+01,0.0000000000000000e+00,1.2712565340684122e+01,0.0000000000000000e+00,1.2245261498814827e+01,0.0000000000000000e+00,0.0000000000000000e+00,6.1738703530803907e+00,1.2245261498814827e+01,1.2245261498814827e+01,1.2245261498814827e+01,1.9173933246071482e+00,1.2712565340684122e+01,1.0110397734506291e+01,6.8251867475537420e+00,1.0110397734506291e+01,6.8251867475537420e+00,6.8251867475537420e+00,1.0110397734506291e+01,1.9173933246071482e+00,1.2245261498814827e+01,1.2455427091481605e+01,7.3275191284235701e+00,6.8251867475537420e+00,6.8251867475537420e+00,6.1738703530803907e+00,1.2245261498814827e+01,1.2455427091481605e+01,9.4413776255290589e+00,1.0110397734506291e+01,1.2455427091481605e+01,1.2712565340684122e+01,7.3275191284235701e+00,1.2245261498814827e+01,9.4413776255290589e+00,1.2245261498814827e+01,9.4413776255290589e+00,6.8251867475537420e+00,6.8251867475537420e+00,1.2245261498814827e+01,1.2712565340684122e+01,9.4413776255290589e+00,1.2712565340684122e+01,1.2455427091481605e+01,1.2455427091481605e+01,8.5866222486928674e+00,3.8988755872431886e+00,3.8988755872431886e+00,6.1738703530803907e+00,1.0110397734506291e+01,7.3275191284235701e+00,9.4413776255290589e+00,1.2360479998642962e+01,1.2360479998642962e+01,1.2712565340684122e+01,6.8251867475537420e+00,1.2360479998642962e+01,1.2712565340684122e+01,1.2245261498814827e+01,9.4413776255290589e+00,9.6673317803752734e-01,6.1738703530803907e+00,9.4413776255290589e+00,3.8988755872431886e+00,3.8988755872431886e+00,1.2245261498814827e+01,1.2712565340684122e+01,9.4413776255290589e+00,4.5880970814548849e+00,6.1738703530803907e+00,9.4413776255290589e+00,6.8251867475537420e+00,1.2360479998642962e+01,1.2360479998642962e+01,1.2360479998642962e+01,9.4413776255290589e+00,1.2245261498814827e+01,4.5880970814548849e+00,1.2360479998642962e+01,1.2712565340684122e+01,1.2360479998642962e+01,1.2360479998642962e+01,1.0110397734506291e+01,6.8251867475537420e+00,9.4413776255290589e+00,8.5866222486928674e+00,6.1738703530803907e+00,1.0110397734506291e+01,6.1738703530803907e+00,6.8251867475537420e+00,6.8251867475537420e+00,1.2360479998642962e+01,9.4413776255290589e+00,1.2245261498814827e+01,1.2360479998642962e+01,1.2712565340684122e+01,1.2455427091481605e+01,1.2245261498814827e+01,6.1738703530803907e+00,1.0110397734506291e+01,1.2712565340684122e+01,9.4413776255290589e+00,7.3275191284235701e+00,9.4413776255290589e+00,3.8988755872431886e+00,1.0110397734506291e+01,9.4413776255290589e+00,1.2360479998642962e+01,1.0110397734506291e+01,1.2455427091481605e+01,1.2455427091481605e+01,1.2360479998642962e+01,8.5866222486928674e+00,4.5880970814548849e+00,3.8988755872431886e+00,1.2712565340684122e+01,6.8251867475537420e+00,1.2245261498814827e+01,1.2712565340684122e+01,3.8988755872431886e+00,1.2245261498814827e+01,1.2245261498814827e+01,1.2245261498814827e+01,1.2245261498814827e+01,1.2245261498814827e+01,1.2245261498814827e+01,1.2245261498814827e+01,1.2245261498814827e+01,1.2245261498814827e+01,8.5866222486928674e+00,9.6673317803752734e-01,1.2712565340684122e+01,1.2245261498814827e+01,1.2245261498814827e+01,1.2712565340684122e+01,1.2712565340684122e+01,9.6673317803752734e-01,7.3275191284235701e+00,1.2712565340684122e+01,9.6673317803752734e-01,6.1738703530803907e+00,1.2360479998642962e+01,6.8251867475537420e+00,1.2360479998642962e+01,1.2245261498814827e+01,6.1738703530803907e+00,4.5880970814548849e+00,1.2360479998642962e+01,1.2712565340684122e+01,6.1738703530803907e+00,1.2360479998642962e+01,8.5866222486928674e+00,1.2455427091481605e+01,4.5880970814548849e+00,6.8251867475537420e+00,1.2245261498814827e+01,1.0110397734506291e+01,1.2245261498814827e+01,3.8988755872431886e+00,1.9173933246071482e+00,4.5880970814548849e+00,1.2245261498814827e+01,8.5866222486928674e+00,2.7504947827871447e+00,7.3275191284235701e+00,3.8988755872431886e+00,3.8988755872431886e+00,0.0000000000000000e+00,9.6673317803752734e-01,1.2455427091481605e+01,1.2455427091481605e+01,1.2455427091481605e+01,1.2712565340684122e+01,7.3275191284235701e+00,0.0000000000000000e+00,1.2245261498814827e+01,4.5880970814548849e+00,1.2712565340684122e+01,1.2455427091481605e+01,1.2455427091481605e+01,1.0110397734506291e+01,7.3275191284235701e+00,7.3275191284235701e+00,2.7504947827871447e+00,1.2712565340684122e+01,1.2455427091481605e+01,7.3275191284235701e+00,7.3275191284235701e+00,7.3275191284235701e+00,8.5866222486928674e+00,7.3275191284235701e+00,7.3275191284235701e+00,4.5880970814548849e+00,4.5880970814548849e+00,1.2455427091481605e+01,6.1738703530803907e+00,1.2245261498814827e+01,1.2245261498814827e+01,1.2245261498814827e+01,1.2712565340684122e+01,1.2245261498814827e+01,1.2245261498814827e+01,1.2712565340684122e+01,7.3275191284235701e+00,7.3275191284235701e+00,1.2245261498814827e+01,3.8988755872431886e+00,6.8251867475537420e+00,0.0000000000000000e+00,1.2245261498814827e+01,1.2712565340684122e+01,1.2712565340684122e+01,3.8988755872431886e+00,4.5880970814548849e+00,7.3275191284235701e+00,1.2712565340684122e+01,1.2360479998642962e+01,1.2712565340684122e+01,6.8251867475537420e+00,1.2712565340684122e+01,1.2712565340684122e+01,3.8988755872431886e+00,6.8251867475537420e+00,1.2712565340684122e+01,1.2712565340684122e+01,2.7504947827871447e+00,1.2245261498814827e+01,7.3275191284235701e+00,8.5866222486928674e+00,9.4413776255290589e+00,2.7504947827871447e+00,7.3275191284235701e+00,1.0110397734506291e+01,1.2245261498814827e+01,2.7504947827871447e+00,9.4413776255290589e+00,1.2245261498814827e+01,1.2360479998642962e+01,9.4413776255290589e+00,1.2455427091481605e+01,1.2455427091481605e+01,1.2712565340684122e+01,1.2712565340684122e+01,2.7504947827871447e+00,9.4413776255290589e+00,1.2712565340684122e+01,1.2455427091481605e+01,1.2245261498814827e+01,6.1738703530803907e+00,6.1738703530803907e+00,6.1738703530803907e+00,1.2455427091481605e+01,1.2360479998642962e+01,6.1738703530803907e+00,1.2712565340684122e+01,9.6673317803752734e-01,6.8251867475537420e+00,9.4413776255290589e+00,2.7504947827871447e+00,4.5880970814548849e+00,1.2712565340684122e+01,1.2712565340684122e+01,4.5880970814548849e+00,2.7504947827871447e+00,1.2245261498814827e+01,0.0000000000000000e+00,9.4413776255290589e+00,3.8988755872431886e+00,7.3275191284235701e+00,6.1738703530803907e+00,1.2455427091481605e+01,4.5880970814548849e+00,7.3275191284235701e+00,0.0000000000000000e+00,1.2360479998642962e+01,0.0000000000000000e+00,0.0000000000000000e+00,6.8251867475537420e+00,1.2455427091481605e+01,6.8251867475537420e+00,2.7504947827871447e+00,1.2245261498814827e+01,1.2360479998642962e+01,7.3275191284235701e+00,7.3275191284235701e+00,1.2245261498814827e+01,7.3275191284235701e+00,1.2455427091481605e+01,4.5880970814548849e+00,6.1738703530803907e+00,1.2360479998642962e+01,1.2360479998642962e+01,1.2360479998642962e+01,1.2360479998642962e+01,1.2712565340684122e+01,4.5880970814548849e+00,1.2360479998642962e+01,9.6673317803752734e-01,0.0000000000000000e+00,1.2712565340684122e+01,1.0110397734506291e+01,2.7504947827871447e+00,7.3275191284235701e+00,7.3275191284235701e+00,2.7504947827871447e+00,4.5880970814548849e+00,1.2360479998642962e+01,3.8988755872431886e+00,9.6673317803752734e-01,1.2245261498814827e+01,1.2712565340684122e+01,1.2360479998642962e+01,6.8251867475537420e+00,1.2712565340684122e+01,1.2455427091481605e+01,1.2455427091481605e+01,6.1738703530803907e+00,9.4413776255290589e+00,1.2360479998642962e+01,0.0000000000000000e+00,1.9173933246071482e+00,1.9173933246071482e+00,8.5866222486928674e+00,1.2245261498814827e+01,3.8988755872431886e+00,1.2245261498814827e+01,1.2245261498814827e+01,1.2245261498814827e+01,1.0110397734506291e+01,1.2455427091481605e+01,9.6673317803752734e-01,4.5880970814548849e+00,6.1738703530803907e+00,7.3275191284235701e+00,4.5880970814548849e+00,1.2455427091481605e+01,1.2455427091481605e+01,2.7504947827871447e+00,6.1738703530803907e+00,1.2712565340684122e+01,0.0000000000000000e+00,1.2712565340684122e+01,1.2712565340684122e+01,6.1738703530803907e+00,1.2245261498814827e+01,6.8251867475537420e+00,6.1738703530803907e+00,1.2245261498814827e+01,1.2360479998642962e+01,1.2360479998642962e+01,6.8251867475537420e+00,1.2455427091481605e+01,1.2455427091481605e+01,8.5866222486928674e+00,1.2455427091481605e+01,1.2245261498814827e+01,6.1738703530803907e+00,6.8251867475537420e+00,9.6673317803752734e-01,2.7504947827871447e+00,9.4413776255290589e+00,1.2712565340684122e+01,1.2712565340684122e+01,9.4413776255290589e+00,8.5866222486928674e+00,6.1738703530803907e+00,3.8988755872431886e+00,2.7504947827871447e+00,2.7504947827871447e+00,9.6673317803752734e-01,1.2712565340684122e+01,4.5880970814548849e+00,1.2455427091481605e+01,1.2455427091481605e+01,1.2712565340684122e+01,7.3275191284235701e+00,1.2245261498814827e+01,7.3275191284235701e+00,1.0110397734506291e+01,3.8988755872431886e+00,1.2712565340684122e+01,1.2712565340684122e+01,4.5880970814548849e+00,1.2360479998642962e+01,1.0110397734506291e+01,1.9173933246071482e+00,6.1738703530803907e+00,1.9173933246071482e+00,3.8988755872431886e+00,6.1738703530803907e+00,1.2455427091481605e+01,1.2712565340684122e+01,1.2455427091481605e+01,3.8988755872431886e+00,1.2455427091481605e+01,6.8251867475537420e+00,1.2712565340684122e+01,7.3275191284235701e+00,1.2455427091481605e+01,9.4413776255290589e+00,9.4413776255290589e+00,3.8988755872431886e+00,9.4413776255290589e+00,1.2455427091481605e+01,1.2712565340684122e+01,8.5866222486928674e+00,8.5866222486928674e+00,1.2712565340684122e+01,2.7504947827871447e+00,1.2712565340684122e+01,1.2455427091481605e+01,3.8988755872431886e+00,1.2712565340684122e+01,7.3275191284235701e+00,1.2712565340684122e+01,9.6673317803752734e-01,7.3275191284235701e+00,1.2712565340684122e+01,7.3275191284235701e+00,1.2360479998642962e+01,9.6673317803752734e-01,9.4413776255290589e+00,1.2712565340684122e+01,6.8251867475537420e+00,4.5880970814548849e+00,1.2455427091481605e+01,1.2712565340684122e+01,9.4413776255290589e+00,9.4413776255290589e+00,6.8251867475537420e+00,9.4413776255290589e+00,1.9173933246071482e+00,2.7504947827871447e+00,6.1738703530803907e+00,6.1738703530803907e+00,1.2455427091481605e+01,6.8251867475537420e+00,1.2712565340684122e+01,1.2712565340684122e+01,1.2360479998642962e+01,1.2712565340684122e+01,7.3275191284235701e+00,2.7504947827871447e+00,7.3275191284235701e+00,6.8251867475537420e+00,6.1738703530803907e+00,1.0110397734506291e+01,3.8988755872431886e+00,8.5866222486928674e+00,1.2712565340684122e+01,2.7504947827871447e+00,6.1738703530803907e+00,1.2245261498814827e+01,1.2245261498814827e+01,9.4413776255290589e+00,1.0110397734506291e+01,9.4413776255290589e+00,1.0110397734506291e+01,1.2455427091481605e+01,1.0110397734506291e+01,1.2360479998642962e+01,1.2712565340684122e+01,2.7504947827871447e+00,1.2245261498814827e+01,6.1738703530803907e+00,9.4413776255290589e+00,7.3275191284235701e+00,9.4413776255290589e+00,9.4413776255290589e+00,8.5866222486928674e+00,4.5880970814548849e+00,0.0000000000000000e+00,1.0110397734506291e+01,1.2455427091481605e+01,1.0110397734506291e+01,7.3275191284235701e+00,9.4413776255290589e+00,1.2712565340684122e+01,9.4413776255290589e+00,1.2455427091481605e+01,6.8251867475537420e+00,6.8251867475537420e+00,6.1738703530803907e+00,6.1738703530803907e+00,8.5866222486928674e+00,1.0110397734506291e+01,1.2712565340684122e+01,9.4413776255290589e+00,7.3275191284235701e+00,2.7504947827871447e+00,1.2245261498814827e+01,2.7504947827871447e+00,7.3275191284235701e+00,2.7504947827871447e+00,2.7504947827871447e+00,1.2712565340684122e+01,1.2245261498814827e+01,1.2712565340684122e+01,2.7504947827871447e+00,6.1738703530803907e+00,6.1738703530803907e+00,6.1738703530803907e+00,1.2360479998642962e+01,1.0110397734506291e+01,3.8988755872431886e+00,1.0110397734506291e+01,1.2712565340684122e+01,1.2360479998642962e+01,7.3275191284235701e+00,1.9173933246071482e+00,1.2245261498814827e+01,9.6673317803752734e-01,8.5866222486928674e+00,1.2245261498814827e+01,1.2455427091481605e+01,9.6673317803752734e-01,2.7504947827871447e+00,1.2360479998642962e+01,1.2712565340684122e+01,9.6673317803752734e-01,0.0000000000000000e+00
1.5367781093852624e+01,1.2394184862668574e+01,1.5367781093852624e+01,1.2394184862668574e+01,1.2394184862668574e+01,1.5367781093852624e+01,1.0506418796643553e+01,1.5367781093852624e+01,1.5367781093852624e+01,5.6326100470518279e+00,5.6326100470518279e+00,1.5367781093852624e+01,1.5367781093852624e+01,1.5367781093852624e+01,1.5367781093852624e+01,5.6326100470518279e+00,8.0208128955224325e+00,1.2514062314759995e+01,1.7106233562693354e+00,1.5367781093852624e+01,3.2147727671477977e+00,8.0208128955224325e+00,9.2255233636772160e-01,6.2401295274052915e+00,1.5367781093852624e+01,1.0506418796643553e+01,1.2394184862668574e+01,1.2514062314759995e+01,3.2147727671477977e+00,1.4589602668076514e+01,5.6326100470518279e+00,1.0506418796643553e+01,1.2394184862668574e+01,1.2394184862668574e+01,4.7726628709814385e+00,1.7106233562693354e+00,1.2394184862668574e+01,1.7106233562693354e+00,3.2147727671477977e+00,1.7106233562693354e+00,3.2147727671477977e+00,8.0208128955224325e+00,1.2514062314759995e+01,3.5036231460486222e+00,9.2255233636772160e-01,1.0506418796643553e+01,3.2147727671477977e+00,1.5367781093852624e+01,1.2514062314759995e+01,1.2514062314759995e+01,6.2401295274052915e+00,1.0506418796643553e+01,1.4589602668076514e+01,1.4589602668076514e+01,3.5036231460486222e+00,1.4589602668076514e+01,3.5036231460486222e+00,3.2147727671477977e+00,8.5243794824665482e+00,1.0506418796643553e+01,8.5243794824665482e+00,1.2394184862668574e+01,1.2394184862668574e+01,8.0208128955224325e+00,1.4589602668076514e+01,1.5367781093852624e+01,1.2394184862668574e+01,1.4589602668076514e+01,1.7106233562693354e+00,1.2514062314759995e+01,3.2147727671477977e+00,1.5367781093852624e+01,1.4589602668076514e+01,4.7726628709814385e+00,1.2394184862668574e+01,1.2394184862668574e+01,1.2394184862668574e+01,5.6326100470518279e+00,5.6326100470518279e+00,5.6326100470518279e+00,9.2255233636772160e-01,3.5036231460486222e+00,1.4589602668076514e+01,1.2394184862668574e+01,1.2394184862668574e+01,1.2514062314759995e+01,1.2394184862668574e+01,3.5036231460486222e+00,1.5367781093852624e+01,9.5918982326902409e+00,1.5367781093852624e+01,1.5367781093852624e+01,1.2394184862668574e+01,8.5243794824665482e+00,3.2147727671477977e+00,1.2394184862668574e+01,1.7106233562693354e+00,1.5367781093852624e+01,3.2147727671477977e+00,1.4589602668076514e+01,1.4589602668076514e+01,1.2514062314759995e+01,1.4589602668076514e+01,1.2514062314759995e+01,3.2147727671477977e+00,1.2514062314759995e+01,0.0000000000000000e+00,1.4589602668076514e+01,1.2514062314759995e+01,1.0506418796643553e+01,1.2394184862668574e+01,1.4589602668076514e+01,1.0506418796643553e+01,9.5918982326902409e+00,1.7106233562693354e+00,1.5367781093852624e+01,1.4589602668076514e+01,8.5243794824665482e+00,8.0208128955224325e+00,9.2255233636772160e-01,8.5243794824665482e+00,1.4589602668076514e+01,1.2394184862668574e+01,8.5243794824665482e+00,1.5367781093852624e+01,1.4589602668076514e+01,1.2514062314759995e+01,5.6326100470518279e+00,1.2514062314759995e+01,1.0506418796643553e+01,1.0506418796643553e+01,1.0506418796643553e+01,5.6326100470518279e+00,1.2394184862668574e+01,1.5367781093852624e+01,1.2394184862668574e+01,1.2514062314759995e+01,3.2147727671477977e+00,1.2514062314759995e+01,1.2514062314759995e+01,0.0000000000000000e+00,1.2394184862668574e+01,1.2394184862668574e+01,1.2394184862668574e+01,1.2394184862668574e+01,1.4589602668076514e+01,8.0208128955224325e+00,8.5243794824665482e+00,1.2394184862668574e+01,3.2147727671477977e+00,8.5243794824665482e+00,1.5367781093852624e+01,0.0000000000000000e+00,8.5243794824665482e+00,5.6326100470518279e+00,1.2394184862668574e+01,1.2514062314759995e+01,3.5036231460486222e+00,3.2147727671477977e+00,3.2147727671477977e+00,0.0000000000000000e+00,1.5367781093852624e+01,9.2255233636772160e-01,1.4589602668076514e+01,1.2394184862668574e+01,3.2147727671477977e+00,9.2255233636772160e-01,1.4589602668076514e+01,1.2394184862668574e+01,1.4589602668076514e+01,1.0506418796643553e+01,1.2514062314759995e+01,1.5367781093852624e+01,8.5243794824665482e+00,1.7106233562693354e+00,1.2514062314759995e+01,4.7726628709814385e+00,1.2394184862668574e+01,3.2147727671477977e+00,3.5036231460486222e+00,1.4589602668076514e+01,3.5036231460486222e+00,5.6326100470518279e+00,1.4589602668076514e+01,8.0208128955224325e+00,5.6326100470518279e+00,9.2255233636772160e-01,1.5367781093852624e+01,3.5036231460486222e+00,1.4589602668076514e+01,9.2255233636772160e-01,4.7726628709814385e+00,1.2394184862668574e+01,9.5918982326902409e+00,9.2255233636772160e-01,9.5918982326902409e+00,0.0000000000000000e+00,0.0000000000000000e+00,1.4589602668076514e+01,9.5918982326902409e+00,3.5036231460486222e+00,1.0506418796643553e+01,1.4589602668076514e+01,6.2401295274052915e+00,1.5367781093852624e+01,1.2514062314759995e+01,1.2514062314759995e+01,1.2514062314759995e+01,1.2394184862668574e+01,1.2514062314759995e+01,0.0000000000000000e+00,1.2514062314759995e+01,1.0506418796643553e+01,1.0506418796643553e+01,1.0506418796643553e+01,1.2394184862668574e+01,1.7106233562693354e+00,3.5036231460486222e+00,1.2394184862668574e+01,1.0506418796643553e+01,3.5036231460486222e+00,1.2514062314759995e+01,1.2514062314759995e+01,5.6326100470518279e+00,1.2514062314759995e+01,8.0208128955224325e+00,1.2514062314759995e+01,1.2514062314759995e+01,1.2514062314759995e+01,9.2255233636772160e-01,1.2394184862668574e+01,1.2514062314759995e+01,3.2147727671477977e+00,1.2514062314759995e+01,1.2514062314759995e+01,1.5367781093852624e+01,8.5243794824665482e+00,1.0506418796643553e+01,1.0506418796643553e+01,1.0506418796643553e+01,1.0506418796643553e+01,1.2394184862668574e+01,1.2514062314759995e+01,1.5367781093852624e+01,8.0208128955224325e+00,1.4589602668076514e+01,1.4589602668076514e+01,4.7726628709814385e+00,4.7726628709814385e+00,1.7106233562693354e+00,6.2401295274052915e+00,1.4589602668076514e+01,3.2147727671477977e+00,6.2401295274052915e+00,1.4589602668076514e+01,5.6326100470518279e+00,1.4589602668076514e+01,1.2514062314759995e+01,5.6326100470518279e+00,9.2255233636772160e-01,4.7726628709814385e+00,1.2514062314759995e+01,1.4589602668076514e+01,4.7726628709814385e+00,3.5036231460486222e+00,8.0208128955224325e+00,4.7726628709814385e+00,8.0208128955224325e+00,1.4589602668076514e+01,3.5036231460486222e+00,3.5036231460486222e+00,8.5243794824665482e+00,4.7726628709814385e+00,1.0506418796643553e+01,9.5918982326902409e+00,1.2514062314759995e+01,1.2514062314759995e+01,5.6326100470518279e+00,1.2514062314759995e+01,1.5367781093852624e+01,1.5367781093852624e+01,1.5367781093852624e+01,1.2514062314759995e+01,3.5036231460486222e+00,1.2514062314759995e+01,1.5367781093852624e+01,1.0506418796643553e+01,1.4589602668076514e+01,1.7106233562693354e+00,8.5243794824665482e+00,0.0000000000000000e+00,1.5367781093852624e+01,8.0208128955224325e+00,1.7106233562693354e+00,1.2394184862668574e+01,1.5367781093852624e+01,4.7726628709814385e+00,1.5367781093852624e+01,1.5367781093852624e+01,1.0506418796643553e+01,1.2394184862668574e+01,1.5367781093852624e+01,1.7106233562693354e+00,1.0506418796643553e+01,8.0208128955224325e+00,9.2255233636772160e-01,8.0208128955224325e+00,1.2514062314759995e+01,1.5367781093852624e+01,1.4589602668076514e+01,1.2394184862668574e+01,1.5367781093852624e+01,1.2394184862668574e+01,8.0208128955224325e+00,0.0000000000000000e+00,8.0208128955224325e+00,1.5367781093852624e+01,3.2147727671477977e+00,4.7726628709814385e+00,1.0506418796643553e+01,1.4589602668076514e+01,9.2255233636772160e-01,8.0208128955224325e+00,1.4589602668076514e+01,4.7726628709814385e+00,1.5367781093852624e+01,9.2255233636772160e-01,1.2394184862668574e+01,1.2394184862668574e+01,1.2394184862668574e+01,6.2401295274052915e+00,3.2147727671477977e+00,6.2401295274052915e+00,3.2147727671477977e+00,8.0208128955224325e+00,8.5243794824665482e+00,6.2401295274052915e+00,9.2255233636772160e-01,1.4589602668076514e+01,8.0208128955224325e+00,8.0208128955224325e+00,1.5367781093852624e+01,8.5243794824665482e+00,1.5367781093852624e+01,1.5367781093852624e+01,1.5367781093852624e+01,1.2394184862668574e+01,1.5367781093852624e+01,8.0208128955224325e+00,1.2514062314759995e+01,4.7726628709814385e+00,1.2394184862668574e+01,1.7106233562693354e+00,3.2147727671477977e+00,1.5367781093852624e+01,1.4589602668076514e+01,1.4589602668076514e+01,1.0506418796643553e+01,8.0208128955224325e+00,9.5918982326902409e+00,9.2255233636772160e-01,8.0208128955224325e+00,1.2394184862668574e+01,1.0506418796643553e+01,1.5367781093852624e+01,6.2401295274052915e+00,1.0506418796643553e+01,1.5367781093852624e+01,9.5918982326902409e+00,9.5918982326902409e+00,1.2514062314759995e+01,1.7106233562693354e+00,9.5918982326902409e+00,3.2147727671477977e+00,1.7106233562693354e+00,4.7726628709814385e+00,1.4589602668076514e+01,3.5036231460486222e+00,1.4589602668076514e+01,1.0506418796643553e+01,1.7106233562693354e+00,1.7106233562693354e+00,5.6326100470518279e+00,8.5243794824665482e+00,9.2255233636772160e-01,1.2514062314759995e+01,1.2394184862668574e+01,1.2394184862668574e+01,1.2514062314759995e+01,4.7726628709814385e+00,5.6326100470518279e+00,1.2394184862668574e+01,9.2255233636772160e-01,1.2394184862668574e+01,3.2147727671477977e+00,1.2394184862668574e+01,9.5918982326902409e+00,6.2401295274052915e+00,1.2514062314759995e+01,1.2514062314759995e+01,8.0208128955224325e+00,1.7106233562693354e+00,9.2255233636772160e-01,8.0208128955224325e+00,1.5367781093852624e+01,1.4589602668076514e+01,5.6326100470518279e+00,9.2255233636772160e-01,3.2147727671477977e+00,1.2514062314759995e+01,9.5918982326902409e+00,1.4589602668076514e+01,1.2394184862668574e+01,1.4589602668076514e+01,1.2394184862668574e+01,1.4589602668076514e+01,8.0208128955224325e+00,8.5243794824665482e+00,1.2394184862668574e+01,8.0208128955224325e+00,1.0506418796643553e+01,1.5367781093852624e+01,1.5367781093852624e+01,1.2394184862668574e+01,1.0506418796643553e+01,1.5367781093852624e+01,1.0506418796643553e+01,0.0000000000000000e+00,1.2394184862668574e+01,1.2514062314759995e+01,8.5243794824665482e+00,1.2394184862668574e+01,1.2394184862668574e+01,1.2394184862668574e+01,4.7726628709814385e+00,1.2394184862668574e+01,9.5918982326902409e+00,1.2394184862668574e+01,1.0506418796643553e+01,6.2401295274052915e+00,3.5036231460486222e+00,9.5918982326902409e+00,1.5367781093852624e+01,6.2401295274052915e+00,1.2394184862668574e+01,6.2401295274052915e+00,1.2394184862668574e+01,1.5367781093852624e+01,6.2401295274052915e+00,1.0506418796643553e+01,1.7106233562693354e+00,3.5036231460486222e+00,9.5918982326902409e+00,9.5918982326902409e+00,1.7106233562693354e+00,1.2394184862668574e+01,1.2514062314759995e+01,9.2255233636772160e-01,9.2255233636772160e-01,9.2255233636772160e-01,1.5367781093852624e+01,6.2401295274052915e+00,9.5918982326902409e+00,3.2147727671477977e+00,3.5036231460486222e+00,1.2394184862668574e+01,3.5036231460486222e+00,6.2401295274052915e+00,1.2514062314759995e+01,6.2401295274052915e+00,1.2394184862668574e+01,6.2401295274052915e+00,1.4589602668076514e+01,1.2514062314759995e+01,4.7726628709814385e+00,5.6326100470518279e+00,5.6326100470518279e+00,1.7106233562693354e+00,8.0208128955224325e+00,1.0506418796643553e+01,1.5367781093852624e+01,8.0208128955224325e+00,4.7726628709814385e+00,1.0506418796643553e+01,0.0000000000000000e+00,1.0506418796643553e+01,0.0000000000000000e+00,1.7106233562693354e+00,6.2401295274052915e+00,1.5367781093852624e+01,1.5367781093852624e+01,3.5036231460486222e+00,3.5036231460486222e+00,1.5367781093852624e+01,1.4589602668076514e+01,8.5243794824665482e+00,1.0506418796643553e+01,8.5243794824665482e+00,1.4589602668076514e+01,8.5243794824665482e+00,1.5367781093852624e+01,1.5367781093852624e+01,8.5243794824665482e+00,8.5243794824665482e+00,3.2147727671477977e+00,8.5243794824665482e+00,1.7106233562693354e+00,1.7106233562693354e+00,1.7106233562693354e+00,9.2255233636772160e-01,6.2401295274052915e+00,0.0000000000000000e+00,4.7726628709814385e+00,8.5243794824665482e+00,3.5036231460486222e+00,9.2255233636772160e-01,1.5367781093852624e+01,0.0000000000000000e+00,5.6326100470518279e+00,0.0000000000000000e+00,1.0506418796643553e+01,9.5918982326902409e+00,1.0506418796643553e+01,1.2514062314759995e+01,8.5243794824665482e+00,3.5036231460486222e+00,1.7106233562693354e+00,5.6326100470518279e+00,1.7106233562693354e+00,1.0506418796643553e+01,4.7726628709814385e+00,1.5367781093852624e+01,9.2255233636772160e-01,1.2514062314759995e+01,1.5367781093852624e+01,5.6326100470518279e+00,5.6326100470518279e+00,3.5036231460486222e+00,1.7106233562693354e+00,1.5367781093852624e+01,1.0506418796643553e+01,1.7106233562693354e+00,1.0506418796643553e+01,8.0208128955224325e+00,8.0208128955224325e+00,1.5367781093852624e+01,1.5367781093852624e+01,3.2147727671477977e+00,1.5367781093852624e+01,9.5918982326902409e+00,1.2514062314759995e+01,9.2255233636772160e-01,9.2255233636772160e-01,1.5367781093852624e+01,1.5367781093852624e+01,1.5367781093852624e+01,1.4589602668076514e+01,9.5918982326902409e+00,3.5036231460486222e+00,9.2255233636772160e-01,4.7726628709814385e+00,1.4589602668076514e+01,1.5367781093852624e+01,4.7726628709814385e+00,9.5918982326902409e+00,1.4589602668076514e+01,1.5367781093852624e+01,9.5918982326902409e+00,3.5036231460486222e+00,8.5243794824665482e+00,8.5243794824665482e+00,1.2394184862668574e+01,1.5367781093852624e+01,1.5367781093852624e+01,1.2394184862668574e+01,1.5367781093852624e+01,1.5367781093852624e+01,1.2394184862668574e+01,3.5036231460486222e+00,1.5367781093852624e+01,1.5367781093852624e+01,3.2147727671477977e+00,0.0000000000000000e+00,5.6326100470518279e+00,1.5367781093852624e+01,1.5367781093852624e+01,1.5367781093852624e+01,1.5367781093852624e+01,9.5918982326902409e+00,9.5918982326902409e+00,1.5367781093852624e+01,1.5367781093852624e+01,0.0000000000000000e+00,1.2394184862668574e+01,4.7726628709814385e+00,3.2147727671477977e+00,1.0506418796643553e+01,1.2514062314759995e+01,6.2401295274052915e+00,1.2514062314759995e+01,3.5036231460486222e+00,3.5036231460486222e+00,3.5036231460486222e+00,3.5036231460486222e+00,3.5036231460486222e+00,9.2255233636772160e-01,3.5036231460486222e+00,1.7106233562693354e+00,1.0506418796643553e+01,1.2514062314759995e+01,8.5243794824665482e+00,9.2255233636772160e-01,3.5036231460486222e+00,4.7726628709814385e+00,9.5918982326902409e+00,1.4589602668076514e+01,8.0208128955224325e+00,1.2514062314759995e+01,3.5036231460486222e+00,4.7726628709814385e+00,3.5036231460486222e+00,1.5367781093852624e+01,8.0208128955224325e+00,9.2255233636772160e-01,1.5367781093852624e+01,8.0208128955224325e+00,8.5243794824665482e+00,1.5367781093852624e+01,1.5367781093852624e+01,8.5243794824665482e+00,8.0208128955224325e+00,1.7106233562693354e+00,6.2401295274052915e+00,8.0208128955224325e+00,6.2401295274052915e+00,1.2514062314759995e+01,1.2514062314759995e+01,1.2514062314759995e+01,1.2514062314759995e+01,1.2514062314759995e+01,8.5243794824665482e+00,1.0506418796643553e+01,5.6326100470518279e+00,8.5243794824665482e+00,1.0506418796643553e+01,1.5367781093852624e+01,9.5918982326902409e+00,1.2394184862668574e+01,1.4589602668076514e+01,1.0506418796643553e+01,3.2147727671477977e+00,1.2394184862668574e+01,8.0208128955224325e+00,3.5036231460486222e+00,1.0506418796643553e+01,1.2394184862668574e+01,1.0506418796643553e+01,1.5367781093852624e+01,1.5367781093852624e+01,3.2147727671477977e+00,1.7106233562693354e+00,3.2147727671477977e+00,3.2147727671477977e+00,1.5367781093852624e+01,1.5367781093852624e+01,1.5367781093852624e+01,9.5918982326902409e+00,1.0506418796643553e+01,1.5367781093852624e+01,1.0506418796643553e+01,8.0208128955224325e+00,1.5367781093852624e+01,1.5367781093852624e+01,4.7726628709814385e+00,1.5367781093852624e+01,1.5367781093852624e+01,1.0506418796643553e+01,5.6326100470518279e+00,1.5367781093852624e+01,1.5367781093852624e+01,8.5243794824665482e+00,4.7726628709814385e+00,1.5367781093852624e+01,1.5367781093852624e+01,1.5367781093852624e+01,1.0506418796643553e+01,1.4589602668076514e+01,1.0506418796643553e+01,1.0506418796643553e+01,1.5367781093852624e+01,1.2514062314759995e+01,3.5036231460486222e+00,1.0506418796643553e+01,4.7726628709814385e+00,1.2394184862668574e+01,4.7726628709814385e+00,1.5367781093852624e+01,3.2147727671477977e+00,1.4589602668076514e+01,6.2401295274052915e+00,1.5367781093852624e+01,1.2514062314759995e+01,4.7726628709814385e+00,1.0506418796643553e+01,3.2147727671477977e+00,1.7106233562693354e+00,1.4589602668076514e+01,1.7106233562693354e+00,4.7726628709814385e+00,1.5367781093852624e+01,4.7726628709814385e+00,9.2255233636772160e-01,1.5367781093852624e+01,1.4589602668076514e+01,8.5243794824665482e+00,4.7726628709814385e+00,1.5367781093852624e+01,8.5243794824665482e+00,1.4589602668076514e+01,1.5367781093852624e+01,5.6326100470518279e+00,1.7106233562693354e+00,1.0506418796643553e+01,8.5243794824665482e+00,1.0506418796643553e+01,1.2514062314759995e+01,8.5243794824665482e+00,9.2255233636772160e-01,1.2394184862668574e+01,9.2255233636772160e-01,1.5367781093852624e+01,1.5367781093852624e+01,6.2401295274052915e+00,4.7726628709814385e+00,1.5367781093852624e+01,1.5367781093852624e+01,1.5367781093852624e+01,1.5367781093852624e+01,4.7726628709814385e+00,1.4589602668076514e+01,1.5367781093852624e+01,1.2394184862668574e+01,6.2401295274052915e+00,1.5367781093852624e+01,3.2147727671477977e+00,1.2514062314759995e+01,1.5367781093852624e+01,8.5243794824665482e+00,8.5243794824665482e+00,9.2255233636772160e-01,8.5243794824665482e+00,1.5367781093852624e+01,3.2147727671477977e+00,0.0000000000000000e+00,6.2401295274052915e+00,9.5918982326902409e+00,1.2394184862668574e+01,1.5367781093852624e+01,8.0208128955224325e+00,8.5243794824665482e+00,0.0000000000000000e+00,1.5367781093852624e+01,1.2394184862668574e+01,1.7106233562693354e+00,8.5243794824665482e+00,1.2394184862668574e+01,1.2394184862668574e+01,5.6326100470518279e+00,1.2394184862668574e+01,1.2394184862668574e+01,8.5243794824665482e+00,4.7726628709814385e+00,1.7106233562693354e+00,1.2394184862668574e+01,1.2394184862668574e+01,1.7106233562693354e+00,1.2394184862668574e+01,9.5918982326902409e+00,6.2401295274052915e+00,3.2147727671477977e+00,1.5367781093852624e+01,6.2401295274052915e+00,1.5367781093852624e+01,5.6326100470518279e+00,1.5367781093852624e+01,1.5367781093852624e+01,1.2514062314759995e+01,1.2394184862668574e+01,1.2514062314759995e+01,1.2514062314759995e+01,1.2394184862668574e+01,6.2401295274052915e+00,1.5367781093852624e+01,1.0506418796643553e+01,3.5036231460486222e+00,1.4589602668076514e+01,1.4589602668076514e+01,1.0506418796643553e+01,1.0506418796643553e+01,6.2401295274052915e+00,5.6326100470518279e+00,1.2394184862668574e+01,1.5367781093852624e+01,1.2394184862668574e+01,4.7726628709814385e+00,3.2147727671477977e+00,3.5036231460486222e+00,3.5036231460486222e+00,1.2514062314759995e+01,9.5918982326902409e+00,9.2255233636772160e-01,9.5918982326902409e+00,8.0208128955224325e+00,9.5918982326902409e+00,1.2394184862668574e+01,0.0000000000000000e+00,1.2514062314759995e+01,1.2514062314759995e+01,1.2514062314759995e+01,8.5243794824665482e+00,6.2401295274052915e+00,1.5367781093852624e+01,1.2394184862668574e+01,1.5367781093852624e+01,1.0506418796643553e+01,0.0000000000000000e+00,3.2147727671477977e+00,8.0208128955224325e+00,1.2394184862668574e+01,6.2401295274052915e+00,4.7726628709814385e+00,1.0506418796643553e+01,1.0506418796643553e+01,1.5367781093852624e+01,1.2394184862668574e+01,1.5367781093852624e+01,1.5367781093852624e+01,8.5243794824665482e+00,8.5243794824665482e+00,1.0506418796643553e+01,1.0506418796643553e+01,9.5918982326902409e+00,1.7106233562693354e+00,1.7106233562693354e+00,1.7106233562693354e+00,3.5036231460486222e+00,1.0506418796643553e+01,3.2147727671477977e+00,1.7106233562693354e+00,8.5243794824665482e+00,1.4589602668076514e+01,1.0506418796643553e+01,6.2401295274052915e+00,1.7106233562693354e+00,1.2394184862668574e+01,6.2401295274052915e+00,3.5036231460486222e+00,1.4589602668076514e+01,1.2394184862668574e+01,1.2394184862668574e+01,1.5367781093852624e+01,1.2394184862668574e+01,1.4589602668076514e+01,6.2401295274052915e+00,4.7726628709814385e+00,9.5918982326902409e+00,6.2401295274052915e+00,1.2394184862668574e+01,1.0506418796643553e+01,1.0506418796643553e+01,5.6326100470518279e+00,0.0000000000000000e+00,6.2401295274052915e+00,1.2394184862668574e+01,1.2394184862668574e+01,3.2147727671477977e+00,1.5367781093852624e+01,9.2255233636772160e-01,4.7726628709814385e+00,1.2514062314759995e+01,1.7106233562693354e+00,1.0506418796643553e+01,3.5036231460486222e+00,1.5367781093852624e+01,6.2401295274052915e+00,1.0506418796643553e+01,6.2401295274052915e+00,1.2394184862668574e+01,6.2401295274052915e+00,9.5918982326902409e+00,5.6326100470518279e+00,1.2514062314759995e+01,4.7726628709814385e+00,1.0506418796643553e+01,1.2514062314759995e+01,1.5367781093852624e+01,9.5918982326902409e+00,1.4589602668076514e+01,6.2401295274052915e+00,9.5918982326902409e+00,1.2514062314759995e+01,0.0000000000000000e+00,1.2514062314759995e+01,8.0208128955224325e+00,1.2394184862668574e+01,1.2514062314759995e+01,1.7106233562693354e+00,1.2394184862668574e+01,1.2394184862668574e+01,9.5918982326902409e+00,1.2514062314759995e+01,3.5036231460486222e+00,1.4589602668076514e+01,1.2514062314759995e+01,3.2147727671477977e+00,1.2394184862668574e+01,1.2514062314759995e+01,1.2394184862668574e+01,0.0000000000000000e+00,1.5367781093852624e+01,8.0208128955224325e+00,1.2514062314759995e+01,1.0506418796643553e+01,8.5243794824665482e+00,9.5918982326902409e+00,1.5367781093852624e+01,1.5367781093852624e+01,8.5243794824665482e+00,8.0208128955224325e+00,1.7106233562693354e+00,1.4589602668076514e+01,1.2394184862668574e+01,1.4589602668076514e+01,8.5243794824665482e+00,9.5918982326902409e+00,1.4589602668076514e+01,1.2514062314759995e+01,1.2394184862668574e+01,1.2394184862668574e+01,1.0506418796643553e+01,1.5367781093852624e+01,9.2255233636772160e-01,1.4589602668076514e+01,9.5918982326902409e+00,1.4589602668076514e+01,4.7726628709814385e+00,1.2394184862668574e+01,1.2394184862668574e+01,5.6326100470518279e+00,9.5918982326902409e+00,6.2401295274052915e+00,8.0208128955224325e+00,4.7726628709814385e+00,3.2147727671477977e+00,9.2255233636772160e-01,1.2394184862668574e+01,1.2394184862668574e+01,1.7106233562693354e+00,1.4589602668076514e+01,6.2401295274052915e+00,3.5036231460486222e+00,1.2394184862668574e+01,9.2255233636772160e-01,6.2401295274052915e+00,0.0000000000000000e+00,1.4589602668076514e+01,1.2514062314759995e+01,6.2401295274052915e+00,1.2514062314759995e+01,9.5918982326902409e+00,6.2401295274052915e+00,9.5918982326902409e+00,1.2514062314759995e+01,1.4589602668076514e+01,8.5243794824665482e+00,5.6326100470518279e+00,1.4589602668076514e+01,6.2401295274052915e+00,1.2394184862668574e+01,0.0000000000000000e+00,1.4589602668076514e+01,1.4589602668076514e+01,1.4589602668076514e+01,3.5036231460486222e+00,1.5367781093852624e+01,1.2394184862668574e+01,1.5367781093852624e+01,8.5243794824665482e+00,5.6326100470518279e+00,0.0000000000000000e+00,1.2394184862668574e+01,8.0208128955224325e+00,1.2394184862668574e+01,9.2255233636772160e-01,8.5243794824665482e+00,8.0208128955224325e+00,8.5243794824665482e+00,1.2394184862668574e+01,8.0208128955224325e+00,8.0208128955224325e+00
1.5072010985829781e+01,0.0000000000000000e+00,4.6616567794300678e+00,1.5072010985829781e+01,9.0277083386975008e+00,1.5072010985829781e+01,1.5072010985829781e+01,7.4769161540844342e+00,9.0277083386975008e+00,9.0277083386975008e+00,6.4301927850904494e+00,1.5072010985829781e+01,9.0277083386975008e+00,0.0000000000000000e+00,9.0277083386975008e+00,9.0277083386975008e+00,4.6616567794300678e+00,9.6066376519186059e-01,6.4301927850904494e+00,1.3218424988286776e+01,5.6085767170746887e+00,1.5072010985829781e+01,1.0788227494035466e+01,1.0788227494035466e+01,1.9940109450729970e+00,1.5072010985829781e+01,1.9940109450729970e+00,7.4769161540844342e+00,1.5072010985829781e+01,1.3218424988286776e+01,7.4769161540844342e+00,9.6066376519186059e-01,5.6085767170746887e+00,7.4769161540844342e+00,1.0788227494035466e+01,7.4769161540844342e+00,1.0788227494035466e+01,1.3218424988286776e+01,1.3218424988286776e+01,1.5072010985829781e+01,1.5072010985829781e+01,1.5072010985829781e+01,1.5072010985829781e+01,1.0788227494035466e+01,1.3218424988286776e+01,9.2671638453522522e+00,1.5072010985829781e+01,6.4301927850904494e+00,1.5072010985829781e+01,0.0000000000000000e+00,1.0788227494035466e+01,1.0788227494035466e+01,1.0788227494035466e+01,6.4301927850904494e+00,5.6085767170746887e+00,9.6066376519186059e-01,3.1553464298565519e+00,1.9940109450729970e+00,6.4301927850904494e+00,7.4769161540844342e+00,7.4769161540844342e+00,7.4769161540844342e+00,1.1354798939632824e+01,1.0788227494035466e+01,6.4301927850904494e+00,7.4769161540844342e+00,4.6616567794300678e+00,7.4769161540844342e+00,7.4769161540844342e+00,6.4301927850904494e+00,9.2671638453522522e+00,4.6616567794300678e+00,1.9940109450729970e+00,1.5072010985829781e+01,5.6085767170746887e+00,5.6085767170746887e+00,1.5072010985829781e+01,1.5072010985829781e+01,1.5072010985829781e+01,1.5072010985829781e+01,7.4769161540844342e+00,1.5072010985829781e+01,1.0788227494035466e+01,7.4769161540844342e+00,7.4769161540844342e+00,9.6066376519186059e-01,5.6085767170746887e+00,1.1354798939632824e+01,1.5072010985829781e+01,7.4769161540844342e+00,1.9940109450729970e+00,1.5072010985829781e+01,1.1354798939632824e+01,9.2671638453522522e+00,1.9940109450729970e+00,5.6085767170746887e+00,1.1354798939632824e+01,0.0000000000000000e+00,1.0788227494035466e+01,5.6085767170746887e+00,7.4769161540844342e+00,1.5072010985829781e+01,0.0000000000000000e+00,9.6066376519186059e-01,1.5072010985829781e+01,3.1553464298565519e+00,9.0277083386975008e+00,1.5072010985829781e+01,1.5072010985829781e+01,7.4769161540844342e+00,1.0788227494035466e+01,1.5072010985829781e+01,9.0277083386975008e+00,7.4769161540844342e+00,9.2671638453522522e+00,9.2671638453522522e+00,1.0788227494035466e+01,9.2671638453522522e+00,1.1354798939632824e+01,1.5072010985829781e+01,1.1354798939632824e+01,7.4769161540844342e+00,9.6066376519186059e-01,7.4769161540844342e+00,0.0000000000000000e+00,4.6616567794300678e+00,1.1354798939632824e+01,9.2671638453522522e+00,7.4769161540844342e+00,9.6066376519186059e-01,4.6616567794300678e+00,7.4769161540844342e+00,9.2671638453522522e+00,9.2671638453522522e+00,7.4769161540844342e+00,1.5072010985829781e+01,7.4769161540844342e+00,9.0277083386975008e+00,1.5072010985829781e+01,0.0000000000000000e+00,3.1553464298565519e+00,1.1354798939632824e+01,5.6085767170746887e+00,7.4769161540844342e+00,7.4769161540844342e+00,1.3218424988286776e+01,1.3220382667211734e+01,1.3220382667211734e+01,1.3220382667211734e+01,1.1354798939632824e+01,0.0000000000000000e+00,1.1354798939632824e+01,4.6616567794300678e+00,6.4301927850904494e+00,4.6616567794300678e+00,1.5072010985829781e+01,9.0277083386975008e+00,4.6616567794300678e+00,9.6066376519186059e-01,9.6066376519186059e-01,1.1354798939632824e+01,3.9696103129365827e+00,3.9696103129365827e+00,4.6616567794300678e+00,9.0277083386975008e+00,1.3220382667211734e+01,1.1354798939632824e+01,1.1354798939632824e+01,1.5072010985829781e+01,1.0788227494035466e+01,1.0788227494035466e+01,6.4301927850904494e+00,6.4301927850904494e+00,4.6616567794300678e+00,1.1354798939632824e+01,1.3218424988286776e+01,5.6085767170746887e+00,1.3218424988286776e+01,1.0788227494035466e+01,1.0788227494035466e+01,1.1354798939632824e+01,4.6616567794300678e+00,4.6616567794300678e+00,1.5072010985829781e+01,7.4769161540844342e+00,7.4769161540844342e+00,1.0788227494035466e+01,9.0277083386975008e+00,3.9696103129365827e+00,0.0000000000000000e+00,3.1553464298565519e+00,3.9696103129365827e+00,1.5072010985829781e+01,9.0277083386975008e+00,1.5072010985829781e+01,1.0788227494035466e+01,1.3220382667211734e+01,1.9940109450729970e+00,1.5072010985829781e+01,3.9696103129365827e+00,9.0277083386975008e+00,9.0277083386975008e+00,1.0788227494035466e+01,1.0788227494035466e+01,9.0277083386975008e+00,1.5072010985829781e+01,1.3220382667211734e+01,5.6085767170746887e+00,1.9940109450729970e+00,1.5072010985829781e+01,9.6066376519186059e-01,9.0277083386975008e+00,1.9940109450729970e+00,9.6066376519186059e-01,5.6085767170746887e+00,9.6066376519186059e-01,9.0277083386975008e+00,1.5072010985829781e+01,1.3220382667211734e+01,9.2671638453522522e+00,3.1553464298565519e+00,7.4769161540844342e+00,1.3220382667211734e+01,7.4769161540844342e+00,1.3220382667211734e+01,1.3220382667211734e+01,1.3220382667211734e+01,6.4301927850904494e+00,1.3220382667211734e+01,1.3218424988286776e+01,7.4769161540844342e+00,1.5072010985829781e+01,1.0788227494035466e+01,1.0788227494035466e+01,1.3218424988286776e+01,9.0277083386975008e+00,1.0788227494035466e+01,1.9940109450729970e+00,1.9940109450729970e+00,1.9940109450729970e+00,1.1354798939632824e+01,1.9940109450729970e+00,9.6066376519186059e-01,1.1354798939632824e+01,1.3220382667211734e+01,1.3220382667211734e+01,7.4769161540844342e+00,1.1354798939632824e+01,1.3220382667211734e+01,1.3220382667211734e+01,1.3220382667211734e+01,3.1553464298565519e+00,1.3220382667211734e+01,9.6066376519186059e-01,1.3220382667211734e+01,1.3220382667211734e+01,1.3218424988286776e+01,1.3218424988286776e+01,4.6616567794300678e+00,9.6066376519186059e-01,1.5072010985829781e+01,1.1354798939632824e+01,3.1553464298565519e+00,7.4769161540844342e+00,9.2671638453522522e+00,3.9696103129365827e+00,6.4301927850904494e+00,1.9940109450729970e+00,5.6085767170746887e+00,1.3218424988286776e+01,9.2671638453522522e+00,1.3218424988286776e+01,1.1354798939632824e+01,9.0277083386975008e+00,1.3218424988286776e+01,1.3218424988286776e+01,6.4301927850904494e+00,3.1553464298565519e+00,7.4769161540844342e+00,1.9940109450729970e+00,6.4301927850904494e+00,3.9696103129365827e+00,1.3218424988286776e+01,7.4769161540844342e+00,1.9940109450729970e+00,1.5072010985829781e+01,9.6066376519186059e-01,9.2671638453522522e+00,1.9940109450729970e+00,6.4301927850904494e+00,6.4301927850904494e+00,6.4301927850904494e+00,1.0788227494035466e+01,3.1553464298565519e+00,9.0277083386975008e+00,1.1354798939632824e+01,0.0000000000000000e+00,1.5072010985829781e+01,9.0277083386975008e+00,1.9940109450729970e+00,5.6085767170746887e+00,1.0788227494035466e+01,1.0788227494035466e+01,1.5072010985829781e+01,1.5072010985829781e+01,1.5072010985829781e+01,6.4301927850904494e+00,9.0277083386975008e+00,1.5072010985829781e+01,9.2671638453522522e+00,7.4769161540844342e+00,7.4769161540844342e+00,3.9696103129365827e+00,1.5072010985829781e+01,1.5072010985829781e+01,9.0277083386975008e+00,4.6616567794300678e+00,9.0277083386975008e+00,1.5072010985829781e+01,1.5072010985829781e+01,9.0277083386975008e+00,1.3220382667211734e+01,9.2671638453522522e+00,7.4769161540844342e+00,9.2671638453522522e+00,4.6616567794300678e+00,1.1354798939632824e+01,1.3218424988286776e+01,4.6616567794300678e+00,0.0000000000000000e+00,1.5072010985829781e+01,9.2671638453522522e+00,7.4769161540844342e+00,1.3220382667211734e+01,1.3218424988286776e+01,1.0788227494035466e+01,7.4769161540844342e+00,1.5072010985829781e+01,1.3218424988286776e+01,1.5072010985829781e+01,7.4769161540844342e+00,1.3218424988286776e+01,3.9696103129365827e+00,6.4301927850904494e+00,3.1553464298565519e+00,9.0277083386975008e+00,9.6066376519186059e-01,3.9696103129365827e+00,9.0277083386975008e+00,9.0277083386975008e+00,1.3218424988286776e+01,1.5072010985829781e+01,1.0788227494035466e+01,6.4301927850904494e+00,1.5072010985829781e+01,5.6085767170746887e+00,1.9940109450729970e+00,5.6085767170746887e+00,1.9940109450729970e+00,1.5072010985829781e+01,1.9940109450729970e+00,1.3220382667211734e+01,3.9696103129365827e+00,5.6085767170746887e+00,1.5072010985829781e+01,3.9696103129365827e+00,1.5072010985829781e+01,1.3220382667211734e+01,9.0277083386975008e+00,1.1354798939632824e+01,1.0788227494035466e+01,9.2671638453522522e+00,1.1354798939632824e+01,9.2671638453522522e+00,9.0277083386975008e+00,9.0277083386975008e+00,3.1553464298565519e+00,3.1553464298565519e+00,4.6616567794300678e+00,4.6616567794300678e+00,9.2671638453522522e+00,9.0277083386975008e+00,1.5072010985829781e+01,1.5072010985829781e+01,1.5072010985829781e+01,1.9940109450729970e+00,1.5072010985829781e+01,1.3220382667211734e+01,1.3220382667211734e+01,5.6085767170746887e+00,1.5072010985829781e+01,3.1553464298565519e+00,1.1354798939632824e+01,1.5072010985829781e+01,5.6085767170746887e+00,5.6085767170746887e+00,1.1354798939632824e+01,1.5072010985829781e+01,1.1354798939632824e+01,1.1354798939632824e+01,9.0277083386975008e+00,9.2671638453522522e+00,0.0000000000000000e+00,4.6616567794300678e+00,1.5072010985829781e+01,1.0788227494035466e+01,1.1354798939632824e+01,1.5072010985829781e+01,5.6085767170746887e+00,9.6066376519186059e-01,1.3220382667211734e+01,1.3220382667211734e+01,1.3220382667211734e+01,1.5072010985829781e+01,1.5072010985829781e+01,1.3218424988286776e+01,1.5072010985829781e+01,1.5072010985829781e+01,1.5072010985829781e+01,1.5072010985829781e+01,1.1354798939632824e+01,9.2671638453522522e+00,1.5072010985829781e+01,1.0788227494035466e+01,1.5072010985829781e+01,9.2671638453522522e+00,1.1354798939632824e+01,1.3218424988286776e+01,3.1553464298565519e+00,3.1553464298565519e+00,9.2671638453522522e+00,1.0788227494035466e+01,1.0788227494035466e+01,9.0277083386975008e+00,5.6085767170746887e+00,3.1553464298565519e+00,1.5072010985829781e+01,1.0788227494035466e+01,1.1354798939632824e+01,1.1354798939632824e+01,9.6066376519186059e-01,9.6066376519186059e-01,0.0000000000000000e+00,7.4769161540844342e+00,1.5072010985829781e+01,1.5072010985829781e+01,1.5072010985829781e+01,6.4301927850904494e+00,6.4301927850904494e+00,1.1354798939632824e+01,3.1553464298565519e+00,1.0788227494035466e+01,1.0788227494035466e+01,9.0277083386975008e+00,3.9696103129365827e+00,9.0277083386975008e+00,9.0277083386975008e+00,9.0277083386975008e+00,9.0277083386975008e+00,3.1553464298565519e+00,3.1553464298565519e+00,4.6616567794300678e+00,1.3218424988286776e+01,5.6085767170746887e+00,1.5072010985829781e+01,1.0788227494035466e+01,1.5072010985829781e+01,9.0277083386975008e+00,4.6616567794300678e+00,9.0277083386975008e+00,1.3220382667211734e+01,3.1553464298565519e+00,3.9696103129365827e+00,9.6066376519186059e-01,3.9696103129365827e+00,3.1553464298565519e+00,3.1553464298565519e+00,3.9696103129365827e+00,1.3220382667211734e+01,3.9696103129365827e+00,9.2671638453522522e+00,1.3220382667211734e+01,1.5072010985829781e+01,9.0277083386975008e+00,1.0788227494035466e+01,9.0277083386975008e+00,1.5072010985829781e+01,1.5072010985829781e+01,1.3220382667211734e+01,1.5072010985829781e+01,5.6085767170746887e+00,1.5072010985829781e+01,1.3220382667211734e+01,7.4769161540844342e+00,7.4769161540844342e+00,3.1553464298565519e+00,9.6066376519186059e-01,1.3220382667211734e+01,1.3220382667211734e+01,1.9940109450729970e+00,1.5072010985829781e+01,1.3220382667211734e+01,0.0000000000000000e+00,1.5072010985829781e+01,3.9696103129365827e+00,1.5072010985829781e+01,7.4769161540844342e+00,9.6066376519186059e-01,3.9696103129365827e+00,1.3218424988286776e+01,1.5072010985829781e+01,1.1354798939632824e+01,9.2671638453522522e+00,6.4301927850904494e+00,3.9696103129365827e+00,1.3220382667211734e+01,1.5072010985829781e+01,1.5072010985829781e+01,1.9940109450729970e+00,9.0277083386975008e+00,1.1354798939632824e+01,1.9940109450729970e+00,1.9940109450729970e+00,1.3220382667211734e+01,1.3220382667211734e+01,7.4769161540844342e+00,1.3220382667211734e+01,5.6085767170746887e+00,4.6616567794300678e+00,1.0788227494035466e+01,3.9696103129365827e+00,4.6616567794300678e+00,1.1354798939632824e+01,0.0000000000000000e+00,1.9940109450729970e+00,7.4769161540844342e+00,3.1553464298565519e+00,3.1553464298565519e+00,1.3218424988286776e+01,9.0277083386975008e+00,5.6085767170746887e+00,1.5072010985829781e+01,3.9696103129365827e+00,3.9696103129365827e+00,9.6066376519186059e-01,9.6066376519186059e-01,0.0000000000000000e+00,1.3218424988286776e+01,9.2671638453522522e+00,7.4769161540844342e+00,3.1553464298565519e+00,1.5072010985829781e+01,1.5072010985829781e+01,7.4769161540844342e+00,9.0277083386975008e+00,9.0277083386975008e+00,1.3220382667211734e+01,5.6085767170746887e+00,5.6085767170746887e+00,9.6066376519186059e-01,1.0788227494035466e+01,1.5072010985829781e+01,1.5072010985829781e+01,1.0788227494035466e+01,3.9696103129365827e+00,3.9696103129365827e+00,3.9696103129365827e+00,1.5072010985829781e+01,1.1354798939632824e+01,1.9940109450729970e+00,1.1354798939632824e+01,9.2671638453522522e+00,1.1354798939632824e+01,1.5072010985829781e+01,1.1354798939632824e+01,4.6616567794300678e+00,9.2671638453522522e+00,1.3220382667211734e+01,1.3220382667211734e+01,9.0277083386975008e+00,9.6066376519186059e-01,1.0788227494035466e+01,9.0277083386975008e+00,9.0277083386975008e+00,1.1354798939632824e+01,1.5072010985829781e+01,1.1354798939632824e+01,1.1354798939632824e+01,1.1354798939632824e+01,3.1553464298565519e+00,1.9940109450729970e+00,1.3220382667211734e+01,5.6085767170746887e+00,1.5072010985829781e+01,9.0277083386975008e+00,1.1354798939632824e+01,1.1354798939632824e+01,9.6066376519186059e-01,1.5072010985829781e+01,5.6085767170746887e+00,1.1354798939632824e+01,1.0788227494035466e+01,9.0277083386975008e+00,1.3220382667211734e+01,0.0000000000000000e+00,1.5072010985829781e+01,1.5072010985829781e+01,4.6616567794300678e+00,1.3218424988286776e+01,1.5072010985829781e+01,1.3218424988286776e+01,1.3220382667211734e+01,4.6616567794300678e+00,7.4769161540844342e+00,1.5072010985829781e+01,9.2671638453522522e+00,9.6066376519186059e-01,1.5072010985829781e+01,1.5072010985829781e+01,5.6085767170746887e+00,9.2671638453522522e+00,1.0788227494035466e+01,1.5072010985829781e+01,1.5072010985829781e+01,1.5072010985829781e+01,0.0000000000000000e+00,9.6066376519186059e-01,1.0788227494035466e+01,1.3218424988286776e+01,9.0277083386975008e+00,9.0277083386975008e+00,9.0277083386975008e+00,1.1354798939632824e+01,3.9696103129365827e+00,9.6066376519186059e-01,5.6085767170746887e+00,1.3220382667211734e+01,7.4769161540844342e+00,5.6085767170746887e+00,1.5072010985829781e+01,4.6616567794300678e+00,1.5072010985829781e+01,1.5072010985829781e+01,1.5072010985829781e+01,1.5072010985829781e+01,9.6066376519186059e-01,9.2671638453522522e+00,4.6616567794300678e+00,9.2671638453522522e+00,1.5072010985829781e+01,1.5072010985829781e+01,9.0277083386975008e+00,1.5072010985829781e+01,9.2671638453522522e+00,1.1354798939632824e+01,1.9940109450729970e+00,1.5072010985829781e+01,1.1354798939632824e+01,9.0277083386975008e+00,1.5072010985829781e+01,9.0277083386975008e+00,1.5072010985829781e+01,9.0277083386975008e+00,3.1553464298565519e+00,1.5072010985829781e+01,3.1553464298565519e+00,1.0788227494035466e+01,1.1354798939632824e+01,4.6616567794300678e+00,9.2671638453522522e+00,1.5072010985829781e+01,1.5072010985829781e+01,3.9696103129365827e+00,1.3220382667211734e+01,1.5072010985829781e+01,1.5072010985829781e+01,1.1354798939632824e+01,5.6085767170746887e+00,9.6066376519186059e-01,1.1354798939632824e+01,9.0277083386975008e+00,1.3220382667211734e+01,9.0277083386975008e+00,1.1354798939632824e+01,1.3220382667211734e+01,0.0000000000000000e+00,1.5072010985829781e+01,1.3220382667211734e+01,3.9696103129365827e+00,7.4769161540844342e+00,1.5072010985829781e+01,4.6616567794300678e+00,6.4301927850904494e+00,3.1553464298565519e+00,3.9696103129365827e+00,1.5072010985829781e+01,0.0000000000000000e+00,6.4301927850904494e+00,1.5072010985829781e+01,9.2671638453522522e+00,1.5072010985829781e+01,1.5072010985829781e+01,4.6616567794300678e+00,1.5072010985829781e+01,9.2671638453522522e+00,1.5072010985829781e+01,9.2671638453522522e+00,1.3220382667211734e+01,9.6066376519186059e-01,1.5072010985829781e+01,5.6085767170746887e+00,1.5072010985829781e+01,1.5072010985829781e+01,1.3220382667211734e+01,1.5072010985829781e+01,1.5072010985829781e+01,3.9696103129365827e+00,7.4769161540844342e+00,1.3220382667211734e+01,1.5072010985829781e+01,1.3220382667211734e+01,1.1354798939632824e+01,1.5072010985829781e+01,5.6085767170746887e+00,9.0277083386975008e+00,1.9940109450729970e+00,1.5072010985829781e+01,1.1354798939632824e+01,1.1354798939632824e+01,1.5072010985829781e+01,7.4769161540844342e+00,1.3220382667211734e+01,3.1553464298565519e+00,1.5072010985829781e+01,0.0000000000000000e+00,6.4301927850904494e+00,1.9940109450729970e+00,1.0788227494035466e+01,1.9940109450729970e+00,1.5072010985829781e+01,1.5072010985829781e+01,7.4769161540844342e+00,9.6066376519186059e-01,3.9696103129365827e+00,9.2671638453522522e+00,1.3218424988286776e+01,9.2671638453522522e+00,1.5072010985829781e+01,1.5072010985829781e+01,1.3220382667211734e+01,1.5072010985829781e+01,1.3220382667211734e+01,1.0788227494035466e+01,7.4769161540844342e+00,1.5072010985829781e+01,1.9940109450729970e+00,5.6085767170746887e+00,9.2671638453522522e+00,9.0277083386975008e+00,1.3220382667211734e+01,5.6085767170746887e+00,9.2671638453522522e+00,9.2671638453522522e+00,1.3218424988286776e+01,7.4769161540844342e+00,1.5072010985829781e+01,1.5072010985829781e+01,1.1354798939632824e+01,1.5072010985829781e+01,4.6616567794300678e+00,1.1354798939632824e+01,9.2671638453522522e+00,9.0277083386975008e+00,1.5072010985829781e+01,9.2671638453522522e+00,9.0277083386975008e+00,9.2671638453522522e+00,5.6085767170746887e+00,3.1553464298565519e+00,1.0788227494035466e+01,5.6085767170746887e+00,9.2671638453522522e+00,9.2671638453522522e+00,1.5072010985829781e+01,9.6066376519186059e-01,1.5072010985829781e+01,1.5072010985829781e+01,1.3218424988286776e+01,1.3220382667211734e+01,5.6085767170746887e+00,3.9696103129365827e+00,5.6085767170746887e+00,1.5072010985829781e+01,0.0000000000000000e+00,1.0788227494035466e+01,1.0788227494035466e+01,1.5072010985829781e+01,6.4301927850904494e+00,9.6066376519186059e-01,6.4301927850904494e+00,1.5072010985829781e+01,0.0000000000000000e+00,3.1553464298565519e+00,3.1553464298565519e+00,9.0277083386975008e+00,6.4301927850904494e+00,7.4769161540844342e+00,9.2671638453522522e+00,9.2671638453522522e+00,1.0788227494035466e+01,1.5072010985829781e+01,1.0788227494035466e+01,1.3218424988286776e+01,9.2671638453522522e+00,9.0277083386975008e+00,9.0277083386975008e+00,9.6066376519186059e-01,1.0788227494035466e+01,1.0788227494035466e+01,3.1553464298565519e+00,1.5072010985829781e+01,1.0788227494035466e+01,3.1553464298565519e+00,1.9940109450729970e+00,9.2671638453522522e+00,1.3218424988286776e+01,1.5072010985829781e+01,3.1553464298565519e+00,1.0788227494035466e+01,1.5072010985829781e+01,9.6066376519186059e-01,1.5072010985829781e+01,1.5072010985829781e+01,1.5072010985829781e+01,3.9696103129365827e+00,1.5072010985829781e+01,3.1553464298565519e+00,3.9696103129365827e+00,1.1354798939632824e+01,1.5072010985829781e+01,1.5072010985829781e+01,3.9696103129365827e+00,1.5072010985829781e+01,1.9940109450729970e+00,7.4769161540844342e+00,1.3218424988286776e+01,1.1354798939632824e+01,1.9940109450729970e+00,1.3220382667211734e+01,1.3218424988286776e+01,7.4769161540844342e+00,0.0000000000000000e+00,1.3220382667211734e+01,1.9940109450729970e+00,1.1354798939632824e+01,9.0277083386975008e+00,3.9696103129365827e+00,1.9940109450729970e+00,4.6616567794300678e+00,1.3220382667211734e+01,1.5072010985829781e+01,9.6066376519186059e-01,3.9696103129365827e+00,1.5072010985829781e+01,1.3218424988286776e+01,1.5072010985829781e+01,9.0277083386975008e+00,6.4301927850904494e+00,5.6085767170746887e+00,9.2671638453522522e+00,9.0277083386975008e+00,1.9940109450729970e+00,9.0277083386975008e+00,1.5072010985829781e+01,1.5072010985829781e+01,1.1354798939632824e+01,1.0788227494035466e+01,9.0277083386975008e+00,1.5072010985829781e+01,1.0788227494035466e+01,0.0000000000000000e+00,1.5072010985829781e+01,5.6085767170746887e+00,4.6616567794300678e+00,1.1354798939632824e+01,1.0788227494035466e+01,3.9696103129365827e+00,6.4301927850904494e+00,1.0788227494035466e+01,6.4301927850904494e+00,1.1354798939632824e+01,9.2671638453522522e+00,6.4301927850904494e+00,3.9696103129365827e+00,9.0277083386975008e+00,1.3220382667211734e+01,9.0277083386975008e+00,1.1354798939632824e+01,7.4769161540844342e+00,1.5072010985829781e+01,1.5072010985829781e+01,9.2671638453522522e+00,1.1354798939632824e+01,1.5072010985829781e+01,1.1354798939632824e+01,9.6066376519186059e-01,9.6066376519186059e-01,3.9696103129365827e+00,1.1354798939632824e+01,0.0000000000000000e+00,1.0788227494035466e+01,9.6066376519186059e-01,9.0277083386975008e+00,1.3220382667211734e+01,1.5072010985829781e+01,1.5072010985829781e+01,1.5072010985829781e+01,4.6616567794300678e+00,9.0277083386975008e+00,1.5072010985829781e+01,3.9696103129365827e+00,1.9940109450729970e+00,1.0788227494035466e+01,1.0788227494035466e+01,9.0277083386975008e+00,9.6066376519186059e-01,1.9940109450729970e+00,1.3218424988286776e+01,9.6066376519186059e-01,1.9940109450729970e+00,1.5072010985829781e+01,1.5072010985829781e+01,1.5072010985829781e+01,1.5072010985829781e+01,9.2671638453522522e+00,1.5072010985829781e+01,1.3220382667211734e+01,1.5072010985829781e+01,3.9696103129365827e+00,9.2671638453522522e+00,1.3220382667211734e+01,4.6616567794300678e+00,1.0788227494035466e+01,0.0000000000000000e+00,1.5072010985829781e+01,1.3220382667211734e+01,1.3220382667211734e+01,1.1354798939632824e+01,1.1354798939632824e+01,0.0000000000000000e+00,4.6616567794300678e+00,1.3220382667211734e+01,9.0277083386975008e+00,3.1553464298565519e+00,9.0277083386975008e+00,6.4301927850904494e+00,9.0277083386975008e+00,6.4301927850904494e+00,6.4301927850904494e+00,1.0788227494035466e+01,4.6616567794300678e+00,6.4301927850904494e+00,1.5072010985829781e+01,1.3220382667211734e+01,9.0277083386975008e+00,1.0788227494035466e+01,3.9696103129365827e+00,3.1553464298565519e+00,5.6085767170746887e+00,1.5072010985829781e+01,1.5072010985829781e+01,6.4301927850904494e+00,9.6066376519186059e-01,6.4301927850904494e+00,1.5072010985829781e+01,1.5072010985829781e+01,1.9940109450729970e+00,3.9696103129365827e+00,3.9696103129365827e+00,9.0277083386975008e+00,0.0000000000000000e+00,1.5072010985829781e+01,1.5072010985829781e+01,1.1354798939632824e+01,1.5072010985829781e+01,9.2671638453522522e+00,1.9940109450729970e+00,1.3220382667211734e+01,4.6616567794300678e+00,3.1553464298565519e+00,1.5072010985829781e+01,9.0277083386975008e+00,6.4301927850904494e+00,1.3220382667211734e+01,1.5072010985829781e+01,1.3220382667211734e+01,1.5072010985829781e+01,5.6085767170746887e+00,1.5072010985829781e+01,1.3218424988286776e+01
1.4164200884570295e+01,1.4164200884570295e+01,1.4164200884570295e+01,8.5927414663611295e+00,1.0961624147211820e+01,8.5927414663611295e+00,7.1949167782747487e+00,3.7958336094420648e+00,9.5458261877898098e-01,1.1344232797394282e+01,1.1344232797394282e+01,3.0553493357664765e+00,8.5927414663611295e+00,1.8265803802491201e+00,8.5927414663611295e+00,1.1344232797394282e+01,9.5458261877898098e-01,8.5927414663611295e+00,1.1344232797394282e+01,7.9291660911713873e+00,1.3891356392548449e+01,1.1344232797394282e+01,5.7997336442919352e+00,8.5927414663611295e+00,1.4164200884570295e+01,7.1949167782747487e+00,5.7997336442919352e+00,9.5458261877898098e-01,1.4164200884570295e+01,1.1344232797394282e+01,1.1866608460633472e+01,5.7997336442919352e+00,1.4164200884570295e+01,7.1949167782747487e+00,1.4164200884570295e+01,1.1344232797394282e+01,7.1949167782747487e+00,1.4164200884570295e+01,1.4164200884570295e+01,1.1344232797394282e+01,1.4164200884570295e+01,1.3891356392548449e+01,1.3891356392548449e+01,1.3891356392548449e+01,8.5927414663611295e+00,1.3891356392548449e+01,4.2018759943927693e+00,1.3891356392548449e+01,3.0553493357664765e+00,1.1344232797394282e+01,5.7997336442919352e+00,1.3891356392548449e+01,1.4164200884570295e+01,1.4164200884570295e+01,1.3891356392548449e+01,3.7958336094420648e+00,1.4164200884570295e+01,1.3891356392548449e+01,1.3891356392548449e+01,1.8265803802491201e+00,1.4164200884570295e+01,1.4164200884570295e+01,1.4164200884570295e+01,1.3891356392548449e+01,1.3891356392548449e+01,1.4164200884570295e+01,1.3891356392548449e+01,4.2018759943927693e+00,4.2018759943927693e+00,1.3891356392548449e+01,8.5927414663611295e+00,8.5927414663611295e+00,4.2018759943927693e+00,3.7958336094420648e+00,1.4164200884570295e+01,1.0061935063728335e+01,1.1866608460633472e+01,5.7997336442919352e+00,1.0061935063728335e+01,1.0961624147211820e+01,1.0961624147211820e+01,4.2018759943927693e+00,1.3891356392548449e+01,1.1866608460633472e+01,1.1344232797394282e+01,7.1949167782747487e+00,1.1866608460633472e+01,5.7997336442919352e+00,8.5927414663611295e+00,1.0061935063728335e+01,3.7958336094420648e+00,1.1866608460633472e+01,1.1866608460633472e+01,1.1866608460633472e+01,3.7958336094420648e+00,3.7958336094420648e+00,1.4164200884570295e+01,1.4164200884570295e+01,1.1866608460633472e+01,8.5927414663611295e+00,1.3891356392548449e+01,5.7997336442919352e+00,8.5927414663611295e+00,7.9291660911713873e+00,1.0061935063728335e+01,4.2018759943927693e+00,9.5458261877898098e-01,1.4164200884570295e+01,1.4164200884570295e+01,1.4164200884570295e+01,8.5927414663611295e+00,1.4164200884570295e+01,7.9291660911713873e+00,1.1866608460633472e+01,7.9291660911713873e+00,1.1344232797394282e+01,1.1866608460633472e+01,7.1949167782747487e+00,1.1866608460633472e+01,1.1866608460633472e+01,8.5927414663611295e+00,3.0553493357664765e+00,7.9291660911713873e+00,3.7958336094420648e+00,1.1344232797394282e+01,1.1344232797394282e+01,1.1866608460633472e+01,1.1344232797394282e+01,1.1344232797394282e+01,1.3891356392548449e+01,7.1949167782747487e+00,1.0961624147211820e+01,1.0961624147211820e+01,1.3891356392548449e+01,7.9291660911713873e+00,5.7997336442919352e+00,0.0000000000000000e+00,8.5927414663611295e+00,7.9291660911713873e+00,1.4164200884570295e+01,1.3891356392548449e+01,3.0553493357664765e+00,7.1949167782747487e+00,4.2018759943927693e+00,4.2018759943927693e+00,7.9291660911713873e+00,7.1949167782747487e+00,7.1949167782747487e+00,8.5927414663611295e+00,8.5927414663611295e+00,5.7997336442919352e+00,7.1949167782747487e+00,1.0961624147211820e+01,8.5927414663611295e+00,8.5927414663611295e+00,7.1949167782747487e+00,5.7997336442919352e+00,1.3891356392548449e+01,1.1866608460633472e+01,1.1866608460633472e+01,1.1344232797394282e+01,1.1344232797394282e+01,1.3891356392548449e+01,5.7997336442919352e+00,0.0000000000000000e+00,7.1949167782747487e+00,1.1866608460633472e+01,9.5458261877898098e-01,1.3891356392548449e+01,1.3891356392548449e+01,1.4164200884570295e+01,1.4164200884570295e+01,1.3891356392548449e+01,1.3891356392548449e+01,1.1866608460633472e+01,7.9291660911713873e+00,9.5458261877898098e-01,7.9291660911713873e+00,1.1866608460633472e+01,4.2018759943927693e+00,1.3891356392548449e+01,1.4164200884570295e+01,1.4164200884570295e+01,1.1344232797394282e+01,7.9291660911713873e+00,1.0061935063728335e+01,4.2018759943927693e+00,1.1866608460633472e+01,8.5927414663611295e+00,1.1866608460633472e+01,1.1866608460633472e+01,5.7997336442919352e+00,1.1866608460633472e+01,9.5458261877898098e-01,1.1866608460633472e+01,1.1866608460633472e+01,8.5927414663611295e+00,1.1866608460633472e+01,1.1866608460633472e+01,5.7997336442919352e+00,1.4164200884570295e+01,1.4164200884570295e+01,1.8265803802491201e+00,1.0061935063728335e+01,1.8265803802491201e+00,1.1866608460633472e+01,1.0061935063728335e+01,4.2018759943927693e+00,1.4164200884570295e+01,1.1866608460633472e+01,1.1866608460633472e+01,1.1866608460633472e+01,1.4164200884570295e+01,1.1866608460633472e+01,1.4164200884570295e+01,1.1866608460633472e+01,1.0061935063728335e+01,1.4164200884570295e+01,1.0061935063728335e+01,1.0061935063728335e+01,1.1866608460633472e+01,1.1866608460633472e+01,1.0061935063728335e+01,1.1866608460633472e+01,5.7997336442919352e+00,1.0061935063728335e+01,1.4164200884570295e+01,1.3891356392548449e+01,1.1866608460633472e+01,1.1866608460633472e+01,1.1344232797394282e+01,7.1949167782747487e+00,7.9291660911713873e+00,3.0553493357664765e+00,1.1866608460633472e+01,3.7958336094420648e+00,1.1344232797394282e+01,3.0553493357664765e+00,7.9291660911713873e+00,1.8265803802491201e+00,0.0000000000000000e+00,1.0961624147211820e+01,3.0553493357664765e+00,1.1344232797394282e+01,1.3891356392548449e+01,1.1344232797394282e+01,0.0000000000000000e+00,1.3891356392548449e+01,7.1949167782747487e+00,5.7997336442919352e+00,1.4164200884570295e+01,1.4164200884570295e+01,1.1344232797394282e+01,1.4164200884570295e+01,7.1949167782747487e+00,1.1866608460633472e+01,1.1866608460633472e+01,7.1949167782747487e+00,3.0553493357664765e+00,7.1949167782747487e+00,7.1949167782747487e+00,1.3891356392548449e+01,1.0061935063728335e+01,1.3891356392548449e+01,1.8265803802491201e+00,1.0061935063728335e+01,1.0061935063728335e+01,7.9291660911713873e+00,1.0061935063728335e+01,3.7958336094420648e+00,1.1344232797394282e+01,1.4164200884570295e+01,1.4164200884570295e+01,7.1949167782747487e+00,1.8265803802491201e+00,8.5927414663611295e+00,1.1866608460633472e+01,1.1866608460633472e+01,1.8265803802491201e+00,1.1866608460633472e+01,1.4164200884570295e+01,7.9291660911713873e+00,1.0961624147211820e+01,5.7997336442919352e+00,1.1344232797394282e+01,1.0961624147211820e+01,1.1344232797394282e+01,1.1344232797394282e+01,3.7958336094420648e+00,7.1949167782747487e+00,3.7958336094420648e+00,1.1866608460633472e+01,5.7997336442919352e+00,5.7997336442919352e+00,1.1344232797394282e+01,5.7997336442919352e+00,0.0000000000000000e+00,1.0061935063728335e+01,0.0000000000000000e+00,1.0961624147211820e+01,1.1866608460633472e+01,1.1344232797394282e+01,1.1866608460633472e+01,1.1866608460633472e+01,7.9291660911713873e+00,1.1344232797394282e+01,1.1866608460633472e+01,1.3891356392548449e+01,1.4164200884570295e+01,9.5458261877898098e-01,1.1866608460633472e+01,3.0553493357664765e+00,5.7997336442919352e+00,7.1949167782747487e+00,1.1344232797394282e+01,5.7997336442919352e+00,1.0961624147211820e+01,7.1949167782747487e+00,1.1344232797394282e+01,5.7997336442919352e+00,1.1866608460633472e+01,1.1866608460633472e+01,9.5458261877898098e-01,1.1866608460633472e+01,1.1866608460633472e+01,7.9291660911713873e+00,4.2018759943927693e+00,1.0961624147211820e+01,7.1949167782747487e+00,1.1866608460633472e+01,1.3891356392548449e+01,1.8265803802491201e+00,1.0961624147211820e+01,4.2018759943927693e+00,1.1866608460633472e+01,1.1344232797394282e+01,1.1866608460633472e+01,1.1866608460633472e+01,7.1949167782747487e+00,1.1866608460633472e+01,4.2018759943927693e+00,1.0061935063728335e+01,1.1866608460633472e+01,1.1866608460633472e+01,9.5458261877898098e-01,7.1949167782747487e+00,1.1866608460633472e+01,9.5458261877898098e-01,1.1866608460633472e+01,1.4164200884570295e+01,1.1866608460633472e+01,3.7958336094420648e+00,1.1866608460633472e+01,3.0553493357664765e+00,1.1866608460633472e+01,8.5927414663611295e+00,7.1949167782747487e+00,1.4164200884570295e+01,3.0553493357664765e+00,1.8265803802491201e+00,1.8265803802491201e+00,5.7997336442919352e+00,5.7997336442919352e+00,7.9291660911713873e+00,9.5458261877898098e-01,0.0000000000000000e+00,7.9291660911713873e+00,1.1344232797394282e+01,7.9291660911713873e+00,1.1866608460633472e+01,4.2018759943927693e+00,1.3891356392548449e+01,7.9291660911713873e+00,9.5458261877898098e-01,1.0961624147211820e+01,1.0061935063728335e+01,1.0961624147211820e+01,1.4164200884570295e+01,7.9291660911713873e+00,1.1866608460633472e+01,1.4164200884570295e+01,1.0061935063728335e+01,7.1949167782747487e+00,1.0961624147211820e+01,1.0961624147211820e+01,1.0961624147211820e+01,1.0961624147211820e+01,1.0961624147211820e+01,0.0000000000000000e+00,1.0061935063728335e+01,7.1949167782747487e+00,4.2018759943927693e+00,1.1344232797394282e+01,1.1344232797394282e+01,7.9291660911713873e+00,1.4164200884570295e+01,1.0061935063728335e+01,4.2018759943927693e+00,1.0061935063728335e+01,1.1344232797394282e+01,1.0061935063728335e+01,1.1344232797394282e+01,1.0961624147211820e+01,1.0061935063728335e+01,1.1344232797394282e+01,1.1344232797394282e+01,1.4164200884570295e+01,1.0961624147211820e+01,1.1344232797394282e+01,1.0061935063728335e+01,7.1949167782747487e+00,1.1866608460633472e+01,1.0961624147211820e+01,1.4164200884570295e+01,1.1344232797394282e+01,5.7997336442919352e+00,9.5458261877898098e-01,7.1949167782747487e+00,1.0961624147211820e+01,1.0061935063728335e+01,1.0961624147211820e+01,7.9291660911713873e+00,7.1949167782747487e+00,1.0061935063728335e+01,1.0961624147211820e+01,1.0961624147211820e+01,1.0961624147211820e+01,1.8265803802491201e+00,1.8265803802491201e+00,1.4164200884570295e+01,7.1949167782747487e+00,1.0961624147211820e+01,1.3891356392548449e+01,3.7958336094420648e+00,0.0000000000000000e+00,7.9291660911713873e+00,9.5458261877898098e-01,1.0961624147211820e+01,1.0961624147211820e+01,7.1949167782747487e+00,1.1866608460633472e+01,1.1866608460633472e+01,5.7997336442919352e+00,1.0961624147211820e+01,8.5927414663611295e+00,1.0961624147211820e+01,1.0961624147211820e+01,1.4164200884570295e+01,1.8265803802491201e+00,1.4164200884570295e+01,8.5927414663611295e+00,1.0961624147211820e+01,8.5927414663611295e+00,8.5927414663611295e+00,1.3891356392548449e+01,1.0961624147211820e+01,1.0961624147211820e+01,1.3891356392548449e+01,1.3891356392548449e+01,1.3891356392548449e+01,1.0961624147211820e+01,1.4164200884570295e+01,1.0961624147211820e+01,1.0961624147211820e+01,1.0061935063728335e+01,3.7958336094420648e+00,7.1949167782747487e+00,1.0961624147211820e+01,7.1949167782747487e+00,1.4164200884570295e+01,7.9291660911713873e+00,4.2018759943927693e+00,5.7997336442919352e+00,7.1949167782747487e+00,5.7997336442919352e+00,0.0000000000000000e+00,7.9291660911713873e+00,1.1866608460633472e+01,1.3891356392548449e+01,5.7997336442919352e+00,7.1949167782747487e+00,3.7958336094420648e+00,1.0961624147211820e+01,5.7997336442919352e+00,1.0961624147211820e+01,1.3891356392548449e+01,3.0553493357664765e+00,1.4164200884570295e+01,1.0961624147211820e+01,3.0553493357664765e+00,1.8265803802491201e+00,3.0553493357664765e+00,1.1866608460633472e+01,1.3891356392548449e+01,1.1344232797394282e+01,1.3891356392548449e+01,1.1344232797394282e+01,5.7997336442919352e+00,1.1344232797394282e+01,1.3891356392548449e+01,7.9291660911713873e+00,1.3891356392548449e+01,1.4164200884570295e+01,7.9291660911713873e+00,7.1949167782747487e+00,1.1866608460633472e+01,1.1866608460633472e+01,1.1866608460633472e+01,4.2018759943927693e+00,1.0961624147211820e+01,1.3891356392548449e+01,7.1949167782747487e+00,1.4164200884570295e+01,5.7997336442919352e+00,1.3891356392548449e+01,1.3891356392548449e+01,8.5927414663611295e+00,1.3891356392548449e+01,1.3891356392548449e+01,1.1866608460633472e+01,1.1866608460633472e+01,9.5458261877898098e-01,1.4164200884570295e+01,1.0961624147211820e+01,1.1866608460633472e+01,8.5927414663611295e+00,3.7958336094420648e+00,1.1866608460633472e+01,1.3891356392548449e+01,1.3891356392548449e+01,1.3891356392548449e+01,7.1949167782747487e+00,3.7958336094420648e+00,1.1344232797394282e+01,1.1866608460633472e+01,4.2018759943927693e+00,1.0961624147211820e+01,1.4164200884570295e+01,1.4164200884570295e+01,8.5927414663611295e+00,1.1344232797394282e+01,1.3891356392548449e+01,7.1949167782747487e+00,1.1866608460633472e+01,1.1866608460633472e+01,9.5458261877898098e-01,1.3891356392548449e+01,5.7997336442919352e+00,3.7958336094420648e+00,1.4164200884570295e+01,1.4164200884570295e+01,8.5927414663611295e+00,1.4164200884570295e+01,1.4164200884570295e+01,1.1344232797394282e+01,1.8265803802491201e+00,8.5927414663611295e+00,4.2018759943927693e+00,1.1866608460633472e+01,4.2018759943927693e+00,1.1866608460633472e+01,8.5927414663611295e+00,1.4164200884570295e+01,1.1866608460633472e+01,4.2018759943927693e+00,1.4164200884570295e+01,4.2018759943927693e+00,4.2018759943927693e+00,4.2018759943927693e+00,0.0000000000000000e+00,0.0000000000000000e+00,1.0961624147211820e+01,1.1866608460633472e+01,1.3891356392548449e+01,5.7997336442919352e+00,3.7958336094420648e+00,1.3891356392548449e+01,3.7958336094420648e+00,1.3891356392548449e+01,3.7958336094420648e+00,1.8265803802491201e+00,1.4164200884570295e+01,0.0000000000000000e+00,5.7997336442919352e+00,1.0961624147211820e+01,1.1866608460633472e+01,1.0961624147211820e+01,1.0061935063728335e+01,1.0061935063728335e+01,3.0553493357664765e+00,1.1866608460633472e+01,0.0000000000000000e+00,1.0061935063728335e+01,7.1949167782747487e+00,5.7997336442919352e+00,1.4164200884570295e+01,1.4164200884570295e+01,1.4164200884570295e+01,9.5458261877898098e-01,7.9291660911713873e+00,1.0061935063728335e+01,1.0061935063728335e+01,1.3891356392548449e+01,1.1866608460633472e+01,1.1866608460633472e+01,1.0961624147211820e+01,1.1866608460633472e+01,5.7997336442919352e+00,4.2018759943927693e+00,1.3891356392548449e+01,1.8265803802491201e+00,4.2018759943927693e+00,1.1866608460633472e+01,7.9291660911713873e+00,1.1866608460633472e+01,1.8265803802491201e+00,1.4164200884570295e+01,1.3891356392548449e+01,7.9291660911713873e+00,8.5927414663611295e+00,7.1949167782747487e+00,1.1866608460633472e+01,3.0553493357664765e+00,5.7997336442919352e+00,1.4164200884570295e+01,1.1866608460633472e+01,1.1866608460633472e+01,3.0553493357664765e+00,3.7958336094420648e+00,1.1866608460633472e+01,1.0961624147211820e+01,3.0553493357664765e+00,1.0961624147211820e+01,0.0000000000000000e+00,1.0961624147211820e+01,1.1866608460633472e+01,1.1866608460633472e+01,4.2018759943927693e+00,1.1866608460633472e+01,7.9291660911713873e+00,1.1866608460633472e+01,1.1866608460633472e+01,1.0961624147211820e+01,1.0961624147211820e+01,1.0961624147211820e+01,4.2018759943927693e+00,1.1866608460633472e+01,1.8265803802491201e+00,1.1866608460633472e+01,7.9291660911713873e+00,1.3891356392548449e+01,3.7958336094420648e+00,1.0061935063728335e+01,1.3891356392548449e+01,1.1866608460633472e+01,1.4164200884570295e+01,1.1866608460633472e+01,7.9291660911713873e+00,1.4164200884570295e+01,1.3891356392548449e+01,1.1866608460633472e+01,1.1866608460633472e+01,1.3891356392548449e+01,1.3891356392548449e+01,1.1344232797394282e+01,1.8265803802491201e+00,1.8265803802491201e+00,1.1866608460633472e+01,1.1866608460633472e+01,9.5458261877898098e-01,1.1344232797394282e+01,1.3891356392548449e+01,1.4164200884570295e+01,0.0000000000000000e+00,3.0553493357664765e+00,1.1866608460633472e+01,1.1866608460633472e+01,4.2018759943927693e+00,1.3891356392548449e+01,7.9291660911713873e+00,1.1866608460633472e+01,3.0553493357664765e+00,1.4164200884570295e+01,7.9291660911713873e+00,1.4164200884570295e+01,5.7997336442919352e+00,8.5927414663611295e+00,1.4164200884570295e+01,1.3891356392548449e+01,1.4164200884570295e+01,1.4164200884570295e+01,1.0961624147211820e+01,0.0000000000000000e+00,9.5458261877898098e-01,1.0961624147211820e+01,1.0061935063728335e+01,1.1866608460633472e+01,1.8265803802491201e+00,1.1866608460633472e+01,1.4164200884570295e+01,3.7958336094420648e+00,1.1866608460633472e+01,1.1866608460633472e+01,9.5458261877898098e-01,1.4164200884570295e+01,1.4164200884570295e+01,1.1866608460633472e+01,1.3891356392548449e+01,1.1344232797394282e+01,1.3891356392548449e+01,1.3891356392548449e+01,1.3891356392548449e+01,1.3891356392548449e+01,7.9291660911713873e+00,9.5458261877898098e-01,4.2018759943927693e+00,4.2018759943927693e+00,1.4164200884570295e+01,1.4164200884570295e+01,4.2018759943927693e+00,1.3891356392548449e+01,8.5927414663611295e+00,7.1949167782747487e+00,4.2018759943927693e+00,1.0961624147211820e+01,4.2018759943927693e+00,1.4164200884570295e+01,7.9291660911713873e+00,7.9291660911713873e+00,3.0553493357664765e+00,1.4164200884570295e+01,1.4164200884570295e+01,1.1866608460633472e+01,1.0061935063728335e+01,7.9291660911713873e+00,1.1866608460633472e+01,1.3891356392548449e+01,1.0961624147211820e+01,5.7997336442919352e+00,1.1866608460633472e+01,1.1866608460633472e+01,3.0553493357664765e+00,1.3891356392548449e+01,1.1344232797394282e+01,1.3891356392548449e+01,1.4164200884570295e+01,8.5927414663611295e+00,5.7997336442919352e+00,5.7997336442919352e+00,1.4164200884570295e+01,7.9291660911713873e+00,1.1344232797394282e+01,1.1866608460633472e+01,1.1866608460633472e+01,5.7997336442919352e+00,1.3891356392548449e+01,1.4164200884570295e+01,4.2018759943927693e+00,0.0000000000000000e+00,5.7997336442919352e+00,1.1344232797394282e+01,1.0961624147211820e+01,1.1866608460633472e+01,1.1866608460633472e+01,1.0061935063728335e+01,7.1949167782747487e+00,1.1344232797394282e+01,8.5927414663611295e+00,1.1344232797394282e+01,0.0000000000000000e+00,1.1344232797394282e+01,1.0061935063728335e+01,1.1344232797394282e+01,1.1344232797394282e+01,1.1866608460633472e+01,1.3891356392548449e+01,5.7997336442919352e+00,7.9291660911713873e+00,1.4164200884570295e+01,3.0553493357664765e+00,1.1866608460633472e+01,1.0961624147211820e+01,9.5458261877898098e-01,1.4164200884570295e+01,7.9291660911713873e+00,0.0000000000000000e+00,7.1949167782747487e+00,3.7958336094420648e+00,1.0061935063728335e+01,1.0061935063728335e+01,7.1949167782747487e+00,7.9291660911713873e+00,1.1866608460633472e+01,1.1344232797394282e+01,1.0961624147211820e+01,1.4164200884570295e+01,1.4164200884570295e+01,1.1344232797394282e+01,9.5458261877898098e-01,1.0961624147211820e+01,1.1344232797394282e+01,1.4164200884570295e+01,1.3891356392548449e+01,1.4164200884570295e+01,1.1344232797394282e+01,5.7997336442919352e+00,7.9291660911713873e+00,8.5927414663611295e+00,1.8265803802491201e+00,7.9291660911713873e+00,3.0553493357664765e+00,7.1949167782747487e+00,0.0000000000000000e+00,1.0961624147211820e+01,1.0961624147211820e+01,7.9291660911713873e+00,1.1344232797394282e+01,1.1866608460633472e+01,1.1344232797394282e+01,1.1866608460633472e+01,1.1866608460633472e+01,1.1866608460633472e+01,9.5458261877898098e-01,1.4164200884570295e+01,5.7997336442919352e+00,1.4164200884570295e+01,7.9291660911713873e+00,1.1866608460633472e+01,1.4164200884570295e+01,9.5458261877898098e-01,1.1866608460633472e+01,3.7958336094420648e+00,1.4164200884570295e+01,1.0061935063728335e+01,1.4164200884570295e+01,7.1949167782747487e+00,1.1866608460633472e+01,1.0961624147211820e+01,1.1866608460633472e+01,1.4164200884570295e+01,8.5927414663611295e+00,7.9291660911713873e+00,7.9291660911713873e+00,3.7958336094420648e+00,3.7958336094420648e+00,5.7997336442919352e+00,1.1866608460633472e+01,1.4164200884570295e+01,1.4164200884570295e+01,0.0000000000000000e+00,1.1866608460633472e+01,3.0553493357664765e+00,1.4164200884570295e+01,7.1949167782747487e+00,1.1866608460633472e+01,1.0061935063728335e+01,8.5927414663611295e+00,1.4164200884570295e+01,1.1866608460633472e+01,8.5927414663611295e+00,1.1866608460633472e+01,8.5927414663611295e+00,1.0061935063728335e+01,1.1866608460633472e+01,7.9291660911713873e+00,1.3891356392548449e+01,5.7997336442919352e+00,1.1866608460633472e+01,1.1866608460633472e+01,1.1866608460633472e+01,7.1949167782747487e+00,1.4164200884570295e+01,8.5927414663611295e+00,1.0061935063728335e+01,4.2018759943927693e+00,1.1344232797394282e+01,1.1344232797394282e+01,1.1344232797394282e+01,1.1344232797394282e+01,4.2018759943927693e+00,3.7958336094420648e+00,1.4164200884570295e+01,1.1344232797394282e+01,7.9291660911713873e+00,1.0061935063728335e+01,7.9291660911713873e+00,7.9291660911713873e+00,1.0061935063728335e+01,1.4164200884570295e+01,1.4164200884570295e+01,0.0000000000000000e+00,1.4164200884570295e+01,7.1949167782747487e+00,1.1866608460633472e+01,1.4164200884570295e+01,1.4164200884570295e+01,1.4164200884570295e+01,7.1949167782747487e+00,1.1344232797394282e+01,3.7958336094420648e+00,1.1866608460633472e+01,1.1866608460633472e+01,1.1344232797394282e+01,8.5927414663611295e+00,5.7997336442919352e+00,8.5927414663611295e+00,1.4164200884570295e+01,1.0061935063728335e+01,5.7997336442919352e+00,8.5927414663611295e+00,1.4164200884570295e+01,1.4164200884570295e+01,1.4164200884570295e+01,3.7958336094420648e+00,1.1344232797394282e+01,1.4164200884570295e+01,1.0061935063728335e+01,1.1344232797394282e+01,1.1344232797394282e+01,8.5927414663611295e+00,1.3891356392548449e+01,1.0961624147211820e+01,1.4164200884570295e+01,3.7958336094420648e+00,1.1866608460633472e+01,1.3891356392548449e+01,1.8265803802491201e+00,1.3891356392548449e+01,5.7997336442919352e+00,1.4164200884570295e+01,7.9291660911713873e+00,1.0961624147211820e+01,1.1866608460633472e+01,1.1866608460633472e+01,1.1866608460633472e+01,5.7997336442919352e+00,7.1949167782747487e+00,1.1866608460633472e+01,5.7997336442919352e+00,5.7997336442919352e+00,5.7997336442919352e+00,1.1866608460633472e+01,3.7958336094420648e+00,3.0553493357664765e+00,3.0553493357664765e+00,1.1866608460633472e+01,1.8265803802491201e+00,1.1344232797394282e+01,1.1344232797394282e+01,7.9291660911713873e+00,1.4164200884570295e+01,1.1866608460633472e+01,7.9291660911713873e+00,1.4164200884570295e+01,3.0553493357664765e+00,1.3891356392548449e+01,1.1344232797394282e+01,1.3891356392548449e+01,1.4164200884570295e+01,1.1344232797394282e+01,1.0961624147211820e+01,1.1866608460633472e+01,3.0553493357664765e+00,5.7997336442919352e+00,1.0961624147211820e+01,9.5458261877898098e-01,1.0061935063728335e+01,7.9291660911713873e+00,1.1866608460633472e+01,3.0553493357664765e+00,9.5458261877898098e-01,9.5458261877898098e-01,1.1344232797394282e+01,5.7997336442919352e+00,1.0961624147211820e+01,7.9291660911713873e+00,8.5927414663611295e+00,7.1949167782747487e+00,3.7958336094420648e+00,0.0000000000000000e+00,8.5927414663611295e+00,1.1344232797394282e+01,1.1866608460633472e+01,0.0000000000000000e+00,1.1866608460633472e+01,7.9291660911713873e+00,3.0553493357664765e+00,1.0061935063728335e+01,1.0061935063728335e+01,0.0000000000000000e+00,1.3891356392548449e+01,4.2018759943927693e+00,0.0000000000000000e+00,3.0553493357664765e+00,1.0061935063728335e+01,1.0061935063728335e+01,1.1866608460633472e+01,1.1866608460633472e+01,8.5927414663611295e+00,1.1344232797394282e+01
8.7369494147863183e+00,4.7780464355854679e+00,1.8682597863296504e+00,4.7780464355854679e+00,4.7780464355854679e+00,1.4320454582058176e+01,1.4320454582058176e+01,1.8682597863296504e+00,1.8682597863296504e+00,1.4320454582058176e+01,1.4320454582058176e+01,4.7780464355854679e+00,1.5720866158622144e+01,1.8682597863296504e+00,1.4320454582058176e+01,7.6176857814119678e+00,1.4320454582058176e+01,1.4320454582058176e+01,4.7780464355854679e+00,1.5720866158622144e+01,9.1685637679176690e-01,4.0729146608553162e+00,1.1349337235377128e+01,1.4320454582058176e+01,1.4320454582058176e+01,1.1349337235377128e+01,1.4320454582058176e+01,1.5720866158622144e+01,1.4320454582058176e+01,1.1349337235377128e+01,1.4320454582058176e+01,8.7369494147863183e+00,9.1685637679176690e-01,1.2476014667456329e+01,1.2476014667456329e+01,1.2476014667456329e+01,1.5720866158622144e+01,1.5720866158622144e+01,1.1349337235377128e+01,4.9974637573975311e+00,1.1349337235377128e+01,1.1349337235377128e+01,1.2476014667456329e+01,1.5720866158622144e+01,1.1349337235377128e+01,1.1349337235377128e+01,1.8682597863296504e+00,9.1685637679176690e-01,6.3824392704968078e+00,0.0000000000000000e+00,4.7780464355854679e+00,6.3824392704968078e+00,6.3824392704968078e+00,1.0341729923351201e+01,9.1685637679176690e-01,2.9344604368099603e+00,1.5720866158622144e+01,1.5720866158622144e+01,9.3791818992794358e+00,1.2476014667456329e+01,4.0729146608553162e+00,1.5720866158622144e+01,8.7369494147863183e+00,8.7369494147863183e+00,4.0729146608553162e+00,6.3824392704968078e+00,4.0729146608553162e+00,1.2476014667456329e+01,1.2476014667456329e+01,1.4320454582058176e+01,6.3824392704968078e+00,1.1349337235377128e+01,1.4320454582058176e+01,1.0341729923351201e+01,9.3791818992794358e+00,4.7780464355854679e+00,1.0341729923351201e+01,6.3824392704968078e+00,1.4320454582058176e+01,1.2476014667456329e+01,1.5720866158622144e+01,1.4320454582058176e+01,1.2476014667456329e+01,9.1685637679176690e-01,1.4320454582058176e+01,1.5720866158622144e+01,1.0341729923351201e+01,1.1349337235377128e+01,9.1685637679176690e-01,1.2476014667456329e+01,1.4320454582058176e+01,1.4320454582058176e+01,9.1685637679176690e-01,1.5720866158622144e+01,1.4320454582058176e+01,2.9344604368099603e+00,1.5720866158622144e+01,1.5720866158622144e+01,1.4320454582058176e+01,1.0341729923351201e+01,6.3824392704968078e+00,4.0729146608553162e+00,1.8682597863296504e+00,1.1349337235377128e+01,1.1349337235377128e+01,1.1349337235377128e+01,1.4320454582058176e+01,1.1349337235377128e+01,1.2476014667456329e+01,1.4320454582058176e+01,1.1349337235377128e+01,1.4320454582058176e+01,1.5720866158622144e+01,4.9974637573975311e+00,4.9974637573975311e+00,1.5720866158622144e+01,1.2476014667456329e+01,1.5720866158622144e+01,1.4320454582058176e+01,1.5720866158622144e+01,4.0729146608553162e+00,7.6176857814119678e+00,1.1349337235377128e+01,4.7780464355854679e+00,1.4320454582058176e+01,1.4320454582058176e+01,1.4320454582058176e+01,7.6176857814119678e+00,7.6176857814119678e+00,7.6176857814119678e+00,6.3824392704968078e+00,1.4320454582058176e+01,4.9974637573975311e+00,4.9974637573975311e+00,1.8682597863296504e+00,1.5720866158622144e+01,1.4320454582058176e+01,1.4320454582058176e+01,8.7369494147863183e+00,6.3824392704968078e+00,4.9974637573975311e+00,8.7369494147863183e+00,1.1349337235377128e+01,4.9974637573975311e+00,1.2476014667456329e+01,1.0341729923351201e+01,1.4320454582058176e+01,6.3824392704968078e+00,1.8682597863296504e+00,6.3824392704968078e+00,4.9974637573975311e+00,1.4320454582058176e+01,1.4320454582058176e+01,0.0000000000000000e+00,6.3824392704968078e+00,4.9974637573975311e+00,9.3791818992794358e+00,9.3791818992794358e+00,1.5720866158622144e+01,1.5720866158622144e+01,4.9974637573975311e+00,6.3824392704968078e+00,8.7369494147863183e+00,1.5720866158622144e+01,4.7780464355854679e+00,4.9974637573975311e+00,1.5720866158622144e+01,4.9974637573975311e+00,4.9974637573975311e+00,1.4320454582058176e+01,1.5720866158622144e+01,2.9344604368099603e+00,8.7369494147863183e+00,1.5720866158622144e+01,1.2476014667456329e+01,6.3824392704968078e+00,1.2476014667456329e+01,0.0000000000000000e+00,9.3791818992794358e+00,8.7369494147863183e+00,1.4320454582058176e+01,1.2476014667456329e+01,1.4320454582058176e+01,1.1349337235377128e+01,1.0341729923351201e+01,4.9974637573975311e+00,4.7780464355854679e+00,4.7780464355854679e+00,8.7369494147863183e+00,8.7369494147863183e+00,4.0729146608553162e+00,1.5720866158622144e+01,4.0729146608553162e+00,1.4320454582058176e+01,1.2476014667456329e+01,8.7369494147863183e+00,2.9344604368099603e+00,2.9344604368099603e+00,1.5720866158622144e+01,1.2476014667456329e+01,1.2476014667456329e+01,1.0341729923351201e+01,0.0000000000000000e+00,1.5720866158622144e+01,1.1349337235377128e+01,1.2476014667456329e+01,4.7780464355854679e+00,1.5720866158622144e+01,2.9344604368099603e+00,1.1349337235377128e+01,4.9974637573975311e+00,8.7369494147863183e+00,4.0729146608553162e+00,4.9974637573975311e+00,1.5720866158622144e+01,6.3824392704968078e+00,2.9344604368099603e+00,4.0729146608553162e+00,8.7369494147863183e+00,1.4320454582058176e+01,1.4320454582058176e+01,9.1685637679176690e-01,8.7369494147863183e+00,1.8682597863296504e+00,2.9344604368099603e+00,4.0729146608553162e+00,1.2476014667456329e+01,8.7369494147863183e+00,4.0729146608553162e+00,2.9344604368099603e+00,1.4320454582058176e+01,1.4320454582058176e+01,1.1349337235377128e+01,2.9344604368099603e+00,8.7369494147863183e+00,1.5720866158622144e+01,8.7369494147863183e+00,1.4320454582058176e+01,4.0729146608553162e+00,1.1349337235377128e+01,1.1349337235377128e+01,1.5720866158622144e+01,4.9974637573975311e+00,4.7780464355854679e+00,4.0729146608553162e+00,7.6176857814119678e+00,1.4320454582058176e+01,1.8682597863296504e+00,1.1349337235377128e+01,6.3824392704968078e+00,1.4320454582058176e+01,4.0729146608553162e+00,1.4320454582058176e+01,2.9344604368099603e+00,4.0729146608553162e+00,8.7369494147863183e+00,8.7369494147863183e+00,1.1349337235377128e+01,4.7780464355854679e+00,1.5720866158622144e+01,1.1349337235377128e+01,1.4320454582058176e+01,1.2476014667456329e+01,1.5720866158622144e+01,1.1349337235377128e+01,4.7780464355854679e+00,7.6176857814119678e+00,1.4320454582058176e+01,1.1349337235377128e+01,1.4320454582058176e+01,1.4320454582058176e+01,1.5720866158622144e+01,7.6176857814119678e+00,1.4320454582058176e+01,1.4320454582058176e+01,1.2476014667456329e+01,9.3791818992794358e+00,8.7369494147863183e+00,4.0729146608553162e+00,4.7780464355854679e+00,4.9974637573975311e+00,1.2476014667456329e+01,0.0000000000000000e+00,4.7780464355854679e+00,4.9974637573975311e+00,6.3824392704968078e+00,1.0341729923351201e+01,1.4320454582058176e+01,1.4320454582058176e+01,7.6176857814119678e+00,7.6176857814119678e+00,1.4320454582058176e+01,1.4320454582058176e+01,4.0729146608553162e+00,2.9344604368099603e+00,1.4320454582058176e+01,9.3791818992794358e+00,9.3791818992794358e+00,1.1349337235377128e+01,9.3791818992794358e+00,6.3824392704968078e+00,6.3824392704968078e+00,1.4320454582058176e+01,6.3824392704968078e+00,6.3824392704968078e+00,6.3824392704968078e+00,9.3791818992794358e+00,2.9344604368099603e+00,2.9344604368099603e+00,4.9974637573975311e+00,0.0000000000000000e+00,1.1349337235377128e+01,1.1349337235377128e+01,1.2476014667456329e+01,1.1349337235377128e+01,4.9974637573975311e+00,1.2476014667456329e+01,4.9974637573975311e+00,1.4320454582058176e+01,1.2476014667456329e+01,9.1685637679176690e-01,6.3824392704968078e+00,1.4320454582058176e+01,4.7780464355854679e+00,1.4320454582058176e+01,1.4320454582058176e+01,1.5720866158622144e+01,1.4320454582058176e+01,1.5720866158622144e+01,1.4320454582058176e+01,7.6176857814119678e+00,4.0729146608553162e+00,1.2476014667456329e+01,1.2476014667456329e+01,1.4320454582058176e+01,7.6176857814119678e+00,9.3791818992794358e+00,7.6176857814119678e+00,9.3791818992794358e+00,6.3824392704968078e+00,8.7369494147863183e+00,1.1349337235377128e+01,8.7369494147863183e+00,6.3824392704968078e+00,1.1349337235377128e+01,1.1349337235377128e+01,9.3791818992794358e+00,1.1349337235377128e+01,1.1349337235377128e+01,8.7369494147863183e+00,1.8682597863296504e+00,4.0729146608553162e+00,4.0729146608553162e+00,1.1349337235377128e+01,6.3824392704968078e+00,1.1349337235377128e+01,1.1349337235377128e+01,6.3824392704968078e+00,6.3824392704968078e+00,1.4320454582058176e+01,4.0729146608553162e+00,0.0000000000000000e+00,0.0000000000000000e+00,1.8682597863296504e+00,1.8682597863296504e+00,6.3824392704968078e+00,7.6176857814119678e+00,1.4320454582058176e+01,1.8682597863296504e+00,6.3824392704968078e+00,0.0000000000000000e+00,1.4320454582058176e+01,1.4320454582058176e+01,4.0729146608553162e+00,1.5720866158622144e+01,7.6176857814119678e+00,8.7369494147863183e+00,1.5720866158622144e+01,7.6176857814119678e+00,1.2476014667456329e+01,2.9344604368099603e+00,7.6176857814119678e+00,1.4320454582058176e+01,1.2476014667456329e+01,1.5720866158622144e+01,1.8682597863296504e+00,1.5720866158622144e+01,1.1349337235377128e+01,1.5720866158622144e+01,1.0341729923351201e+01,1.5720866158622144e+01,6.3824392704968078e+00,1.4320454582058176e+01,4.0729146608553162e+00,0.0000000000000000e+00,1.8682597863296504e+00,1.5720866158622144e+01,0.0000000000000000e+00,4.0729146608553162e+00,1.5720866158622144e+01,1.5720866158622144e+01,6.3824392704968078e+00,1.5720866158622144e+01,4.0729146608553162e+00,1.4320454582058176e+01,8.7369494147863183e+00,1.5720866158622144e+01,1.4320454582058176e+01,1.2476014667456329e+01,7.6176857814119678e+00,1.4320454582058176e+01,9.3791818992794358e+00,9.1685637679176690e-01,1.1349337235377128e+01,9.3791818992794358e+00,7.6176857814119678e+00,1.0341729923351201e+01,6.3824392704968078e+00,6.3824392704968078e+00,4.9974637573975311e+00,1.4320454582058176e+01,8.7369494147863183e+00,9.3791818992794358e+00,1.5720866158622144e+01,6.3824392704968078e+00,1.5720866158622144e+01,1.4320454582058176e+01,0.0000000000000000e+00,1.4320454582058176e+01,1.4320454582058176e+01,9.1685637679176690e-01,1.4320454582058176e+01,1.4320454582058176e+01,8.7369494147863183e+00,1.5720866158622144e+01,1.5720866158622144e+01,1.4320454582058176e+01,1.4320454582058176e+01,6.3824392704968078e+00,1.4320454582058176e+01,1.1349337235377128e+01,1.0341729923351201e+01,6.3824392704968078e+00,4.7780464355854679e+00,9.3791818992794358e+00,6.3824392704968078e+00,9.1685637679176690e-01,1.1349337235377128e+01,9.1685637679176690e-01,1.2476014667456329e+01,1.4320454582058176e+01,1.4320454582058176e+01,2.9344604368099603e+00,2.9344604368099603e+00,1.8682597863296504e+00,1.4320454582058176e+01,1.4320454582058176e+01,1.4320454582058176e+01,2.9344604368099603e+00,8.7369494147863183e+00,7.6176857814119678e+00,1.1349337235377128e+01,1.4320454582058176e+01,1.0341729923351201e+01,1.0341729923351201e+01,1.0341729923351201e+01,1.4320454582058176e+01,9.3791818992794358e+00,9.3791818992794358e+00,1.0341729923351201e+01,1.0341729923351201e+01,1.4320454582058176e+01,8.7369494147863183e+00,1.0341729923351201e+01,8.7369494147863183e+00,1.0341729923351201e+01,1.5720866158622144e+01,1.2476014667456329e+01,6.3824392704968078e+00,6.3824392704968078e+00,1.5720866158622144e+01,8.7369494147863183e+00,1.5720866158622144e+01,1.5720866158622144e+01,4.7780464355854679e+00,1.4320454582058176e+01,8.7369494147863183e+00,1.1349337235377128e+01,1.0341729923351201e+01,1.4320454582058176e+01,1.5720866158622144e+01,1.1349337235377128e+01,1.0341729923351201e+01,1.5720866158622144e+01,1.5720866158622144e+01,1.8682597863296504e+00,1.1349337235377128e+01,1.4320454582058176e+01,9.3791818992794358e+00,1.0341729923351201e+01,4.9974637573975311e+00,1.0341729923351201e+01,1.5720866158622144e+01,8.7369494147863183e+00,8.7369494147863183e+00,8.7369494147863183e+00,1.4320454582058176e+01,6.3824392704968078e+00,2.9344604368099603e+00,9.3791818992794358e+00,1.0341729923351201e+01,7.6176857814119678e+00,1.8682597863296504e+00,9.3791818992794358e+00,9.3791818992794358e+00,1.1349337235377128e+01,9.3791818992794358e+00,9.3791818992794358e+00,1.5720866158622144e+01,1.8682597863296504e+00,1.4320454582058176e+01,1.0341729923351201e+01,6.3824392704968078e+00,1.4320454582058176e+01,9.3791818992794358e+00,9.3791818992794358e+00,1.1349337235377128e+01,2.9344604368099603e+00,1.4320454582058176e+01,7.6176857814119678e+00,1.0341729923351201e+01,1.2476014667456329e+01,1.5720866158622144e+01,1.0341729923351201e+01,1.2476014667456329e+01,1.5720866158622144e+01,1.0341729923351201e+01,9.3791818992794358e+00,1.0341729923351201e+01,1.0341729923351201e+01,0.0000000000000000e+00,7.6176857814119678e+00,1.4320454582058176e+01,9.3791818992794358e+00,1.2476014667456329e+01,1.5720866158622144e+01,6.3824392704968078e+00,1.5720866158622144e+01,9.3791818992794358e+00,1.5720866158622144e+01,9.1685637679176690e-01,4.7780464355854679e+00,1.5720866158622144e+01,7.6176857814119678e+00,8.7369494147863183e+00,1.5720866158622144e+01,8.7369494147863183e+00,1.4320454582058176e+01,9.1685637679176690e-01,4.9974637573975311e+00,4.7780464355854679e+00,1.4320454582058176e+01,4.0729146608553162e+00,1.0341729923351201e+01,1.5720866158622144e+01,1.0341729923351201e+01,9.1685637679176690e-01,8.7369494147863183e+00,1.8682597863296504e+00,6.3824392704968078e+00,1.5720866158622144e+01,1.4320454582058176e+01,1.4320454582058176e+01,1.4320454582058176e+01,7.6176857814119678e+00,7.6176857814119678e+00,7.6176857814119678e+00,7.6176857814119678e+00,9.1685637679176690e-01,1.8682597863296504e+00,4.7780464355854679e+00,1.5720866158622144e+01,1.4320454582058176e+01,1.2476014667456329e+01,1.5720866158622144e+01,7.6176857814119678e+00,1.5720866158622144e+01,1.5720866158622144e+01,7.6176857814119678e+00,1.0341729923351201e+01,1.1349337235377128e+01,6.3824392704968078e+00,1.1349337235377128e+01,1.0341729923351201e+01,1.0341729923351201e+01,1.5720866158622144e+01,7.6176857814119678e+00,1.1349337235377128e+01,1.2476014667456329e+01,1.5720866158622144e+01,7.6176857814119678e+00,1.4320454582058176e+01,1.4320454582058176e+01,9.3791818992794358e+00,1.5720866158622144e+01,1.2476014667456329e+01,8.7369494147863183e+00,1.4320454582058176e+01,4.7780464355854679e+00,2.9344604368099603e+00,1.5720866158622144e+01,1.0341729923351201e+01,1.5720866158622144e+01,9.3791818992794358e+00,1.8682597863296504e+00,9.3791818992794358e+00,1.4320454582058176e+01,9.3791818992794358e+00,9.3791818992794358e+00,1.2476014667456329e+01,4.7780464355854679e+00,1.4320454582058176e+01,4.0729146608553162e+00,1.1349337235377128e+01,7.6176857814119678e+00,1.8682597863296504e+00,1.8682597863296504e+00,1.4320454582058176e+01,1.4320454582058176e+01,1.5720866158622144e+01,1.8682597863296504e+00,1.5720866158622144e+01,4.0729146608553162e+00,1.4320454582058176e+01,1.2476014667456329e+01,4.0729146608553162e+00,9.3791818992794358e+00,9.3791818992794358e+00,1.0341729923351201e+01,1.1349337235377128e+01,1.1349337235377128e+01,1.2476014667456329e+01,1.2476014667456329e+01,1.1349337235377128e+01,1.2476014667456329e+01,8.7369494147863183e+00,9.1685637679176690e-01,1.1349337235377128e+01,1.4320454582058176e+01,0.0000000000000000e+00,4.9974637573975311e+00,9.3791818992794358e+00,8.7369494147863183e+00,2.9344604368099603e+00,0.0000000000000000e+00,8.7369494147863183e+00,1.4320454582058176e+01,1.4320454582058176e+01,1.0341729923351201e+01,9.1685637679176690e-01,1.4320454582058176e+01,1.1349337235377128e+01,0.0000000000000000e+00,1.4320454582058176e+01,2.9344604368099603e+00,6.3824392704968078e+00,8.7369494147863183e+00,9.1685637679176690e-01,2.9344604368099603e+00,7.6176857814119678e+00,4.0729146608553162e+00,2.9344604368099603e+00,1.5720866158622144e+01,1.5720866158622144e+01,9.3791818992794358e+00,1.5720866158622144e+01,1.8682597863296504e+00,1.2476014667456329e+01,1.5720866158622144e+01,9.3791818992794358e+00,1.5720866158622144e+01,8.7369494147863183e+00,0.0000000000000000e+00,6.3824392704968078e+00,4.9974637573975311e+00,4.0729146608553162e+00,2.9344604368099603e+00,1.5720866158622144e+01,9.3791818992794358e+00,1.5720866158622144e+01,1.5720866158622144e+01,9.1685637679176690e-01,1.2476014667456329e+01,6.3824392704968078e+00,9.3791818992794358e+00,9.3791818992794358e+00,1.4320454582058176e+01,1.4320454582058176e+01,9.3791818992794358e+00,1.8682597863296504e+00,6.3824392704968078e+00,9.3791818992794358e+00,8.7369494147863183e+00,8.7369494147863183e+00,8.7369494147863183e+00,6.3824392704968078e+00,6.3824392704968078e+00,6.3824392704968078e+00,1.4320454582058176e+01,1.4320454582058176e+01,1.5720866158622144e+01,8.7369494147863183e+00,1.5720866158622144e+01,1.5720866158622144e+01,1.4320454582058176e+01,9.1685637679176690e-01,1.2476014667456329e+01,6.3824392704968078e+00,1.1349337235377128e+01,8.7369494147863183e+00,1.4320454582058176e+01,8.7369494147863183e+00,6.3824392704968078e+00,1.4320454582058176e+01,1.1349337235377128e+01,1.4320454582058176e+01,6.3824392704968078e+00,4.0729146608553162e+00,0.0000000000000000e+00,1.4320454582058176e+01,6.3824392704968078e+00,6.3824392704968078e+00,4.7780464355854679e+00,1.2476014667456329e+01,4.7780464355854679e+00,1.1349337235377128e+01,2.9344604368099603e+00,1.1349337235377128e+01,1.1349337235377128e+01,1.2476014667456329e+01,4.7780464355854679e+00,4.7780464355854679e+00,1.4320454582058176e+01,4.9974637573975311e+00,1.4320454582058176e+01,4.0729146608553162e+00,1.0341729923351201e+01,4.7780464355854679e+00,1.4320454582058176e+01,6.3824392704968078e+00,4.0729146608553162e+00,6.3824392704968078e+00,4.7780464355854679e+00,1.0341729923351201e+01,8.7369494147863183e+00,6.3824392704968078e+00,1.4320454582058176e+01,1.4320454582058176e+01,2.9344604368099603e+00,6.3824392704968078e+00,1.5720866158622144e+01,0.0000000000000000e+00,9.3791818992794358e+00,9.3791818992794358e+00,6.3824392704968078e+00,1.1349337235377128e+01,1.1349337235377128e+01,1.1349337235377128e+01,8.7369494147863183e+00,1.8682597863296504e+00,9.3791818992794358e+00,9.3791818992794358e+00,8.7369494147863183e+00,1.1349337235377128e+01,1.5720866158622144e+01,4.7780464355854679e+00,1.1349337235377128e+01,1.4320454582058176e+01,1.5720866158622144e+01,1.4320454582058176e+01,1.2476014667456329e+01,1.2476014667456329e+01,6.3824392704968078e+00,2.9344604368099603e+00,1.5720866158622144e+01,1.2476014667456329e+01,4.0729146608553162e+00,4.9974637573975311e+00,1.0341729923351201e+01,7.6176857814119678e+00,1.5720866158622144e+01,4.7780464355854679e+00,8.7369494147863183e+00,8.7369494147863183e+00,8.7369494147863183e+00,4.0729146608553162e+00,1.4320454582058176e+01,8.7369494147863183e+00,8.7369494147863183e+00,1.4320454582058176e+01,4.9974637573975311e+00,1.4320454582058176e+01,1.4320454582058176e+01,1.1349337235377128e+01,4.9974637573975311e+00,1.4320454582058176e+01,4.9974637573975311e+00,1.4320454582058176e+01,9.1685637679176690e-01,1.8682597863296504e+00,1.4320454582058176e+01,1.4320454582058176e+01,8.7369494147863183e+00,9.3791818992794358e+00,2.9344604368099603e+00,1.1349337235377128e+01,1.5720866158622144e+01,0.0000000000000000e+00,1.1349337235377128e+01,1.4320454582058176e+01,1.5720866158622144e+01,1.1349337235377128e+01,0.0000000000000000e+00,1.4320454582058176e+01,8.7369494147863183e+00,1.8682597863296504e+00,7.6176857814119678e+00,9.3791818992794358e+00,2.9344604368099603e+00,9.1685637679176690e-01,1.4320454582058176e+01,0.0000000000000000e+00,7.6176857814119678e+00,1.4320454582058176e+01,7.6176857814119678e+00,1.4320454582058176e+01,0.0000000000000000e+00,6.3824392704968078e+00,7.6176857814119678e+00,1.5720866158622144e+01,1.5720866158622144e+01,1.4320454582058176e+01,0.0000000000000000e+00,1.2476014667456329e+01,1.8682597863296504e+00,1.2476014667456329e+01,7.6176857814119678e+00,6.3824392704968078e+00,4.7780464355854679e+00,1.2476014667456329e+01,1.0341729923351201e+01,1.5720866158622144e+01,9.3791818992794358e+00,1.5720866158622144e+01,2.9344604368099603e+00,1.5720866158622144e+01,8.7369494147863183e+00,9.3791818992794358e+00,4.0729146608553162e+00,1.5720866158622144e+01,0.0000000000000000e+00,1.5720866158622144e+01,1.5720866158622144e+01,1.4320454582058176e+01,1.5720866158622144e+01,1.0341729923351201e+01,1.8682597863296504e+00,7.6176857814119678e+00,1.5720866158622144e+01,1.2476014667456329e+01,6.3824392704968078e+00,1.2476014667456329e+01,1.5720866158622144e+01,1.2476014667456329e+01,0.0000000000000000e+00,2.9344604368099603e+00,1.2476014667456329e+01,9.3791818992794358e+00,1.5720866158622144e+01,4.0729146608553162e+00,1.5720866158622144e+01,8.7369494147863183e+00,4.7780464355854679e+00,1.5720866158622144e+01,1.5720866158622144e+01,1.2476014667456329e+01,8.7369494147863183e+00,1.5720866158622144e+01,8.7369494147863183e+00,1.5720866158622144e+01,1.4320454582058176e+01,1.5720866158622144e+01,9.1685637679176690e-01,1.5720866158622144e+01,1.4320454582058176e+01,1.5720866158622144e+01,1.4320454582058176e+01,2.9344604368099603e+00,1.5720866158622144e+01,2.9344604368099603e+00,9.3791818992794358e+00,1.5720866158622144e+01,1.4320454582058176e+01,1.5720866158622144e+01,1.4320454582058176e+01,9.1685637679176690e-01,1.5720866158622144e+01,1.2476014667456329e+01,9.3791818992794358e+00,1.4320454582058176e+01,1.1349337235377128e+01,1.4320454582058176e+01,4.7780464355854679e+00,1.1349337235377128e+01,1.4320454582058176e+01,1.4320454582058176e+01,0.0000000000000000e+00,6.3824392704968078e+00,9.3791818992794358e+00,4.9974637573975311e+00,1.4320454582058176e+01,1.0341729923351201e+01,1.4320454582058176e+01,1.0341729923351201e+01,4.7780464355854679e+00,1.1349337235377128e+01,4.0729146608553162e+00,9.3791818992794358e+00,4.0729146608553162e+00,4.0729146608553162e+00,0.0000000000000000e+00,9.1685637679176690e-01,4.0729146608553162e+00,4.7780464355854679e+00,1.8682597863296504e+00,7.6176857814119678e+00,1.1349337235377128e+01,9.3791818992794358e+00,1.0341729923351201e+01,4.7780464355854679e+00,8.7369494147863183e+00,1.1349337235377128e+01,1.5720866158622144e+01,0.0000000000000000e+00,1.2476014667456329e+01,7.6176857814119678e+00,7.6176857814119678e+00,1.2476014667456329e+01,1.2476014667456329e+01,1.1349337235377128e+01,9.1685637679176690e-01,1.4320454582058176e+01,9.1685637679176690e-01,8.7369494147863183e+00,1.5720866158622144e+01,1.5720866158622144e+01,1.5720866158622144e+01,4.0729146608553162e+00,1.5720866158622144e+01,1.5720866158622144e+01,1.5720866158622144e+01,1.5720866158622144e+01,1.5720866158622144e+01,4.0729146608553162e+00,4.9974637573975311e+00,1.0341729923351201e+01,9.1685637679176690e-01,1.1349337235377128e+01,7.6176857814119678e+00,7.6176857814119678e+00,1.1349337235377128e+01,1.1349337235377128e+01,1.4320454582058176e+01,4.9974637573975311e+00,4.0729146608553162e+00,1.4320454582058176e+01,2.9344604368099603e+00,1.4320454582058176e+01,1.5720866158622144e+01,1.5720866158622144e+01,1.2476014667456329e+01,1.5720866158622144e+01,9.1685637679176690e-01,4.9974637573975311e+00,4.7780464355854679e+00,1.4320454582058176e+01,8.7369494147863183e+00,1.4320454582058176e+01,1.1349337235377128e+01,8.7369494147863183e+00,1.4320454582058176e+01,1.1349337235377128e+01,4.0729146608553162e+00,1.2476014667456329e+01,1.1349337235377128e+01,1.4320454582058176e+01,7.6176857814119678e+00,1.1349337235377128e+01,4.0729146608553162e+00,8.7369494147863183e+00
1.0811574951448078e+01,1.0811574951448078e+01,1.0811574951448078e+01,1.0811574951448078e+01,1.0811574951448078e+01,4.7342658632380648e+00,1.0811574951448078e+01,5.7571776071790266e+00,1.0811574951448078e+01,9.4553628363170947e+00,3.8817471972696511e+00,1.0811574951448078e+01,1.0811574951448078e+01,5.7571776071790266e+00,5.7571776071790266e+00,4.7342658632380648e+00,0.0000000000000000e+00,4.7342658632380648e+00,5.7571776071790266e+00,7.7101619078684731e+00,5.7571776071790266e+00,4.7342658632380648e+00,5.7571776071790266e+00,1.1741100205326644e+01,6.3385265874793424e+00,1.0811574951448078e+01,1.0811574951448078e+01,6.3385265874793424e+00,2.9835086532105710e+00,6.3385265874793424e+00,1.1741100205326644e+01,1.0811574951448078e+01,4.7342658632380648e+00,1.3243828162705494e+01,6.3385265874793424e+00,1.3243828162705494e+01,1.3243828162705494e+01,1.0811574951448078e+01,1.0811574951448078e+01,1.0811574951448078e+01,2.9835086532105710e+00,1.0811574951448078e+01,6.3385265874793424e+00,7.7101619078684731e+00,6.3385265874793424e+00,1.0811574951448078e+01,5.7571776071790266e+00,1.0811574951448078e+01,1.3243828162705494e+01,0.0000000000000000e+00,1.3243828162705494e+01,3.8817471972696511e+00,1.0811574951448078e+01,9.4553628363170947e+00,6.3385265874793424e+00,4.7342658632380648e+00,1.0811574951448078e+01,4.7342658632380648e+00,9.1532138178696543e-01,4.7342658632380648e+00,1.3243828162705494e+01,1.0811574951448078e+01,1.0811574951448078e+01,1.0811574951448078e+01,1.0811574951448078e+01,1.3243828162705494e+01,1.0811574951448078e+01,6.3385265874793424e+00,7.7101619078684731e+00,9.4553628363170947e+00,9.4553628363170947e+00,9.4553628363170947e+00,6.3385265874793424e+00,7.7101619078684731e+00,1.1741100205326644e+01,1.2903899514638709e+01,1.1741100205326644e+01,2.9835086532105710e+00,0.0000000000000000e+00,9.2969333598714687e+00,1.2903899514638709e+01,1.2903899514638709e+01,9.2969333598714687e+00,1.2903899514638709e+01,1.2903899514638709e+01,1.1741100205326644e+01,1.1741100205326644e+01,9.4553628363170947e+00,1.1741100205326644e+01,6.3385265874793424e+00,9.2969333598714687e+00,1.1741100205326644e+01,1.2903899514638709e+01,1.1741100205326644e+01,7.7101619078684731e+00,6.3385265874793424e+00,4.7342658632380648e+00,1.2903899514638709e+01,9.4553628363170947e+00,1.2903899514638709e+01,1.1741100205326644e+01,9.2969333598714687e+00,9.2969333598714687e+00,1.0811574951448078e+01,1.2903899514638709e+01,1.0811574951448078e+01,1.3243828162705494e+01,9.2969333598714687e+00,1.1741100205326644e+01,9.2969333598714687e+00,1.1741100205326644e+01,1.5726061222393971e+01,1.0811574951448078e+01,1.3243828162705494e+01,9.4553628363170947e+00,9.4553628363170947e+00,4.7342658632380648e+00,1.1741100205326644e+01,6.3385265874793424e+00,6.3385265874793424e+00,9.4553628363170947e+00,6.3385265874793424e+00,6.3385265874793424e+00,1.0811574951448078e+01,2.9835086532105710e+00,1.0811574951448078e+01,1.0811574951448078e+01,1.0811574951448078e+01,9.4553628363170947e+00,1.0811574951448078e+01,1.1741100205326644e+01,1.8312886504501016e+00,9.2969333598714687e+00,5.7571776071790266e+00,9.2969333598714687e+00,9.2969333598714687e+00,9.2969333598714687e+00,4.7342658632380648e+00,1.2903899514638709e+01,1.2903899514638709e+01,3.8817471972696511e+00,9.2969333598714687e+00,9.4553628363170947e+00,1.3243828162705494e+01,9.2969333598714687e+00,1.3243828162705494e+01,9.4553628363170947e+00,1.3243828162705494e+01,1.8312886504501016e+00,1.8312886504501016e+00,9.2969333598714687e+00,9.2969333598714687e+00,0.0000000000000000e+00,6.3385265874793424e+00,9.2969333598714687e+00,0.0000000000000000e+00,1.3243828162705494e+01,1.3243828162705494e+01,9.2969333598714687e+00,1.3243828162705494e+01,1.0811574951448078e+01,1.3243828162705494e+01,5.7571776071790266e+00,4.7342658632380648e+00,3.8817471972696511e+00,3.8817471972696511e+00,1.5726061222393971e+01,1.3243828162705494e+01,1.3243828162705494e+01,1.2903899514638709e+01,9.2969333598714687e+00,1.3243828162705494e+01,9.2969333598714687e+00,3.8817471972696511e+00,0.0000000000000000e+00,9.2969333598714687e+00,9.2969333598714687e+00,9.2969333598714687e+00,1.3243828162705494e+01,6.3385265874793424e+00,3.8817471972696511e+00,1.3243828162705494e+01,9.2969333598714687e+00,6.3385265874793424e+00,1.3243828162705494e+01,1.3243828162705494e+01,9.4553628363170947e+00,4.7342658632380648e+00,5.7571776071790266e+00,2.9835086532105710e+00,5.7571776071790266e+00,1.0811574951448078e+01,3.8817471972696511e+00,9.2969333598714687e+00,4.7342658632380648e+00,1.3243828162705494e+01,1.3243828162705494e+01,1.5726061222393971e+01,3.8817471972696511e+00,6.3385265874793424e+00,4.7342658632380648e+00,6.3385265874793424e+00,1.0811574951448078e+01,1.8312886504501016e+00,4.7342658632380648e+00,4.7342658632380648e+00,1.3243828162705494e+01,3.8817471972696511e+00,3.8817471972696511e+00,4.7342658632380648e+00,6.3385265874793424e+00,7.7101619078684731e+00,5.7571776071790266e+00,6.3385265874793424e+00,9.4553628363170947e+00,7.7101619078684731e+00,7.7101619078684731e+00,4.7342658632380648e+00,1.0811574951448078e+01,3.8817471972696511e+00,9.2969333598714687e+00,3.8817471972696511e+00,9.2969333598714687e+00,1.0811574951448078e+01,9.4553628363170947e+00,1.3243828162705494e+01,3.8817471972696511e+00,1.3243828162705494e+01,1.1741100205326644e+01,0.0000000000000000e+00,1.0811574951448078e+01,1.0811574951448078e+01,1.1741100205326644e+01,1.1741100205326644e+01,1.3243828162705494e+01,1.1741100205326644e+01,1.0811574951448078e+01,2.9835086532105710e+00,9.1532138178696543e-01,6.3385265874793424e+00,6.3385265874793424e+00,0.0000000000000000e+00,1.2903899514638709e+01,4.7342658632380648e+00,3.8817471972696511e+00,9.2969333598714687e+00,5.7571776071790266e+00,1.3243828162705494e+01,1.1741100205326644e+01,1.5726061222393971e+01,1.0811574951448078e+01,1.8312886504501016e+00,6.3385265874793424e+00,1.3243828162705494e+01,2.9835086532105710e+00,1.1741100205326644e+01,1.8312886504501016e+00,1.2903899514638709e+01,1.1741100205326644e+01,1.3243828162705494e+01,6.3385265874793424e+00,1.2903899514638709e+01,9.2969333598714687e+00,1.8312886504501016e+00,4.7342658632380648e+00,1.2903899514638709e+01,1.3243828162705494e+01,1.3243828162705494e+01,9.2969333598714687e+00,1.1741100205326644e+01,4.7342658632380648e+00,0.0000000000000000e+00,1.0811574951448078e+01,6.3385265874793424e+00,6.3385265874793424e+00,1.0811574951448078e+01,1.3243828162705494e+01,3.8817471972696511e+00,1.0811574951448078e+01,1.0811574951448078e+01,1.0811574951448078e+01,7.7101619078684731e+00,1.0811574951448078e+01,9.4553628363170947e+00,1.3243828162705494e+01,1.0811574951448078e+01,1.0811574951448078e+01,7.7101619078684731e+00,1.3243828162705494e+01,2.9835086532105710e+00,9.4553628363170947e+00,1.1741100205326644e+01,1.3243828162705494e+01,9.4553628363170947e+00,1.3243828162705494e+01,9.4553628363170947e+00,1.3243828162705494e+01,1.3243828162705494e+01,1.0811574951448078e+01,1.3243828162705494e+01,1.3243828162705494e+01,1.3243828162705494e+01,1.3243828162705494e+01,7.7101619078684731e+00,1.3243828162705494e+01,3.8817471972696511e+00,1.3243828162705494e+01,1.3243828162705494e+01,1.3243828162705494e+01,1.3243828162705494e+01,1.3243828162705494e+01,1.3243828162705494e+01,1.2903899514638709e+01,1.0811574951448078e+01,7.7101619078684731e+00,1.1741100205326644e+01,1.1741100205326644e+01,1.1741100205326644e+01,3.8817471972696511e+00,1.1741100205326644e+01,9.2969333598714687e+00,1.5726061222393971e+01,9.4553628363170947e+00,9.1532138178696543e-01,1.0811574951448078e+01,1.3243828162705494e+01,5.7571776071790266e+00,1.3243828162705494e+01,1.1741100205326644e+01,3.8817471972696511e+00,3.8817471972696511e+00,1.1741100205326644e+01,7.7101619078684731e+00,1.5726061222393971e+01,1.3243828162705494e+01,1.3243828162705494e+01,1.2903899514638709e+01,9.4553628363170947e+00,9.1532138178696543e-01,2.9835086532105710e+00,1.5726061222393971e+01,1.3243828162705494e+01,1.5726061222393971e+01,9.4553628363170947e+00,3.8817471972696511e+00,6.3385265874793424e+00,9.2969333598714687e+00,7.7101619078684731e+00,1.3243828162705494e+01,1.5726061222393971e+01,3.8817471972696511e+00,1.3243828162705494e+01,1.1741100205326644e+01,9.4553628363170947e+00,9.4553628363170947e+00,9.2969333598714687e+00,9.2969333598714687e+00,9.1532138178696543e-01,1.1741100205326644e+01,1.0811574951448078e+01,9.2969333598714687e+00,1.1741100205326644e+01,1.8312886504501016e+00,3.8817471972696511e+00,1.3243828162705494e+01,5.7571776071790266e+00,6.3385265874793424e+00,6.3385265874793424e+00,6.3385265874793424e+00,1.0811574951448078e+01,1.8312886504501016e+00,3.8817471972696511e+00,1.3243828162705494e+01,6.3385265874793424e+00,6.3385265874793424e+00,7.7101619078684731e+00,1.0811574951448078e+01,6.3385265874793424e+00,2.9835086532105710e+00,0.0000000000000000e+00,2.9835086532105710e+00,1.5726061222393971e+01,1.3243828162705494e+01,1.3243828162705494e+01,1.3243828162705494e+01,1.3243828162705494e+01,1.5726061222393971e+01,1.5726061222393971e+01,1.2903899514638709e+01,3.8817471972696511e+00,1.0811574951448078e+01,9.4553628363170947e+00,9.4553628363170947e+00,1.3243828162705494e+01,1.0811574951448078e+01,1.1741100205326644e+01,4.7342658632380648e+00,9.4553628363170947e+00,3.8817471972696511e+00,5.7571776071790266e+00,3.8817471972696511e+00,5.7571776071790266e+00,1.5726061222393971e+01,3.8817471972696511e+00,1.1741100205326644e+01,6.3385265874793424e+00,1.1741100205326644e+01,1.3243828162705494e+01,2.9835086532105710e+00,4.7342658632380648e+00,1.1741100205326644e+01,2.9835086532105710e+00,1.1741100205326644e+01,1.1741100205326644e+01,6.3385265874793424e+00,1.2903899514638709e+01,9.4553628363170947e+00,1.5726061222393971e+01,1.1741100205326644e+01,1.5726061222393971e+01,1.5726061222393971e+01,2.9835086532105710e+00,1.1741100205326644e+01,1.1741100205326644e+01,1.3243828162705494e+01,3.8817471972696511e+00,9.1532138178696543e-01,1.3243828162705494e+01,1.3243828162705494e+01,9.2969333598714687e+00,1.1741100205326644e+01,9.4553628363170947e+00,9.2969333598714687e+00,1.2903899514638709e+01,1.2903899514638709e+01,1.3243828162705494e+01,7.7101619078684731e+00,1.2903899514638709e+01,1.1741100205326644e+01,7.7101619078684731e+00,1.1741100205326644e+01,5.7571776071790266e+00,0.0000000000000000e+00,1.5726061222393971e+01,1.8312886504501016e+00,1.1741100205326644e+01,1.5726061222393971e+01,5.7571776071790266e+00,1.8312886504501016e+00,1.3243828162705494e+01,9.1532138178696543e-01,6.3385265874793424e+00,1.3243828162705494e+01,1.2903899514638709e+01,9.2969333598714687e+00,9.2969333598714687e+00,1.2903899514638709e+01,1.8312886504501016e+00,1.8312886504501016e+00,7.7101619078684731e+00,9.1532138178696543e-01,4.7342658632380648e+00,9.2969333598714687e+00,5.7571776071790266e+00,1.1741100205326644e+01,6.3385265874793424e+00,1.8312886504501016e+00,1.3243828162705494e+01,1.1741100205326644e+01,4.7342658632380648e+00,4.7342658632380648e+00,9.4553628363170947e+00,1.1741100205326644e+01,1.3243828162705494e+01,1.1741100205326644e+01,2.9835086532105710e+00,1.1741100205326644e+01,9.1532138178696543e-01,1.3243828162705494e+01,1.3243828162705494e+01,7.7101619078684731e+00,1.1741100205326644e+01,9.4553628363170947e+00,1.2903899514638709e+01,4.7342658632380648e+00,4.7342658632380648e+00,0.0000000000000000e+00,1.3243828162705494e+01,1.3243828162705494e+01,1.2903899514638709e+01,1.2903899514638709e+01,3.8817471972696511e+00,3.8817471972696511e+00,9.4553628363170947e+00,1.3243828162705494e+01,5.7571776071790266e+00,9.4553628363170947e+00,9.4553628363170947e+00,6.3385265874793424e+00,2.9835086532105710e+00,1.3243828162705494e+01,9.1532138178696543e-01,1.1741100205326644e+01,1.3243828162705494e+01,9.2969333598714687e+00,9.2969333598714687e+00,1.3243828162705494e+01,9.1532138178696543e-01,1.3243828162705494e+01,1.3243828162705494e+01,3.8817471972696511e+00,1.0811574951448078e+01,1.2903899514638709e+01,9.2969333598714687e+00,7.7101619078684731e+00,1.3243828162705494e+01,1.1741100205326644e+01,9.2969333598714687e+00,1.3243828162705494e+01,6.3385265874793424e+00,6.3385265874793424e+00,1.5726061222393971e+01,9.2969333598714687e+00,3.8817471972696511e+00,1.3243828162705494e+01,1.3243828162705494e+01,5.7571776071790266e+00,1.0811574951448078e+01,1.1741100205326644e+01,1.2903899514638709e+01,2.9835086532105710e+00,9.2969333598714687e+00,1.1741100205326644e+01,9.2969333598714687e+00,1.3243828162705494e+01,1.8312886504501016e+00,1.1741100205326644e+01,4.7342658632380648e+00,1.0811574951448078e+01,6.3385265874793424e+00,1.1741100205326644e+01,6.3385265874793424e+00,1.0811574951448078e+01,1.0811574951448078e+01,1.0811574951448078e+01,1.0811574951448078e+01,1.3243828162705494e+01,9.1532138178696543e-01,5.7571776071790266e+00,1.0811574951448078e+01,6.3385265874793424e+00,3.8817471972696511e+00,1.2903899514638709e+01,9.1532138178696543e-01,1.1741100205326644e+01,6.3385265874793424e+00,1.8312886504501016e+00,1.1741100205326644e+01,3.8817471972696511e+00,1.2903899514638709e+01,1.0811574951448078e+01,9.2969333598714687e+00,9.2969333598714687e+00,1.3243828162705494e+01,1.3243828162705494e+01,1.3243828162705494e+01,6.3385265874793424e+00,6.3385265874793424e+00,5.7571776071790266e+00,6.3385265874793424e+00,6.3385265874793424e+00,1.1741100205326644e+01,1.8312886504501016e+00,1.0811574951448078e+01,9.4553628363170947e+00,1.8312886504501016e+00,9.2969333598714687e+00,1.1741100205326644e+01,1.3243828162705494e+01,1.3243828162705494e+01,1.1741100205326644e+01,9.1532138178696543e-01,2.9835086532105710e+00,9.4553628363170947e+00,1.1741100205326644e+01,1.3243828162705494e+01,1.5726061222393971e+01,1.0811574951448078e+01,1.1741100205326644e+01,1.2903899514638709e+01,1.2903899514638709e+01,9.4553628363170947e+00,7.7101619078684731e+00,1.3243828162705494e+01,1.3243828162705494e+01,1.1741100205326644e+01,1.3243828162705494e+01,1.3243828162705494e+01,1.0811574951448078e+01,1.8312886504501016e+00,9.4553628363170947e+00,9.4553628363170947e+00,1.1741100205326644e+01,9.4553628363170947e+00,9.2969333598714687e+00,1.5726061222393971e+01,1.1741100205326644e+01,1.1741100205326644e+01,1.1741100205326644e+01,4.7342658632380648e+00,1.3243828162705494e+01,1.5726061222393971e+01,9.2969333598714687e+00,2.9835086532105710e+00,1.3243828162705494e+01,1.3243828162705494e+01,1.1741100205326644e+01,1.3243828162705494e+01,2.9835086532105710e+00,1.1741100205326644e+01,3.8817471972696511e+00,6.3385265874793424e+00,1.3243828162705494e+01,9.4553628363170947e+00,1.3243828162705494e+01,1.0811574951448078e+01,9.4553628363170947e+00,9.1532138178696543e-01,5.7571776071790266e+00,1.3243828162705494e+01,1.1741100205326644e+01,6.3385265874793424e+00,1.3243828162705494e+01,1.1741100205326644e+01,1.3243828162705494e+01,1.1741100205326644e+01,9.2969333598714687e+00,1.5726061222393971e+01,9.4553628363170947e+00,1.3243828162705494e+01,1.1741100205326644e+01,5.7571776071790266e+00,1.5726061222393971e+01,1.5726061222393971e+01,1.5726061222393971e+01,1.5726061222393971e+01,0.0000000000000000e+00,1.8312886504501016e+00,7.7101619078684731e+00,1.1741100205326644e+01,1.8312886504501016e+00,1.1741100205326644e+01,1.1741100205326644e+01,0.0000000000000000e+00,1.2903899514638709e+01,6.3385265874793424e+00,4.7342658632380648e+00,4.7342658632380648e+00,7.7101619078684731e+00,1.1741100205326644e+01,1.5726061222393971e+01,1.2903899514638709e+01,5.7571776071790266e+00,1.5726061222393971e+01,1.5726061222393971e+01,9.1532138178696543e-01,1.3243828162705494e+01,1.3243828162705494e+01,1.1741100205326644e+01,1.3243828162705494e+01,6.3385265874793424e+00,1.1741100205326644e+01,1.1741100205326644e+01,1.1741100205326644e+01,1.1741100205326644e+01,1.2903899514638709e+01,1.5726061222393971e+01,1.0811574951448078e+01,1.0811574951448078e+01,1.5726061222393971e+01,1.5726061222393971e+01,1.3243828162705494e+01,1.1741100205326644e+01,1.3243828162705494e+01,9.1532138178696543e-01,1.1741100205326644e+01,1.1741100205326644e+01,7.7101619078684731e+00,7.7101619078684731e+00,1.1741100205326644e+01,7.7101619078684731e+00,1.1741100205326644e+01,3.8817471972696511e+00,1.2903899514638709e+01,9.2969333598714687e+00,1.3243828162705494e+01,0.0000000000000000e+00,3.8817471972696511e+00,1.2903899514638709e+01,2.9835086532105710e+00,1.5726061222393971e+01,1.2903899514638709e+01,1.1741100205326644e+01,1.3243828162705494e+01,1.3243828162705494e+01,1.3243828162705494e+01,1.3243828162705494e+01,1.0811574951448078e+01,1.1741100205326644e+01,1.3243828162705494e+01,9.2969333598714687e+00,9.2969333598714687e+00,1.1741100205326644e+01,1.2903899514638709e+01,1.1741100205326644e+01,2.9835086532105710e+00,6.3385265874793424e+00,4.7342658632380648e+00,0.0000000000000000e+00,5.7571776071790266e+00,1.1741100205326644e+01,1.1741100205326644e+01,1.3243828162705494e+01,9.2969333598714687e+00,1.0811574951448078e+01,1.5726061222393971e+01,1.1741100205326644e+01,9.1532138178696543e-01,1.2903899514638709e+01,1.3243828162705494e+01,1.5726061222393971e+01,1.1741100205326644e+01,1.1741100205326644e+01,4.7342658632380648e+00,7.7101619078684731e+00,1.2903899514638709e+01,1.2903899514638709e+01,1.1741100205326644e+01,3.8817471972696511e+00,9.2969333598714687e+00,1.3243828162705494e+01,1.3243828162705494e+01,1.2903899514638709e+01,1.2903899514638709e+01,1.1741100205326644e+01,1.3243828162705494e+01,1.8312886504501016e+00,1.0811574951448078e+01,1.1741100205326644e+01,7.7101619078684731e+00,2.9835086532105710e+00,1.1741100205326644e+01,9.4553628363170947e+00,9.1532138178696543e-01,9.4553628363170947e+00,6.3385265874793424e+00,4.7342658632380648e+00,4.7342658632380648e+00,1.3243828162705494e+01,4.7342658632380648e+00,1.8312886504501016e+00,1.1741100205326644e+01,2.9835086532105710e+00,1.0811574951448078e+01,1.3243828162705494e+01,9.2969333598714687e+00,1.5726061222393971e+01,1.1741100205326644e+01,1.1741100205326644e+01,9.2969333598714687e+00,1.3243828162705494e+01,3.8817471972696511e+00,0.0000000000000000e+00,1.5726061222393971e+01,1.5726061222393971e+01,6.3385265874793424e+00,1.5726061222393971e+01,1.5726061222393971e+01,1.5726061222393971e+01,1.2903899514638709e+01,1.8312886504501016e+00,1.2903899514638709e+01,1.3243828162705494e+01,7.7101619078684731e+00,5.7571776071790266e+00,1.5726061222393971e+01,9.1532138178696543e-01,6.3385265874793424e+00,5.7571776071790266e+00,3.8817471972696511e+00,1.5726061222393971e+01,1.5726061222393971e+01,4.7342658632380648e+00,1.3243828162705494e+01,9.4553628363170947e+00,1.2903899514638709e+01,2.9835086532105710e+00,1.3243828162705494e+01,1.1741100205326644e+01,7.7101619078684731e+00,7.7101619078684731e+00,0.0000000000000000e+00,9.4553628363170947e+00,1.5726061222393971e+01,1.3243828162705494e+01,9.2969333598714687e+00,1.5726061222393971e+01,1.5726061222393971e+01,7.7101619078684731e+00,5.7571776071790266e+00,1.2903899514638709e+01,3.8817471972696511e+00,1.2903899514638709e+01,7.7101619078684731e+00,9.2969333598714687e+00,1.0811574951448078e+01,7.7101619078684731e+00,9.1532138178696543e-01,6.3385265874793424e+00,1.1741100205326644e+01,1.5726061222393971e+01,6.3385265874793424e+00,9.1532138178696543e-01,1.3243828162705494e+01,6.3385265874793424e+00,1.0811574951448078e+01,1.2903899514638709e+01,1.5726061222393971e+01,1.3243828162705494e+01,7.7101619078684731e+00,2.9835086532105710e+00,1.2903899514638709e+01,3.8817471972696511e+00,1.5726061222393971e+01,1.2903899514638709e+01,7.7101619078684731e+00,7.7101619078684731e+00,6.3385265874793424e+00,3.8817471972696511e+00,3.8817471972696511e+00,6.3385265874793424e+00,1.1741100205326644e+01,0.0000000000000000e+00,3.8817471972696511e+00,1.5726061222393971e+01,9.4553628363170947e+00,1.5726061222393971e+01,4.7342658632380648e+00,1.5726061222393971e+01,1.3243828162705494e+01,1.1741100205326644e+01,4.7342658632380648e+00,2.9835086532105710e+00,1.5726061222393971e+01,1.5726061222393971e+01,1.8312886504501016e+00,4.7342658632380648e+00,1.0811574951448078e+01,1.3243828162705494e+01,1.1741100205326644e+01,4.7342658632380648e+00,9.2969333598714687e+00,5.7571776071790266e+00,9.4553628363170947e+00,1.1741100205326644e+01,7.7101619078684731e+00,3.8817471972696511e+00,1.5726061222393971e+01,1.3243828162705494e+01,1.8312886504501016e+00,1.2903899514638709e+01,1.5726061222393971e+01,1.2903899514638709e+01,1.2903899514638709e+01,9.4553628363170947e+00,1.2903899514638709e+01,2.9835086532105710e+00,1.2903899514638709e+01,1.1741100205326644e+01,1.2903899514638709e+01,1.3243828162705494e+01,3.8817471972696511e+00,1.0811574951448078e+01,4.7342658632380648e+00,1.1741100205326644e+01,0.0000000000000000e+00,1.5726061222393971e+01,1.5726061222393971e+01,1.5726061222393971e+01,2.9835086532105710e+00,1.5726061222393971e+01,3.8817471972696511e+00,1.1741100205326644e+01,1.5726061222393971e+01,1.5726061222393971e+01,1.5726061222393971e+01,3.8817471972696511e+00,5.7571776071790266e+00,1.3243828162705494e+01,1.3243828162705494e+01,1.2903899514638709e+01,1.5726061222393971e+01,1.3243828162705494e+01,3.8817471972696511e+00,1.0811574951448078e+01,0.0000000000000000e+00,1.3243828162705494e+01,1.3243828162705494e+01,9.2969333598714687e+00,1.8312886504501016e+00,9.4553628363170947e+00,4.7342658632380648e+00,1.5726061222393971e+01,1.5726061222393971e+01,1.5726061222393971e+01,5.7571776071790266e+00,1.3243828162705494e+01,2.9835086532105710e+00,3.8817471972696511e+00,2.9835086532105710e+00,9.2969333598714687e+00,1.5726061222393971e+01,1.1741100205326644e+01,6.3385265874793424e+00,2.9835086532105710e+00,1.5726061222393971e+01,9.4553628363170947e+00,1.3243828162705494e+01,9.4553628363170947e+00,1.3243828162705494e+01,1.3243828162705494e+01,1.3243828162705494e+01,1.5726061222393971e+01,1.8312886504501016e+00,0.0000000000000000e+00,1.3243828162705494e+01,1.3243828162705494e+01,1.8312886504501016e+00,1.2903899514638709e+01,9.1532138178696543e-01,1.5726061222393971e+01,1.2903899514638709e+01,9.2969333598714687e+00,1.5726061222393971e+01,3.8817471972696511e+00,1.0811574951448078e+01,9.1532138178696543e-01,6.3385265874793424e+00,1.1741100205326644e+01,1.1741100205326644e+01,1.0811574951448078e+01,1.3243828162705494e+01,5.7571776071790266e+00,0.0000000000000000e+00,1.0811574951448078e+01,6.3385265874793424e+00,1.2903899514638709e+01,1.2903899514638709e+01,9.2969333598714687e+00,4.7342658632380648e+00,7.7101619078684731e+00,1.0811574951448078e+01,9.4553628363170947e+00,1.0811574951448078e+01,9.1532138178696543e-01,1.0811574951448078e+01,1.2903899514638709e+01,1.0811574951448078e+01,1.0811574951448078e+01,4.7342658632380648e+00,1.3243828162705494e+01,1.0811574951448078e+01,6.3385265874793424e+00,3.8817471972696511e+00,6.3385265874793424e+00,4.7342658632380648e+00,1.2903899514638709e+01,1.3243828162705494e+01,1.3243828162705494e+01,9.2969333598714687e+00,9.2969333598714687e+00,6.3385265874793424e+00,1.3243828162705494e+01,7.7101619078684731e+00,1.8312886504501016e+00,9.4553628363170947e+00,1.3243828162705494e+01,1.3243828162705494e+01,9.4553628363170947e+00,1.3243828162705494e+01,1.3243828162705494e+01,9.4553628363170947e+00,1.5726061222393971e+01,9.1532138178696543e-01,1.3243828162705494e+01,9.4553628363170947e+00,6.3385265874793424e+00,7.7101619078684731e+00,7.7101619078684731e+00,4.7342658632380648e+00
5.4834109236289796e+00,5.4834109236289796e+00,9.7149920471946576e+00,9.7149920471946576e+00,1.3835736044713784e+01,1.3835736044713784e+01,6.6111665085363214e+00,2.0491492325381691e+00,6.6111665085363214e+00,6.6111665085363214e+00,2.8830422079785212e+00,6.6111665085363214e+00,9.7149920471946576e+00,6.6111665085363214e+00,6.6111665085363214e+00,1.0831482477055930e+01,9.6288756188989897e+00,9.6288756188989897e+00,9.6912682689651264e-01,8.2373751343169328e+00,8.2373751343169328e+00,6.6111665085363214e+00,8.2373751343169328e+00,9.7149920471946576e+00,9.7149920471946576e+00,9.6288756188989897e+00,1.3835736044713784e+01,3.7720717159978490e+00,1.3835736044713784e+01,9.6288756188989897e+00,9.6288756188989897e+00,2.8830422079785212e+00,1.3835736044713784e+01,1.3835736044713784e+01,8.2373751343169328e+00,1.2774728150056792e+01,1.3835736044713784e+01,1.1591474993523702e+01,9.6288756188989897e+00,1.0831482477055930e+01,1.3835736044713784e+01,6.6111665085363214e+00,6.6111665085363214e+00,6.6111665085363214e+00,1.2774728150056792e+01,1.3835736044713784e+01,3.7720717159978490e+00,1.2774728150056792e+01,1.2774728150056792e+01,9.6288756188989897e+00,1.3835736044713784e+01,8.2373751343169328e+00,3.7720717159978490e+00,0.0000000000000000e+00,1.3835736044713784e+01,0.0000000000000000e+00,0.0000000000000000e+00,9.6912682689651264e-01,1.0831482477055930e+01,0.0000000000000000e+00,1.0831482477055930e+01,1.3835736044713784e+01,1.2774728150056792e+01,1.2774728150056792e+01,9.6288756188989897e+00,8.2373751343169328e+00,9.6912682689651264e-01,9.6912682689651264e-01,5.4834109236289796e+00,1.2774728150056792e+01,5.4834109236289796e+00,1.2774728150056792e+01,1.2774728150056792e+01,1.2774728150056792e+01,9.6288756188989897e+00,1.2774728150056792e+01,5.4834109236289796e+00,1.0831482477055930e+01,9.6288756188989897e+00,1.0831482477055930e+01,4.7409914850130050e+00,1.0831482477055930e+01,6.6111665085363214e+00,9.6912682689651264e-01,2.0491492325381691e+00,1.2774728150056792e+01,1.0831482477055930e+01,6.6111665085363214e+00,8.2373751343169328e+00,1.2774728150056792e+01,1.2774728150056792e+01,1.3835736044713784e+01,9.6288756188989897e+00,9.6288756188989897e+00,9.6288756188989897e+00,9.6288756188989897e+00,3.7720717159978490e+00,1.0831482477055930e+01,3.7720717159978490e+00,8.2373751343169328e+00,9.7149920471946576e+00,1.3835736044713784e+01,1.0831482477055930e+01,2.0491492325381691e+00,5.4834109236289796e+00,3.7720717159978490e+00,9.7149920471946576e+00,8.2373751343169328e+00,6.6111665085363214e+00,9.7149920471946576e+00,4.7409914850130050e+00,4.7409914850130050e+00,9.7149920471946576e+00,8.2373751343169328e+00,1.3835736044713784e+01,8.2373751343169328e+00,3.7720717159978490e+00,2.8830422079785212e+00,9.6912682689651264e-01,4.7409914850130050e+00,0.0000000000000000e+00,1.1591474993523702e+01,1.3526763443138170e+01,1.3835736044713784e+01,4.7409914850130050e+00,5.4834109236289796e+00,5.4834109236289796e+00,1.0831482477055930e+01,4.7409914850130050e+00,6.6111665085363214e+00,9.7149920471946576e+00,1.0831482477055930e+01,1.0831482477055930e+01,1.0831482477055930e+01,1.0831482477055930e+01,1.0831482477055930e+01,2.8830422079785212e+00,1.0831482477055930e+01,1.3526763443138170e+01,1.0831482477055930e+01,9.6288756188989897e+00,9.7149920471946576e+00,1.3526763443138170e+01,9.7149920471946576e+00,9.7149920471946576e+00,0.0000000000000000e+00,8.2373751343169328e+00,3.7720717159978490e+00,9.7149920471946576e+00,9.7149920471946576e+00,9.7149920471946576e+00,5.4834109236289796e+00,9.7149920471946576e+00,1.0831482477055930e+01,1.2774728150056792e+01,2.8830422079785212e+00,1.1591474993523702e+01,1.1591474993523702e+01,9.7149920471946576e+00,9.7149920471946576e+00,9.7149920471946576e+00,6.6111665085363214e+00,6.6111665085363214e+00,1.3835736044713784e+01,1.3835736044713784e+01,1.0831482477055930e+01,9.7149920471946576e+00,1.3526763443138170e+01,1.3526763443138170e+01,1.3835736044713784e+01,6.6111665085363214e+00,9.6288756188989897e+00,2.8830422079785212e+00,8.2373751343169328e+00,1.3835736044713784e+01,1.2774728150056792e+01,1.1591474993523702e+01,9.6288756188989897e+00,1.3835736044713784e+01,1.1591474993523702e+01,1.2774728150056792e+01,1.2774728150056792e+01,0.0000000000000000e+00,1.2774728150056792e+01,5.4834109236289796e+00,9.6912682689651264e-01,3.7720717159978490e+00,9.7149920471946576e+00,3.7720717159978490e+00,0.0000000000000000e+00,1.3835736044713784e+01,8.2373751343169328e+00,1.3835736044713784e+01,4.7409914850130050e+00,2.8830422079785212e+00,1.0831482477055930e+01,9.6288756188989897e+00,1.3835736044713784e+01,4.7409914850130050e+00,4.7409914850130050e+00,9.6288756188989897e+00,9.6912682689651264e-01,9.7149920471946576e+00,9.6288756188989897e+00,1.2774728150056792e+01,2.8830422079785212e+00,1.3835736044713784e+01,1.3835736044713784e+01,1.2774728150056792e+01,1.3835736044713784e+01,1.3835736044713784e+01,9.6912682689651264e-01,2.8830422079785212e+00,2.0491492325381691e+00,1.1591474993523702e+01,4.7409914850130050e+00,1.0831482477055930e+01,4.7409914850130050e+00,1.0831482477055930e+01,4.7409914850130050e+00,9.7149920471946576e+00,9.7149920471946576e+00,9.7149920471946576e+00,9.7149920471946576e+00,1.3526763443138170e+01,9.7149920471946576e+00,4.7409914850130050e+00,1.1591474993523702e+01,0.0000000000000000e+00,2.0491492325381691e+00,1.3835736044713784e+01,1.3835736044713784e+01,1.3835736044713784e+01,0.0000000000000000e+00,4.7409914850130050e+00,1.3835736044713784e+01,4.7409914850130050e+00,9.6288756188989897e+00,2.0491492325381691e+00,9.7149920471946576e+00,1.0831482477055930e+01,1.3835736044713784e+01,9.7149920471946576e+00,6.6111665085363214e+00,1.3835736044713784e+01,4.7409914850130050e+00,4.7409914850130050e+00,1.3835736044713784e+01,9.7149920471946576e+00,1.3526763443138170e+01,9.6288756188989897e+00,4.7409914850130050e+00,1.3526763443138170e+01,1.1591474993523702e+01,9.7149920471946576e+00,1.1591474993523702e+01,9.7149920471946576e+00,1.0831482477055930e+01,9.6912682689651264e-01,1.3835736044713784e+01,1.1591474993523702e+01,8.2373751343169328e+00,1.3526763443138170e+01,0.0000000000000000e+00,8.2373751343169328e+00,1.1591474993523702e+01,4.7409914850130050e+00,9.6912682689651264e-01,8.2373751343169328e+00,5.4834109236289796e+00,1.3526763443138170e+01,1.0831482477055930e+01,1.3835736044713784e+01,1.1591474993523702e+01,6.6111665085363214e+00,1.1591474993523702e+01,1.1591474993523702e+01,1.1591474993523702e+01,1.2774728150056792e+01,1.3835736044713784e+01,0.0000000000000000e+00,9.6288756188989897e+00,9.6288756188989897e+00,1.1591474993523702e+01,1.3835736044713784e+01,1.3835736044713784e+01,9.6288756188989897e+00,1.1591474993523702e+01,2.8830422079785212e+00,3.7720717159978490e+00,1.3526763443138170e+01,1.3526763443138170e+01,1.1591474993523702e+01,0.0000000000000000e+00,3.7720717159978490e+00,1.3526763443138170e+01,3.7720717159978490e+00,0.0000000000000000e+00,9.6288756188989897e+00,9.6288756188989897e+00,1.3835736044713784e+01,6.6111665085363214e+00,1.0831482477055930e+01,6.6111665085363214e+00,1.3526763443138170e+01,9.6912682689651264e-01,1.3835736044713784e+01,9.6288756188989897e+00,2.0491492325381691e+00,1.1591474993523702e+01,9.6288756188989897e+00,3.7720717159978490e+00,6.6111665085363214e+00,1.1591474993523702e+01,6.6111665085363214e+00,2.0491492325381691e+00,9.7149920471946576e+00,9.6288756188989897e+00,9.7149920471946576e+00,1.1591474993523702e+01,1.1591474993523702e+01,4.7409914850130050e+00,6.6111665085363214e+00,1.1591474993523702e+01,1.3835736044713784e+01,1.3835736044713784e+01,5.4834109236289796e+00,1.3835736044713784e+01,1.2774728150056792e+01,0.0000000000000000e+00,5.4834109236289796e+00,2.8830422079785212e+00,6.6111665085363214e+00,4.7409914850130050e+00,5.4834109236289796e+00,1.2774728150056792e+01,9.6912682689651264e-01,5.4834109236289796e+00,1.3526763443138170e+01,1.3526763443138170e+01,1.2774728150056792e+01,1.2774728150056792e+01,9.6912682689651264e-01,1.1591474993523702e+01,1.2774728150056792e+01,1.2774728150056792e+01,0.0000000000000000e+00,1.3835736044713784e+01,9.6288756188989897e+00,5.4834109236289796e+00,2.0491492325381691e+00,1.2774728150056792e+01,1.2774728150056792e+01,1.3835736044713784e+01,2.8830422079785212e+00,1.3526763443138170e+01,3.7720717159978490e+00,5.4834109236289796e+00,1.0831482477055930e+01,1.2774728150056792e+01,9.6288756188989897e+00,4.7409914850130050e+00,1.2774728150056792e+01,9.7149920471946576e+00,3.7720717159978490e+00,1.3835736044713784e+01,1.0831482477055930e+01,4.7409914850130050e+00,1.0831482477055930e+01,1.3835736044713784e+01,1.0831482477055930e+01,1.0831482477055930e+01,2.8830422079785212e+00,9.7149920471946576e+00,1.2774728150056792e+01,9.6912682689651264e-01,3.7720717159978490e+00,1.2774728150056792e+01,1.2774728150056792e+01,9.7149920471946576e+00,1.3526763443138170e+01,0.0000000000000000e+00,1.3526763443138170e+01,4.7409914850130050e+00,1.2774728150056792e+01,9.6288756188989897e+00,1.2774728150056792e+01,1.2774728150056792e+01,1.2774728150056792e+01,1.2774728150056792e+01,1.3835736044713784e+01,1.2774728150056792e+01,6.6111665085363214e+00,5.4834109236289796e+00,1.0831482477055930e+01,6.6111665085363214e+00,1.0831482477055930e+01,9.7149920471946576e+00,1.3835736044713784e+01,1.3835736044713784e+01,1.2774728150056792e+01,1.3835736044713784e+01,6.6111665085363214e+00,4.7409914850130050e+00,1.0831482477055930e+01,9.7149920471946576e+00,6.6111665085363214e+00,0.0000000000000000e+00,9.7149920471946576e+00,1.2774728150056792e+01,9.7149920471946576e+00,9.7149920471946576e+00,2.0491492325381691e+00,1.3835736044713784e+01,9.7149920471946576e+00,1.1591474993523702e+01,1.3526763443138170e+01,9.7149920471946576e+00,8.2373751343169328e+00,1.3526763443138170e+01,3.7720717159978490e+00,1.3526763443138170e+01,9.6288756188989897e+00,2.0491492325381691e+00,9.6288756188989897e+00,9.6288756188989897e+00,1.3526763443138170e+01,1.0831482477055930e+01,9.6288756188989897e+00,1.2774728150056792e+01,1.1591474993523702e+01,9.6288756188989897e+00,1.1591474993523702e+01,1.2774728150056792e+01,1.3835736044713784e+01,9.7149920471946576e+00,9.7149920471946576e+00,1.3835736044713784e+01,1.2774728150056792e+01,1.3835736044713784e+01,1.2774728150056792e+01,4.7409914850130050e+00,1.1591474993523702e+01,9.7149920471946576e+00,1.3835736044713784e+01,6.6111665085363214e+00,1.1591474993523702e+01,1.3835736044713784e+01,9.7149920471946576e+00,3.7720717159978490e+00,2.0491492325381691e+00,1.3835736044713784e+01,2.0491492325381691e+00,3.7720717159978490e+00,0.0000000000000000e+00,1.0831482477055930e+01,1.0831482477055930e+01,1.1591474993523702e+01,1.1591474993523702e+01,6.6111665085363214e+00,1.3835736044713784e+01,1.3835736044713784e+01,1.1591474993523702e+01,8.2373751343169328e+00,8.2373751343169328e+00,1.3835736044713784e+01,0.0000000000000000e+00,9.6288756188989897e+00,1.3835736044713784e+01,2.8830422079785212e+00,1.2774728150056792e+01,9.6912682689651264e-01,9.7149920471946576e+00,1.2774728150056792e+01,9.6912682689651264e-01,4.7409914850130050e+00,9.6912682689651264e-01,1.3526763443138170e+01,9.7149920471946576e+00,1.3526763443138170e+01,9.6288756188989897e+00,0.0000000000000000e+00,2.8830422079785212e+00,5.4834109236289796e+00,5.4834109236289796e+00,8.2373751343169328e+00,1.3835736044713784e+01,9.6288756188989897e+00,2.0491492325381691e+00,4.7409914850130050e+00,5.4834109236289796e+00,1.3835736044713784e+01,1.2774728150056792e+01,0.0000000000000000e+00,9.6288756188989897e+00,4.7409914850130050e+00,1.0831482477055930e+01,1.3526763443138170e+01,9.6288756188989897e+00,1.1591474993523702e+01,1.3526763443138170e+01,1.3526763443138170e+01,3.7720717159978490e+00,4.7409914850130050e+00,1.3835736044713784e+01,4.7409914850130050e+00,1.3835736044713784e+01,1.3835736044713784e+01,1.2774728150056792e+01,1.2774728150056792e+01,1.3835736044713784e+01,5.4834109236289796e+00,1.3835736044713784e+01,3.7720717159978490e+00,9.7149920471946576e+00,2.8830422079785212e+00,5.4834109236289796e+00,9.6912682689651264e-01,9.6912682689651264e-01,1.1591474993523702e+01,1.3835736044713784e+01,1.3526763443138170e+01,1.1591474993523702e+01,1.3835736044713784e+01,1.2774728150056792e+01,4.7409914850130050e+00,9.6288756188989897e+00,4.7409914850130050e+00,5.4834109236289796e+00,5.4834109236289796e+00,3.7720717159978490e+00,1.1591474993523702e+01,1.3526763443138170e+01,4.7409914850130050e+00,1.3835736044713784e+01,1.3835736044713784e+01,1.3835736044713784e+01,1.3835736044713784e+01,9.6288756188989897e+00,1.3835736044713784e+01,1.3526763443138170e+01,1.3835736044713784e+01,1.3835736044713784e+01,1.3835736044713784e+01,2.0491492325381691e+00,1.1591474993523702e+01,9.6912682689651264e-01,9.7149920471946576e+00,8.2373751343169328e+00,8.2373751343169328e+00,8.2373751343169328e+00,9.6912682689651264e-01,1.3835736044713784e+01,1.3526763443138170e+01,1.3835736044713784e+01,8.2373751343169328e+00,1.3526763443138170e+01,1.3835736044713784e+01,5.4834109236289796e+00,1.3526763443138170e+01,5.4834109236289796e+00,1.3835736044713784e+01,2.8830422079785212e+00,1.2774728150056792e+01,5.4834109236289796e+00,1.3835736044713784e+01,1.2774728150056792e+01,9.6288756188989897e+00,1.3526763443138170e+01,4.7409914850130050e+00,2.8830422079785212e+00,6.6111665085363214e+00,1.3835736044713784e+01,5.4834109236289796e+00,1.3526763443138170e+01,1.0831482477055930e+01,1.2774728150056792e+01,9.6912682689651264e-01,1.0831482477055930e+01,5.4834109236289796e+00,1.0831482477055930e+01,1.1591474993523702e+01,1.1591474993523702e+01,9.7149920471946576e+00,8.2373751343169328e+00,3.7720717159978490e+00,4.7409914850130050e+00,1.0831482477055930e+01,3.7720717159978490e+00,4.7409914850130050e+00,4.7409914850130050e+00,1.3835736044713784e+01,1.3526763443138170e+01,8.2373751343169328e+00,2.8830422079785212e+00,2.0491492325381691e+00,1.3526763443138170e+01,6.6111665085363214e+00,4.7409914850130050e+00,1.0831482477055930e+01,9.6288756188989897e+00,1.3835736044713784e+01,3.7720717159978490e+00,1.3526763443138170e+01,9.7149920471946576e+00,3.7720717159978490e+00,9.6912682689651264e-01,8.2373751343169328e+00,1.1591474993523702e+01,1.3526763443138170e+01,1.0831482477055930e+01,0.0000000000000000e+00,3.7720717159978490e+00,4.7409914850130050e+00,9.7149920471946576e+00,3.7720717159978490e+00,3.7720717159978490e+00,0.0000000000000000e+00,1.3835736044713784e+01,1.1591474993523702e+01,1.0831482477055930e+01,1.3526763443138170e+01,1.3835736044713784e+01,2.0491492325381691e+00,2.0491492325381691e+00,9.7149920471946576e+00,1.2774728150056792e+01,9.7149920471946576e+00,9.6288756188989897e+00,9.7149920471946576e+00,0.0000000000000000e+00,5.4834109236289796e+00,5.4834109236289796e+00,1.2774728150056792e+01,1.3526763443138170e+01,1.1591474993523702e+01,1.3835736044713784e+01,1.2774728150056792e+01,9.7149920471946576e+00,1.3526763443138170e+01,9.6288756188989897e+00,5.4834109236289796e+00,1.3835736044713784e+01,9.6288756188989897e+00,1.3835736044713784e+01,1.3835736044713784e+01,1.3835736044713784e+01,1.3835736044713784e+01,9.6912682689651264e-01,9.6912682689651264e-01,9.7149920471946576e+00,1.3835736044713784e+01,5.4834109236289796e+00,1.3835736044713784e+01,1.3835736044713784e+01,1.3835736044713784e+01,9.6912682689651264e-01,9.6288756188989897e+00,5.4834109236289796e+00,9.7149920471946576e+00,0.0000000000000000e+00,8.2373751343169328e+00,2.8830422079785212e+00,8.2373751343169328e+00,1.3835736044713784e+01,1.1591474993523702e+01,1.0831482477055930e+01,1.2774728150056792e+01,2.8830422079785212e+00,5.4834109236289796e+00,8.2373751343169328e+00,9.6288756188989897e+00,9.6288756188989897e+00,9.7149920471946576e+00,8.2373751343169328e+00,8.2373751343169328e+00,1.0831482477055930e+01,1.1591474993523702e+01,9.7149920471946576e+00,1.0831482477055930e+01,1.3835736044713784e+01,1.3835736044713784e+01,9.7149920471946576e+00,9.7149920471946576e+00,9.6288756188989897e+00,1.3835736044713784e+01,1.3835736044713784e+01,5.4834109236289796e+00,9.7149920471946576e+00,1.3835736044713784e+01,1.3835736044713784e+01,4.7409914850130050e+00,9.7149920471946576e+00,1.3835736044713784e+01,9.7149920471946576e+00,1.3526763443138170e+01,1.0831482477055930e+01,1.1591474993523702e+01,0.0000000000000000e+00,1.1591474993523702e+01,1.3835736044713784e+01,1.0831482477055930e+01,1.2774728150056792e+01,1.3835736044713784e+01,1.2774728150056792e+01,1.3835736044713784e+01,8.2373751343169328e+00,1.3835736044713784e+01,5.4834109236289796e+00,8.2373751343169328e+00,2.0491492325381691e+00,8.2373751343169328e+00,1.1591474993523702e+01,1.1591474993523702e+01,9.6288756188989897e+00,5.4834109236289796e+00,4.7409914850130050e+00,9.7149920471946576e+00,1.1591474993523702e+01,1.0831482477055930e+01,6.6111665085363214e+00,8.2373751343169328e+00,1.0831482477055930e+01,1.3835736044713784e+01,3.7720717159978490e+00,1.2774728150056792e+01,9.7149920471946576e+00,8.2373751343169328e+00,1.3835736044713784e+01,1.1591474993523702e+01,1.1591474993523702e+01,1.0831482477055930e+01,1.2774728150056792e+01,5.4834109236289796e+00,5.4834109236289796e+00,2.8830422079785212e+00,1.0831482477055930e+01,1.0831482477055930e+01,1.0831482477055930e+01,1.0831482477055930e+01,1.3835736044713784e+01,6.6111665085363214e+00,8.2373751343169328e+00,9.6288756188989897e+00,0.0000000000000000e+00,9.7149920471946576e+00,1.3835736044713784e+01,1.1591474993523702e+01,1.1591474993523702e+01,1.1591474993523702e+01,6.6111665085363214e+00,2.8830422079785212e+00,2.8830422079785212e+00,8.2373751343169328e+00,1.3835736044713784e+01,1.1591474993523702e+01,1.3526763443138170e+01,0.0000000000000000e+00,1.1591474993523702e+01,4.7409914850130050e+00,9.7149920471946576e+00,6.6111665085363214e+00,4.7409914850130050e+00,1.2774728150056792e+01,1.3835736044713784e+01,1.2774728150056792e+01,1.1591474993523702e+01,1.1591474993523702e+01,1.2774728150056792e+01,1.2774728150056792e+01,2.0491492325381691e+00,9.6288756188989897e+00,8.2373751343169328e+00,9.7149920471946576e+00,9.6288756188989897e+00,1.2774728150056792e+01,9.6912682689651264e-01,2.0491492325381691e+00,1.2774728150056792e+01,1.2774728150056792e+01,1.2774728150056792e+01,1.1591474993523702e+01,9.6912682689651264e-01,1.2774728150056792e+01,1.1591474993523702e+01,1.2774728150056792e+01,9.6288756188989897e+00,9.6288756188989897e+00,2.0491492325381691e+00,1.1591474993523702e+01,1.3835736044713784e+01,1.3526763443138170e+01,1.3835736044713784e+01,1.3835736044713784e+01,1.3526763443138170e+01,1.3526763443138170e+01,1.1591474993523702e+01,1.1591474993523702e+01,9.7149920471946576e+00,1.3835736044713784e+01,9.7149920471946576e+00,1.3835736044713784e+01,1.1591474993523702e+01,1.1591474993523702e+01,1.3835736044713784e+01,1.3835736044713784e+01,1.3835736044713784e+01,9.6912682689651264e-01,1.3835736044713784e+01,4.7409914850130050e+00,1.3835736044713784e+01,1.1591474993523702e+01,1.0831482477055930e+01,9.7149920471946576e+00,5.4834109236289796e+00,1.2774728150056792e+01,1.1591474993523702e+01,1.0831482477055930e+01,1.1591474993523702e+01,1.3835736044713784e+01,1.1591474993523702e+01,1.1591474993523702e+01,1.3526763443138170e+01,2.0491492325381691e+00,2.0491492325381691e+00,9.7149920471946576e+00,1.0831482477055930e+01,2.0491492325381691e+00,1.1591474993523702e+01,5.4834109236289796e+00,1.1591474993523702e+01,1.1591474993523702e+01,6.6111665085363214e+00,1.1591474993523702e+01,5.4834109236289796e+00,5.4834109236289796e+00,5.4834109236289796e+00,1.3835736044713784e+01,1.1591474993523702e+01,9.7149920471946576e+00,1.1591474993523702e+01,1.1591474993523702e+01,6.6111665085363214e+00,8.2373751343169328e+00,9.7149920471946576e+00,1.3835736044713784e+01,1.1591474993523702e+01,1.0831482477055930e+01,1.1591474993523702e+01,1.3835736044713784e+01,1.0831482477055930e+01,9.7149920471946576e+00,9.7149920471946576e+00,5.4834109236289796e+00,5.4834109236289796e+00,9.7149920471946576e+00,2.8830422079785212e+00,8.2373751343169328e+00,4.7409914850130050e+00,9.7149920471946576e+00,0.0000000000000000e+00,8.2373751343169328e+00,1.3835736044713784e+01,2.8830422079785212e+00,1.2774728150056792e+01,8.2373751343169328e+00,9.7149920471946576e+00,1.1591474993523702e+01,6.6111665085363214e+00,2.8830422079785212e+00,1.3835736044713784e+01,1.3835736044713784e+01,1.3835736044713784e+01,1.3835736044713784e+01,8.2373751343169328e+00,2.0491492325381691e+00,5.4834109236289796e+00,9.7149920471946576e+00,1.3835736044713784e+01,8.2373751343169328e+00,1.0831482477055930e+01,1.3835736044713784e+01,1.3835736044713784e+01,1.3526763443138170e+01,3.7720717159978490e+00,1.3526763443138170e+01,0.0000000000000000e+00,1.3526763443138170e+01,3.7720717159978490e+00,4.7409914850130050e+00,9.6288756188989897e+00,9.6288756188989897e+00,1.3526763443138170e+01,1.3835736044713784e+01,1.3526763443138170e+01,4.7409914850130050e+00,9.7149920471946576e+00,1.3526763443138170e+01,4.7409914850130050e+00,1.3526763443138170e+01,1.2774728150056792e+01,1.2774728150056792e+01,9.7149920471946576e+00,0.0000000000000000e+00,9.6288756188989897e+00,1.2774728150056792e+01,9.6288756188989897e+00,2.0491492325381691e+00,9.6288756188989897e+00,1.2774728150056792e+01,8.2373751343169328e+00,1.3835736044713784e+01,5.4834109236289796e+00,0.0000000000000000e+00,1.0831482477055930e+01,1.1591474993523702e+01,1.1591474993523702e+01,1.2774728150056792e+01,5.4834109236289796e+00,1.3835736044713784e+01,1.2774728150056792e+01,1.2774728150056792e+01,1.3835736044713784e+01,9.6288756188989897e+00,0.0000000000000000e+00,1.2774728150056792e+01,1.2774728150056792e+01,2.8830422079785212e+00,1.2774728150056792e+01,1.2774728150056792e+01,2.8830422079785212e+00,1.0831482477055930e+01,3.7720717159978490e+00,1.1591474993523702e+01,0.0000000000000000e+00,1.1591474993523702e+01,1.1591474993523702e+01,1.1591474993523702e+01,1.3835736044713784e+01,4.7409914850130050e+00,2.0491492325381691e+00,1.0831482477055930e+01,1.2774728150056792e+01,1.3835736044713784e+01,9.6288756188989897e+00,1.3835736044713784e+01,1.2774728150056792e+01,9.6288756188989897e+00,9.6288756188989897e+00,1.2774728150056792e+01,1.1591474993523702e+01,1.0831482477055930e+01,6.6111665085363214e+00,1.0831482477055930e+01,9.6912682689651264e-01,1.2774728150056792e+01,1.0831482477055930e+01,9.7149920471946576e+00,6.6111665085363214e+00,9.6288756188989897e+00,1.3526763443138170e+01,2.8830422079785212e+00,8.2373751343169328e+00,8.2373751343169328e+00,0.0000000000000000e+00,1.3526763443138170e+01,0.0000000000000000e+00,5.4834109236289796e+00,9.7149920471946576e+00,1.3835736044713784e+01,1.2774728150056792e+01,1.1591474993523702e+01,1.2774728150056792e+01,1.0831482477055930e+01,3.7720717159978490e+00,1.3835736044713784e+01,2.8830422079785212e+00,1.3835736044713784e+01,9.6912682689651264e-01,9.7149920471946576e+00,9.7149920471946576e+00,9.6288756188989897e+00,9.6288756188989897e+00,5.4834109236289796e+00,1.2774728150056792e+01,1.2774728150056792e+01,9.6288756188989897e+00,1.1591474993523702e+01,1.1591474993523702e+01,9.7149920471946576e+00,1.3835736044713784e+01,9.7149920471946576e+00,9.6288756188989897e+00,1.2774728150056792e+01,4.7409914850130050e+00,1.3835736044713784e+01,5.4834109236289796e+00,1.3835736044713784e+01,9.7149920471946576e+00,1.3835736044713784e+01
1.0527008541006406e+01,1.0527008541006406e+01,1.0527008541006406e+01,1.0527008541006406e+01,1.1171715392431667e+01,1.8408812803247965e+00,1.0527008541006406e+01,1.8408812803247965e+00,1.8408812803247965e+00,1.0402428635145037e+01,2.7835606353154940e+00,2.7835606353154940e+00,2.7835606353154940e+00,5.8423804676080220e+00,1.0527008541006406e+01,3.7519014881783566e+00,1.0402428635145037e+01,7.3694792448826787e+00,5.8423804676080220e+00,7.3694792448826787e+00,1.0402428635145037e+01,1.0402428635145037e+01,1.1171715392431667e+01,7.3694792448826787e+00,1.4674748944078095e+01,1.4674748944078095e+01,1.0527008541006406e+01,1.4674748944078095e+01,1.2928975673418249e+01,0.0000000000000000e+00,1.0402428635145037e+01,1.4674748944078095e+01,1.4674748944078095e+01,5.8423804676080220e+00,9.7479150019844969e+00,1.4674748944078095e+01,9.2024300934986014e-01,9.7479150019844969e+00,9.7479150019844969e+00,7.3694792448826787e+00,6.8919946681231741e+00,2.7835606353154940e+00,1.0402428635145037e+01,5.8423804676080220e+00,1.0527008541006406e+01,4.9928157515774840e+00,0.0000000000000000e+00,0.0000000000000000e+00,6.8919946681231741e+00,7.3694792448826787e+00,7.3694792448826787e+00,1.8408812803247965e+00,1.4674748944078095e+01,2.7835606353154940e+00,1.4674748944078095e+01,1.0527008541006406e+01,7.3694792448826787e+00,1.1171715392431667e+01,1.4674748944078095e+01,1.0402428635145037e+01,7.3694792448826787e+00,9.2024300934986014e-01,4.9928157515774840e+00,8.4405042786649886e+00,8.4405042786649886e+00,8.4405042786649886e+00,9.7479150019844969e+00,1.4674748944078095e+01,1.2928975673418249e+01,1.2928975673418249e+01,7.3694792448826787e+00,1.1171715392431667e+01,4.9928157515774840e+00,9.2024300934986014e-01,9.2024300934986014e-01,7.3694792448826787e+00,3.7519014881783566e+00,5.8423804676080220e+00,3.7519014881783566e+00,1.0527008541006406e+01,2.7835606353154940e+00,2.7835606353154940e+00,1.4674748944078095e+01,1.0527008541006406e+01,6.8919946681231741e+00,7.3694792448826787e+00,7.3694792448826787e+00,9.7479150019844969e+00,9.7479150019844969e+00,1.4674748944078095e+01,4.9928157515774840e+00,1.4674748944078095e+01,7.3694792448826787e+00,7.3694792448826787e+00,1.4674748944078095e+01,7.3694792448826787e+00,4.9928157515774840e+00,2.7835606353154940e+00,9.2024300934986014e-01,6.8919946681231741e+00,4.9928157515774840e+00,1.2928975673418249e+01,7.3694792448826787e+00,6.8919946681231741e+00,6.8919946681231741e+00,9.2024300934986014e-01,6.8919946681231741e+00,6.8919946681231741e+00,1.4674748944078095e+01,2.7835606353154940e+00,6.8919946681231741e+00,9.7479150019844969e+00,7.3694792448826787e+00,1.2928975673418249e+01,6.8919946681231741e+00,6.8919946681231741e+00,9.7479150019844969e+00,5.8423804676080220e+00,9.7479150019844969e+00,1.2928975673418249e+01,1.1171715392431667e+01,8.4405042786649886e+00,9.7479150019844969e+00,1.4674748944078095e+01,1.4674748944078095e+01,2.7835606353154940e+00,0.0000000000000000e+00,9.7479150019844969e+00,3.7519014881783566e+00,9.7479150019844969e+00,2.7835606353154940e+00,9.7479150019844969e+00,3.7519014881783566e+00,1.0402428635145037e+01,7.3694792448826787e+00,6.8919946681231741e+00,9.2024300934986014e-01,4.9928157515774840e+00,6.8919946681231741e+00,3.7519014881783566e+00,3.7519014881783566e+00,3.7519014881783566e+00,3.7519014881783566e+00,2.7835606353154940e+00,3.7519014881783566e+00,7.3694792448826787e+00,9.7479150019844969e+00,1.4674748944078095e+01,1.4674748944078095e+01,1.4674748944078095e+01,1.1171715392431667e+01,6.8919946681231741e+00,1.4674748944078095e+01,1.8408812803247965e+00,1.4674748944078095e+01,1.4674748944078095e+01,1.4674748944078095e+01,1.4674748944078095e+01,1.4674748944078095e+01,7.3694792448826787e+00,5.8423804676080220e+00,4.9928157515774840e+00,1.0527008541006406e+01,7.3694792448826787e+00,9.7479150019844969e+00,1.2928975673418249e+01,1.8408812803247965e+00,2.7835606353154940e+00,1.4674748944078095e+01,7.3694792448826787e+00,7.3694792448826787e+00,6.8919946681231741e+00,7.3694792448826787e+00,3.7519014881783566e+00,6.8919946681231741e+00,6.8919946681231741e+00,1.2928975673418249e+01,3.7519014881783566e+00,1.2928975673418249e+01,9.2024300934986014e-01,1.0527008541006406e+01,1.2928975673418249e+01,1.2928975673418249e+01,1.2928975673418249e+01,1.4674748944078095e+01,1.2928975673418249e+01,1.2928975673418249e+01,1.2928975673418249e+01,9.7479150019844969e+00,7.3694792448826787e+00,1.2928975673418249e+01,9.7479150019844969e+00,1.4674748944078095e+01,1.0402428635145037e+01,1.4674748944078095e+01,1.4674748944078095e+01,8.4405042786649886e+00,1.2928975673418249e+01,6.8919946681231741e+00,9.2024300934986014e-01,1.8408812803247965e+00,1.2928975673418249e+01,1.4674748944078095e+01,1.4674748944078095e+01,1.4674748944078095e+01,4.9928157515774840e+00,6.8919946681231741e+00,1.4674748944078095e+01,2.7835606353154940e+00,1.4674748944078095e+01,1.4674748944078095e+01,1.4674748944078095e+01,1.8408812803247965e+00,1.8408812803247965e+00,1.4674748944078095e+01,8.4405042786649886e+00,1.8408812803247965e+00,1.2928975673418249e+01,5.8423804676080220e+00,7.3694792448826787e+00,1.2928975673418249e+01,1.2928975673418249e+01,1.4674748944078095e+01,1.4674748944078095e+01,1.4674748944078095e+01,9.7479150019844969e+00,1.2928975673418249e+01,1.4674748944078095e+01,1.4674748944078095e+01,3.7519014881783566e+00,9.7479150019844969e+00,5.8423804676080220e+00,9.7479150019844969e+00,6.8919946681231741e+00,1.4674748944078095e+01,1.1171715392431667e+01,1.0402428635145037e+01,9.2024300934986014e-01,1.0527008541006406e+01,1.0527008541006406e+01,0.0000000000000000e+00,1.0527008541006406e+01,4.9928157515774840e+00,1.2928975673418249e+01,1.8408812803247965e+00,1.4674748944078095e+01,7.3694792448826787e+00,6.8919946681231741e+00,4.9928157515774840e+00,9.7479150019844969e+00,1.4674748944078095e+01,9.2024300934986014e-01,1.4674748944078095e+01,1.2928975673418249e+01,2.7835606353154940e+00,1.2928975673418249e+01,1.0402428635145037e+01,1.0402428635145037e+01,1.0402428635145037e+01,1.2928975673418249e+01,1.4674748944078095e+01,1.4674748944078095e+01,1.0402428635145037e+01,1.2928975673418249e+01,1.8408812803247965e+00,0.0000000000000000e+00,1.8408812803247965e+00,1.2928975673418249e+01,1.1171715392431667e+01,1.4674748944078095e+01,1.4674748944078095e+01,1.0527008541006406e+01,2.7835606353154940e+00,1.4674748944078095e+01,1.4674748944078095e+01,1.4674748944078095e+01,1.4674748944078095e+01,8.4405042786649886e+00,9.2024300934986014e-01,7.3694792448826787e+00,1.2928975673418249e+01,1.0402428635145037e+01,1.1171715392431667e+01,2.7835606353154940e+00,1.4674748944078095e+01,1.4674748944078095e+01,1.8408812803247965e+00,1.4674748944078095e+01,1.4674748944078095e+01,1.4674748944078095e+01,3.7519014881783566e+00,7.3694792448826787e+00,1.0402428635145037e+01,1.0402428635145037e+01,1.4674748944078095e+01,1.1171715392431667e+01,1.0402428635145037e+01,2.7835606353154940e+00,2.7835606353154940e+00,1.2928975673418249e+01,4.9928157515774840e+00,2.7835606353154940e+00,9.7479150019844969e+00,1.2928975673418249e+01,1.4674748944078095e+01,5.8423804676080220e+00,1.1171715392431667e+01,4.9928157515774840e+00,1.2928975673418249e+01,1.4674748944078095e+01,1.2928975673418249e+01,1.0402428635145037e+01,7.3694792448826787e+00,1.4674748944078095e+01,1.2928975673418249e+01,1.2928975673418249e+01,1.1171715392431667e+01,1.1171715392431667e+01,8.4405042786649886e+00,1.1171715392431667e+01,1.1171715392431667e+01,1.1171715392431667e+01,1.1171715392431667e+01,1.8408812803247965e+00,9.7479150019844969e+00,6.8919946681231741e+00,9.2024300934986014e-01,1.0402428635145037e+01,1.8408812803247965e+00,1.2928975673418249e+01,2.7835606353154940e+00,0.0000000000000000e+00,7.3694792448826787e+00,1.4674748944078095e+01,1.1171715392431667e+01,1.4674748944078095e+01,1.1171715392431667e+01,1.1171715392431667e+01,1.0402428635145037e+01,1.2928975673418249e+01,1.4674748944078095e+01,0.0000000000000000e+00,4.9928157515774840e+00,1.4674748944078095e+01,1.0527008541006406e+01,1.4674748944078095e+01,1.4674748944078095e+01,1.0527008541006406e+01,8.4405042786649886e+00,1.0527008541006406e+01,1.0527008541006406e+01,9.7479150019844969e+00,1.2928975673418249e+01,1.4674748944078095e+01,1.0527008541006406e+01,1.8408812803247965e+00,1.2928975673418249e+01,1.2928975673418249e+01,1.4674748944078095e+01,1.4674748944078095e+01,1.0527008541006406e+01,1.4674748944078095e+01,1.4674748944078095e+01,0.0000000000000000e+00,1.0527008541006406e+01,1.4674748944078095e+01,1.2928975673418249e+01,1.4674748944078095e+01,1.4674748944078095e+01,9.2024300934986014e-01,1.4674748944078095e+01,5.8423804676080220e+00,9.7479150019844969e+00,1.2928975673418249e+01,1.4674748944078095e+01,1.2928975673418249e+01,4.9928157515774840e+00,7.3694792448826787e+00,2.7835606353154940e+00,1.1171715392431667e+01,1.2928975673418249e+01,1.2928975673418249e+01,1.1171715392431667e+01,2.7835606353154940e+00,1.1171715392431667e+01,9.2024300934986014e-01,6.8919946681231741e+00,1.1171715392431667e+01,1.2928975673418249e+01,3.7519014881783566e+00,1.0527008541006406e+01,1.0527008541006406e+01,1.0527008541006406e+01,2.7835606353154940e+00,3.7519014881783566e+00,1.4674748944078095e+01,1.4674748944078095e+01,1.1171715392431667e+01,5.8423804676080220e+00,1.8408812803247965e+00,9.7479150019844969e+00,1.2928975673418249e+01,9.7479150019844969e+00,9.7479150019844969e+00,9.7479150019844969e+00,3.7519014881783566e+00,1.0527008541006406e+01,2.7835606353154940e+00,1.8408812803247965e+00,6.8919946681231741e+00,1.4674748944078095e+01,1.8408812803247965e+00,1.4674748944078095e+01,1.4674748944078095e+01,1.8408812803247965e+00,1.0402428635145037e+01,6.8919946681231741e+00,7.3694792448826787e+00,6.8919946681231741e+00,8.4405042786649886e+00,8.4405042786649886e+00,7.3694792448826787e+00,1.8408812803247965e+00,8.4405042786649886e+00,6.8919946681231741e+00,5.8423804676080220e+00,1.0402428635145037e+01,2.7835606353154940e+00,9.7479150019844969e+00,0.0000000000000000e+00,1.4674748944078095e+01,1.2928975673418249e+01,0.0000000000000000e+00,4.9928157515774840e+00,1.0527008541006406e+01,6.8919946681231741e+00,1.0402428635145037e+01,6.8919946681231741e+00,1.0527008541006406e+01,1.8408812803247965e+00,1.0402428635145037e+01,1.0527008541006406e+01,1.4674748944078095e+01,1.0527008541006406e+01,1.4674748944078095e+01,5.8423804676080220e+00,3.7519014881783566e+00,1.0527008541006406e+01,1.0527008541006406e+01,3.7519014881783566e+00,3.7519014881783566e+00,5.8423804676080220e+00,1.0527008541006406e+01,1.0402428635145037e+01,3.7519014881783566e+00,1.0402428635145037e+01,9.2024300934986014e-01,1.4674748944078095e+01,5.8423804676080220e+00,1.4674748944078095e+01,1.2928975673418249e+01,1.0402428635145037e+01,9.2024300934986014e-01,9.2024300934986014e-01,1.8408812803247965e+00,1.2928975673418249e+01,1.2928975673418249e+01,1.2928975673418249e+01,1.2928975673418249e+01,2.7835606353154940e+00,1.4674748944078095e+01,5.8423804676080220e+00,1.0527008541006406e+01,9.2024300934986014e-01,1.0527008541006406e+01,7.3694792448826787e+00,1.2928975673418249e+01,6.8919946681231741e+00,7.3694792448826787e+00,3.7519014881783566e+00,1.4674748944078095e+01,1.1171715392431667e+01,9.2024300934986014e-01,3.7519014881783566e+00,1.1171715392431667e+01,1.8408812803247965e+00,1.0527008541006406e+01,1.0527008541006406e+01,1.0402428635145037e+01,0.0000000000000000e+00,1.4674748944078095e+01,1.1171715392431667e+01,5.8423804676080220e+00,9.7479150019844969e+00,0.0000000000000000e+00,1.1171715392431667e+01,7.3694792448826787e+00,7.3694792448826787e+00,8.4405042786649886e+00,1.4674748944078095e+01,1.4674748944078095e+01,1.4674748944078095e+01,1.1171715392431667e+01,3.7519014881783566e+00,4.9928157515774840e+00,6.8919946681231741e+00,1.1171715392431667e+01,6.8919946681231741e+00,6.8919946681231741e+00,6.8919946681231741e+00,1.2928975673418249e+01,1.2928975673418249e+01,6.8919946681231741e+00,2.7835606353154940e+00,1.2928975673418249e+01,1.0402428635145037e+01,2.7835606353154940e+00,1.0527008541006406e+01,1.0527008541006406e+01,4.9928157515774840e+00,5.8423804676080220e+00,7.3694792448826787e+00,0.0000000000000000e+00,8.4405042786649886e+00,1.4674748944078095e+01,1.2928975673418249e+01,3.7519014881783566e+00,1.2928975673418249e+01,6.8919946681231741e+00,1.2928975673418249e+01,1.8408812803247965e+00,0.0000000000000000e+00,1.4674748944078095e+01,6.8919946681231741e+00,8.4405042786649886e+00,1.4674748944078095e+01,9.2024300934986014e-01,7.3694792448826787e+00,3.7519014881783566e+00,1.1171715392431667e+01,9.7479150019844969e+00,7.3694792448826787e+00,1.1171715392431667e+01,1.4674748944078095e+01,1.0402428635145037e+01,1.4674748944078095e+01,6.8919946681231741e+00,1.4674748944078095e+01,8.4405042786649886e+00,4.9928157515774840e+00,1.4674748944078095e+01,9.7479150019844969e+00,9.2024300934986014e-01,7.3694792448826787e+00,8.4405042786649886e+00,1.4674748944078095e+01,1.0402428635145037e+01,1.4674748944078095e+01,9.7479150019844969e+00,1.4674748944078095e+01,9.2024300934986014e-01,1.2928975673418249e+01,1.2928975673418249e+01,1.4674748944078095e+01,1.4674748944078095e+01,8.4405042786649886e+00,1.1171715392431667e+01,7.3694792448826787e+00,2.7835606353154940e+00,1.8408812803247965e+00,1.4674748944078095e+01,9.7479150019844969e+00,6.8919946681231741e+00,8.4405042786649886e+00,1.0402428635145037e+01,1.1171715392431667e+01,4.9928157515774840e+00,4.9928157515774840e+00,3.7519014881783566e+00,9.2024300934986014e-01,1.0527008541006406e+01,4.9928157515774840e+00,7.3694792448826787e+00,7.3694792448826787e+00,9.7479150019844969e+00,5.8423804676080220e+00,7.3694792448826787e+00,9.2024300934986014e-01,4.9928157515774840e+00,1.0527008541006406e+01,9.7479150019844969e+00,1.0527008541006406e+01,1.4674748944078095e+01,1.4674748944078095e+01,1.0527008541006406e+01,1.4674748944078095e+01,1.0527008541006406e+01,6.8919946681231741e+00,1.4674748944078095e+01,8.4405042786649886e+00,1.4674748944078095e+01,9.7479150019844969e+00,1.4674748944078095e+01,1.1171715392431667e+01,1.1171715392431667e+01,8.4405042786649886e+00,1.1171715392431667e+01,1.1171715392431667e+01,8.4405042786649886e+00,4.9928157515774840e+00,7.3694792448826787e+00,7.3694792448826787e+00,8.4405042786649886e+00,9.7479150019844969e+00,5.8423804676080220e+00,9.7479150019844969e+00,9.7479150019844969e+00,8.4405042786649886e+00,1.2928975673418249e+01,1.1171715392431667e+01,3.7519014881783566e+00,9.7479150019844969e+00,9.2024300934986014e-01,5.8423804676080220e+00,8.4405042786649886e+00,1.0402428635145037e+01,9.7479150019844969e+00,1.4674748944078095e+01,1.8408812803247965e+00,4.9928157515774840e+00,8.4405042786649886e+00,1.0527008541006406e+01,1.4674748944078095e+01,1.4674748944078095e+01,1.2928975673418249e+01,7.3694792448826787e+00,1.2928975673418249e+01,0.0000000000000000e+00,1.1171715392431667e+01,1.1171715392431667e+01,1.4674748944078095e+01,1.1171715392431667e+01,1.4674748944078095e+01,8.4405042786649886e+00,1.1171715392431667e+01,8.4405042786649886e+00,8.4405042786649886e+00,1.1171715392431667e+01,1.1171715392431667e+01,1.1171715392431667e+01,8.4405042786649886e+00,7.3694792448826787e+00,1.4674748944078095e+01,1.2928975673418249e+01,3.7519014881783566e+00,1.0527008541006406e+01,1.1171715392431667e+01,1.1171715392431667e+01,8.4405042786649886e+00,1.4674748944078095e+01,1.0527008541006406e+01,1.2928975673418249e+01,1.8408812803247965e+00,1.0402428635145037e+01,6.8919946681231741e+00,1.4674748944078095e+01,7.3694792448826787e+00,1.2928975673418249e+01,9.7479150019844969e+00,3.7519014881783566e+00,1.8408812803247965e+00,0.0000000000000000e+00,1.0527008541006406e+01,1.2928975673418249e+01,1.4674748944078095e+01,1.2928975673418249e+01,1.1171715392431667e+01,2.7835606353154940e+00,1.0527008541006406e+01,6.8919946681231741e+00,3.7519014881783566e+00,4.9928157515774840e+00,1.2928975673418249e+01,1.2928975673418249e+01,3.7519014881783566e+00,1.8408812803247965e+00,1.2928975673418249e+01,1.0527008541006406e+01,1.8408812803247965e+00,1.8408812803247965e+00,7.3694792448826787e+00,9.2024300934986014e-01,4.9928157515774840e+00,1.4674748944078095e+01,5.8423804676080220e+00,4.9928157515774840e+00,1.2928975673418249e+01,8.4405042786649886e+00,1.4674748944078095e+01,8.4405042786649886e+00,1.0527008541006406e+01,1.4674748944078095e+01,4.9928157515774840e+00,0.0000000000000000e+00,9.7479150019844969e+00,1.4674748944078095e+01,6.8919946681231741e+00,8.4405042786649886e+00,8.4405042786649886e+00,1.4674748944078095e+01,1.8408812803247965e+00,8.4405042786649886e+00,9.7479150019844969e+00,3.7519014881783566e+00,1.0527008541006406e+01,2.7835606353154940e+00,1.2928975673418249e+01,1.8408812803247965e+00,7.3694792448826787e+00,8.4405042786649886e+00,1.8408812803247965e+00,1.4674748944078095e+01,1.4674748944078095e+01,1.1171715392431667e+01,7.3694792448826787e+00,9.7479150019844969e+00,9.7479150019844969e+00,2.7835606353154940e+00,1.8408812803247965e+00,7.3694792448826787e+00,1.4674748944078095e+01,6.8919946681231741e+00,1.4674748944078095e+01,1.4674748944078095e+01,6.8919946681231741e+00,1.0527008541006406e+01,6.8919946681231741e+00,1.8408812803247965e+00,6.8919946681231741e+00,6.8919946681231741e+00,1.1171715392431667e+01,6.8919946681231741e+00,6.8919946681231741e+00,1.8408812803247965e+00,9.2024300934986014e-01,9.7479150019844969e+00,9.7479150019844969e+00,1.1171715392431667e+01,6.8919946681231741e+00,9.7479150019844969e+00,8.4405042786649886e+00,1.4674748944078095e+01,1.4674748944078095e+01,1.4674748944078095e+01,1.8408812803247965e+00,1.4674748944078095e+01,1.8408812803247965e+00,1.1171715392431667e+01,6.8919946681231741e+00,9.7479150019844969e+00,9.7479150019844969e+00,1.0402428635145037e+01,1.4674748944078095e+01,3.7519014881783566e+00,2.7835606353154940e+00,8.4405042786649886e+00,2.7835606353154940e+00,6.8919946681231741e+00,0.0000000000000000e+00,1.4674748944078095e+01,1.4674748944078095e+01,9.7479150019844969e+00,1.4674748944078095e+01,2.7835606353154940e+00,1.8408812803247965e+00,1.4674748944078095e+01,1.1171715392431667e+01,1.0402428635145037e+01,1.4674748944078095e+01,2.7835606353154940e+00,8.4405042786649886e+00,6.8919946681231741e+00,1.4674748944078095e+01,1.4674748944078095e+01,9.2024300934986014e-01,8.4405042786649886e+00,2.7835606353154940e+00,1.0402428635145037e+01,4.9928157515774840e+00,1.4674748944078095e+01,1.2928975673418249e+01,1.2928975673418249e+01,1.2928975673418249e+01,1.8408812803247965e+00,1.0527008541006406e+01,1.4674748944078095e+01,3.7519014881783566e+00,1.1171715392431667e+01,9.2024300934986014e-01,1.4674748944078095e+01,1.4674748944078095e+01,1.4674748944078095e+01,0.0000000000000000e+00,1.4674748944078095e+01,1.4674748944078095e+01,4.9928157515774840e+00,1.4674748944078095e+01,1.4674748944078095e+01,9.2024300934986014e-01,1.4674748944078095e+01,4.9928157515774840e+00,3.7519014881783566e+00,4.9928157515774840e+00,8.4405042786649886e+00,9.7479150019844969e+00,1.4674748944078095e+01,1.8408812803247965e+00,3.7519014881783566e+00,8.4405042786649886e+00,8.4405042786649886e+00,1.4674748944078095e+01,1.4674748944078095e+01,6.8919946681231741e+00,0.0000000000000000e+00,1.4674748944078095e+01,1.4674748944078095e+01,8.4405042786649886e+00,8.4405042786649886e+00,1.2928975673418249e+01,1.4674748944078095e+01,2.7835606353154940e+00,3.7519014881783566e+00,1.2928975673418249e+01,4.9928157515774840e+00,6.8919946681231741e+00,4.9928157515774840e+00,1.4674748944078095e+01,1.0527008541006406e+01,1.0527008541006406e+01,1.4674748944078095e+01,0.0000000000000000e+00,6.8919946681231741e+00,6.8919946681231741e+00,1.4674748944078095e+01,6.8919946681231741e+00,6.8919946681231741e+00,1.0527008541006406e+01,1.8408812803247965e+00,1.1171715392431667e+01,9.7479150019844969e+00,6.8919946681231741e+00,5.8423804676080220e+00,4.9928157515774840e+00,9.7479150019844969e+00,1.0527008541006406e+01,4.9928157515774840e+00,3.7519014881783566e+00,3.7519014881783566e+00,3.7519014881783566e+00,9.7479150019844969e+00,3.7519014881783566e+00,1.2928975673418249e+01,1.8408812803247965e+00,1.2928975673418249e+01,1.2928975673418249e+01,4.9928157515774840e+00,1.4674748944078095e+01,1.4674748944078095e+01,9.7479150019844969e+00,1.4674748944078095e+01,5.8423804676080220e+00,1.8408812803247965e+00,0.0000000000000000e+00,1.8408812803247965e+00,1.4674748944078095e+01,7.3694792448826787e+00,1.0402428635145037e+01,1.1171715392431667e+01,9.7479150019844969e+00,1.2928975673418249e+01,6.8919946681231741e+00,9.7479150019844969e+00,7.3694792448826787e+00,8.4405042786649886e+00,1.8408812803247965e+00,9.7479150019844969e+00,5.8423804676080220e+00,3.7519014881783566e+00,1.1171715392431667e+01,9.2024300934986014e-01,1.4674748944078095e+01,1.1171715392431667e+01,5.8423804676080220e+00,1.4674748944078095e+01,1.4674748944078095e+01,6.8919946681231741e+00,1.4674748944078095e+01,1.0527008541006406e+01,1.0527008541006406e+01,7.3694792448826787e+00,1.4674748944078095e+01,0.0000000000000000e+00,1.0527008541006406e+01,1.2928975673418249e+01,4.9928157515774840e+00,8.4405042786649886e+00,6.8919946681231741e+00,1.1171715392431667e+01,4.9928157515774840e+00,1.0527008541006406e+01,5.8423804676080220e+00,5.8423804676080220e+00,1.0527008541006406e+01,1.1171715392431667e+01,3.7519014881783566e+00,1.1171715392431667e+01,1.2928975673418249e+01,9.7479150019844969e+00,3.7519014881783566e+00,9.7479150019844969e+00,1.1171715392431667e+01,9.7479150019844969e+00,1.4674748944078095e+01,9.7479150019844969e+00,1.0527008541006406e+01,1.8408812803247965e+00,1.0402428635145037e+01,6.8919946681231741e+00,1.4674748944078095e+01,1.4674748944078095e+01,0.0000000000000000e+00,6.8919946681231741e+00,4.9928157515774840e+00,1.4674748944078095e+01,9.2024300934986014e-01,1.2928975673418249e+01,4.9928157515774840e+00,9.2024300934986014e-01,6.8919946681231741e+00,8.4405042786649886e+00,1.0527008541006406e+01,1.8408812803247965e+00,1.0402428635145037e+01,3.7519014881783566e+00,4.9928157515774840e+00,1.0402428635145037e+01,7.3694792448826787e+00,8.4405042786649886e+00,1.2928975673418249e+01,9.7479150019844969e+00,5.8423804676080220e+00,8.4405042786649886e+00,8.4405042786649886e+00,1.8408812803247965e+00,1.2928975673418249e+01,8.4405042786649886e+00,2.7835606353154940e+00,1.1171715392431667e+01,6.8919946681231741e+00,9.2024300934986014e-01,8.4405042786649886e+00,1.4674748944078095e+01,8.4405042786649886e+00,3.7519014881783566e+00,7.3694792448826787e+00,1.8408812803247965e+00,1.4674748944078095e+01,1.2928975673418249e+01,8.4405042786649886e+00,1.2928975673418249e+01,3.7519014881783566e+00,1.4674748944078095e+01,3.7519014881783566e+00,8.4405042786649886e+00,7.3694792448826787e+00,3.7519014881783566e+00,1.0527008541006406e+01,1.1171715392431667e+01,1.0402428635145037e+01,1.1171715392431667e+01,0.0000000000000000e+00,1.1171715392431667e+01,1.0527008541006406e+01,2.7835606353154940e+00,0.0000000000000000e+00,1.2928975673418249e+01,1.0402428635145037e+01,6.8919946681231741e+00,8.4405042786649886e+00,8.4405042786649886e+00,7.3694792448826787e+00,5.8423804676080220e+00,1.0527008541006406e+01,1.1171715392431667e+01,1.0527008541006406e+01,1.0527008541006406e+01,3.7519014881783566e+00,8.4405042786649886e+00,8.4405042786649886e+00,1.4674748944078095e+01
1.2451403272394611e+01,1.2451403272394611e+01,1.2451403272394611e+01,1.2451403272394611e+01,4.8052884817405177e+00,3.4425646325305115e+00,4.8052884817405177e+00,1.2451403272394611e+01,1.4026241702530491e+01,1.2451403272394611e+01,1.4026241702530491e+01,8.3990920705031904e+00,9.9265538175882817e+00,8.3990920705031904e+00,1.4026241702530491e+01,8.3990920705031904e+00,1.2451403272394611e+01,9.9265538175882817e+00,8.3990920705031904e+00,1.4026241702530491e+01,8.3990920705031904e+00,0.0000000000000000e+00,8.3990920705031904e+00,1.2513279403007893e+01,9.9265538175882817e+00,5.2373653092803156e+00,1.2451403272394611e+01,9.9265538175882817e+00,1.4026241702530491e+01,9.9265538175882817e+00,9.9265538175882817e+00,7.5153413347524678e+00,9.9265538175882817e+00,1.4026241702530491e+01,1.2451403272394611e+01,1.2513279403007893e+01,8.3990920705031904e+00,0.0000000000000000e+00,9.9265538175882817e+00,9.9265538175882817e+00,8.3990920705031904e+00,1.4026241702530491e+01,5.2373653092803156e+00,1.2513279403007893e+01,5.2373653092803156e+00,1.4026241702530491e+01,5.2373653092803156e+00,0.0000000000000000e+00,1.4026241702530491e+01,1.4026241702530491e+01,1.2513279403007893e+01,1.4026241702530491e+01,8.3990920705031904e+00,1.4026241702530491e+01,1.2451403272394611e+01,3.4425646325305115e+00,9.9265538175882817e+00,1.2451403272394611e+01,1.2451403272394611e+01,9.9265538175882817e+00,1.4026241702530491e+01,9.9265538175882817e+00,4.8052884817405177e+00,1.4026241702530491e+01,1.2513279403007893e+01,1.2451403272394611e+01,2.8004356720151842e+00,1.2451403272394611e+01,3.4425646325305115e+00,8.4975731807874388e-01,1.4026241702530491e+01,1.6991643399607552e+00,8.3990920705031904e+00,1.2451403272394611e+01,1.6991643399607552e+00,1.2451403272394611e+01,1.2451403272394611e+01,8.3990920705031904e+00,8.5120213455332170e+00,5.2373653092803156e+00,1.2451403272394611e+01,1.2451403272394611e+01,1.2451403272394611e+01,1.2451403272394611e+01,1.4026241702530491e+01,1.4026241702530491e+01,1.2451403272394611e+01,1.2451403272394611e+01,6.8669370914792829e+00,1.2451403272394611e+01,1.6991643399607552e+00,1.2513279403007893e+01,8.5120213455332170e+00,7.5153413347524678e+00,1.2451403272394611e+01,9.9265538175882817e+00,1.4026241702530491e+01,0.0000000000000000e+00,0.0000000000000000e+00,8.5120213455332170e+00,1.4026241702530491e+01,4.8052884817405177e+00,9.9265538175882817e+00,4.8052884817405177e+00,4.8052884817405177e+00,1.2451403272394611e+01,1.4026241702530491e+01,1.2451403272394611e+01,1.4026241702530491e+01,1.2451403272394611e+01,4.8052884817405177e+00,1.2451403272394611e+01,4.8052884817405177e+00,4.8052884817405177e+00,2.8004356720151842e+00,8.4975731807874388e-01,1.4026241702530491e+01,5.2373653092803156e+00,2.8004356720151842e+00,7.5153413347524678e+00,7.5153413347524678e+00,2.8004356720151842e+00,1.1478373791870947e+01,8.3990920705031904e+00,7.5153413347524678e+00,1.4026241702530491e+01,9.9265538175882817e+00,2.8004356720151842e+00,1.2451403272394611e+01,9.9265538175882817e+00,1.2451403272394611e+01,1.2451403272394611e+01,1.4026241702530491e+01,1.2513279403007893e+01,1.4026241702530491e+01,1.2513279403007893e+01,1.4026241702530491e+01,5.2373653092803156e+00,1.1478373791870947e+01,1.2513279403007893e+01,5.2373653092803156e+00,8.5120213455332170e+00,5.2373653092803156e+00,1.2451403272394611e+01,1.6991643399607552e+00,8.5120213455332170e+00,0.0000000000000000e+00,1.2451403272394611e+01,4.8052884817405177e+00,1.2451403272394611e+01,1.2451403272394611e+01,1.2451403272394611e+01,1.2451403272394611e+01,7.5153413347524678e+00,8.3990920705031904e+00,4.8052884817405177e+00,1.2451403272394611e+01,8.3990920705031904e+00,8.3990920705031904e+00,1.2451403272394611e+01,6.8669370914792829e+00,6.8669370914792829e+00,1.4026241702530491e+01,3.4425646325305115e+00,1.2451403272394611e+01,8.3990920705031904e+00,7.5153413347524678e+00,9.9265538175882817e+00,5.2373653092803156e+00,1.4026241702530491e+01,3.4425646325305115e+00,8.4975731807874388e-01,1.2513279403007893e+01,9.9265538175882817e+00,1.2451403272394611e+01,1.2451403272394611e+01,8.4975731807874388e-01,3.4425646325305115e+00,1.2451403272394611e+01,5.2373653092803156e+00,8.3990920705031904e+00,1.2451403272394611e+01,9.9265538175882817e+00,7.5153413347524678e+00,1.2451403272394611e+01,4.8052884817405177e+00,9.9265538175882817e+00,8.3990920705031904e+00,3.4425646325305115e+00,3.4425646325305115e+00,8.4975731807874388e-01,6.8669370914792829e+00,1.4026241702530491e+01,6.8669370914792829e+00,9.9265538175882817e+00,1.4026241702530491e+01,1.4026241702530491e+01,0.0000000000000000e+00,1.4026241702530491e+01,5.2373653092803156e+00,7.5153413347524678e+00,1.1478373791870947e+01,0.0000000000000000e+00,8.5120213455332170e+00,4.8052884817405177e+00,5.2373653092803156e+00,8.5120213455332170e+00,6.8669370914792829e+00,1.2451403272394611e+01,1.2513279403007893e+01,8.5120213455332170e+00,1.2513279403007893e+01,1.4026241702530491e+01,6.8669370914792829e+00,8.5120213455332170e+00,1.2513279403007893e+01,1.1478373791870947e+01,1.2451403272394611e+01,2.8004356720151842e+00,8.4975731807874388e-01,1.2451403272394611e+01,2.8004356720151842e+00,3.4425646325305115e+00,1.4026241702530491e+01,1.2513279403007893e+01,8.4975731807874388e-01,9.9265538175882817e+00,5.2373653092803156e+00,5.2373653092803156e+00,7.5153413347524678e+00,8.5120213455332170e+00,1.2451403272394611e+01,1.2451403272394611e+01,1.1478373791870947e+01,1.2451403272394611e+01,9.9265538175882817e+00,1.2451403272394611e+01,1.2451403272394611e+01,9.9265538175882817e+00,1.2451403272394611e+01,1.6991643399607552e+00,5.2373653092803156e+00,1.2451403272394611e+01,2.8004356720151842e+00,9.9265538175882817e+00,8.3990920705031904e+00,1.2513279403007893e+01,1.2513279403007893e+01,0.0000000000000000e+00,1.2513279403007893e+01,1.4026241702530491e+01,5.2373653092803156e+00,1.4026241702530491e+01,9.9265538175882817e+00,9.9265538175882817e+00,1.2451403272394611e+01,1.2451403272394611e+01,9.9265538175882817e+00,9.9265538175882817e+00,1.4026241702530491e+01,8.4975731807874388e-01,1.4026241702530491e+01,1.6991643399607552e+00,8.4975731807874388e-01,8.4975731807874388e-01,8.3990920705031904e+00,1.4026241702530491e+01,1.2451403272394611e+01,6.8669370914792829e+00,8.3990920705031904e+00,6.8669370914792829e+00,8.5120213455332170e+00,6.8669370914792829e+00,3.4425646325305115e+00,1.2513279403007893e+01,8.4975731807874388e-01,1.4026241702530491e+01,8.4975731807874388e-01,0.0000000000000000e+00,9.9265538175882817e+00,7.5153413347524678e+00,9.9265538175882817e+00,8.5120213455332170e+00,1.6991643399607552e+00,5.2373653092803156e+00,6.8669370914792829e+00,9.9265538175882817e+00,1.1478373791870947e+01,0.0000000000000000e+00,7.5153413347524678e+00,7.5153413347524678e+00,1.2513279403007893e+01,1.2451403272394611e+01,5.2373653092803156e+00,1.2513279403007893e+01,6.8669370914792829e+00,1.2513279403007893e+01,6.8669370914792829e+00,7.5153413347524678e+00,1.2513279403007893e+01,1.2513279403007893e+01,1.1478373791870947e+01,1.6991643399607552e+00,1.2451403272394611e+01,1.2451403272394611e+01,4.8052884817405177e+00,1.2513279403007893e+01,1.2513279403007893e+01,1.2513279403007893e+01,8.5120213455332170e+00,7.5153413347524678e+00,8.4975731807874388e-01,8.4975731807874388e-01,7.5153413347524678e+00,1.2513279403007893e+01,9.9265538175882817e+00,3.4425646325305115e+00,4.8052884817405177e+00,8.5120213455332170e+00,1.4026241702530491e+01,9.9265538175882817e+00,1.4026241702530491e+01,7.5153413347524678e+00,5.2373653092803156e+00,1.2513279403007893e+01,1.2451403272394611e+01,8.4975731807874388e-01,1.2513279403007893e+01,1.4026241702530491e+01,5.2373653092803156e+00,0.0000000000000000e+00,2.8004356720151842e+00,6.8669370914792829e+00,7.5153413347524678e+00,1.6991643399607552e+00,5.2373653092803156e+00,8.5120213455332170e+00,9.9265538175882817e+00,9.9265538175882817e+00,4.8052884817405177e+00,1.4026241702530491e+01,8.5120213455332170e+00,8.5120213455332170e+00,5.2373653092803156e+00,1.6991643399607552e+00,3.4425646325305115e+00,1.4026241702530491e+01,1.4026241702530491e+01,8.4975731807874388e-01,1.4026241702530491e+01,1.4026241702530491e+01,1.2451403272394611e+01,3.4425646325305115e+00,4.8052884817405177e+00,1.2513279403007893e+01,4.8052884817405177e+00,1.2513279403007893e+01,3.4425646325305115e+00,1.2513279403007893e+01,1.2451403272394611e+01,1.4026241702530491e+01,1.4026241702530491e+01,1.2451403272394611e+01,5.2373653092803156e+00,6.8669370914792829e+00,7.5153413347524678e+00,6.8669370914792829e+00,6.8669370914792829e+00,1.6991643399607552e+00,8.3990920705031904e+00,0.0000000000000000e+00,1.2451403272394611e+01,4.8052884817405177e+00,1.4026241702530491e+01,8.3990920705031904e+00,1.4026241702530491e+01,1.4026241702530491e+01,1.2513279403007893e+01,5.2373653092803156e+00,4.8052884817405177e+00,3.4425646325305115e+00,1.2513279403007893e+01,3.4425646325305115e+00,1.2513279403007893e+01,9.9265538175882817e+00,1.4026241702530491e+01,1.2513279403007893e+01,1.2513279403007893e+01,9.9265538175882817e+00,1.2513279403007893e+01,1.4026241702530491e+01,1.6991643399607552e+00,8.4975731807874388e-01,4.8052884817405177e+00,1.2513279403007893e+01,1.4026241702530491e+01,5.2373653092803156e+00,6.8669370914792829e+00,4.8052884817405177e+00,3.4425646325305115e+00,9.9265538175882817e+00,9.9265538175882817e+00,6.8669370914792829e+00,1.2451403272394611e+01,1.2451403272394611e+01,1.4026241702530491e+01,1.2451403272394611e+01,1.4026241702530491e+01,1.2513279403007893e+01,1.2513279403007893e+01,1.2451403272394611e+01,1.1478373791870947e+01,4.8052884817405177e+00,1.4026241702530491e+01,1.4026241702530491e+01,8.5120213455332170e+00,1.2513279403007893e+01,1.4026241702530491e+01,1.4026241702530491e+01,1.4026241702530491e+01,1.4026241702530491e+01,1.2513279403007893e+01,9.9265538175882817e+00,8.3990920705031904e+00,5.2373653092803156e+00,1.2513279403007893e+01,5.2373653092803156e+00,5.2373653092803156e+00,1.2513279403007893e+01,1.4026241702530491e+01,8.5120213455332170e+00,1.2513279403007893e+01,4.8052884817405177e+00,9.9265538175882817e+00,1.1478373791870947e+01,9.9265538175882817e+00,1.6991643399607552e+00,8.5120213455332170e+00,5.2373653092803156e+00,9.9265538175882817e+00,3.4425646325305115e+00,1.4026241702530491e+01,1.2451403272394611e+01,1.4026241702530491e+01,3.4425646325305115e+00,1.2513279403007893e+01,1.6991643399607552e+00,1.2513279403007893e+01,8.4975731807874388e-01,1.2451403272394611e+01,8.3990920705031904e+00,1.2513279403007893e+01,9.9265538175882817e+00,1.2451403272394611e+01,5.2373653092803156e+00,1.1478373791870947e+01,7.5153413347524678e+00,5.2373653092803156e+00,8.3990920705031904e+00,7.5153413347524678e+00,1.4026241702530491e+01,9.9265538175882817e+00,1.4026241702530491e+01,1.4026241702530491e+01,8.5120213455332170e+00,1.2513279403007893e+01,0.0000000000000000e+00,1.4026241702530491e+01,9.9265538175882817e+00,7.5153413347524678e+00,1.2451403272394611e+01,1.1478373791870947e+01,1.4026241702530491e+01,8.4975731807874388e-01,1.4026241702530491e+01,1.4026241702530491e+01,6.8669370914792829e+00,1.4026241702530491e+01,3.4425646325305115e+00,7.5153413347524678e+00,1.4026241702530491e+01,1.2513279403007893e+01,2.8004356720151842e+00,5.2373653092803156e+00,5.2373653092803156e+00,1.1478373791870947e+01,1.2513279403007893e+01,1.4026241702530491e+01,5.2373653092803156e+00,1.1478373791870947e+01,9.9265538175882817e+00,8.5120213455332170e+00,8.4975731807874388e-01,0.0000000000000000e+00,9.9265538175882817e+00,9.9265538175882817e+00,1.4026241702530491e+01,9.9265538175882817e+00,5.2373653092803156e+00,1.6991643399607552e+00,1.2451403272394611e+01,7.5153413347524678e+00,5.2373653092803156e+00,5.2373653092803156e+00,0.0000000000000000e+00,9.9265538175882817e+00,1.2513279403007893e+01,5.2373653092803156e+00,9.9265538175882817e+00,1.2451403272394611e+01,9.9265538175882817e+00,0.0000000000000000e+00,1.2513279403007893e+01,4.8052884817405177e+00,1.2451403272394611e+01,8.4975731807874388e-01,8.5120213455332170e+00,7.5153413347524678e+00,8.5120213455332170e+00,7.5153413347524678e+00,1.2513279403007893e+01,1.2513279403007893e+01,0.0000000000000000e+00,1.4026241702530491e+01,0.0000000000000000e+00,5.2373653092803156e+00,1.2513279403007893e+01,1.1478373791870947e+01,1.4026241702530491e+01,5.2373653092803156e+00,9.9265538175882817e+00,1.2513279403007893e+01,1.2451403272394611e+01,1.2451403272394611e+01,1.1478373791870947e+01,8.5120213455332170e+00,7.5153413347524678e+00,7.5153413347524678e+00,1.4026241702530491e+01,1.1478373791870947e+01,6.8669370914792829e+00,1.2451403272394611e+01,2.8004356720151842e+00,2.8004356720151842e+00,1.2451403272394611e+01,7.5153413347524678e+00,1.2451403272394611e+01,1.2513279403007893e+01,8.5120213455332170e+00,1.6991643399607552e+00,2.8004356720151842e+00,8.5120213455332170e+00,4.8052884817405177e+00,9.9265538175882817e+00,1.2451403272394611e+01,9.9265538175882817e+00,5.2373653092803156e+00,5.2373653092803156e+00,1.2513279403007893e+01,5.2373653092803156e+00,9.9265538175882817e+00,6.8669370914792829e+00,1.4026241702530491e+01,9.9265538175882817e+00,1.2451403272394611e+01,4.8052884817405177e+00,7.5153413347524678e+00,3.4425646325305115e+00,1.2451403272394611e+01,1.4026241702530491e+01,8.5120213455332170e+00,1.2451403272394611e+01,1.1478373791870947e+01,0.0000000000000000e+00,1.2513279403007893e+01,3.4425646325305115e+00,4.8052884817405177e+00,7.5153413347524678e+00,2.8004356720151842e+00,9.9265538175882817e+00,1.4026241702530491e+01,1.1478373791870947e+01,1.4026241702530491e+01,2.8004356720151842e+00,2.8004356720151842e+00,1.6991643399607552e+00,8.5120213455332170e+00,8.5120213455332170e+00,6.8669370914792829e+00,8.5120213455332170e+00,1.4026241702530491e+01,1.4026241702530491e+01,9.9265538175882817e+00,2.8004356720151842e+00,1.2513279403007893e+01,6.8669370914792829e+00,2.8004356720151842e+00,1.2513279403007893e+01,1.4026241702530491e+01,4.8052884817405177e+00,1.4026241702530491e+01,1.4026241702530491e+01,1.4026241702530491e+01,1.4026241702530491e+01,9.9265538175882817e+00,1.2513279403007893e+01,1.1478373791870947e+01,1.4026241702530491e+01,6.8669370914792829e+00,8.5120213455332170e+00,8.5120213455332170e+00,1.2513279403007893e+01,8.5120213455332170e+00,6.8669370914792829e+00,2.8004356720151842e+00,1.4026241702530491e+01,8.5120213455332170e+00,2.8004356720151842e+00,1.4026241702530491e+01,1.4026241702530491e+01,1.4026241702530491e+01,4.8052884817405177e+00,1.4026241702530491e+01,1.4026241702530491e+01,3.4425646325305115e+00,1.4026241702530491e+01,1.1478373791870947e+01,4.8052884817405177e+00,1.6991643399607552e+00,1.4026241702530491e+01,8.5120213455332170e+00,4.8052884817405177e+00,8.3990920705031904e+00,6.8669370914792829e+00,8.3990920705031904e+00,6.8669370914792829e+00,1.2513279403007893e+01,2.8004356720151842e+00,1.2513279403007893e+01,1.1478373791870947e+01,8.4975731807874388e-01,6.8669370914792829e+00,8.4975731807874388e-01,3.4425646325305115e+00,0.0000000000000000e+00,1.1478373791870947e+01,8.5120213455332170e+00,8.3990920705031904e+00,8.4975731807874388e-01,1.6991643399607552e+00,1.2513279403007893e+01,8.3990920705031904e+00,9.9265538175882817e+00,6.8669370914792829e+00,1.2513279403007893e+01,1.6991643399607552e+00,1.1478373791870947e+01,1.1478373791870947e+01,1.6991643399607552e+00,1.4026241702530491e+01,1.1478373791870947e+01,1.1478373791870947e+01,8.3990920705031904e+00,1.4026241702530491e+01,1.2513279403007893e+01,9.9265538175882817e+00,1.1478373791870947e+01,9.9265538175882817e+00,9.9265538175882817e+00,1.1478373791870947e+01,1.1478373791870947e+01,3.4425646325305115e+00,9.9265538175882817e+00,4.8052884817405177e+00,1.6991643399607552e+00,1.4026241702530491e+01,4.8052884817405177e+00,7.5153413347524678e+00,1.2451403272394611e+01,9.9265538175882817e+00,9.9265538175882817e+00,1.1478373791870947e+01,8.3990920705031904e+00,8.3990920705031904e+00,1.4026241702530491e+01,7.5153413347524678e+00,1.2513279403007893e+01,1.4026241702530491e+01,3.4425646325305115e+00,5.2373653092803156e+00,8.3990920705031904e+00,8.3990920705031904e+00,1.1478373791870947e+01,1.6991643399607552e+00,1.2451403272394611e+01,1.2451403272394611e+01,0.0000000000000000e+00,1.2451403272394611e+01,1.1478373791870947e+01,8.3990920705031904e+00,1.4026241702530491e+01,5.2373653092803156e+00,5.2373653092803156e+00,7.5153413347524678e+00,1.2513279403007893e+01,0.0000000000000000e+00,7.5153413347524678e+00,1.2513279403007893e+01,1.2513279403007893e+01,1.2513279403007893e+01,8.3990920705031904e+00,9.9265538175882817e+00,5.2373653092803156e+00,6.8669370914792829e+00,7.5153413347524678e+00,1.1478373791870947e+01,9.9265538175882817e+00,1.6991643399607552e+00,1.1478373791870947e+01,2.8004356720151842e+00,1.2513279403007893e+01,0.0000000000000000e+00,1.4026241702530491e+01,1.2513279403007893e+01,8.4975731807874388e-01,1.1478373791870947e+01,8.3990920705031904e+00,7.5153413347524678e+00,1.1478373791870947e+01,1.4026241702530491e+01,0.0000000000000000e+00,3.4425646325305115e+00,9.9265538175882817e+00,2.8004356720151842e+00,1.4026241702530491e+01,1.6991643399607552e+00,5.2373653092803156e+00,8.5120213455332170e+00,8.5120213455332170e+00,1.4026241702530491e+01,7.5153413347524678e+00,1.2451403272394611e+01,8.5120213455332170e+00,6.8669370914792829e+00,8.5120213455332170e+00,1.4026241702530491e+01,1.1478373791870947e+01,1.2513279403007893e+01,8.5120213455332170e+00,2.8004356720151842e+00,1.4026241702530491e+01,1.2513279403007893e+01,8.4975731807874388e-01,6.8669370914792829e+00,1.4026241702530491e+01,9.9265538175882817e+00,9.9265538175882817e+00,1.2451403272394611e+01,9.9265538175882817e+00,1.2451403272394611e+01,9.9265538175882817e+00,9.9265538175882817e+00,1.2451403272394611e+01,1.2451403272394611e+01,1.6991643399607552e+00,5.2373653092803156e+00,4.8052884817405177e+00,8.4975731807874388e-01,5.2373653092803156e+00,5.2373653092803156e+00,9.9265538175882817e+00,1.2451403272394611e+01,8.4975731807874388e-01,1.2451403272394611e+01,0.0000000000000000e+00,1.2513279403007893e+01,1.2451403272394611e+01,1.2451403272394611e+01,8.3990920705031904e+00,3.4425646325305115e+00,1.6991643399607552e+00,5.2373653092803156e+00,9.9265538175882817e+00,8.4975731807874388e-01,1.4026241702530491e+01,1.2513279403007893e+01,1.6991643399607552e+00,1.4026241702530491e+01,1.1478373791870947e+01,1.2451403272394611e+01,5.2373653092803156e+00,1.2513279403007893e+01,3.4425646325305115e+00,9.9265538175882817e+00,8.4975731807874388e-01,7.5153413347524678e+00,5.2373653092803156e+00,1.2451403272394611e+01,3.4425646325305115e+00,1.2451403272394611e+01,8.3990920705031904e+00,0.0000000000000000e+00,1.2451403272394611e+01,1.4026241702530491e+01,0.0000000000000000e+00,9.9265538175882817e+00,2.8004356720151842e+00,1.4026241702530491e+01,3.4425646325305115e+00,9.9265538175882817e+00,7.5153413347524678e+00,6.8669370914792829e+00,0.0000000000000000e+00,5.2373653092803156e+00,8.3990920705031904e+00,1.2451403272394611e+01,1.6991643399607552e+00,8.3990920705031904e+00,5.2373653092803156e+00,1.4026241702530491e+01,1.4026241702530491e+01,4.8052884817405177e+00,2.8004356720151842e+00,8.4975731807874388e-01,3.4425646325305115e+00,1.1478373791870947e+01,1.1478373791870947e+01,1.4026241702530491e+01,1.6991643399607552e+00,6.8669370914792829e+00,1.4026241702530491e+01,4.8052884817405177e+00,6.8669370914792829e+00,6.8669370914792829e+00,1.1478373791870947e+01,6.8669370914792829e+00,1.2451403272394611e+01,1.2451403272394611e+01,1.2451403272394611e+01,8.5120213455332170e+00,8.5120213455332170e+00,1.2451403272394611e+01,0.0000000000000000e+00,1.4026241702530491e+01,4.8052884817405177e+00,1.6991643399607552e+00,1.2513279403007893e+01,1.2513279403007893e+01,6.8669370914792829e+00,8.3990920705031904e+00,6.8669370914792829e+00,1.2451403272394611e+01,7.5153413347524678e+00,1.6991643399607552e+00,1.2451403272394611e+01,1.4026241702530491e+01,2.8004356720151842e+00,6.8669370914792829e+00,1.2451403272394611e+01,1.2451403272394611e+01,0.0000000000000000e+00,9.9265538175882817e+00,5.2373653092803156e+00,5.2373653092803156e+00,5.2373653092803156e+00,0.0000000000000000e+00,6.8669370914792829e+00,1.6991643399607552e+00,5.2373653092803156e+00,1.2513279403007893e+01,1.4026241702530491e+01,1.6991643399607552e+00,1.2451403272394611e+01,1.2451403272394611e+01,1.6991643399607552e+00,3.4425646325305115e+00,1.1478373791870947e+01,3.4425646325305115e+00,2.8004356720151842e+00,8.3990920705031904e+00,1.2451403272394611e+01,1.1478373791870947e+01,8.4975731807874388e-01,1.2451403272394611e+01,2.8004356720151842e+00,1.2513279403007893e+01,1.1478373791870947e+01,1.1478373791870947e+01,1.2451403272394611e+01,1.6991643399607552e+00,1.2451403272394611e+01,1.2451403272394611e+01,2.8004356720151842e+00,8.3990920705031904e+00,1.2451403272394611e+01,9.9265538175882817e+00,1.2451403272394611e+01,1.2451403272394611e+01,1.4026241702530491e+01,1.2451403272394611e+01,1.4026241702530491e+01,1.2513279403007893e+01,1.2513279403007893e+01,1.2513279403007893e+01,1.2513279403007893e+01,1.2513279403007893e+01,1.2513279403007893e+01,1.2451403272394611e+01,1.2451403272394611e+01,3.4425646325305115e+00,8.4975731807874388e-01,1.1478373791870947e+01,3.4425646325305115e+00,1.2513279403007893e+01,1.2513279403007893e+01,6.8669370914792829e+00,1.4026241702530491e+01,9.9265538175882817e+00,4.8052884817405177e+00,8.3990920705031904e+00,1.1478373791870947e+01,1.4026241702530491e+01,1.2451403272394611e+01,1.2451403272394611e+01,5.2373653092803156e+00,1.2451403272394611e+01,7.5153413347524678e+00,1.2513279403007893e+01,1.2451403272394611e+01,1.2451403272394611e+01,1.2451403272394611e+01,8.3990920705031904e+00,1.4026241702530491e+01,1.6991643399607552e+00,8.3990920705031904e+00,8.3990920705031904e+00,1.2513279403007893e+01,8.3990920705031904e+00,1.1478373791870947e+01,1.4026241702530491e+01,1.2451403272394611e+01,1.2513279403007893e+01,1.1478373791870947e+01,8.5120213455332170e+00,1.1478373791870947e+01,2.8004356720151842e+00,1.1478373791870947e+01,7.5153413347524678e+00,8.5120213455332170e+00,4.8052884817405177e+00,4.8052884817405177e+00,3.4425646325305115e+00,5.2373653092803156e+00,1.2451403272394611e+01,8.4975731807874388e-01,1.4026241702530491e+01,1.2513279403007893e+01,1.2513279403007893e+01,3.4425646325305115e+00,6.8669370914792829e+00,9.9265538175882817e+00,8.4975731807874388e-01,9.9265538175882817e+00,1.2513279403007893e+01,9.9265538175882817e+00,9.9265538175882817e+00,9.9265538175882817e+00,6.8669370914792829e+00,1.2513279403007893e+01,4.8052884817405177e+00,4.8052884817405177e+00,4.8052884817405177e+00,8.5120213455332170e+00,8.5120213455332170e+00,1.6991643399607552e+00,1.4026241702530491e+01,2.8004356720151842e+00,4.8052884817405177e+00,1.2513279403007893e+01,1.4026241702530491e+01,1.1478373791870947e+01,8.3990920705031904e+00,1.2513279403007893e+01,1.1478373791870947e+01,3.4425646325305115e+00,1.2513279403007893e+01,4.8052884817405177e+00,1.2513279403007893e+01,7.5153413347524678e+00,1.2513279403007893e+01,6.8669370914792829e+00,8.5120213455332170e+00,1.2451403272394611e+01,1.2513279403007893e+01,8.5120213455332170e+00,7.5153413347524678e+00,1.2513279403007893e+01,1.2451403272394611e+01,1.2513279403007893e+01,1.1478373791870947e+01
3.1640570101555183e+00,9.7369755277120298e+00,5.0695924850224472e+00,7.2236835166244164e+00,7.2236835166244164e+00,7.2236835166244164e+00,7.2236835166244164e+00,1.8981348518366710e+00,7.2236835166244164e+00,7.2236835166244164e+00,7.2236835166244164e+00,7.2236835166244164e+00,3.1640570101555183e+00,8.0989884286248799e+00,1.4306957977314772e+01,3.8060948145375839e+00,9.7369755277120298e+00,1.0845199134192530e+01,3.8060948145375839e+00,3.8060948145375839e+00,3.8060948145375839e+00,1.2875833182012610e+01,8.0989884286248799e+00,8.0989884286248799e+00,9.1635933925242945e+00,8.0989884286248799e+00,1.2875833182012610e+01,1.2617340139716250e+01,7.2236835166244164e+00,1.0088027364521102e+00,1.2875833182012610e+01,1.2617340139716250e+01,1.2617340139716250e+01,6.3190625689296338e+00,8.0989884286248799e+00,5.0774612105909620e+00,1.2617340139716250e+01,1.2617340139716250e+01,1.2875833182012610e+01,7.2236835166244164e+00,6.3190625689296338e+00,9.1635933925242945e+00,1.0088027364521102e+00,7.2236835166244164e+00,7.2236835166244164e+00,7.2236835166244164e+00,1.2617340139716250e+01,9.1635933925242945e+00,5.0774612105909620e+00,7.2236835166244164e+00,5.0695924850224472e+00,9.7369755277120298e+00,1.2875833182012610e+01,1.2875833182012610e+01,7.2236835166244164e+00,9.1635933925242945e+00,1.2875833182012610e+01,1.2875833182012610e+01,7.2236835166244164e+00,5.0695924850224472e+00,1.8981348518366710e+00,3.1640570101555183e+00,1.8981348518366710e+00,1.2617340139716250e+01,1.8981348518366710e+00,1.4306957977314772e+01,1.0845199134192530e+01,1.2875833182012610e+01,1.8981348518366710e+00,1.8981348518366710e+00,1.2875833182012610e+01,1.2875833182012610e+01,1.0845199134192530e+01,1.8981348518366710e+00,5.0695924850224472e+00,5.0774612105909620e+00,1.0845199134192530e+01,9.1635933925242945e+00,9.1635933925242945e+00,9.1635933925242945e+00,1.2617340139716250e+01,9.1635933925242945e+00,1.2617340139716250e+01,5.0695924850224472e+00,5.0774612105909620e+00,7.2236835166244164e+00,0.0000000000000000e+00,1.2875833182012610e+01,1.2875833182012610e+01,1.2875833182012610e+01,6.3190625689296338e+00,5.0774612105909620e+00,1.0845199134192530e+01,1.2875833182012610e+01,1.2875833182012610e+01,1.2617340139716250e+01,8.0989884286248799e+00,7.2236835166244164e+00,1.2875833182012610e+01,1.2875833182012610e+01,1.2875833182012610e+01,1.2875833182012610e+01,9.7369755277120298e+00,1.0845199134192530e+01,1.2875833182012610e+01,1.2875833182012610e+01,1.2617340139716250e+01,1.2875833182012610e+01,1.2875833182012610e+01,1.2875833182012610e+01,5.0774612105909620e+00,1.2875833182012610e+01,1.2875833182012610e+01,1.2875833182012610e+01,1.2617340139716250e+01,3.1640570101555183e+00,1.0845199134192530e+01,1.0845199134192530e+01,1.0088027364521102e+00,1.2617340139716250e+01,1.4306957977314772e+01,1.8981348518366710e+00,9.7369755277120298e+00,9.7369755277120298e+00,1.2875833182012610e+01,1.0088027364521102e+00,5.0695924850224472e+00,1.4306957977314772e+01,1.2875833182012610e+01,9.7369755277120298e+00,6.3190625689296338e+00,9.7369755277120298e+00,9.7369755277120298e+00,1.2617340139716250e+01,9.1635933925242945e+00,1.2617340139716250e+01,7.2236835166244164e+00,1.2617340139716250e+01,5.0695924850224472e+00,7.2236835166244164e+00,7.2236835166244164e+00,7.2236835166244164e+00,7.2236835166244164e+00,1.2875833182012610e+01,8.0989884286248799e+00,8.0989884286248799e+00,1.4306957977314772e+01,9.7369755277120298e+00,9.7369755277120298e+00,1.2617340139716250e+01,1.2875833182012610e+01,3.1640570101555183e+00,1.0845199134192530e+01,1.0845199134192530e+01,1.2875833182012610e+01,3.8060948145375839e+00,7.2236835166244164e+00,7.2236835166244164e+00,7.2236835166244164e+00,3.8060948145375839e+00,6.3190625689296338e+00,3.8060948145375839e+00,1.2875833182012610e+01,7.2236835166244164e+00,6.3190625689296338e+00,8.0989884286248799e+00,6.3190625689296338e+00,1.8981348518366710e+00,1.2875833182012610e+01,1.2875833182012610e+01,9.1635933925242945e+00,1.2875833182012610e+01,8.0989884286248799e+00,1.0845199134192530e+01,1.2875833182012610e+01,1.2875833182012610e+01,5.0774612105909620e+00,1.0845199134192530e+01,7.2236835166244164e+00,8.0989884286248799e+00,3.1640570101555183e+00,1.0845199134192530e+01,1.2875833182012610e+01,9.7369755277120298e+00,1.0088027364521102e+00,1.2875833182012610e+01,1.0845199134192530e+01,1.0845199134192530e+01,6.3190625689296338e+00,1.2875833182012610e+01,3.8060948145375839e+00,1.2875833182012610e+01,1.0845199134192530e+01,1.0845199134192530e+01,1.2875833182012610e+01,1.0845199134192530e+01,7.2236835166244164e+00,1.2875833182012610e+01,9.1635933925242945e+00,5.0774612105909620e+00,1.2617340139716250e+01,8.0989884286248799e+00,1.2617340139716250e+01,1.2875833182012610e+01,7.2236835166244164e+00,1.0845199134192530e+01,0.0000000000000000e+00,3.1640570101555183e+00,1.0088027364521102e+00,5.0695924850224472e+00,1.0845199134192530e+01,9.7369755277120298e+00,1.4306957977314772e+01,5.0695924850224472e+00,1.2617340139716250e+01,6.3190625689296338e+00,9.7369755277120298e+00,9.1635933925242945e+00,8.0989884286248799e+00,6.3190625689296338e+00,1.2617340139716250e+01,1.4306957977314772e+01,1.4306957977314772e+01,1.4306957977314772e+01,1.2617340139716250e+01,3.8060948145375839e+00,7.2236835166244164e+00,8.0989884286248799e+00,1.2617340139716250e+01,1.4306957977314772e+01,1.4306957977314772e+01,1.4306957977314772e+01,7.2236835166244164e+00,9.1635933925242945e+00,6.3190625689296338e+00,1.0845199134192530e+01,6.3190625689296338e+00,1.2875833182012610e+01,8.0989884286248799e+00,1.0845199134192530e+01,6.3190625689296338e+00,0.0000000000000000e+00,1.0845199134192530e+01,1.2875833182012610e+01,7.2236835166244164e+00,1.2875833182012610e+01,9.7369755277120298e+00,9.7369755277120298e+00,9.7369755277120298e+00,6.3190625689296338e+00,6.3190625689296338e+00,9.7369755277120298e+00,3.1640570101555183e+00,1.4306957977314772e+01,3.8060948145375839e+00,3.8060948145375839e+00,1.2875833182012610e+01,1.8981348518366710e+00,1.8981348518366710e+00,1.2617340139716250e+01,1.2875833182012610e+01,8.0989884286248799e+00,1.0845199134192530e+01,1.8981348518366710e+00,7.2236835166244164e+00,7.2236835166244164e+00,6.3190625689296338e+00,6.3190625689296338e+00,1.2617340139716250e+01,7.2236835166244164e+00,1.0845199134192530e+01,1.8981348518366710e+00,1.4306957977314772e+01,1.4306957977314772e+01,1.4306957977314772e+01,0.0000000000000000e+00,3.1640570101555183e+00,8.0989884286248799e+00,9.1635933925242945e+00,8.0989884286248799e+00,1.0845199134192530e+01,1.2875833182012610e+01,1.4306957977314772e+01,8.0989884286248799e+00,7.2236835166244164e+00,1.4306957977314772e+01,1.2875833182012610e+01,1.4306957977314772e+01,1.4306957977314772e+01,1.4306957977314772e+01,1.4306957977314772e+01,1.4306957977314772e+01,1.4306957977314772e+01,1.4306957977314772e+01,1.8981348518366710e+00,7.2236835166244164e+00,1.2617340139716250e+01,1.4306957977314772e+01,0.0000000000000000e+00,1.4306957977314772e+01,5.0774612105909620e+00,1.2617340139716250e+01,9.7369755277120298e+00,1.2617340139716250e+01,7.2236835166244164e+00,9.7369755277120298e+00,9.1635933925242945e+00,1.2875833182012610e+01,7.2236835166244164e+00,7.2236835166244164e+00,7.2236835166244164e+00,1.2875833182012610e+01,7.2236835166244164e+00,3.8060948145375839e+00,1.0845199134192530e+01,1.0088027364521102e+00,1.0845199134192530e+01,1.2875833182012610e+01,8.0989884286248799e+00,9.7369755277120298e+00,7.2236835166244164e+00,7.2236835166244164e+00,1.8981348518366710e+00,9.1635933925242945e+00,9.7369755277120298e+00,9.7369755277120298e+00,1.4306957977314772e+01,8.0989884286248799e+00,1.0088027364521102e+00,9.7369755277120298e+00,1.4306957977314772e+01,3.1640570101555183e+00,1.4306957977314772e+01,1.4306957977314772e+01,5.0774612105909620e+00,7.2236835166244164e+00,7.2236835166244164e+00,8.0989884286248799e+00,0.0000000000000000e+00,1.0845199134192530e+01,1.4306957977314772e+01,1.4306957977314772e+01,3.1640570101555183e+00,7.2236835166244164e+00,7.2236835166244164e+00,7.2236835166244164e+00,7.2236835166244164e+00,5.0774612105909620e+00,5.0774612105909620e+00,1.8981348518366710e+00,1.2875833182012610e+01,9.7369755277120298e+00,1.0845199134192530e+01,3.8060948145375839e+00,3.8060948145375839e+00,8.0989884286248799e+00,7.2236835166244164e+00,7.2236835166244164e+00,1.2617340139716250e+01,0.0000000000000000e+00,1.2617340139716250e+01,1.4306957977314772e+01,8.0989884286248799e+00,9.7369755277120298e+00,7.2236835166244164e+00,7.2236835166244164e+00,1.2875833182012610e+01,1.2875833182012610e+01,5.0774612105909620e+00,1.0845199134192530e+01,1.2617340139716250e+01,1.2875833182012610e+01,5.0695924850224472e+00,1.2617340139716250e+01,8.0989884286248799e+00,1.0845199134192530e+01,1.0845199134192530e+01,1.2875833182012610e+01,1.2875833182012610e+01,1.4306957977314772e+01,7.2236835166244164e+00,1.2617340139716250e+01,5.0695924850224472e+00,1.2875833182012610e+01,3.8060948145375839e+00,5.0774612105909620e+00,9.1635933925242945e+00,7.2236835166244164e+00,5.0695924850224472e+00,7.2236835166244164e+00,7.2236835166244164e+00,9.1635933925242945e+00,1.2617340139716250e+01,0.0000000000000000e+00,8.0989884286248799e+00,6.3190625689296338e+00,9.1635933925242945e+00,6.3190625689296338e+00,6.3190625689296338e+00,9.1635933925242945e+00,1.2617340139716250e+01,9.1635933925242945e+00,1.2875833182012610e+01,1.4306957977314772e+01,9.1635933925242945e+00,1.2875833182012610e+01,6.3190625689296338e+00,1.0845199134192530e+01,5.0695924850224472e+00,1.0845199134192530e+01,9.1635933925242945e+00,5.0774612105909620e+00,7.2236835166244164e+00,7.2236835166244164e+00,6.3190625689296338e+00,9.1635933925242945e+00,9.1635933925242945e+00,3.1640570101555183e+00,1.4306957977314772e+01,1.4306957977314772e+01,3.1640570101555183e+00,9.1635933925242945e+00,1.0845199134192530e+01,3.8060948145375839e+00,3.8060948145375839e+00,3.8060948145375839e+00,8.0989884286248799e+00,1.8981348518366710e+00,1.2875833182012610e+01,8.0989884286248799e+00,7.2236835166244164e+00,1.8981348518366710e+00,1.2875833182012610e+01,7.2236835166244164e+00,1.2875833182012610e+01,1.2875833182012610e+01,9.7369755277120298e+00,1.8981348518366710e+00,1.2875833182012610e+01,1.2875833182012610e+01,1.2875833182012610e+01,9.1635933925242945e+00,9.1635933925242945e+00,1.2875833182012610e+01,1.2875833182012610e+01,6.3190625689296338e+00,1.2875833182012610e+01,1.2875833182012610e+01,1.2617340139716250e+01,3.1640570101555183e+00,1.4306957977314772e+01,6.3190625689296338e+00,1.2617340139716250e+01,1.2875833182012610e+01,1.4306957977314772e+01,1.2617340139716250e+01,1.2617340139716250e+01,6.3190625689296338e+00,1.2617340139716250e+01,1.8981348518366710e+00,1.2875833182012610e+01,1.2875833182012610e+01,9.7369755277120298e+00,3.8060948145375839e+00,1.2617340139716250e+01,3.8060948145375839e+00,9.1635933925242945e+00,5.0695924850224472e+00,1.4306957977314772e+01,6.3190625689296338e+00,1.2875833182012610e+01,3.1640570101555183e+00,9.7369755277120298e+00,7.2236835166244164e+00,3.1640570101555183e+00,0.0000000000000000e+00,8.0989884286248799e+00,9.1635933925242945e+00,1.2617340139716250e+01,1.4306957977314772e+01,5.0774612105909620e+00,5.0774612105909620e+00,1.0845199134192530e+01,1.0845199134192530e+01,0.0000000000000000e+00,1.0845199134192530e+01,1.4306957977314772e+01,1.4306957977314772e+01,1.8981348518366710e+00,3.1640570101555183e+00,9.7369755277120298e+00,3.8060948145375839e+00,6.3190625689296338e+00,1.4306957977314772e+01,9.1635933925242945e+00,5.0774612105909620e+00,1.2617340139716250e+01,5.0695924850224472e+00,1.4306957977314772e+01,1.0088027364521102e+00,7.2236835166244164e+00,1.2875833182012610e+01,1.8981348518366710e+00,1.0845199134192530e+01,1.2617340139716250e+01,5.0695924850224472e+00,1.0845199134192530e+01,8.0989884286248799e+00,1.2875833182012610e+01,6.3190625689296338e+00,1.4306957977314772e+01,1.2875833182012610e+01,0.0000000000000000e+00,5.0774612105909620e+00,8.0989884286248799e+00,3.1640570101555183e+00,1.2617340139716250e+01,8.0989884286248799e+00,5.0774612105909620e+00,5.0774612105909620e+00,5.0774612105909620e+00,7.2236835166244164e+00,7.2236835166244164e+00,5.0695924850224472e+00,5.0774612105909620e+00,1.2617340139716250e+01,1.0845199134192530e+01,7.2236835166244164e+00,5.0774612105909620e+00,1.0845199134192530e+01,1.4306957977314772e+01,1.4306957977314772e+01,8.0989884286248799e+00,1.4306957977314772e+01,3.1640570101555183e+00,7.2236835166244164e+00,9.7369755277120298e+00,9.7369755277120298e+00,9.7369755277120298e+00,6.3190625689296338e+00,3.1640570101555183e+00,8.0989884286248799e+00,8.0989884286248799e+00,9.7369755277120298e+00,6.3190625689296338e+00,1.4306957977314772e+01,1.4306957977314772e+01,9.1635933925242945e+00,1.4306957977314772e+01,6.3190625689296338e+00,9.7369755277120298e+00,1.4306957977314772e+01,8.0989884286248799e+00,6.3190625689296338e+00,8.0989884286248799e+00,1.2875833182012610e+01,8.0989884286248799e+00,1.0845199134192530e+01,5.0774612105909620e+00,1.4306957977314772e+01,3.1640570101555183e+00,7.2236835166244164e+00,9.7369755277120298e+00,1.4306957977314772e+01,8.0989884286248799e+00,8.0989884286248799e+00,5.0774612105909620e+00,1.2875833182012610e+01,1.0088027364521102e+00,5.0695924850224472e+00,6.3190625689296338e+00,1.4306957977314772e+01,8.0989884286248799e+00,6.3190625689296338e+00,1.4306957977314772e+01,1.2875833182012610e+01,1.2875833182012610e+01,1.4306957977314772e+01,9.7369755277120298e+00,1.4306957977314772e+01,3.1640570101555183e+00,9.7369755277120298e+00,1.0845199134192530e+01,1.4306957977314772e+01,1.4306957977314772e+01,1.4306957977314772e+01,9.1635933925242945e+00,1.2875833182012610e+01,7.2236835166244164e+00,6.3190625689296338e+00,1.2875833182012610e+01,6.3190625689296338e+00,1.2875833182012610e+01,1.2875833182012610e+01,8.0989884286248799e+00,8.0989884286248799e+00,9.1635933925242945e+00,7.2236835166244164e+00,3.8060948145375839e+00,5.0774612105909620e+00,1.0845199134192530e+01,6.3190625689296338e+00,0.0000000000000000e+00,1.0845199134192530e+01,8.0989884286248799e+00,1.4306957977314772e+01,3.1640570101555183e+00,5.0695924850224472e+00,9.7369755277120298e+00,1.2875833182012610e+01,5.0774612105909620e+00,3.8060948145375839e+00,7.2236835166244164e+00,7.2236835166244164e+00,1.2875833182012610e+01,9.1635933925242945e+00,1.2875833182012610e+01,1.2875833182012610e+01,3.1640570101555183e+00,3.8060948145375839e+00,9.1635933925242945e+00,3.1640570101555183e+00,8.0989884286248799e+00,7.2236835166244164e+00,8.0989884286248799e+00,1.8981348518366710e+00,5.0774612105909620e+00,9.7369755277120298e+00,1.4306957977314772e+01,1.2617340139716250e+01,6.3190625689296338e+00,8.0989884286248799e+00,1.0088027364521102e+00,1.0088027364521102e+00,7.2236835166244164e+00,1.2617340139716250e+01,5.0695924850224472e+00,1.2617340139716250e+01,1.4306957977314772e+01,1.4306957977314772e+01,1.4306957977314772e+01,7.2236835166244164e+00,1.8981348518366710e+00,1.2875833182012610e+01,1.2875833182012610e+01,1.2875833182012610e+01,5.0774612105909620e+00,5.0695924850224472e+00,5.0695924850224472e+00,3.1640570101555183e+00,6.3190625689296338e+00,1.4306957977314772e+01,9.1635933925242945e+00,5.0774612105909620e+00,5.0774612105909620e+00,1.4306957977314772e+01,1.0845199134192530e+01,1.0845199134192530e+01,8.0989884286248799e+00,7.2236835166244164e+00,1.4306957977314772e+01,9.1635933925242945e+00,1.4306957977314772e+01,1.0845199134192530e+01,1.0845199134192530e+01,1.2875833182012610e+01,5.0774612105909620e+00,9.7369755277120298e+00,1.2875833182012610e+01,8.0989884286248799e+00,8.0989884286248799e+00,5.0774612105909620e+00,8.0989884286248799e+00,1.8981348518366710e+00,5.0774612105909620e+00,1.0088027364521102e+00,1.4306957977314772e+01,5.0774612105909620e+00,3.1640570101555183e+00,1.2617340139716250e+01,1.4306957977314772e+01,5.0695924850224472e+00,1.0088027364521102e+00,1.8981348518366710e+00,1.8981348518366710e+00,1.2875833182012610e+01,9.1635933925242945e+00,0.0000000000000000e+00,6.3190625689296338e+00,7.2236835166244164e+00,7.2236835166244164e+00,1.2875833182012610e+01,9.1635933925242945e+00,1.0845199134192530e+01,8.0989884286248799e+00,1.8981348518366710e+00,9.1635933925242945e+00,1.2875833182012610e+01,1.2875833182012610e+01,1.0845199134192530e+01,1.2617340139716250e+01,1.2617340139716250e+01,7.2236835166244164e+00,1.2617340139716250e+01,7.2236835166244164e+00,8.0989884286248799e+00,1.2617340139716250e+01,0.0000000000000000e+00,7.2236835166244164e+00,1.0845199134192530e+01,1.2617340139716250e+01,6.3190625689296338e+00,9.1635933925242945e+00,9.1635933925242945e+00,6.3190625689296338e+00,1.0845199134192530e+01,8.0989884286248799e+00,1.2617340139716250e+01,1.2617340139716250e+01,1.2617340139716250e+01,1.2617340139716250e+01,1.2617340139716250e+01,3.1640570101555183e+00,1.2875833182012610e+01,1.8981348518366710e+00,9.1635933925242945e+00,9.1635933925242945e+00,3.1640570101555183e+00,7.2236835166244164e+00,3.1640570101555183e+00,1.4306957977314772e+01,1.4306957977314772e+01,1.2875833182012610e+01,1.0088027364521102e+00,7.2236835166244164e+00,3.8060948145375839e+00,1.2875833182012610e+01,1.4306957977314772e+01,8.0989884286248799e+00,8.0989884286248799e+00,7.2236835166244164e+00,7.2236835166244164e+00,9.1635933925242945e+00,1.2617340139716250e+01,1.4306957977314772e+01,1.4306957977314772e+01,5.0774612105909620e+00,7.2236835166244164e+00,1.2875833182012610e+01,9.1635933925242945e+00,9.1635933925242945e+00,9.1635933925242945e+00,1.2617340139716250e+01,1.4306957977314772e+01,9.1635933925242945e+00,1.4306957977314772e+01,9.1635933925242945e+00,9.1635933925242945e+00,3.1640570101555183e+00,0.0000000000000000e+00,5.0774612105909620e+00,5.0774612105909620e+00,1.4306957977314772e+01,1.4306957977314772e+01,1.8981348518366710e+00,9.7369755277120298e+00,1.0088027364521102e+00,1.4306957977314772e+01,1.8981348518366710e+00,1.0845199134192530e+01,9.7369755277120298e+00,3.8060948145375839e+00,5.0695924850224472e+00,1.2617340139716250e+01,3.8060948145375839e+00,1.4306957977314772e+01,1.2875833182012610e+01,1.2875833182012610e+01,1.0088027364521102e+00,9.1635933925242945e+00,3.8060948145375839e+00,1.4306957977314772e+01,6.3190625689296338e+00,1.2617340139716250e+01,8.0989884286248799e+00,5.0695924850224472e+00,7.2236835166244164e+00,3.1640570101555183e+00,3.8060948145375839e+00,7.2236835166244164e+00,1.0088027364521102e+00,1.4306957977314772e+01,8.0989884286248799e+00,8.0989884286248799e+00,1.4306957977314772e+01,1.4306957977314772e+01,8.0989884286248799e+00,9.7369755277120298e+00,3.8060948145375839e+00,5.0695924850224472e+00,1.0088027364521102e+00,1.4306957977314772e+01,6.3190625689296338e+00,1.0845199134192530e+01,5.0774612105909620e+00,5.0774612105909620e+00,3.8060948145375839e+00,8.0989884286248799e+00,1.2617340139716250e+01,1.2617340139716250e+01,1.0845199134192530e+01,9.1635933925242945e+00,1.2875833182012610e+01,1.2875833182012610e+01,9.1635933925242945e+00,9.1635933925242945e+00,7.2236835166244164e+00,1.8981348518366710e+00,6.3190625689296338e+00,5.0774612105909620e+00,1.4306957977314772e+01,1.4306957977314772e+01,9.1635933925242945e+00,5.0695924850224472e+00,9.1635933925242945e+00,5.0695924850224472e+00,1.0845199134192530e+01,1.0088027364521102e+00,1.2617340139716250e+01,1.2875833182012610e+01,9.1635933925242945e+00,5.0774612105909620e+00,1.2617340139716250e+01,9.7369755277120298e+00,8.0989884286248799e+00,1.4306957977314772e+01,1.2875833182012610e+01,9.1635933925242945e+00,1.2875833182012610e+01,5.0774612105909620e+00,1.8981348518366710e+00,8.0989884286248799e+00,1.2875833182012610e+01,1.2617340139716250e+01,9.7369755277120298e+00,5.0774612105909620e+00,1.0845199134192530e+01,1.0845199134192530e+01,7.2236835166244164e+00,1.0845199134192530e+01,1.0845199134192530e+01,3.1640570101555183e+00,1.0088027364521102e+00,5.0695924850224472e+00,1.0845199134192530e+01,5.0695924850224472e+00,1.0845199134192530e+01,1.0845199134192530e+01,1.0088027364521102e+00,1.4306957977314772e+01,1.0088027364521102e+00,9.1635933925242945e+00,5.0774612105909620e+00,1.0845199134192530e+01,1.0845199134192530e+01,1.0845199134192530e+01,1.2875833182012610e+01,1.4306957977314772e+01,1.4306957977314772e+01,1.0845199134192530e+01,8.0989884286248799e+00,7.2236835166244164e+00,7.2236835166244164e+00,3.1640570101555183e+00,1.0845199134192530e+01,8.0989884286248799e+00,8.0989884286248799e+00,1.0845199134192530e+01,1.2875833182012610e+01,9.7369755277120298e+00,0.0000000000000000e+00,1.0088027364521102e+00,1.0845199134192530e+01,1.2617340139716250e+01,1.2617340139716250e+01,1.0845199134192530e+01,1.2617340139716250e+01,7.2236835166244164e+00,7.2236835166244164e+00,1.0845199134192530e+01,7.2236835166244164e+00,1.0845199134192530e+01,7.2236835166244164e+00,7.2236835166244164e+00,1.0845199134192530e+01,3.8060948145375839e+00,1.2617340139716250e+01,1.8981348518366710e+00,3.8060948145375839e+00,1.0845199134192530e+01,3.1640570101555183e+00,5.0774612105909620e+00,1.2617340139716250e+01,6.3190625689296338e+00,1.2875833182012610e+01,3.8060948145375839e+00,1.8981348518366710e+00,9.7369755277120298e+00,1.2875833182012610e+01,1.2875833182012610e+01,1.0845199134192530e+01,5.0695924850224472e+00,9.1635933925242945e+00,9.1635933925242945e+00,5.0695924850224472e+00,7.2236835166244164e+00,6.3190625689296338e+00,1.2875833182012610e+01,3.8060948145375839e+00,7.2236835166244164e+00,1.0088027364521102e+00,0.0000000000000000e+00,5.0774612105909620e+00,1.4306957977314772e+01,3.1640570101555183e+00,6.3190625689296338e+00,3.8060948145375839e+00,3.8060948145375839e+00,9.7369755277120298e+00,7.2236835166244164e+00,1.2875833182012610e+01,1.2617340139716250e+01,1.0088027364521102e+00,1.2617340139716250e+01,0.0000000000000000e+00,9.1635933925242945e+00,5.0774612105909620e+00,6.3190625689296338e+00,0.0000000000000000e+00,9.1635933925242945e+00,1.0845199134192530e+01,1.2875833182012610e+01,1.2617340139716250e+01,7.2236835166244164e+00,1.2617340139716250e+01,1.0845199134192530e+01,1.2875833182012610e+01,5.0695924850224472e+00,9.7369755277120298e+00,9.1635933925242945e+00,9.7369755277120298e+00,9.7369755277120298e+00,5.0774612105909620e+00,1.4306957977314772e+01,1.4306957977314772e+01,1.8981348518366710e+00,0.0000000000000000e+00,1.2875833182012610e+01,8.0989884286248799e+00,1.2617340139716250e+01,9.7369755277120298e+00,1.2617340139716250e+01,5.0774612105909620e+00,1.0845199134192530e+01,7.2236835166244164e+00,5.0695924850224472e+00,1.4306957977314772e+01,5.0774612105909620e+00,1.4306957977314772e+01,1.4306957977314772e+01,1.2617340139716250e+01,6.3190625689296338e+00,1.4306957977314772e+01,0.0000000000000000e+00,1.4306957977314772e+01,1.2875833182012610e+01,1.4306957977314772e+01,5.0695924850224472e+00,1.2617340139716250e+01,1.2875833182012610e+01,1.4306957977314772e+01,5.0695924850224472e+00,1.4306957977314772e+01,1.2617340139716250e+01,5.0695924850224472e+00,1.2617340139716250e+01,1.2617340139716250e+01,0.0000000000000000e+00,1.2875833182012610e+01,1.2875833182012610e+01,1.0845199134192530e+01,3.8060948145375839e+00,1.0088027364521102e+00,1.4306957977314772e+01,3.8060948145375839e+00,9.1635933925242945e+00,1.2875833182012610e+01,6.3190625689296338e+00,1.2875833182012610e+01,5.0695924850224472e+00
0.0000000000000000e+00,0.0000000000000000e+00,0.0000000000000000e+00,0.0000000000000000e+00,0.0000000000000000e+00,0.0000000000000000e+00,0.0000000000000000e+00,0.0000000000000000e+00,0.0000000000000000e+00,0.0000000000000000e+00,0.0000000000000000e+00,0.0000000000000000e+00,0.0000000000000000e+00,0.0000000000000000e+00,0.0000000000000000e+00,0.0000000000000000e+00,0.0000000000000000e+00,0.0000000000000000e+00,0.0000000000000000e+00,0.0000000000000000e+00,0.0000000000000000e+00,0.0000000000000000e+00,0.0000000000000000e+00,0.0000000000000000e+00,0.0000000000000000e+00,0.0000000000000000e+00,0.0000000000000000e+00,0.0000000000000000e+00,0.0000000000000000e+00,0.0000000000000000e+00,0.0000000000000000e+00,0.0000000000000000e+00,0.0000000000000000e+00,0.0000000000000000e+00,0.0000000000000000e+00,0.0000000000000000e+00,0.0000000000000000e+00,0.0000000000000000e+00,0.0000000000000000e+00,0.0000000000000000e+00,0.0000000000000000e+00,0.0000000000000000e+00,0.0000000000000000e+00,0.0000000000000000e+00,0.0000000000000000e+00,0.0000000000000000e+00,0.0000000000000000e+00,0.0000000000000000e+00,0.0000000000000000e+00,0.0000000000000000e+00,0.0000000000000000e+00,0.0000000000000000e+00,0.0000000000000000e+00,0.0000000000000000e+00,0.0000000000000000e+00,0.0000000000000000e+00,0.0000000000000000e+00,0.0000000000000000e+00,0.0000000000000000e+00,0.0000000000000000e+00,0.0000000000000000e+00,0.0000000000000000e+00,0.0000000000000000e+00,0.0000000000000000e+00,0.0000000000000000e+00,0.0000000000000000e+00,0.0000000000000000e+00,0.0000000000000000e+00,0.0000000000000000e+00,0.0000000000000000e+00,0.0000000000000000e+00,0.0000000000000000e+00,0.0000000000000000e+00,0.0000000000000000e+00,0.0000000000000000e+00,0.0000000000000000e+00,0.0000000000000000e+00,0.0000000000000000e+00,0.0000000000000000e+00,0.0000000000000000e+00,0.0000000000000000e+00,0.0000000000000000e+00,0.0000000000000000e+00,0.0000000000000000e+00,0.0000000000000000e+00,0.0000000000000000e+00,0.0000000000000000e+00,0.0000000000000000e+00,0.0000000000000000e+00,0.0000000000000000e+00,0.0000000000000000e+00,0.0000000000000000e+00,0.0000000000000000e+00,0.0000000000000000e+00,0.0000000000000000e+00,0.0000000000000000e+00,0.0000000000000000e+00,0.0000000000000000e+00,0.0000000000000000e+00,0.0000000000000000e+00,0.0000000000000000e+00,0.0000000000000000e+00,0.0000000000000000e+00,0.0000000000000000e+00,0.0000000000000000e+00,0.0000000000000000e+00,0.0000000000000000e+00,0.0000000000000000e+00,0.0000000000000000e+00,0.0000000000000000e+00,0.0000000000000000e+00,0.0000000000000000e+00,0.0000000000000000e+00,0.0000000000000000e+00,0.0000000000000000e+00,0.0000000000000000e+00,0.0000000000000000e+00,0.0000000000000000e+00,0.0000000000000000e+00,0.0000000000000000e+00,0.0000000000000000e+00,0.0000000000000000e+00,0.0000000000000000e+00,0.0000000000000000e+00,0.0000000000000000e+00,0.0000000000000000e+00,0.0000000000000000e+00,0.0000000000000000e+00,0.0000000000000000e+00,0.0000000000000000e+00,0.0000000000000000e+00,0.0000000000000000e+00,0.0000000000000000e+00,0.0000000000000000e+00,0.0000000000000000e+00,0.0000000000000000e+00,0.0000000000000000e+00,0.0000000000000000e+00,0.0000000000000000e+00,0.0000000000000000e+00,0.0000000000000000e+00,0.0000000000000000e+00,0.0000000000000000e+00,0.0000000000000000e+00,0.0000000000000000e+00,0.0000000000000000e+00,0.0000000000000000e+00,0.0000000000000000e+00,0.0000000000000000e+00,0.0000000000000000e+00,0.0000000000000000e+00,0.0000000000000000e+00,0.0000000000000000e+00,0.0000000000000000e+00,0.0000000000000000e+00,0.0000000000000000e+00,0.0000000000000000e+00,0.0000000000000000e+00,0.0000000000000000e+00,0.0000000000000000e+00,0.0000000000000000e+00,0.0000000000000000e+00,0.0000000000000000e+00,0.0000000000000000e+00,0.0000000000000000e+00,0.0000000000000000e+00,0.0000000000000000e+00,0.0000000000000000e+00,0.0000000000000000e+00,0.0000000000000000e+00,0.0000000000000000e+00,0.0000000000000000e+00,0.0000000000000000e+00,0.0000000000000000e+00,0.0000000000000000e+00,0.0000000000000000e+00,0.0000000000000000e+00,0.0000000000000000e+00,0.0000000000000000e+00,0.0000000000000000e+00,0.0000000000000000e+00,0.0000000000000000e+00,0.0000000000000000e+00,0.0000000000000000e+00,0.0000000000000000e+00,0.0000000000000000e+00,0.0000000000000000e+00,0.0000000000000000e+00,0.0000000000000000e+00,0.0000000000000000e+00,0.0000000000000000e+00,0.0000000000000000e+00,0.0000000000000000e+00,0.0000000000000000e+00,0.0000000000000000e+00,0.0000000000000000e+00,0.0000000000000000e+00,0.0000000000000000e+00,0.0000000000000000e+00,0.0000000000000000e+00,0.0000000000000000e+00,0.0000000000000000e+00,0.0000000000000000e+00,0.0000000000000000e+00,0.0000000000000000e+00,0.0000000000000000e+00,0.0000000000000000e+00,0.0000000000000000e+00,0.0000000000000000e+00,0.0000000000000000e+00,0.0000000000000000e+00,0.0000000000000000e+00,0.0000000000000000e+00,0.0000000000000000e+00,0.0000000000000000e+00,0.0000000000000000e+00,0.0000000000000000e+00,0.0000000000000000e+00,0.0000000000000000e+00,0.0000000000000000e+00,0.0000000000000000e+00,0.0000000000000000e+00,0.0000000000000000e+00,0.0000000000000000e+00,0.0000000000000000e+00,0.0000000000000000e+00,0.0000000000000000e+00,0.0000000000000000e+00,0.0000000000000000e+00,0.0000000000000000e+00,0.0000000000000000e+00,0.0000000000000000e+00,0.0000000000000000e+00,0.0000000000000000e+00,0.0000000000000000e+00,0.0000000000000000e+00,0.0000000000000000e+00,0.0000000000000000e+00,0.0000000000000000e+00,0.0000000000000000e+00,0.0000000000000000e+00,0.0000000000000000e+00,0.0000000000000000e+00,0.0000000000000000e+00,0.0000000000000000e+00,0.0000000000000000e+00,0.0000000000000000e+00,0.0000000000000000e+00,0.0000000000000000e+00,0.0000000000000000e+00,0.0000000000000000e+00,0.0000000000000000e+00,0.0000000000000000e+00,0.0000000000000000e+00,0.0000000000000000e+00,0.0000000000000000e+00,0.0000000000000000e+00,0.0000000000000000e+00,0.0000000000000000e+00,0.0000000000000000e+00,0.0000000000000000e+00,0.0000000000000000e+00,0.0000000000000000e+00,0.0000000000000000e+00,0.0000000000000000e+00,0.0000000000000000e+00,0.0000000000000000e+00,0.0000000000000000e+00,0.0000000000000000e+00,0.0000000000000000e+00,0.0000000000000000e+00,0.0000000000000000e+00,0.0000000000000000e+00,0.0000000000000000e+00,0.0000000000000000e+00,0.0000000000000000e+00,0.0000000000000000e+00,0.0000000000000000e+00,0.0000000000000000e+00,0.0000000000000000e+00,0.0000000000000000e+00,0.0000000000000000e+00,0.0000000000000000e+00,0.0000000000000000e+00,0.0000000000000000e+00,0.0000000000000000e+00,0.0000000000000000e+00,0.0000000000000000e+00,0.0000000000000000e+00,0.0000000000000000e+00,0.0000000000000000e+00,0.0000000000000000e+00,0.0000000000000000e+00,0.0000000000000000e+00,0.0000000000000000e+00,0.0000000000000000e+00,0.0000000000000000e+00,0.0000000000000000e+00,0.0000000000000000e+00,0.0000000000000000e+00,0.0000000000000000e+00,0.0000000000000000e+00,0.0000000000000000e+00,0.0000000000000000e+00,0.0000000000000000e+00,0.0000000000000000e+00,0.0000000000000000e+00,0.0000000000000000e+00,0.0000000000000000e+00,0.0000000000000000e+00,0.0000000000000000e+00,0.0000000000000000e+00,0.0000000000000000e+00,0.0000000000000000e+00,0.0000000000000000e+00,0.0000000000000000e+00,0.0000000000000000e+00,0.0000000000000000e+00,0.0000000000000000e+00,0.0000000000000000e+00,0.0000000000000000e+00,0.0000000000000000e+00,0.0000000000000000e+00,0.0000000000000000e+00,0.0000000000000000e+00,0.0000000000000000e+00,0.0000000000000000e+00,0.0000000000000000e+00,0.0000000000000000e+00,0.0000000000000000e+00,0.0000000000000000e+00,0.0000000000000000e+00,0.0000000000000000e+00,0.0000000000000000e+00,0.0000000000000000e+00,0.0000000000000000e+00,0.0000000000000000e+00,0.0000000000000000e+00,0.0000000000000000e+00,0.0000000000000000e+00,0.0000000000000000e+00,0.0000000000000000e+00,0.0000000000000000e+00,0.0000000000000000e+00,0.0000000000000000e+00,0.0000000000000000e+00,0.0000000000000000e+00,0.0000000000000000e+00,0.0000000000000000e+00,0.0000000000000000e+00,0.0000000000000000e+00,0.0000000000000000e+00,0.0000000000000000e+00,0.0000000000000000e+00,0.0000000000000000e+00,0.0000000000000000e+00,0.0000000000000000e+00,0.0000000000000000e+00,0.0000000000000000e+00,0.0000000000000000e+00,0.0000000000000000e+00,0.0000000000000000e+00,0.0000000000000000e+00,0.0000000000000000e+00,0.0000000000000000e+00,0.0000000000000000e+00,0.0000000000000000e+00,0.0000000000000000e+00,0.0000000000000000e+00,0.0000000000000000e+00,0.0000000000000000e+00,0.0000000000000000e+00,0.0000000000000000e+00,0.0000000000000000e+00,0.0000000000000000e+00,0.0000000000000000e+00,0.0000000000000000e+00,0.0000000000000000e+00,0.0000000000000000e+00,0.0000000000000000e+00,0.0000000000000000e+00,0.0000000000000000e+00,0.0000000000000000e+00,0.0000000000000000e+00,0.0000000000000000e+00,0.0000000000000000e+00,0.0000000000000000e+00,0.0000000000000000e+00,0.0000000000000000e+00,0.0000000000000000e+00,0.0000000000000000e+00,0.0000000000000000e+00,0.0000000000000000e+00,0.0000000000000000e+00,0.0000000000000000e+00,0.0000000000000000e+00,0.0000000000000000e+00,0.0000000000000000e+00,0.0000000000000000e+00,0.0000000000000000e+00,0.0000000000000000e+00,0.0000000000000000e+00,0.0000000000000000e+00,0.0000000000000000e+00,0.0000000000000000e+00,0.0000000000000000e+00,0.0000000000000000e+00,0.0000000000000000e+00,0.0000000000000000e+00,0.0000000000000000e+00,0.0000000000000000e+00,0.0000000000000000e+00,0.0000000000000000e+00,0.0000000000000000e+00,0.0000000000000000e+00,0.0000000000000000e+00,0.0000000000000000e+00,0.0000000000000000e+00,0.0000000000000000e+00,0.0000000000000000e+00,0.0000000000000000e+00,0.0000000000000000e+00,0.0000000000000000e+00,0.0000000000000000e+00,0.0000000000000000e+00,0.0000000000000000e+00,0.0000000000000000e+00,0.0000000000000000e+00,0.0000000000000000e+00,0.0000000000000000e+00,0.0000000000000000e+00,0.0000000000000000e+00,0.0000000000000000e+00,0.0000000000000000e+00,0.0000000000000000e+00,0.0000000000000000e+00,0.0000000000000000e+00,0.0000000000000000e+00,0.0000000000000000e+00,0.0000000000000000e+00,0.0000000000000000e+00,0.0000000000000000e+00,0.0000000000000000e+00,0.0000000000000000e+00,0.0000000000000000e+00,0.0000000000000000e+00,0.0000000000000000e+00,0.0000000000000000e+00,0.0000000000000000e+00,0.0000000000000000e+00,0.0000000000000000e+00,0.0000000000000000e+00,0.0000000000000000e+00,0.0000000000000000e+00,0.0000000000000000e+00,0.0000000000000000e+00,0.0000000000000000e+00,0.0000000000000000e+00,0.0000000000000000e+00,0.0000000000000000e+00,0.0000000000000000e+00,0.0000000000000000e+00,0.0000000000000000e+00,0.0000000000000000e+00,0.0000000000000000e+00,0.0000000000000000e+00,0.0000000000000000e+00,0.0000000000000000e+00,0.0000000000000000e+00,0.0000000000000000e+00,0.0000000000000000e+00,0.0000000000000000e+00,0.0000000000000000e+00,0.0000000000000000e+00,0.0000000000000000e+00,0.0000000000000000e+00,0.0000000000000000e+00,0.0000000000000000e+00,0.0000000000000000e+00,0.0000000000000000e+00,0.0000000000000000e+00,0.0000000000000000e+00,0.0000000000000000e+00,0.0000000000000000e+00,0.0000000000000000e+00,0.0000000000000000e+00,0.0000000000000000e+00,0.0000000000000000e+00,0.0000000000000000e+00,0.0000000000000000e+00,0.0000000000000000e+00,0.0000000000000000e+00,0.0000000000000000e+00,0.0000000000000000e+00,0.0000000000000000e+00,0.0000000000000000e+00,0.0000000000000000e+00,0.0000000000000000e+00,0.0000000000000000e+00,0.0000000000000000e+00,0.0000000000000000e+00,0.0000000000000000e+00,0.0000000000000000e+00,0.0000000000000000e+00,0.0000000000000000e+00,0.0000000000000000e+00,0.0000000000000000e+00,0.0000000000000000e+00,0.0000000000000000e+00,0.0000000000000000e+00,0.0000000000000000e+00,0.0000000000000000e+00,0.0000000000000000e+00,0.0000000000000000e+00,0.0000000000000000e+00,0.0000000000000000e+00,0.0000000000000000e+00,0.0000000000000000e+00,0.0000000000000000e+00,0.0000000000000000e+00,0.0000000000000000e+00,0.0000000000000000e+00,0.0000000000000000e+00,0.0000000000000000e+00,0.0000000000000000e+00,0.0000000000000000e+00,0.0000000000000000e+00,0.0000000000000000e+00,0.0000000000000000e+00,0.0000000000000000e+00,0.0000000000000000e+00,0.0000000000000000e+00,0.0000000000000000e+00,0.0000000000000000e+00,0.0000000000000000e+00,0.0000000000000000e+00,0.0000000000000000e+00,0.0000000000000000e+00,0.0000000000000000e+00,0.0000000000000000e+00,0.0000000000000000e+00,0.0000000000000000e+00,0.0000000000000000e+00,0.0000000000000000e+00,0.0000000000000000e+00,0.0000000000000000e+00,0.0000000000000000e+00,0.0000000000000000e+00,0.0000000000000000e+00,0.0000000000000000e+00,0.0000000000000000e+00,0.0000000000000000e+00,0.0000000000000000e+00,0.0000000000000000e+00,0.0000000000000000e+00,0.0000000000000000e+00,0.0000000000000000e+00,0.0000000000000000e+00,0.0000000000000000e+00,0.0000000000000000e+00,0.0000000000000000e+00,0.0000000000000000e+00,0.0000000000000000e+00,0.0000000000000000e+00,0.0000000000000000e+00,0.0000000000000000e+00,0.0000000000000000e+00,0.0000000000000000e+00,0.0000000000000000e+00,0.0000000000000000e+00,0.0000000000000000e+00,0.0000000000000000e+00,0.0000000000000000e+00,0.0000000000000000e+00,0.0000000000000000e+00,0.0000000000000000e+00,0.0000000000000000e+00,0.0000000000000000e+00,0.0000000000000000e+00,0.0000000000000000e+00,0.0000000000000000e+00,0.0000000000000000e+00,0.0000000000000000e+00,0.0000000000000000e+00,0.0000000000000000e+00,0.0000000000000000e+00,0.0000000000000000e+00,0.0000000000000000e+00,0.0000000000000000e+00,0.0000000000000000e+00,0.0000000000000000e+00,0.0000000000000000e+00,0.0000000000000000e+00,0.0000000000000000e+00,0.0000000000000000e+00,0.0000000000000000e+00,0.0000000000000000e+00,0.0000000000000000e+00,0.0000000000000000e+00,0.0000000000000000e+00,0.0000000000000000e+00,0.0000000000000000e+00,0.0000000000000000e+00,0.0000000000000000e+00,0.0000000000000000e+00,0.0000000000000000e+00,0.0000000000000000e+00,0.0000000000000000e+00,0.0000000000000000e+00,0.0000000000000000e+00,0.0000000000000000e+00,0.0000000000000000e+00,0.0000000000000000e+00,0.0000000000000000e+00,0.0000000000000000e+00,0.0000000000000000e+00,0.0000000000000000e+00,0.0000000000000000e+00,0.0000000000000000e+00,0.0000000000000000e+00,0.0000000000000000e+00,0.0000000000000000e+00,0.0000000000000000e+00,0.0000000000000000e+00,0.0000000000000000e+00,0.0000000000000000e+00,0.0000000000000000e+00,0.0000000000000000e+00,0.0000000000000000e+00,0.0000000000000000e+00,0.0000000000000000e+00,0.0000000000000000e+00,0.0000000000000000e+00,0.0000000000000000e+00,0.0000000000000000e+00,0.0000000000000000e+00,0.0000000000000000e+00,0.0000000000000000e+00,0.0000000000000000e+00,0.0000000000000000e+00,0.0000000000000000e+00,0.0000000000000000e+00,0.0000000000000000e+00,0.0000000000000000e+00,0.0000000000000000e+00,0.0000000000000000e+00,0.0000000000000000e+00,0.0000000000000000e+00,0.0000000000000000e+00,0.0000000000000000e+00,0.0000000000000000e+00,0.0000000000000000e+00,0.0000000000000000e+00,0.0000000000000000e+00,0.0000000000000000e+00,0.0000000000000000e+00,0.0000000000000000e+00,0.0000000000000000e+00,0.0000000000000000e+00,0.0000000000000000e+00,0.0000000000000000e+00,0.0000000000000000e+00,0.0000000000000000e+00,0.0000000000000000e+00,0.0000000000000000e+00,0.0000000000000000e+00,0.0000000000000000e+00,0.0000000000000000e+00,0.0000000000000000e+00,0.0000000000000000e+00,0.0000000000000000e+00,0.0000000000000000e+00,0.0000000000000000e+00,0.0000000000000000e+00,0.0000000000000000e+00,0.0000000000000000e+00,0.0000000000000000e+00,0.0000000000000000e+00,0.0000000000000000e+00,0.0000000000000000e+00,0.0000000000000000e+00,0.0000000000000000e+00,0.0000000000000000e+00,0.0000000000000000e+00,0.0000000000000000e+00,0.0000000000000000e+00,0.0000000000000000e+00,0.0000000000000000e+00,0.0000000000000000e+00,0.0000000000000000e+00,0.0000000000000000e+00,0.0000000000000000e+00,0.0000000000000000e+00,0.0000000000000000e+00,0.0000000000000000e+00,0.0000000000000000e+00,0.0000000000000000e+00,0.0000000000000000e+00,0.0000000000000000e+00,0.0000000000000000e+00,0.0000000000000000e+00,0.0000000000000000e+00,0.0000000000000000e+00,0.0000000000000000e+00,0.0000000000000000e+00,0.0000000000000000e+00,0.0000000000000000e+00,0.0000000000000000e+00,0.0000000000000000e+00,0.0000000000000000e+00,0.0000000000000000e+00,0.0000000000000000e+00,0.0000000000000000e+00,0.0000000000000000e+00,0.0000000000000000e+00,0.0000000000000000e+00,0.0000000000000000e+00,0.0000000000000000e+00,0.0000000000000000e+00,0.0000000000000000e+00,0.0000000000000000e+00,0.0000000000000000e+00,0.0000000000000000e+00,0.0000000000000000e+00,0.0000000000000000e+00,0.0000000000000000e+00,0.0000000000000000e+00,0.0000000000000000e+00,0.0000000000000000e+00,0.0000000000000000e+00,0.0000000000000000e+00,0.0000000000000000e+00,0.0000000000000000e+00,0.0000000000000000e+00,0.0000000000000000e+00,0.0000000000000000e+00,0.0000000000000000e+00,0.0000000000000000e+00,0.0000000000000000e+00,0.0000000000000000e+00,0.0000000000000000e+00,0.0000000000000000e+00,0.0000000000000000e+00,0.0000000000000000e+00,0.0000000000000000e+00,0.0000000000000000e+00,0.0000000000000000e+00,0.0000000000000000e+00,0.0000000000000000e+00,0.0000000000000000e+00,0.0000000000000000e+00,0.0000000000000000e+00,0.0000000000000000e+00,0.0000000000000000e+00,0.0000000000000000e+00,0.0000000000000000e+00,0.0000000000000000e+00,0.0000000000000000e+00,0.0000000000000000e+00,0.0000000000000000e+00,0.0000000000000000e+00,0.0000000000000000e+00,0.0000000000000000e+00,0.0000000000000000e+00,0.0000000000000000e+00,0.0000000000000000e+00,0.0000000000000000e+00,0.0000000000000000e+00,0.0000000000000000e+00,0.0000000000000000e+00,0.0000000000000000e+00,0.0000000000000000e+00,0.0000000000000000e+00,0.0000000000000000e+00,0.0000000000000000e+00,0.0000000000000000e+00,0.0000000000000000e+00,0.0000000000000000e+00,0.0000000000000000e+00,0.0000000000000000e+00,0.0000000000000000e+00,0.0000000000000000e+00,0.0000000000000000e+00,0.0000000000000000e+00,0.0000000000000000e+00,0.0000000000000000e+00,0.0000000000000000e+00,0.0000000000000000e+00,0.0000000000000000e+00,0.0000000000000000e+00,0.0000000000000000e+00,0.0000000000000000e+00,0.0000000000000000e+00,0.0000000000000000e+00,0.0000000000000000e+00,0.0000000000000000e+00,0.0000000000000000e+00,0.0000000000000000e+00,0.0000000000000000e+00,0.0000000000000000e+00,0.0000000000000000e+00,0.0000000000000000e+00,0.0000000000000000e+00,0.0000000000000000e+00,0.0000000000000000e+00,0.0000000000000000e+00,0.0000000000000000e+00,0.0000000000000000e+00,0.0000000000000000e+00,0.0000000000000000e+00,0.0000000000000000e+00,0.0000000000000000e+00,0.0000000000000000e+00,0.0000000000000000e+00,0.0000000000000000e+00,0.0000000000000000e+00,0.0000000000000000e+00,0.0000000000000000e+00,0.0000000000000000e+00,0.0000000000000000e+00,0.0000000000000000e+00,0.0000000000000000e+00,0.0000000000000000e+00,0.0000000000000000e+00,0.0000000000000000e+00,0.0000000000000000e+00,0.0000000000000000e+00,0.0000000000000000e+00,0.0000000000000000e+00,0.0000000000000000e+00,0.0000000000000000e+00,0.0000000000000000e+00,0.0000000000000000e+00,0.0000000000000000e+00,0.0000000000000000e+00,0.0000000000000000e+00,0.0000000000000000e+00,0.0000000000000000e+00,0.0000000000000000e+00,0.0000000000000000e+00,0.0000000000000000e+00,0.0000000000000000e+00,0.0000000000000000e+00,0.0000000000000000e+00,0.0000000000000000e+00,0.0000000000000000e+00,0.0000000000000000e+00,0.0000000000000000e+00,0.0000000000000000e+00,0.0000000000000000e+00,0.0000000000000000e+00,0.0000000000000000e+00,0.0000000000000000e+00,0.0000000000000000e+00,0.0000000000000000e+00,0.0000000000000000e+00,0.0000000000000000e+00,0.0000000000000000e+00,0.0000000000000000e+00,0.0000000000000000e+00,0.0000000000000000e+00,0.0000000000000000e+00,0.0000000000000000e+00,0.0000000000000000e+00,0.0000000000000000e+00,0.0000000000000000e+00,0.0000000000000000e+00,0.0000000000000000e+00,0.0000000000000000e+00,0.0000000000000000e+00,0.0000000000000000e+00,0.0000000000000000e+00,0.0000000000000000e+00,0.0000000000000000e+00,0.0000000000000000e+00,0.0000000000000000e+00,0.0000000000000000e+00,0.0000000000000000e+00,0.0000000000000000e+00,0.0000000000000000e+00,0.0000000000000000e+00,0.0000000000000000e+00,0.0000000000000000e+00,0.0000000000000000e+00,0.0000000000000000e+00,0.0000000000000000e+00,0.0000000000000000e+00,0.0000000000000000e+00,0.0000000000000000e+00,0.0000000000000000e+00,0.0000000000000000e+00,0.0000000000000000e+00,0.0000000000000000e+00,0.0000000000000000e+00,0.0000000000000000e+00,0.0000000000000000e+00,0.0000000000000000e+00,0.0000000000000000e+00,0.0000000000000000e+00,0.0000000000000000e+00,0.0000000000000000e+00,0.0000000000000000e+00,0.0000000000000000e+00,0.0000000000000000e+00,0.0000000000000000e+00,0.0000000000000000e+00,0.0000000000000000e+00,0.0000000000000000e+00,0.0000000000000000e+00,0.0000000000000000e+00,0.0000000000000000e+00,0.0000000000000000e+00,0.0000000000000000e+00,0.0000000000000000e+00,0.0000000000000000e+00,0.0000000000000000e+00,0.0000000000000000e+00,0.0000000000000000e+00,0.0000000000000000e+00,0.0000000000000000e+00,0.0000000000000000e+00,0.0000000000000000e+00,0.0000000000000000e+00,0.0000000000000000e+00,0.0000000000000000e+00,0.0000000000000000e+00,0.0000000000000000e+00,0.0000000000000000e+00,0.0000000000000000e+00,0.0000000000000000e+00,0.0000000000000000e+00,0.0000000000000000e+00,0.0000000000000000e+00,0.0000000000000000e+00,0.0000000000000000e+00,0.0000000000000000e+00,0.0000000000000000e+00,0.0000000000000000e+00,0.0000000000000000e+00,0.0000000000000000e+00,0.0000000000000000e+00,0.0000000000000000e+00,0.0000000000000000e+00,0.0000000000000000e+00,0.0000000000000000e+00,0.0000000000000000e+00,0.0000000000000000e+00,0.0000000000000000e+00,0.0000000000000000e+00,0.0000000000000000e+00,0.0000000000000000e+00,0.0000000000000000e+00,0.0000000000000000e+00,0.0000000000000000e+00,0.0000000000000000e+00,0.0000000000000000e+00,0.0000000000000000e+00,0.0000000000000000e+00,0.0000000000000000e+00,0.0000000000000000e+00,0.0000000000000000e+00,0.0000000000000000e+00,0.0000000000000000e+00,0.0000000000000000e+00,0.0000000000000000e+00,0.0000000000000000e+00,0.0000000000000000e+00,0.0000000000000000e+00,0.0000000000000000e+00,0.0000000000000000e+00,0.0000000000000000e+00,0.0000000000000000e+00,0.0000000000000000e+00,0.0000000000000000e+00,0.0000000000000000e+00,0.0000000000000000e+00,0.0000000000000000e+00,0.0000000000000000e+00,0.0000000000000000e+00,0.0000000000000000e+00,0.0000000000000000e+00,0.0000000000000000e+00,0.0000000000000000e+00,0.0000000000000000e+00,0.0000000000000000e+00,0.0000000000000000e+00,0.0000000000000000e+00,0.0000000000000000e+00,0.0000000000000000e+00,0.0000000000000000e+00,0.0000000000000000e+00,0.0000000000000000e+00,0.0000000000000000e+00,0.0000000000000000e+00,0.0000000000000000e+00,0.0000000000000000e+00,0.0000000000000000e+00,0.0000000000000000e+00,0.0000000000000000e+00,0.0000000000000000e+00
1.2526737629031505e+01,1.2526737629031505e+01,1.2526737629031505e+01,2.7771075385336839e+00,1.2526737629031505e+01,0.0000000000000000e+00,1.2526737629031505e+01,1.2526737629031505e+01,2.7771075385336839e+00,1.2526737629031505e+01,1.2526737629031505e+01,1.2526737629031505e+01,1.2526737629031505e+01,1.2526737629031505e+01,4.0111336859418669e+00,1.2526737629031505e+01,0.0000000000000000e+00,8.8398276691752975e-01,2.7771075385336839e+00,1.2526737629031505e+01,0.0000000000000000e+00,1.2526737629031505e+01,1.2526737629031505e+01,1.2526737629031505e+01,1.2526737629031505e+01,1.2526737629031505e+01,4.6284890518404804e+00,1.2526737629031505e+01,8.3303201456627463e+00,4.0111336859418669e+00,4.0111336859418669e+00,0.0000000000000000e+00,1.8657544663505816e+00,1.0145235311761670e+01,1.8657544663505816e+00,8.8398276691752975e-01,4.6284890518404804e+00,1.0428059154933649e+01,1.2526737629031505e+01,1.0145235311761670e+01,1.2526737629031505e+01,1.2526737629031505e+01,8.8398276691752975e-01,1.8657544663505816e+00,1.0145235311761670e+01,4.6284890518404804e+00,1.2526737629031505e+01,4.6284890518404804e+00,4.6284890518404804e+00,1.0428059154933649e+01,8.8398276691752975e-01,5.7739056802667434e+00,0.0000000000000000e+00,4.6284890518404804e+00,4.6284890518404804e+00,1.0145235311761670e+01,5.7739056802667434e+00,1.2526737629031505e+01,5.7739056802667434e+00,1.2526737629031505e+01,4.6284890518404804e+00,1.3213376550521186e+01,1.3213376550521186e+01,1.2526737629031505e+01,1.2526737629031505e+01,1.2519373170040236e+01,1.2526737629031505e+01,1.2526737629031505e+01,1.2526737629031505e+01,1.2519373170040236e+01,1.3213376550521186e+01,1.3213376550521186e+01,7.9484069166199056e+00,8.3303201456627463e+00,1.0145235311761670e+01,7.9484069166199056e+00,2.7771075385336839e+00,1.0145235311761670e+01,7.9484069166199056e+00,1.2526737629031505e+01,7.1912945321564186e+00,8.3303201456627463e+00,8.3303201456627463e+00,8.3303201456627463e+00,1.3213376550521186e+01,1.3213376550521186e+01,6.9112228744311572e+00,1.0145235311761670e+01,4.0111336859418669e+00,1.2519373170040236e+01,5.7739056802667434e+00,7.9484069166199056e+00,1.0145235311761670e+01,1.0145235311761670e+01,1.0428059154933649e+01,8.8398276691752975e-01,1.0145235311761670e+01,1.0145235311761670e+01,1.0145235311761670e+01,1.2526737629031505e+01,1.0145235311761670e+01,1.0145235311761670e+01,1.3213376550521186e+01,1.2526737629031505e+01,8.3303201456627463e+00,4.6284890518404804e+00,1.3213376550521186e+01,1.3213376550521186e+01,7.9484069166199056e+00,1.2526737629031505e+01,1.2526737629031505e+01,1.2526737629031505e+01,1.3213376550521186e+01,4.6284890518404804e+00,1.0145235311761670e+01,1.0145235311761670e+01,1.2526737629031505e+01,1.2526737629031505e+01,1.2526737629031505e+01,1.0145235311761670e+01,7.9484069166199056e+00,7.9484069166199056e+00,1.2526737629031505e+01,6.9112228744311572e+00,1.0145235311761670e+01,1.0145235311761670e+01,1.0145235311761670e+01,8.3303201456627463e+00,1.3213376550521186e+01,8.8398276691752975e-01,4.0111336859418669e+00,4.0111336859418669e+00,7.1912945321564186e+00,6.9112228744311572e+00,7.1912945321564186e+00,1.2526737629031505e+01,6.9112228744311572e+00,1.0428059154933649e+01,7.9484069166199056e+00,1.8657544663505816e+00,7.9484069166199056e+00,1.0145235311761670e+01,8.3303201456627463e+00,1.2519373170040236e+01,1.2526737629031505e+01,1.2526737629031505e+01,1.0145235311761670e+01,1.2519373170040236e+01,1.2519373170040236e+01,8.8398276691752975e-01,1.2526737629031505e+01,1.0145235311761670e+01,1.3213376550521186e+01,1.2526737629031505e+01,1.3213376550521186e+01,2.7771075385336839e+00,8.3303201456627463e+00,7.1912945321564186e+00,4.6284890518404804e+00,4.6284890518404804e+00,7.9484069166199056e+00,7.1912945321564186e+00,1.2526737629031505e+01,1.0145235311761670e+01,8.3303201456627463e+00,1.0145235311761670e+01,1.2526737629031505e+01,7.1912945321564186e+00,8.3303201456627463e+00,1.2526737629031505e+01,1.0428059154933649e+01,1.0145235311761670e+01,2.7771075385336839e+00,1.2526737629031505e+01,1.2526737629031505e+01,1.2526737629031505e+01,0.0000000000000000e+00,1.2526737629031505e+01,2.7771075385336839e+00,1.2519373170040236e+01,5.7739056802667434e+00,1.0428059154933649e+01,7.9484069166199056e+00,2.7771075385336839e+00,1.0145235311761670e+01,7.9484069166199056e+00,6.9112228744311572e+00,1.0145235311761670e+01,1.2526737629031505e+01,1.2526737629031505e+01,1.0428059154933649e+01,1.0428059154933649e+01,5.7739056802667434e+00,1.3213376550521186e+01,1.3213376550521186e+01,1.3213376550521186e+01,8.8398276691752975e-01,5.7739056802667434e+00,8.8398276691752975e-01,5.7739056802667434e+00,7.9484069166199056e+00,5.7739056802667434e+00,6.9112228744311572e+00,6.9112228744311572e+00,1.3213376550521186e+01,4.0111336859418669e+00,4.0111336859418669e+00,1.3213376550521186e+01,4.0111336859418669e+00,4.0111336859418669e+00,2.7771075385336839e+00,1.0145235311761670e+01,1.2526737629031505e+01,1.2526737629031505e+01,1.0145235311761670e+01,1.2526737629031505e+01,7.9484069166199056e+00,1.0145235311761670e+01,1.2526737629031505e+01,4.0111336859418669e+00,7.9484069166199056e+00,1.2519373170040236e+01,5.7739056802667434e+00,1.2526737629031505e+01,2.7771075385336839e+00,5.7739056802667434e+00,7.1912945321564186e+00,1.2526737629031505e+01,1.0145235311761670e+01,1.2526737629031505e+01,1.2526737629031505e+01,1.2526737629031505e+01,1.2526737629031505e+01,1.0428059154933649e+01,4.6284890518404804e+00,7.1912945321564186e+00,5.7739056802667434e+00,5.7739056802667434e+00,6.9112228744311572e+00,1.2526737629031505e+01,7.1912945321564186e+00,1.2526737629031505e+01,1.2526737629031505e+01,1.2519373170040236e+01,1.0145235311761670e+01,1.2526737629031505e+01,7.9484069166199056e+00,1.2526737629031505e+01,4.6284890518404804e+00,1.2526737629031505e+01,5.7739056802667434e+00,8.8398276691752975e-01,6.9112228744311572e+00,1.8657544663505816e+00,1.2526737629031505e+01,8.8398276691752975e-01,1.2526737629031505e+01,1.0145235311761670e+01,1.0145235311761670e+01,7.1912945321564186e+00,1.0145235311761670e+01,4.0111336859418669e+00,7.1912945321564186e+00,6.9112228744311572e+00,1.8657544663505816e+00,4.6284890518404804e+00,4.6284890518404804e+00,6.9112228744311572e+00,1.0145235311761670e+01,5.7739056802667434e+00,2.7771075385336839e+00,6.9112228744311572e+00,0.0000000000000000e+00,0.0000000000000000e+00,4.6284890518404804e+00,5.7739056802667434e+00,4.0111336859418669e+00,1.2526737629031505e+01,1.2526737629031505e+01,8.8398276691752975e-01,1.0145235311761670e+01,1.2526737629031505e+01,4.6284890518404804e+00,4.0111336859418669e+00,1.2519373170040236e+01,4.0111336859418669e+00,7.9484069166199056e+00,4.0111336859418669e+00,4.0111336859418669e+00,6.9112228744311572e+00,1.0145235311761670e+01,1.0145235311761670e+01,0.0000000000000000e+00,1.3213376550521186e+01,4.6284890518404804e+00,4.6284890518404804e+00,1.2526737629031505e+01,1.2526737629031505e+01,1.2519373170040236e+01,1.2526737629031505e+01,4.0111336859418669e+00,1.2526737629031505e+01,1.2519373170040236e+01,1.2526737629031505e+01,1.2519373170040236e+01,1.2526737629031505e+01,1.2526737629031505e+01,1.2519373170040236e+01,1.2526737629031505e+01,1.2519373170040236e+01,7.9484069166199056e+00,1.2519373170040236e+01,1.2526737629031505e+01,1.2526737629031505e+01,4.0111336859418669e+00,1.2526737629031505e+01,6.9112228744311572e+00,1.2519373170040236e+01,1.2519373170040236e+01,1.2526737629031505e+01,0.0000000000000000e+00,0.0000000000000000e+00,1.2526737629031505e+01,1.2526737629031505e+01,1.2519373170040236e+01,8.8398276691752975e-01,4.6284890518404804e+00,7.9484069166199056e+00,1.8657544663505816e+00,1.2526737629031505e+01,0.0000000000000000e+00,1.2526737629031505e+01,1.0428059154933649e+01,7.9484069166199056e+00,7.9484069166199056e+00,1.2519373170040236e+01,1.8657544663505816e+00,1.2519373170040236e+01,1.2526737629031505e+01,1.2526737629031505e+01,1.2526737629031505e+01,1.2526737629031505e+01,1.2519373170040236e+01,1.2519373170040236e+01,4.0111336859418669e+00,1.8657544663505816e+00,1.0145235311761670e+01,1.2519373170040236e+01,4.0111336859418669e+00,1.3213376550521186e+01,8.3303201456627463e+00,1.0428059154933649e+01,7.9484069166199056e+00,7.9484069166199056e+00,4.0111336859418669e+00,4.6284890518404804e+00,8.3303201456627463e+00,4.0111336859418669e+00,1.0428059154933649e+01,6.9112228744311572e+00,1.2526737629031505e+01,1.0428059154933649e+01,5.7739056802667434e+00,1.2519373170040236e+01,8.3303201456627463e+00,1.2519373170040236e+01,7.9484069166199056e+00,1.2526737629031505e+01,2.7771075385336839e+00,1.2519373170040236e+01,1.2526737629031505e+01,2.7771075385336839e+00,1.0428059154933649e+01,1.0428059154933649e+01,4.0111336859418669e+00,1.2526737629031505e+01,1.2519373170040236e+01,1.0428059154933649e+01,1.2526737629031505e+01,0.0000000000000000e+00,1.2526737629031505e+01,1.2526737629031505e+01,2.7771075385336839e+00,1.2526737629031505e+01,1.2526737629031505e+01,7.9484069166199056e+00,7.9484069166199056e+00,8.3303201456627463e+00,1.2526737629031505e+01,1.0145235311761670e+01,1.0145235311761670e+01,7.1912945321564186e+00,6.9112228744311572e+00,1.2526737629031505e+01,1.2526737629031505e+01,1.2519373170040236e+01,1.2526737629031505e+01,7.9484069166199056e+00,1.2526737629031505e+01,8.3303201456627463e+00,8.3303201456627463e+00,1.2526737629031505e+01,6.9112228744311572e+00,7.9484069166199056e+00,2.7771075385336839e+00,1.2526737629031505e+01,8.8398276691752975e-01,1.2526737629031505e+01,1.2526737629031505e+01,8.8398276691752975e-01,1.2526737629031505e+01,1.2526737629031505e+01,0.0000000000000000e+00,1.2519373170040236e+01,1.0145235311761670e+01,1.2526737629031505e+01,1.2526737629031505e+01,1.2526737629031505e+01,1.3213376550521186e+01,1.2526737629031505e+01,5.7739056802667434e+00,8.3303201456627463e+00,8.8398276691752975e-01,8.3303201456627463e+00,6.9112228744311572e+00,1.0145235311761670e+01,1.3213376550521186e+01,8.3303201456627463e+00,1.0145235311761670e+01,5.7739056802667434e+00,2.7771075385336839e+00,6.9112228744311572e+00,8.3303201456627463e+00,5.7739056802667434e+00,1.8657544663505816e+00,1.2526737629031505e+01,7.1912945321564186e+00,4.0111336859418669e+00,1.0145235311761670e+01,1.2526737629031505e+01,1.0428059154933649e+01,1.2519373170040236e+01,1.2526737629031505e+01,1.2526737629031505e+01,1.0428059154933649e+01,7.9484069166199056e+00,1.0428059154933649e+01,1.2519373170040236e+01,1.2526737629031505e+01,8.3303201456627463e+00,1.3213376550521186e+01,7.9484069166199056e+00,5.7739056802667434e+00,7.9484069166199056e+00,8.8398276691752975e-01,1.2526737629031505e+01,1.2526737629031505e+01,7.9484069166199056e+00,7.9484069166199056e+00,7.9484069166199056e+00,1.3213376550521186e+01,7.9484069166199056e+00,1.3213376550521186e+01,1.3213376550521186e+01,1.2526737629031505e+01,1.3213376550521186e+01,0.0000000000000000e+00,1.2526737629031505e+01,8.3303201456627463e+00,2.7771075385336839e+00,4.0111336859418669e+00,4.0111336859418669e+00,7.9484069166199056e+00,1.8657544663505816e+00,7.9484069166199056e+00,1.8657544663505816e+00,8.8398276691752975e-01,8.3303201456627463e+00,1.8657544663505816e+00,1.8657544663505816e+00,5.7739056802667434e+00,4.0111336859418669e+00,1.2526737629031505e+01,7.1912945321564186e+00,6.9112228744311572e+00,5.7739056802667434e+00,1.2526737629031505e+01,1.0428059154933649e+01,4.6284890518404804e+00,1.2526737629031505e+01,1.0428059154933649e+01,1.0428059154933649e+01,5.7739056802667434e+00,2.7771075385336839e+00,8.3303201456627463e+00,1.0428059154933649e+01,1.2526737629031505e+01,1.3213376550521186e+01,1.3213376550521186e+01,4.0111336859418669e+00,1.0145235311761670e+01,1.3213376550521186e+01,1.3213376550521186e+01,1.0145235311761670e+01,6.9112228744311572e+00,4.0111336859418669e+00,6.9112228744311572e+00,5.7739056802667434e+00,1.0145235311761670e+01,7.1912945321564186e+00,1.8657544663505816e+00,4.6284890518404804e+00,7.1912945321564186e+00,1.2526737629031505e+01,7.1912945321564186e+00,1.2526737629031505e+01,7.9484069166199056e+00,1.2526737629031505e+01,1.0145235311761670e+01,1.2526737629031505e+01,1.2519373170040236e+01,7.9484069166199056e+00,1.3213376550521186e+01,1.2519373170040236e+01,8.3303201456627463e+00,1.2526737629031505e+01,5.7739056802667434e+00,7.1912945321564186e+00,1.2526737629031505e+01,1.0145235311761670e+01,1.8657544663505816e+00,6.9112228744311572e+00,1.0428059154933649e+01,0.0000000000000000e+00,1.0428059154933649e+01,2.7771075385336839e+00,6.9112228744311572e+00,1.2519373170040236e+01,7.9484069166199056e+00,0.0000000000000000e+00,1.0428059154933649e+01,1.0428059154933649e+01,1.2519373170040236e+01,1.0428059154933649e+01,5.7739056802667434e+00,4.6284890518404804e+00,7.9484069166199056e+00,8.3303201456627463e+00,6.9112228744311572e+00,0.0000000000000000e+00,8.3303201456627463e+00,6.9112228744311572e+00,4.6284890518404804e+00,4.6284890518404804e+00,4.6284890518404804e+00,4.0111336859418669e+00,1.2519373170040236e+01,1.0428059154933649e+01,1.3213376550521186e+01,1.3213376550521186e+01,6.9112228744311572e+00,1.0145235311761670e+01,5.7739056802667434e+00,1.2526737629031505e+01,2.7771075385336839e+00,1.2526737629031505e+01,8.3303201456627463e+00,6.9112228744311572e+00,8.3303201456627463e+00,1.2526737629031505e+01,7.1912945321564186e+00,1.2519373170040236e+01,2.7771075385336839e+00,1.2519373170040236e+01,7.9484069166199056e+00,7.9484069166199056e+00,1.0145235311761670e+01,1.0145235311761670e+01,1.0145235311761670e+01,8.8398276691752975e-01,7.9484069166199056e+00,1.0145235311761670e+01,1.0428059154933649e+01,8.3303201456627463e+00,7.1912945321564186e+00,1.0145235311761670e+01,0.0000000000000000e+00,8.3303201456627463e+00,1.2519373170040236e+01,1.0428059154933649e+01,1.0428059154933649e+01,6.9112228744311572e+00,1.0428059154933649e+01,8.8398276691752975e-01,1.0428059154933649e+01,1.0428059154933649e+01,1.0428059154933649e+01,1.0145235311761670e+01,1.0145235311761670e+01,0.0000000000000000e+00,7.1912945321564186e+00,5.7739056802667434e+00,1.2526737629031505e+01,4.0111336859418669e+00,1.0428059154933649e+01,1.0145235311761670e+01,1.0428059154933649e+01,1.0145235311761670e+01,1.3213376550521186e+01,1.0145235311761670e+01,1.2519373170040236e+01,1.8657544663505816e+00,1.3213376550521186e+01,1.2519373170040236e+01,7.1912945321564186e+00,4.6284890518404804e+00,1.3213376550521186e+01,1.8657544663505816e+00,1.0428059154933649e+01,1.2519373170040236e+01,1.3213376550521186e+01,1.8657544663505816e+00,1.3213376550521186e+01,8.8398276691752975e-01,1.3213376550521186e+01,1.0428059154933649e+01,8.3303201456627463e+00,1.3213376550521186e+01,6.9112228744311572e+00,1.3213376550521186e+01,7.1912945321564186e+00,1.3213376550521186e+01,1.0428059154933649e+01,1.2519373170040236e+01,1.2526737629031505e+01,8.8398276691752975e-01,1.2526737629031505e+01,1.2526737629031505e+01,1.2526737629031505e+01,1.0145235311761670e+01,5.7739056802667434e+00,1.0428059154933649e+01,1.0428059154933649e+01,1.2526737629031505e+01,5.7739056802667434e+00,8.3303201456627463e+00,8.3303201456627463e+00,0.0000000000000000e+00,1.2519373170040236e+01,1.2519373170040236e+01,8.3303201456627463e+00,1.2526737629031505e+01,4.6284890518404804e+00,4.6284890518404804e+00,1.2519373170040236e+01,1.3213376550521186e+01,1.3213376550521186e+01,1.3213376550521186e+01,1.3213376550521186e+01,1.2519373170040236e+01,1.0145235311761670e+01,1.2526737629031505e+01,1.2526737629031505e+01,4.0111336859418669e+00,1.2519373170040236e+01,7.1912945321564186e+00,0.0000000000000000e+00,1.0428059154933649e+01,1.3213376550521186e+01,1.2526737629031505e+01,1.2519373170040236e+01,8.3303201456627463e+00,1.2519373170040236e+01,1.3213376550521186e+01,1.3213376550521186e+01,8.8398276691752975e-01,1.3213376550521186e+01,1.2526737629031505e+01,1.0145235311761670e+01,1.3213376550521186e+01,8.8398276691752975e-01,1.0428059154933649e+01,8.3303201456627463e+00,1.2526737629031505e+01,7.1912945321564186e+00,1.2526737629031505e+01,8.3303201456627463e+00,8.3303201456627463e+00,5.7739056802667434e+00,1.2526737629031505e+01,1.2526737629031505e+01,1.0145235311761670e+01,1.0145235311761670e+01,1.0145235311761670e+01,4.0111336859418669e+00,1.2526737629031505e+01,7.9484069166199056e+00,1.2526737629031505e+01,1.2526737629031505e+01,7.1912945321564186e+00,1.2519373170040236e+01,1.2519373170040236e+01,5.7739056802667434e+00,1.0428059154933649e+01,6.9112228744311572e+00,1.0428059154933649e+01,1.8657544663505816e+00,1.2519373170040236e+01,8.3303201456627463e+00,1.2519373170040236e+01,5.7739056802667434e+00,4.6284890518404804e+00,1.2526737629031505e+01,1.2519373170040236e+01,1.2519373170040236e+01,1.2526737629031505e+01,1.8657544663505816e+00,0.0000000000000000e+00,1.2519373170040236e+01,1.2519373170040236e+01,1.2519373170040236e+01,1.2519373170040236e+01,1.2526737629031505e+01,8.8398276691752975e-01,1.2526737629031505e+01,6.9112228744311572e+00,4.0111336859418669e+00,1.3213376550521186e+01,1.2526737629031505e+01,1.2519373170040236e+01,1.2526737629031505e+01,1.2519373170040236e+01,1.0428059154933649e+01,1.2526737629031505e+01,1.3213376550521186e+01,7.1912945321564186e+00,1.2519373170040236e+01,1.8657544663505816e+00,1.2519373170040236e+01,1.3213376550521186e+01,1.2526737629031505e+01,1.2526737629031505e+01,4.6284890518404804e+00,1.3213376550521186e+01,7.9484069166199056e+00,1.3213376550521186e+01,7.9484069166199056e+00,4.0111336859418669e+00,1.2526737629031505e+01,7.9484069166199056e+00,1.2526737629031505e+01,4.0111336859418669e+00,4.0111336859418669e+00,8.8398276691752975e-01,7.9484069166199056e+00,8.8398276691752975e-01,1.0145235311761670e+01,1.0145235311761670e+01,1.8657544663505816e+00,1.3213376550521186e+01,1.8657544663505816e+00,1.2519373170040236e+01,1.2519373170040236e+01,1.2519373170040236e+01,0.0000000000000000e+00,7.1912945321564186e+00,1.2519373170040236e+01,1.3213376550521186e+01,5.7739056802667434e+00,7.1912945321564186e+00,1.2526737629031505e+01,6.9112228744311572e+00,1.3213376550521186e+01,1.2526737629031505e+01,1.3213376550521186e+01,1.2519373170040236e+01,1.2519373170040236e+01,8.8398276691752975e-01,1.2526737629031505e+01,1.2526737629031505e+01,7.9484069166199056e+00,0.0000000000000000e+00,1.0145235311761670e+01,1.0145235311761670e+01,1.3213376550521186e+01,5.7739056802667434e+00,1.0428059154933649e+01,1.2526737629031505e+01,1.0428059154933649e+01,1.2526737629031505e+01,4.6284890518404804e+00,5.7739056802667434e+00,5.7739056802667434e+00,5.7739056802667434e+00,7.9484069166199056e+00,1.2526737629031505e+01,1.0428059154933649e+01,1.2519373170040236e+01,7.9484069166199056e+00,1.3213376550521186e+01,1.2519373170040236e+01,1.3213376550521186e+01,1.3213376550521186e+01,1.3213376550521186e+01,1.2526737629031505e+01,1.3213376550521186e+01,1.3213376550521186e+01,1.2526737629031505e+01,1.2519373170040236e+01,7.9484069166199056e+00,1.3213376550521186e+01,1.3213376550521186e+01,1.0428059154933649e+01,1.3213376550521186e+01,1.3213376550521186e+01,7.9484069166199056e+00,7.9484069166199056e+00,1.2526737629031505e+01,1.3213376550521186e+01,1.3213376550521186e+01,8.8398276691752975e-01,1.8657544663505816e+00,1.2526737629031505e+01,4.0111336859418669e+00,1.0428059154933649e+01,1.2526737629031505e+01,2.7771075385336839e+00,6.9112228744311572e+00,7.9484069166199056e+00,1.0145235311761670e+01,6.9112228744311572e+00,7.9484069166199056e+00,1.3213376550521186e+01,1.0145235311761670e+01,1.3213376550521186e+01,6.9112228744311572e+00,6.9112228744311572e+00,0.0000000000000000e+00,1.3213376550521186e+01,7.9484069166199056e+00,1.2526737629031505e+01,7.9484069166199056e+00,1.2526737629031505e+01,1.3213376550521186e+01,7.9484069166199056e+00,1.0428059154933649e+01,7.9484069166199056e+00,1.0428059154933649e+01,1.3213376550521186e+01,1.2526737629031505e+01,2.7771075385336839e+00,1.8657544663505816e+00,1.0428059154933649e+01,1.2519373170040236e+01,5.7739056802667434e+00,6.9112228744311572e+00,1.0145235311761670e+01,7.9484069166199056e+00,5.7739056802667434e+00,1.2526737629031505e+01,1.0145235311761670e+01,1.2519373170040236e+01,1.2519373170040236e+01,1.3213376550521186e+01,5.7739056802667434e+00,0.0000000000000000e+00,1.3213376550521186e+01,1.0145235311761670e+01,7.1912945321564186e+00,1.0428059154933649e+01,1.2519373170040236e+01,2.7771075385336839e+00,1.2519373170040236e+01,1.2526737629031505e+01,1.2526737629031505e+01,4.0111336859418669e+00,1.2526737629031505e+01,8.8398276691752975e-01,1.0428059154933649e+01,1.3213376550521186e+01,1.3213376550521186e+01,8.8398276691752975e-01,1.8657544663505816e+00,1.0428059154933649e+01,6.9112228744311572e+00,1.0428059154933649e+01,1.0428059154933649e+01,4.6284890518404804e+00,1.0428059154933649e+01,1.0428059154933649e+01,1.3213376550521186e+01,1.3213376550521186e+01,1.3213376550521186e+01,1.8657544663505816e+00,1.2526737629031505e+01,1.2526737629031505e+01,2.7771075385336839e+00,1.8657544663505816e+00,5.7739056802667434e+00,1.0145235311761670e+01,8.8398276691752975e-01,1.3213376550521186e+01,0.0000000000000000e+00,1.0145235311761670e+01,1.0145235311761670e+01,1.0145235311761670e+01,1.0428059154933649e+01,8.8398276691752975e-01,1.0428059154933649e+01,4.0111336859418669e+00,1.3213376550521186e+01,1.0428059154933649e+01,1.3213376550521186e+01,6.9112228744311572e+00,1.2519373170040236e+01,1.2526737629031505e+01,1.2519373170040236e+01,1.3213376550521186e+01,1.2519373170040236e+01,8.8398276691752975e-01,1.3213376550521186e+01,8.8398276691752975e-01,7.1912945321564186e+00,0.0000000000000000e+00,0.0000000000000000e+00,1.3213376550521186e+01,1.2519373170040236e+01,8.8398276691752975e-01,6.9112228744311572e+00,0.0000000000000000e+00,1.3213376550521186e+01,1.3213376550521186e+01,7.1912945321564186e+00,6.9112228744311572e+00,1.2526737629031505e+01,1.3213376550521186e+01,6.9112228744311572e+00,5.7739056802667434e+00,1.0428059154933649e+01,1.0428059154933649e+01,5.7739056802667434e+00,7.9484069166199056e+00,5.7739056802667434e+00,1.8657544663505816e+00,4.6284890518404804e+00,8.8398276691752975e-01,1.2526737629031505e+01,1.0428059154933649e+01,1.2519373170040236e+01,6.9112228744311572e+00,8.3303201456627463e+00,5.7739056802667434e+00,1.3213376550521186e+01,7.9484069166199056e+00,2.7771075385336839e+00,7.1912945321564186e+00,1.3213376550521186e+01,1.2519373170040236e+01,7.1912945321564186e+00,1.2519373170040236e+01,2.7771075385336839e+00,1.3213376550521186e+01,1.3213376550521186e+01,6.9112228744311572e+00,5.7739056802667434e+00,7.1912945321564186e+00,1.2519373170040236e+01,1.2519373170040236e+01,1.2519373170040236e+01,5.7739056802667434e+00,1.2519373170040236e+01,1.2519373170040236e+01,1.2519373170040236e+01,7.9484069166199056e+00,2.7771075385336839e+00,1.2526737629031505e+01,1.2519373170040236e+01,1.0428059154933649e+01,4.6284890518404804e+00,5.7739056802667434e+00,1.2519373170040236e+01,5.7739056802667434e+00,1.0145235311761670e+01,0.0000000000000000e+00,8.3303201456627463e+00,1.0145235311761670e+01,6.9112228744311572e+00,8.8398276691752975e-01,1.0428059154933649e+01,1.2526737629031505e+01,1.3213376550521186e+01,1.2519373170040236e+01,1.3213376550521186e+01,1.8657544663505816e+00,1.2526737629031505e+01,1.2519373170040236e+01,0.0000000000000000e+00,0.0000000000000000e+00,1.0145235311761670e+01,1.0145235311761670e+01
1.2309517733699035e+01,2.7543407034858154e+00,1.2309517733699035e+01,1.2309517733699035e+01,1.2309517733699035e+01,1.1834015121767191e+01,1.1834015121767191e+01,1.2309517733699035e+01,8.6509417927909578e+00,2.7543407034858154e+00,6.7086643699429507e+00,1.2309517733699035e+01,1.1834015121767191e+01,9.9708038015221021e+00,6.7086643699429507e+00,1.2309517733699035e+01,7.1712150135369317e+00,7.1712150135369317e+00,7.1712150135369317e+00,1.8625935399597844e+00,9.9706338964718411e-01,1.2309517733699035e+01,1.2309517733699035e+01,1.8625935399597844e+00,1.2309517733699035e+01,1.4157222059455528e+01,1.1834015121767191e+01,1.8625935399597844e+00,1.1834015121767191e+01,1.4157222059455528e+01,6.7086643699429507e+00,1.4157222059455528e+01,9.9706338964718411e-01,1.4157222059455528e+01,1.4157222059455528e+01,6.7086643699429507e+00,1.4157222059455528e+01,1.0487529080258957e+01,9.9706338964718411e-01,0.0000000000000000e+00,1.1834015121767191e+01,9.9708038015221021e+00,1.0487529080258957e+01,4.5814797509267189e+00,7.1712150135369317e+00,1.1834015121767191e+01,1.2309517733699035e+01,9.9708038015221021e+00,1.4157222059455528e+01,6.7086643699429507e+00,5.1704876571118747e+00,9.9706338964718411e-01,1.4157222059455528e+01,1.1834015121767191e+01,1.1834015121767191e+01,1.1834015121767191e+01,0.0000000000000000e+00,1.1834015121767191e+01,1.1834015121767191e+01,4.5814797509267189e+00,1.2309517733699035e+01,1.2309517733699035e+01,1.1834015121767191e+01,1.2309517733699035e+01,1.1834015121767191e+01,0.0000000000000000e+00,7.1712150135369317e+00,1.1834015121767191e+01,4.5814797509267189e+00,3.7865588635299829e+00,1.1834015121767191e+01,1.2309517733699035e+01,1.1834015121767191e+01,1.2309517733699035e+01,1.2309517733699035e+01,2.7543407034858154e+00,1.1834015121767191e+01,9.9706338964718411e-01,1.2309517733699035e+01,1.2309517733699035e+01,1.4157222059455528e+01,1.8625935399597844e+00,1.2309517733699035e+01,1.4157222059455528e+01,1.4157222059455528e+01,1.4157222059455528e+01,1.4157222059455528e+01,3.7865588635299829e+00,9.9708038015221021e+00,1.1834015121767191e+01,1.0394240492996538e+01,1.1834015121767191e+01,1.2309517733699035e+01,6.7086643699429507e+00,1.1834015121767191e+01,1.1834015121767191e+01,9.9706338964718411e-01,1.1834015121767191e+01,1.2309517733699035e+01,1.4157222059455528e+01,1.2309517733699035e+01,1.2309517733699035e+01,1.4157222059455528e+01,1.0487529080258957e+01,1.2309517733699035e+01,8.6509417927909578e+00,7.1712150135369317e+00,1.1834015121767191e+01,1.2309517733699035e+01,2.7543407034858154e+00,1.2309517733699035e+01,1.0487529080258957e+01,7.1712150135369317e+00,1.2309517733699035e+01,1.1834015121767191e+01,6.7086643699429507e+00,8.6509417927909578e+00,1.8625935399597844e+00,1.2309517733699035e+01,1.2309517733699035e+01,9.9708038015221021e+00,1.2309517733699035e+01,1.2309517733699035e+01,1.2309517733699035e+01,8.6509417927909578e+00,2.7543407034858154e+00,1.2309517733699035e+01,8.6509417927909578e+00,9.9706338964718411e-01,6.7086643699429507e+00,1.1834015121767191e+01,1.2309517733699035e+01,1.4157222059455528e+01,1.0394240492996538e+01,1.0394240492996538e+01,1.2309517733699035e+01,3.7865588635299829e+00,3.7865588635299829e+00,2.7543407034858154e+00,2.7543407034858154e+00,2.7543407034858154e+00,1.0394240492996538e+01,1.2309517733699035e+01,7.1712150135369317e+00,1.0394240492996538e+01,4.5814797509267189e+00,1.0394240492996538e+01,1.2309517733699035e+01,4.5814797509267189e+00,1.4157222059455528e+01,1.4157222059455528e+01,4.5814797509267189e+00,1.2309517733699035e+01,1.0394240492996538e+01,1.0394240492996538e+01,1.0394240492996538e+01,5.1704876571118747e+00,0.0000000000000000e+00,8.6509417927909578e+00,1.0487529080258957e+01,1.1834015121767191e+01,6.7086643699429507e+00,1.1834015121767191e+01,5.1704876571118747e+00,6.7086643699429507e+00,7.1712150135369317e+00,5.1704876571118747e+00,9.9708038015221021e+00,1.1834015121767191e+01,1.2309517733699035e+01,0.0000000000000000e+00,9.9708038015221021e+00,1.1834015121767191e+01,1.1834015121767191e+01,9.9708038015221021e+00,9.9706338964718411e-01,1.1834015121767191e+01,1.1834015121767191e+01,1.1834015121767191e+01,1.1834015121767191e+01,6.7086643699429507e+00,1.8625935399597844e+00,5.1704876571118747e+00,1.0487529080258957e+01,1.2309517733699035e+01,1.2309517733699035e+01,1.2309517733699035e+01,5.1704876571118747e+00,5.1704876571118747e+00,4.5814797509267189e+00,1.0487529080258957e+01,2.7543407034858154e+00,1.2309517733699035e+01,1.2309517733699035e+01,4.5814797509267189e+00,1.0394240492996538e+01,1.0394240492996538e+01,1.2309517733699035e+01,1.2309517733699035e+01,1.8625935399597844e+00,1.2309517733699035e+01,1.2309517733699035e+01,1.2309517733699035e+01,1.2309517733699035e+01,9.9706338964718411e-01,1.4157222059455528e+01,9.9706338964718411e-01,7.1712150135369317e+00,1.1834015121767191e+01,1.0487529080258957e+01,1.2309517733699035e+01,1.0487529080258957e+01,1.0487529080258957e+01,1.1834015121767191e+01,9.9708038015221021e+00,1.0487529080258957e+01,1.2309517733699035e+01,5.1704876571118747e+00,5.1704876571118747e+00,1.2309517733699035e+01,1.8625935399597844e+00,8.6509417927909578e+00,1.1834015121767191e+01,1.1834015121767191e+01,6.7086643699429507e+00,1.1834015121767191e+01,1.2309517733699035e+01,9.9708038015221021e+00,1.1834015121767191e+01,1.0394240492996538e+01,1.2309517733699035e+01,1.2309517733699035e+01,1.1834015121767191e+01,1.8625935399597844e+00,1.1834015121767191e+01,1.2309517733699035e+01,1.1834015121767191e+01,1.0487529080258957e+01,3.7865588635299829e+00,1.2309517733699035e+01,3.7865588635299829e+00,2.7543407034858154e+00,3.7865588635299829e+00,1.0487529080258957e+01,1.0487529080258957e+01,1.1834015121767191e+01,1.0394240492996538e+01,1.0487529080258957e+01,1.0394240492996538e+01,5.1704876571118747e+00,3.7865588635299829e+00,8.6509417927909578e+00,1.2309517733699035e+01,1.2309517733699035e+01,9.9706338964718411e-01,9.9706338964718411e-01,9.9706338964718411e-01,1.0394240492996538e+01,0.0000000000000000e+00,5.1704876571118747e+00,1.0487529080258957e+01,1.0394240492996538e+01,1.1834015121767191e+01,1.8625935399597844e+00,9.9706338964718411e-01,1.0487529080258957e+01,1.1834015121767191e+01,1.8625935399597844e+00,1.1834015121767191e+01,1.1834015121767191e+01,1.2309517733699035e+01,5.1704876571118747e+00,1.1834015121767191e+01,3.7865588635299829e+00,3.7865588635299829e+00,1.0394240492996538e+01,1.8625935399597844e+00,1.0394240492996538e+01,5.1704876571118747e+00,1.2309517733699035e+01,4.5814797509267189e+00,5.1704876571118747e+00,1.2309517733699035e+01,1.1834015121767191e+01,1.4157222059455528e+01,4.5814797509267189e+00,0.0000000000000000e+00,1.8625935399597844e+00,5.1704876571118747e+00,1.1834015121767191e+01,9.9708038015221021e+00,1.2309517733699035e+01,1.2309517733699035e+01,1.0487529080258957e+01,1.4157222059455528e+01,9.9706338964718411e-01,7.1712150135369317e+00,1.1834015121767191e+01,1.2309517733699035e+01,1.4157222059455528e+01,1.4157222059455528e+01,5.1704876571118747e+00,1.2309517733699035e+01,1.1834015121767191e+01,9.9706338964718411e-01,1.0487529080258957e+01,1.4157222059455528e+01,5.1704876571118747e+00,1.0487529080258957e+01,1.0487529080258957e+01,9.9706338964718411e-01,1.8625935399597844e+00,3.7865588635299829e+00,1.0487529080258957e+01,2.7543407034858154e+00,6.7086643699429507e+00,1.0487529080258957e+01,1.2309517733699035e+01,1.0394240492996538e+01,1.0394240492996538e+01,1.8625935399597844e+00,7.1712150135369317e+00,6.7086643699429507e+00,6.7086643699429507e+00,5.1704876571118747e+00,5.1704876571118747e+00,1.2309517733699035e+01,1.2309517733699035e+01,1.0394240492996538e+01,1.0487529080258957e+01,9.9706338964718411e-01,6.7086643699429507e+00,1.0487529080258957e+01,1.2309517733699035e+01,1.0487529080258957e+01,1.0394240492996538e+01,1.8625935399597844e+00,1.2309517733699035e+01,1.0394240492996538e+01,1.0487529080258957e+01,1.2309517733699035e+01,1.0487529080258957e+01,1.0487529080258957e+01,6.7086643699429507e+00,6.7086643699429507e+00,1.0394240492996538e+01,5.1704876571118747e+00,6.7086643699429507e+00,9.9706338964718411e-01,1.2309517733699035e+01,1.0487529080258957e+01,0.0000000000000000e+00,8.6509417927909578e+00,8.6509417927909578e+00,1.0394240492996538e+01,5.1704876571118747e+00,8.6509417927909578e+00,7.1712150135369317e+00,5.1704876571118747e+00,1.0487529080258957e+01,1.2309517733699035e+01,9.9708038015221021e+00,4.5814797509267189e+00,7.1712150135369317e+00,5.1704876571118747e+00,7.1712150135369317e+00,7.1712150135369317e+00,9.9708038015221021e+00,9.9708038015221021e+00,9.9708038015221021e+00,1.2309517733699035e+01,1.2309517733699035e+01,7.1712150135369317e+00,7.1712150135369317e+00,7.1712150135369317e+00,1.1834015121767191e+01,1.0487529080258957e+01,1.2309517733699035e+01,1.0487529080258957e+01,1.2309517733699035e+01,7.1712150135369317e+00,7.1712150135369317e+00,9.9708038015221021e+00,5.1704876571118747e+00,5.1704876571118747e+00,6.7086643699429507e+00,1.0394240492996538e+01,8.6509417927909578e+00,7.1712150135369317e+00,1.8625935399597844e+00,2.7543407034858154e+00,4.5814797509267189e+00,0.0000000000000000e+00,1.1834015121767191e+01,1.2309517733699035e+01,1.1834015121767191e+01,1.1834015121767191e+01,9.9708038015221021e+00,3.7865588635299829e+00,1.1834015121767191e+01,8.6509417927909578e+00,1.2309517733699035e+01,1.1834015121767191e+01,2.7543407034858154e+00,1.0394240492996538e+01,3.7865588635299829e+00,1.2309517733699035e+01,2.7543407034858154e+00,4.5814797509267189e+00,1.0394240492996538e+01,1.2309517733699035e+01,1.1834015121767191e+01,1.0394240492996538e+01,1.2309517733699035e+01,6.7086643699429507e+00,1.2309517733699035e+01,1.2309517733699035e+01,8.6509417927909578e+00,1.0394240492996538e+01,4.5814797509267189e+00,1.1834015121767191e+01,6.7086643699429507e+00,1.4157222059455528e+01,3.7865588635299829e+00,1.0487529080258957e+01,4.5814797509267189e+00,1.4157222059455528e+01,4.5814797509267189e+00,1.1834015121767191e+01,1.2309517733699035e+01,1.4157222059455528e+01,3.7865588635299829e+00,7.1712150135369317e+00,1.2309517733699035e+01,1.2309517733699035e+01,4.5814797509267189e+00,1.1834015121767191e+01,1.8625935399597844e+00,1.4157222059455528e+01,1.0487529080258957e+01,1.0487529080258957e+01,1.2309517733699035e+01,1.2309517733699035e+01,7.1712150135369317e+00,2.7543407034858154e+00,4.5814797509267189e+00,8.6509417927909578e+00,1.0394240492996538e+01,0.0000000000000000e+00,0.0000000000000000e+00,0.0000000000000000e+00,2.7543407034858154e+00,4.5814797509267189e+00,8.6509417927909578e+00,8.6509417927909578e+00,5.1704876571118747e+00,2.7543407034858154e+00,1.2309517733699035e+01,1.2309517733699035e+01,6.7086643699429507e+00,1.2309517733699035e+01,6.7086643699429507e+00,6.7086643699429507e+00,7.1712150135369317e+00,1.2309517733699035e+01,6.7086643699429507e+00,3.7865588635299829e+00,1.4157222059455528e+01,1.4157222059455528e+01,1.4157222059455528e+01,1.2309517733699035e+01,1.4157222059455528e+01,1.1834015121767191e+01,1.1834015121767191e+01,1.0394240492996538e+01,6.7086643699429507e+00,3.7865588635299829e+00,1.1834015121767191e+01,1.0394240492996538e+01,9.9706338964718411e-01,1.4157222059455528e+01,1.0487529080258957e+01,1.1834015121767191e+01,1.2309517733699035e+01,1.1834015121767191e+01,6.7086643699429507e+00,9.9706338964718411e-01,9.9706338964718411e-01,6.7086643699429507e+00,7.1712150135369317e+00,1.1834015121767191e+01,3.7865588635299829e+00,1.1834015121767191e+01,7.1712150135369317e+00,1.0487529080258957e+01,1.8625935399597844e+00,1.8625935399597844e+00,1.2309517733699035e+01,1.0487529080258957e+01,1.2309517733699035e+01,7.1712150135369317e+00,1.4157222059455528e+01,1.4157222059455528e+01,6.7086643699429507e+00,0.0000000000000000e+00,1.8625935399597844e+00,1.1834015121767191e+01,1.0487529080258957e+01,1.4157222059455528e+01,1.2309517733699035e+01,1.2309517733699035e+01,6.7086643699429507e+00,3.7865588635299829e+00,1.4157222059455528e+01,1.1834015121767191e+01,1.4157222059455528e+01,1.0487529080258957e+01,1.1834015121767191e+01,1.0394240492996538e+01,1.1834015121767191e+01,1.1834015121767191e+01,5.1704876571118747e+00,1.0487529080258957e+01,1.0487529080258957e+01,1.1834015121767191e+01,1.2309517733699035e+01,1.2309517733699035e+01,1.4157222059455528e+01,6.7086643699429507e+00,0.0000000000000000e+00,1.2309517733699035e+01,1.1834015121767191e+01,1.0394240492996538e+01,1.1834015121767191e+01,2.7543407034858154e+00,1.0487529080258957e+01,9.9708038015221021e+00,6.7086643699429507e+00,1.0487529080258957e+01,5.1704876571118747e+00,4.5814797509267189e+00,1.2309517733699035e+01,1.2309517733699035e+01,1.4157222059455528e+01,4.5814797509267189e+00,9.9708038015221021e+00,3.7865588635299829e+00,4.5814797509267189e+00,5.1704876571118747e+00,1.4157222059455528e+01,1.0394240492996538e+01,1.4157222059455528e+01,8.6509417927909578e+00,9.9706338964718411e-01,8.6509417927909578e+00,1.2309517733699035e+01,7.1712150135369317e+00,2.7543407034858154e+00,1.1834015121767191e+01,1.1834015121767191e+01,2.7543407034858154e+00,1.1834015121767191e+01,1.4157222059455528e+01,3.7865588635299829e+00,1.4157222059455528e+01,9.9708038015221021e+00,1.2309517733699035e+01,1.2309517733699035e+01,1.2309517733699035e+01,1.8625935399597844e+00,1.8625935399597844e+00,3.7865588635299829e+00,1.2309517733699035e+01,1.1834015121767191e+01,1.4157222059455528e+01,1.2309517733699035e+01,1.2309517733699035e+01,6.7086643699429507e+00,2.7543407034858154e+00,2.7543407034858154e+00,1.8625935399597844e+00,5.1704876571118747e+00,1.2309517733699035e+01,9.9706338964718411e-01,2.7543407034858154e+00,1.2309517733699035e+01,7.1712150135369317e+00,1.1834015121767191e+01,1.2309517733699035e+01,9.9706338964718411e-01,5.1704876571118747e+00,1.2309517733699035e+01,5.1704876571118747e+00,9.9708038015221021e+00,4.5814797509267189e+00,4.5814797509267189e+00,1.1834015121767191e+01,1.2309517733699035e+01,5.1704876571118747e+00,1.1834015121767191e+01,1.0487529080258957e+01,4.5814797509267189e+00,1.0487529080258957e+01,1.0487529080258957e+01,1.4157222059455528e+01,7.1712150135369317e+00,8.6509417927909578e+00,1.1834015121767191e+01,1.1834015121767191e+01,7.1712150135369317e+00,6.7086643699429507e+00,5.1704876571118747e+00,7.1712150135369317e+00,7.1712150135369317e+00,4.5814797509267189e+00,1.1834015121767191e+01,1.1834015121767191e+01,2.7543407034858154e+00,6.7086643699429507e+00,1.1834015121767191e+01,1.1834015121767191e+01,1.2309517733699035e+01,8.6509417927909578e+00,1.2309517733699035e+01,1.1834015121767191e+01,1.4157222059455528e+01,7.1712150135369317e+00,1.8625935399597844e+00,9.9708038015221021e+00,5.1704876571118747e+00,5.1704876571118747e+00,1.2309517733699035e+01,3.7865588635299829e+00,9.9706338964718411e-01,1.4157222059455528e+01,1.2309517733699035e+01,8.6509417927909578e+00,1.4157222059455528e+01,0.0000000000000000e+00,5.1704876571118747e+00,9.9706338964718411e-01,6.7086643699429507e+00,1.2309517733699035e+01,1.2309517733699035e+01,1.4157222059455528e+01,1.1834015121767191e+01,9.9708038015221021e+00,1.1834015121767191e+01,4.5814797509267189e+00,1.2309517733699035e+01,5.1704876571118747e+00,1.1834015121767191e+01,1.2309517733699035e+01,4.5814797509267189e+00,1.2309517733699035e+01,1.8625935399597844e+00,7.1712150135369317e+00,3.7865588635299829e+00,7.1712150135369317e+00,1.8625935399597844e+00,9.9708038015221021e+00,2.7543407034858154e+00,1.1834015121767191e+01,1.1834015121767191e+01,1.1834015121767191e+01,1.0394240492996538e+01,8.6509417927909578e+00,1.4157222059455528e+01,5.1704876571118747e+00,1.0394240492996538e+01,1.2309517733699035e+01,8.6509417927909578e+00,1.0394240492996538e+01,7.1712150135369317e+00,9.9706338964718411e-01,2.7543407034858154e+00,4.5814797509267189e+00,1.0487529080258957e+01,5.1704876571118747e+00,1.0487529080258957e+01,5.1704876571118747e+00,3.7865588635299829e+00,4.5814797509267189e+00,1.0487529080258957e+01,1.2309517733699035e+01,8.6509417927909578e+00,9.9708038015221021e+00,1.2309517733699035e+01,7.1712150135369317e+00,1.0394240492996538e+01,1.0394240492996538e+01,1.0487529080258957e+01,1.4157222059455528e+01,1.0487529080258957e+01,1.8625935399597844e+00,1.2309517733699035e+01,1.4157222059455528e+01,1.0394240492996538e+01,1.1834015121767191e+01,8.6509417927909578e+00,9.9706338964718411e-01,1.0394240492996538e+01,1.0394240492996538e+01,1.2309517733699035e+01,1.8625935399597844e+00,1.0394240492996538e+01,7.1712150135369317e+00,1.8625935399597844e+00,1.2309517733699035e+01,1.0487529080258957e+01,6.7086643699429507e+00,1.1834015121767191e+01,9.9708038015221021e+00,1.0487529080258957e+01,9.9708038015221021e+00,1.2309517733699035e+01,1.4157222059455528e+01,9.9708038015221021e+00,1.8625935399597844e+00,8.6509417927909578e+00,1.4157222059455528e+01,8.6509417927909578e+00,6.7086643699429507e+00,1.4157222059455528e+01,1.2309517733699035e+01,1.4157222059455528e+01,3.7865588635299829e+00,1.0394240492996538e+01,1.0394240492996538e+01,1.4157222059455528e+01,1.1834015121767191e+01,2.7543407034858154e+00,5.1704876571118747e+00,1.1834015121767191e+01,7.1712150135369317e+00,1.4157222059455528e+01,8.6509417927909578e+00,1.0394240492996538e+01,1.2309517733699035e+01,1.1834015121767191e+01,1.2309517733699035e+01,9.9706338964718411e-01,2.7543407034858154e+00,2.7543407034858154e+00,2.7543407034858154e+00,1.0394240492996538e+01,1.2309517733699035e+01,2.7543407034858154e+00,1.2309517733699035e+01,1.2309517733699035e+01,6.7086643699429507e+00,1.2309517733699035e+01,1.1834015121767191e+01,1.2309517733699035e+01,1.2309517733699035e+01,1.2309517733699035e+01,1.2309517733699035e+01,1.0487529080258957e+01,9.9706338964718411e-01,1.4157222059455528e+01,3.7865588635299829e+00,2.7543407034858154e+00,1.0487529080258957e+01,5.1704876571118747e+00,7.1712150135369317e+00,5.1704876571118747e+00,7.1712150135369317e+00,9.9706338964718411e-01,1.2309517733699035e+01,1.8625935399597844e+00,8.6509417927909578e+00,8.6509417927909578e+00,1.4157222059455528e+01,9.9708038015221021e+00,9.9708038015221021e+00,1.0394240492996538e+01,9.9708038015221021e+00,7.1712150135369317e+00,1.0394240492996538e+01,4.5814797509267189e+00,9.9708038015221021e+00,7.1712150135369317e+00,1.2309517733699035e+01,1.0394240492996538e+01,1.2309517733699035e+01,2.7543407034858154e+00,4.5814797509267189e+00,3.7865588635299829e+00,9.9708038015221021e+00,3.7865588635299829e+00,1.2309517733699035e+01,1.2309517733699035e+01,7.1712150135369317e+00,1.0394240492996538e+01,1.2309517733699035e+01,6.7086643699429507e+00,1.2309517733699035e+01,1.2309517733699035e+01,3.7865588635299829e+00,1.2309517733699035e+01,9.9706338964718411e-01,4.5814797509267189e+00,2.7543407034858154e+00,1.1834015121767191e+01,1.0487529080258957e+01,1.1834015121767191e+01,1.8625935399597844e+00,1.8625935399597844e+00,1.2309517733699035e+01,1.0394240492996538e+01,4.5814797509267189e+00,0.0000000000000000e+00,9.9706338964718411e-01,1.4157222059455528e+01,1.0487529080258957e+01,9.9708038015221021e+00,4.5814797509267189e+00,4.5814797509267189e+00,9.9708038015221021e+00,1.0394240492996538e+01,1.1834015121767191e+01,1.0487529080258957e+01,1.2309517733699035e+01,4.5814797509267189e+00,1.1834015121767191e+01,9.9706338964718411e-01,1.0487529080258957e+01,6.7086643699429507e+00,1.1834015121767191e+01,1.1834015121767191e+01,1.4157222059455528e+01,4.5814797509267189e+00,1.0487529080258957e+01,6.7086643699429507e+00,1.2309517733699035e+01,6.7086643699429507e+00,1.2309517733699035e+01,1.1834015121767191e+01,1.8625935399597844e+00,6.7086643699429507e+00,6.7086643699429507e+00,1.4157222059455528e+01,1.2309517733699035e+01,1.1834015121767191e+01,4.5814797509267189e+00,1.4157222059455528e+01,3.7865588635299829e+00,1.8625935399597844e+00,1.2309517733699035e+01,1.0487529080258957e+01,5.1704876571118747e+00,9.9708038015221021e+00,1.2309517733699035e+01,4.5814797509267189e+00,1.2309517733699035e+01,3.7865588635299829e+00,1.2309517733699035e+01,1.2309517733699035e+01,3.7865588635299829e+00,1.4157222059455528e+01,1.0487529080258957e+01,1.4157222059455528e+01,8.6509417927909578e+00,1.1834015121767191e+01,1.2309517733699035e+01,1.0487529080258957e+01,1.4157222059455528e+01,1.2309517733699035e+01,1.8625935399597844e+00,1.2309517733699035e+01,1.1834015121767191e+01,1.1834015121767191e+01,9.9706338964718411e-01,1.2309517733699035e+01,1.4157222059455528e+01,3.7865588635299829e+00,1.2309517733699035e+01,9.9708038015221021e+00,9.9706338964718411e-01,1.2309517733699035e+01,1.1834015121767191e+01,5.1704876571118747e+00,8.6509417927909578e+00,9.9708038015221021e+00,8.6509417927909578e+00,7.1712150135369317e+00,7.1712150135369317e+00,1.2309517733699035e+01,1.0394240492996538e+01,8.6509417927909578e+00,1.0487529080258957e+01,1.0394240492996538e+01,8.6509417927909578e+00,1.4157222059455528e+01,8.6509417927909578e+00,1.2309517733699035e+01,8.6509417927909578e+00,1.4157222059455528e+01,3.7865588635299829e+00,4.5814797509267189e+00,3.7865588635299829e+00,1.1834015121767191e+01,1.2309517733699035e+01,1.1834015121767191e+01,1.8625935399597844e+00,3.7865588635299829e+00,1.0487529080258957e+01,7.1712150135369317e+00,1.0394240492996538e+01,1.0394240492996538e+01,1.2309517733699035e+01,6.7086643699429507e+00,6.7086643699429507e+00,1.1834015121767191e+01,0.0000000000000000e+00,9.9706338964718411e-01,1.4157222059455528e+01,8.6509417927909578e+00,1.4157222059455528e+01,1.1834015121767191e+01,6.7086643699429507e+00,1.4157222059455528e+01,6.7086643699429507e+00,1.2309517733699035e+01,1.1834015121767191e+01,0.0000000000000000e+00,2.7543407034858154e+00,9.9706338964718411e-01,1.1834015121767191e+01,1.1834015121767191e+01,1.1834015121767191e+01,4.5814797509267189e+00,7.1712150135369317e+00,7.1712150135369317e+00,1.0487529080258957e+01,3.7865588635299829e+00,1.1834015121767191e+01,1.1834015121767191e+01,1.4157222059455528e+01,1.4157222059455528e+01,1.0394240492996538e+01,1.0394240492996538e+01,9.9708038015221021e+00,9.9708038015221021e+00,4.5814797509267189e+00,1.1834015121767191e+01,0.0000000000000000e+00,6.7086643699429507e+00,1.4157222059455528e+01,8.6509417927909578e+00,1.1834015121767191e+01,1.4157222059455528e+01,1.1834015121767191e+01,1.4157222059455528e+01,1.2309517733699035e+01,1.4157222059455528e+01,1.1834015121767191e+01,9.9708038015221021e+00,9.9706338964718411e-01,9.9708038015221021e+00,9.9708038015221021e+00,1.0394240492996538e+01,9.9708038015221021e+00,1.4157222059455528e+01,1.4157222059455528e+01,2.7543407034858154e+00,9.9708038015221021e+00,2.7543407034858154e+00,1.8625935399597844e+00,1.0394240492996538e+01,1.0394240492996538e+01,1.0394240492996538e+01,7.1712150135369317e+00,1.2309517733699035e+01,1.1834015121767191e+01,1.1834015121767191e+01,8.6509417927909578e+00,5.1704876571118747e+00,4.5814797509267189e+00,1.8625935399597844e+00,8.6509417927909578e+00,1.4157222059455528e+01,5.1704876571118747e+00,1.1834015121767191e+01,1.8625935399597844e+00,1.4157222059455528e+01,2.7543407034858154e+00,1.0487529080258957e+01,1.0487529080258957e+01,7.1712150135369317e+00,1.4157222059455528e+01,8.6509417927909578e+00,8.6509417927909578e+00,1.0394240492996538e+01,1.0487529080258957e+01,1.4157222059455528e+01,7.1712150135369317e+00,1.4157222059455528e+01,1.0394240492996538e+01,1.0394240492996538e+01
1.2003857618865865e+01,1.2003857618865865e+01,6.9989980437356847e+00,6.9458581590752546e+00,4.2873081129223731e+00,8.9534202569045309e+00,8.9534202569045309e+00,8.9534202569045309e+00,0.0000000000000000e+00,1.2003857618865865e+01,8.9534202569045309e+00,9.9443982087333573e+00,6.9989980437356847e+00,1.2003857618865865e+01,8.9534202569045309e+00,6.9458581590752546e+00,1.3914640421402870e+01,1.3425630829224458e+01,1.7448881922132418e+00,1.2003857618865865e+01,1.0198321293074512e+01,9.7539039927619953e-01,1.3425630829224458e+01,9.9443982087333573e+00,9.9443982087333573e+00,9.9443982087333573e+00,9.9443982087333573e+00,1.3425630829224458e+01,1.3914640421402870e+01,1.3425630829224458e+01,5.6970014735003396e+00,0.0000000000000000e+00,9.9443982087333573e+00,8.4581867922096006e+00,1.3425630829224458e+01,4.2873081129223731e+00,4.1194584877339624e+00,1.2003857618865865e+01,4.2873081129223731e+00,4.2873081129223731e+00,1.3425630829224458e+01,1.7448881922132418e+00,1.3425630829224458e+01,4.2873081129223731e+00,1.3914640421402870e+01,4.1194584877339624e+00,4.2873081129223731e+00,4.2873081129223731e+00,4.2873081129223731e+00,9.9443982087333573e+00,9.9443982087333573e+00,1.0198321293074512e+01,1.0198321293074512e+01,1.2003857618865865e+01,1.0198321293074512e+01,1.3425630829224458e+01,6.9989980437356847e+00,6.9989980437356847e+00,0.0000000000000000e+00,8.4581867922096006e+00,8.4581867922096006e+00,9.9443982087333573e+00,1.3425630829224458e+01,1.2003857618865865e+01,2.7539438550859754e+00,6.9989980437356847e+00,9.9443982087333573e+00,9.9443982087333573e+00,6.9989980437356847e+00,9.9443982087333573e+00,2.7539438550859754e+00,6.9989980437356847e+00,1.2003857618865865e+01,1.3425630829224458e+01,5.6970014735003396e+00,1.3425630829224458e+01,6.9989980437356847e+00,6.9989980437356847e+00,6.9989980437356847e+00,6.9989980437356847e+00,6.9989980437356847e+00,4.2873081129223731e+00,0.0000000000000000e+00,6.9989980437356847e+00,4.2873081129223731e+00,1.2003857618865865e+01,9.9443982087333573e+00,9.9443982087333573e+00,8.4581867922096006e+00,9.9443982087333573e+00,6.9458581590752546e+00,9.9443982087333573e+00,1.3425630829224458e+01,9.9443982087333573e+00,4.1194584877339624e+00,9.9443982087333573e+00,9.9443982087333573e+00,9.9443982087333573e+00,0.0000000000000000e+00,9.9443982087333573e+00,6.9458581590752546e+00,6.9458581590752546e+00,6.9458581590752546e+00,1.7448881922132418e+00,1.3914640421402870e+01,8.4581867922096006e+00,4.1194584877339624e+00,2.7539438550859754e+00,0.0000000000000000e+00,8.9534202569045309e+00,6.9989980437356847e+00,5.6970014735003396e+00,1.3914640421402870e+01,1.3425630829224458e+01,6.9989980437356847e+00,9.7539039927619953e-01,4.2873081129223731e+00,1.0198321293074512e+01,6.9458581590752546e+00,4.2873081129223731e+00,8.9534202569045309e+00,1.2003857618865865e+01,1.3914640421402870e+01,0.0000000000000000e+00,1.3914640421402870e+01,1.3914640421402870e+01,1.3425630829224458e+01,1.3914640421402870e+01,8.9534202569045309e+00,1.3425630829224458e+01,1.3425630829224458e+01,6.9458581590752546e+00,9.9443982087333573e+00,1.3425630829224458e+01,1.3425630829224458e+01,1.3425630829224458e+01,4.1194584877339624e+00,4.2873081129223731e+00,4.2873081129223731e+00,8.4581867922096006e+00,1.3425630829224458e+01,8.9534202569045309e+00,8.4581867922096006e+00,5.6970014735003396e+00,1.3914640421402870e+01,8.4581867922096006e+00,1.3425630829224458e+01,1.3425630829224458e+01,8.9534202569045309e+00,1.3425630829224458e+01,1.3425630829224458e+01,1.3425630829224458e+01,8.4581867922096006e+00,0.0000000000000000e+00,1.3425630829224458e+01,6.9989980437356847e+00,1.3425630829224458e+01,9.7539039927619953e-01,4.2873081129223731e+00,8.4581867922096006e+00,2.7539438550859754e+00,1.3425630829224458e+01,4.1194584877339624e+00,8.9534202569045309e+00,1.3425630829224458e+01,8.9534202569045309e+00,1.2003857618865865e+01,8.9534202569045309e+00,1.3914640421402870e+01,2.7539438550859754e+00,6.9458581590752546e+00,6.9458581590752546e+00,1.3914640421402870e+01,8.4581867922096006e+00,8.9534202569045309e+00,6.9458581590752546e+00,9.9443982087333573e+00,6.9989980437356847e+00,4.2873081129223731e+00,1.7448881922132418e+00,1.3425630829224458e+01,4.2873081129223731e+00,6.9989980437356847e+00,1.3425630829224458e+01,1.3425630829224458e+01,4.2873081129223731e+00,1.3914640421402870e+01,1.3914640421402870e+01,9.9443982087333573e+00,1.2003857618865865e+01,1.2003857618865865e+01,8.4581867922096006e+00,1.2003857618865865e+01,1.2003857618865865e+01,9.7539039927619953e-01,8.4581867922096006e+00,1.3914640421402870e+01,8.4581867922096006e+00,1.3425630829224458e+01,8.9534202569045309e+00,1.3425630829224458e+01,2.7539438550859754e+00,1.3914640421402870e+01,1.3914640421402870e+01,9.9443982087333573e+00,5.6970014735003396e+00,9.9443982087333573e+00,5.6970014735003396e+00,1.2003857618865865e+01,0.0000000000000000e+00,9.9443982087333573e+00,9.9443982087333573e+00,9.9443982087333573e+00,6.9989980437356847e+00,6.9989980437356847e+00,8.4581867922096006e+00,2.7539438550859754e+00,1.3425630829224458e+01,6.9458581590752546e+00,4.2873081129223731e+00,1.2003857618865865e+01,8.4581867922096006e+00,4.2873081129223731e+00,1.3425630829224458e+01,1.3425630829224458e+01,1.2003857618865865e+01,1.3425630829224458e+01,0.0000000000000000e+00,1.3914640421402870e+01,4.2873081129223731e+00,1.3914640421402870e+01,1.3425630829224458e+01,6.9989980437356847e+00,4.1194584877339624e+00,1.2003857618865865e+01,0.0000000000000000e+00,8.9534202569045309e+00,1.3425630829224458e+01,1.3425630829224458e+01,1.3425630829224458e+01,1.3425630829224458e+01,8.9534202569045309e+00,1.3914640421402870e+01,1.3425630829224458e+01,8.9534202569045309e+00,9.9443982087333573e+00,1.3914640421402870e+01,1.2003857618865865e+01,4.1194584877339624e+00,4.2873081129223731e+00,9.9443982087333573e+00,1.3425630829224458e+01,4.2873081129223731e+00,8.9534202569045309e+00,1.2003857618865865e+01,5.6970014735003396e+00,1.0198321293074512e+01,1.2003857618865865e+01,4.2873081129223731e+00,1.3425630829224458e+01,9.9443982087333573e+00,5.6970014735003396e+00,9.9443982087333573e+00,9.9443982087333573e+00,0.0000000000000000e+00,1.3914640421402870e+01,1.3425630829224458e+01,9.9443982087333573e+00,6.9458581590752546e+00,5.6970014735003396e+00,1.0198321293074512e+01,1.3914640421402870e+01,1.3914640421402870e+01,1.3914640421402870e+01,5.6970014735003396e+00,1.3425630829224458e+01,9.9443982087333573e+00,5.6970014735003396e+00,2.7539438550859754e+00,5.6970014735003396e+00,9.9443982087333573e+00,1.3914640421402870e+01,1.2003857618865865e+01,1.3914640421402870e+01,1.3425630829224458e+01,1.3914640421402870e+01,1.2003857618865865e+01,1.3914640421402870e+01,1.3914640421402870e+01,4.2873081129223731e+00,0.0000000000000000e+00,1.3425630829224458e+01,1.2003857618865865e+01,5.6970014735003396e+00,9.9443982087333573e+00,8.9534202569045309e+00,1.3425630829224458e+01,8.9534202569045309e+00,9.7539039927619953e-01,1.3425630829224458e+01,8.4581867922096006e+00,8.4581867922096006e+00,1.3425630829224458e+01,8.4581867922096006e+00,9.9443982087333573e+00,9.9443982087333573e+00,1.7448881922132418e+00,9.9443982087333573e+00,9.9443982087333573e+00,1.7448881922132418e+00,8.4581867922096006e+00,9.9443982087333573e+00,8.4581867922096006e+00,1.3425630829224458e+01,0.0000000000000000e+00,9.9443982087333573e+00,1.3914640421402870e+01,1.2003857618865865e+01,1.2003857618865865e+01,9.7539039927619953e-01,9.9443982087333573e+00,1.2003857618865865e+01,1.7448881922132418e+00,9.7539039927619953e-01,6.9458581590752546e+00,9.7539039927619953e-01,6.9458581590752546e+00,1.3425630829224458e+01,1.3425630829224458e+01,0.0000000000000000e+00,1.2003857618865865e+01,4.2873081129223731e+00,8.9534202569045309e+00,9.7539039927619953e-01,8.9534202569045309e+00,1.3425630829224458e+01,1.3425630829224458e+01,1.3425630829224458e+01,9.9443982087333573e+00,0.0000000000000000e+00,0.0000000000000000e+00,1.3425630829224458e+01,1.0198321293074512e+01,1.3425630829224458e+01,1.3914640421402870e+01,1.3914640421402870e+01,1.3914640421402870e+01,1.3425630829224458e+01,6.9458581590752546e+00,5.6970014735003396e+00,8.4581867922096006e+00,6.9989980437356847e+00,4.2873081129223731e+00,1.3914640421402870e+01,8.4581867922096006e+00,8.4581867922096006e+00,4.2873081129223731e+00,1.3914640421402870e+01,9.9443982087333573e+00,2.7539438550859754e+00,1.3425630829224458e+01,1.3914640421402870e+01,8.4581867922096006e+00,5.6970014735003396e+00,8.4581867922096006e+00,9.9443982087333573e+00,4.2873081129223731e+00,2.7539438550859754e+00,4.1194584877339624e+00,8.4581867922096006e+00,9.9443982087333573e+00,1.3425630829224458e+01,2.7539438550859754e+00,1.3914640421402870e+01,1.3425630829224458e+01,8.4581867922096006e+00,1.3425630829224458e+01,6.9989980437356847e+00,9.9443982087333573e+00,4.2873081129223731e+00,1.3914640421402870e+01,2.7539438550859754e+00,0.0000000000000000e+00,8.9534202569045309e+00,4.2873081129223731e+00,4.2873081129223731e+00,9.9443982087333573e+00,6.9458581590752546e+00,4.2873081129223731e+00,6.9458581590752546e+00,8.4581867922096006e+00,1.3425630829224458e+01,2.7539438550859754e+00,1.3425630829224458e+01,4.1194584877339624e+00,9.9443982087333573e+00,4.1194584877339624e+00,4.1194584877339624e+00,1.3425630829224458e+01,2.7539438550859754e+00,9.9443982087333573e+00,6.9989980437356847e+00,1.3914640421402870e+01,8.9534202569045309e+00,8.4581867922096006e+00,8.4581867922096006e+00,1.2003857618865865e+01,1.2003857618865865e+01,5.6970014735003396e+00,1.2003857618865865e+01,4.2873081129223731e+00,4.2873081129223731e+00,9.7539039927619953e-01,1.2003857618865865e+01,9.9443982087333573e+00,6.9458581590752546e+00,1.3914640421402870e+01,1.2003857618865865e+01,8.4581867922096006e+00,4.1194584877339624e+00,0.0000000000000000e+00,8.4581867922096006e+00,6.9458581590752546e+00,2.7539438550859754e+00,1.3914640421402870e+01,8.9534202569045309e+00,4.1194584877339624e+00,9.7539039927619953e-01,8.9534202569045309e+00,0.0000000000000000e+00,1.3914640421402870e+01,6.9989980437356847e+00,8.4581867922096006e+00,8.4581867922096006e+00,1.3914640421402870e+01,8.9534202569045309e+00,6.9458581590752546e+00,1.3914640421402870e+01,6.9458581590752546e+00,1.0198321293074512e+01,1.3914640421402870e+01,6.9458581590752546e+00,1.2003857618865865e+01,1.3914640421402870e+01,9.9443982087333573e+00,1.2003857618865865e+01,8.4581867922096006e+00,1.0198321293074512e+01,1.2003857618865865e+01,5.6970014735003396e+00,8.4581867922096006e+00,1.3425630829224458e+01,1.3914640421402870e+01,1.3425630829224458e+01,1.7448881922132418e+00,9.9443982087333573e+00,9.9443982087333573e+00,9.9443982087333573e+00,6.9989980437356847e+00,5.6970014735003396e+00,1.3914640421402870e+01,5.6970014735003396e+00,9.9443982087333573e+00,8.4581867922096006e+00,8.9534202569045309e+00,1.2003857618865865e+01,1.7448881922132418e+00,9.9443982087333573e+00,1.3914640421402870e+01,9.9443982087333573e+00,1.3914640421402870e+01,1.2003857618865865e+01,9.9443982087333573e+00,9.9443982087333573e+00,9.9443982087333573e+00,1.3425630829224458e+01,5.6970014735003396e+00,6.9989980437356847e+00,1.2003857618865865e+01,8.4581867922096006e+00,2.7539438550859754e+00,1.3425630829224458e+01,1.2003857618865865e+01,1.2003857618865865e+01,8.4581867922096006e+00,9.9443982087333573e+00,1.7448881922132418e+00,6.9989980437356847e+00,6.9989980437356847e+00,1.2003857618865865e+01,8.4581867922096006e+00,6.9989980437356847e+00,1.3914640421402870e+01,1.3914640421402870e+01,9.9443982087333573e+00,8.4581867922096006e+00,1.3425630829224458e+01,1.2003857618865865e+01,1.3425630829224458e+01,1.3425630829224458e+01,1.0198321293074512e+01,1.7448881922132418e+00,1.2003857618865865e+01,1.2003857618865865e+01,1.3914640421402870e+01,6.9989980437356847e+00,5.6970014735003396e+00,4.2873081129223731e+00,6.9989980437356847e+00,8.9534202569045309e+00,1.2003857618865865e+01,1.2003857618865865e+01,9.9443982087333573e+00,6.9989980437356847e+00,9.7539039927619953e-01,5.6970014735003396e+00,1.3914640421402870e+01,6.9989980437356847e+00,8.4581867922096006e+00,5.6970014735003396e+00,8.4581867922096006e+00,1.3425630829224458e+01,6.9458581590752546e+00,9.9443982087333573e+00,1.3425630829224458e+01,8.9534202569045309e+00,1.7448881922132418e+00,9.9443982087333573e+00,5.6970014735003396e+00,1.2003857618865865e+01,2.7539438550859754e+00,1.0198321293074512e+01,9.7539039927619953e-01,1.3914640421402870e+01,8.4581867922096006e+00,8.9534202569045309e+00,2.7539438550859754e+00,8.4581867922096006e+00,8.4581867922096006e+00,8.9534202569045309e+00,8.9534202569045309e+00,1.3425630829224458e+01,1.3914640421402870e+01,1.3914640421402870e+01,8.4581867922096006e+00,1.3425630829224458e+01,8.4581867922096006e+00,1.2003857618865865e+01,1.0198321293074512e+01,0.0000000000000000e+00,9.9443982087333573e+00,1.3425630829224458e+01,8.4581867922096006e+00,1.3425630829224458e+01,8.4581867922096006e+00,1.2003857618865865e+01,8.9534202569045309e+00,1.2003857618865865e+01,1.0198321293074512e+01,0.0000000000000000e+00,1.2003857618865865e+01,8.4581867922096006e+00,4.1194584877339624e+00,9.7539039927619953e-01,6.9989980437356847e+00,1.0198321293074512e+01,1.0198321293074512e+01,5.6970014735003396e+00,1.3914640421402870e+01,9.7539039927619953e-01,1.3425630829224458e+01,1.2003857618865865e+01,1.0198321293074512e+01,1.3425630829224458e+01,5.6970014735003396e+00,4.1194584877339624e+00,1.3425630829224458e+01,4.1194584877339624e+00,1.0198321293074512e+01,0.0000000000000000e+00,1.3914640421402870e+01,1.0198321293074512e+01,5.6970014735003396e+00,5.6970014735003396e+00,1.3914640421402870e+01,9.7539039927619953e-01,8.4581867922096006e+00,1.3914640421402870e+01,1.3425630829224458e+01,9.9443982087333573e+00,9.9443982087333573e+00,9.9443982087333573e+00,1.3914640421402870e+01,1.3914640421402870e+01,1.0198321293074512e+01,6.9458581590752546e+00,2.7539438550859754e+00,6.9989980437356847e+00,9.9443982087333573e+00,6.9458581590752546e+00,9.9443982087333573e+00,9.9443982087333573e+00,6.9989980437356847e+00,4.2873081129223731e+00,1.2003857618865865e+01,6.9458581590752546e+00,1.0198321293074512e+01,5.6970014735003396e+00,1.7448881922132418e+00,4.2873081129223731e+00,4.2873081129223731e+00,4.2873081129223731e+00,6.9989980437356847e+00,9.9443982087333573e+00,1.3914640421402870e+01,0.0000000000000000e+00,1.7448881922132418e+00,1.0198321293074512e+01,5.6970014735003396e+00,2.7539438550859754e+00,1.2003857618865865e+01,1.0198321293074512e+01,8.9534202569045309e+00,1.3914640421402870e+01,1.3425630829224458e+01,4.2873081129223731e+00,1.3914640421402870e+01,0.0000000000000000e+00,8.4581867922096006e+00,1.3914640421402870e+01,2.7539438550859754e+00,1.3914640421402870e+01,1.3914640421402870e+01,1.3425630829224458e+01,6.9458581590752546e+00,4.2873081129223731e+00,1.0198321293074512e+01,1.3425630829224458e+01,1.3914640421402870e+01,1.0198321293074512e+01,4.1194584877339624e+00,1.7448881922132418e+00,8.9534202569045309e+00,8.4581867922096006e+00,1.7448881922132418e+00,9.9443982087333573e+00,8.9534202569045309e+00,4.1194584877339624e+00,1.3914640421402870e+01,1.0198321293074512e+01,1.3914640421402870e+01,4.2873081129223731e+00,1.3914640421402870e+01,4.1194584877339624e+00,9.9443982087333573e+00,1.3914640421402870e+01,1.3914640421402870e+01,1.3425630829224458e+01,9.7539039927619953e-01,1.3425630829224458e+01,8.9534202569045309e+00,1.3914640421402870e+01,6.9989980437356847e+00,8.4581867922096006e+00,5.6970014735003396e+00,8.9534202569045309e+00,1.3425630829224458e+01,9.9443982087333573e+00,4.2873081129223731e+00,4.2873081129223731e+00,6.9989980437356847e+00,1.3425630829224458e+01,1.3425630829224458e+01,1.0198321293074512e+01,4.2873081129223731e+00,2.7539438550859754e+00,4.2873081129223731e+00,1.3425630829224458e+01,4.1194584877339624e+00,8.4581867922096006e+00,4.1194584877339624e+00,1.7448881922132418e+00,1.3425630829224458e+01,6.9989980437356847e+00,1.3914640421402870e+01,1.3425630829224458e+01,1.3425630829224458e+01,1.7448881922132418e+00,8.9534202569045309e+00,1.3425630829224458e+01,1.3425630829224458e+01,1.0198321293074512e+01,1.3425630829224458e+01,1.2003857618865865e+01,0.0000000000000000e+00,8.9534202569045309e+00,1.3425630829224458e+01,1.3914640421402870e+01,1.3914640421402870e+01,1.3914640421402870e+01,1.3914640421402870e+01,1.3914640421402870e+01,1.7448881922132418e+00,1.7448881922132418e+00,1.3425630829224458e+01,1.2003857618865865e+01,1.3914640421402870e+01,4.2873081129223731e+00,9.9443982087333573e+00,1.2003857618865865e+01,1.3914640421402870e+01,1.0198321293074512e+01,1.3914640421402870e+01,1.3914640421402870e+01,1.3914640421402870e+01,2.7539438550859754e+00,1.0198321293074512e+01,1.0198321293074512e+01,1.3914640421402870e+01,6.9989980437356847e+00,9.9443982087333573e+00,1.3914640421402870e+01,1.3914640421402870e+01,1.3914640421402870e+01,9.7539039927619953e-01,1.2003857618865865e+01,1.0198321293074512e+01,9.9443982087333573e+00,1.3425630829224458e+01,8.4581867922096006e+00,9.9443982087333573e+00,9.9443982087333573e+00,1.3914640421402870e+01,1.3914640421402870e+01,2.7539438550859754e+00,1.0198321293074512e+01,4.1194584877339624e+00,2.7539438550859754e+00,2.7539438550859754e+00,1.3425630829224458e+01,8.4581867922096006e+00,0.0000000000000000e+00,9.7539039927619953e-01,1.3425630829224458e+01,2.7539438550859754e+00,8.9534202569045309e+00,9.9443982087333573e+00,0.0000000000000000e+00,8.4581867922096006e+00,6.9989980437356847e+00,1.3914640421402870e+01,1.3914640421402870e+01,1.3425630829224458e+01,8.9534202569045309e+00,1.3914640421402870e+01,4.2873081129223731e+00,1.3425630829224458e+01,1.3914640421402870e+01,1.3914640421402870e+01,6.9458581590752546e+00,6.9458581590752546e+00,1.7448881922132418e+00,8.4581867922096006e+00,5.6970014735003396e+00,1.3914640421402870e+01,5.6970014735003396e+00,1.3914640421402870e+01,6.9458581590752546e+00,6.9458581590752546e+00,6.9989980437356847e+00,4.2873081129223731e+00,1.3425630829224458e+01,1.3425630829224458e+01,1.3914640421402870e+01,1.3425630829224458e+01,0.0000000000000000e+00,1.3425630829224458e+01,1.3914640421402870e+01,1.3914640421402870e+01,6.9458581590752546e+00,1.3425630829224458e+01,1.3425630829224458e+01,1.3425630829224458e+01,8.4581867922096006e+00,8.9534202569045309e+00,2.7539438550859754e+00,2.7539438550859754e+00,5.6970014735003396e+00,9.9443982087333573e+00,1.3914640421402870e+01,8.4581867922096006e+00,5.6970014735003396e+00,4.2873081129223731e+00,4.1194584877339624e+00,1.3425630829224458e+01,8.4581867922096006e+00,8.4581867922096006e+00,9.7539039927619953e-01,2.7539438550859754e+00,1.3425630829224458e+01,9.7539039927619953e-01,6.9989980437356847e+00,9.7539039927619953e-01,1.3425630829224458e+01,1.3914640421402870e+01,1.2003857618865865e+01,1.3425630829224458e+01,8.4581867922096006e+00,6.9458581590752546e+00,5.6970014735003396e+00,1.3425630829224458e+01,1.3425630829224458e+01,1.3914640421402870e+01,1.3425630829224458e+01,1.3914640421402870e+01,1.3425630829224458e+01,1.3914640421402870e+01,1.7448881922132418e+00,1.3914640421402870e+01,6.9989980437356847e+00,4.2873081129223731e+00,4.2873081129223731e+00,9.7539039927619953e-01,9.7539039927619953e-01,6.9989980437356847e+00,6.9989980437356847e+00,6.9989980437356847e+00,1.3914640421402870e+01,1.0198321293074512e+01,0.0000000000000000e+00,9.9443982087333573e+00,5.6970014735003396e+00,1.7448881922132418e+00,6.9458581590752546e+00,4.2873081129223731e+00,4.2873081129223731e+00,9.9443982087333573e+00,1.7448881922132418e+00,1.3425630829224458e+01,2.7539438550859754e+00,0.0000000000000000e+00,1.3425630829224458e+01,1.3914640421402870e+01,1.3914640421402870e+01,6.9989980437356847e+00,0.0000000000000000e+00,1.3914640421402870e+01,8.4581867922096006e+00,1.3914640421402870e+01,1.3914640421402870e+01,8.4581867922096006e+00,1.0198321293074512e+01,1.3425630829224458e+01,1.3425630829224458e+01,9.9443982087333573e+00,1.3425630829224458e+01,1.0198321293074512e+01,1.3425630829224458e+01,9.9443982087333573e+00,1.3425630829224458e+01,1.3914640421402870e+01,1.3914640421402870e+01,1.3425630829224458e+01,4.1194584877339624e+00,1.3914640421402870e+01,1.3914640421402870e+01,8.4581867922096006e+00,1.0198321293074512e+01,6.9458581590752546e+00,1.3914640421402870e+01,1.7448881922132418e+00,1.7448881922132418e+00,1.3914640421402870e+01,1.3914640421402870e+01,1.3914640421402870e+01,8.4581867922096006e+00,6.9458581590752546e+00,1.3914640421402870e+01,1.3914640421402870e+01,1.3425630829224458e+01,8.4581867922096006e+00,9.9443982087333573e+00,9.9443982087333573e+00,8.4581867922096006e+00,1.3425630829224458e+01,1.3425630829224458e+01,8.4581867922096006e+00,1.3425630829224458e+01,6.9458581590752546e+00,4.1194584877339624e+00,8.4581867922096006e+00,1.2003857618865865e+01,1.3914640421402870e+01,1.3425630829224458e+01,0.0000000000000000e+00,9.9443982087333573e+00,1.3914640421402870e+01,2.7539438550859754e+00,1.2003857618865865e+01,1.3425630829224458e+01,8.4581867922096006e+00,1.3425630829224458e+01,2.7539438550859754e+00,8.9534202569045309e+00,0.0000000000000000e+00,8.4581867922096006e+00,4.2873081129223731e+00,0.0000000000000000e+00,9.9443982087333573e+00,6.9989980437356847e+00,9.9443982087333573e+00,1.2003857618865865e+01,2.7539438550859754e+00,8.4581867922096006e+00,8.9534202569045309e+00,4.2873081129223731e+00,1.3425630829224458e+01,6.9458581590752546e+00,1.2003857618865865e+01,1.3425630829224458e+01,8.4581867922096006e+00,6.9989980437356847e+00,1.3425630829224458e+01,1.3425630829224458e+01,0.0000000000000000e+00,1.3425630829224458e+01,1.3425630829224458e+01,4.2873081129223731e+00,1.0198321293074512e+01,8.9534202569045309e+00,5.6970014735003396e+00,1.3425630829224458e+01,5.6970014735003396e+00,6.9458581590752546e+00,6.9458581590752546e+00,1.3425630829224458e+01,1.3425630829224458e+01,5.6970014735003396e+00,1.3914640421402870e+01,4.1194584877339624e+00,9.7539039927619953e-01,6.9989980437356847e+00,1.3425630829224458e+01,4.2873081129223731e+00,4.1194584877339624e+00,4.1194584877339624e+00,9.9443982087333573e+00,6.9458581590752546e+00,1.3425630829224458e+01,6.9989980437356847e+00,1.3425630829224458e+01,6.9458581590752546e+00,1.3914640421402870e+01,6.9989980437356847e+00,6.9458581590752546e+00,1.3914640421402870e+01,1.3425630829224458e+01,5.6970014735003396e+00,5.6970014735003396e+00,8.4581867922096006e+00,9.9443982087333573e+00,1.3425630829224458e+01,5.6970014735003396e+00,9.9443982087333573e+00,1.0198321293074512e+01,9.9443982087333573e+00,1.3914640421402870e+01,9.9443982087333573e+00,9.9443982087333573e+00,1.0198321293074512e+01,4.1194584877339624e+00,1.2003857618865865e+01,1.3425630829224458e+01,1.3425630829224458e+01,1.3425630829224458e+01,1.0198321293074512e+01,1.2003857618865865e+01,1.0198321293074512e+01,1.3425630829224458e+01,8.4581867922096006e+00,6.9989980437356847e+00,6.9989980437356847e+00,6.9458581590752546e+00,1.3914640421402870e+01,4.2873081129223731e+00,2.7539438550859754e+00,5.6970014735003396e+00,6.9989980437356847e+00,1.3425630829224458e+01,0.0000000000000000e+00,6.9989980437356847e+00,1.3425630829224458e+01,9.9443982087333573e+00,9.9443982087333573e+00,8.9534202569045309e+00,4.1194584877339624e+00,5.6970014735003396e+00,8.9534202569045309e+00,1.3914640421402870e+01,1.7448881922132418e+00
