4.7410921297020145e+00,4.7410921297020145e+00,4.7410921297020145e+00,4.7410921297020145e+00,4.7410921297020145e+00,4.7410921297020145e+00,4.7410921297020145e+00,1.6500614098000628e+00,4.7410921297020145e+00,4.7410921297020145e+00,4.7410921297020145e+00,3.0993527944508545e+00,2.2509891052757416e+00,0.0000000000000000e+00,4.7410921297020145e+00,1.6500614098000628e+00,4.7410921297020145e+00,4.7410921297020145e+00,5.5094002038681262e+00,1.6500614098000628e+00,4.7410921297020145e+00,4.0453318352027514e+00,2.2509891052757416e+00,0.0000000000000000e+00,4.7410921297020145e+00,3.0993527944508545e+00,4.7410921297020145e+00,4.7410921297020145e+00,4.7410921297020145e+00,4.7410921297020145e+00,3.0993527944508545e+00,4.0453318352027514e+00,4.7410921297020145e+00,8.4684284960274714e-01,4.0453318352027514e+00,4.7410921297020145e+00,4.7410921297020145e+00,3.0993527944508545e+00,3.0993527944508545e+00,4.7410921297020145e+00,4.0453318352027514e+00,4.7410921297020145e+00,1.6500614098000628e+00,8.4684284960274714e-01,2.2509891052757416e+00,8.4684284960274714e-01,5.5094002038681262e+00,4.7410921297020145e+00,4.7410921297020145e+00,8.4684284960274714e-01,4.7410921297020145e+00,4.7410921297020145e+00,4.7410921297020145e+00,4.7410921297020145e+00,2.2509891052757416e+00,2.2509891052757416e+00,1.6500614098000628e+00,2.2509891052757416e+00,8.4684284960274714e-01,2.2509891052757416e+00,0.0000000000000000e+00,5.5094002038681262e+00,5.5094002038681262e+00,4.7410921297020145e+00,8.4684284960274714e-01,2.2509891052757416e+00,8.4684284960274714e-01,4.7410921297020145e+00,1.6500614098000628e+00,2.2509891052757416e+00,5.5094002038681262e+00,8.4684284960274714e-01,4.7410921297020145e+00,2.2509891052757416e+00,3.0993527944508545e+00,3.0993527944508545e+00,8.4684284960274714e-01,3.0993527944508545e+00,8.4684284960274714e-01,5.5094002038681262e+00,3.0993527944508545e+00,5.5094002038681262e+00,4.0453318352027514e+00,5.5094002038681262e+00,5.5094002038681262e+00,0.0000000000000000e+00,5.5094002038681262e+00,4.7410921297020145e+00,1.6500614098000628e+00,5.5094002038681262e+00,4.0453318352027514e+00,2.2509891052757416e+00,5.5094002038681262e+00,1.6500614098000628e+00,1.6500614098000628e+00,4.7410921297020145e+00,1.6500614098000628e+00,4.7410921297020145e+00,4.7410921297020145e+00,5.5094002038681262e+00,4.0453318352027514e+00,5.5094002038681262e+00,5.5094002038681262e+00,4.7410921297020145e+00,2.2509891052757416e+00,4.7410921297020145e+00,4.0453318352027514e+00,5.5094002038681262e+00,3.0993527944508545e+00,4.0453318352027514e+00,5.5094002038681262e+00,4.7410921297020145e+00,4.0453318352027514e+00,4.0453318352027514e+00,4.0453318352027514e+00,4.7410921297020145e+00,4.7410921297020145e+00,4.7410921297020145e+00,0.0000000000000000e+00,2.2509891052757416e+00,5.5094002038681262e+00,5.5094002038681262e+00,5.5094002038681262e+00,5.5094002038681262e+00,5.5094002038681262e+00,8.4684284960274714e-01,5.5094002038681262e+00,5.5094002038681262e+00,4.7410921297020145e+00,4.7410921297020145e+00,5.5094002038681262e+00,1.6500614098000628e+00,0.0000000000000000e+00,2.2509891052757416e+00,5.5094002038681262e+00,4.7410921297020145e+00,1.6500614098000628e+00,4.7410921297020145e+00,0.0000000000000000e+00,5.5094002038681262e+00,5.5094002038681262e+00,2.2509891052757416e+00,5.5094002038681262e+00,2.2509891052757416e+00,4.0453318352027514e+00,1.6500614098000628e+00,1.6500614098000628e+00,4.7410921297020145e+00,5.5094002038681262e+00,4.0453318352027514e+00,5.5094002038681262e+00,5.5094002038681262e+00,4.7410921297020145e+00,5.5094002038681262e+00,5.5094002038681262e+00,4.7410921297020145e+00,4.0453318352027514e+00,4.7410921297020145e+00,4.7410921297020145e+00,8.4684284960274714e-01,3.0993527944508545e+00,4.0453318352027514e+00,8.4684284960274714e-01,3.0993527944508545e+00,2.2509891052757416e+00,5.5094002038681262e+00,2.2509891052757416e+00,5.5094002038681262e+00,4.7410921297020145e+00,4.0453318352027514e+00,0.0000000000000000e+00,5.5094002038681262e+00,3.0993527944508545e+00,4.7410921297020145e+00,4.7410921297020145e+00,4.7410921297020145e+00,4.7410921297020145e+00,3.0993527944508545e+00,1.6500614098000628e+00,4.0453318352027514e+00,8.4684284960274714e-01,2.2509891052757416e+00,4.0453318352027514e+00,2.2509891052757416e+00,4.7410921297020145e+00,4.7410921297020145e+00,4.0453318352027514e+00,2.2509891052757416e+00,4.7410921297020145e+00,5.5094002038681262e+00,8.4684284960274714e-01,3.0993527944508545e+00,2.2509891052757416e+00,4.7410921297020145e+00,2.2509891052757416e+00,2.2509891052757416e+00,5.5094002038681262e+00,4.0453318352027514e+00,1.6500614098000628e+00,4.7410921297020145e+00,1.6500614098000628e+00,3.0993527944508545e+00,4.7410921297020145e+00,5.5094002038681262e+00,5.5094002038681262e+00,5.5094002038681262e+00,4.7410921297020145e+00,8.4684284960274714e-01,1.6500614098000628e+00,1.6500614098000628e+00,4.7410921297020145e+00,5.5094002038681262e+00,3.0993527944508545e+00,5.5094002038681262e+00,5.5094002038681262e+00,8.4684284960274714e-01,4.7410921297020145e+00,8.4684284960274714e-01,4.0453318352027514e+00,5.5094002038681262e+00,8.4684284960274714e-01,0.0000000000000000e+00,1.6500614098000628e+00,5.5094002038681262e+00,5.5094002038681262e+00,2.2509891052757416e+00,1.6500614098000628e+00,4.0453318352027514e+00,8.4684284960274714e-01,3.0993527944508545e+00,4.7410921297020145e+00,4.0453318352027514e+00,5.5094002038681262e+00,5.5094002038681262e+00,5.5094002038681262e+00,4.7410921297020145e+00,2.2509891052757416e+00,2.2509891052757416e+00,5.5094002038681262e+00,8.4684284960274714e-01,4.0453318352027514e+00,5.5094002038681262e+00,5.5094002038681262e+00,0.0000000000000000e+00,1.6500614098000628e+00,2.2509891052757416e+00,3.0993527944508545e+00,4.7410921297020145e+00,1.6500614098000628e+00,0.0000000000000000e+00,5.5094002038681262e+00,4.7410921297020145e+00,4.7410921297020145e+00,4.7410921297020145e+00,5.5094002038681262e+00,1.6500614098000628e+00,3.0993527944508545e+00,1.6500614098000628e+00,4.7410921297020145e+00,4.7410921297020145e+00,5.5094002038681262e+00,2.2509891052757416e+00,3.0993527944508545e+00,5.5094002038681262e+00,4.7410921297020145e+00,5.5094002038681262e+00,8.4684284960274714e-01,0.0000000000000000e+00,5.5094002038681262e+00,4.0453318352027514e+00,5.5094002038681262e+00,4.0453318352027514e+00,0.0000000000000000e+00,4.0453318352027514e+00,4.7410921297020145e+00,5.5094002038681262e+00,5.5094002038681262e+00,4.7410921297020145e+00,5.5094002038681262e+00,4.0453318352027514e+00,4.7410921297020145e+00,4.7410921297020145e+00,4.7410921297020145e+00,4.7410921297020145e+00,5.5094002038681262e+00,5.5094002038681262e+00,5.5094002038681262e+00,5.5094002038681262e+00,5.5094002038681262e+00,2.2509891052757416e+00,3.0993527944508545e+00,4.7410921297020145e+00,5.5094002038681262e+00,4.7410921297020145e+00,4.7410921297020145e+00,5.5094002038681262e+00,5.5094002038681262e+00,2.2509891052757416e+00,2.2509891052757416e+00,8.4684284960274714e-01,5.5094002038681262e+00,2.2509891052757416e+00,8.4684284960274714e-01,5.5094002038681262e+00,1.6500614098000628e+00,1.6500614098000628e+00,8.4684284960274714e-01,5.5094002038681262e+00,5.5094002038681262e+00,5.5094002038681262e+00,2.2509891052757416e+00,5.5094002038681262e+00,0.0000000000000000e+00,3.0993527944508545e+00,5.5094002038681262e+00,2.2509891052757416e+00,4.7410921297020145e+00,5.5094002038681262e+00,4.7410921297020145e+00,0.0000000000000000e+00,5.5094002038681262e+00,3.0993527944508545e+00,5.5094002038681262e+00,4.0453318352027514e+00,4.0453318352027514e+00,5.5094002038681262e+00,3.0993527944508545e+00,4.7410921297020145e+00,4.7410921297020145e+00,8.4684284960274714e-01,5.5094002038681262e+00,5.5094002038681262e+00,4.7410921297020145e+00,4.7410921297020145e+00,5.5094002038681262e+00,4.7410921297020145e+00,5.5094002038681262e+00,5.5094002038681262e+00,5.5094002038681262e+00,4.7410921297020145e+00,4.0453318352027514e+00,4.0453318352027514e+00,4.7410921297020145e+00,5.5094002038681262e+00,0.0000000000000000e+00,5.5094002038681262e+00,5.5094002038681262e+00,5.5094002038681262e+00,5.5094002038681262e+00,1.6500614098000628e+00,5.5094002038681262e+00,1.6500614098000628e+00,5.5094002038681262e+00,4.7410921297020145e+00,8.4684284960274714e-01,3.0993527944508545e+00,5.5094002038681262e+00,2.2509891052757416e+00,0.0000000000000000e+00,5.5094002038681262e+00,5.5094002038681262e+00,1.6500614098000628e+00,5.5094002038681262e+00,5.5094002038681262e+00,3.0993527944508545e+00,2.2509891052757416e+00,8.4684284960274714e-01,5.5094002038681262e+00,5.5094002038681262e+00,5.5094002038681262e+00,5.5094002038681262e+00,4.7410921297020145e+00,8.4684284960274714e-01,8.4684284960274714e-01,2.2509891052757416e+00,0.0000000000000000e+00,5.5094002038681262e+00,5.5094002038681262e+00,5.5094002038681262e+00,5.5094002038681262e+00,4.7410921297020145e+00,0.0000000000000000e+00,0.0000000000000000e+00,0.0000000000000000e+00,5.5094002038681262e+00,5.5094002038681262e+00,4.7410921297020145e+00,5.5094002038681262e+00,8.4684284960274714e-01,5.5094002038681262e+00,2.2509891052757416e+00,2.2509891052757416e+00,8.4684284960274714e-01,2.2509891052757416e+00,4.0453318352027514e+00,2.2509891052757416e+00,8.4684284960274714e-01,8.4684284960274714e-01,4.0453318352027514e+00,5.5094002038681262e+00,5.5094002038681262e+00,5.5094002038681262e+00,5.5094002038681262e+00,2.2509891052757416e+00,0.0000000000000000e+00,4.0453318352027514e+00,4.7410921297020145e+00,4.7410921297020145e+00,5.5094002038681262e+00,4.7410921297020145e+00,1.6500614098000628e+00,1.6500614098000628e+00,1.6500614098000628e+00,1.6500614098000628e+00,2.2509891052757416e+00,5.5094002038681262e+00,1.6500614098000628e+00,3.0993527944508545e+00,2.2509891052757416e+00,4.7410921297020145e+00,0.0000000000000000e+00,8.4684284960274714e-01,4.0453318352027514e+00,2.2509891052757416e+00,2.2509891052757416e+00,5.5094002038681262e+00,2.2509891052757416e+00,4.7410921297020145e+00,5.5094002038681262e+00,1.6500614098000628e+00,0.0000000000000000e+00,8.4684284960274714e-01,4.0453318352027514e+00,4.0453318352027514e+00,5.5094002038681262e+00,5.5094002038681262e+00,5.5094002038681262e+00,4.0453318352027514e+00,0.0000000000000000e+00,3.0993527944508545e+00,4.0453318352027514e+00,1.6500614098000628e+00,4.7410921297020145e+00,4.7410921297020145e+00,5.5094002038681262e+00,1.6500614098000628e+00,4.7410921297020145e+00,4.7410921297020145e+00,4.7410921297020145e+00,4.7410921297020145e+00,4.7410921297020145e+00,8.4684284960274714e-01,4.7410921297020145e+00,0.0000000000000000e+00,4.7410921297020145e+00,1.6500614098000628e+00,5.5094002038681262e+00,5.5094002038681262e+00,0.0000000000000000e+00,3.0993527944508545e+00,8.4684284960274714e-01,3.0993527944508545e+00,8.4684284960274714e-01,5.5094002038681262e+00,5.5094002038681262e+00,5.5094002038681262e+00,3.0993527944508545e+00,3.0993527944508545e+00,2.2509891052757416e+00,0.0000000000000000e+00,5.5094002038681262e+00,3.0993527944508545e+00,4.7410921297020145e+00,3.0993527944508545e+00,5.5094002038681262e+00,8.4684284960274714e-01,5.5094002038681262e+00,5.5094002038681262e+00,4.0453318352027514e+00,8.4684284960274714e-01,4.0453318352027514e+00,5.5094002038681262e+00,4.0453318352027514e+00,5.5094002038681262e+00,5.5094002038681262e+00,5.5094002038681262e+00,0.0000000000000000e+00,4.0453318352027514e+00,5.5094002038681262e+00,4.7410921297020145e+00,0.0000000000000000e+00,1.6500614098000628e+00,0.0000000000000000e+00,5.5094002038681262e+00,0.0000000000000000e+00,4.7410921297020145e+00,0.0000000000000000e+00,8.4684284960274714e-01,2.2509891052757416e+00,2.2509891052757416e+00,2.2509891052757416e+00,3.0993527944508545e+00,4.7410921297020145e+00,2.2509891052757416e+00,2.2509891052757416e+00,5.5094002038681262e+00,8.4684284960274714e-01,5.5094002038681262e+00,5.5094002038681262e+00,5.5094002038681262e+00,5.5094002038681262e+00,5.5094002038681262e+00,0.0000000000000000e+00,8.4684284960274714e-01,1.6500614098000628e+00,4.7410921297020145e+00,3.0993527944508545e+00,4.7410921297020145e+00,8.4684284960274714e-01,5.5094002038681262e+00,4.7410921297020145e+00,2.2509891052757416e+00,5.5094002038681262e+00,5.5094002038681262e+00,5.5094002038681262e+00,4.7410921297020145e+00,4.7410921297020145e+00,2.2509891052757416e+00,2.2509891052757416e+00,3.0993527944508545e+00,2.2509891052757416e+00,5.5094002038681262e+00,2.2509891052757416e+00,5.5094002038681262e+00,5.5094002038681262e+00,8.4684284960274714e-01,4.7410921297020145e+00,0.0000000000000000e+00,5.5094002038681262e+00,2.2509891052757416e+00,5.5094002038681262e+00,4.7410921297020145e+00,4.0453318352027514e+00,4.0453318352027514e+00,2.2509891052757416e+00,8.4684284960274714e-01,3.0993527944508545e+00,0.0000000000000000e+00,5.5094002038681262e+00,5.5094002038681262e+00,5.5094002038681262e+00,4.7410921297020145e+00,4.0453318352027514e+00,1.6500614098000628e+00,5.5094002038681262e+00,2.2509891052757416e+00,2.2509891052757416e+00,1.6500614098000628e+00,5.5094002038681262e+00,4.7410921297020145e+00,5.5094002038681262e+00,5.5094002038681262e+00,5.5094002038681262e+00,1.6500614098000628e+00,1.6500614098000628e+00,3.0993527944508545e+00,5.5094002038681262e+00,5.5094002038681262e+00,1.6500614098000628e+00,4.0453318352027514e+00,5.5094002038681262e+00,4.0453318352027514e+00,8.4684284960274714e-01,3.0993527944508545e+00,2.2509891052757416e+00,4.0453318352027514e+00,4.7410921297020145e+00,5.5094002038681262e+00,5.5094002038681262e+00,4.0453318352027514e+00,5.5094002038681262e+00,1.6500614098000628e+00,1.6500614098000628e+00,4.0453318352027514e+00,4.0453318352027514e+00,4.0453318352027514e+00,4.7410921297020145e+00,4.7410921297020145e+00,4.0453318352027514e+00,4.0453318352027514e+00,0.0000000000000000e+00,2.2509891052757416e+00,4.7410921297020145e+00,5.5094002038681262e+00,5.5094002038681262e+00,4.7410921297020145e+00,4.7410921297020145e+00,5.5094002038681262e+00,8.4684284960274714e-01,3.0993527944508545e+00,4.7410921297020145e+00,5.5094002038681262e+00,0.0000000000000000e+00,4.7410921297020145e+00,4.7410921297020145e+00,5.5094002038681262e+00,1.6500614098000628e+00,2.2509891052757416e+00,5.5094002038681262e+00,3.0993527944508545e+00,8.4684284960274714e-01,3.0993527944508545e+00,3.0993527944508545e+00,3.0993527944508545e+00,5.5094002038681262e+00,5.5094002038681262e+00,4.7410921297020145e+00,5.5094002038681262e+00,3.0993527944508545e+00,5.5094002038681262e+00,3.0993527944508545e+00,5.5094002038681262e+00,5.5094002038681262e+00,3.0993527944508545e+00,4.7410921297020145e+00,4.7410921297020145e+00,5.5094002038681262e+00,5.5094002038681262e+00,4.7410921297020145e+00,4.7410921297020145e+00,2.2509891052757416e+00,0.0000000000000000e+00,1.6500614098000628e+00,5.5094002038681262e+00,2.2509891052757416e+00,8.4684284960274714e-01,4.0453318352027514e+00,3.0993527944508545e+00,4.0453318352027514e+00,4.0453318352027514e+00,5.5094002038681262e+00,4.0453318352027514e+00,5.5094002038681262e+00,2.2509891052757416e+00,4.7410921297020145e+00,4.0453318352027514e+00,0.0000000000000000e+00,4.7410921297020145e+00,0.0000000000000000e+00,1.6500614098000628e+00,1.6500614098000628e+00,5.5094002038681262e+00,5.5094002038681262e+00,4.0453318352027514e+00,2.2509891052757416e+00,4.0453318352027514e+00,4.0453318352027514e+00,5.5094002038681262e+00,5.5094002038681262e+00,2.2509891052757416e+00,4.0453318352027514e+00,4.0453318352027514e+00,3.0993527944508545e+00,3.0993527944508545e+00,4.7410921297020145e+00,4.7410921297020145e+00,3.0993527944508545e+00,4.7410921297020145e+00,0.0000000000000000e+00,5.5094002038681262e+00,1.6500614098000628e+00,4.7410921297020145e+00,2.2509891052757416e+00,5.5094002038681262e+00,5.5094002038681262e+00,8.4684284960274714e-01,1.6500614098000628e+00,3.0993527944508545e+00,4.0453318352027514e+00,3.0993527944508545e+00,4.0453318352027514e+00,5.5094002038681262e+00,4.0453318352027514e+00,8.4684284960274714e-01,4.0453318352027514e+00,5.5094002038681262e+00,5.5094002038681262e+00,0.0000000000000000e+00,4.7410921297020145e+00,8.4684284960274714e-01,8.4684284960274714e-01,0.0000000000000000e+00,1.6500614098000628e+00,8.4684284960274714e-01,5.5094002038681262e+00,0.0000000000000000e+00,0.0000000000000000e+00,3.0993527944508545e+00,3.0993527944508545e+00,1.6500614098000628e+00,3.0993527944508545e+00,3.0993527944508545e+00,3.0993527944508545e+00,3.0993527944508545e+00,8.4684284960274714e-01,3.0993527944508545e+00,3.0993527944508545e+00,3.0993527944508545e+00,3.0993527944508545e+00,3.0993527944508545e+00,1.6500614098000628e+00,0.0000000000000000e+00,0.0000000000000000e+00,4.0453318352027514e+00,8.4684284960274714e-01,4.0453318352027514e+00,4.7410921297020145e+00,2.2509891052757416e+00,0.0000000000000000e+00,0.0000000000000000e+00,4.0453318352027514e+00,3.0993527944508545e+00,1.6500614098000628e+00,3.0993527944508545e+00,0.0000000000000000e+00,4.7410921297020145e+00,2.2509891052757416e+00,5.5094002038681262e+00,1.6500614098000628e+00,2.2509891052757416e+00,5.5094002038681262e+00,4.7410921297020145e+00,4.0453318352027514e+00,1.6500614098000628e+00,3.0993527944508545e+00,4.0453318352027514e+00,2.2509891052757416e+00,2.2509891052757416e+00,2.2509891052757416e+00,3.0993527944508545e+00,4.0453318352027514e+00,8.4684284960274714e-01,5.5094002038681262e+00,5.5094002038681262e+00,5.5094002038681262e+00,4.7410921297020145e+00,3.0993527944508545e+00,1.6500614098000628e+00,4.7410921297020145e+00,4.7410921297020145e+00,5.5094002038681262e+00,8.4684284960274714e-01,8.4684284960274714e-01,1.6500614098000628e+00,4.7410921297020145e+00,4.7410921297020145e+00,8.4684284960274714e-01,4.0453318352027514e+00,5.5094002038681262e+00,4.0453318352027514e+00,5.5094002038681262e+00,5.5094002038681262e+00,5.5094002038681262e+00,1.6500614098000628e+00,0.0000000000000000e+00,1.6500614098000628e+00,4.7410921297020145e+00,1.6500614098000628e+00,5.5094002038681262e+00,4.7410921297020145e+00,4.7410921297020145e+00,5.5094002038681262e+00,8.4684284960274714e-01,2.2509891052757416e+00,3.0993527944508545e+00,8.4684284960274714e-01,4.7410921297020145e+00,4.7410921297020145e+00,3.0993527944508545e+00,3.0993527944508545e+00,4.7410921297020145e+00,3.0993527944508545e+00,2.2509891052757416e+00,2.2509891052757416e+00,3.0993527944508545e+00,3.0993527944508545e+00,3.0993527944508545e+00,3.0993527944508545e+00,5.5094002038681262e+00,4.7410921297020145e+00,4.0453318352027514e+00,2.2509891052757416e+00,4.7410921297020145e+00,4.7410921297020145e+00,2.2509891052757416e+00,4.7410921297020145e+00,4.0453318352027514e+00,8.4684284960274714e-01,2.2509891052757416e+00,4.7410921297020145e+00,8.4684284960274714e-01,4.0453318352027514e+00,3.0993527944508545e+00,3.0993527944508545e+00,4.0453318352027514e+00,5.5094002038681262e+00,0.0000000000000000e+00,5.5094002038681262e+00,4.7410921297020145e+00,5.5094002038681262e+00,4.7410921297020145e+00,5.5094002038681262e+00,4.0453318352027514e+00,4.0453318352027514e+00,3.0993527944508545e+00,4.7410921297020145e+00,5.5094002038681262e+00,4.7410921297020145e+00,4.0453318352027514e+00,5.5094002038681262e+00,8.4684284960274714e-01,4.7410921297020145e+00,2.2509891052757416e+00,2.2509891052757416e+00,2.2509891052757416e+00,4.7410921297020145e+00,5.5094002038681262e+00,5.5094002038681262e+00,8.4684284960274714e-01,8.4684284960274714e-01,4.0453318352027514e+00,4.7410921297020145e+00,8.4684284960274714e-01,4.7410921297020145e+00,4.0453318352027514e+00,2.2509891052757416e+00,4.7410921297020145e+00,8.4684284960274714e-01,5.5094002038681262e+00,5.5094002038681262e+00,2.2509891052757416e+00,0.0000000000000000e+00,4.7410921297020145e+00,5.5094002038681262e+00,4.0453318352027514e+00,4.7410921297020145e+00,4.0453318352027514e+00,2.2509891052757416e+00,5.5094002038681262e+00,4.0453318352027514e+00,5.5094002038681262e+00,8.4684284960274714e-01,5.5094002038681262e+00,1.6500614098000628e+00,4.7410921297020145e+00,5.5094002038681262e+00,3.0993527944508545e+00,8.4684284960274714e-01,3.0993527944508545e+00,3.0993527944508545e+00,5.5094002038681262e+00,5.5094002038681262e+00,0.0000000000000000e+00,4.7410921297020145e+00,8.4684284960274714e-01,8.4684284960274714e-01,5.5094002038681262e+00,8.4684284960274714e-01,4.7410921297020145e+00,4.7410921297020145e+00,4.7410921297020145e+00,3.0993527944508545e+00,3.0993527944508545e+00,5.5094002038681262e+00,8.4684284960274714e-01,8.4684284960274714e-01,1.6500614098000628e+00,2.2509891052757416e+00,0.0000000000000000e+00,4.7410921297020145e+00,3.0993527944508545e+00,4.7410921297020145e+00,4.0453318352027514e+00,4.7410921297020145e+00,0.0000000000000000e+00,4.7410921297020145e+00,8.4684284960274714e-01,1.6500614098000628e+00,8.4684284960274714e-01,4.7410921297020145e+00,8.4684284960274714e-01,4.7410921297020145e+00,4.0453318352027514e+00,4.7410921297020145e+00,4.0453318352027514e+00,8.4684284960274714e-01,1.6500614098000628e+00,2.2509891052757416e+00,5.5094002038681262e+00,2.2509891052757416e+00,1.6500614098000628e+00,0.0000000000000000e+00,5.5094002038681262e+00,5.5094002038681262e+00,4.7410921297020145e+00,5.5094002038681262e+00,4.7410921297020145e+00,5.5094002038681262e+00,4.7410921297020145e+00,0.0000000000000000e+00,0.0000000000000000e+00,4.0453318352027514e+00,4.0453318352027514e+00,4.0453318352027514e+00,2.2509891052757416e+00,4.7410921297020145e+00,4.0453318352027514e+00,8.4684284960274714e-01,2.2509891052757416e+00,4.0453318352027514e+00,0.0000000000000000e+00,4.0453318352027514e+00,5.5094002038681262e+00,4.7410921297020145e+00,2.2509891052757416e+00,4.7410921297020145e+00,4.0453318352027514e+00,4.7410921297020145e+00,5.5094002038681262e+00,4.7410921297020145e+00,1.6500614098000628e+00,4.0453318352027514e+00,4.7410921297020145e+00,1.6500614098000628e+00,0.0000000000000000e+00,2.2509891052757416e+00,5.5094002038681262e+00,1.6500614098000628e+00,1.6500614098000628e+00,4.0453318352027514e+00,4.0453318352027514e+00,0.0000000000000000e+00,1.6500614098000628e+00,2.2509891052757416e+00,4.7410921297020145e+00,5.5094002038681262e+00,5.5094002038681262e+00,5.5094002038681262e+00,2.2509891052757416e+00,4.0453318352027514e+00,1.6500614098000628e+00,1.6500614098000628e+00,5.5094002038681262e+00,2.2509891052757416e+00,5.5094002038681262e+00,4.7410921297020145e+00,5.5094002038681262e+00,2.2509891052757416e+00,5.5094002038681262e+00,5.5094002038681262e+00,4.0453318352027514e+00,8.4684284960274714e-01,4.7410921297020145e+00,4.7410921297020145e+00,5.5094002038681262e+00,3.0993527944508545e+00,3.0993527944508545e+00,4.7410921297020145e+00,5.5094002038681262e+00,5.5094002038681262e+00,2.2509891052757416e+00,5.5094002038681262e+00,5.5094002038681262e+00,4.0453318352027514e+00,5.5094002038681262e+00,2.2509891052757416e+00,2.2509891052757416e+00,4.0453318352027514e+00,1.6500614098000628e+00,4.7410921297020145e+00,4.7410921297020145e+00,8.4684284960274714e-01,3.0993527944508545e+00,4.7410921297020145e+00,4.7410921297020145e+00,4.7410921297020145e+00,4.7410921297020145e+00,5.5094002038681262e+00,4.7410921297020145e+00,3.0993527944508545e+00,5.5094002038681262e+00,2.2509891052757416e+00,2.2509891052757416e+00,4.0453318352027514e+00,5.5094002038681262e+00,1.6500614098000628e+00,0.0000000000000000e+00,5.5094002038681262e+00,4.0453318352027514e+00,5.5094002038681262e+00
2.2914429570670558e+00,2.2914429570670558e+00,2.2914429570670558e+00,2.2914429570670558e+00,2.2914429570670558e+00,5.4136827730390786e+00,5.4136827730390786e+00,7.7603774924490110e-01,5.4136827730390786e+00,2.8368791096484096e+00,5.4136827730390786e+00,5.4136827730390786e+00,5.4136827730390786e+00,5.4136827730390786e+00,5.4136827730390786e+00,4.4992949251460548e+00,4.4992949251460548e+00,4.4992949251460548e+00,1.6131884240654866e+00,1.6131884240654866e+00,2.2914429570670558e+00,5.4136827730390786e+00,4.4992949251460548e+00,4.4992949251460548e+00,4.4992949251460548e+00,4.4992949251460548e+00,5.4136827730390786e+00,5.4136827730390786e+00,4.4992949251460548e+00,3.5338679457581481e+00,5.4136827730390786e+00,2.8368791096484096e+00,2.2914429570670558e+00,5.4136827730390786e+00,5.4136827730390786e+00,4.4992949251460548e+00,5.4136827730390786e+00,4.4992949251460548e+00,2.2914429570670558e+00,5.4136827730390786e+00,4.4992949251460548e+00,5.4136827730390786e+00,3.5338679457581481e+00,3.5338679457581481e+00,5.4136827730390786e+00,4.4992949251460548e+00,2.2914429570670558e+00,3.5338679457581481e+00,5.4136827730390786e+00,5.4136827730390786e+00,5.4136827730390786e+00,0.0000000000000000e+00,5.4136827730390786e+00,4.4992949251460548e+00,3.5338679457581481e+00,0.0000000000000000e+00,2.2914429570670558e+00,3.5338679457581481e+00,5.4136827730390786e+00,2.8368791096484096e+00,7.7603774924490110e-01,5.4136827730390786e+00,5.4136827730390786e+00,1.6131884240654866e+00,5.4136827730390786e+00,2.8368791096484096e+00,4.4992949251460548e+00,4.4992949251460548e+00,5.4136827730390786e+00,2.8368791096484096e+00,3.5338679457581481e+00,2.8368791096484096e+00,2.2914429570670558e+00,4.4992949251460548e+00,7.7603774924490110e-01,1.6131884240654866e+00,5.4136827730390786e+00,0.0000000000000000e+00,3.5338679457581481e+00,2.8368791096484096e+00,0.0000000000000000e+00,2.8368791096484096e+00,5.4136827730390786e+00,5.4136827730390786e+00,4.4992949251460548e+00,5.4136827730390786e+00,5.4136827730390786e+00,2.2914429570670558e+00,0.0000000000000000e+00,5.4136827730390786e+00,5.4136827730390786e+00,3.5338679457581481e+00,2.8368791096484096e+00,2.8368791096484096e+00,2.2914429570670558e+00,2.2914429570670558e+00,2.2914429570670558e+00,2.8368791096484096e+00,2.2914429570670558e+00,2.8368791096484096e+00,3.5338679457581481e+00,5.4136827730390786e+00,5.4136827730390786e+00,0.0000000000000000e+00,0.0000000000000000e+00,3.5338679457581481e+00,4.4992949251460548e+00,3.5338679457581481e+00,5.4136827730390786e+00,5.4136827730390786e+00,3.5338679457581481e+00,3.5338679457581481e+00,2.2914429570670558e+00,3.5338679457581481e+00,3.5338679457581481e+00,5.4136827730390786e+00,3.5338679457581481e+00,4.4992949251460548e+00,3.5338679457581481e+00,5.4136827730390786e+00,2.2914429570670558e+00,2.2914429570670558e+00,3.5338679457581481e+00,7.7603774924490110e-01,3.5338679457581481e+00,2.8368791096484096e+00,2.8368791096484096e+00,3.5338679457581481e+00,1.6131884240654866e+00,4.4992949251460548e+00,4.4992949251460548e+00,4.4992949251460548e+00,3.5338679457581481e+00,4.4992949251460548e+00,1.6131884240654866e+00,4.4992949251460548e+00,1.6131884240654866e+00,4.4992949251460548e+00,3.5338679457581481e+00,3.5338679457581481e+00,5.4136827730390786e+00,4.4992949251460548e+00,4.4992949251460548e+00,4.4992949251460548e+00,2.8368791096484096e+00,3.5338679457581481e+00,2.8368791096484096e+00,4.4992949251460548e+00,3.5338679457581481e+00,2.2914429570670558e+00,4.4992949251460548e+00,4.4992949251460548e+00,4.4992949251460548e+00,4.4992949251460548e+00,4.4992949251460548e+00,4.4992949251460548e+00,4.4992949251460548e+00,4.4992949251460548e+00,4.4992949251460548e+00,2.8368791096484096e+00,2.2914429570670558e+00,4.4992949251460548e+00,0.0000000000000000e+00,7.7603774924490110e-01,7.7603774924490110e-01,7.7603774924490110e-01,2.2914429570670558e+00,3.5338679457581481e+00,3.5338679457581481e+00,5.4136827730390786e+00,3.5338679457581481e+00,1.6131884240654866e+00,0.0000000000000000e+00,2.2914429570670558e+00,5.4136827730390786e+00,2.2914429570670558e+00,5.4136827730390786e+00,4.4992949251460548e+00,5.4136827730390786e+00,5.4136827730390786e+00,4.4992949251460548e+00,5.4136827730390786e+00,4.4992949251460548e+00,5.4136827730390786e+00,4.4992949251460548e+00,5.4136827730390786e+00,3.5338679457581481e+00,2.2914429570670558e+00,0.0000000000000000e+00,5.4136827730390786e+00,3.5338679457581481e+00,2.2914429570670558e+00,7.7603774924490110e-01,2.2914429570670558e+00,2.2914429570670558e+00,3.5338679457581481e+00,3.5338679457581481e+00,4.4992949251460548e+00,0.0000000000000000e+00,5.4136827730390786e+00,3.5338679457581481e+00,2.8368791096484096e+00,7.7603774924490110e-01,5.4136827730390786e+00,1.6131884240654866e+00,1.6131884240654866e+00,1.6131884240654866e+00,2.8368791096484096e+00,5.4136827730390786e+00,4.4992949251460548e+00,1.6131884240654866e+00,3.5338679457581481e+00,3.5338679457581481e+00,5.4136827730390786e+00,4.4992949251460548e+00,3.5338679457581481e+00,4.4992949251460548e+00,2.8368791096484096e+00,3.5338679457581481e+00,2.2914429570670558e+00,2.8368791096484096e+00,3.5338679457581481e+00,3.5338679457581481e+00,0.0000000000000000e+00,1.6131884240654866e+00,7.7603774924490110e-01,7.7603774924490110e-01,7.7603774924490110e-01,4.4992949251460548e+00,5.4136827730390786e+00,2.8368791096484096e+00,4.4992949251460548e+00,3.5338679457581481e+00,0.0000000000000000e+00,2.2914429570670558e+00,4.4992949251460548e+00,2.2914429570670558e+00,3.5338679457581481e+00,2.8368791096484096e+00,0.0000000000000000e+00,2.2914429570670558e+00,2.8368791096484096e+00,2.2914429570670558e+00,2.8368791096484096e+00,2.2914429570670558e+00,1.6131884240654866e+00,7.7603774924490110e-01,7.7603774924490110e-01,5.4136827730390786e+00,3.5338679457581481e+00,7.7603774924490110e-01,3.5338679457581481e+00,4.4992949251460548e+00,4.4992949251460548e+00,4.4992949251460548e+00,7.7603774924490110e-01,4.4992949251460548e+00,4.4992949251460548e+00,3.5338679457581481e+00,3.5338679457581481e+00,4.4992949251460548e+00,7.7603774924490110e-01,1.6131884240654866e+00,1.6131884240654866e+00,3.5338679457581481e+00,4.4992949251460548e+00,1.6131884240654866e+00,1.6131884240654866e+00,1.6131884240654866e+00,4.4992949251460548e+00,2.8368791096484096e+00,4.4992949251460548e+00,4.4992949251460548e+00,4.4992949251460548e+00,3.5338679457581481e+00,4.4992949251460548e+00,4.4992949251460548e+00,4.4992949251460548e+00,3.5338679457581481e+00,2.8368791096484096e+00,7.7603774924490110e-01,3.5338679457581481e+00,3.5338679457581481e+00,4.4992949251460548e+00,3.5338679457581481e+00,7.7603774924490110e-01,3.5338679457581481e+00,4.4992949251460548e+00,4.4992949251460548e+00,2.8368791096484096e+00,0.0000000000000000e+00,5.4136827730390786e+00,4.4992949251460548e+00,2.2914429570670558e+00,7.7603774924490110e-01,0.0000000000000000e+00,7.7603774924490110e-01,5.4136827730390786e+00,3.5338679457581481e+00,2.2914429570670558e+00,2.2914429570670558e+00,2.8368791096484096e+00,5.4136827730390786e+00,5.4136827730390786e+00,2.8368791096484096e+00,2.8368791096484096e+00,5.4136827730390786e+00,2.8368791096484096e+00,3.5338679457581481e+00,5.4136827730390786e+00,4.4992949251460548e+00,4.4992949251460548e+00,3.5338679457581481e+00,2.8368791096484096e+00,3.5338679457581481e+00,7.7603774924490110e-01,2.8368791096484096e+00,4.4992949251460548e+00,0.0000000000000000e+00,3.5338679457581481e+00,2.8368791096484096e+00,2.8368791096484096e+00,4.4992949251460548e+00,0.0000000000000000e+00,2.2914429570670558e+00,5.4136827730390786e+00,3.5338679457581481e+00,5.4136827730390786e+00,5.4136827730390786e+00,3.5338679457581481e+00,0.0000000000000000e+00,2.2914429570670558e+00,1.6131884240654866e+00,5.4136827730390786e+00,2.2914429570670558e+00,7.7603774924490110e-01,2.2914429570670558e+00,5.4136827730390786e+00,5.4136827730390786e+00,2.8368791096484096e+00,2.8368791096484096e+00,4.4992949251460548e+00,5.4136827730390786e+00,1.6131884240654866e+00,2.8368791096484096e+00,0.0000000000000000e+00,4.4992949251460548e+00,5.4136827730390786e+00,0.0000000000000000e+00,0.0000000000000000e+00,7.7603774924490110e-01,3.5338679457581481e+00,3.5338679457581481e+00,5.4136827730390786e+00,7.7603774924490110e-01,2.2914429570670558e+00,5.4136827730390786e+00,5.4136827730390786e+00,4.4992949251460548e+00,1.6131884240654866e+00,2.8368791096484096e+00,2.8368791096484096e+00,4.4992949251460548e+00,5.4136827730390786e+00,5.4136827730390786e+00,5.4136827730390786e+00,4.4992949251460548e+00,5.4136827730390786e+00,4.4992949251460548e+00,4.4992949251460548e+00,2.2914429570670558e+00,4.4992949251460548e+00,2.2914429570670558e+00,1.6131884240654866e+00,5.4136827730390786e+00,7.7603774924490110e-01,2.8368791096484096e+00,4.4992949251460548e+00,4.4992949251460548e+00,2.2914429570670558e+00,4.4992949251460548e+00,4.4992949251460548e+00,7.7603774924490110e-01,2.8368791096484096e+00,0.0000000000000000e+00,5.4136827730390786e+00,4.4992949251460548e+00,3.5338679457581481e+00,3.5338679457581481e+00,2.8368791096484096e+00,2.8368791096484096e+00,5.4136827730390786e+00,2.8368791096484096e+00,5.4136827730390786e+00,5.4136827730390786e+00,5.4136827730390786e+00,5.4136827730390786e+00,5.4136827730390786e+00,4.4992949251460548e+00,2.8368791096484096e+00,5.4136827730390786e+00,0.0000000000000000e+00,0.0000000000000000e+00,7.7603774924490110e-01,3.5338679457581481e+00,5.4136827730390786e+00,1.6131884240654866e+00,5.4136827730390786e+00,5.4136827730390786e+00,4.4992949251460548e+00,3.5338679457581481e+00,5.4136827730390786e+00,2.2914429570670558e+00,2.8368791096484096e+00,5.4136827730390786e+00,1.6131884240654866e+00,2.8368791096484096e+00,7.7603774924490110e-01,5.4136827730390786e+00,2.8368791096484096e+00,1.6131884240654866e+00,5.4136827730390786e+00,7.7603774924490110e-01,4.4992949251460548e+00,5.4136827730390786e+00,5.4136827730390786e+00,2.2914429570670558e+00,4.4992949251460548e+00,7.7603774924490110e-01,1.6131884240654866e+00,0.0000000000000000e+00,2.8368791096484096e+00,1.6131884240654866e+00,5.4136827730390786e+00,7.7603774924490110e-01,5.4136827730390786e+00,7.7603774924490110e-01,5.4136827730390786e+00,7.7603774924490110e-01,7.7603774924490110e-01,7.7603774924490110e-01,4.4992949251460548e+00,4.4992949251460548e+00,4.4992949251460548e+00,4.4992949251460548e+00,4.4992949251460548e+00,3.5338679457581481e+00,4.4992949251460548e+00,2.8368791096484096e+00,5.4136827730390786e+00,2.2914429570670558e+00,7.7603774924490110e-01,5.4136827730390786e+00,7.7603774924490110e-01,4.4992949251460548e+00,4.4992949251460548e+00,3.5338679457581481e+00,2.2914429570670558e+00,3.5338679457581481e+00,0.0000000000000000e+00,2.8368791096484096e+00,3.5338679457581481e+00,2.2914429570670558e+00,7.7603774924490110e-01,5.4136827730390786e+00,5.4136827730390786e+00,2.2914429570670558e+00,2.8368791096484096e+00,5.4136827730390786e+00,4.4992949251460548e+00,0.0000000000000000e+00,2.8368791096484096e+00,4.4992949251460548e+00,4.4992949251460548e+00,4.4992949251460548e+00,4.4992949251460548e+00,4.4992949251460548e+00,4.4992949251460548e+00,4.4992949251460548e+00,2.8368791096484096e+00,4.4992949251460548e+00,0.0000000000000000e+00,7.7603774924490110e-01,5.4136827730390786e+00,5.4136827730390786e+00,4.4992949251460548e+00,5.4136827730390786e+00,0.0000000000000000e+00,5.4136827730390786e+00,2.8368791096484096e+00,4.4992949251460548e+00,4.4992949251460548e+00,4.4992949251460548e+00,2.8368791096484096e+00,4.4992949251460548e+00,2.8368791096484096e+00,2.8368791096484096e+00,4.4992949251460548e+00,4.4992949251460548e+00,4.4992949251460548e+00,0.0000000000000000e+00,7.7603774924490110e-01,2.2914429570670558e+00,7.7603774924490110e-01,4.4992949251460548e+00,0.0000000000000000e+00,4.4992949251460548e+00,4.4992949251460548e+00,5.4136827730390786e+00,2.2914429570670558e+00,4.4992949251460548e+00,2.8368791096484096e+00,5.4136827730390786e+00,2.2914429570670558e+00,5.4136827730390786e+00,5.4136827730390786e+00,7.7603774924490110e-01,5.4136827730390786e+00,2.8368791096484096e+00,5.4136827730390786e+00,5.4136827730390786e+00,4.4992949251460548e+00,5.4136827730390786e+00,7.7603774924490110e-01,4.4992949251460548e+00,4.4992949251460548e+00,5.4136827730390786e+00,2.8368791096484096e+00,7.7603774924490110e-01,5.4136827730390786e+00,2.2914429570670558e+00,3.5338679457581481e+00,3.5338679457581481e+00,1.6131884240654866e+00,5.4136827730390786e+00,5.4136827730390786e+00,5.4136827730390786e+00,5.4136827730390786e+00,7.7603774924490110e-01,5.4136827730390786e+00,2.8368791096484096e+00,3.5338679457581481e+00,2.2914429570670558e+00,2.2914429570670558e+00,3.5338679457581481e+00,3.5338679457581481e+00,5.4136827730390786e+00,4.4992949251460548e+00,5.4136827730390786e+00,2.2914429570670558e+00,0.0000000000000000e+00,5.4136827730390786e+00,3.5338679457581481e+00,3.5338679457581481e+00,3.5338679457581481e+00,5.4136827730390786e+00,5.4136827730390786e+00,3.5338679457581481e+00,3.5338679457581481e+00,2.8368791096484096e+00,4.4992949251460548e+00,3.5338679457581481e+00,2.2914429570670558e+00,2.8368791096484096e+00,4.4992949251460548e+00,4.4992949251460548e+00,4.4992949251460548e+00,5.4136827730390786e+00,4.4992949251460548e+00,3.5338679457581481e+00,2.2914429570670558e+00,7.7603774924490110e-01,2.8368791096484096e+00,4.4992949251460548e+00,4.4992949251460548e+00,5.4136827730390786e+00,0.0000000000000000e+00,5.4136827730390786e+00,4.4992949251460548e+00,2.8368791096484096e+00,4.4992949251460548e+00,4.4992949251460548e+00,0.0000000000000000e+00,3.5338679457581481e+00,3.5338679457581481e+00,3.5338679457581481e+00,3.5338679457581481e+00,1.6131884240654866e+00,7.7603774924490110e-01,5.4136827730390786e+00,1.6131884240654866e+00,7.7603774924490110e-01,4.4992949251460548e+00,4.4992949251460548e+00,0.0000000000000000e+00,2.2914429570670558e+00,4.4992949251460548e+00,4.4992949251460548e+00,1.6131884240654866e+00,2.8368791096484096e+00,4.4992949251460548e+00,5.4136827730390786e+00,0.0000000000000000e+00,4.4992949251460548e+00,4.4992949251460548e+00,2.8368791096484096e+00,5.4136827730390786e+00,4.4992949251460548e+00,0.0000000000000000e+00,2.8368791096484096e+00,3.5338679457581481e+00,3.5338679457581481e+00,0.0000000000000000e+00,3.5338679457581481e+00,5.4136827730390786e+00,3.5338679457581481e+00,7.7603774924490110e-01,3.5338679457581481e+00,4.4992949251460548e+00,4.4992949251460548e+00,5.4136827730390786e+00,5.4136827730390786e+00,1.6131884240654866e+00,5.4136827730390786e+00,5.4136827730390786e+00,5.4136827730390786e+00,3.5338679457581481e+00,3.5338679457581481e+00,3.5338679457581481e+00,4.4992949251460548e+00,1.6131884240654866e+00,0.0000000000000000e+00,2.2914429570670558e+00,1.6131884240654866e+00,3.5338679457581481e+00,4.4992949251460548e+00,4.4992949251460548e+00,1.6131884240654866e+00,5.4136827730390786e+00,5.4136827730390786e+00,7.7603774924490110e-01,1.6131884240654866e+00,7.7603774924490110e-01,0.0000000000000000e+00,3.5338679457581481e+00,2.8368791096484096e+00,3.5338679457581481e+00,4.4992949251460548e+00,4.4992949251460548e+00,4.4992949251460548e+00,4.4992949251460548e+00,3.5338679457581481e+00,0.0000000000000000e+00,4.4992949251460548e+00,3.5338679457581481e+00,2.2914429570670558e+00,2.2914429570670558e+00,5.4136827730390786e+00,0.0000000000000000e+00,3.5338679457581481e+00,2.8368791096484096e+00,7.7603774924490110e-01,4.4992949251460548e+00,4.4992949251460548e+00,4.4992949251460548e+00,1.6131884240654866e+00,4.4992949251460548e+00,3.5338679457581481e+00,3.5338679457581481e+00,2.8368791096484096e+00,4.4992949251460548e+00,4.4992949251460548e+00,2.8368791096484096e+00,2.8368791096484096e+00,2.8368791096484096e+00,4.4992949251460548e+00,7.7603774924490110e-01,3.5338679457581481e+00,4.4992949251460548e+00,2.8368791096484096e+00,0.0000000000000000e+00,2.8368791096484096e+00,2.8368791096484096e+00,4.4992949251460548e+00,1.6131884240654866e+00,5.4136827730390786e+00,3.5338679457581481e+00,4.4992949251460548e+00,5.4136827730390786e+00,4.4992949251460548e+00,4.4992949251460548e+00,5.4136827730390786e+00,4.4992949251460548e+00,1.6131884240654866e+00,4.4992949251460548e+00,2.2914429570670558e+00,2.8368791096484096e+00,5.4136827730390786e+00,5.4136827730390786e+00,4.4992949251460548e+00,2.8368791096484096e+00,5.4136827730390786e+00,4.4992949251460548e+00,7.7603774924490110e-01,3.5338679457581481e+00,4.4992949251460548e+00,3.5338679457581481e+00,0.0000000000000000e+00,1.6131884240654866e+00,2.2914429570670558e+00,7.7603774924490110e-01,2.2914429570670558e+00,5.4136827730390786e+00,5.4136827730390786e+00,5.4136827730390786e+00,2.2914429570670558e+00,7.7603774924490110e-01,7.7603774924490110e-01,4.4992949251460548e+00,2.2914429570670558e+00,5.4136827730390786e+00,4.4992949251460548e+00,7.7603774924490110e-01,2.2914429570670558e+00,4.4992949251460548e+00,5.4136827730390786e+00,2.2914429570670558e+00,5.4136827730390786e+00,5.4136827730390786e+00,4.4992949251460548e+00,2.8368791096484096e+00,3.5338679457581481e+00,4.4992949251460548e+00,3.5338679457581481e+00,3.5338679457581481e+00,3.5338679457581481e+00,3.5338679457581481e+00,3.5338679457581481e+00,3.5338679457581481e+00,1.6131884240654866e+00,4.4992949251460548e+00,4.4992949251460548e+00,2.8368791096484096e+00,4.4992949251460548e+00,4.4992949251460548e+00,4.4992949251460548e+00,0.0000000000000000e+00,4.4992949251460548e+00,4.4992949251460548e+00,0.0000000000000000e+00,2.2914429570670558e+00,0.0000000000000000e+00,4.4992949251460548e+00,5.4136827730390786e+00,5.4136827730390786e+00,4.4992949251460548e+00,4.4992949251460548e+00,4.4992949251460548e+00,2.8368791096484096e+00,4.4992949251460548e+00,2.2914429570670558e+00,3.5338679457581481e+00,3.5338679457581481e+00,2.8368791096484096e+00,2.8368791096484096e+00,4.4992949251460548e+00,4.4992949251460548e+00,4.4992949251460548e+00,4.4992949251460548e+00,4.4992949251460548e+00,4.4992949251460548e+00,2.2914429570670558e+00,2.2914429570670558e+00,5.4136827730390786e+00,5.4136827730390786e+00,3.5338679457581481e+00,4.4992949251460548e+00,3.5338679457581481e+00,2.8368791096484096e+00,2.8368791096484096e+00,3.5338679457581481e+00,3.5338679457581481e+00,3.5338679457581481e+00,2.2914429570670558e+00,4.4992949251460548e+00,4.4992949251460548e+00,4.4992949251460548e+00,1.6131884240654866e+00,5.4136827730390786e+00,2.2914429570670558e+00,5.4136827730390786e+00,7.7603774924490110e-01,1.6131884240654866e+00,5.4136827730390786e+00,5.4136827730390786e+00,2.2914429570670558e+00,2.2914429570670558e+00,2.8368791096484096e+00,5.4136827730390786e+00,5.4136827730390786e+00,1.6131884240654866e+00,2.2914429570670558e+00,5.4136827730390786e+00,0.0000000000000000e+00,2.2914429570670558e+00,2.8368791096484096e+00,2.2914429570670558e+00,4.4992949251460548e+00,5.4136827730390786e+00,3.5338679457581481e+00,5.4136827730390786e+00,5.4136827730390786e+00,1.6131884240654866e+00,2.2914429570670558e+00,2.8368791096484096e+00,5.4136827730390786e+00,5.4136827730390786e+00,3.5338679457581481e+00,2.2914429570670558e+00,4.4992949251460548e+00,0.0000000000000000e+00,1.6131884240654866e+00,3.5338679457581481e+00,3.5338679457581481e+00,5.4136827730390786e+00,7.7603774924490110e-01,5.4136827730390786e+00,5.4136827730390786e+00,5.4136827730390786e+00,5.4136827730390786e+00,2.2914429570670558e+00,5.4136827730390786e+00,4.4992949251460548e+00,0.0000000000000000e+00,2.8368791096484096e+00,3.5338679457581481e+00,2.8368791096484096e+00,3.5338679457581481e+00,3.5338679457581481e+00,4.4992949251460548e+00,5.4136827730390786e+00,3.5338679457581481e+00,3.5338679457581481e+00,2.2914429570670558e+00,2.2914429570670558e+00,2.8368791096484096e+00,5.4136827730390786e+00,4.4992949251460548e+00,5.4136827730390786e+00,2.8368791096484096e+00,5.4136827730390786e+00,3.5338679457581481e+00,5.4136827730390786e+00,5.4136827730390786e+00,5.4136827730390786e+00,3.5338679457581481e+00,5.4136827730390786e+00,5.4136827730390786e+00,2.8368791096484096e+00,5.4136827730390786e+00,5.4136827730390786e+00,2.8368791096484096e+00,5.4136827730390786e+00,4.4992949251460548e+00,3.5338679457581481e+00,5.4136827730390786e+00,5.4136827730390786e+00,4.4992949251460548e+00,4.4992949251460548e+00,5.4136827730390786e+00,1.6131884240654866e+00,1.6131884240654866e+00,3.5338679457581481e+00,5.4136827730390786e+00,5.4136827730390786e+00,5.4136827730390786e+00,5.4136827730390786e+00,5.4136827730390786e+00,4.4992949251460548e+00,5.4136827730390786e+00,1.6131884240654866e+00,1.6131884240654866e+00,2.2914429570670558e+00,2.2914429570670558e+00,2.2914429570670558e+00,2.2914429570670558e+00,0.0000000000000000e+00,7.7603774924490110e-01,2.2914429570670558e+00,3.5338679457581481e+00,0.0000000000000000e+00,3.5338679457581481e+00,3.5338679457581481e+00,2.8368791096484096e+00,3.5338679457581481e+00,4.4992949251460548e+00,2.2914429570670558e+00,3.5338679457581481e+00,5.4136827730390786e+00,5.4136827730390786e+00,3.5338679457581481e+00,2.2914429570670558e+00,5.4136827730390786e+00,5.4136827730390786e+00,3.5338679457581481e+00,4.4992949251460548e+00,3.5338679457581481e+00,7.7603774924490110e-01,1.6131884240654866e+00,3.5338679457581481e+00,5.4136827730390786e+00,5.4136827730390786e+00,2.2914429570670558e+00,5.4136827730390786e+00,5.4136827730390786e+00,7.7603774924490110e-01,4.4992949251460548e+00,4.4992949251460548e+00,5.4136827730390786e+00,0.0000000000000000e+00,5.4136827730390786e+00,2.2914429570670558e+00,7.7603774924490110e-01,2.2914429570670558e+00,5.4136827730390786e+00,5.4136827730390786e+00,2.8368791096484096e+00,2.2914429570670558e+00,7.7603774924490110e-01,5.4136827730390786e+00,2.8368791096484096e+00,3.5338679457581481e+00,1.6131884240654866e+00,5.4136827730390786e+00,2.2914429570670558e+00,2.2914429570670558e+00,5.4136827730390786e+00,5.4136827730390786e+00,5.4136827730390786e+00,7.7603774924490110e-01,2.8368791096484096e+00,2.2914429570670558e+00,1.6131884240654866e+00,5.4136827730390786e+00,5.4136827730390786e+00,5.4136827730390786e+00,2.2914429570670558e+00,1.6131884240654866e+00,3.5338679457581481e+00,2.2914429570670558e+00,5.4136827730390786e+00,5.4136827730390786e+00,4.4992949251460548e+00,2.8368791096484096e+00,2.2914429570670558e+00,3.5338679457581481e+00,5.4136827730390786e+00,4.4992949251460548e+00,5.4136827730390786e+00,2.8368791096484096e+00,7.7603774924490110e-01,1.6131884240654866e+00,2.8368791096484096e+00,4.4992949251460548e+00,3.5338679457581481e+00,2.8368791096484096e+00,5.4136827730390786e+00,5.4136827730390786e+00,7.7603774924490110e-01,0.0000000000000000e+00,0.0000000000000000e+00,2.8368791096484096e+00,7.7603774924490110e-01,3.5338679457581481e+00,7.7603774924490110e-01,3.5338679457581481e+00,3.5338679457581481e+00,1.6131884240654866e+00,3.5338679457581481e+00,2.8368791096484096e+00,2.2914429570670558e+00,2.2914429570670558e+00,1.6131884240654866e+00,4.4992949251460548e+00,5.4136827730390786e+00,3.5338679457581481e+00,7.7603774924490110e-01,5.4136827730390786e+00,5.4136827730390786e+00,3.5338679457581481e+00,2.2914429570670558e+00,2.8368791096484096e+00,1.6131884240654866e+00,3.5338679457581481e+00,0.0000000000000000e+00,4.4992949251460548e+00,5.4136827730390786e+00,4.4992949251460548e+00,3.5338679457581481e+00,3.5338679457581481e+00
2.2491904251509922e+00,5.1399414919153408e+00,5.1399414919153408e+00,3.9175700560235240e+00,1.5205713937544185e+00,0.0000000000000000e+00,3.9175700560235240e+00,3.9175700560235240e+00,3.9175700560235240e+00,1.5205713937544185e+00,5.1399414919153408e+00,5.1399414919153408e+00,3.9175700560235240e+00,0.0000000000000000e+00,5.1399414919153408e+00,3.9175700560235240e+00,3.1297927471888580e+00,3.9175700560235240e+00,1.5205713937544185e+00,3.9175700560235240e+00,3.1297927471888580e+00,3.1297927471888580e+00,3.1297927471888580e+00,3.9175700560235240e+00,3.9175700560235240e+00,3.1297927471888580e+00,1.5205713937544185e+00,3.9175700560235240e+00,3.9175700560235240e+00,3.9175700560235240e+00,3.9175700560235240e+00,7.9486709358197727e-01,0.0000000000000000e+00,3.1297927471888580e+00,5.3395506780038229e+00,3.9175700560235240e+00,1.5205713937544185e+00,7.9486709358197727e-01,3.9175700560235240e+00,1.5205713937544185e+00,3.9175700560235240e+00,3.9175700560235240e+00,3.1297927471888580e+00,3.1297927471888580e+00,1.5205713937544185e+00,3.1297927471888580e+00,3.9175700560235240e+00,3.9175700560235240e+00,3.9175700560235240e+00,3.9175700560235240e+00,1.5205713937544185e+00,3.1297927471888580e+00,3.9175700560235240e+00,3.9175700560235240e+00,1.5205713937544185e+00,5.3395506780038229e+00,5.3395506780038229e+00,1.5205713937544185e+00,3.1297927471888580e+00,5.1399414919153408e+00,3.1297927471888580e+00,1.5205713937544185e+00,5.1399414919153408e+00,5.1399414919153408e+00,5.1399414919153408e+00,5.1399414919153408e+00,5.3395506780038229e+00,5.3395506780038229e+00,7.9486709358197727e-01,5.1399414919153408e+00,5.1399414919153408e+00,0.0000000000000000e+00,1.5205713937544185e+00,5.3395506780038229e+00,3.9175700560235240e+00,5.3395506780038229e+00,5.3395506780038229e+00,5.1399414919153408e+00,7.9486709358197727e-01,5.1399414919153408e+00,5.1399414919153408e+00,0.0000000000000000e+00,5.3395506780038229e+00,3.9175700560235240e+00,2.2491904251509922e+00,1.5205713937544185e+00,7.9486709358197727e-01,3.1297927471888580e+00,5.1399414919153408e+00,1.5205713937544185e+00,0.0000000000000000e+00,5.3395506780038229e+00,5.1399414919153408e+00,5.1399414919153408e+00,5.1399414919153408e+00,1.5205713937544185e+00,5.1399414919153408e+00,7.9486709358197727e-01,7.9486709358197727e-01,5.1399414919153408e+00,5.1399414919153408e+00,5.1399414919153408e+00,5.3395506780038229e+00,3.1297927471888580e+00,0.0000000000000000e+00,3.1297927471888580e+00,3.1297927471888580e+00,3.1297927471888580e+00,5.3395506780038229e+00,5.1399414919153408e+00,1.5205713937544185e+00,3.9175700560235240e+00,1.5205713937544185e+00,3.9175700560235240e+00,5.3395506780038229e+00,3.1297927471888580e+00,3.1297927471888580e+00,3.9175700560235240e+00,3.1297927471888580e+00,1.5205713937544185e+00,3.9175700560235240e+00,5.3395506780038229e+00,5.1399414919153408e+00,5.3395506780038229e+00,5.1399414919153408e+00,0.0000000000000000e+00,0.0000000000000000e+00,0.0000000000000000e+00,7.9486709358197727e-01,7.9486709358197727e-01,5.3395506780038229e+00,1.5205713937544185e+00,5.3395506780038229e+00,3.1297927471888580e+00,2.2491904251509922e+00,3.1297927471888580e+00,2.2491904251509922e+00,2.2491904251509922e+00,2.2491904251509922e+00,1.5205713937544185e+00,2.2491904251509922e+00,5.1399414919153408e+00,1.5205713937544185e+00,3.9175700560235240e+00,1.5205713937544185e+00,2.2491904251509922e+00,7.9486709358197727e-01,5.1399414919153408e+00,0.0000000000000000e+00,5.1399414919153408e+00,5.1399414919153408e+00,3.9175700560235240e+00,5.1399414919153408e+00,0.0000000000000000e+00,3.9175700560235240e+00,5.1399414919153408e+00,7.9486709358197727e-01,5.3395506780038229e+00,5.3395506780038229e+00,5.1399414919153408e+00,5.3395506780038229e+00,5.3395506780038229e+00,5.1399414919153408e+00,2.2491904251509922e+00,0.0000000000000000e+00,3.1297927471888580e+00,3.1297927471888580e+00,5.1399414919153408e+00,1.5205713937544185e+00,7.9486709358197727e-01,3.9175700560235240e+00,5.1399414919153408e+00,3.9175700560235240e+00,3.9175700560235240e+00,3.1297927471888580e+00,1.5205713937544185e+00,5.3395506780038229e+00,5.3395506780038229e+00,5.1399414919153408e+00,7.9486709358197727e-01,3.1297927471888580e+00,0.0000000000000000e+00,3.9175700560235240e+00,3.9175700560235240e+00,7.9486709358197727e-01,5.1399414919153408e+00,5.1399414919153408e+00,2.2491904251509922e+00,0.0000000000000000e+00,5.1399414919153408e+00,2.2491904251509922e+00,5.1399414919153408e+00,2.2491904251509922e+00,1.5205713937544185e+00,0.0000000000000000e+00,5.1399414919153408e+00,1.5205713937544185e+00,0.0000000000000000e+00,0.0000000000000000e+00,5.1399414919153408e+00,1.5205713937544185e+00,1.5205713937544185e+00,5.3395506780038229e+00,5.3395506780038229e+00,5.3395506780038229e+00,5.3395506780038229e+00,3.1297927471888580e+00,0.0000000000000000e+00,3.9175700560235240e+00,5.3395506780038229e+00,7.9486709358197727e-01,5.3395506780038229e+00,0.0000000000000000e+00,5.3395506780038229e+00,7.9486709358197727e-01,5.3395506780038229e+00,5.1399414919153408e+00,2.2491904251509922e+00,5.1399414919153408e+00,5.1399414919153408e+00,2.2491904251509922e+00,5.3395506780038229e+00,5.1399414919153408e+00,5.1399414919153408e+00,5.3395506780038229e+00,7.9486709358197727e-01,3.9175700560235240e+00,5.1399414919153408e+00,7.9486709358197727e-01,5.1399414919153408e+00,5.1399414919153408e+00,2.2491904251509922e+00,2.2491904251509922e+00,0.0000000000000000e+00,3.1297927471888580e+00,5.3395506780038229e+00,7.9486709358197727e-01,5.1399414919153408e+00,5.1399414919153408e+00,5.3395506780038229e+00,5.1399414919153408e+00,1.5205713937544185e+00,5.1399414919153408e+00,5.1399414919153408e+00,5.3395506780038229e+00,5.1399414919153408e+00,5.3395506780038229e+00,3.1297927471888580e+00,5.3395506780038229e+00,5.3395506780038229e+00,5.3395506780038229e+00,2.2491904251509922e+00,3.1297927471888580e+00,5.3395506780038229e+00,5.1399414919153408e+00,5.3395506780038229e+00,2.2491904251509922e+00,5.3395506780038229e+00,5.3395506780038229e+00,5.3395506780038229e+00,5.3395506780038229e+00,5.3395506780038229e+00,3.9175700560235240e+00,0.0000000000000000e+00,5.1399414919153408e+00,5.1399414919153408e+00,7.9486709358197727e-01,7.9486709358197727e-01,5.1399414919153408e+00,7.9486709358197727e-01,1.5205713937544185e+00,5.1399414919153408e+00,7.9486709358197727e-01,5.3395506780038229e+00,5.3395506780038229e+00,7.9486709358197727e-01,5.3395506780038229e+00,1.5205713937544185e+00,5.3395506780038229e+00,3.9175700560235240e+00,5.3395506780038229e+00,3.1297927471888580e+00,5.3395506780038229e+00,2.2491904251509922e+00,1.5205713937544185e+00,3.1297927471888580e+00,3.9175700560235240e+00,3.1297927471888580e+00,7.9486709358197727e-01,5.3395506780038229e+00,5.1399414919153408e+00,3.9175700560235240e+00,3.9175700560235240e+00,3.9175700560235240e+00,3.1297927471888580e+00,3.1297927471888580e+00,5.3395506780038229e+00,1.5205713937544185e+00,0.0000000000000000e+00,5.3395506780038229e+00,5.3395506780038229e+00,5.1399414919153408e+00,3.9175700560235240e+00,5.1399414919153408e+00,3.1297927471888580e+00,5.3395506780038229e+00,5.3395506780038229e+00,5.1399414919153408e+00,5.1399414919153408e+00,5.1399414919153408e+00,5.3395506780038229e+00,3.9175700560235240e+00,5.3395506780038229e+00,3.1297927471888580e+00,2.2491904251509922e+00,5.1399414919153408e+00,2.2491904251509922e+00,0.0000000000000000e+00,2.2491904251509922e+00,3.9175700560235240e+00,5.1399414919153408e+00,1.5205713937544185e+00,5.1399414919153408e+00,5.3395506780038229e+00,7.9486709358197727e-01,0.0000000000000000e+00,0.0000000000000000e+00,1.5205713937544185e+00,3.1297927471888580e+00,7.9486709358197727e-01,2.2491904251509922e+00,5.3395506780038229e+00,7.9486709358197727e-01,3.9175700560235240e+00,5.3395506780038229e+00,0.0000000000000000e+00,7.9486709358197727e-01,5.1399414919153408e+00,0.0000000000000000e+00,3.9175700560235240e+00,2.2491904251509922e+00,5.1399414919153408e+00,5.1399414919153408e+00,1.5205713937544185e+00,2.2491904251509922e+00,5.3395506780038229e+00,5.3395506780038229e+00,5.3395506780038229e+00,7.9486709358197727e-01,2.2491904251509922e+00,2.2491904251509922e+00,3.9175700560235240e+00,3.9175700560235240e+00,3.9175700560235240e+00,3.1297927471888580e+00,2.2491904251509922e+00,3.1297927471888580e+00,1.5205713937544185e+00,2.2491904251509922e+00,5.1399414919153408e+00,2.2491904251509922e+00,7.9486709358197727e-01,0.0000000000000000e+00,2.2491904251509922e+00,5.1399414919153408e+00,5.1399414919153408e+00,2.2491904251509922e+00,5.1399414919153408e+00,2.2491904251509922e+00,5.3395506780038229e+00,5.1399414919153408e+00,2.2491904251509922e+00,2.2491904251509922e+00,3.1297927471888580e+00,0.0000000000000000e+00,0.0000000000000000e+00,2.2491904251509922e+00,5.1399414919153408e+00,3.9175700560235240e+00,7.9486709358197727e-01,5.1399414919153408e+00,5.1399414919153408e+00,7.9486709358197727e-01,5.3395506780038229e+00,3.9175700560235240e+00,0.0000000000000000e+00,5.1399414919153408e+00,5.1399414919153408e+00,2.2491904251509922e+00,5.1399414919153408e+00,0.0000000000000000e+00,5.1399414919153408e+00,3.9175700560235240e+00,5.1399414919153408e+00,5.3395506780038229e+00,5.3395506780038229e+00,3.9175700560235240e+00,3.9175700560235240e+00,2.2491904251509922e+00,1.5205713937544185e+00,5.1399414919153408e+00,3.1297927471888580e+00,1.5205713937544185e+00,1.5205713937544185e+00,1.5205713937544185e+00,3.9175700560235240e+00,2.2491904251509922e+00,0.0000000000000000e+00,3.1297927471888580e+00,3.9175700560235240e+00,5.1399414919153408e+00,5.1399414919153408e+00,5.1399414919153408e+00,5.1399414919153408e+00,3.1297927471888580e+00,5.3395506780038229e+00,5.1399414919153408e+00,5.3395506780038229e+00,3.9175700560235240e+00,3.9175700560235240e+00,5.3395506780038229e+00,3.9175700560235240e+00,3.9175700560235240e+00,1.5205713937544185e+00,3.9175700560235240e+00,5.1399414919153408e+00,1.5205713937544185e+00,1.5205713937544185e+00,5.1399414919153408e+00,3.1297927471888580e+00,3.9175700560235240e+00,7.9486709358197727e-01,5.1399414919153408e+00,5.1399414919153408e+00,5.1399414919153408e+00,3.9175700560235240e+00,7.9486709358197727e-01,1.5205713937544185e+00,3.9175700560235240e+00,5.3395506780038229e+00,3.1297927471888580e+00,3.9175700560235240e+00,5.1399414919153408e+00,3.9175700560235240e+00,1.5205713937544185e+00,5.1399414919153408e+00,1.5205713937544185e+00,2.2491904251509922e+00,3.1297927471888580e+00,3.1297927471888580e+00,5.1399414919153408e+00,3.9175700560235240e+00,3.9175700560235240e+00,0.0000000000000000e+00,3.9175700560235240e+00,3.1297927471888580e+00,2.2491904251509922e+00,5.1399414919153408e+00,5.1399414919153408e+00,7.9486709358197727e-01,1.5205713937544185e+00,3.9175700560235240e+00,0.0000000000000000e+00,5.1399414919153408e+00,0.0000000000000000e+00,3.9175700560235240e+00,5.1399414919153408e+00,7.9486709358197727e-01,3.9175700560235240e+00,5.1399414919153408e+00,7.9486709358197727e-01,5.1399414919153408e+00,3.1297927471888580e+00,3.1297927471888580e+00,2.2491904251509922e+00,3.9175700560235240e+00,5.3395506780038229e+00,3.1297927471888580e+00,3.9175700560235240e+00,5.1399414919153408e+00,1.5205713937544185e+00,1.5205713937544185e+00,2.2491904251509922e+00,1.5205713937544185e+00,5.1399414919153408e+00,1.5205713937544185e+00,5.1399414919153408e+00,5.1399414919153408e+00,5.3395506780038229e+00,1.5205713937544185e+00,5.1399414919153408e+00,5.1399414919153408e+00,1.5205713937544185e+00,1.5205713937544185e+00,5.1399414919153408e+00,5.3395506780038229e+00,5.1399414919153408e+00,5.1399414919153408e+00,3.9175700560235240e+00,5.3395506780038229e+00,5.3395506780038229e+00,0.0000000000000000e+00,5.1399414919153408e+00,5.1399414919153408e+00,3.9175700560235240e+00,7.9486709358197727e-01,2.2491904251509922e+00,5.3395506780038229e+00,5.1399414919153408e+00,5.1399414919153408e+00,5.1399414919153408e+00,3.1297927471888580e+00,3.9175700560235240e+00,3.9175700560235240e+00,5.3395506780038229e+00,5.3395506780038229e+00,5.1399414919153408e+00,5.3395506780038229e+00,1.5205713937544185e+00,5.3395506780038229e+00,5.3395506780038229e+00,5.3395506780038229e+00,1.5205713937544185e+00,3.9175700560235240e+00,5.3395506780038229e+00,3.9175700560235240e+00,7.9486709358197727e-01,0.0000000000000000e+00,5.3395506780038229e+00,5.1399414919153408e+00,7.9486709358197727e-01,5.1399414919153408e+00,0.0000000000000000e+00,5.1399414919153408e+00,0.0000000000000000e+00,3.9175700560235240e+00,0.0000000000000000e+00,7.9486709358197727e-01,2.2491904251509922e+00,0.0000000000000000e+00,1.5205713937544185e+00,0.0000000000000000e+00,0.0000000000000000e+00,7.9486709358197727e-01,3.9175700560235240e+00,7.9486709358197727e-01,5.3395506780038229e+00,5.3395506780038229e+00,5.1399414919153408e+00,5.3395506780038229e+00,1.5205713937544185e+00,5.1399414919153408e+00,5.1399414919153408e+00,2.2491904251509922e+00,5.1399414919153408e+00,5.3395506780038229e+00,2.2491904251509922e+00,2.2491904251509922e+00,5.3395506780038229e+00,5.1399414919153408e+00,5.3395506780038229e+00,5.1399414919153408e+00,3.9175700560235240e+00,7.9486709358197727e-01,3.1297927471888580e+00,3.9175700560235240e+00,7.9486709358197727e-01,3.9175700560235240e+00,7.9486709358197727e-01,5.1399414919153408e+00,5.1399414919153408e+00,0.0000000000000000e+00,5.3395506780038229e+00,5.1399414919153408e+00,5.1399414919153408e+00,2.2491904251509922e+00,5.1399414919153408e+00,3.9175700560235240e+00,5.1399414919153408e+00,5.1399414919153408e+00,3.9175700560235240e+00,3.9175700560235240e+00,2.2491904251509922e+00,2.2491904251509922e+00,3.9175700560235240e+00,5.1399414919153408e+00,2.2491904251509922e+00,5.3395506780038229e+00,7.9486709358197727e-01,3.9175700560235240e+00,3.9175700560235240e+00,5.3395506780038229e+00,7.9486709358197727e-01,3.1297927471888580e+00,5.1399414919153408e+00,5.1399414919153408e+00,3.9175700560235240e+00,2.2491904251509922e+00,2.2491904251509922e+00,5.3395506780038229e+00,5.3395506780038229e+00,3.9175700560235240e+00,5.3395506780038229e+00,2.2491904251509922e+00,5.3395506780038229e+00,3.9175700560235240e+00,5.3395506780038229e+00,5.3395506780038229e+00,2.2491904251509922e+00,3.9175700560235240e+00,5.3395506780038229e+00,5.3395506780038229e+00,5.1399414919153408e+00,5.3395506780038229e+00,1.5205713937544185e+00,1.5205713937544185e+00,3.9175700560235240e+00,5.3395506780038229e+00,5.1399414919153408e+00,1.5205713937544185e+00,3.9175700560235240e+00,2.2491904251509922e+00,2.2491904251509922e+00,7.9486709358197727e-01,5.1399414919153408e+00,1.5205713937544185e+00,3.1297927471888580e+00,3.9175700560235240e+00,0.0000000000000000e+00,5.1399414919153408e+00,2.2491904251509922e+00,3.9175700560235240e+00,1.5205713937544185e+00,5.1399414919153408e+00,5.1399414919153408e+00,5.1399414919153408e+00,3.9175700560235240e+00,3.9175700560235240e+00,7.9486709358197727e-01,0.0000000000000000e+00,3.9175700560235240e+00,5.3395506780038229e+00,3.1297927471888580e+00,0.0000000000000000e+00,5.3395506780038229e+00,5.1399414919153408e+00,5.3395506780038229e+00,5.1399414919153408e+00,5.3395506780038229e+00,5.3395506780038229e+00,5.1399414919153408e+00,5.1399414919153408e+00,2.2491904251509922e+00,2.2491904251509922e+00,3.9175700560235240e+00,1.5205713937544185e+00,5.3395506780038229e+00,3.1297927471888580e+00,7.9486709358197727e-01,5.3395506780038229e+00,3.9175700560235240e+00,3.9175700560235240e+00,5.3395506780038229e+00,2.2491904251509922e+00,7.9486709358197727e-01,3.1297927471888580e+00,5.3395506780038229e+00,3.9175700560235240e+00,3.9175700560235240e+00,3.9175700560235240e+00,1.5205713937544185e+00,5.1399414919153408e+00,5.1399414919153408e+00,5.1399414919153408e+00,3.9175700560235240e+00,5.3395506780038229e+00,5.3395506780038229e+00,5.3395506780038229e+00,1.5205713937544185e+00,1.5205713937544185e+00,3.9175700560235240e+00,5.3395506780038229e+00,3.1297927471888580e+00,5.3395506780038229e+00,3.9175700560235240e+00,5.3395506780038229e+00,5.1399414919153408e+00,5.3395506780038229e+00,3.1297927471888580e+00,5.1399414919153408e+00,3.1297927471888580e+00,3.9175700560235240e+00,2.2491904251509922e+00,7.9486709358197727e-01,5.1399414919153408e+00,3.1297927471888580e+00,0.0000000000000000e+00,3.1297927471888580e+00,2.2491904251509922e+00,3.1297927471888580e+00,3.9175700560235240e+00,3.9175700560235240e+00,5.3395506780038229e+00,3.9175700560235240e+00,2.2491904251509922e+00,5.1399414919153408e+00,2.2491904251509922e+00,0.0000000000000000e+00,5.1399414919153408e+00,5.1399414919153408e+00,2.2491904251509922e+00,3.9175700560235240e+00,3.9175700560235240e+00,0.0000000000000000e+00,2.2491904251509922e+00,5.1399414919153408e+00,3.9175700560235240e+00,3.9175700560235240e+00,0.0000000000000000e+00,5.1399414919153408e+00,5.3395506780038229e+00,0.0000000000000000e+00,2.2491904251509922e+00,5.1399414919153408e+00,0.0000000000000000e+00,0.0000000000000000e+00,3.9175700560235240e+00,5.3395506780038229e+00,5.1399414919153408e+00,3.9175700560235240e+00,1.5205713937544185e+00,2.2491904251509922e+00,3.9175700560235240e+00,5.3395506780038229e+00,3.1297927471888580e+00,1.5205713937544185e+00,2.2491904251509922e+00,5.3395506780038229e+00,2.2491904251509922e+00,5.3395506780038229e+00,1.5205713937544185e+00,2.2491904251509922e+00,0.0000000000000000e+00,5.3395506780038229e+00,5.1399414919153408e+00,5.3395506780038229e+00,2.2491904251509922e+00,5.1399414919153408e+00,5.1399414919153408e+00,5.1399414919153408e+00,5.1399414919153408e+00,5.1399414919153408e+00,3.1297927471888580e+00,5.1399414919153408e+00,5.1399414919153408e+00,1.5205713937544185e+00,5.3395506780038229e+00,5.1399414919153408e+00,5.3395506780038229e+00,0.0000000000000000e+00,5.1399414919153408e+00,3.1297927471888580e+00,5.1399414919153408e+00,5.1399414919153408e+00,2.2491904251509922e+00,3.9175700560235240e+00,5.1399414919153408e+00,2.2491904251509922e+00,2.2491904251509922e+00,5.1399414919153408e+00,5.1399414919153408e+00,5.1399414919153408e+00,5.1399414919153408e+00,5.1399414919153408e+00,3.9175700560235240e+00,3.9175700560235240e+00,5.1399414919153408e+00,3.9175700560235240e+00,5.1399414919153408e+00,2.2491904251509922e+00,7.9486709358197727e-01,5.1399414919153408e+00,5.3395506780038229e+00,5.1399414919153408e+00,5.3395506780038229e+00,5.3395506780038229e+00,5.3395506780038229e+00,5.3395506780038229e+00,5.1399414919153408e+00,5.1399414919153408e+00,5.1399414919153408e+00,5.1399414919153408e+00,5.1399414919153408e+00,5.1399414919153408e+00,3.9175700560235240e+00,3.9175700560235240e+00,5.1399414919153408e+00,0.0000000000000000e+00,5.1399414919153408e+00,7.9486709358197727e-01,5.3395506780038229e+00,1.5205713937544185e+00,5.1399414919153408e+00,5.3395506780038229e+00,5.3395506780038229e+00,2.2491904251509922e+00,5.3395506780038229e+00,2.2491904251509922e+00,3.9175700560235240e+00,5.1399414919153408e+00,5.3395506780038229e+00,3.9175700560235240e+00,5.3395506780038229e+00,7.9486709358197727e-01,5.1399414919153408e+00,5.1399414919153408e+00,3.1297927471888580e+00,5.3395506780038229e+00,5.3395506780038229e+00,7.9486709358197727e-01,5.3395506780038229e+00,5.3395506780038229e+00,5.3395506780038229e+00,2.2491904251509922e+00,2.2491904251509922e+00,3.9175700560235240e+00,5.1399414919153408e+00,0.0000000000000000e+00,3.9175700560235240e+00,5.3395506780038229e+00,5.1399414919153408e+00,5.3395506780038229e+00,5.1399414919153408e+00,1.5205713937544185e+00,2.2491904251509922e+00,0.0000000000000000e+00,3.9175700560235240e+00,3.1297927471888580e+00,3.1297927471888580e+00,2.2491904251509922e+00,3.9175700560235240e+00,7.9486709358197727e-01,5.3395506780038229e+00,5.3395506780038229e+00,2.2491904251509922e+00,5.3395506780038229e+00,7.9486709358197727e-01,3.1297927471888580e+00,3.1297927471888580e+00,5.3395506780038229e+00,7.9486709358197727e-01,1.5205713937544185e+00,3.9175700560235240e+00,3.9175700560235240e+00,3.9175700560235240e+00,2.2491904251509922e+00,5.3395506780038229e+00,1.5205713937544185e+00,3.1297927471888580e+00,1.5205713937544185e+00,1.5205713937544185e+00,5.3395506780038229e+00,0.0000000000000000e+00,5.1399414919153408e+00,3.9175700560235240e+00,3.1297927471888580e+00,5.1399414919153408e+00,5.3395506780038229e+00,5.3395506780038229e+00,3.1297927471888580e+00,7.9486709358197727e-01,1.5205713937544185e+00,0.0000000000000000e+00,1.5205713937544185e+00,5.3395506780038229e+00,3.1297927471888580e+00,1.5205713937544185e+00,5.1399414919153408e+00,3.1297927471888580e+00,1.5205713937544185e+00,5.1399414919153408e+00,5.1399414919153408e+00,5.3395506780038229e+00,7.9486709358197727e-01,5.1399414919153408e+00,1.5205713937544185e+00,5.3395506780038229e+00,3.9175700560235240e+00,3.9175700560235240e+00,7.9486709358197727e-01,3.9175700560235240e+00,5.1399414919153408e+00,3.1297927471888580e+00,3.1297927471888580e+00,2.2491904251509922e+00,3.1297927471888580e+00,1.5205713937544185e+00,5.1399414919153408e+00,0.0000000000000000e+00,3.9175700560235240e+00,3.9175700560235240e+00,3.9175700560235240e+00,5.3395506780038229e+00,1.5205713937544185e+00,5.3395506780038229e+00,3.1297927471888580e+00,3.1297927471888580e+00,3.9175700560235240e+00,2.2491904251509922e+00,1.5205713937544185e+00,5.1399414919153408e+00,5.1399414919153408e+00,5.1399414919153408e+00,5.3395506780038229e+00,7.9486709358197727e-01,5.1399414919153408e+00,0.0000000000000000e+00,5.3395506780038229e+00,3.9175700560235240e+00,3.9175700560235240e+00,0.0000000000000000e+00,5.1399414919153408e+00,3.9175700560235240e+00,5.1399414919153408e+00,7.9486709358197727e-01,3.9175700560235240e+00,5.1399414919153408e+00,5.1399414919153408e+00,0.0000000000000000e+00,7.9486709358197727e-01,5.3395506780038229e+00,5.3395506780038229e+00,0.0000000000000000e+00,2.2491904251509922e+00,5.3395506780038229e+00,7.9486709358197727e-01,3.9175700560235240e+00,5.3395506780038229e+00,3.1297927471888580e+00,5.3395506780038229e+00,1.5205713937544185e+00,2.2491904251509922e+00,2.2491904251509922e+00,3.1297927471888580e+00,3.9175700560235240e+00,5.1399414919153408e+00,0.0000000000000000e+00,3.1297927471888580e+00,2.2491904251509922e+00,3.1297927471888580e+00,5.1399414919153408e+00,5.1399414919153408e+00,5.1399414919153408e+00,5.1399414919153408e+00,7.9486709358197727e-01,3.9175700560235240e+00,3.9175700560235240e+00,3.9175700560235240e+00,5.3395506780038229e+00,5.3395506780038229e+00,7.9486709358197727e-01,5.1399414919153408e+00,0.0000000000000000e+00,1.5205713937544185e+00,7.9486709358197727e-01,3.9175700560235240e+00,1.5205713937544185e+00,5.3395506780038229e+00,2.2491904251509922e+00,5.3395506780038229e+00,5.3395506780038229e+00,5.1399414919153408e+00,5.3395506780038229e+00,1.5205713937544185e+00,2.2491904251509922e+00,1.5205713937544185e+00,0.0000000000000000e+00,3.9175700560235240e+00,5.3395506780038229e+00,3.1297927471888580e+00,5.1399414919153408e+00,2.2491904251509922e+00,5.3395506780038229e+00,5.3395506780038229e+00,5.1399414919153408e+00,1.5205713937544185e+00,5.1399414919153408e+00,5.3395506780038229e+00,5.1399414919153408e+00,2.2491904251509922e+00,3.9175700560235240e+00,5.3395506780038229e+00,3.9175700560235240e+00,3.9175700560235240e+00,5.1399414919153408e+00,3.9175700560235240e+00,5.3395506780038229e+00,2.2491904251509922e+00,5.3395506780038229e+00,5.3395506780038229e+00
3.1568737910579583e+00,3.1568737910579583e+00,3.7894590328481041e+00,3.7894590328481041e+00,3.7894590328481041e+00,4.6020601612913925e+00,8.0057178684929764e-01,3.7894590328481041e+00,3.7894590328481041e+00,3.7894590328481041e+00,3.1568737910579583e+00,8.0057178684929764e-01,3.1568737910579583e+00,1.6186774635722385e+00,3.1568737910579583e+00,3.1568737910579583e+00,3.1568737910579583e+00,8.0057178684929764e-01,1.6186774635722385e+00,1.6186774635722385e+00,1.6186774635722385e+00,1.6186774635722385e+00,3.1568737910579583e+00,8.0057178684929764e-01,1.6186774635722385e+00,8.0057178684929764e-01,8.0057178684929764e-01,3.1568737910579583e+00,0.0000000000000000e+00,2.4220990337840242e+00,3.1568737910579583e+00,3.1568737910579583e+00,4.6020601612913925e+00,8.0057178684929764e-01,8.0057178684929764e-01,2.4220990337840242e+00,2.4220990337840242e+00,2.4220990337840242e+00,8.0057178684929764e-01,5.3592136234493113e+00,3.1568737910579583e+00,5.3592136234493113e+00,8.0057178684929764e-01,3.1568737910579583e+00,3.1568737910579583e+00,3.1568737910579583e+00,3.1568737910579583e+00,3.1568737910579583e+00,5.3592136234493113e+00,3.7894590328481041e+00,0.0000000000000000e+00,3.1568737910579583e+00,3.1568737910579583e+00,3.1568737910579583e+00,3.7894590328481041e+00,1.6186774635722385e+00,3.1568737910579583e+00,4.6020601612913925e+00,4.6020601612913925e+00,4.6020601612913925e+00,4.6020601612913925e+00,5.3592136234493113e+00,0.0000000000000000e+00,2.4220990337840242e+00,3.1568737910579583e+00,3.1568737910579583e+00,2.4220990337840242e+00,2.4220990337840242e+00,3.7894590328481041e+00,2.4220990337840242e+00,3.1568737910579583e+00,2.4220990337840242e+00,3.1568737910579583e+00,2.4220990337840242e+00,2.4220990337840242e+00,3.7894590328481041e+00,3.1568737910579583e+00,5.3592136234493113e+00,5.3592136234493113e+00,3.1568737910579583e+00,4.6020601612913925e+00,8.0057178684929764e-01,5.3592136234493113e+00,4.6020601612913925e+00,4.6020601612913925e+00,8.0057178684929764e-01,3.1568737910579583e+00,4.6020601612913925e+00,1.6186774635722385e+00,1.6186774635722385e+00,5.3592136234493113e+00,0.0000000000000000e+00,2.4220990337840242e+00,3.1568737910579583e+00,8.0057178684929764e-01,3.7894590328481041e+00,3.1568737910579583e+00,4.6020601612913925e+00,0.0000000000000000e+00,3.1568737910579583e+00,3.1568737910579583e+00,3.1568737910579583e+00,2.4220990337840242e+00,4.6020601612913925e+00,5.3592136234493113e+00,4.6020601612913925e+00,1.6186774635722385e+00,4.6020601612913925e+00,3.1568737910579583e+00,3.1568737910579583e+00,2.4220990337840242e+00,4.6020601612913925e+00,4.6020601612913925e+00,4.6020601612913925e+00,1.6186774635722385e+00,3.7894590328481041e+00,3.7894590328481041e+00,4.6020601612913925e+00,3.1568737910579583e+00,5.3592136234493113e+00,8.0057178684929764e-01,3.7894590328481041e+00,5.3592136234493113e+00,3.1568737910579583e+00,3.1568737910579583e+00,1.6186774635722385e+00,2.4220990337840242e+00,3.1568737910579583e+00,5.3592136234493113e+00,3.1568737910579583e+00,3.1568737910579583e+00,4.6020601612913925e+00,3.1568737910579583e+00,4.6020601612913925e+00,4.6020601612913925e+00,3.1568737910579583e+00,2.4220990337840242e+00,3.1568737910579583e+00,0.0000000000000000e+00,2.4220990337840242e+00,3.1568737910579583e+00,8.0057178684929764e-01,3.1568737910579583e+00,3.1568737910579583e+00,5.3592136234493113e+00,4.6020601612913925e+00,2.4220990337840242e+00,5.3592136234493113e+00,3.1568737910579583e+00,3.1568737910579583e+00,1.6186774635722385e+00,3.1568737910579583e+00,4.6020601612913925e+00,0.0000000000000000e+00,3.1568737910579583e+00,8.0057178684929764e-01,1.6186774635722385e+00,0.0000000000000000e+00,8.0057178684929764e-01,8.0057178684929764e-01,3.1568737910579583e+00,3.1568737910579583e+00,5.3592136234493113e+00,5.3592136234493113e+00,5.3592136234493113e+00,1.6186774635722385e+00,0.0000000000000000e+00,3.1568737910579583e+00,5.3592136234493113e+00,3.1568737910579583e+00,5.3592136234493113e+00,3.1568737910579583e+00,1.6186774635722385e+00,2.4220990337840242e+00,5.3592136234493113e+00,3.1568737910579583e+00,3.1568737910579583e+00,3.1568737910579583e+00,3.1568737910579583e+00,3.1568737910579583e+00,2.4220990337840242e+00,3.7894590328481041e+00,3.1568737910579583e+00,3.1568737910579583e+00,3.1568737910579583e+00,3.1568737910579583e+00,0.0000000000000000e+00,4.6020601612913925e+00,4.6020601612913925e+00,5.3592136234493113e+00,2.4220990337840242e+00,2.4220990337840242e+00,1.6186774635722385e+00,2.4220990337840242e+00,3.1568737910579583e+00,0.0000000000000000e+00,5.3592136234493113e+00,3.1568737910579583e+00,4.6020601612913925e+00,3.1568737910579583e+00,3.1568737910579583e+00,3.1568737910579583e+00,2.4220990337840242e+00,4.6020601612913925e+00,3.1568737910579583e+00,3.1568737910579583e+00,4.6020601612913925e+00,2.4220990337840242e+00,8.0057178684929764e-01,2.4220990337840242e+00,3.1568737910579583e+00,5.3592136234493113e+00,0.0000000000000000e+00,3.7894590328481041e+00,3.1568737910579583e+00,3.1568737910579583e+00,3.7894590328481041e+00,3.1568737910579583e+00,1.6186774635722385e+00,3.1568737910579583e+00,1.6186774635722385e+00,3.1568737910579583e+00,8.0057178684929764e-01,8.0057178684929764e-01,4.6020601612913925e+00,3.7894590328481041e+00,3.1568737910579583e+00,3.1568737910579583e+00,5.3592136234493113e+00,2.4220990337840242e+00,3.7894590328481041e+00,3.7894590328481041e+00,8.0057178684929764e-01,1.6186774635722385e+00,3.1568737910579583e+00,4.6020601612913925e+00,8.0057178684929764e-01,3.7894590328481041e+00,3.7894590328481041e+00,5.3592136234493113e+00,3.1568737910579583e+00,3.1568737910579583e+00,8.0057178684929764e-01,3.7894590328481041e+00,4.6020601612913925e+00,4.6020601612913925e+00,4.6020601612913925e+00,4.6020601612913925e+00,3.7894590328481041e+00,1.6186774635722385e+00,3.7894590328481041e+00,5.3592136234493113e+00,0.0000000000000000e+00,3.7894590328481041e+00,3.1568737910579583e+00,4.6020601612913925e+00,8.0057178684929764e-01,3.7894590328481041e+00,3.1568737910579583e+00,3.7894590328481041e+00,4.6020601612913925e+00,5.3592136234493113e+00,4.6020601612913925e+00,3.7894590328481041e+00,4.6020601612913925e+00,4.6020601612913925e+00,3.7894590328481041e+00,3.7894590328481041e+00,4.6020601612913925e+00,3.7894590328481041e+00,2.4220990337840242e+00,3.7894590328481041e+00,2.4220990337840242e+00,1.6186774635722385e+00,3.1568737910579583e+00,2.4220990337840242e+00,5.3592136234493113e+00,3.7894590328481041e+00,2.4220990337840242e+00,4.6020601612913925e+00,5.3592136234493113e+00,8.0057178684929764e-01,3.1568737910579583e+00,3.7894590328481041e+00,5.3592136234493113e+00,3.1568737910579583e+00,3.1568737910579583e+00,3.7894590328481041e+00,4.6020601612913925e+00,3.7894590328481041e+00,1.6186774635722385e+00,3.1568737910579583e+00,3.1568737910579583e+00,5.3592136234493113e+00,5.3592136234493113e+00,3.7894590328481041e+00,0.0000000000000000e+00,3.7894590328481041e+00,1.6186774635722385e+00,8.0057178684929764e-01,8.0057178684929764e-01,8.0057178684929764e-01,1.6186774635722385e+00,2.4220990337840242e+00,3.1568737910579583e+00,1.6186774635722385e+00,3.7894590328481041e+00,0.0000000000000000e+00,3.7894590328481041e+00,2.4220990337840242e+00,4.6020601612913925e+00,3.7894590328481041e+00,4.6020601612913925e+00,4.6020601612913925e+00,1.6186774635722385e+00,3.1568737910579583e+00,1.6186774635722385e+00,3.1568737910579583e+00,3.1568737910579583e+00,3.1568737910579583e+00,0.0000000000000000e+00,4.6020601612913925e+00,1.6186774635722385e+00,1.6186774635722385e+00,0.0000000000000000e+00,5.3592136234493113e+00,5.3592136234493113e+00,5.3592136234493113e+00,5.3592136234493113e+00,3.1568737910579583e+00,5.3592136234493113e+00,1.6186774635722385e+00,1.6186774635722385e+00,3.7894590328481041e+00,3.1568737910579583e+00,2.4220990337840242e+00,8.0057178684929764e-01,5.3592136234493113e+00,5.3592136234493113e+00,2.4220990337840242e+00,3.7894590328481041e+00,3.1568737910579583e+00,4.6020601612913925e+00,4.6020601612913925e+00,5.3592136234493113e+00,8.0057178684929764e-01,8.0057178684929764e-01,0.0000000000000000e+00,4.6020601612913925e+00,3.1568737910579583e+00,3.1568737910579583e+00,2.4220990337840242e+00,1.6186774635722385e+00,5.3592136234493113e+00,4.6020601612913925e+00,5.3592136234493113e+00,3.7894590328481041e+00,1.6186774635722385e+00,5.3592136234493113e+00,4.6020601612913925e+00,4.6020601612913925e+00,8.0057178684929764e-01,4.6020601612913925e+00,4.6020601612913925e+00,0.0000000000000000e+00,2.4220990337840242e+00,3.1568737910579583e+00,3.1568737910579583e+00,5.3592136234493113e+00,5.3592136234493113e+00,4.6020601612913925e+00,5.3592136234493113e+00,4.6020601612913925e+00,4.6020601612913925e+00,2.4220990337840242e+00,4.6020601612913925e+00,4.6020601612913925e+00,8.0057178684929764e-01,3.7894590328481041e+00,8.0057178684929764e-01,5.3592136234493113e+00,5.3592136234493113e+00,1.6186774635722385e+00,5.3592136234493113e+00,3.1568737910579583e+00,2.4220990337840242e+00,1.6186774635722385e+00,8.0057178684929764e-01,5.3592136234493113e+00,5.3592136234493113e+00,8.0057178684929764e-01,0.0000000000000000e+00,0.0000000000000000e+00,0.0000000000000000e+00,8.0057178684929764e-01,2.4220990337840242e+00,5.3592136234493113e+00,5.3592136234493113e+00,5.3592136234493113e+00,4.6020601612913925e+00,3.7894590328481041e+00,2.4220990337840242e+00,3.1568737910579583e+00,0.0000000000000000e+00,3.7894590328481041e+00,2.4220990337840242e+00,2.4220990337840242e+00,3.7894590328481041e+00,3.7894590328481041e+00,1.6186774635722385e+00,3.7894590328481041e+00,4.6020601612913925e+00,3.1568737910579583e+00,4.6020601612913925e+00,5.3592136234493113e+00,3.1568737910579583e+00,2.4220990337840242e+00,4.6020601612913925e+00,4.6020601612913925e+00,1.6186774635722385e+00,0.0000000000000000e+00,5.3592136234493113e+00,0.0000000000000000e+00,8.0057178684929764e-01,3.7894590328481041e+00,3.7894590328481041e+00,3.1568737910579583e+00,3.1568737910579583e+00,1.6186774635722385e+00,5.3592136234493113e+00,3.7894590328481041e+00,5.3592136234493113e+00,8.0057178684929764e-01,3.7894590328481041e+00,3.7894590328481041e+00,3.1568737910579583e+00,5.3592136234493113e+00,3.1568737910579583e+00,4.6020601612913925e+00,3.1568737910579583e+00,3.1568737910579583e+00,2.4220990337840242e+00,5.3592136234493113e+00,5.3592136234493113e+00,5.3592136234493113e+00,4.6020601612913925e+00,4.6020601612913925e+00,5.3592136234493113e+00,3.7894590328481041e+00,3.7894590328481041e+00,0.0000000000000000e+00,4.6020601612913925e+00,4.6020601612913925e+00,0.0000000000000000e+00,5.3592136234493113e+00,1.6186774635722385e+00,5.3592136234493113e+00,4.6020601612913925e+00,4.6020601612913925e+00,3.7894590328481041e+00,4.6020601612913925e+00,4.6020601612913925e+00,1.6186774635722385e+00,3.7894590328481041e+00,3.1568737910579583e+00,4.6020601612913925e+00,5.3592136234493113e+00,4.6020601612913925e+00,8.0057178684929764e-01,4.6020601612913925e+00,4.6020601612913925e+00,3.1568737910579583e+00,8.0057178684929764e-01,4.6020601612913925e+00,5.3592136234493113e+00,8.0057178684929764e-01,3.7894590328481041e+00,2.4220990337840242e+00,1.6186774635722385e+00,4.6020601612913925e+00,5.3592136234493113e+00,1.6186774635722385e+00,5.3592136234493113e+00,8.0057178684929764e-01,3.7894590328481041e+00,2.4220990337840242e+00,8.0057178684929764e-01,1.6186774635722385e+00,3.7894590328481041e+00,3.7894590328481041e+00,5.3592136234493113e+00,3.1568737910579583e+00,3.7894590328481041e+00,3.7894590328481041e+00,5.3592136234493113e+00,2.4220990337840242e+00,5.3592136234493113e+00,0.0000000000000000e+00,5.3592136234493113e+00,2.4220990337840242e+00,3.7894590328481041e+00,2.4220990337840242e+00,3.7894590328481041e+00,3.7894590328481041e+00,2.4220990337840242e+00,5.3592136234493113e+00,4.6020601612913925e+00,2.4220990337840242e+00,5.3592136234493113e+00,4.6020601612913925e+00,3.1568737910579583e+00,0.0000000000000000e+00,4.6020601612913925e+00,4.6020601612913925e+00,2.4220990337840242e+00,3.1568737910579583e+00,3.1568737910579583e+00,3.1568737910579583e+00,3.7894590328481041e+00,4.6020601612913925e+00,2.4220990337840242e+00,3.7894590328481041e+00,2.4220990337840242e+00,0.0000000000000000e+00,3.7894590328481041e+00,3.7894590328481041e+00,3.7894590328481041e+00,3.1568737910579583e+00,8.0057178684929764e-01,4.6020601612913925e+00,5.3592136234493113e+00,8.0057178684929764e-01,8.0057178684929764e-01,5.3592136234493113e+00,3.7894590328481041e+00,5.3592136234493113e+00,5.3592136234493113e+00,5.3592136234493113e+00,4.6020601612913925e+00,5.3592136234493113e+00,5.3592136234493113e+00,3.1568737910579583e+00,5.3592136234493113e+00,4.6020601612913925e+00,4.6020601612913925e+00,3.1568737910579583e+00,4.6020601612913925e+00,2.4220990337840242e+00,5.3592136234493113e+00,2.4220990337840242e+00,2.4220990337840242e+00,5.3592136234493113e+00,4.6020601612913925e+00,3.7894590328481041e+00,4.6020601612913925e+00,5.3592136234493113e+00,4.6020601612913925e+00,3.7894590328481041e+00,3.7894590328481041e+00,0.0000000000000000e+00,8.0057178684929764e-01,4.6020601612913925e+00,8.0057178684929764e-01,3.7894590328481041e+00,3.7894590328481041e+00,8.0057178684929764e-01,3.7894590328481041e+00,8.0057178684929764e-01,4.6020601612913925e+00,5.3592136234493113e+00,1.6186774635722385e+00,5.3592136234493113e+00,3.1568737910579583e+00,5.3592136234493113e+00,8.0057178684929764e-01,5.3592136234493113e+00,1.6186774635722385e+00,5.3592136234493113e+00,5.3592136234493113e+00,3.1568737910579583e+00,4.6020601612913925e+00,5.3592136234493113e+00,3.1568737910579583e+00,5.3592136234493113e+00,4.6020601612913925e+00,2.4220990337840242e+00,5.3592136234493113e+00,5.3592136234493113e+00,3.7894590328481041e+00,5.3592136234493113e+00,4.6020601612913925e+00,2.4220990337840242e+00,3.7894590328481041e+00,1.6186774635722385e+00,4.6020601612913925e+00,4.6020601612913925e+00,3.7894590328481041e+00,0.0000000000000000e+00,8.0057178684929764e-01,1.6186774635722385e+00,8.0057178684929764e-01,3.1568737910579583e+00,2.4220990337840242e+00,4.6020601612913925e+00,4.6020601612913925e+00,4.6020601612913925e+00,8.0057178684929764e-01,0.0000000000000000e+00,5.3592136234493113e+00,1.6186774635722385e+00,5.3592136234493113e+00,3.1568737910579583e+00,2.4220990337840242e+00,0.0000000000000000e+00,5.3592136234493113e+00,4.6020601612913925e+00,2.4220990337840242e+00,0.0000000000000000e+00,4.6020601612913925e+00,2.4220990337840242e+00,3.7894590328481041e+00,4.6020601612913925e+00,2.4220990337840242e+00,3.7894590328481041e+00,3.7894590328481041e+00,4.6020601612913925e+00,2.4220990337840242e+00,5.3592136234493113e+00,4.6020601612913925e+00,5.3592136234493113e+00,3.7894590328481041e+00,4.6020601612913925e+00,5.3592136234493113e+00,1.6186774635722385e+00,5.3592136234493113e+00,5.3592136234493113e+00,4.6020601612913925e+00,1.6186774635722385e+00,3.1568737910579583e+00,1.6186774635722385e+00,3.1568737910579583e+00,3.7894590328481041e+00,3.1568737910579583e+00,0.0000000000000000e+00,3.7894590328481041e+00,3.1568737910579583e+00,5.3592136234493113e+00,3.1568737910579583e+00,4.6020601612913925e+00,0.0000000000000000e+00,3.7894590328481041e+00,5.3592136234493113e+00,3.1568737910579583e+00,4.6020601612913925e+00,1.6186774635722385e+00,2.4220990337840242e+00,3.7894590328481041e+00,5.3592136234493113e+00,5.3592136234493113e+00,4.6020601612913925e+00,5.3592136234493113e+00,5.3592136234493113e+00,8.0057178684929764e-01,8.0057178684929764e-01,5.3592136234493113e+00,5.3592136234493113e+00,3.1568737910579583e+00,4.6020601612913925e+00,5.3592136234493113e+00,2.4220990337840242e+00,8.0057178684929764e-01,1.6186774635722385e+00,3.7894590328481041e+00,1.6186774635722385e+00,2.4220990337840242e+00,2.4220990337840242e+00,3.7894590328481041e+00,3.7894590328481041e+00,4.6020601612913925e+00,8.0057178684929764e-01,3.7894590328481041e+00,4.6020601612913925e+00,8.0057178684929764e-01,5.3592136234493113e+00,3.7894590328481041e+00,0.0000000000000000e+00,1.6186774635722385e+00,3.1568737910579583e+00,3.1568737910579583e+00,1.6186774635722385e+00,4.6020601612913925e+00,3.1568737910579583e+00,0.0000000000000000e+00,3.7894590328481041e+00,3.1568737910579583e+00,3.7894590328481041e+00,4.6020601612913925e+00,4.6020601612913925e+00,4.6020601612913925e+00,4.6020601612913925e+00,8.0057178684929764e-01,3.7894590328481041e+00,5.3592136234493113e+00,5.3592136234493113e+00,0.0000000000000000e+00,1.6186774635722385e+00,0.0000000000000000e+00,5.3592136234493113e+00,8.0057178684929764e-01,5.3592136234493113e+00,0.0000000000000000e+00,3.7894590328481041e+00,3.7894590328481041e+00,3.1568737910579583e+00,3.7894590328481041e+00,0.0000000000000000e+00,8.0057178684929764e-01,8.0057178684929764e-01,4.6020601612913925e+00,1.6186774635722385e+00,5.3592136234493113e+00,0.0000000000000000e+00,5.3592136234493113e+00,1.6186774635722385e+00,5.3592136234493113e+00,4.6020601612913925e+00,3.1568737910579583e+00,3.1568737910579583e+00,8.0057178684929764e-01,0.0000000000000000e+00,4.6020601612913925e+00,3.1568737910579583e+00,0.0000000000000000e+00,1.6186774635722385e+00,4.6020601612913925e+00,4.6020601612913925e+00,3.7894590328481041e+00,3.1568737910579583e+00,4.6020601612913925e+00,4.6020601612913925e+00,1.6186774635722385e+00,0.0000000000000000e+00,5.3592136234493113e+00,0.0000000000000000e+00,5.3592136234493113e+00,5.3592136234493113e+00,3.1568737910579583e+00,3.1568737910579583e+00,3.1568737910579583e+00,3.1568737910579583e+00,5.3592136234493113e+00,2.4220990337840242e+00,3.1568737910579583e+00,5.3592136234493113e+00,3.1568737910579583e+00,5.3592136234493113e+00,3.1568737910579583e+00,2.4220990337840242e+00,3.7894590328481041e+00,4.6020601612913925e+00,4.6020601612913925e+00,1.6186774635722385e+00,3.7894590328481041e+00,3.7894590328481041e+00,5.3592136234493113e+00,5.3592136234493113e+00,4.6020601612913925e+00,4.6020601612913925e+00,2.4220990337840242e+00,0.0000000000000000e+00,3.7894590328481041e+00,0.0000000000000000e+00,5.3592136234493113e+00,3.1568737910579583e+00,5.3592136234493113e+00,5.3592136234493113e+00,5.3592136234493113e+00,5.3592136234493113e+00,4.6020601612913925e+00,4.6020601612913925e+00,3.7894590328481041e+00,3.7894590328481041e+00,5.3592136234493113e+00,3.1568737910579583e+00,4.6020601612913925e+00,5.3592136234493113e+00,4.6020601612913925e+00,5.3592136234493113e+00,3.7894590328481041e+00,4.6020601612913925e+00,5.3592136234493113e+00,5.3592136234493113e+00,3.7894590328481041e+00,1.6186774635722385e+00,3.7894590328481041e+00,1.6186774635722385e+00,5.3592136234493113e+00,5.3592136234493113e+00,3.7894590328481041e+00,5.3592136234493113e+00,5.3592136234493113e+00,5.3592136234493113e+00,5.3592136234493113e+00,0.0000000000000000e+00,8.0057178684929764e-01,3.1568737910579583e+00,5.3592136234493113e+00,3.1568737910579583e+00,3.1568737910579583e+00,5.3592136234493113e+00,5.3592136234493113e+00,3.1568737910579583e+00,3.1568737910579583e+00,8.0057178684929764e-01,3.7894590328481041e+00,3.1568737910579583e+00,3.7894590328481041e+00,3.7894590328481041e+00,1.6186774635722385e+00,3.1568737910579583e+00,3.1568737910579583e+00,0.0000000000000000e+00,3.7894590328481041e+00,3.7894590328481041e+00,3.7894590328481041e+00,4.6020601612913925e+00,3.1568737910579583e+00,4.6020601612913925e+00,3.7894590328481041e+00,1.6186774635722385e+00,0.0000000000000000e+00,5.3592136234493113e+00,0.0000000000000000e+00,3.7894590328481041e+00,5.3592136234493113e+00,5.3592136234493113e+00,8.0057178684929764e-01,2.4220990337840242e+00,4.6020601612913925e+00,4.6020601612913925e+00,5.3592136234493113e+00,3.7894590328481041e+00,1.6186774635722385e+00,5.3592136234493113e+00,1.6186774635722385e+00,2.4220990337840242e+00,2.4220990337840242e+00,1.6186774635722385e+00,5.3592136234493113e+00,1.6186774635722385e+00,3.7894590328481041e+00,3.1568737910579583e+00,5.3592136234493113e+00,5.3592136234493113e+00,3.7894590328481041e+00,3.7894590328481041e+00,0.0000000000000000e+00,3.7894590328481041e+00,3.7894590328481041e+00,1.6186774635722385e+00,3.7894590328481041e+00,3.1568737910579583e+00,1.6186774635722385e+00,2.4220990337840242e+00,1.6186774635722385e+00,4.6020601612913925e+00,4.6020601612913925e+00,5.3592136234493113e+00,5.3592136234493113e+00,8.0057178684929764e-01,3.7894590328481041e+00,5.3592136234493113e+00,2.4220990337840242e+00,1.6186774635722385e+00,3.7894590328481041e+00,2.4220990337840242e+00,5.3592136234493113e+00,0.0000000000000000e+00,4.6020601612913925e+00,3.7894590328481041e+00,1.6186774635722385e+00,2.4220990337840242e+00,8.0057178684929764e-01,4.6020601612913925e+00,3.7894590328481041e+00,3.7894590328481041e+00,3.7894590328481041e+00,3.7894590328481041e+00,3.7894590328481041e+00,2.4220990337840242e+00,2.4220990337840242e+00,3.7894590328481041e+00,3.7894590328481041e+00,3.1568737910579583e+00,1.6186774635722385e+00,1.6186774635722385e+00,4.6020601612913925e+00,3.1568737910579583e+00,4.6020601612913925e+00,4.6020601612913925e+00,4.6020601612913925e+00,4.6020601612913925e+00,4.6020601612913925e+00,1.6186774635722385e+00,3.7894590328481041e+00,4.6020601612913925e+00,0.0000000000000000e+00,3.1568737910579583e+00,5.3592136234493113e+00,5.3592136234493113e+00,4.6020601612913925e+00,4.6020601612913925e+00,2.4220990337840242e+00,0.0000000000000000e+00,4.6020601612913925e+00,4.6020601612913925e+00,4.6020601612913925e+00,1.6186774635722385e+00,4.6020601612913925e+00,4.6020601612913925e+00,3.1568737910579583e+00,3.1568737910579583e+00,4.6020601612913925e+00,2.4220990337840242e+00,3.1568737910579583e+00,3.7894590328481041e+00,5.3592136234493113e+00,3.7894590328481041e+00,3.1568737910579583e+00,3.1568737910579583e+00,4.6020601612913925e+00,4.6020601612913925e+00,4.6020601612913925e+00,8.0057178684929764e-01,3.7894590328481041e+00,2.4220990337840242e+00,2.4220990337840242e+00,5.3592136234493113e+00,1.6186774635722385e+00,3.7894590328481041e+00,3.7894590328481041e+00,2.4220990337840242e+00,3.1568737910579583e+00,5.3592136234493113e+00,0.0000000000000000e+00,3.1568737910579583e+00,2.4220990337840242e+00,3.7894590328481041e+00,3.1568737910579583e+00,4.6020601612913925e+00,3.7894590328481041e+00,4.6020601612913925e+00,4.6020601612913925e+00,4.6020601612913925e+00,4.6020601612913925e+00,4.6020601612913925e+00,4.6020601612913925e+00,0.0000000000000000e+00,3.7894590328481041e+00,3.7894590328481041e+00,8.0057178684929764e-01,3.7894590328481041e+00,3.7894590328481041e+00,4.6020601612913925e+00,2.4220990337840242e+00,3.7894590328481041e+00,3.1568737910579583e+00,8.0057178684929764e-01,2.4220990337840242e+00,0.0000000000000000e+00,8.0057178684929764e-01,4.6020601612913925e+00,4.6020601612913925e+00,3.1568737910579583e+00,5.3592136234493113e+00,4.6020601612913925e+00,4.6020601612913925e+00,4.6020601612913925e+00,1.6186774635722385e+00,8.0057178684929764e-01,5.3592136234493113e+00,3.7894590328481041e+00,5.3592136234493113e+00,3.1568737910579583e+00,1.6186774635722385e+00,3.1568737910579583e+00,5.3592136234493113e+00,5.3592136234493113e+00,5.3592136234493113e+00,5.3592136234493113e+00,5.3592136234493113e+00,3.1568737910579583e+00,0.0000000000000000e+00,5.3592136234493113e+00,0.0000000000000000e+00,3.7894590328481041e+00,5.3592136234493113e+00,3.7894590328481041e+00,5.3592136234493113e+00,2.4220990337840242e+00
4.6337574690685193e+00,4.6337574690685193e+00,6.8833071600470885e-01,5.0823590842480444e+00,4.6337574690685193e+00,3.8792877781850281e+00,3.1607543866114876e+00,3.1607543866114876e+00,3.1607543866114876e+00,4.6337574690685193e+00,5.0823590842480444e+00,5.0823590842480444e+00,3.8792877781850281e+00,1.6090550070980723e+00,1.6090550070980723e+00,4.6337574690685193e+00,6.8833071600470885e-01,4.6337574690685193e+00,4.6337574690685193e+00,4.6337574690685193e+00,6.8833071600470885e-01,3.8792877781850281e+00,0.0000000000000000e+00,0.0000000000000000e+00,4.6337574690685193e+00,4.6337574690685193e+00,0.0000000000000000e+00,4.6337574690685193e+00,2.3996817651736113e+00,4.6337574690685193e+00,1.6090550070980723e+00,3.1607543866114876e+00,4.6337574690685193e+00,4.6337574690685193e+00,4.6337574690685193e+00,4.6337574690685193e+00,2.3996817651736113e+00,4.6337574690685193e+00,4.6337574690685193e+00,4.6337574690685193e+00,3.1607543866114876e+00,6.8833071600470885e-01,4.6337574690685193e+00,1.6090550070980723e+00,3.8792877781850281e+00,3.1607543866114876e+00,3.1607543866114876e+00,3.8792877781850281e+00,3.1607543866114876e+00,3.1607543866114876e+00,3.8792877781850281e+00,3.8792877781850281e+00,3.8792877781850281e+00,3.8792877781850281e+00,2.3996817651736113e+00,3.1607543866114876e+00,3.8792877781850281e+00,6.8833071600470885e-01,3.8792877781850281e+00,3.8792877781850281e+00,0.0000000000000000e+00,3.1607543866114876e+00,4.6337574690685193e+00,3.1607543866114876e+00,0.0000000000000000e+00,3.1607543866114876e+00,3.8792877781850281e+00,3.8792877781850281e+00,4.6337574690685193e+00,3.1607543866114876e+00,4.6337574690685193e+00,2.3996817651736113e+00,3.1607543866114876e+00,3.1607543866114876e+00,3.1607543866114876e+00,4.6337574690685193e+00,2.3996817651736113e+00,4.6337574690685193e+00,4.6337574690685193e+00,2.3996817651736113e+00,6.8833071600470885e-01,3.1607543866114876e+00,3.1607543866114876e+00,4.6337574690685193e+00,0.0000000000000000e+00,4.6337574690685193e+00,3.1607543866114876e+00,2.3996817651736113e+00,2.3996817651736113e+00,3.8792877781850281e+00,3.8792877781850281e+00,3.8792877781850281e+00,6.8833071600470885e-01,4.6337574690685193e+00,4.6337574690685193e+00,5.0823590842480444e+00,0.0000000000000000e+00,3.8792877781850281e+00,2.3996817651736113e+00,3.8792877781850281e+00,5.0823590842480444e+00,3.1607543866114876e+00,4.6337574690685193e+00,3.1607543866114876e+00,4.6337574690685193e+00,0.0000000000000000e+00,3.8792877781850281e+00,3.8792877781850281e+00,3.1607543866114876e+00,4.6337574690685193e+00,0.0000000000000000e+00,6.8833071600470885e-01,6.8833071600470885e-01,2.3996817651736113e+00,2.3996817651736113e+00,4.6337574690685193e+00,3.8792877781850281e+00,3.8792877781850281e+00,5.0823590842480444e+00,3.8792877781850281e+00,4.6337574690685193e+00,3.8792877781850281e+00,3.8792877781850281e+00,3.8792877781850281e+00,3.8792877781850281e+00,1.6090550070980723e+00,3.8792877781850281e+00,4.6337574690685193e+00,1.6090550070980723e+00,3.1607543866114876e+00,3.1607543866114876e+00,2.3996817651736113e+00,2.3996817651736113e+00,4.6337574690685193e+00,4.6337574690685193e+00,4.6337574690685193e+00,4.6337574690685193e+00,1.6090550070980723e+00,2.3996817651736113e+00,2.3996817651736113e+00,2.3996817651736113e+00,3.8792877781850281e+00,3.1607543866114876e+00,3.8792877781850281e+00,5.0823590842480444e+00,3.1607543866114876e+00,2.3996817651736113e+00,0.0000000000000000e+00,3.1607543866114876e+00,5.0823590842480444e+00,1.6090550070980723e+00,3.1607543866114876e+00,3.1607543866114876e+00,1.6090550070980723e+00,5.0823590842480444e+00,5.0823590842480444e+00,0.0000000000000000e+00,5.0823590842480444e+00,1.6090550070980723e+00,4.6337574690685193e+00,5.0823590842480444e+00,0.0000000000000000e+00,4.6337574690685193e+00,4.6337574690685193e+00,4.6337574690685193e+00,4.6337574690685193e+00,2.3996817651736113e+00,4.6337574690685193e+00,4.6337574690685193e+00,4.6337574690685193e+00,3.8792877781850281e+00,4.6337574690685193e+00,4.6337574690685193e+00,6.8833071600470885e-01,4.6337574690685193e+00,2.3996817651736113e+00,2.3996817651736113e+00,4.6337574690685193e+00,4.6337574690685193e+00,2.3996817651736113e+00,6.8833071600470885e-01,3.1607543866114876e+00,4.6337574690685193e+00,6.8833071600470885e-01,0.0000000000000000e+00,3.1607543866114876e+00,3.1607543866114876e+00,3.1607543866114876e+00,2.3996817651736113e+00,6.8833071600470885e-01,4.6337574690685193e+00,2.3996817651736113e+00,3.1607543866114876e+00,4.6337574690685193e+00,4.6337574690685193e+00,1.6090550070980723e+00,3.1607543866114876e+00,4.6337574690685193e+00,4.6337574690685193e+00,3.8792877781850281e+00,3.8792877781850281e+00,0.0000000000000000e+00,3.8792877781850281e+00,3.8792877781850281e+00,4.6337574690685193e+00,6.8833071600470885e-01,3.8792877781850281e+00,4.6337574690685193e+00,4.6337574690685193e+00,1.6090550070980723e+00,0.0000000000000000e+00,1.6090550070980723e+00,3.8792877781850281e+00,5.0823590842480444e+00,0.0000000000000000e+00,3.8792877781850281e+00,1.6090550070980723e+00,3.8792877781850281e+00,5.0823590842480444e+00,3.8792877781850281e+00,4.6337574690685193e+00,0.0000000000000000e+00,4.6337574690685193e+00,2.3996817651736113e+00,3.8792877781850281e+00,4.6337574690685193e+00,4.6337574690685193e+00,3.8792877781850281e+00,0.0000000000000000e+00,6.8833071600470885e-01,4.6337574690685193e+00,0.0000000000000000e+00,4.6337574690685193e+00,4.6337574690685193e+00,4.6337574690685193e+00,1.6090550070980723e+00,3.8792877781850281e+00,1.6090550070980723e+00,3.1607543866114876e+00,3.1607543866114876e+00,3.8792877781850281e+00,5.0823590842480444e+00,3.1607543866114876e+00,4.6337574690685193e+00,5.0823590842480444e+00,6.8833071600470885e-01,0.0000000000000000e+00,1.6090550070980723e+00,2.3996817651736113e+00,6.8833071600470885e-01,2.3996817651736113e+00,1.6090550070980723e+00,2.3996817651736113e+00,4.6337574690685193e+00,3.8792877781850281e+00,2.3996817651736113e+00,5.0823590842480444e+00,4.6337574690685193e+00,3.1607543866114876e+00,1.6090550070980723e+00,1.6090550070980723e+00,3.8792877781850281e+00,1.6090550070980723e+00,4.6337574690685193e+00,3.1607543866114876e+00,1.6090550070980723e+00,3.8792877781850281e+00,2.3996817651736113e+00,3.1607543866114876e+00,4.6337574690685193e+00,4.6337574690685193e+00,3.8792877781850281e+00,3.1607543866114876e+00,3.1607543866114876e+00,4.6337574690685193e+00,3.1607543866114876e+00,3.1607543866114876e+00,4.6337574690685193e+00,3.8792877781850281e+00,1.6090550070980723e+00,4.6337574690685193e+00,1.6090550070980723e+00,3.8792877781850281e+00,3.8792877781850281e+00,3.8792877781850281e+00,3.8792877781850281e+00,3.8792877781850281e+00,3.8792877781850281e+00,3.8792877781850281e+00,6.8833071600470885e-01,4.6337574690685193e+00,0.0000000000000000e+00,5.0823590842480444e+00,3.8792877781850281e+00,3.1607543866114876e+00,3.1607543866114876e+00,3.8792877781850281e+00,4.6337574690685193e+00,3.8792877781850281e+00,4.6337574690685193e+00,3.1607543866114876e+00,3.1607543866114876e+00,5.0823590842480444e+00,6.8833071600470885e-01,4.6337574690685193e+00,3.8792877781850281e+00,5.0823590842480444e+00,3.8792877781850281e+00,3.1607543866114876e+00,4.6337574690685193e+00,4.6337574690685193e+00,3.8792877781850281e+00,6.8833071600470885e-01,3.1607543866114876e+00,0.0000000000000000e+00,5.0823590842480444e+00,5.0823590842480444e+00,5.0823590842480444e+00,4.6337574690685193e+00,2.3996817651736113e+00,4.6337574690685193e+00,5.0823590842480444e+00,2.3996817651736113e+00,3.8792877781850281e+00,4.6337574690685193e+00,0.0000000000000000e+00,3.8792877781850281e+00,2.3996817651736113e+00,1.6090550070980723e+00,6.8833071600470885e-01,3.8792877781850281e+00,3.8792877781850281e+00,3.1607543866114876e+00,6.8833071600470885e-01,2.3996817651736113e+00,2.3996817651736113e+00,1.6090550070980723e+00,3.1607543866114876e+00,3.1607543866114876e+00,4.6337574690685193e+00,1.6090550070980723e+00,2.3996817651736113e+00,2.3996817651736113e+00,4.6337574690685193e+00,6.8833071600470885e-01,3.8792877781850281e+00,2.3996817651736113e+00,4.6337574690685193e+00,3.1607543866114876e+00,6.8833071600470885e-01,2.3996817651736113e+00,1.6090550070980723e+00,6.8833071600470885e-01,0.0000000000000000e+00,1.6090550070980723e+00,4.6337574690685193e+00,3.8792877781850281e+00,6.8833071600470885e-01,4.6337574690685193e+00,3.1607543866114876e+00,4.6337574690685193e+00,3.1607543866114876e+00,3.1607543866114876e+00,4.6337574690685193e+00,4.6337574690685193e+00,4.6337574690685193e+00,4.6337574690685193e+00,1.6090550070980723e+00,4.6337574690685193e+00,4.6337574690685193e+00,4.6337574690685193e+00,3.8792877781850281e+00,4.6337574690685193e+00,3.8792877781850281e+00,3.8792877781850281e+00,3.8792877781850281e+00,3.8792877781850281e+00,6.8833071600470885e-01,4.6337574690685193e+00,3.1607543866114876e+00,3.1607543866114876e+00,4.6337574690685193e+00,5.0823590842480444e+00,3.8792877781850281e+00,4.6337574690685193e+00,2.3996817651736113e+00,2.3996817651736113e+00,3.1607543866114876e+00,0.0000000000000000e+00,3.1607543866114876e+00,4.6337574690685193e+00,6.8833071600470885e-01,4.6337574690685193e+00,3.8792877781850281e+00,5.0823590842480444e+00,3.8792877781850281e+00,3.8792877781850281e+00,0.0000000000000000e+00,1.6090550070980723e+00,3.8792877781850281e+00,3.8792877781850281e+00,6.8833071600470885e-01,3.8792877781850281e+00,1.6090550070980723e+00,1.6090550070980723e+00,5.0823590842480444e+00,3.1607543866114876e+00,6.8833071600470885e-01,4.6337574690685193e+00,0.0000000000000000e+00,4.6337574690685193e+00,3.1607543866114876e+00,3.1607543866114876e+00,2.3996817651736113e+00,3.1607543866114876e+00,4.6337574690685193e+00,1.6090550070980723e+00,3.1607543866114876e+00,1.6090550070980723e+00,3.8792877781850281e+00,3.8792877781850281e+00,6.8833071600470885e-01,5.0823590842480444e+00,2.3996817651736113e+00,2.3996817651736113e+00,6.8833071600470885e-01,0.0000000000000000e+00,4.6337574690685193e+00,6.8833071600470885e-01,3.1607543866114876e+00,3.8792877781850281e+00,3.8792877781850281e+00,4.6337574690685193e+00,3.1607543866114876e+00,4.6337574690685193e+00,3.1607543866114876e+00,3.1607543866114876e+00,6.8833071600470885e-01,3.8792877781850281e+00,3.1607543866114876e+00,4.6337574690685193e+00,3.1607543866114876e+00,3.8792877781850281e+00,6.8833071600470885e-01,3.1607543866114876e+00,3.1607543866114876e+00,1.6090550070980723e+00,3.8792877781850281e+00,3.1607543866114876e+00,0.0000000000000000e+00,3.1607543866114876e+00,3.8792877781850281e+00,5.0823590842480444e+00,1.6090550070980723e+00,2.3996817651736113e+00,4.6337574690685193e+00,4.6337574690685193e+00,3.1607543866114876e+00,4.6337574690685193e+00,4.6337574690685193e+00,1.6090550070980723e+00,4.6337574690685193e+00,4.6337574690685193e+00,0.0000000000000000e+00,4.6337574690685193e+00,0.0000000000000000e+00,3.1607543866114876e+00,3.1607543866114876e+00,3.1607543866114876e+00,2.3996817651736113e+00,3.8792877781850281e+00,4.6337574690685193e+00,4.6337574690685193e+00,4.6337574690685193e+00,4.6337574690685193e+00,4.6337574690685193e+00,4.6337574690685193e+00,0.0000000000000000e+00,4.6337574690685193e+00,3.1607543866114876e+00,4.6337574690685193e+00,4.6337574690685193e+00,4.6337574690685193e+00,3.1607543866114876e+00,2.3996817651736113e+00,4.6337574690685193e+00,3.8792877781850281e+00,5.0823590842480444e+00,6.8833071600470885e-01,4.6337574690685193e+00,6.8833071600470885e-01,6.8833071600470885e-01,2.3996817651736113e+00,0.0000000000000000e+00,3.1607543866114876e+00,3.1607543866114876e+00,4.6337574690685193e+00,3.1607543866114876e+00,2.3996817651736113e+00,5.0823590842480444e+00,2.3996817651736113e+00,4.6337574690685193e+00,6.8833071600470885e-01,6.8833071600470885e-01,3.1607543866114876e+00,3.1607543866114876e+00,3.1607543866114876e+00,4.6337574690685193e+00,4.6337574690685193e+00,4.6337574690685193e+00,4.6337574690685193e+00,5.0823590842480444e+00,6.8833071600470885e-01,3.8792877781850281e+00,4.6337574690685193e+00,3.1607543866114876e+00,2.3996817651736113e+00,5.0823590842480444e+00,0.0000000000000000e+00,1.6090550070980723e+00,3.1607543866114876e+00,5.0823590842480444e+00,3.1607543866114876e+00,2.3996817651736113e+00,1.6090550070980723e+00,0.0000000000000000e+00,2.3996817651736113e+00,3.1607543866114876e+00,3.1607543866114876e+00,5.0823590842480444e+00,5.0823590842480444e+00,4.6337574690685193e+00,4.6337574690685193e+00,3.8792877781850281e+00,1.6090550070980723e+00,1.6090550070980723e+00,5.0823590842480444e+00,6.8833071600470885e-01,5.0823590842480444e+00,3.1607543866114876e+00,3.1607543866114876e+00,4.6337574690685193e+00,3.1607543866114876e+00,4.6337574690685193e+00,1.6090550070980723e+00,1.6090550070980723e+00,4.6337574690685193e+00,1.6090550070980723e+00,3.1607543866114876e+00,4.6337574690685193e+00,3.8792877781850281e+00,4.6337574690685193e+00,4.6337574690685193e+00,5.0823590842480444e+00,4.6337574690685193e+00,3.1607543866114876e+00,4.6337574690685193e+00,4.6337574690685193e+00,4.6337574690685193e+00,2.3996817651736113e+00,4.6337574690685193e+00,3.8792877781850281e+00,3.8792877781850281e+00,3.8792877781850281e+00,3.8792877781850281e+00,2.3996817651736113e+00,2.3996817651736113e+00,3.1607543866114876e+00,3.1607543866114876e+00,3.1607543866114876e+00,5.0823590842480444e+00,6.8833071600470885e-01,2.3996817651736113e+00,3.8792877781850281e+00,5.0823590842480444e+00,5.0823590842480444e+00,2.3996817651736113e+00,1.6090550070980723e+00,2.3996817651736113e+00,3.1607543866114876e+00,3.8792877781850281e+00,3.1607543866114876e+00,3.1607543866114876e+00,4.6337574690685193e+00,4.6337574690685193e+00,4.6337574690685193e+00,3.1607543866114876e+00,6.8833071600470885e-01,3.1607543866114876e+00,4.6337574690685193e+00,3.1607543866114876e+00,3.1607543866114876e+00,0.0000000000000000e+00,6.8833071600470885e-01,5.0823590842480444e+00,5.0823590842480444e+00,6.8833071600470885e-01,3.1607543866114876e+00,3.8792877781850281e+00,2.3996817651736113e+00,6.8833071600470885e-01,3.8792877781850281e+00,0.0000000000000000e+00,4.6337574690685193e+00,6.8833071600470885e-01,6.8833071600470885e-01,2.3996817651736113e+00,6.8833071600470885e-01,2.3996817651736113e+00,2.3996817651736113e+00,0.0000000000000000e+00,2.3996817651736113e+00,3.8792877781850281e+00,3.8792877781850281e+00,6.8833071600470885e-01,1.6090550070980723e+00,1.6090550070980723e+00,2.3996817651736113e+00,2.3996817651736113e+00,2.3996817651736113e+00,4.6337574690685193e+00,5.0823590842480444e+00,4.6337574690685193e+00,3.8792877781850281e+00,3.8792877781850281e+00,4.6337574690685193e+00,0.0000000000000000e+00,1.6090550070980723e+00,3.8792877781850281e+00,4.6337574690685193e+00,3.8792877781850281e+00,0.0000000000000000e+00,4.6337574690685193e+00,3.8792877781850281e+00,5.0823590842480444e+00,0.0000000000000000e+00,4.6337574690685193e+00,3.1607543866114876e+00,3.1607543866114876e+00,3.1607543866114876e+00,6.8833071600470885e-01,3.1607543866114876e+00,3.1607543866114876e+00,3.8792877781850281e+00,0.0000000000000000e+00,4.6337574690685193e+00,3.1607543866114876e+00,3.8792877781850281e+00,3.8792877781850281e+00,5.0823590842480444e+00,3.1607543866114876e+00,1.6090550070980723e+00,4.6337574690685193e+00,4.6337574690685193e+00,3.8792877781850281e+00,3.8792877781850281e+00,5.0823590842480444e+00,4.6337574690685193e+00,2.3996817651736113e+00,5.0823590842480444e+00,5.0823590842480444e+00,3.1607543866114876e+00,5.0823590842480444e+00,5.0823590842480444e+00,3.1607543866114876e+00,5.0823590842480444e+00,4.6337574690685193e+00,1.6090550070980723e+00,3.8792877781850281e+00,3.8792877781850281e+00,6.8833071600470885e-01,4.6337574690685193e+00,1.6090550070980723e+00,4.6337574690685193e+00,2.3996817651736113e+00,6.8833071600470885e-01,0.0000000000000000e+00,1.6090550070980723e+00,3.1607543866114876e+00,2.3996817651736113e+00,4.6337574690685193e+00,1.6090550070980723e+00,5.0823590842480444e+00,3.1607543866114876e+00,3.1607543866114876e+00,5.0823590842480444e+00,2.3996817651736113e+00,3.1607543866114876e+00,3.1607543866114876e+00,3.1607543866114876e+00,5.0823590842480444e+00,2.3996817651736113e+00,3.8792877781850281e+00,1.6090550070980723e+00,3.8792877781850281e+00,1.6090550070980723e+00,6.8833071600470885e-01,4.6337574690685193e+00,1.6090550070980723e+00,6.8833071600470885e-01,1.6090550070980723e+00,1.6090550070980723e+00,4.6337574690685193e+00,5.0823590842480444e+00,4.6337574690685193e+00,5.0823590842480444e+00,6.8833071600470885e-01,4.6337574690685193e+00,3.8792877781850281e+00,4.6337574690685193e+00,1.6090550070980723e+00,2.3996817651736113e+00,1.6090550070980723e+00,4.6337574690685193e+00,6.8833071600470885e-01,4.6337574690685193e+00,4.6337574690685193e+00,5.0823590842480444e+00,4.6337574690685193e+00,3.8792877781850281e+00,3.1607543866114876e+00,2.3996817651736113e+00,4.6337574690685193e+00,5.0823590842480444e+00,3.8792877781850281e+00,3.1607543866114876e+00,5.0823590842480444e+00,3.1607543866114876e+00,3.1607543866114876e+00,6.8833071600470885e-01,3.1607543866114876e+00,4.6337574690685193e+00,4.6337574690685193e+00,6.8833071600470885e-01,3.8792877781850281e+00,5.0823590842480444e+00,3.8792877781850281e+00,5.0823590842480444e+00,3.8792877781850281e+00,3.8792877781850281e+00,3.8792877781850281e+00,4.6337574690685193e+00,0.0000000000000000e+00,3.8792877781850281e+00,3.8792877781850281e+00,2.3996817651736113e+00,6.8833071600470885e-01,4.6337574690685193e+00,3.8792877781850281e+00,3.8792877781850281e+00,3.8792877781850281e+00,1.6090550070980723e+00,3.8792877781850281e+00,5.0823590842480444e+00,3.1607543866114876e+00,2.3996817651736113e+00,5.0823590842480444e+00,4.6337574690685193e+00,4.6337574690685193e+00,4.6337574690685193e+00,4.6337574690685193e+00,0.0000000000000000e+00,3.8792877781850281e+00,5.0823590842480444e+00,0.0000000000000000e+00,2.3996817651736113e+00,4.6337574690685193e+00,4.6337574690685193e+00,4.6337574690685193e+00,4.6337574690685193e+00,2.3996817651736113e+00,2.3996817651736113e+00,4.6337574690685193e+00,3.8792877781850281e+00,6.8833071600470885e-01,3.8792877781850281e+00,4.6337574690685193e+00,5.0823590842480444e+00,2.3996817651736113e+00,5.0823590842480444e+00,3.8792877781850281e+00,3.8792877781850281e+00,6.8833071600470885e-01,4.6337574690685193e+00,5.0823590842480444e+00,3.8792877781850281e+00,6.8833071600470885e-01,3.1607543866114876e+00,3.1607543866114876e+00,4.6337574690685193e+00,0.0000000000000000e+00,3.8792877781850281e+00,3.8792877781850281e+00,4.6337574690685193e+00,3.1607543866114876e+00,4.6337574690685193e+00,2.3996817651736113e+00,5.0823590842480444e+00,5.0823590842480444e+00,0.0000000000000000e+00,5.0823590842480444e+00,4.6337574690685193e+00,2.3996817651736113e+00,3.8792877781850281e+00,3.8792877781850281e+00,3.8792877781850281e+00,3.8792877781850281e+00,2.3996817651736113e+00,0.0000000000000000e+00,3.8792877781850281e+00,4.6337574690685193e+00,3.8792877781850281e+00,4.6337574690685193e+00,3.8792877781850281e+00,1.6090550070980723e+00,6.8833071600470885e-01,2.3996817651736113e+00,0.0000000000000000e+00,3.8792877781850281e+00,1.6090550070980723e+00,4.6337574690685193e+00,4.6337574690685193e+00,3.1607543866114876e+00,3.8792877781850281e+00,3.8792877781850281e+00,3.8792877781850281e+00,4.6337574690685193e+00,2.3996817651736113e+00,5.0823590842480444e+00,3.8792877781850281e+00,2.3996817651736113e+00,4.6337574690685193e+00,5.0823590842480444e+00,3.1607543866114876e+00,2.3996817651736113e+00,3.8792877781850281e+00,3.8792877781850281e+00,4.6337574690685193e+00,2.3996817651736113e+00,2.3996817651736113e+00,3.1607543866114876e+00,2.3996817651736113e+00,4.6337574690685193e+00,0.0000000000000000e+00,5.0823590842480444e+00,4.6337574690685193e+00,4.6337574690685193e+00,4.6337574690685193e+00,4.6337574690685193e+00,6.8833071600470885e-01,6.8833071600470885e-01,3.8792877781850281e+00,0.0000000000000000e+00,6.8833071600470885e-01,1.6090550070980723e+00,4.6337574690685193e+00,3.1607543866114876e+00,4.6337574690685193e+00,4.6337574690685193e+00,1.6090550070980723e+00,3.1607543866114876e+00,3.8792877781850281e+00,4.6337574690685193e+00,4.6337574690685193e+00,3.8792877781850281e+00,4.6337574690685193e+00,4.6337574690685193e+00,0.0000000000000000e+00,4.6337574690685193e+00,5.0823590842480444e+00,4.6337574690685193e+00,4.6337574690685193e+00,0.0000000000000000e+00,2.3996817651736113e+00,4.6337574690685193e+00,5.0823590842480444e+00,5.0823590842480444e+00,5.0823590842480444e+00,5.0823590842480444e+00,5.0823590842480444e+00,5.0823590842480444e+00,5.0823590842480444e+00,5.0823590842480444e+00,0.0000000000000000e+00,2.3996817651736113e+00,5.0823590842480444e+00,5.0823590842480444e+00,3.1607543866114876e+00,1.6090550070980723e+00,1.6090550070980723e+00,0.0000000000000000e+00,3.1607543866114876e+00,3.1607543866114876e+00,3.1607543866114876e+00,3.1607543866114876e+00,5.0823590842480444e+00,3.8792877781850281e+00,3.1607543866114876e+00,5.0823590842480444e+00,3.1607543866114876e+00,3.1607543866114876e+00,3.8792877781850281e+00,4.6337574690685193e+00,4.6337574690685193e+00,4.6337574690685193e+00,3.8792877781850281e+00,3.8792877781850281e+00,5.0823590842480444e+00,2.3996817651736113e+00,5.0823590842480444e+00,5.0823590842480444e+00,3.1607543866114876e+00,2.3996817651736113e+00,4.6337574690685193e+00,4.6337574690685193e+00,4.6337574690685193e+00,0.0000000000000000e+00,1.6090550070980723e+00,2.3996817651736113e+00,3.1607543866114876e+00,5.0823590842480444e+00,5.0823590842480444e+00,6.8833071600470885e-01,5.0823590842480444e+00,5.0823590842480444e+00,3.8792877781850281e+00,3.1607543866114876e+00,5.0823590842480444e+00,3.1607543866114876e+00,6.8833071600470885e-01,2.3996817651736113e+00,5.0823590842480444e+00,3.1607543866114876e+00,6.8833071600470885e-01,2.3996817651736113e+00,1.6090550070980723e+00,6.8833071600470885e-01,3.1607543866114876e+00,3.8792877781850281e+00,3.1607543866114876e+00,3.1607543866114876e+00,5.0823590842480444e+00,5.0823590842480444e+00,0.0000000000000000e+00,5.0823590842480444e+00,5.0823590842480444e+00,1.6090550070980723e+00,5.0823590842480444e+00,1.6090550070980723e+00,6.8833071600470885e-01,3.1607543866114876e+00,3.1607543866114876e+00,6.8833071600470885e-01,5.0823590842480444e+00,2.3996817651736113e+00,6.8833071600470885e-01,3.8792877781850281e+00,1.6090550070980723e+00,3.8792877781850281e+00,5.0823590842480444e+00,3.1607543866114876e+00,3.1607543866114876e+00,5.0823590842480444e+00,3.8792877781850281e+00,5.0823590842480444e+00,6.8833071600470885e-01,5.0823590842480444e+00,1.6090550070980723e+00,5.0823590842480444e+00,3.8792877781850281e+00,3.1607543866114876e+00,4.6337574690685193e+00,6.8833071600470885e-01,5.0823590842480444e+00,3.1607543866114876e+00,6.8833071600470885e-01,3.8792877781850281e+00,1.6090550070980723e+00,5.0823590842480444e+00,3.1607543866114876e+00,5.0823590842480444e+00,3.8792877781850281e+00,3.1607543866114876e+00,5.0823590842480444e+00,6.8833071600470885e-01,4.6337574690685193e+00,3.8792877781850281e+00,6.8833071600470885e-01,4.6337574690685193e+00,4.6337574690685193e+00,3.1607543866114876e+00,4.6337574690685193e+00,3.1607543866114876e+00,5.0823590842480444e+00,3.1607543866114876e+00,4.6337574690685193e+00,6.8833071600470885e-01,3.8792877781850281e+00,3.1607543866114876e+00,4.6337574690685193e+00
5.3433746443856558e+00,5.3433746443856558e+00,2.2180894483042954e+00,7.4367742588462704e-01,5.3433746443856558e+00,3.4366439879414958e+00,7.4367742588462704e-01,3.4366439879414958e+00,3.4366439879414958e+00,0.0000000000000000e+00,2.2180894483042954e+00,3.4366439879414958e+00,3.4366439879414958e+00,3.4366439879414958e+00,0.0000000000000000e+00,5.3433746443856558e+00,0.0000000000000000e+00,5.3433746443856558e+00,5.3433746443856558e+00,5.3433746443856558e+00,5.3433746443856558e+00,3.4366439879414958e+00,3.4366439879414958e+00,5.3433746443856558e+00,4.8331057064454939e+00,1.4035480064641230e+00,7.4367742588462704e-01,5.3433746443856558e+00,5.3433746443856558e+00,7.4367742588462704e-01,5.3433746443856558e+00,5.3433746443856558e+00,5.3433746443856558e+00,3.4366439879414958e+00,5.3433746443856558e+00,3.4366439879414958e+00,5.3433746443856558e+00,5.3433746443856558e+00,5.3433746443856558e+00,7.4367742588462704e-01,2.2180894483042954e+00,1.4035480064641230e+00,0.0000000000000000e+00,5.3433746443856558e+00,5.3433746443856558e+00,5.3433746443856558e+00,0.0000000000000000e+00,5.3433746443856558e+00,1.4035480064641230e+00,5.3433746443856558e+00,5.3433746443856558e+00,1.4035480064641230e+00,5.3433746443856558e+00,4.8331057064454939e+00,5.3433746443856558e+00,3.4366439879414958e+00,3.4366439879414958e+00,1.4035480064641230e+00,3.4366439879414958e+00,3.4366439879414958e+00,3.4366439879414958e+00,3.4366439879414958e+00,3.4366439879414958e+00,3.4366439879414958e+00,5.3433746443856558e+00,3.4366439879414958e+00,3.4366439879414958e+00,1.4035480064641230e+00,1.4035480064641230e+00,3.4366439879414958e+00,5.3433746443856558e+00,5.3433746443856558e+00,1.4035480064641230e+00,3.4366439879414958e+00,3.4366439879414958e+00,5.3433746443856558e+00,2.2180894483042954e+00,3.4366439879414958e+00,5.3433746443856558e+00,0.0000000000000000e+00,3.4366439879414958e+00,4.8331057064454939e+00,4.8331057064454939e+00,4.8331057064454939e+00,3.4366439879414958e+00,2.2180894483042954e+00,5.3433746443856558e+00,1.4035480064641230e+00,1.4035480064641230e+00,5.3433746443856558e+00,5.3433746443856558e+00,2.2180894483042954e+00,3.4366439879414958e+00,3.4366439879414958e+00,5.3433746443856558e+00,4.8331057064454939e+00,4.8331057064454939e+00,4.8331057064454939e+00,2.2180894483042954e+00,4.8331057064454939e+00,4.8331057064454939e+00,5.3433746443856558e+00,3.4366439879414958e+00,4.8331057064454939e+00,5.3433746443856558e+00,3.4366439879414958e+00,3.4366439879414958e+00,4.8331057064454939e+00,5.3433746443856558e+00,7.4367742588462704e-01,1.4035480064641230e+00,0.0000000000000000e+00,3.4366439879414958e+00,5.3433746443856558e+00,7.4367742588462704e-01,4.8331057064454939e+00,4.8331057064454939e+00,4.8331057064454939e+00,3.4366439879414958e+00,0.0000000000000000e+00,4.8331057064454939e+00,4.8331057064454939e+00,3.4366439879414958e+00,4.8331057064454939e+00,5.3433746443856558e+00,2.2180894483042954e+00,4.8331057064454939e+00,4.8331057064454939e+00,5.3433746443856558e+00,1.4035480064641230e+00,5.3433746443856558e+00,2.2180894483042954e+00,2.2180894483042954e+00,5.3433746443856558e+00,0.0000000000000000e+00,2.2180894483042954e+00,3.4366439879414958e+00,7.4367742588462704e-01,3.4366439879414958e+00,7.4367742588462704e-01,3.4366439879414958e+00,2.2180894483042954e+00,3.4366439879414958e+00,4.8331057064454939e+00,1.4035480064641230e+00,4.8331057064454939e+00,3.4366439879414958e+00,4.8331057064454939e+00,7.4367742588462704e-01,7.4367742588462704e-01,4.8331057064454939e+00,5.3433746443856558e+00,4.8331057064454939e+00,3.4366439879414958e+00,3.9698749439794874e+00,4.8331057064454939e+00,3.4366439879414958e+00,3.4366439879414958e+00,4.8331057064454939e+00,3.4366439879414958e+00,3.4366439879414958e+00,5.3433746443856558e+00,5.3433746443856558e+00,3.9698749439794874e+00,5.3433746443856558e+00,7.4367742588462704e-01,4.8331057064454939e+00,3.4366439879414958e+00,5.3433746443856558e+00,4.8331057064454939e+00,3.4366439879414958e+00,4.8331057064454939e+00,1.4035480064641230e+00,5.3433746443856558e+00,5.3433746443856558e+00,5.3433746443856558e+00,7.4367742588462704e-01,1.4035480064641230e+00,1.4035480064641230e+00,3.4366439879414958e+00,4.8331057064454939e+00,5.3433746443856558e+00,1.4035480064641230e+00,5.3433746443856558e+00,5.3433746443856558e+00,5.3433746443856558e+00,4.8331057064454939e+00,4.8331057064454939e+00,3.4366439879414958e+00,5.3433746443856558e+00,5.3433746443856558e+00,4.8331057064454939e+00,1.4035480064641230e+00,5.3433746443856558e+00,5.3433746443856558e+00,5.3433746443856558e+00,5.3433746443856558e+00,5.3433746443856558e+00,4.8331057064454939e+00,7.4367742588462704e-01,4.8331057064454939e+00,3.4366439879414958e+00,5.3433746443856558e+00,4.8331057064454939e+00,5.3433746443856558e+00,7.4367742588462704e-01,3.9698749439794874e+00,4.8331057064454939e+00,1.4035480064641230e+00,1.4035480064641230e+00,0.0000000000000000e+00,7.4367742588462704e-01,1.4035480064641230e+00,7.4367742588462704e-01,5.3433746443856558e+00,2.2180894483042954e+00,5.3433746443856558e+00,3.9698749439794874e+00,3.4366439879414958e+00,5.3433746443856558e+00,0.0000000000000000e+00,4.8331057064454939e+00,7.4367742588462704e-01,4.8331057064454939e+00,4.8331057064454939e+00,4.8331057064454939e+00,5.3433746443856558e+00,3.9698749439794874e+00,5.3433746443856558e+00,5.3433746443856558e+00,3.9698749439794874e+00,2.2180894483042954e+00,3.9698749439794874e+00,5.3433746443856558e+00,5.3433746443856558e+00,3.9698749439794874e+00,3.4366439879414958e+00,3.9698749439794874e+00,5.3433746443856558e+00,5.3433746443856558e+00,4.8331057064454939e+00,4.8331057064454939e+00,1.4035480064641230e+00,5.3433746443856558e+00,1.4035480064641230e+00,7.4367742588462704e-01,7.4367742588462704e-01,5.3433746443856558e+00,5.3433746443856558e+00,5.3433746443856558e+00,5.3433746443856558e+00,5.3433746443856558e+00,0.0000000000000000e+00,5.3433746443856558e+00,4.8331057064454939e+00,3.4366439879414958e+00,1.4035480064641230e+00,3.9698749439794874e+00,3.9698749439794874e+00,3.4366439879414958e+00,3.4366439879414958e+00,5.3433746443856558e+00,5.3433746443856558e+00,3.9698749439794874e+00,0.0000000000000000e+00,1.4035480064641230e+00,5.3433746443856558e+00,0.0000000000000000e+00,5.3433746443856558e+00,5.3433746443856558e+00,5.3433746443856558e+00,5.3433746443856558e+00,5.3433746443856558e+00,2.2180894483042954e+00,4.8331057064454939e+00,7.4367742588462704e-01,1.4035480064641230e+00,7.4367742588462704e-01,5.3433746443856558e+00,1.4035480064641230e+00,0.0000000000000000e+00,1.4035480064641230e+00,5.3433746443856558e+00,4.8331057064454939e+00,4.8331057064454939e+00,5.3433746443856558e+00,5.3433746443856558e+00,4.8331057064454939e+00,2.2180894483042954e+00,4.8331057064454939e+00,4.8331057064454939e+00,7.4367742588462704e-01,1.4035480064641230e+00,7.4367742588462704e-01,5.3433746443856558e+00,5.3433746443856558e+00,2.2180894483042954e+00,3.4366439879414958e+00,1.4035480064641230e+00,5.3433746443856558e+00,5.3433746443856558e+00,4.8331057064454939e+00,5.3433746443856558e+00,4.8331057064454939e+00,2.2180894483042954e+00,5.3433746443856558e+00,5.3433746443856558e+00,5.3433746443856558e+00,2.2180894483042954e+00,4.8331057064454939e+00,7.4367742588462704e-01,5.3433746443856558e+00,4.8331057064454939e+00,7.4367742588462704e-01,4.8331057064454939e+00,4.8331057064454939e+00,0.0000000000000000e+00,5.3433746443856558e+00,5.3433746443856558e+00,5.3433746443856558e+00,5.3433746443856558e+00,3.4366439879414958e+00,5.3433746443856558e+00,5.3433746443856558e+00,5.3433746443856558e+00,3.4366439879414958e+00,3.4366439879414958e+00,4.8331057064454939e+00,4.8331057064454939e+00,3.4366439879414958e+00,5.3433746443856558e+00,5.3433746443856558e+00,5.3433746443856558e+00,5.3433746443856558e+00,5.3433746443856558e+00,5.3433746443856558e+00,4.8331057064454939e+00,4.8331057064454939e+00,4.8331057064454939e+00,5.3433746443856558e+00,3.9698749439794874e+00,5.3433746443856558e+00,5.3433746443856558e+00,4.8331057064454939e+00,5.3433746443856558e+00,1.4035480064641230e+00,3.4366439879414958e+00,5.3433746443856558e+00,2.2180894483042954e+00,7.4367742588462704e-01,5.3433746443856558e+00,3.4366439879414958e+00,4.8331057064454939e+00,5.3433746443856558e+00,4.8331057064454939e+00,2.2180894483042954e+00,2.2180894483042954e+00,2.2180894483042954e+00,3.4366439879414958e+00,5.3433746443856558e+00,3.9698749439794874e+00,5.3433746443856558e+00,5.3433746443856558e+00,3.9698749439794874e+00,5.3433746443856558e+00,2.2180894483042954e+00,3.9698749439794874e+00,5.3433746443856558e+00,3.4366439879414958e+00,3.9698749439794874e+00,3.4366439879414958e+00,7.4367742588462704e-01,4.8331057064454939e+00,5.3433746443856558e+00,7.4367742588462704e-01,3.9698749439794874e+00,7.4367742588462704e-01,3.9698749439794874e+00,5.3433746443856558e+00,5.3433746443856558e+00,2.2180894483042954e+00,5.3433746443856558e+00,5.3433746443856558e+00,5.3433746443856558e+00,3.4366439879414958e+00,5.3433746443856558e+00,5.3433746443856558e+00,5.3433746443856558e+00,3.9698749439794874e+00,0.0000000000000000e+00,4.8331057064454939e+00,2.2180894483042954e+00,5.3433746443856558e+00,5.3433746443856558e+00,1.4035480064641230e+00,5.3433746443856558e+00,4.8331057064454939e+00,4.8331057064454939e+00,2.2180894483042954e+00,7.4367742588462704e-01,5.3433746443856558e+00,5.3433746443856558e+00,4.8331057064454939e+00,5.3433746443856558e+00,5.3433746443856558e+00,0.0000000000000000e+00,7.4367742588462704e-01,1.4035480064641230e+00,5.3433746443856558e+00,5.3433746443856558e+00,3.9698749439794874e+00,5.3433746443856558e+00,0.0000000000000000e+00,5.3433746443856558e+00,4.8331057064454939e+00,4.8331057064454939e+00,4.8331057064454939e+00,0.0000000000000000e+00,7.4367742588462704e-01,3.4366439879414958e+00,0.0000000000000000e+00,7.4367742588462704e-01,2.2180894483042954e+00,3.9698749439794874e+00,2.2180894483042954e+00,5.3433746443856558e+00,5.3433746443856558e+00,3.9698749439794874e+00,5.3433746443856558e+00,4.8331057064454939e+00,5.3433746443856558e+00,1.4035480064641230e+00,4.8331057064454939e+00,3.4366439879414958e+00,5.3433746443856558e+00,5.3433746443856558e+00,3.4366439879414958e+00,5.3433746443856558e+00,3.9698749439794874e+00,5.3433746443856558e+00,5.3433746443856558e+00,3.4366439879414958e+00,2.2180894483042954e+00,4.8331057064454939e+00,3.9698749439794874e+00,1.4035480064641230e+00,5.3433746443856558e+00,3.9698749439794874e+00,5.3433746443856558e+00,5.3433746443856558e+00,7.4367742588462704e-01,5.3433746443856558e+00,5.3433746443856558e+00,2.2180894483042954e+00,5.3433746443856558e+00,5.3433746443856558e+00,3.4366439879414958e+00,3.4366439879414958e+00,3.4366439879414958e+00,3.4366439879414958e+00,3.4366439879414958e+00,3.4366439879414958e+00,4.8331057064454939e+00,3.4366439879414958e+00,5.3433746443856558e+00,5.3433746443856558e+00,3.4366439879414958e+00,2.2180894483042954e+00,7.4367742588462704e-01,5.3433746443856558e+00,4.8331057064454939e+00,4.8331057064454939e+00,3.4366439879414958e+00,4.8331057064454939e+00,4.8331057064454939e+00,3.4366439879414958e+00,4.8331057064454939e+00,5.3433746443856558e+00,7.4367742588462704e-01,3.9698749439794874e+00,4.8331057064454939e+00,4.8331057064454939e+00,1.4035480064641230e+00,1.4035480064641230e+00,2.2180894483042954e+00,3.4366439879414958e+00,7.4367742588462704e-01,3.4366439879414958e+00,5.3433746443856558e+00,4.8331057064454939e+00,4.8331057064454939e+00,4.8331057064454939e+00,1.4035480064641230e+00,1.4035480064641230e+00,4.8331057064454939e+00,0.0000000000000000e+00,7.4367742588462704e-01,0.0000000000000000e+00,4.8331057064454939e+00,3.4366439879414958e+00,3.9698749439794874e+00,3.4366439879414958e+00,3.4366439879414958e+00,1.4035480064641230e+00,3.9698749439794874e+00,3.4366439879414958e+00,4.8331057064454939e+00,7.4367742588462704e-01,5.3433746443856558e+00,5.3433746443856558e+00,5.3433746443856558e+00,5.3433746443856558e+00,4.8331057064454939e+00,5.3433746443856558e+00,2.2180894483042954e+00,3.9698749439794874e+00,4.8331057064454939e+00,3.4366439879414958e+00,5.3433746443856558e+00,5.3433746443856558e+00,7.4367742588462704e-01,3.4366439879414958e+00,1.4035480064641230e+00,7.4367742588462704e-01,5.3433746443856558e+00,5.3433746443856558e+00,1.4035480064641230e+00,5.3433746443856558e+00,2.2180894483042954e+00,3.9698749439794874e+00,3.9698749439794874e+00,4.8331057064454939e+00,5.3433746443856558e+00,5.3433746443856558e+00,5.3433746443856558e+00,4.8331057064454939e+00,4.8331057064454939e+00,5.3433746443856558e+00,5.3433746443856558e+00,0.0000000000000000e+00,5.3433746443856558e+00,7.4367742588462704e-01,3.4366439879414958e+00,1.4035480064641230e+00,1.4035480064641230e+00,4.8331057064454939e+00,7.4367742588462704e-01,0.0000000000000000e+00,4.8331057064454939e+00,3.9698749439794874e+00,4.8331057064454939e+00,3.4366439879414958e+00,3.4366439879414958e+00,3.9698749439794874e+00,3.9698749439794874e+00,0.0000000000000000e+00,3.9698749439794874e+00,2.2180894483042954e+00,3.9698749439794874e+00,3.4366439879414958e+00,5.3433746443856558e+00,5.3433746443856558e+00,3.9698749439794874e+00,7.4367742588462704e-01,3.9698749439794874e+00,0.0000000000000000e+00,3.4366439879414958e+00,5.3433746443856558e+00,5.3433746443856558e+00,1.4035480064641230e+00,5.3433746443856558e+00,1.4035480064641230e+00,0.0000000000000000e+00,4.8331057064454939e+00,3.9698749439794874e+00,3.9698749439794874e+00,5.3433746443856558e+00,5.3433746443856558e+00,5.3433746443856558e+00,4.8331057064454939e+00,5.3433746443856558e+00,5.3433746443856558e+00,3.9698749439794874e+00,1.4035480064641230e+00,3.9698749439794874e+00,5.3433746443856558e+00,5.3433746443856558e+00,5.3433746443856558e+00,5.3433746443856558e+00,2.2180894483042954e+00,5.3433746443856558e+00,2.2180894483042954e+00,5.3433746443856558e+00,5.3433746443856558e+00,1.4035480064641230e+00,0.0000000000000000e+00,3.9698749439794874e+00,4.8331057064454939e+00,0.0000000000000000e+00,4.8331057064454939e+00,4.8331057064454939e+00,0.0000000000000000e+00,5.3433746443856558e+00,4.8331057064454939e+00,3.9698749439794874e+00,3.9698749439794874e+00,4.8331057064454939e+00,4.8331057064454939e+00,4.8331057064454939e+00,4.8331057064454939e+00,7.4367742588462704e-01,4.8331057064454939e+00,4.8331057064454939e+00,3.9698749439794874e+00,5.3433746443856558e+00,3.9698749439794874e+00,1.4035480064641230e+00,5.3433746443856558e+00,5.3433746443856558e+00,5.3433746443856558e+00,7.4367742588462704e-01,0.0000000000000000e+00,4.8331057064454939e+00,3.9698749439794874e+00,3.9698749439794874e+00,4.8331057064454939e+00,4.8331057064454939e+00,4.8331057064454939e+00,5.3433746443856558e+00,4.8331057064454939e+00,5.3433746443856558e+00,4.8331057064454939e+00,4.8331057064454939e+00,4.8331057064454939e+00,4.8331057064454939e+00,4.8331057064454939e+00,4.8331057064454939e+00,4.8331057064454939e+00,4.8331057064454939e+00,3.9698749439794874e+00,7.4367742588462704e-01,3.9698749439794874e+00,7.4367742588462704e-01,4.8331057064454939e+00,4.8331057064454939e+00,3.9698749439794874e+00,4.8331057064454939e+00,4.8331057064454939e+00,4.8331057064454939e+00,4.8331057064454939e+00,4.8331057064454939e+00,5.3433746443856558e+00,4.8331057064454939e+00,1.4035480064641230e+00,1.4035480064641230e+00,2.2180894483042954e+00,7.4367742588462704e-01,5.3433746443856558e+00,3.9698749439794874e+00,4.8331057064454939e+00,4.8331057064454939e+00,4.8331057064454939e+00,4.8331057064454939e+00,0.0000000000000000e+00,0.0000000000000000e+00,3.4366439879414958e+00,0.0000000000000000e+00,4.8331057064454939e+00,4.8331057064454939e+00,0.0000000000000000e+00,3.4366439879414958e+00,4.8331057064454939e+00,3.4366439879414958e+00,5.3433746443856558e+00,7.4367742588462704e-01,5.3433746443856558e+00,3.9698749439794874e+00,3.9698749439794874e+00,4.8331057064454939e+00,4.8331057064454939e+00,1.4035480064641230e+00,5.3433746443856558e+00,3.4366439879414958e+00,5.3433746443856558e+00,4.8331057064454939e+00,2.2180894483042954e+00,2.2180894483042954e+00,3.4366439879414958e+00,3.4366439879414958e+00,2.2180894483042954e+00,5.3433746443856558e+00,5.3433746443856558e+00,7.4367742588462704e-01,3.9698749439794874e+00,5.3433746443856558e+00,7.4367742588462704e-01,5.3433746443856558e+00,4.8331057064454939e+00,5.3433746443856558e+00,1.4035480064641230e+00,5.3433746443856558e+00,5.3433746443856558e+00,5.3433746443856558e+00,4.8331057064454939e+00,2.2180894483042954e+00,1.4035480064641230e+00,5.3433746443856558e+00,5.3433746443856558e+00,0.0000000000000000e+00,5.3433746443856558e+00,3.9698749439794874e+00,4.8331057064454939e+00,3.4366439879414958e+00,7.4367742588462704e-01,5.3433746443856558e+00,1.4035480064641230e+00,2.2180894483042954e+00,3.4366439879414958e+00,3.9698749439794874e+00,4.8331057064454939e+00,5.3433746443856558e+00,5.3433746443856558e+00,7.4367742588462704e-01,3.4366439879414958e+00,4.8331057064454939e+00,5.3433746443856558e+00,5.3433746443856558e+00,5.3433746443856558e+00,5.3433746443856558e+00,7.4367742588462704e-01,5.3433746443856558e+00,5.3433746443856558e+00,3.4366439879414958e+00,4.8331057064454939e+00,4.8331057064454939e+00,0.0000000000000000e+00,3.4366439879414958e+00,4.8331057064454939e+00,4.8331057064454939e+00,4.8331057064454939e+00,5.3433746443856558e+00,5.3433746443856558e+00,3.9698749439794874e+00,5.3433746443856558e+00,5.3433746443856558e+00,4.8331057064454939e+00,5.3433746443856558e+00,3.9698749439794874e+00,4.8331057064454939e+00,7.4367742588462704e-01,0.0000000000000000e+00,4.8331057064454939e+00,4.8331057064454939e+00,4.8331057064454939e+00,5.3433746443856558e+00,1.4035480064641230e+00,5.3433746443856558e+00,1.4035480064641230e+00,5.3433746443856558e+00,4.8331057064454939e+00,4.8331057064454939e+00,3.9698749439794874e+00,3.4366439879414958e+00,2.2180894483042954e+00,1.4035480064641230e+00,5.3433746443856558e+00,3.4366439879414958e+00,5.3433746443856558e+00,5.3433746443856558e+00,5.3433746443856558e+00,5.3433746443856558e+00,5.3433746443856558e+00,5.3433746443856558e+00,1.4035480064641230e+00,3.9698749439794874e+00,5.3433746443856558e+00,4.8331057064454939e+00,4.8331057064454939e+00,5.3433746443856558e+00,4.8331057064454939e+00,5.3433746443856558e+00,7.4367742588462704e-01,3.9698749439794874e+00,3.9698749439794874e+00,5.3433746443856558e+00,7.4367742588462704e-01,2.2180894483042954e+00,3.9698749439794874e+00,7.4367742588462704e-01,4.8331057064454939e+00,2.2180894483042954e+00,5.3433746443856558e+00,1.4035480064641230e+00,5.3433746443856558e+00,5.3433746443856558e+00,2.2180894483042954e+00,0.0000000000000000e+00,5.3433746443856558e+00,3.4366439879414958e+00,2.2180894483042954e+00,2.2180894483042954e+00,3.9698749439794874e+00,5.3433746443856558e+00,3.9698749439794874e+00,2.2180894483042954e+00,3.9698749439794874e+00,5.3433746443856558e+00,4.8331057064454939e+00,2.2180894483042954e+00,3.9698749439794874e+00,5.3433746443856558e+00,3.9698749439794874e+00,3.4366439879414958e+00,1.4035480064641230e+00,5.3433746443856558e+00,2.2180894483042954e+00,3.4366439879414958e+00,5.3433746443856558e+00,3.4366439879414958e+00,0.0000000000000000e+00,3.4366439879414958e+00,3.4366439879414958e+00,3.9698749439794874e+00,4.8331057064454939e+00,4.8331057064454939e+00,4.8331057064454939e+00,3.4366439879414958e+00,4.8331057064454939e+00,1.4035480064641230e+00,1.4035480064641230e+00,4.8331057064454939e+00,5.3433746443856558e+00,0.0000000000000000e+00,5.3433746443856558e+00,0.0000000000000000e+00,5.3433746443856558e+00,5.3433746443856558e+00,1.4035480064641230e+00,2.2180894483042954e+00,5.3433746443856558e+00,3.4366439879414958e+00,4.8331057064454939e+00,5.3433746443856558e+00,5.3433746443856558e+00,5.3433746443856558e+00,5.3433746443856558e+00,4.8331057064454939e+00,4.8331057064454939e+00,1.4035480064641230e+00,5.3433746443856558e+00,5.3433746443856558e+00,4.8331057064454939e+00,3.9698749439794874e+00,1.4035480064641230e+00,1.4035480064641230e+00,7.4367742588462704e-01,0.0000000000000000e+00,2.2180894483042954e+00,5.3433746443856558e+00,0.0000000000000000e+00,1.4035480064641230e+00,4.8331057064454939e+00,0.0000000000000000e+00,0.0000000000000000e+00,5.3433746443856558e+00,2.2180894483042954e+00,2.2180894483042954e+00,7.4367742588462704e-01,5.3433746443856558e+00,5.3433746443856558e+00,2.2180894483042954e+00,3.4366439879414958e+00,3.9698749439794874e+00,3.9698749439794874e+00,3.4366439879414958e+00,2.2180894483042954e+00,0.0000000000000000e+00,3.4366439879414958e+00,5.3433746443856558e+00,4.8331057064454939e+00,4.8331057064454939e+00,0.0000000000000000e+00,5.3433746443856558e+00,5.3433746443856558e+00,5.3433746443856558e+00,4.8331057064454939e+00,3.9698749439794874e+00,1.4035480064641230e+00,2.2180894483042954e+00,0.0000000000000000e+00,3.4366439879414958e+00,4.8331057064454939e+00,1.4035480064641230e+00,3.4366439879414958e+00,4.8331057064454939e+00,5.3433746443856558e+00,0.0000000000000000e+00,5.3433746443856558e+00,3.4366439879414958e+00,5.3433746443856558e+00,5.3433746443856558e+00,1.4035480064641230e+00,3.9698749439794874e+00,2.2180894483042954e+00,7.4367742588462704e-01,4.8331057064454939e+00,5.3433746443856558e+00,7.4367742588462704e-01,3.4366439879414958e+00,3.4366439879414958e+00,2.2180894483042954e+00,5.3433746443856558e+00,1.4035480064641230e+00,5.3433746443856558e+00,2.2180894483042954e+00,3.9698749439794874e+00,0.0000000000000000e+00,1.4035480064641230e+00,4.8331057064454939e+00,5.3433746443856558e+00,1.4035480064641230e+00,5.3433746443856558e+00,5.3433746443856558e+00,0.0000000000000000e+00,1.4035480064641230e+00,3.4366439879414958e+00,0.0000000000000000e+00,4.8331057064454939e+00,4.8331057064454939e+00,3.4366439879414958e+00,5.3433746443856558e+00,7.4367742588462704e-01,1.4035480064641230e+00,3.4366439879414958e+00,4.8331057064454939e+00,3.9698749439794874e+00,4.8331057064454939e+00,0.0000000000000000e+00,0.0000000000000000e+00,4.8331057064454939e+00,0.0000000000000000e+00,0.0000000000000000e+00,3.4366439879414958e+00,5.3433746443856558e+00,3.4366439879414958e+00,3.4366439879414958e+00,4.8331057064454939e+00,4.8331057064454939e+00,4.8331057064454939e+00,3.9698749439794874e+00,5.3433746443856558e+00,5.3433746443856558e+00,7.4367742588462704e-01,3.4366439879414958e+00,5.3433746443856558e+00,7.4367742588462704e-01,4.8331057064454939e+00,4.8331057064454939e+00,3.4366439879414958e+00,3.4366439879414958e+00,5.3433746443856558e+00,1.4035480064641230e+00,5.3433746443856558e+00,3.4366439879414958e+00,7.4367742588462704e-01,5.3433746443856558e+00,3.4366439879414958e+00,5.3433746443856558e+00,3.4366439879414958e+00,5.3433746443856558e+00,7.4367742588462704e-01,7.4367742588462704e-01,5.3433746443856558e+00,3.4366439879414958e+00,4.8331057064454939e+00,5.3433746443856558e+00,3.9698749439794874e+00,0.0000000000000000e+00,4.8331057064454939e+00,5.3433746443856558e+00,3.4366439879414958e+00,3.4366439879414958e+00,5.3433746443856558e+00,3.4366439879414958e+00,3.4366439879414958e+00,2.2180894483042954e+00,3.4366439879414958e+00,7.4367742588462704e-01,5.3433746443856558e+00,5.3433746443856558e+00,7.4367742588462704e-01,3.9698749439794874e+00,5.3433746443856558e+00,3.9698749439794874e+00,2.2180894483042954e+00,5.3433746443856558e+00,3.4366439879414958e+00,5.3433746443856558e+00,2.2180894483042954e+00,3.9698749439794874e+00
3.7747959148151318e+00,3.7747959148151318e+00,3.7747959148151318e+00,3.7747959148151318e+00,3.7747959148151318e+00,8.1352729359050968e-01,1.5366173947667932e+00,1.5366173947667932e+00,1.5366173947667932e+00,1.5366173947667932e+00,8.1352729359050968e-01,3.7747959148151318e+00,5.0255711013398834e+00,4.8218989028283330e+00,8.1352729359050968e-01,8.1352729359050968e-01,2.4374474500879852e+00,8.1352729359050968e-01,2.4374474500879852e+00,2.4374474500879852e+00,2.4374474500879852e+00,4.8218989028283330e+00,4.8218989028283330e+00,4.8218989028283330e+00,4.8218989028283330e+00,8.1352729359050968e-01,5.0255711013398834e+00,2.4374474500879852e+00,4.8218989028283330e+00,8.1352729359050968e-01,3.7747959148151318e+00,5.0255711013398834e+00,5.0255711013398834e+00,4.8218989028283330e+00,5.0255711013398834e+00,0.0000000000000000e+00,4.8218989028283330e+00,3.7747959148151318e+00,8.1352729359050968e-01,3.7747959148151318e+00,5.0255711013398834e+00,8.1352729359050968e-01,4.8218989028283330e+00,1.5366173947667932e+00,4.8218989028283330e+00,4.8218989028283330e+00,4.8218989028283330e+00,2.4374474500879852e+00,3.2418038840569459e+00,1.5366173947667932e+00,4.8218989028283330e+00,4.8218989028283330e+00,4.8218989028283330e+00,4.8218989028283330e+00,3.2418038840569459e+00,1.5366173947667932e+00,3.2418038840569459e+00,3.7747959148151318e+00,3.2418038840569459e+00,1.5366173947667932e+00,8.1352729359050968e-01,4.8218989028283330e+00,3.2418038840569459e+00,5.0255711013398834e+00,2.4374474500879852e+00,4.8218989028283330e+00,1.5366173947667932e+00,1.5366173947667932e+00,4.8218989028283330e+00,5.0255711013398834e+00,3.2418038840569459e+00,3.7747959148151318e+00,2.4374474500879852e+00,8.1352729359050968e-01,5.0255711013398834e+00,5.0255711013398834e+00,2.4374474500879852e+00,3.7747959148151318e+00,4.8218989028283330e+00,3.2418038840569459e+00,5.0255711013398834e+00,5.0255711013398834e+00,5.0255711013398834e+00,1.5366173947667932e+00,4.8218989028283330e+00,4.8218989028283330e+00,5.0255711013398834e+00,5.0255711013398834e+00,3.7747959148151318e+00,5.0255711013398834e+00,5.0255711013398834e+00,1.5366173947667932e+00,3.7747959148151318e+00,5.0255711013398834e+00,5.0255711013398834e+00,3.7747959148151318e+00,3.7747959148151318e+00,3.7747959148151318e+00,2.4374474500879852e+00,0.0000000000000000e+00,4.8218989028283330e+00,4.8218989028283330e+00,1.5366173947667932e+00,3.2418038840569459e+00,5.0255711013398834e+00,4.8218989028283330e+00,1.5366173947667932e+00,4.8218989028283330e+00,4.8218989028283330e+00,3.7747959148151318e+00,3.7747959148151318e+00,5.0255711013398834e+00,8.1352729359050968e-01,3.7747959148151318e+00,5.0255711013398834e+00,0.0000000000000000e+00,8.1352729359050968e-01,5.0255711013398834e+00,3.7747959148151318e+00,5.0255711013398834e+00,5.0255711013398834e+00,5.0255711013398834e+00,4.8218989028283330e+00,5.0255711013398834e+00,5.0255711013398834e+00,5.0255711013398834e+00,5.0255711013398834e+00,5.0255711013398834e+00,5.0255711013398834e+00,3.7747959148151318e+00,5.0255711013398834e+00,8.1352729359050968e-01,5.0255711013398834e+00,1.5366173947667932e+00,5.0255711013398834e+00,5.0255711013398834e+00,4.8218989028283330e+00,5.0255711013398834e+00,5.0255711013398834e+00,5.0255711013398834e+00,5.0255711013398834e+00,5.0255711013398834e+00,4.8218989028283330e+00,4.8218989028283330e+00,4.8218989028283330e+00,5.0255711013398834e+00,5.0255711013398834e+00,3.7747959148151318e+00,5.0255711013398834e+00,8.1352729359050968e-01,0.0000000000000000e+00,5.0255711013398834e+00,5.0255711013398834e+00,3.2418038840569459e+00,0.0000000000000000e+00,1.5366173947667932e+00,5.0255711013398834e+00,4.8218989028283330e+00,5.0255711013398834e+00,5.0255711013398834e+00,3.2418038840569459e+00,8.1352729359050968e-01,5.0255711013398834e+00,5.0255711013398834e+00,5.0255711013398834e+00,5.0255711013398834e+00,2.4374474500879852e+00,0.0000000000000000e+00,2.4374474500879852e+00,5.0255711013398834e+00,4.8218989028283330e+00,3.7747959148151318e+00,3.7747959148151318e+00,8.1352729359050968e-01,3.2418038840569459e+00,3.2418038840569459e+00,0.0000000000000000e+00,0.0000000000000000e+00,3.7747959148151318e+00,3.7747959148151318e+00,5.0255711013398834e+00,0.0000000000000000e+00,0.0000000000000000e+00,3.7747959148151318e+00,3.7747959148151318e+00,3.7747959148151318e+00,3.7747959148151318e+00,3.7747959148151318e+00,5.0255711013398834e+00,3.7747959148151318e+00,2.4374474500879852e+00,3.2418038840569459e+00,3.7747959148151318e+00,3.7747959148151318e+00,5.0255711013398834e+00,3.7747959148151318e+00,3.7747959148151318e+00,3.7747959148151318e+00,5.0255711013398834e+00,5.0255711013398834e+00,3.7747959148151318e+00,0.0000000000000000e+00,4.8218989028283330e+00,3.7747959148151318e+00,3.7747959148151318e+00,3.7747959148151318e+00,1.5366173947667932e+00,4.8218989028283330e+00,2.4374474500879852e+00,2.4374474500879852e+00,1.5366173947667932e+00,4.8218989028283330e+00,8.1352729359050968e-01,4.8218989028283330e+00,2.4374474500879852e+00,3.7747959148151318e+00,3.7747959148151318e+00,3.2418038840569459e+00,1.5366173947667932e+00,3.2418038840569459e+00,3.7747959148151318e+00,3.7747959148151318e+00,2.4374474500879852e+00,2.4374474500879852e+00,2.4374474500879852e+00,4.8218989028283330e+00,1.5366173947667932e+00,2.4374474500879852e+00,1.5366173947667932e+00,0.0000000000000000e+00,0.0000000000000000e+00,4.8218989028283330e+00,5.0255711013398834e+00,3.2418038840569459e+00,3.7747959148151318e+00,5.0255711013398834e+00,0.0000000000000000e+00,4.8218989028283330e+00,3.7747959148151318e+00,5.0255711013398834e+00,3.7747959148151318e+00,3.2418038840569459e+00,3.7747959148151318e+00,5.0255711013398834e+00,2.4374474500879852e+00,8.1352729359050968e-01,2.4374474500879852e+00,3.2418038840569459e+00,3.7747959148151318e+00,3.7747959148151318e+00,5.0255711013398834e+00,5.0255711013398834e+00,0.0000000000000000e+00,5.0255711013398834e+00,3.7747959148151318e+00,5.0255711013398834e+00,5.0255711013398834e+00,3.2418038840569459e+00,3.2418038840569459e+00,2.4374474500879852e+00,3.7747959148151318e+00,5.0255711013398834e+00,3.2418038840569459e+00,5.0255711013398834e+00,3.7747959148151318e+00,3.7747959148151318e+00,5.0255711013398834e+00,2.4374474500879852e+00,8.1352729359050968e-01,2.4374474500879852e+00,5.0255711013398834e+00,3.7747959148151318e+00,2.4374474500879852e+00,3.2418038840569459e+00,0.0000000000000000e+00,4.8218989028283330e+00,0.0000000000000000e+00,2.4374474500879852e+00,5.0255711013398834e+00,3.2418038840569459e+00,2.4374474500879852e+00,3.7747959148151318e+00,2.4374474500879852e+00,4.8218989028283330e+00,3.2418038840569459e+00,3.2418038840569459e+00,2.4374474500879852e+00,8.1352729359050968e-01,0.0000000000000000e+00,1.5366173947667932e+00,3.7747959148151318e+00,4.8218989028283330e+00,3.2418038840569459e+00,4.8218989028283330e+00,5.0255711013398834e+00,3.2418038840569459e+00,8.1352729359050968e-01,5.0255711013398834e+00,4.8218989028283330e+00,8.1352729359050968e-01,4.8218989028283330e+00,0.0000000000000000e+00,0.0000000000000000e+00,3.2418038840569459e+00,1.5366173947667932e+00,4.8218989028283330e+00,0.0000000000000000e+00,4.8218989028283330e+00,5.0255711013398834e+00,5.0255711013398834e+00,4.8218989028283330e+00,4.8218989028283330e+00,1.5366173947667932e+00,4.8218989028283330e+00,0.0000000000000000e+00,3.7747959148151318e+00,3.7747959148151318e+00,8.1352729359050968e-01,0.0000000000000000e+00,2.4374474500879852e+00,3.7747959148151318e+00,5.0255711013398834e+00,5.0255711013398834e+00,0.0000000000000000e+00,3.2418038840569459e+00,8.1352729359050968e-01,8.1352729359050968e-01,0.0000000000000000e+00,1.5366173947667932e+00,5.0255711013398834e+00,0.0000000000000000e+00,2.4374474500879852e+00,5.0255711013398834e+00,5.0255711013398834e+00,4.8218989028283330e+00,1.5366173947667932e+00,2.4374474500879852e+00,3.2418038840569459e+00,5.0255711013398834e+00,5.0255711013398834e+00,0.0000000000000000e+00,4.8218989028283330e+00,4.8218989028283330e+00,3.2418038840569459e+00,5.0255711013398834e+00,5.0255711013398834e+00,4.8218989028283330e+00,5.0255711013398834e+00,8.1352729359050968e-01,3.7747959148151318e+00,1.5366173947667932e+00,3.7747959148151318e+00,0.0000000000000000e+00,3.7747959148151318e+00,5.0255711013398834e+00,2.4374474500879852e+00,4.8218989028283330e+00,5.0255711013398834e+00,4.8218989028283330e+00,4.8218989028283330e+00,4.8218989028283330e+00,5.0255711013398834e+00,4.8218989028283330e+00,5.0255711013398834e+00,5.0255711013398834e+00,3.7747959148151318e+00,2.4374474500879852e+00,4.8218989028283330e+00,1.5366173947667932e+00,3.2418038840569459e+00,3.2418038840569459e+00,5.0255711013398834e+00,5.0255711013398834e+00,5.0255711013398834e+00,0.0000000000000000e+00,3.7747959148151318e+00,8.1352729359050968e-01,8.1352729359050968e-01,5.0255711013398834e+00,5.0255711013398834e+00,3.2418038840569459e+00,2.4374474500879852e+00,2.4374474500879852e+00,5.0255711013398834e+00,5.0255711013398834e+00,3.2418038840569459e+00,3.7747959148151318e+00,5.0255711013398834e+00,5.0255711013398834e+00,1.5366173947667932e+00,4.8218989028283330e+00,4.8218989028283330e+00,1.5366173947667932e+00,2.4374474500879852e+00,5.0255711013398834e+00,3.7747959148151318e+00,3.7747959148151318e+00,4.8218989028283330e+00,3.7747959148151318e+00,3.2418038840569459e+00,1.5366173947667932e+00,3.2418038840569459e+00,0.0000000000000000e+00,2.4374474500879852e+00,5.0255711013398834e+00,2.4374474500879852e+00,5.0255711013398834e+00,1.5366173947667932e+00,3.2418038840569459e+00,3.7747959148151318e+00,4.8218989028283330e+00,4.8218989028283330e+00,3.2418038840569459e+00,2.4374474500879852e+00,2.4374474500879852e+00,3.7747959148151318e+00,2.4374474500879852e+00,2.4374474500879852e+00,0.0000000000000000e+00,5.0255711013398834e+00,4.8218989028283330e+00,0.0000000000000000e+00,5.0255711013398834e+00,4.8218989028283330e+00,4.8218989028283330e+00,4.8218989028283330e+00,3.7747959148151318e+00,2.4374474500879852e+00,4.8218989028283330e+00,4.8218989028283330e+00,3.7747959148151318e+00,3.7747959148151318e+00,4.8218989028283330e+00,2.4374474500879852e+00,3.7747959148151318e+00,4.8218989028283330e+00,5.0255711013398834e+00,0.0000000000000000e+00,5.0255711013398834e+00,8.1352729359050968e-01,5.0255711013398834e+00,8.1352729359050968e-01,1.5366173947667932e+00,2.4374474500879852e+00,3.7747959148151318e+00,0.0000000000000000e+00,3.7747959148151318e+00,8.1352729359050968e-01,5.0255711013398834e+00,2.4374474500879852e+00,2.4374474500879852e+00,3.2418038840569459e+00,3.7747959148151318e+00,3.7747959148151318e+00,4.8218989028283330e+00,4.8218989028283330e+00,4.8218989028283330e+00,8.1352729359050968e-01,4.8218989028283330e+00,3.2418038840569459e+00,3.7747959148151318e+00,3.2418038840569459e+00,2.4374474500879852e+00,4.8218989028283330e+00,5.0255711013398834e+00,5.0255711013398834e+00,3.2418038840569459e+00,4.8218989028283330e+00,5.0255711013398834e+00,1.5366173947667932e+00,2.4374474500879852e+00,3.7747959148151318e+00,8.1352729359050968e-01,5.0255711013398834e+00,8.1352729359050968e-01,3.2418038840569459e+00,8.1352729359050968e-01,3.2418038840569459e+00,4.8218989028283330e+00,2.4374474500879852e+00,5.0255711013398834e+00,1.5366173947667932e+00,5.0255711013398834e+00,5.0255711013398834e+00,5.0255711013398834e+00,3.2418038840569459e+00,5.0255711013398834e+00,1.5366173947667932e+00,8.1352729359050968e-01,4.8218989028283330e+00,1.5366173947667932e+00,0.0000000000000000e+00,8.1352729359050968e-01,5.0255711013398834e+00,5.0255711013398834e+00,3.2418038840569459e+00,3.2418038840569459e+00,4.8218989028283330e+00,3.2418038840569459e+00,5.0255711013398834e+00,3.7747959148151318e+00,3.2418038840569459e+00,8.1352729359050968e-01,8.1352729359050968e-01,3.2418038840569459e+00,2.4374474500879852e+00,8.1352729359050968e-01,2.4374474500879852e+00,2.4374474500879852e+00,4.8218989028283330e+00,2.4374474500879852e+00,5.0255711013398834e+00,4.8218989028283330e+00,4.8218989028283330e+00,8.1352729359050968e-01,4.8218989028283330e+00,3.7747959148151318e+00,2.4374474500879852e+00,8.1352729359050968e-01,5.0255711013398834e+00,3.7747959148151318e+00,3.2418038840569459e+00,1.5366173947667932e+00,3.2418038840569459e+00,3.2418038840569459e+00,5.0255711013398834e+00,3.7747959148151318e+00,8.1352729359050968e-01,2.4374474500879852e+00,2.4374474500879852e+00,3.2418038840569459e+00,4.8218989028283330e+00,2.4374474500879852e+00,5.0255711013398834e+00,3.2418038840569459e+00,3.2418038840569459e+00,2.4374474500879852e+00,3.2418038840569459e+00,2.4374474500879852e+00,5.0255711013398834e+00,3.2418038840569459e+00,3.7747959148151318e+00,3.7747959148151318e+00,0.0000000000000000e+00,3.7747959148151318e+00,3.7747959148151318e+00,3.2418038840569459e+00,8.1352729359050968e-01,0.0000000000000000e+00,5.0255711013398834e+00,8.1352729359050968e-01,5.0255711013398834e+00,5.0255711013398834e+00,3.7747959148151318e+00,8.1352729359050968e-01,5.0255711013398834e+00,5.0255711013398834e+00,3.7747959148151318e+00,4.8218989028283330e+00,5.0255711013398834e+00,5.0255711013398834e+00,4.8218989028283330e+00,1.5366173947667932e+00,3.2418038840569459e+00,1.5366173947667932e+00,3.7747959148151318e+00,3.2418038840569459e+00,8.1352729359050968e-01,5.0255711013398834e+00,3.2418038840569459e+00,5.0255711013398834e+00,2.4374474500879852e+00,5.0255711013398834e+00,8.1352729359050968e-01,5.0255711013398834e+00,8.1352729359050968e-01,5.0255711013398834e+00,1.5366173947667932e+00,2.4374474500879852e+00,3.7747959148151318e+00,8.1352729359050968e-01,4.8218989028283330e+00,1.5366173947667932e+00,3.7747959148151318e+00,5.0255711013398834e+00,1.5366173947667932e+00,8.1352729359050968e-01,0.0000000000000000e+00,1.5366173947667932e+00,1.5366173947667932e+00,3.7747959148151318e+00,1.5366173947667932e+00,5.0255711013398834e+00,5.0255711013398834e+00,1.5366173947667932e+00,4.8218989028283330e+00,8.1352729359050968e-01,3.2418038840569459e+00,5.0255711013398834e+00,5.0255711013398834e+00,3.2418038840569459e+00,4.8218989028283330e+00,3.2418038840569459e+00,3.2418038840569459e+00,5.0255711013398834e+00,3.2418038840569459e+00,8.1352729359050968e-01,4.8218989028283330e+00,1.5366173947667932e+00,1.5366173947667932e+00,3.2418038840569459e+00,5.0255711013398834e+00,2.4374474500879852e+00,5.0255711013398834e+00,3.7747959148151318e+00,0.0000000000000000e+00,3.7747959148151318e+00,5.0255711013398834e+00,5.0255711013398834e+00,3.2418038840569459e+00,4.8218989028283330e+00,5.0255711013398834e+00,5.0255711013398834e+00,8.1352729359050968e-01,5.0255711013398834e+00,5.0255711013398834e+00,5.0255711013398834e+00,5.0255711013398834e+00,0.0000000000000000e+00,4.8218989028283330e+00,4.8218989028283330e+00,5.0255711013398834e+00,8.1352729359050968e-01,1.5366173947667932e+00,5.0255711013398834e+00,5.0255711013398834e+00,5.0255711013398834e+00,3.7747959148151318e+00,5.0255711013398834e+00,2.4374474500879852e+00,3.7747959148151318e+00,5.0255711013398834e+00,4.8218989028283330e+00,1.5366173947667932e+00,2.4374474500879852e+00,5.0255711013398834e+00,4.8218989028283330e+00,5.0255711013398834e+00,5.0255711013398834e+00,5.0255711013398834e+00,5.0255711013398834e+00,5.0255711013398834e+00,4.8218989028283330e+00,5.0255711013398834e+00,0.0000000000000000e+00,1.5366173947667932e+00,3.2418038840569459e+00,1.5366173947667932e+00,3.2418038840569459e+00,5.0255711013398834e+00,4.8218989028283330e+00,0.0000000000000000e+00,4.8218989028283330e+00,4.8218989028283330e+00,3.2418038840569459e+00,4.8218989028283330e+00,8.1352729359050968e-01,1.5366173947667932e+00,4.8218989028283330e+00,0.0000000000000000e+00,5.0255711013398834e+00,0.0000000000000000e+00,5.0255711013398834e+00,4.8218989028283330e+00,4.8218989028283330e+00,2.4374474500879852e+00,0.0000000000000000e+00,4.8218989028283330e+00,4.8218989028283330e+00,5.0255711013398834e+00,2.4374474500879852e+00,4.8218989028283330e+00,4.8218989028283330e+00,3.7747959148151318e+00,3.7747959148151318e+00,1.5366173947667932e+00,3.2418038840569459e+00,4.8218989028283330e+00,5.0255711013398834e+00,3.7747959148151318e+00,2.4374474500879852e+00,2.4374474500879852e+00,3.7747959148151318e+00,3.2418038840569459e+00,2.4374474500879852e+00,5.0255711013398834e+00,5.0255711013398834e+00,5.0255711013398834e+00,4.8218989028283330e+00,4.8218989028283330e+00,1.5366173947667932e+00,5.0255711013398834e+00,1.5366173947667932e+00,0.0000000000000000e+00,5.0255711013398834e+00,1.5366173947667932e+00,4.8218989028283330e+00,5.0255711013398834e+00,0.0000000000000000e+00,2.4374474500879852e+00,8.1352729359050968e-01,5.0255711013398834e+00,5.0255711013398834e+00,5.0255711013398834e+00,5.0255711013398834e+00,5.0255711013398834e+00,4.8218989028283330e+00,4.8218989028283330e+00,1.5366173947667932e+00,3.2418038840569459e+00,4.8218989028283330e+00,5.0255711013398834e+00,3.7747959148151318e+00,5.0255711013398834e+00,4.8218989028283330e+00,4.8218989028283330e+00,5.0255711013398834e+00,5.0255711013398834e+00,0.0000000000000000e+00,0.0000000000000000e+00,1.5366173947667932e+00,1.5366173947667932e+00,0.0000000000000000e+00,0.0000000000000000e+00,3.7747959148151318e+00,2.4374474500879852e+00,1.5366173947667932e+00,5.0255711013398834e+00,1.5366173947667932e+00,5.0255711013398834e+00,5.0255711013398834e+00,5.0255711013398834e+00,5.0255711013398834e+00,4.8218989028283330e+00,5.0255711013398834e+00,5.0255711013398834e+00,8.1352729359050968e-01,1.5366173947667932e+00,1.5366173947667932e+00,1.5366173947667932e+00,0.0000000000000000e+00,1.5366173947667932e+00,5.0255711013398834e+00,5.0255711013398834e+00,5.0255711013398834e+00,5.0255711013398834e+00,0.0000000000000000e+00,3.7747959148151318e+00,5.0255711013398834e+00,2.4374474500879852e+00,8.1352729359050968e-01,2.4374474500879852e+00,0.0000000000000000e+00,4.8218989028283330e+00,4.8218989028283330e+00,4.8218989028283330e+00,3.2418038840569459e+00,3.2418038840569459e+00,5.0255711013398834e+00,3.7747959148151318e+00,0.0000000000000000e+00,5.0255711013398834e+00,5.0255711013398834e+00,0.0000000000000000e+00,4.8218989028283330e+00,4.8218989028283330e+00,5.0255711013398834e+00,4.8218989028283330e+00,3.7747959148151318e+00,4.8218989028283330e+00,2.4374474500879852e+00,5.0255711013398834e+00,2.4374474500879852e+00,3.7747959148151318e+00,2.4374474500879852e+00,2.4374474500879852e+00,5.0255711013398834e+00,2.4374474500879852e+00,3.2418038840569459e+00,4.8218989028283330e+00,5.0255711013398834e+00,5.0255711013398834e+00,8.1352729359050968e-01,4.8218989028283330e+00,3.7747959148151318e+00,3.7747959148151318e+00,5.0255711013398834e+00,5.0255711013398834e+00,5.0255711013398834e+00,4.8218989028283330e+00,3.2418038840569459e+00,2.4374474500879852e+00,5.0255711013398834e+00,4.8218989028283330e+00,4.8218989028283330e+00,3.7747959148151318e+00,8.1352729359050968e-01,3.7747959148151318e+00,4.8218989028283330e+00,3.7747959148151318e+00,5.0255711013398834e+00,5.0255711013398834e+00,3.2418038840569459e+00,4.8218989028283330e+00,2.4374474500879852e+00,1.5366173947667932e+00,3.7747959148151318e+00,1.5366173947667932e+00,4.8218989028283330e+00,4.8218989028283330e+00,0.0000000000000000e+00,5.0255711013398834e+00,0.0000000000000000e+00,3.7747959148151318e+00,3.7747959148151318e+00,3.7747959148151318e+00,4.8218989028283330e+00,3.7747959148151318e+00,8.1352729359050968e-01,5.0255711013398834e+00,4.8218989028283330e+00,8.1352729359050968e-01,4.8218989028283330e+00,4.8218989028283330e+00,0.0000000000000000e+00,5.0255711013398834e+00,5.0255711013398834e+00,5.0255711013398834e+00,0.0000000000000000e+00,5.0255711013398834e+00,5.0255711013398834e+00,5.0255711013398834e+00,8.1352729359050968e-01,4.8218989028283330e+00,5.0255711013398834e+00,5.0255711013398834e+00,5.0255711013398834e+00,5.0255711013398834e+00,5.0255711013398834e+00,5.0255711013398834e+00,3.2418038840569459e+00,3.2418038840569459e+00,2.4374474500879852e+00,1.5366173947667932e+00,5.0255711013398834e+00,5.0255711013398834e+00,5.0255711013398834e+00,2.4374474500879852e+00,4.8218989028283330e+00,8.1352729359050968e-01,1.5366173947667932e+00,5.0255711013398834e+00,4.8218989028283330e+00,1.5366173947667932e+00,5.0255711013398834e+00,3.2418038840569459e+00,3.2418038840569459e+00,5.0255711013398834e+00,5.0255711013398834e+00,0.0000000000000000e+00,8.1352729359050968e-01,5.0255711013398834e+00,4.8218989028283330e+00,3.7747959148151318e+00,4.8218989028283330e+00,2.4374474500879852e+00,0.0000000000000000e+00,4.8218989028283330e+00,4.8218989028283330e+00,4.8218989028283330e+00,4.8218989028283330e+00,8.1352729359050968e-01,3.2418038840569459e+00,3.2418038840569459e+00,4.8218989028283330e+00,8.1352729359050968e-01,4.8218989028283330e+00,1.5366173947667932e+00,3.7747959148151318e+00,3.7747959148151318e+00,1.5366173947667932e+00,8.1352729359050968e-01,3.7747959148151318e+00,8.1352729359050968e-01,2.4374474500879852e+00,3.2418038840569459e+00,4.8218989028283330e+00,3.7747959148151318e+00,5.0255711013398834e+00,5.0255711013398834e+00,8.1352729359050968e-01,3.2418038840569459e+00,1.5366173947667932e+00,5.0255711013398834e+00,3.2418038840569459e+00,5.0255711013398834e+00,5.0255711013398834e+00,3.7747959148151318e+00,3.2418038840569459e+00,3.2418038840569459e+00,5.0255711013398834e+00,4.8218989028283330e+00,3.7747959148151318e+00,5.0255711013398834e+00,1.5366173947667932e+00,3.7747959148151318e+00,1.5366173947667932e+00,5.0255711013398834e+00,1.5366173947667932e+00,3.2418038840569459e+00,5.0255711013398834e+00,1.5366173947667932e+00,0.0000000000000000e+00,4.8218989028283330e+00,4.8218989028283330e+00,3.2418038840569459e+00,8.1352729359050968e-01,8.1352729359050968e-01,5.0255711013398834e+00,2.4374474500879852e+00,3.7747959148151318e+00,8.1352729359050968e-01,8.1352729359050968e-01,3.7747959148151318e+00,5.0255711013398834e+00,5.0255711013398834e+00,3.2418038840569459e+00,5.0255711013398834e+00,3.7747959148151318e+00,3.7747959148151318e+00,5.0255711013398834e+00,5.0255711013398834e+00,1.5366173947667932e+00,5.0255711013398834e+00,3.7747959148151318e+00,8.1352729359050968e-01,3.7747959148151318e+00,4.8218989028283330e+00,5.0255711013398834e+00,8.1352729359050968e-01,3.2418038840569459e+00,2.4374474500879852e+00,2.4374474500879852e+00,3.7747959148151318e+00,5.0255711013398834e+00,3.7747959148151318e+00,8.1352729359050968e-01,0.0000000000000000e+00,0.0000000000000000e+00,5.0255711013398834e+00,4.8218989028283330e+00,2.4374474500879852e+00,5.0255711013398834e+00,0.0000000000000000e+00,4.8218989028283330e+00,1.5366173947667932e+00,4.8218989028283330e+00,3.7747959148151318e+00,1.5366173947667932e+00,3.7747959148151318e+00,1.5366173947667932e+00,5.0255711013398834e+00,3.7747959148151318e+00,5.0255711013398834e+00,5.0255711013398834e+00,3.7747959148151318e+00,5.0255711013398834e+00,3.7747959148151318e+00,5.0255711013398834e+00,3.7747959148151318e+00,5.0255711013398834e+00,5.0255711013398834e+00,5.0255711013398834e+00,5.0255711013398834e+00,0.0000000000000000e+00,3.7747959148151318e+00,3.2418038840569459e+00,2.4374474500879852e+00,3.7747959148151318e+00,4.8218989028283330e+00,5.0255711013398834e+00,3.2418038840569459e+00,5.0255711013398834e+00,5.0255711013398834e+00,4.8218989028283330e+00,1.5366173947667932e+00,2.4374474500879852e+00,2.4374474500879852e+00,2.4374474500879852e+00,5.0255711013398834e+00
1.3773481296396812e+00,1.3773481296396812e+00,3.8542264856644421e+00,3.8542264856644421e+00,3.8542264856644421e+00,3.8542264856644421e+00,3.8542264856644421e+00,3.8542264856644421e+00,3.8542264856644421e+00,8.3545831547338689e-01,3.8542264856644421e+00,1.3773481296396812e+00,3.8542264856644421e+00,2.2886787591305238e+00,1.3773481296396812e+00,2.2886787591305238e+00,2.2886787591305238e+00,3.8542264856644421e+00,2.2886787591305238e+00,3.8542264856644421e+00,2.2886787591305238e+00,3.8542264856644421e+00,3.8542264856644421e+00,3.8542264856644421e+00,8.3545831547338689e-01,3.8542264856644421e+00,3.8542264856644421e+00,3.8542264856644421e+00,2.2886787591305238e+00,4.9702207925831665e+00,3.8542264856644421e+00,8.3545831547338689e-01,1.3773481296396812e+00,4.9702207925831665e+00,3.1317809140558759e+00,4.8397404164339815e+00,2.2886787591305238e+00,1.3773481296396812e+00,0.0000000000000000e+00,4.8397404164339815e+00,4.8397404164339815e+00,3.8542264856644421e+00,0.0000000000000000e+00,3.8542264856644421e+00,8.3545831547338689e-01,3.8542264856644421e+00,3.8542264856644421e+00,3.8542264856644421e+00,4.9702207925831665e+00,1.3773481296396812e+00,4.8397404164339815e+00,1.3773481296396812e+00,4.8397404164339815e+00,0.0000000000000000e+00,4.8397404164339815e+00,3.1317809140558759e+00,3.8542264856644421e+00,3.8542264856644421e+00,3.1317809140558759e+00,3.1317809140558759e+00,4.9702207925831665e+00,8.3545831547338689e-01,3.8542264856644421e+00,3.8542264856644421e+00,3.1317809140558759e+00,4.9702207925831665e+00,1.3773481296396812e+00,3.1317809140558759e+00,1.3773481296396812e+00,0.0000000000000000e+00,3.8542264856644421e+00,3.1317809140558759e+00,1.3773481296396812e+00,4.9702207925831665e+00,4.8397404164339815e+00,8.3545831547338689e-01,3.8542264856644421e+00,2.2886787591305238e+00,0.0000000000000000e+00,8.3545831547338689e-01,1.3773481296396812e+00,3.8542264856644421e+00,3.1317809140558759e+00,3.8542264856644421e+00,4.8397404164339815e+00,0.0000000000000000e+00,3.8542264856644421e+00,4.8397404164339815e+00,3.8542264856644421e+00,4.9702207925831665e+00,3.8542264856644421e+00,4.8397404164339815e+00,4.8397404164339815e+00,2.2886787591305238e+00,4.9702207925831665e+00,8.3545831547338689e-01,4.8397404164339815e+00,3.8542264856644421e+00,3.1317809140558759e+00,3.1317809140558759e+00,3.8542264856644421e+00,4.9702207925831665e+00,2.2886787591305238e+00,1.3773481296396812e+00,0.0000000000000000e+00,4.8397404164339815e+00,3.8542264856644421e+00,2.2886787591305238e+00,3.1317809140558759e+00,3.8542264856644421e+00,1.3773481296396812e+00,4.9702207925831665e+00,2.2886787591305238e+00,3.1317809140558759e+00,1.3773481296396812e+00,4.9702207925831665e+00,4.8397404164339815e+00,3.1317809140558759e+00,3.8542264856644421e+00,3.1317809140558759e+00,0.0000000000000000e+00,4.8397404164339815e+00,1.3773481296396812e+00,4.8397404164339815e+00,4.9702207925831665e+00,8.3545831547338689e-01,4.9702207925831665e+00,1.3773481296396812e+00,4.8397404164339815e+00,0.0000000000000000e+00,4.8397404164339815e+00,4.8397404164339815e+00,4.8397404164339815e+00,4.8397404164339815e+00,4.8397404164339815e+00,4.8397404164339815e+00,4.8397404164339815e+00,4.8397404164339815e+00,3.8542264856644421e+00,3.1317809140558759e+00,3.1317809140558759e+00,4.8397404164339815e+00,4.9702207925831665e+00,3.8542264856644421e+00,3.8542264856644421e+00,4.9702207925831665e+00,4.8397404164339815e+00,4.8397404164339815e+00,4.8397404164339815e+00,4.8397404164339815e+00,4.9702207925831665e+00,4.8397404164339815e+00,4.8397404164339815e+00,1.3773481296396812e+00,8.3545831547338689e-01,8.3545831547338689e-01,3.1317809140558759e+00,4.9702207925831665e+00,4.9702207925831665e+00,8.3545831547338689e-01,4.8397404164339815e+00,4.8397404164339815e+00,4.9702207925831665e+00,2.2886787591305238e+00,2.2886787591305238e+00,3.1317809140558759e+00,8.3545831547338689e-01,3.1317809140558759e+00,3.8542264856644421e+00,8.3545831547338689e-01,2.2886787591305238e+00,4.9702207925831665e+00,1.3773481296396812e+00,4.9702207925831665e+00,4.9702207925831665e+00,3.8542264856644421e+00,4.8397404164339815e+00,4.8397404164339815e+00,4.8397404164339815e+00,4.9702207925831665e+00,3.1317809140558759e+00,3.8542264856644421e+00,3.8542264856644421e+00,8.3545831547338689e-01,3.8542264856644421e+00,8.3545831547338689e-01,8.3545831547338689e-01,4.9702207925831665e+00,3.8542264856644421e+00,4.9702207925831665e+00,4.9702207925831665e+00,4.9702207925831665e+00,4.9702207925831665e+00,1.3773481296396812e+00,3.1317809140558759e+00,4.8397404164339815e+00,3.8542264856644421e+00,0.0000000000000000e+00,4.8397404164339815e+00,4.8397404164339815e+00,4.8397404164339815e+00,4.8397404164339815e+00,4.8397404164339815e+00,4.8397404164339815e+00,3.1317809140558759e+00,4.9702207925831665e+00,2.2886787591305238e+00,2.2886787591305238e+00,3.8542264856644421e+00,4.8397404164339815e+00,4.8397404164339815e+00,1.3773481296396812e+00,4.8397404164339815e+00,4.9702207925831665e+00,4.8397404164339815e+00,4.8397404164339815e+00,4.8397404164339815e+00,4.9702207925831665e+00,3.8542264856644421e+00,4.8397404164339815e+00,4.9702207925831665e+00,4.8397404164339815e+00,2.2886787591305238e+00,2.2886787591305238e+00,3.8542264856644421e+00,2.2886787591305238e+00,1.3773481296396812e+00,4.8397404164339815e+00,4.8397404164339815e+00,8.3545831547338689e-01,4.8397404164339815e+00,4.8397404164339815e+00,4.9702207925831665e+00,3.8542264856644421e+00,8.3545831547338689e-01,0.0000000000000000e+00,0.0000000000000000e+00,4.8397404164339815e+00,1.3773481296396812e+00,4.8397404164339815e+00,4.9702207925831665e+00,4.8397404164339815e+00,2.2886787591305238e+00,3.8542264856644421e+00,4.8397404164339815e+00,0.0000000000000000e+00,3.1317809140558759e+00,4.8397404164339815e+00,4.8397404164339815e+00,4.8397404164339815e+00,4.8397404164339815e+00,8.3545831547338689e-01,4.8397404164339815e+00,8.3545831547338689e-01,4.9702207925831665e+00,4.8397404164339815e+00,4.8397404164339815e+00,4.8397404164339815e+00,4.8397404164339815e+00,4.8397404164339815e+00,4.8397404164339815e+00,4.8397404164339815e+00,4.8397404164339815e+00,8.3545831547338689e-01,8.3545831547338689e-01,0.0000000000000000e+00,4.8397404164339815e+00,4.8397404164339815e+00,2.2886787591305238e+00,8.3545831547338689e-01,2.2886787591305238e+00,3.8542264856644421e+00,3.1317809140558759e+00,4.8397404164339815e+00,4.9702207925831665e+00,4.8397404164339815e+00,8.3545831547338689e-01,4.9702207925831665e+00,2.2886787591305238e+00,8.3545831547338689e-01,4.8397404164339815e+00,3.8542264856644421e+00,4.9702207925831665e+00,4.8397404164339815e+00,2.2886787591305238e+00,4.9702207925831665e+00,8.3545831547338689e-01,3.8542264856644421e+00,4.9702207925831665e+00,4.8397404164339815e+00,3.1317809140558759e+00,4.8397404164339815e+00,4.8397404164339815e+00,3.1317809140558759e+00,1.3773481296396812e+00,4.8397404164339815e+00,3.1317809140558759e+00,8.3545831547338689e-01,4.9702207925831665e+00,1.3773481296396812e+00,8.3545831547338689e-01,8.3545831547338689e-01,3.8542264856644421e+00,3.8542264856644421e+00,4.8397404164339815e+00,4.8397404164339815e+00,3.8542264856644421e+00,8.3545831547338689e-01,4.9702207925831665e+00,1.3773481296396812e+00,4.9702207925831665e+00,4.8397404164339815e+00,4.8397404164339815e+00,1.3773481296396812e+00,4.9702207925831665e+00,1.3773481296396812e+00,0.0000000000000000e+00,3.8542264856644421e+00,3.1317809140558759e+00,1.3773481296396812e+00,1.3773481296396812e+00,3.8542264856644421e+00,3.8542264856644421e+00,4.9702207925831665e+00,1.3773481296396812e+00,4.9702207925831665e+00,3.1317809140558759e+00,4.8397404164339815e+00,4.8397404164339815e+00,3.1317809140558759e+00,3.1317809140558759e+00,4.9702207925831665e+00,4.9702207925831665e+00,3.1317809140558759e+00,0.0000000000000000e+00,4.8397404164339815e+00,4.8397404164339815e+00,2.2886787591305238e+00,3.1317809140558759e+00,2.2886787591305238e+00,4.9702207925831665e+00,2.2886787591305238e+00,8.3545831547338689e-01,1.3773481296396812e+00,3.1317809140558759e+00,2.2886787591305238e+00,4.8397404164339815e+00,3.8542264856644421e+00,1.3773481296396812e+00,4.8397404164339815e+00,1.3773481296396812e+00,3.8542264856644421e+00,2.2886787591305238e+00,3.1317809140558759e+00,8.3545831547338689e-01,3.1317809140558759e+00,4.8397404164339815e+00,4.9702207925831665e+00,4.8397404164339815e+00,0.0000000000000000e+00,3.8542264856644421e+00,4.9702207925831665e+00,4.9702207925831665e+00,4.8397404164339815e+00,3.1317809140558759e+00,8.3545831547338689e-01,4.8397404164339815e+00,3.8542264856644421e+00,4.8397404164339815e+00,2.2886787591305238e+00,3.8542264856644421e+00,4.8397404164339815e+00,4.8397404164339815e+00,4.8397404164339815e+00,4.8397404164339815e+00,1.3773481296396812e+00,4.9702207925831665e+00,4.8397404164339815e+00,4.8397404164339815e+00,1.3773481296396812e+00,4.8397404164339815e+00,4.8397404164339815e+00,8.3545831547338689e-01,4.8397404164339815e+00,4.8397404164339815e+00,8.3545831547338689e-01,4.8397404164339815e+00,4.8397404164339815e+00,4.8397404164339815e+00,4.9702207925831665e+00,4.9702207925831665e+00,4.8397404164339815e+00,1.3773481296396812e+00,1.3773481296396812e+00,1.3773481296396812e+00,4.8397404164339815e+00,4.8397404164339815e+00,3.1317809140558759e+00,4.9702207925831665e+00,4.9702207925831665e+00,2.2886787591305238e+00,1.3773481296396812e+00,4.8397404164339815e+00,4.8397404164339815e+00,4.8397404164339815e+00,4.8397404164339815e+00,3.8542264856644421e+00,3.8542264856644421e+00,0.0000000000000000e+00,1.3773481296396812e+00,3.8542264856644421e+00,4.8397404164339815e+00,4.8397404164339815e+00,3.8542264856644421e+00,0.0000000000000000e+00,4.9702207925831665e+00,4.9702207925831665e+00,3.1317809140558759e+00,3.8542264856644421e+00,3.8542264856644421e+00,3.1317809140558759e+00,4.9702207925831665e+00,3.8542264856644421e+00,3.8542264856644421e+00,8.3545831547338689e-01,4.9702207925831665e+00,4.9702207925831665e+00,3.1317809140558759e+00,2.2886787591305238e+00,0.0000000000000000e+00,3.1317809140558759e+00,3.1317809140558759e+00,2.2886787591305238e+00,4.8397404164339815e+00,8.3545831547338689e-01,3.1317809140558759e+00,3.1317809140558759e+00,8.3545831547338689e-01,3.8542264856644421e+00,4.9702207925831665e+00,1.3773481296396812e+00,4.8397404164339815e+00,4.8397404164339815e+00,8.3545831547338689e-01,3.8542264856644421e+00,3.8542264856644421e+00,3.8542264856644421e+00,1.3773481296396812e+00,4.9702207925831665e+00,4.9702207925831665e+00,3.8542264856644421e+00,8.3545831547338689e-01,1.3773481296396812e+00,1.3773481296396812e+00,4.9702207925831665e+00,3.1317809140558759e+00,3.8542264856644421e+00,8.3545831547338689e-01,1.3773481296396812e+00,4.8397404164339815e+00,8.3545831547338689e-01,4.9702207925831665e+00,3.1317809140558759e+00,4.9702207925831665e+00,8.3545831547338689e-01,8.3545831547338689e-01,4.9702207925831665e+00,3.8542264856644421e+00,0.0000000000000000e+00,4.8397404164339815e+00,3.8542264856644421e+00,4.9702207925831665e+00,4.8397404164339815e+00,4.8397404164339815e+00,4.8397404164339815e+00,4.8397404164339815e+00,3.8542264856644421e+00,3.8542264856644421e+00,3.8542264856644421e+00,4.8397404164339815e+00,3.1317809140558759e+00,3.1317809140558759e+00,4.8397404164339815e+00,1.3773481296396812e+00,1.3773481296396812e+00,4.8397404164339815e+00,3.8542264856644421e+00,3.8542264856644421e+00,1.3773481296396812e+00,4.8397404164339815e+00,3.1317809140558759e+00,1.3773481296396812e+00,0.0000000000000000e+00,3.1317809140558759e+00,3.8542264856644421e+00,3.1317809140558759e+00,4.9702207925831665e+00,4.8397404164339815e+00,4.8397404164339815e+00,4.9702207925831665e+00,3.1317809140558759e+00,3.1317809140558759e+00,3.8542264856644421e+00,3.1317809140558759e+00,4.9702207925831665e+00,4.9702207925831665e+00,3.8542264856644421e+00,4.9702207925831665e+00,8.3545831547338689e-01,4.9702207925831665e+00,4.9702207925831665e+00,4.9702207925831665e+00,4.9702207925831665e+00,4.9702207925831665e+00,1.3773481296396812e+00,4.9702207925831665e+00,4.9702207925831665e+00,4.9702207925831665e+00,4.9702207925831665e+00,4.8397404164339815e+00,3.8542264856644421e+00,3.8542264856644421e+00,4.8397404164339815e+00,1.3773481296396812e+00,4.9702207925831665e+00,4.8397404164339815e+00,4.8397404164339815e+00,0.0000000000000000e+00,4.8397404164339815e+00,2.2886787591305238e+00,4.9702207925831665e+00,3.1317809140558759e+00,4.9702207925831665e+00,3.1317809140558759e+00,4.8397404164339815e+00,4.9702207925831665e+00,1.3773481296396812e+00,4.9702207925831665e+00,2.2886787591305238e+00,2.2886787591305238e+00,4.8397404164339815e+00,3.1317809140558759e+00,4.8397404164339815e+00,3.1317809140558759e+00,0.0000000000000000e+00,1.3773481296396812e+00,4.9702207925831665e+00,1.3773481296396812e+00,4.9702207925831665e+00,1.3773481296396812e+00,8.3545831547338689e-01,1.3773481296396812e+00,4.8397404164339815e+00,0.0000000000000000e+00,4.9702207925831665e+00,4.8397404164339815e+00,4.8397404164339815e+00,4.8397404164339815e+00,1.3773481296396812e+00,4.9702207925831665e+00,0.0000000000000000e+00,4.8397404164339815e+00,4.8397404164339815e+00,4.9702207925831665e+00,3.1317809140558759e+00,3.1317809140558759e+00,4.8397404164339815e+00,3.1317809140558759e+00,1.3773481296396812e+00,2.2886787591305238e+00,3.1317809140558759e+00,3.8542264856644421e+00,1.3773481296396812e+00,3.1317809140558759e+00,4.8397404164339815e+00,2.2886787591305238e+00,3.1317809140558759e+00,4.8397404164339815e+00,4.8397404164339815e+00,4.8397404164339815e+00,3.1317809140558759e+00,4.8397404164339815e+00,4.9702207925831665e+00,4.8397404164339815e+00,4.9702207925831665e+00,2.2886787591305238e+00,4.9702207925831665e+00,3.1317809140558759e+00,8.3545831547338689e-01,4.8397404164339815e+00,4.8397404164339815e+00,4.9702207925831665e+00,4.8397404164339815e+00,3.1317809140558759e+00,4.8397404164339815e+00,3.8542264856644421e+00,2.2886787591305238e+00,4.8397404164339815e+00,0.0000000000000000e+00,4.9702207925831665e+00,3.8542264856644421e+00,2.2886787591305238e+00,0.0000000000000000e+00,0.0000000000000000e+00,4.8397404164339815e+00,4.8397404164339815e+00,4.8397404164339815e+00,3.1317809140558759e+00,3.1317809140558759e+00,3.1317809140558759e+00,8.3545831547338689e-01,4.8397404164339815e+00,4.9702207925831665e+00,8.3545831547338689e-01,3.8542264856644421e+00,3.8542264856644421e+00,4.8397404164339815e+00,4.8397404164339815e+00,4.8397404164339815e+00,3.8542264856644421e+00,3.1317809140558759e+00,3.1317809140558759e+00,3.8542264856644421e+00,8.3545831547338689e-01,0.0000000000000000e+00,3.8542264856644421e+00,2.2886787591305238e+00,4.9702207925831665e+00,2.2886787591305238e+00,3.1317809140558759e+00,4.9702207925831665e+00,3.1317809140558759e+00,3.1317809140558759e+00,3.1317809140558759e+00,4.8397404164339815e+00,3.8542264856644421e+00,8.3545831547338689e-01,4.8397404164339815e+00,8.3545831547338689e-01,4.9702207925831665e+00,1.3773481296396812e+00,2.2886787591305238e+00,1.3773481296396812e+00,4.8397404164339815e+00,4.8397404164339815e+00,4.8397404164339815e+00,3.1317809140558759e+00,4.8397404164339815e+00,3.8542264856644421e+00,8.3545831547338689e-01,1.3773481296396812e+00,2.2886787591305238e+00,4.8397404164339815e+00,4.9702207925831665e+00,4.9702207925831665e+00,4.8397404164339815e+00,3.8542264856644421e+00,3.8542264856644421e+00,4.9702207925831665e+00,4.9702207925831665e+00,4.9702207925831665e+00,3.1317809140558759e+00,4.9702207925831665e+00,4.9702207925831665e+00,2.2886787591305238e+00,0.0000000000000000e+00,3.8542264856644421e+00,4.9702207925831665e+00,4.8397404164339815e+00,1.3773481296396812e+00,3.1317809140558759e+00,2.2886787591305238e+00,4.8397404164339815e+00,1.3773481296396812e+00,3.1317809140558759e+00,4.8397404164339815e+00,8.3545831547338689e-01,4.9702207925831665e+00,4.9702207925831665e+00,1.3773481296396812e+00,4.9702207925831665e+00,3.8542264856644421e+00,4.9702207925831665e+00,4.8397404164339815e+00,8.3545831547338689e-01,2.2886787591305238e+00,0.0000000000000000e+00,4.9702207925831665e+00,3.8542264856644421e+00,3.8542264856644421e+00,2.2886787591305238e+00,4.8397404164339815e+00,3.8542264856644421e+00,4.9702207925831665e+00,3.8542264856644421e+00,4.9702207925831665e+00,3.8542264856644421e+00,3.1317809140558759e+00,3.1317809140558759e+00,3.8542264856644421e+00,4.9702207925831665e+00,3.8542264856644421e+00,4.9702207925831665e+00,3.8542264856644421e+00,1.3773481296396812e+00,3.8542264856644421e+00,3.8542264856644421e+00,3.8542264856644421e+00,1.3773481296396812e+00,3.8542264856644421e+00,4.8397404164339815e+00,1.3773481296396812e+00,4.8397404164339815e+00,4.9702207925831665e+00,3.1317809140558759e+00,4.8397404164339815e+00,3.8542264856644421e+00,4.8397404164339815e+00,4.8397404164339815e+00,4.9702207925831665e+00,1.3773481296396812e+00,0.0000000000000000e+00,3.1317809140558759e+00,1.3773481296396812e+00,3.1317809140558759e+00,0.0000000000000000e+00,2.2886787591305238e+00,1.3773481296396812e+00,4.8397404164339815e+00,4.9702207925831665e+00,0.0000000000000000e+00,1.3773481296396812e+00,3.8542264856644421e+00,3.8542264856644421e+00,0.0000000000000000e+00,1.3773481296396812e+00,1.3773481296396812e+00,4.8397404164339815e+00,4.9702207925831665e+00,4.8397404164339815e+00,4.9702207925831665e+00,4.9702207925831665e+00,8.3545831547338689e-01,8.3545831547338689e-01,4.8397404164339815e+00,4.9702207925831665e+00,3.8542264856644421e+00,4.8397404164339815e+00,4.8397404164339815e+00,3.8542264856644421e+00,3.1317809140558759e+00,4.8397404164339815e+00,4.8397404164339815e+00,0.0000000000000000e+00,4.8397404164339815e+00,4.8397404164339815e+00,4.8397404164339815e+00,4.9702207925831665e+00,8.3545831547338689e-01,4.8397404164339815e+00,4.9702207925831665e+00,8.3545831547338689e-01,4.8397404164339815e+00,2.2886787591305238e+00,3.8542264856644421e+00,3.8542264856644421e+00,3.8542264856644421e+00,3.1317809140558759e+00,4.8397404164339815e+00,2.2886787591305238e+00,8.3545831547338689e-01,4.9702207925831665e+00,8.3545831547338689e-01,2.2886787591305238e+00,8.3545831547338689e-01,3.8542264856644421e+00,4.8397404164339815e+00,3.1317809140558759e+00,2.2886787591305238e+00,4.8397404164339815e+00,3.1317809140558759e+00,0.0000000000000000e+00,4.8397404164339815e+00,8.3545831547338689e-01,4.9702207925831665e+00,3.1317809140558759e+00,8.3545831547338689e-01,8.3545831547338689e-01,3.8542264856644421e+00,8.3545831547338689e-01,3.8542264856644421e+00,1.3773481296396812e+00,4.8397404164339815e+00,4.8397404164339815e+00,4.9702207925831665e+00,1.3773481296396812e+00,3.8542264856644421e+00,3.1317809140558759e+00,0.0000000000000000e+00,4.8397404164339815e+00,2.2886787591305238e+00,1.3773481296396812e+00,4.8397404164339815e+00,3.8542264856644421e+00,3.1317809140558759e+00,4.9702207925831665e+00,1.3773481296396812e+00,4.8397404164339815e+00,4.9702207925831665e+00,2.2886787591305238e+00,2.2886787591305238e+00,4.8397404164339815e+00,4.8397404164339815e+00,4.9702207925831665e+00,1.3773481296396812e+00,0.0000000000000000e+00,4.9702207925831665e+00,4.9702207925831665e+00,2.2886787591305238e+00,4.9702207925831665e+00,4.9702207925831665e+00,4.9702207925831665e+00,8.3545831547338689e-01,1.3773481296396812e+00,4.9702207925831665e+00,4.8397404164339815e+00,0.0000000000000000e+00,4.8397404164339815e+00,4.9702207925831665e+00,3.8542264856644421e+00,3.8542264856644421e+00,1.3773481296396812e+00,3.8542264856644421e+00,2.2886787591305238e+00,3.8542264856644421e+00,4.8397404164339815e+00,3.1317809140558759e+00,2.2886787591305238e+00,2.2886787591305238e+00,3.8542264856644421e+00,2.2886787591305238e+00,4.9702207925831665e+00,4.9702207925831665e+00,0.0000000000000000e+00,4.9702207925831665e+00,2.2886787591305238e+00,3.8542264856644421e+00,0.0000000000000000e+00,0.0000000000000000e+00,1.3773481296396812e+00,8.3545831547338689e-01,4.9702207925831665e+00,4.9702207925831665e+00,3.1317809140558759e+00,1.3773481296396812e+00,1.3773481296396812e+00,4.8397404164339815e+00,4.9702207925831665e+00,4.9702207925831665e+00,4.8397404164339815e+00,4.9702207925831665e+00,4.9702207925831665e+00,4.8397404164339815e+00,3.8542264856644421e+00,4.9702207925831665e+00,4.9702207925831665e+00,4.9702207925831665e+00,4.8397404164339815e+00,1.3773481296396812e+00,3.8542264856644421e+00,8.3545831547338689e-01,4.9702207925831665e+00,4.9702207925831665e+00,4.9702207925831665e+00,2.2886787591305238e+00,4.9702207925831665e+00,4.9702207925831665e+00,3.8542264856644421e+00,4.9702207925831665e+00,4.9702207925831665e+00,3.8542264856644421e+00,4.8397404164339815e+00,3.8542264856644421e+00,4.9702207925831665e+00,3.1317809140558759e+00,4.9702207925831665e+00,3.8542264856644421e+00,3.1317809140558759e+00,3.1317809140558759e+00,4.8397404164339815e+00,4.9702207925831665e+00,4.8397404164339815e+00,4.9702207925831665e+00,3.1317809140558759e+00,3.8542264856644421e+00,3.1317809140558759e+00,1.3773481296396812e+00,3.8542264856644421e+00,1.3773481296396812e+00,1.3773481296396812e+00,4.9702207925831665e+00,1.3773481296396812e+00,3.1317809140558759e+00,8.3545831547338689e-01,4.8397404164339815e+00,1.3773481296396812e+00,8.3545831547338689e-01,4.9702207925831665e+00,3.8542264856644421e+00,3.1317809140558759e+00,4.8397404164339815e+00,4.8397404164339815e+00,8.3545831547338689e-01,4.9702207925831665e+00,3.8542264856644421e+00,3.8542264856644421e+00,4.9702207925831665e+00,0.0000000000000000e+00,3.1317809140558759e+00,3.1317809140558759e+00,4.8397404164339815e+00,0.0000000000000000e+00,2.2886787591305238e+00,4.8397404164339815e+00,3.1317809140558759e+00,3.1317809140558759e+00,4.8397404164339815e+00,3.1317809140558759e+00,3.8542264856644421e+00,4.9702207925831665e+00,2.2886787591305238e+00,4.9702207925831665e+00,4.9702207925831665e+00,4.9702207925831665e+00,0.0000000000000000e+00,0.0000000000000000e+00,3.1317809140558759e+00,4.8397404164339815e+00,2.2886787591305238e+00,4.9702207925831665e+00,3.1317809140558759e+00,4.8397404164339815e+00,0.0000000000000000e+00,8.3545831547338689e-01,3.8542264856644421e+00,2.2886787591305238e+00,3.8542264856644421e+00,2.2886787591305238e+00,4.8397404164339815e+00,1.3773481296396812e+00,4.8397404164339815e+00,4.9702207925831665e+00,4.9702207925831665e+00,3.8542264856644421e+00,2.2886787591305238e+00,4.9702207925831665e+00,1.3773481296396812e+00,4.9702207925831665e+00,4.9702207925831665e+00,3.1317809140558759e+00,8.3545831547338689e-01,1.3773481296396812e+00,4.9702207925831665e+00,4.8397404164339815e+00,2.2886787591305238e+00,1.3773481296396812e+00,4.8397404164339815e+00,2.2886787591305238e+00,0.0000000000000000e+00,4.8397404164339815e+00,3.1317809140558759e+00,2.2886787591305238e+00,1.3773481296396812e+00,3.1317809140558759e+00,4.8397404164339815e+00,4.8397404164339815e+00,4.9702207925831665e+00,3.1317809140558759e+00,2.2886787591305238e+00,0.0000000000000000e+00,4.9702207925831665e+00,2.2886787591305238e+00,4.8397404164339815e+00,1.3773481296396812e+00,0.0000000000000000e+00,8.3545831547338689e-01,3.8542264856644421e+00,3.8542264856644421e+00,3.8542264856644421e+00,4.9702207925831665e+00,4.9702207925831665e+00,4.8397404164339815e+00,4.9702207925831665e+00,0.0000000000000000e+00,4.9702207925831665e+00,4.9702207925831665e+00,2.2886787591305238e+00,4.9702207925831665e+00,0.0000000000000000e+00,0.0000000000000000e+00
5.8498502835056829e+00,5.8498502835056829e+00,0.0000000000000000e+00,5.8498502835056829e+00,5.8498502835056829e+00,5.8498502835056829e+00,0.0000000000000000e+00,5.8498502835056829e+00,4.5336662056452468e+00,5.8498502835056829e+00,4.2558093174727318e+00,5.8498502835056829e+00,2.1317313110460576e+00,4.2558093174727318e+00,5.8498502835056829e+00,2.1317313110460576e+00,5.8498502835056829e+00,5.8498502835056829e+00,2.9074647549276063e+00,2.9074647549276063e+00,5.8498502835056829e+00,5.8498502835056829e+00,0.0000000000000000e+00,5.8498502835056829e+00,5.8498502835056829e+00,2.9074647549276063e+00,2.9074647549276063e+00,5.8498502835056829e+00,4.5336662056452468e+00,2.9074647549276063e+00,4.5336662056452468e+00,0.0000000000000000e+00,5.8498502835056829e+00,8.2066976001819358e-01,5.8498502835056829e+00,5.8498502835056829e+00,5.8498502835056829e+00,4.2558093174727318e+00,2.9074647549276063e+00,4.5336662056452468e+00,8.2066976001819358e-01,4.2558093174727318e+00,8.2066976001819358e-01,4.5336662056452468e+00,5.8498502835056829e+00,2.9074647549276063e+00,5.8498502835056829e+00,4.5336662056452468e+00,4.5336662056452468e+00,5.8498502835056829e+00,8.2066976001819358e-01,0.0000000000000000e+00,4.5336662056452468e+00,5.8498502835056829e+00,0.0000000000000000e+00,5.8498502835056829e+00,5.8498502835056829e+00,5.8498502835056829e+00,0.0000000000000000e+00,5.8498502835056829e+00,5.8498502835056829e+00,2.1317313110460576e+00,5.8498502835056829e+00,2.1317313110460576e+00,5.8498502835056829e+00,5.8498502835056829e+00,8.2066976001819358e-01,2.1317313110460576e+00,2.9074647549276063e+00,8.2066976001819358e-01,0.0000000000000000e+00,5.8498502835056829e+00,8.2066976001819358e-01,5.8498502835056829e+00,2.1317313110460576e+00,5.8498502835056829e+00,5.8498502835056829e+00,4.5336662056452468e+00,5.8498502835056829e+00,5.8498502835056829e+00,5.8498502835056829e+00,5.8498502835056829e+00,4.5336662056452468e+00,5.8498502835056829e+00,5.8498502835056829e+00,2.1317313110460576e+00,5.8498502835056829e+00,5.8498502835056829e+00,4.2558093174727318e+00,1.5687031450452382e+00,8.2066976001819358e-01,5.8498502835056829e+00,2.1317313110460576e+00,5.8498502835056829e+00,5.8498502835056829e+00,1.5687031450452382e+00,2.1317313110460576e+00,5.8498502835056829e+00,5.8498502835056829e+00,1.5687031450452382e+00,2.1317313110460576e+00,4.2558093174727318e+00,8.2066976001819358e-01,5.8498502835056829e+00,2.9074647549276063e+00,2.1317313110460576e+00,5.8498502835056829e+00,5.8498502835056829e+00,1.5687031450452382e+00,8.2066976001819358e-01,4.5336662056452468e+00,4.5336662056452468e+00,5.8498502835056829e+00,4.5336662056452468e+00,4.5336662056452468e+00,4.5336662056452468e+00,5.8498502835056829e+00,4.2558093174727318e+00,1.5687031450452382e+00,4.2558093174727318e+00,8.2066976001819358e-01,2.1317313110460576e+00,2.1317313110460576e+00,5.8498502835056829e+00,2.9074647549276063e+00,8.2066976001819358e-01,2.1317313110460576e+00,5.8498502835056829e+00,2.9074647549276063e+00,2.9074647549276063e+00,2.9074647549276063e+00,8.2066976001819358e-01,8.2066976001819358e-01,2.1317313110460576e+00,2.9074647549276063e+00,8.2066976001819358e-01,2.9074647549276063e+00,4.5336662056452468e+00,8.2066976001819358e-01,8.2066976001819358e-01,2.1317313110460576e+00,0.0000000000000000e+00,4.5336662056452468e+00,2.1317313110460576e+00,5.8498502835056829e+00,5.8498502835056829e+00,0.0000000000000000e+00,2.1317313110460576e+00,5.8498502835056829e+00,5.8498502835056829e+00,4.5336662056452468e+00,4.5336662056452468e+00,5.8498502835056829e+00,4.5336662056452468e+00,0.0000000000000000e+00,1.5687031450452382e+00,4.2558093174727318e+00,8.2066976001819358e-01,5.8498502835056829e+00,5.8498502835056829e+00,5.8498502835056829e+00,5.8498502835056829e+00,5.8498502835056829e+00,4.2558093174727318e+00,5.8498502835056829e+00,4.5336662056452468e+00,5.8498502835056829e+00,5.8498502835056829e+00,4.5336662056452468e+00,5.8498502835056829e+00,2.1317313110460576e+00,4.5336662056452468e+00,4.5336662056452468e+00,5.8498502835056829e+00,2.9074647549276063e+00,2.1317313110460576e+00,1.5687031450452382e+00,5.8498502835056829e+00,2.9074647549276063e+00,4.5336662056452468e+00,4.5336662056452468e+00,1.5687031450452382e+00,4.5336662056452468e+00,2.1317313110460576e+00,5.8498502835056829e+00,2.1317313110460576e+00,2.9074647549276063e+00,2.9074647549276063e+00,1.5687031450452382e+00,5.8498502835056829e+00,1.5687031450452382e+00,4.5336662056452468e+00,5.8498502835056829e+00,1.5687031450452382e+00,5.8498502835056829e+00,2.9074647549276063e+00,2.9074647549276063e+00,2.9074647549276063e+00,5.8498502835056829e+00,5.8498502835056829e+00,5.8498502835056829e+00,5.8498502835056829e+00,4.5336662056452468e+00,5.8498502835056829e+00,4.5336662056452468e+00,2.9074647549276063e+00,4.5336662056452468e+00,5.8498502835056829e+00,5.8498502835056829e+00,2.9074647549276063e+00,5.8498502835056829e+00,4.5336662056452468e+00,4.5336662056452468e+00,2.9074647549276063e+00,5.8498502835056829e+00,0.0000000000000000e+00,4.5336662056452468e+00,4.2558093174727318e+00,0.0000000000000000e+00,5.8498502835056829e+00,5.8498502835056829e+00,1.5687031450452382e+00,1.5687031450452382e+00,4.2558093174727318e+00,4.2558093174727318e+00,5.8498502835056829e+00,8.2066976001819358e-01,2.9074647549276063e+00,5.8498502835056829e+00,2.9074647549276063e+00,4.5336662056452468e+00,4.2558093174727318e+00,4.2558093174727318e+00,4.5336662056452468e+00,4.5336662056452468e+00,0.0000000000000000e+00,2.9074647549276063e+00,2.1317313110460576e+00,2.9074647549276063e+00,5.8498502835056829e+00,2.9074647549276063e+00,2.1317313110460576e+00,8.2066976001819358e-01,5.8498502835056829e+00,2.1317313110460576e+00,4.5336662056452468e+00,5.8498502835056829e+00,2.9074647549276063e+00,2.9074647549276063e+00,2.9074647549276063e+00,2.1317313110460576e+00,4.5336662056452468e+00,4.5336662056452468e+00,2.9074647549276063e+00,4.2558093174727318e+00,4.5336662056452468e+00,2.9074647549276063e+00,2.9074647549276063e+00,5.8498502835056829e+00,2.9074647549276063e+00,4.2558093174727318e+00,5.8498502835056829e+00,4.5336662056452468e+00,4.2558093174727318e+00,4.2558093174727318e+00,4.2558093174727318e+00,4.2558093174727318e+00,4.2558093174727318e+00,2.1317313110460576e+00,5.8498502835056829e+00,4.2558093174727318e+00,5.8498502835056829e+00,4.2558093174727318e+00,5.8498502835056829e+00,5.8498502835056829e+00,5.8498502835056829e+00,0.0000000000000000e+00,0.0000000000000000e+00,4.5336662056452468e+00,8.2066976001819358e-01,4.2558093174727318e+00,5.8498502835056829e+00,4.2558093174727318e+00,5.8498502835056829e+00,8.2066976001819358e-01,5.8498502835056829e+00,1.5687031450452382e+00,5.8498502835056829e+00,0.0000000000000000e+00,8.2066976001819358e-01,4.2558093174727318e+00,4.2558093174727318e+00,4.2558093174727318e+00,8.2066976001819358e-01,5.8498502835056829e+00,2.9074647549276063e+00,5.8498502835056829e+00,2.9074647549276063e+00,2.9074647549276063e+00,2.9074647549276063e+00,8.2066976001819358e-01,5.8498502835056829e+00,5.8498502835056829e+00,2.9074647549276063e+00,1.5687031450452382e+00,4.2558093174727318e+00,4.2558093174727318e+00,0.0000000000000000e+00,2.1317313110460576e+00,4.2558093174727318e+00,5.8498502835056829e+00,4.2558093174727318e+00,4.5336662056452468e+00,0.0000000000000000e+00,5.8498502835056829e+00,2.1317313110460576e+00,8.2066976001819358e-01,4.2558093174727318e+00,5.8498502835056829e+00,4.2558093174727318e+00,0.0000000000000000e+00,5.8498502835056829e+00,0.0000000000000000e+00,5.8498502835056829e+00,4.2558093174727318e+00,5.8498502835056829e+00,5.8498502835056829e+00,8.2066976001819358e-01,1.5687031450452382e+00,5.8498502835056829e+00,0.0000000000000000e+00,5.8498502835056829e+00,5.8498502835056829e+00,8.2066976001819358e-01,5.8498502835056829e+00,2.1317313110460576e+00,0.0000000000000000e+00,8.2066976001819358e-01,5.8498502835056829e+00,2.9074647549276063e+00,1.5687031450452382e+00,2.9074647549276063e+00,0.0000000000000000e+00,5.8498502835056829e+00,5.8498502835056829e+00,5.8498502835056829e+00,5.8498502835056829e+00,8.2066976001819358e-01,5.8498502835056829e+00,5.8498502835056829e+00,1.5687031450452382e+00,5.8498502835056829e+00,1.5687031450452382e+00,0.0000000000000000e+00,5.8498502835056829e+00,0.0000000000000000e+00,5.8498502835056829e+00,2.9074647549276063e+00,5.8498502835056829e+00,2.1317313110460576e+00,4.2558093174727318e+00,2.1317313110460576e+00,2.9074647549276063e+00,2.9074647549276063e+00,2.9074647549276063e+00,0.0000000000000000e+00,5.8498502835056829e+00,8.2066976001819358e-01,4.5336662056452468e+00,4.5336662056452468e+00,5.8498502835056829e+00,1.5687031450452382e+00,5.8498502835056829e+00,0.0000000000000000e+00,2.9074647549276063e+00,4.5336662056452468e+00,8.2066976001819358e-01,4.5336662056452468e+00,2.1317313110460576e+00,8.2066976001819358e-01,0.0000000000000000e+00,1.5687031450452382e+00,5.8498502835056829e+00,0.0000000000000000e+00,8.2066976001819358e-01,5.8498502835056829e+00,5.8498502835056829e+00,2.9074647549276063e+00,2.1317313110460576e+00,4.5336662056452468e+00,2.1317313110460576e+00,2.1317313110460576e+00,4.5336662056452468e+00,2.1317313110460576e+00,2.1317313110460576e+00,2.1317313110460576e+00,1.5687031450452382e+00,8.2066976001819358e-01,8.2066976001819358e-01,0.0000000000000000e+00,1.5687031450452382e+00,2.1317313110460576e+00,2.9074647549276063e+00,4.2558093174727318e+00,5.8498502835056829e+00,2.9074647549276063e+00,4.5336662056452468e+00,4.2558093174727318e+00,2.9074647549276063e+00,2.9074647549276063e+00,4.5336662056452468e+00,4.5336662056452468e+00,4.5336662056452468e+00,5.8498502835056829e+00,0.0000000000000000e+00,2.9074647549276063e+00,2.9074647549276063e+00,2.9074647549276063e+00,4.5336662056452468e+00,4.2558093174727318e+00,4.2558093174727318e+00,1.5687031450452382e+00,1.5687031450452382e+00,4.5336662056452468e+00,5.8498502835056829e+00,4.5336662056452468e+00,4.5336662056452468e+00,2.1317313110460576e+00,5.8498502835056829e+00,5.8498502835056829e+00,5.8498502835056829e+00,5.8498502835056829e+00,5.8498502835056829e+00,5.8498502835056829e+00,4.2558093174727318e+00,5.8498502835056829e+00,4.2558093174727318e+00,5.8498502835056829e+00,5.8498502835056829e+00,5.8498502835056829e+00,4.2558093174727318e+00,4.5336662056452468e+00,4.5336662056452468e+00,4.2558093174727318e+00,4.2558093174727318e+00,0.0000000000000000e+00,4.5336662056452468e+00,4.2558093174727318e+00,4.2558093174727318e+00,4.2558093174727318e+00,4.2558093174727318e+00,4.2558093174727318e+00,2.9074647549276063e+00,4.2558093174727318e+00,2.9074647549276063e+00,4.5336662056452468e+00,4.5336662056452468e+00,4.5336662056452468e+00,1.5687031450452382e+00,1.5687031450452382e+00,5.8498502835056829e+00,0.0000000000000000e+00,5.8498502835056829e+00,4.5336662056452468e+00,2.9074647549276063e+00,1.5687031450452382e+00,4.2558093174727318e+00,4.2558093174727318e+00,4.5336662056452468e+00,0.0000000000000000e+00,4.5336662056452468e+00,4.5336662056452468e+00,2.1317313110460576e+00,4.2558093174727318e+00,4.5336662056452468e+00,4.5336662056452468e+00,4.2558093174727318e+00,1.5687031450452382e+00,4.2558093174727318e+00,4.2558093174727318e+00,5.8498502835056829e+00,5.8498502835056829e+00,4.5336662056452468e+00,4.2558093174727318e+00,1.5687031450452382e+00,5.8498502835056829e+00,5.8498502835056829e+00,5.8498502835056829e+00,5.8498502835056829e+00,5.8498502835056829e+00,8.2066976001819358e-01,4.2558093174727318e+00,1.5687031450452382e+00,1.5687031450452382e+00,5.8498502835056829e+00,5.8498502835056829e+00,4.5336662056452468e+00,5.8498502835056829e+00,4.2558093174727318e+00,5.8498502835056829e+00,0.0000000000000000e+00,1.5687031450452382e+00,5.8498502835056829e+00,4.5336662056452468e+00,4.5336662056452468e+00,8.2066976001819358e-01,4.2558093174727318e+00,5.8498502835056829e+00,5.8498502835056829e+00,2.9074647549276063e+00,2.1317313110460576e+00,0.0000000000000000e+00,2.9074647549276063e+00,4.5336662056452468e+00,2.1317313110460576e+00,5.8498502835056829e+00,4.5336662056452468e+00,1.5687031450452382e+00,1.5687031450452382e+00,4.5336662056452468e+00,5.8498502835056829e+00,2.1317313110460576e+00,2.1317313110460576e+00,4.5336662056452468e+00,4.2558093174727318e+00,1.5687031450452382e+00,4.5336662056452468e+00,4.5336662056452468e+00,4.5336662056452468e+00,4.5336662056452468e+00,4.5336662056452468e+00,8.2066976001819358e-01,4.5336662056452468e+00,5.8498502835056829e+00,5.8498502835056829e+00,5.8498502835056829e+00,0.0000000000000000e+00,4.5336662056452468e+00,4.5336662056452468e+00,4.5336662056452468e+00,1.5687031450452382e+00,4.5336662056452468e+00,2.9074647549276063e+00,4.5336662056452468e+00,2.1317313110460576e+00,4.5336662056452468e+00,2.9074647549276063e+00,4.5336662056452468e+00,4.2558093174727318e+00,4.5336662056452468e+00,1.5687031450452382e+00,2.9074647549276063e+00,4.5336662056452468e+00,4.5336662056452468e+00,5.8498502835056829e+00,5.8498502835056829e+00,0.0000000000000000e+00,5.8498502835056829e+00,2.9074647549276063e+00,5.8498502835056829e+00,2.9074647549276063e+00,5.8498502835056829e+00,5.8498502835056829e+00,5.8498502835056829e+00,4.2558093174727318e+00,0.0000000000000000e+00,4.2558093174727318e+00,2.1317313110460576e+00,0.0000000000000000e+00,4.5336662056452468e+00,4.2558093174727318e+00,2.9074647549276063e+00,5.8498502835056829e+00,0.0000000000000000e+00,4.5336662056452468e+00,2.9074647549276063e+00,4.5336662056452468e+00,5.8498502835056829e+00,5.8498502835056829e+00,5.8498502835056829e+00,5.8498502835056829e+00,4.2558093174727318e+00,4.2558093174727318e+00,4.2558093174727318e+00,4.2558093174727318e+00,4.2558093174727318e+00,1.5687031450452382e+00,5.8498502835056829e+00,4.5336662056452468e+00,4.2558093174727318e+00,4.2558093174727318e+00,2.9074647549276063e+00,2.9074647549276063e+00,0.0000000000000000e+00,5.8498502835056829e+00,5.8498502835056829e+00,5.8498502835056829e+00,8.2066976001819358e-01,5.8498502835056829e+00,8.2066976001819358e-01,2.9074647549276063e+00,4.5336662056452468e+00,0.0000000000000000e+00,2.9074647549276063e+00,4.5336662056452468e+00,2.1317313110460576e+00,5.8498502835056829e+00,5.8498502835056829e+00,5.8498502835056829e+00,5.8498502835056829e+00,4.5336662056452468e+00,0.0000000000000000e+00,5.8498502835056829e+00,4.2558093174727318e+00,4.2558093174727318e+00,5.8498502835056829e+00,2.1317313110460576e+00,5.8498502835056829e+00,5.8498502835056829e+00,8.2066976001819358e-01,4.2558093174727318e+00,2.9074647549276063e+00,5.8498502835056829e+00,4.5336662056452468e+00,4.2558093174727318e+00,5.8498502835056829e+00,5.8498502835056829e+00,4.5336662056452468e+00,4.2558093174727318e+00,4.5336662056452468e+00,5.8498502835056829e+00,5.8498502835056829e+00,5.8498502835056829e+00,4.2558093174727318e+00,5.8498502835056829e+00,5.8498502835056829e+00,2.9074647549276063e+00,4.5336662056452468e+00,5.8498502835056829e+00,8.2066976001819358e-01,5.8498502835056829e+00,4.2558093174727318e+00,5.8498502835056829e+00,2.1317313110460576e+00,2.9074647549276063e+00,4.5336662056452468e+00,5.8498502835056829e+00,8.2066976001819358e-01,0.0000000000000000e+00,4.2558093174727318e+00,5.8498502835056829e+00,2.9074647549276063e+00,0.0000000000000000e+00,4.5336662056452468e+00,4.2558093174727318e+00,2.9074647549276063e+00,5.8498502835056829e+00,8.2066976001819358e-01,1.5687031450452382e+00,2.1317313110460576e+00,2.9074647549276063e+00,0.0000000000000000e+00,5.8498502835056829e+00,5.8498502835056829e+00,5.8498502835056829e+00,1.5687031450452382e+00,4.5336662056452468e+00,4.2558093174727318e+00,4.5336662056452468e+00,4.2558093174727318e+00,2.1317313110460576e+00,2.1317313110460576e+00,8.2066976001819358e-01,4.2558093174727318e+00,4.2558093174727318e+00,5.8498502835056829e+00,4.2558093174727318e+00,2.1317313110460576e+00,4.2558093174727318e+00,1.5687031450452382e+00,1.5687031450452382e+00,5.8498502835056829e+00,0.0000000000000000e+00,1.5687031450452382e+00,1.5687031450452382e+00,5.8498502835056829e+00,5.8498502835056829e+00,1.5687031450452382e+00,4.2558093174727318e+00,5.8498502835056829e+00,5.8498502835056829e+00,0.0000000000000000e+00,5.8498502835056829e+00,4.2558093174727318e+00,4.5336662056452468e+00,5.8498502835056829e+00,5.8498502835056829e+00,5.8498502835056829e+00,5.8498502835056829e+00,4.2558093174727318e+00,5.8498502835056829e+00,4.2558093174727318e+00,2.9074647549276063e+00,5.8498502835056829e+00,0.0000000000000000e+00,2.9074647549276063e+00,5.8498502835056829e+00,1.5687031450452382e+00,5.8498502835056829e+00,0.0000000000000000e+00,1.5687031450452382e+00,5.8498502835056829e+00,5.8498502835056829e+00,0.0000000000000000e+00,2.1317313110460576e+00,4.2558093174727318e+00,1.5687031450452382e+00,5.8498502835056829e+00,5.8498502835056829e+00,1.5687031450452382e+00,0.0000000000000000e+00,8.2066976001819358e-01,1.5687031450452382e+00,1.5687031450452382e+00,5.8498502835056829e+00,1.5687031450452382e+00,4.2558093174727318e+00,8.2066976001819358e-01,1.5687031450452382e+00,2.1317313110460576e+00,2.1317313110460576e+00,1.5687031450452382e+00,5.8498502835056829e+00,5.8498502835056829e+00,4.2558093174727318e+00,2.9074647549276063e+00,4.5336662056452468e+00,2.1317313110460576e+00,4.5336662056452468e+00,5.8498502835056829e+00,2.9074647549276063e+00,5.8498502835056829e+00,4.5336662056452468e+00,5.8498502835056829e+00,0.0000000000000000e+00,1.5687031450452382e+00,1.5687031450452382e+00,8.2066976001819358e-01,1.5687031450452382e+00,2.9074647549276063e+00,1.5687031450452382e+00,0.0000000000000000e+00,1.5687031450452382e+00,5.8498502835056829e+00,4.2558093174727318e+00,5.8498502835056829e+00,5.8498502835056829e+00,2.1317313110460576e+00,4.5336662056452468e+00,4.2558093174727318e+00,1.5687031450452382e+00,2.1317313110460576e+00,0.0000000000000000e+00,2.1317313110460576e+00,5.8498502835056829e+00,5.8498502835056829e+00,4.2558093174727318e+00,5.8498502835056829e+00,8.2066976001819358e-01,8.2066976001819358e-01,5.8498502835056829e+00,5.8498502835056829e+00,5.8498502835056829e+00,2.9074647549276063e+00,5.8498502835056829e+00,5.8498502835056829e+00,2.1317313110460576e+00,2.9074647549276063e+00,5.8498502835056829e+00,5.8498502835056829e+00,5.8498502835056829e+00,8.2066976001819358e-01,1.5687031450452382e+00,4.2558093174727318e+00,0.0000000000000000e+00,2.9074647549276063e+00,5.8498502835056829e+00,4.5336662056452468e+00,8.2066976001819358e-01,4.2558093174727318e+00,5.8498502835056829e+00,1.5687031450452382e+00,1.5687031450452382e+00,4.5336662056452468e+00,4.5336662056452468e+00,2.1317313110460576e+00,2.9074647549276063e+00,1.5687031450452382e+00,1.5687031450452382e+00,4.5336662056452468e+00,2.9074647549276063e+00,4.5336662056452468e+00,4.2558093174727318e+00,8.2066976001819358e-01,0.0000000000000000e+00,5.8498502835056829e+00,1.5687031450452382e+00,8.2066976001819358e-01,5.8498502835056829e+00,5.8498502835056829e+00,5.8498502835056829e+00,5.8498502835056829e+00,2.1317313110460576e+00,2.1317313110460576e+00,5.8498502835056829e+00,4.5336662056452468e+00,5.8498502835056829e+00,5.8498502835056829e+00,5.8498502835056829e+00,2.9074647549276063e+00,5.8498502835056829e+00,5.8498502835056829e+00,8.2066976001819358e-01,1.5687031450452382e+00,4.5336662056452468e+00,5.8498502835056829e+00,5.8498502835056829e+00,5.8498502835056829e+00,5.8498502835056829e+00,1.5687031450452382e+00,0.0000000000000000e+00,5.8498502835056829e+00,4.2558093174727318e+00,8.2066976001819358e-01,0.0000000000000000e+00,5.8498502835056829e+00,0.0000000000000000e+00,0.0000000000000000e+00,5.8498502835056829e+00,2.9074647549276063e+00,1.5687031450452382e+00,8.2066976001819358e-01,5.8498502835056829e+00,5.8498502835056829e+00,5.8498502835056829e+00,4.5336662056452468e+00,4.5336662056452468e+00,4.2558093174727318e+00,2.9074647549276063e+00,4.2558093174727318e+00,1.5687031450452382e+00,5.8498502835056829e+00,2.9074647549276063e+00,4.5336662056452468e+00,5.8498502835056829e+00,4.5336662056452468e+00,2.1317313110460576e+00,4.5336662056452468e+00,4.5336662056452468e+00,5.8498502835056829e+00,4.5336662056452468e+00,2.1317313110460576e+00,2.9074647549276063e+00,2.9074647549276063e+00,4.5336662056452468e+00,4.5336662056452468e+00,4.2558093174727318e+00,4.2558093174727318e+00,4.5336662056452468e+00,5.8498502835056829e+00,2.9074647549276063e+00,5.8498502835056829e+00,4.5336662056452468e+00,5.8498502835056829e+00,4.2558093174727318e+00,1.5687031450452382e+00,2.1317313110460576e+00,5.8498502835056829e+00,4.5336662056452468e+00,5.8498502835056829e+00,5.8498502835056829e+00,5.8498502835056829e+00,5.8498502835056829e+00,5.8498502835056829e+00,5.8498502835056829e+00,4.2558093174727318e+00,5.8498502835056829e+00,5.8498502835056829e+00,4.2558093174727318e+00,5.8498502835056829e+00,8.2066976001819358e-01,5.8498502835056829e+00,5.8498502835056829e+00,8.2066976001819358e-01,5.8498502835056829e+00,2.9074647549276063e+00,2.1317313110460576e+00,2.1317313110460576e+00,5.8498502835056829e+00,2.9074647549276063e+00,5.8498502835056829e+00,1.5687031450452382e+00,2.9074647549276063e+00,5.8498502835056829e+00,0.0000000000000000e+00,2.9074647549276063e+00,5.8498502835056829e+00,1.5687031450452382e+00,5.8498502835056829e+00,5.8498502835056829e+00,4.2558093174727318e+00,4.5336662056452468e+00,5.8498502835056829e+00,2.9074647549276063e+00,5.8498502835056829e+00,5.8498502835056829e+00,2.1317313110460576e+00,4.5336662056452468e+00,1.5687031450452382e+00,2.9074647549276063e+00,5.8498502835056829e+00,0.0000000000000000e+00,2.1317313110460576e+00,2.9074647549276063e+00,5.8498502835056829e+00,5.8498502835056829e+00,5.8498502835056829e+00,5.8498502835056829e+00,0.0000000000000000e+00,5.8498502835056829e+00,5.8498502835056829e+00,2.9074647549276063e+00,5.8498502835056829e+00,5.8498502835056829e+00,4.2558093174727318e+00,1.5687031450452382e+00,8.2066976001819358e-01,4.5336662056452468e+00,4.5336662056452468e+00,5.8498502835056829e+00,4.5336662056452468e+00,5.8498502835056829e+00,0.0000000000000000e+00,2.9074647549276063e+00,5.8498502835056829e+00,0.0000000000000000e+00,1.5687031450452382e+00,0.0000000000000000e+00,2.9074647549276063e+00,5.8498502835056829e+00,5.8498502835056829e+00,1.5687031450452382e+00,1.5687031450452382e+00,2.9074647549276063e+00,5.8498502835056829e+00,4.2558093174727318e+00,4.2558093174727318e+00,5.8498502835056829e+00,1.5687031450452382e+00,2.9074647549276063e+00,5.8498502835056829e+00,4.5336662056452468e+00,2.9074647549276063e+00,2.1317313110460576e+00,5.8498502835056829e+00,5.8498502835056829e+00,5.8498502835056829e+00,4.2558093174727318e+00,5.8498502835056829e+00,0.0000000000000000e+00,5.8498502835056829e+00,5.8498502835056829e+00,4.2558093174727318e+00,0.0000000000000000e+00,2.9074647549276063e+00,5.8498502835056829e+00,8.2066976001819358e-01,2.9074647549276063e+00,5.8498502835056829e+00,5.8498502835056829e+00,5.8498502835056829e+00,5.8498502835056829e+00,2.1317313110460576e+00,5.8498502835056829e+00,5.8498502835056829e+00,5.8498502835056829e+00,2.9074647549276063e+00,2.9074647549276063e+00,5.8498502835056829e+00,5.8498502835056829e+00,0.0000000000000000e+00,5.8498502835056829e+00,0.0000000000000000e+00,0.0000000000000000e+00,1.5687031450452382e+00,5.8498502835056829e+00,5.8498502835056829e+00,1.5687031450452382e+00,5.8498502835056829e+00,5.8498502835056829e+00
0.0000000000000000e+00,0.0000000000000000e+00,0.0000000000000000e+00,0.0000000000000000e+00,0.0000000000000000e+00,0.0000000000000000e+00,0.0000000000000000e+00,0.0000000000000000e+00,0.0000000000000000e+00,0.0000000000000000e+00,0.0000000000000000e+00,0.0000000000000000e+00,0.0000000000000000e+00,0.0000000000000000e+00,0.0000000000000000e+00,0.0000000000000000e+00,0.0000000000000000e+00,0.0000000000000000e+00,0.0000000000000000e+00,0.0000000000000000e+00,0.0000000000000000e+00,0.0000000000000000e+00,0.0000000000000000e+00,0.0000000000000000e+00,0.0000000000000000e+00,0.0000000000000000e+00,0.0000000000000000e+00,0.0000000000000000e+00,0.0000000000000000e+00,0.0000000000000000e+00,0.0000000000000000e+00,0.0000000000000000e+00,0.0000000000000000e+00,0.0000000000000000e+00,0.0000000000000000e+00,0.0000000000000000e+00,0.0000000000000000e+00,0.0000000000000000e+00,0.0000000000000000e+00,0.0000000000000000e+00,0.0000000000000000e+00,0.0000000000000000e+00,0.0000000000000000e+00,0.0000000000000000e+00,0.0000000000000000e+00,0.0000000000000000e+00,0.0000000000000000e+00,0.0000000000000000e+00,0.0000000000000000e+00,0.0000000000000000e+00,0.0000000000000000e+00,0.0000000000000000e+00,0.0000000000000000e+00,0.0000000000000000e+00,0.0000000000000000e+00,0.0000000000000000e+00,0.0000000000000000e+00,0.0000000000000000e+00,0.0000000000000000e+00,0.0000000000000000e+00,0.0000000000000000e+00,0.0000000000000000e+00,0.0000000000000000e+00,0.0000000000000000e+00,0.0000000000000000e+00,0.0000000000000000e+00,0.0000000000000000e+00,0.0000000000000000e+00,0.0000000000000000e+00,0.0000000000000000e+00,0.0000000000000000e+00,0.0000000000000000e+00,0.0000000000000000e+00,0.0000000000000000e+00,0.0000000000000000e+00,0.0000000000000000e+00,0.0000000000000000e+00,0.0000000000000000e+00,0.0000000000000000e+00,0.0000000000000000e+00,0.0000000000000000e+00,0.0000000000000000e+00,0.0000000000000000e+00,0.0000000000000000e+00,0.0000000000000000e+00,0.0000000000000000e+00,0.0000000000000000e+00,0.0000000000000000e+00,0.0000000000000000e+00,0.0000000000000000e+00,0.0000000000000000e+00,0.0000000000000000e+00,0.0000000000000000e+00,0.0000000000000000e+00,0.0000000000000000e+00,0.0000000000000000e+00,0.0000000000000000e+00,0.0000000000000000e+00,0.0000000000000000e+00,0.0000000000000000e+00,0.0000000000000000e+00,0.0000000000000000e+00,0.0000000000000000e+00,0.0000000000000000e+00,0.0000000000000000e+00,0.0000000000000000e+00,0.0000000000000000e+00,0.0000000000000000e+00,0.0000000000000000e+00,0.0000000000000000e+00,0.0000000000000000e+00,0.0000000000000000e+00,0.0000000000000000e+00,0.0000000000000000e+00,0.0000000000000000e+00,0.0000000000000000e+00,0.0000000000000000e+00,0.0000000000000000e+00,0.0000000000000000e+00,0.0000000000000000e+00,0.0000000000000000e+00,0.0000000000000000e+00,0.0000000000000000e+00,0.0000000000000000e+00,0.0000000000000000e+00,0.0000000000000000e+00,0.0000000000000000e+00,0.0000000000000000e+00,0.0000000000000000e+00,0.0000000000000000e+00,0.0000000000000000e+00,0.0000000000000000e+00,0.0000000000000000e+00,0.0000000000000000e+00,0.0000000000000000e+00,0.0000000000000000e+00,0.0000000000000000e+00,0.0000000000000000e+00,0.0000000000000000e+00,0.0000000000000000e+00,0.0000000000000000e+00,0.0000000000000000e+00,0.0000000000000000e+00,0.0000000000000000e+00,0.0000000000000000e+00,0.0000000000000000e+00,0.0000000000000000e+00,0.0000000000000000e+00,0.0000000000000000e+00,0.0000000000000000e+00,0.0000000000000000e+00,0.0000000000000000e+00,0.0000000000000000e+00,0.0000000000000000e+00,0.0000000000000000e+00,0.0000000000000000e+00,0.0000000000000000e+00,0.0000000000000000e+00,0.0000000000000000e+00,0.0000000000000000e+00,0.0000000000000000e+00,0.0000000000000000e+00,0.0000000000000000e+00,0.0000000000000000e+00,0.0000000000000000e+00,0.0000000000000000e+00,0.0000000000000000e+00,0.0000000000000000e+00,0.0000000000000000e+00,0.0000000000000000e+00,0.0000000000000000e+00,0.0000000000000000e+00,0.0000000000000000e+00,0.0000000000000000e+00,0.0000000000000000e+00,0.0000000000000000e+00,0.0000000000000000e+00,0.0000000000000000e+00,0.0000000000000000e+00,0.0000000000000000e+00,0.0000000000000000e+00,0.0000000000000000e+00,0.0000000000000000e+00,0.0000000000000000e+00,0.0000000000000000e+00,0.0000000000000000e+00,0.0000000000000000e+00,0.0000000000000000e+00,0.0000000000000000e+00,0.0000000000000000e+00,0.0000000000000000e+00,0.0000000000000000e+00,0.0000000000000000e+00,0.0000000000000000e+00,0.0000000000000000e+00,0.0000000000000000e+00,0.0000000000000000e+00,0.0000000000000000e+00,0.0000000000000000e+00,0.0000000000000000e+00,0.0000000000000000e+00,0.0000000000000000e+00,0.0000000000000000e+00,0.0000000000000000e+00,0.0000000000000000e+00,0.0000000000000000e+00,0.0000000000000000e+00,0.0000000000000000e+00,0.0000000000000000e+00,0.0000000000000000e+00,0.0000000000000000e+00,0.0000000000000000e+00,0.0000000000000000e+00,0.0000000000000000e+00,0.0000000000000000e+00,0.0000000000000000e+00,0.0000000000000000e+00,0.0000000000000000e+00,0.0000000000000000e+00,0.0000000000000000e+00,0.0000000000000000e+00,0.0000000000000000e+00,0.0000000000000000e+00,0.0000000000000000e+00,0.0000000000000000e+00,0.0000000000000000e+00,0.0000000000000000e+00,0.0000000000000000e+00,0.0000000000000000e+00,0.0000000000000000e+00,0.0000000000000000e+00,0.0000000000000000e+00,0.0000000000000000e+00,0.0000000000000000e+00,0.0000000000000000e+00,0.0000000000000000e+00,0.0000000000000000e+00,0.0000000000000000e+00,0.0000000000000000e+00,0.0000000000000000e+00,0.0000000000000000e+00,0.0000000000000000e+00,0.0000000000000000e+00,0.0000000000000000e+00,0.0000000000000000e+00,0.0000000000000000e+00,0.0000000000000000e+00,0.0000000000000000e+00,0.0000000000000000e+00,0.0000000000000000e+00,0.0000000000000000e+00,0.0000000000000000e+00,0.0000000000000000e+00,0.0000000000000000e+00,0.0000000000000000e+00,0.0000000000000000e+00,0.0000000000000000e+00,0.0000000000000000e+00,0.0000000000000000e+00,0.0000000000000000e+00,0.0000000000000000e+00,0.0000000000000000e+00,0.0000000000000000e+00,0.0000000000000000e+00,0.0000000000000000e+00,0.0000000000000000e+00,0.0000000000000000e+00,0.0000000000000000e+00,0.0000000000000000e+00,0.0000000000000000e+00,0.0000000000000000e+00,0.0000000000000000e+00,0.0000000000000000e+00,0.0000000000000000e+00,0.0000000000000000e+00,0.0000000000000000e+00,0.0000000000000000e+00,0.0000000000000000e+00,0.0000000000000000e+00,0.0000000000000000e+00,0.0000000000000000e+00,0.0000000000000000e+00,0.0000000000000000e+00,0.0000000000000000e+00,0.0000000000000000e+00,0.0000000000000000e+00,0.0000000000000000e+00,0.0000000000000000e+00,0.0000000000000000e+00,0.0000000000000000e+00,0.0000000000000000e+00,0.0000000000000000e+00,0.0000000000000000e+00,0.0000000000000000e+00,0.0000000000000000e+00,0.0000000000000000e+00,0.0000000000000000e+00,0.0000000000000000e+00,0.0000000000000000e+00,0.0000000000000000e+00,0.0000000000000000e+00,0.0000000000000000e+00,0.0000000000000000e+00,0.0000000000000000e+00,0.0000000000000000e+00,0.0000000000000000e+00,0.0000000000000000e+00,0.0000000000000000e+00,0.0000000000000000e+00,0.0000000000000000e+00,0.0000000000000000e+00,0.0000000000000000e+00,0.0000000000000000e+00,0.0000000000000000e+00,0.0000000000000000e+00,0.0000000000000000e+00,0.0000000000000000e+00,0.0000000000000000e+00,0.0000000000000000e+00,0.0000000000000000e+00,0.0000000000000000e+00,0.0000000000000000e+00,0.0000000000000000e+00,0.0000000000000000e+00,0.0000000000000000e+00,0.0000000000000000e+00,0.0000000000000000e+00,0.0000000000000000e+00,0.0000000000000000e+00,0.0000000000000000e+00,0.0000000000000000e+00,0.0000000000000000e+00,0.0000000000000000e+00,0.0000000000000000e+00,0.0000000000000000e+00,0.0000000000000000e+00,0.0000000000000000e+00,0.0000000000000000e+00,0.0000000000000000e+00,0.0000000000000000e+00,0.0000000000000000e+00,0.0000000000000000e+00,0.0000000000000000e+00,0.0000000000000000e+00,0.0000000000000000e+00,0.0000000000000000e+00,0.0000000000000000e+00,0.0000000000000000e+00,0.0000000000000000e+00,0.0000000000000000e+00,0.0000000000000000e+00,0.0000000000000000e+00,0.0000000000000000e+00,0.0000000000000000e+00,0.0000000000000000e+00,0.0000000000000000e+00,0.0000000000000000e+00,0.0000000000000000e+00,0.0000000000000000e+00,0.0000000000000000e+00,0.0000000000000000e+00,0.0000000000000000e+00,0.0000000000000000e+00,0.0000000000000000e+00,0.0000000000000000e+00,0.0000000000000000e+00,0.0000000000000000e+00,0.0000000000000000e+00,0.0000000000000000e+00,0.0000000000000000e+00,0.0000000000000000e+00,0.0000000000000000e+00,0.0000000000000000e+00,0.0000000000000000e+00,0.0000000000000000e+00,0.0000000000000000e+00,0.0000000000000000e+00,0.0000000000000000e+00,0.0000000000000000e+00,0.0000000000000000e+00,0.0000000000000000e+00,0.0000000000000000e+00,0.0000000000000000e+00,0.0000000000000000e+00,0.0000000000000000e+00,0.0000000000000000e+00,0.0000000000000000e+00,0.0000000000000000e+00,0.0000000000000000e+00,0.0000000000000000e+00,0.0000000000000000e+00,0.0000000000000000e+00,0.0000000000000000e+00,0.0000000000000000e+00,0.0000000000000000e+00,0.0000000000000000e+00,0.0000000000000000e+00,0.0000000000000000e+00,0.0000000000000000e+00,0.0000000000000000e+00,0.0000000000000000e+00,0.0000000000000000e+00,0.0000000000000000e+00,0.0000000000000000e+00,0.0000000000000000e+00,0.0000000000000000e+00,0.0000000000000000e+00,0.0000000000000000e+00,0.0000000000000000e+00,0.0000000000000000e+00,0.0000000000000000e+00,0.0000000000000000e+00,0.0000000000000000e+00,0.0000000000000000e+00,0.0000000000000000e+00,0.0000000000000000e+00,0.0000000000000000e+00,0.0000000000000000e+00,0.0000000000000000e+00,0.0000000000000000e+00,0.0000000000000000e+00,0.0000000000000000e+00,0.0000000000000000e+00,0.0000000000000000e+00,0.0000000000000000e+00,0.0000000000000000e+00,0.0000000000000000e+00,0.0000000000000000e+00,0.0000000000000000e+00,0.0000000000000000e+00,0.0000000000000000e+00,0.0000000000000000e+00,0.0000000000000000e+00,0.0000000000000000e+00,0.0000000000000000e+00,0.0000000000000000e+00,0.0000000000000000e+00,0.0000000000000000e+00,0.0000000000000000e+00,0.0000000000000000e+00,0.0000000000000000e+00,0.0000000000000000e+00,0.0000000000000000e+00,0.0000000000000000e+00,0.0000000000000000e+00,0.0000000000000000e+00,0.0000000000000000e+00,0.0000000000000000e+00,0.0000000000000000e+00,0.0000000000000000e+00,0.0000000000000000e+00,0.0000000000000000e+00,0.0000000000000000e+00,0.0000000000000000e+00,0.0000000000000000e+00,0.0000000000000000e+00,0.0000000000000000e+00,0.0000000000000000e+00,0.0000000000000000e+00,0.0000000000000000e+00,0.0000000000000000e+00,0.0000000000000000e+00,0.0000000000000000e+00,0.0000000000000000e+00,0.0000000000000000e+00,0.0000000000000000e+00,0.0000000000000000e+00,0.0000000000000000e+00,0.0000000000000000e+00,0.0000000000000000e+00,0.0000000000000000e+00,0.0000000000000000e+00,0.0000000000000000e+00,0.0000000000000000e+00,0.0000000000000000e+00,0.0000000000000000e+00,0.0000000000000000e+00,0.0000000000000000e+00,0.0000000000000000e+00,0.0000000000000000e+00,0.0000000000000000e+00,0.0000000000000000e+00,0.0000000000000000e+00,0.0000000000000000e+00,0.0000000000000000e+00,0.0000000000000000e+00,0.0000000000000000e+00,0.0000000000000000e+00,0.0000000000000000e+00,0.0000000000000000e+00,0.0000000000000000e+00,0.0000000000000000e+00,0.0000000000000000e+00,0.0000000000000000e+00,0.0000000000000000e+00,0.0000000000000000e+00,0.0000000000000000e+00,0.0000000000000000e+00,0.0000000000000000e+00,0.0000000000000000e+00,0.0000000000000000e+00,0.0000000000000000e+00,0.0000000000000000e+00,0.0000000000000000e+00,0.0000000000000000e+00,0.0000000000000000e+00,0.0000000000000000e+00,0.0000000000000000e+00,0.0000000000000000e+00,0.0000000000000000e+00,0.0000000000000000e+00,0.0000000000000000e+00,0.0000000000000000e+00,0.0000000000000000e+00,0.0000000000000000e+00,0.0000000000000000e+00,0.0000000000000000e+00,0.0000000000000000e+00,0.0000000000000000e+00,0.0000000000000000e+00,0.0000000000000000e+00,0.0000000000000000e+00,0.0000000000000000e+00,0.0000000000000000e+00,0.0000000000000000e+00,0.0000000000000000e+00,0.0000000000000000e+00,0.0000000000000000e+00,0.0000000000000000e+00,0.0000000000000000e+00,0.0000000000000000e+00,0.0000000000000000e+00,0.0000000000000000e+00,0.0000000000000000e+00,0.0000000000000000e+00,0.0000000000000000e+00,0.0000000000000000e+00,0.0000000000000000e+00,0.0000000000000000e+00,0.0000000000000000e+00,0.0000000000000000e+00,0.0000000000000000e+00,0.0000000000000000e+00,0.0000000000000000e+00,0.0000000000000000e+00,0.0000000000000000e+00,0.0000000000000000e+00,0.0000000000000000e+00,0.0000000000000000e+00,0.0000000000000000e+00,0.0000000000000000e+00,0.0000000000000000e+00,0.0000000000000000e+00,0.0000000000000000e+00,0.0000000000000000e+00,0.0000000000000000e+00,0.0000000000000000e+00,0.0000000000000000e+00,0.0000000000000000e+00,0.0000000000000000e+00,0.0000000000000000e+00,0.0000000000000000e+00,0.0000000000000000e+00,0.0000000000000000e+00,0.0000000000000000e+00,0.0000000000000000e+00,0.0000000000000000e+00,0.0000000000000000e+00,0.0000000000000000e+00,0.0000000000000000e+00,0.0000000000000000e+00,0.0000000000000000e+00,0.0000000000000000e+00,0.0000000000000000e+00,0.0000000000000000e+00,0.0000000000000000e+00,0.0000000000000000e+00,0.0000000000000000e+00,0.0000000000000000e+00,0.0000000000000000e+00,0.0000000000000000e+00,0.0000000000000000e+00,0.0000000000000000e+00,0.0000000000000000e+00,0.0000000000000000e+00,0.0000000000000000e+00,0.0000000000000000e+00,0.0000000000000000e+00,0.0000000000000000e+00,0.0000000000000000e+00,0.0000000000000000e+00,0.0000000000000000e+00,0.0000000000000000e+00,0.0000000000000000e+00,0.0000000000000000e+00,0.0000000000000000e+00,0.0000000000000000e+00,0.0000000000000000e+00,0.0000000000000000e+00,0.0000000000000000e+00,0.0000000000000000e+00,0.0000000000000000e+00,0.0000000000000000e+00,0.0000000000000000e+00,0.0000000000000000e+00,0.0000000000000000e+00,0.0000000000000000e+00,0.0000000000000000e+00,0.0000000000000000e+00,0.0000000000000000e+00,0.0000000000000000e+00,0.0000000000000000e+00,0.0000000000000000e+00,0.0000000000000000e+00,0.0000000000000000e+00,0.0000000000000000e+00,0.0000000000000000e+00,0.0000000000000000e+00,0.0000000000000000e+00,0.0000000000000000e+00,0.0000000000000000e+00,0.0000000000000000e+00,0.0000000000000000e+00,0.0000000000000000e+00,0.0000000000000000e+00,0.0000000000000000e+00,0.0000000000000000e+00,0.0000000000000000e+00,0.0000000000000000e+00,0.0000000000000000e+00,0.0000000000000000e+00,0.0000000000000000e+00,0.0000000000000000e+00,0.0000000000000000e+00,0.0000000000000000e+00,0.0000000000000000e+00,0.0000000000000000e+00,0.0000000000000000e+00,0.0000000000000000e+00,0.0000000000000000e+00,0.0000000000000000e+00,0.0000000000000000e+00,0.0000000000000000e+00,0.0000000000000000e+00,0.0000000000000000e+00,0.0000000000000000e+00,0.0000000000000000e+00,0.0000000000000000e+00,0.0000000000000000e+00,0.0000000000000000e+00,0.0000000000000000e+00,0.0000000000000000e+00,0.0000000000000000e+00,0.0000000000000000e+00,0.0000000000000000e+00,0.0000000000000000e+00,0.0000000000000000e+00,0.0000000000000000e+00,0.0000000000000000e+00,0.0000000000000000e+00,0.0000000000000000e+00,0.0000000000000000e+00,0.0000000000000000e+00,0.0000000000000000e+00,0.0000000000000000e+00,0.0000000000000000e+00,0.0000000000000000e+00,0.0000000000000000e+00,0.0000000000000000e+00,0.0000000000000000e+00,0.0000000000000000e+00,0.0000000000000000e+00,0.0000000000000000e+00,0.0000000000000000e+00,0.0000000000000000e+00,0.0000000000000000e+00,0.0000000000000000e+00,0.0000000000000000e+00,0.0000000000000000e+00,0.0000000000000000e+00,0.0000000000000000e+00,0.0000000000000000e+00,0.0000000000000000e+00,0.0000000000000000e+00,0.0000000000000000e+00,0.0000000000000000e+00,0.0000000000000000e+00,0.0000000000000000e+00,0.0000000000000000e+00,0.0000000000000000e+00,0.0000000000000000e+00,0.0000000000000000e+00,0.0000000000000000e+00,0.0000000000000000e+00,0.0000000000000000e+00,0.0000000000000000e+00,0.0000000000000000e+00,0.0000000000000000e+00,0.0000000000000000e+00,0.0000000000000000e+00,0.0000000000000000e+00,0.0000000000000000e+00,0.0000000000000000e+00,0.0000000000000000e+00,0.0000000000000000e+00,0.0000000000000000e+00,0.0000000000000000e+00,0.0000000000000000e+00,0.0000000000000000e+00,0.0000000000000000e+00,0.0000000000000000e+00,0.0000000000000000e+00,0.0000000000000000e+00,0.0000000000000000e+00,0.0000000000000000e+00,0.0000000000000000e+00,0.0000000000000000e+00,0.0000000000000000e+00,0.0000000000000000e+00,0.0000000000000000e+00,0.0000000000000000e+00,0.0000000000000000e+00,0.0000000000000000e+00,0.0000000000000000e+00,0.0000000000000000e+00,0.0000000000000000e+00,0.0000000000000000e+00,0.0000000000000000e+00,0.0000000000000000e+00,0.0000000000000000e+00,0.0000000000000000e+00,0.0000000000000000e+00,0.0000000000000000e+00,0.0000000000000000e+00,0.0000000000000000e+00,0.0000000000000000e+00,0.0000000000000000e+00,0.0000000000000000e+00,0.0000000000000000e+00,0.0000000000000000e+00,0.0000000000000000e+00,0.0000000000000000e+00,0.0000000000000000e+00,0.0000000000000000e+00,0.0000000000000000e+00,0.0000000000000000e+00,0.0000000000000000e+00,0.0000000000000000e+00,0.0000000000000000e+00,0.0000000000000000e+00,0.0000000000000000e+00,0.0000000000000000e+00,0.0000000000000000e+00,0.0000000000000000e+00,0.0000000000000000e+00,0.0000000000000000e+00,0.0000000000000000e+00,0.0000000000000000e+00,0.0000000000000000e+00,0.0000000000000000e+00,0.0000000000000000e+00,0.0000000000000000e+00,0.0000000000000000e+00,0.0000000000000000e+00,0.0000000000000000e+00,0.0000000000000000e+00,0.0000000000000000e+00,0.0000000000000000e+00,0.0000000000000000e+00,0.0000000000000000e+00,0.0000000000000000e+00,0.0000000000000000e+00,0.0000000000000000e+00,0.0000000000000000e+00,0.0000000000000000e+00,0.0000000000000000e+00,0.0000000000000000e+00,0.0000000000000000e+00,0.0000000000000000e+00,0.0000000000000000e+00,0.0000000000000000e+00,0.0000000000000000e+00,0.0000000000000000e+00,0.0000000000000000e+00,0.0000000000000000e+00,0.0000000000000000e+00,0.0000000000000000e+00,0.0000000000000000e+00,0.0000000000000000e+00,0.0000000000000000e+00,0.0000000000000000e+00,0.0000000000000000e+00,0.0000000000000000e+00,0.0000000000000000e+00,0.0000000000000000e+00,0.0000000000000000e+00,0.0000000000000000e+00,0.0000000000000000e+00,0.0000000000000000e+00,0.0000000000000000e+00,0.0000000000000000e+00,0.0000000000000000e+00,0.0000000000000000e+00,0.0000000000000000e+00,0.0000000000000000e+00,0.0000000000000000e+00,0.0000000000000000e+00,0.0000000000000000e+00,0.0000000000000000e+00,0.0000000000000000e+00,0.0000000000000000e+00,0.0000000000000000e+00,0.0000000000000000e+00,0.0000000000000000e+00,0.0000000000000000e+00,0.0000000000000000e+00,0.0000000000000000e+00,0.0000000000000000e+00,0.0000000000000000e+00,0.0000000000000000e+00,0.0000000000000000e+00,0.0000000000000000e+00,0.0000000000000000e+00,0.0000000000000000e+00,0.0000000000000000e+00,0.0000000000000000e+00,0.0000000000000000e+00,0.0000000000000000e+00,0.0000000000000000e+00,0.0000000000000000e+00,0.0000000000000000e+00,0.0000000000000000e+00,0.0000000000000000e+00,0.0000000000000000e+00,0.0000000000000000e+00,0.0000000000000000e+00,0.0000000000000000e+00,0.0000000000000000e+00,0.0000000000000000e+00,0.0000000000000000e+00,0.0000000000000000e+00,0.0000000000000000e+00,0.0000000000000000e+00,0.0000000000000000e+00,0.0000000000000000e+00,0.0000000000000000e+00,0.0000000000000000e+00,0.0000000000000000e+00,0.0000000000000000e+00,0.0000000000000000e+00,0.0000000000000000e+00,0.0000000000000000e+00,0.0000000000000000e+00,0.0000000000000000e+00,0.0000000000000000e+00,0.0000000000000000e+00,0.0000000000000000e+00,0.0000000000000000e+00,0.0000000000000000e+00,0.0000000000000000e+00,0.0000000000000000e+00,0.0000000000000000e+00,0.0000000000000000e+00,0.0000000000000000e+00,0.0000000000000000e+00,0.0000000000000000e+00,0.0000000000000000e+00,0.0000000000000000e+00,0.0000000000000000e+00,0.0000000000000000e+00,0.0000000000000000e+00,0.0000000000000000e+00,0.0000000000000000e+00,0.0000000000000000e+00,0.0000000000000000e+00,0.0000000000000000e+00,0.0000000000000000e+00,0.0000000000000000e+00,0.0000000000000000e+00,0.0000000000000000e+00,0.0000000000000000e+00,0.0000000000000000e+00,0.0000000000000000e+00,0.0000000000000000e+00,0.0000000000000000e+00,0.0000000000000000e+00,0.0000000000000000e+00,0.0000000000000000e+00,0.0000000000000000e+00,0.0000000000000000e+00,0.0000000000000000e+00,0.0000000000000000e+00,0.0000000000000000e+00,0.0000000000000000e+00,0.0000000000000000e+00,0.0000000000000000e+00,0.0000000000000000e+00,0.0000000000000000e+00,0.0000000000000000e+00,0.0000000000000000e+00,0.0000000000000000e+00,0.0000000000000000e+00,0.0000000000000000e+00,0.0000000000000000e+00,0.0000000000000000e+00,0.0000000000000000e+00,0.0000000000000000e+00,0.0000000000000000e+00,0.0000000000000000e+00,0.0000000000000000e+00,0.0000000000000000e+00,0.0000000000000000e+00,0.0000000000000000e+00,0.0000000000000000e+00,0.0000000000000000e+00,0.0000000000000000e+00,0.0000000000000000e+00,0.0000000000000000e+00,0.0000000000000000e+00,0.0000000000000000e+00,0.0000000000000000e+00,0.0000000000000000e+00,0.0000000000000000e+00,0.0000000000000000e+00,0.0000000000000000e+00,0.0000000000000000e+00,0.0000000000000000e+00,0.0000000000000000e+00,0.0000000000000000e+00,0.0000000000000000e+00,0.0000000000000000e+00,0.0000000000000000e+00,0.0000000000000000e+00,0.0000000000000000e+00,0.0000000000000000e+00,0.0000000000000000e+00,0.0000000000000000e+00,0.0000000000000000e+00,0.0000000000000000e+00,0.0000000000000000e+00,0.0000000000000000e+00,0.0000000000000000e+00,0.0000000000000000e+00,0.0000000000000000e+00,0.0000000000000000e+00,0.0000000000000000e+00,0.0000000000000000e+00,0.0000000000000000e+00,0.0000000000000000e+00,0.0000000000000000e+00,0.0000000000000000e+00,0.0000000000000000e+00,0.0000000000000000e+00,0.0000000000000000e+00,0.0000000000000000e+00,0.0000000000000000e+00,0.0000000000000000e+00,0.0000000000000000e+00,0.0000000000000000e+00,0.0000000000000000e+00,0.0000000000000000e+00,0.0000000000000000e+00,0.0000000000000000e+00,0.0000000000000000e+00,0.0000000000000000e+00,0.0000000000000000e+00,0.0000000000000000e+00,0.0000000000000000e+00,0.0000000000000000e+00,0.0000000000000000e+00,0.0000000000000000e+00,0.0000000000000000e+00,0.0000000000000000e+00,0.0000000000000000e+00,0.0000000000000000e+00,0.0000000000000000e+00,0.0000000000000000e+00,0.0000000000000000e+00,0.0000000000000000e+00,0.0000000000000000e+00,0.0000000000000000e+00,0.0000000000000000e+00,0.0000000000000000e+00,0.0000000000000000e+00,0.0000000000000000e+00,0.0000000000000000e+00,0.0000000000000000e+00,0.0000000000000000e+00,0.0000000000000000e+00,0.0000000000000000e+00,0.0000000000000000e+00,0.0000000000000000e+00,0.0000000000000000e+00,0.0000000000000000e+00,0.0000000000000000e+00,0.0000000000000000e+00,0.0000000000000000e+00,0.0000000000000000e+00,0.0000000000000000e+00,0.0000000000000000e+00
2.3624426480001688e+00,3.4164210554777030e+00,4.1726769824861947e+00,4.1726769824861947e+00,4.1726769824861947e+00,3.4164210554777030e+00,3.4164210554777030e+00,3.4164210554777030e+00,4.1726769824861947e+00,5.6728783631600930e+00,3.2666185264097667e+00,7.3187837209669493e-01,0.0000000000000000e+00,4.1726769824861947e+00,3.2666185264097667e+00,3.2666185264097667e+00,5.6728783631600930e+00,5.6728783631600930e+00,0.0000000000000000e+00,2.3624426480001688e+00,5.6728783631600930e+00,5.6728783631600930e+00,5.6728783631600930e+00,3.2666185264097667e+00,1.4502126294414805e+00,3.4164210554777030e+00,3.4164210554777030e+00,5.6728783631600930e+00,4.1726769824861947e+00,3.2666185264097667e+00,3.4164210554777030e+00,2.3624426480001688e+00,1.4502126294414805e+00,2.3624426480001688e+00,2.3624426480001688e+00,1.4502126294414805e+00,1.4502126294414805e+00,2.3624426480001688e+00,5.6728783631600930e+00,5.6728783631600930e+00,3.2666185264097667e+00,4.1726769824861947e+00,4.1726769824861947e+00,4.1726769824861947e+00,3.2666185264097667e+00,3.2666185264097667e+00,2.3624426480001688e+00,4.1726769824861947e+00,7.3187837209669493e-01,3.4164210554777030e+00,5.6728783631600930e+00,5.6728783631600930e+00,2.3624426480001688e+00,4.1726769824861947e+00,4.1726769824861947e+00,7.3187837209669493e-01,4.1726769824861947e+00,5.6728783631600930e+00,5.6728783631600930e+00,5.6728783631600930e+00,1.4502126294414805e+00,5.6728783631600930e+00,5.6728783631600930e+00,5.6728783631600930e+00,3.2666185264097667e+00,3.4164210554777030e+00,3.4164210554777030e+00,7.3187837209669493e-01,3.2666185264097667e+00,3.4164210554777030e+00,5.6728783631600930e+00,3.2666185264097667e+00,4.1726769824861947e+00,4.1726769824861947e+00,5.6728783631600930e+00,5.6728783631600930e+00,1.4502126294414805e+00,5.6728783631600930e+00,5.6728783631600930e+00,5.6728783631600930e+00,7.3187837209669493e-01,3.2666185264097667e+00,5.6728783631600930e+00,4.1726769824861947e+00,4.1726769824861947e+00,2.3624426480001688e+00,2.3624426480001688e+00,4.1726769824861947e+00,4.1726769824861947e+00,3.4164210554777030e+00,4.1726769824861947e+00,4.1726769824861947e+00,0.0000000000000000e+00,4.1726769824861947e+00,0.0000000000000000e+00,5.6728783631600930e+00,4.1726769824861947e+00,2.3624426480001688e+00,5.6728783631600930e+00,4.1726769824861947e+00,5.6728783631600930e+00,4.1726769824861947e+00,4.1726769824861947e+00,5.6728783631600930e+00,4.1726769824861947e+00,7.3187837209669493e-01,5.6728783631600930e+00,5.6728783631600930e+00,2.3624426480001688e+00,7.3187837209669493e-01,0.0000000000000000e+00,3.2666185264097667e+00,5.6728783631600930e+00,7.3187837209669493e-01,5.6728783631600930e+00,5.6728783631600930e+00,1.4502126294414805e+00,5.6728783631600930e+00,5.6728783631600930e+00,0.0000000000000000e+00,5.6728783631600930e+00,2.3624426480001688e+00,5.6728783631600930e+00,3.2666185264097667e+00,3.2666185264097667e+00,7.3187837209669493e-01,5.6728783631600930e+00,5.6728783631600930e+00,5.6728783631600930e+00,1.4502126294414805e+00,5.6728783631600930e+00,3.2666185264097667e+00,3.4164210554777030e+00,5.6728783631600930e+00,5.6728783631600930e+00,4.1726769824861947e+00,2.3624426480001688e+00,3.2666185264097667e+00,4.1726769824861947e+00,5.6728783631600930e+00,5.6728783631600930e+00,5.6728783631600930e+00,5.6728783631600930e+00,7.3187837209669493e-01,1.4502126294414805e+00,3.4164210554777030e+00,3.4164210554777030e+00,4.1726769824861947e+00,3.4164210554777030e+00,2.3624426480001688e+00,4.1726769824861947e+00,3.2666185264097667e+00,4.1726769824861947e+00,2.3624426480001688e+00,4.1726769824861947e+00,5.6728783631600930e+00,5.6728783631600930e+00,1.4502126294414805e+00,3.2666185264097667e+00,3.4164210554777030e+00,1.4502126294414805e+00,2.3624426480001688e+00,4.1726769824861947e+00,1.4502126294414805e+00,1.4502126294414805e+00,4.1726769824861947e+00,5.6728783631600930e+00,1.4502126294414805e+00,2.3624426480001688e+00,1.4502126294414805e+00,0.0000000000000000e+00,5.6728783631600930e+00,7.3187837209669493e-01,2.3624426480001688e+00,0.0000000000000000e+00,1.4502126294414805e+00,5.6728783631600930e+00,5.6728783631600930e+00,5.6728783631600930e+00,5.6728783631600930e+00,5.6728783631600930e+00,1.4502126294414805e+00,7.3187837209669493e-01,5.6728783631600930e+00,3.4164210554777030e+00,5.6728783631600930e+00,3.2666185264097667e+00,3.2666185264097667e+00,4.1726769824861947e+00,5.6728783631600930e+00,5.6728783631600930e+00,5.6728783631600930e+00,3.4164210554777030e+00,4.1726769824861947e+00,5.6728783631600930e+00,5.6728783631600930e+00,1.4502126294414805e+00,5.6728783631600930e+00,5.6728783631600930e+00,3.2666185264097667e+00,5.6728783631600930e+00,5.6728783631600930e+00,5.6728783631600930e+00,0.0000000000000000e+00,5.6728783631600930e+00,3.4164210554777030e+00,3.2666185264097667e+00,0.0000000000000000e+00,3.4164210554777030e+00,4.1726769824861947e+00,2.3624426480001688e+00,3.4164210554777030e+00,5.6728783631600930e+00,2.3624426480001688e+00,5.6728783631600930e+00,3.2666185264097667e+00,5.6728783631600930e+00,0.0000000000000000e+00,2.3624426480001688e+00,5.6728783631600930e+00,5.6728783631600930e+00,5.6728783631600930e+00,1.4502126294414805e+00,5.6728783631600930e+00,5.6728783631600930e+00,3.2666185264097667e+00,4.1726769824861947e+00,2.3624426480001688e+00,5.6728783631600930e+00,4.1726769824861947e+00,5.6728783631600930e+00,5.6728783631600930e+00,2.3624426480001688e+00,5.6728783631600930e+00,5.6728783631600930e+00,2.3624426480001688e+00,5.6728783631600930e+00,5.6728783631600930e+00,3.2666185264097667e+00,0.0000000000000000e+00,4.1726769824861947e+00,5.6728783631600930e+00,0.0000000000000000e+00,2.3624426480001688e+00,5.6728783631600930e+00,5.6728783631600930e+00,3.2666185264097667e+00,3.4164210554777030e+00,2.3624426480001688e+00,1.4502126294414805e+00,5.6728783631600930e+00,5.6728783631600930e+00,0.0000000000000000e+00,3.2666185264097667e+00,4.1726769824861947e+00,3.4164210554777030e+00,5.6728783631600930e+00,5.6728783631600930e+00,5.6728783631600930e+00,5.6728783631600930e+00,5.6728783631600930e+00,5.6728783631600930e+00,4.1726769824861947e+00,5.6728783631600930e+00,0.0000000000000000e+00,5.6728783631600930e+00,1.4502126294414805e+00,0.0000000000000000e+00,5.6728783631600930e+00,4.1726769824861947e+00,4.1726769824861947e+00,4.1726769824861947e+00,3.2666185264097667e+00,5.6728783631600930e+00,3.2666185264097667e+00,4.1726769824861947e+00,0.0000000000000000e+00,3.4164210554777030e+00,3.2666185264097667e+00,3.4164210554777030e+00,2.3624426480001688e+00,2.3624426480001688e+00,1.4502126294414805e+00,5.6728783631600930e+00,5.6728783631600930e+00,3.4164210554777030e+00,4.1726769824861947e+00,4.1726769824861947e+00,5.6728783631600930e+00,1.4502126294414805e+00,1.4502126294414805e+00,7.3187837209669493e-01,4.1726769824861947e+00,5.6728783631600930e+00,0.0000000000000000e+00,1.4502126294414805e+00,0.0000000000000000e+00,0.0000000000000000e+00,2.3624426480001688e+00,5.6728783631600930e+00,1.4502126294414805e+00,5.6728783631600930e+00,5.6728783631600930e+00,1.4502126294414805e+00,3.4164210554777030e+00,5.6728783631600930e+00,7.3187837209669493e-01,3.2666185264097667e+00,2.3624426480001688e+00,5.6728783631600930e+00,4.1726769824861947e+00,2.3624426480001688e+00,0.0000000000000000e+00,3.4164210554777030e+00,4.1726769824861947e+00,5.6728783631600930e+00,3.4164210554777030e+00,3.4164210554777030e+00,0.0000000000000000e+00,3.2666185264097667e+00,3.2666185264097667e+00,1.4502126294414805e+00,3.2666185264097667e+00,5.6728783631600930e+00,7.3187837209669493e-01,3.4164210554777030e+00,0.0000000000000000e+00,3.2666185264097667e+00,5.6728783631600930e+00,4.1726769824861947e+00,4.1726769824861947e+00,5.6728783631600930e+00,5.6728783631600930e+00,4.1726769824861947e+00,1.4502126294414805e+00,5.6728783631600930e+00,1.4502126294414805e+00,5.6728783631600930e+00,4.1726769824861947e+00,0.0000000000000000e+00,3.4164210554777030e+00,3.2666185264097667e+00,2.3624426480001688e+00,4.1726769824861947e+00,5.6728783631600930e+00,5.6728783631600930e+00,5.6728783631600930e+00,5.6728783631600930e+00,7.3187837209669493e-01,0.0000000000000000e+00,2.3624426480001688e+00,7.3187837209669493e-01,5.6728783631600930e+00,2.3624426480001688e+00,0.0000000000000000e+00,3.4164210554777030e+00,0.0000000000000000e+00,4.1726769824861947e+00,5.6728783631600930e+00,3.4164210554777030e+00,3.2666185264097667e+00,5.6728783631600930e+00,3.4164210554777030e+00,3.2666185264097667e+00,1.4502126294414805e+00,4.1726769824861947e+00,5.6728783631600930e+00,5.6728783631600930e+00,3.2666185264097667e+00,3.4164210554777030e+00,5.6728783631600930e+00,7.3187837209669493e-01,3.2666185264097667e+00,5.6728783631600930e+00,5.6728783631600930e+00,0.0000000000000000e+00,5.6728783631600930e+00,5.6728783631600930e+00,0.0000000000000000e+00,2.3624426480001688e+00,0.0000000000000000e+00,5.6728783631600930e+00,4.1726769824861947e+00,3.4164210554777030e+00,2.3624426480001688e+00,3.2666185264097667e+00,3.2666185264097667e+00,3.4164210554777030e+00,4.1726769824861947e+00,4.1726769824861947e+00,0.0000000000000000e+00,3.4164210554777030e+00,4.1726769824861947e+00,1.4502126294414805e+00,3.4164210554777030e+00,2.3624426480001688e+00,7.3187837209669493e-01,4.1726769824861947e+00,4.1726769824861947e+00,5.6728783631600930e+00,4.1726769824861947e+00,1.4502126294414805e+00,2.3624426480001688e+00,3.4164210554777030e+00,3.4164210554777030e+00,5.6728783631600930e+00,1.4502126294414805e+00,3.4164210554777030e+00,3.2666185264097667e+00,1.4502126294414805e+00,5.6728783631600930e+00,3.4164210554777030e+00,3.2666185264097667e+00,4.1726769824861947e+00,2.3624426480001688e+00,4.1726769824861947e+00,2.3624426480001688e+00,7.3187837209669493e-01,5.6728783631600930e+00,7.3187837209669493e-01,2.3624426480001688e+00,5.6728783631600930e+00,3.2666185264097667e+00,4.1726769824861947e+00,2.3624426480001688e+00,3.2666185264097667e+00,3.4164210554777030e+00,4.1726769824861947e+00,4.1726769824861947e+00,4.1726769824861947e+00,5.6728783631600930e+00,4.1726769824861947e+00,3.2666185264097667e+00,5.6728783631600930e+00,4.1726769824861947e+00,5.6728783631600930e+00,5.6728783631600930e+00,4.1726769824861947e+00,4.1726769824861947e+00,5.6728783631600930e+00,3.4164210554777030e+00,3.4164210554777030e+00,5.6728783631600930e+00,1.4502126294414805e+00,5.6728783631600930e+00,3.2666185264097667e+00,4.1726769824861947e+00,5.6728783631600930e+00,4.1726769824861947e+00,5.6728783631600930e+00,3.4164210554777030e+00,5.6728783631600930e+00,5.6728783631600930e+00,1.4502126294414805e+00,5.6728783631600930e+00,5.6728783631600930e+00,5.6728783631600930e+00,5.6728783631600930e+00,5.6728783631600930e+00,7.3187837209669493e-01,5.6728783631600930e+00,4.1726769824861947e+00,5.6728783631600930e+00,5.6728783631600930e+00,4.1726769824861947e+00,3.4164210554777030e+00,7.3187837209669493e-01,5.6728783631600930e+00,2.3624426480001688e+00,5.6728783631600930e+00,1.4502126294414805e+00,3.2666185264097667e+00,4.1726769824861947e+00,3.2666185264097667e+00,5.6728783631600930e+00,4.1726769824861947e+00,7.3187837209669493e-01,5.6728783631600930e+00,5.6728783631600930e+00,5.6728783631600930e+00,7.3187837209669493e-01,5.6728783631600930e+00,3.2666185264097667e+00,7.3187837209669493e-01,2.3624426480001688e+00,3.2666185264097667e+00,5.6728783631600930e+00,1.4502126294414805e+00,2.3624426480001688e+00,3.2666185264097667e+00,2.3624426480001688e+00,3.4164210554777030e+00,5.6728783631600930e+00,7.3187837209669493e-01,3.4164210554777030e+00,5.6728783631600930e+00,4.1726769824861947e+00,4.1726769824861947e+00,3.2666185264097667e+00,5.6728783631600930e+00,7.3187837209669493e-01,1.4502126294414805e+00,5.6728783631600930e+00,0.0000000000000000e+00,4.1726769824861947e+00,3.2666185264097667e+00,4.1726769824861947e+00,3.4164210554777030e+00,5.6728783631600930e+00,0.0000000000000000e+00,5.6728783631600930e+00,3.4164210554777030e+00,2.3624426480001688e+00,4.1726769824861947e+00,5.6728783631600930e+00,5.6728783631600930e+00,3.4164210554777030e+00,1.4502126294414805e+00,3.2666185264097667e+00,1.4502126294414805e+00,7.3187837209669493e-01,0.0000000000000000e+00,1.4502126294414805e+00,0.0000000000000000e+00,3.4164210554777030e+00,0.0000000000000000e+00,3.4164210554777030e+00,3.4164210554777030e+00,3.4164210554777030e+00,1.4502126294414805e+00,2.3624426480001688e+00,2.3624426480001688e+00,2.3624426480001688e+00,3.4164210554777030e+00,2.3624426480001688e+00,0.0000000000000000e+00,5.6728783631600930e+00,3.2666185264097667e+00,3.4164210554777030e+00,3.4164210554777030e+00,1.4502126294414805e+00,5.6728783631600930e+00,2.3624426480001688e+00,0.0000000000000000e+00,5.6728783631600930e+00,4.1726769824861947e+00,3.2666185264097667e+00,4.1726769824861947e+00,1.4502126294414805e+00,7.3187837209669493e-01,4.1726769824861947e+00,3.4164210554777030e+00,0.0000000000000000e+00,1.4502126294414805e+00,4.1726769824861947e+00,7.3187837209669493e-01,3.2666185264097667e+00,1.4502126294414805e+00,3.4164210554777030e+00,4.1726769824861947e+00,3.2666185264097667e+00,4.1726769824861947e+00,2.3624426480001688e+00,4.1726769824861947e+00,2.3624426480001688e+00,5.6728783631600930e+00,3.2666185264097667e+00,3.4164210554777030e+00,5.6728783631600930e+00,2.3624426480001688e+00,5.6728783631600930e+00,3.4164210554777030e+00,0.0000000000000000e+00,3.4164210554777030e+00,0.0000000000000000e+00,3.4164210554777030e+00,3.4164210554777030e+00,4.1726769824861947e+00,3.4164210554777030e+00,2.3624426480001688e+00,2.3624426480001688e+00,3.4164210554777030e+00,4.1726769824861947e+00,4.1726769824861947e+00,5.6728783631600930e+00,3.4164210554777030e+00,5.6728783631600930e+00,5.6728783631600930e+00,3.2666185264097667e+00,2.3624426480001688e+00,3.2666185264097667e+00,5.6728783631600930e+00,3.4164210554777030e+00,3.4164210554777030e+00,5.6728783631600930e+00,3.4164210554777030e+00,4.1726769824861947e+00,7.3187837209669493e-01,5.6728783631600930e+00,4.1726769824861947e+00,4.1726769824861947e+00,4.1726769824861947e+00,4.1726769824861947e+00,5.6728783631600930e+00,7.3187837209669493e-01,5.6728783631600930e+00,4.1726769824861947e+00,4.1726769824861947e+00,5.6728783631600930e+00,4.1726769824861947e+00,5.6728783631600930e+00,5.6728783631600930e+00,3.4164210554777030e+00,3.2666185264097667e+00,4.1726769824861947e+00,3.4164210554777030e+00,4.1726769824861947e+00,1.4502126294414805e+00,5.6728783631600930e+00,3.2666185264097667e+00,5.6728783631600930e+00,7.3187837209669493e-01,3.2666185264097667e+00,0.0000000000000000e+00,3.4164210554777030e+00,5.6728783631600930e+00,3.2666185264097667e+00,3.2666185264097667e+00,5.6728783631600930e+00,5.6728783631600930e+00,3.2666185264097667e+00,1.4502126294414805e+00,5.6728783631600930e+00,2.3624426480001688e+00,5.6728783631600930e+00,5.6728783631600930e+00,0.0000000000000000e+00,3.2666185264097667e+00,1.4502126294414805e+00,3.4164210554777030e+00,0.0000000000000000e+00,3.2666185264097667e+00,2.3624426480001688e+00,7.3187837209669493e-01,1.4502126294414805e+00,1.4502126294414805e+00,2.3624426480001688e+00,3.2666185264097667e+00,5.6728783631600930e+00,3.2666185264097667e+00,3.4164210554777030e+00,5.6728783631600930e+00,3.4164210554777030e+00,7.3187837209669493e-01,3.4164210554777030e+00,3.4164210554777030e+00,2.3624426480001688e+00,5.6728783631600930e+00,5.6728783631600930e+00,3.4164210554777030e+00,3.2666185264097667e+00,1.4502126294414805e+00,5.6728783631600930e+00,2.3624426480001688e+00,3.2666185264097667e+00,2.3624426480001688e+00,2.3624426480001688e+00,3.4164210554777030e+00,7.3187837209669493e-01,3.4164210554777030e+00,5.6728783631600930e+00,2.3624426480001688e+00,2.3624426480001688e+00,2.3624426480001688e+00,2.3624426480001688e+00,0.0000000000000000e+00,3.4164210554777030e+00,3.4164210554777030e+00,2.3624426480001688e+00,2.3624426480001688e+00,0.0000000000000000e+00,5.6728783631600930e+00,3.2666185264097667e+00,5.6728783631600930e+00,3.4164210554777030e+00,4.1726769824861947e+00,4.1726769824861947e+00,4.1726769824861947e+00,3.2666185264097667e+00,1.4502126294414805e+00,5.6728783631600930e+00,3.4164210554777030e+00,2.3624426480001688e+00,3.4164210554777030e+00,2.3624426480001688e+00,4.1726769824861947e+00,4.1726769824861947e+00,4.1726769824861947e+00,0.0000000000000000e+00,7.3187837209669493e-01,2.3624426480001688e+00,4.1726769824861947e+00,5.6728783631600930e+00,7.3187837209669493e-01,5.6728783631600930e+00,3.2666185264097667e+00,5.6728783631600930e+00,2.3624426480001688e+00,0.0000000000000000e+00,7.3187837209669493e-01,0.0000000000000000e+00,1.4502126294414805e+00,5.6728783631600930e+00,5.6728783631600930e+00,0.0000000000000000e+00,3.2666185264097667e+00,2.3624426480001688e+00,2.3624426480001688e+00,1.4502126294414805e+00,4.1726769824861947e+00,1.4502126294414805e+00,2.3624426480001688e+00,5.6728783631600930e+00,2.3624426480001688e+00,1.4502126294414805e+00,2.3624426480001688e+00,3.4164210554777030e+00,2.3624426480001688e+00,4.1726769824861947e+00,1.4502126294414805e+00,4.1726769824861947e+00,1.4502126294414805e+00,4.1726769824861947e+00,4.1726769824861947e+00,1.4502126294414805e+00,1.4502126294414805e+00,7.3187837209669493e-01,4.1726769824861947e+00,2.3624426480001688e+00,2.3624426480001688e+00,2.3624426480001688e+00,2.3624426480001688e+00,5.6728783631600930e+00,2.3624426480001688e+00,0.0000000000000000e+00,7.3187837209669493e-01,5.6728783631600930e+00,5.6728783631600930e+00,3.2666185264097667e+00,7.3187837209669493e-01,4.1726769824861947e+00,3.2666185264097667e+00,0.0000000000000000e+00,3.2666185264097667e+00,4.1726769824861947e+00,4.1726769824861947e+00,4.1726769824861947e+00,2.3624426480001688e+00,2.3624426480001688e+00,4.1726769824861947e+00,5.6728783631600930e+00,3.2666185264097667e+00,4.1726769824861947e+00,5.6728783631600930e+00,1.4502126294414805e+00,2.3624426480001688e+00,2.3624426480001688e+00,5.6728783631600930e+00,7.3187837209669493e-01,5.6728783631600930e+00,7.3187837209669493e-01,3.2666185264097667e+00,5.6728783631600930e+00,3.2666185264097667e+00,5.6728783631600930e+00,3.2666185264097667e+00,4.1726769824861947e+00,7.3187837209669493e-01,3.4164210554777030e+00,5.6728783631600930e+00,4.1726769824861947e+00,2.3624426480001688e+00,4.1726769824861947e+00,2.3624426480001688e+00,3.2666185264097667e+00,4.1726769824861947e+00,1.4502126294414805e+00,3.2666185264097667e+00,5.6728783631600930e+00,3.4164210554777030e+00,7.3187837209669493e-01,3.2666185264097667e+00,1.4502126294414805e+00,7.3187837209669493e-01,3.2666185264097667e+00,5.6728783631600930e+00,5.6728783631600930e+00,1.4502126294414805e+00,1.4502126294414805e+00,2.3624426480001688e+00,5.6728783631600930e+00,4.1726769824861947e+00,7.3187837209669493e-01,4.1726769824861947e+00,2.3624426480001688e+00,1.4502126294414805e+00,5.6728783631600930e+00,5.6728783631600930e+00,5.6728783631600930e+00,1.4502126294414805e+00,2.3624426480001688e+00,3.4164210554777030e+00,4.1726769824861947e+00,4.1726769824861947e+00,4.1726769824861947e+00,7.3187837209669493e-01,3.4164210554777030e+00,0.0000000000000000e+00,3.4164210554777030e+00,3.4164210554777030e+00,5.6728783631600930e+00,3.2666185264097667e+00,1.4502126294414805e+00,2.3624426480001688e+00,0.0000000000000000e+00,5.6728783631600930e+00,2.3624426480001688e+00,2.3624426480001688e+00,2.3624426480001688e+00,7.3187837209669493e-01,3.4164210554777030e+00,4.1726769824861947e+00,4.1726769824861947e+00,1.4502126294414805e+00,4.1726769824861947e+00,3.4164210554777030e+00,1.4502126294414805e+00,2.3624426480001688e+00,1.4502126294414805e+00,0.0000000000000000e+00,4.1726769824861947e+00,5.6728783631600930e+00,2.3624426480001688e+00,7.3187837209669493e-01,2.3624426480001688e+00,2.3624426480001688e+00,1.4502126294414805e+00,0.0000000000000000e+00,4.1726769824861947e+00,5.6728783631600930e+00,4.1726769824861947e+00,2.3624426480001688e+00,5.6728783631600930e+00,7.3187837209669493e-01,1.4502126294414805e+00,5.6728783631600930e+00,3.4164210554777030e+00,5.6728783631600930e+00,7.3187837209669493e-01,3.4164210554777030e+00,1.4502126294414805e+00,5.6728783631600930e+00,5.6728783631600930e+00,4.1726769824861947e+00,3.2666185264097667e+00,0.0000000000000000e+00,7.3187837209669493e-01,3.2666185264097667e+00,7.3187837209669493e-01,3.2666185264097667e+00,0.0000000000000000e+00,7.3187837209669493e-01,2.3624426480001688e+00,3.2666185264097667e+00,5.6728783631600930e+00,2.3624426480001688e+00,2.3624426480001688e+00,5.6728783631600930e+00,5.6728783631600930e+00,2.3624426480001688e+00,3.2666185264097667e+00,5.6728783631600930e+00,4.1726769824861947e+00,4.1726769824861947e+00,2.3624426480001688e+00,5.6728783631600930e+00,5.6728783631600930e+00,0.0000000000000000e+00,3.2666185264097667e+00,3.2666185264097667e+00,4.1726769824861947e+00,5.6728783631600930e+00,3.4164210554777030e+00,5.6728783631600930e+00,4.1726769824861947e+00,5.6728783631600930e+00,2.3624426480001688e+00,7.3187837209669493e-01,7.3187837209669493e-01,5.6728783631600930e+00,4.1726769824861947e+00,4.1726769824861947e+00,3.4164210554777030e+00,5.6728783631600930e+00,7.3187837209669493e-01,5.6728783631600930e+00,4.1726769824861947e+00,3.4164210554777030e+00,7.3187837209669493e-01,3.4164210554777030e+00,4.1726769824861947e+00,4.1726769824861947e+00,1.4502126294414805e+00,3.4164210554777030e+00,4.1726769824861947e+00,5.6728783631600930e+00,5.6728783631600930e+00,0.0000000000000000e+00,1.4502126294414805e+00,3.4164210554777030e+00,2.3624426480001688e+00,3.4164210554777030e+00,3.2666185264097667e+00,0.0000000000000000e+00,4.1726769824861947e+00,4.1726769824861947e+00,4.1726769824861947e+00,5.6728783631600930e+00,3.2666185264097667e+00,3.4164210554777030e+00,2.3624426480001688e+00,4.1726769824861947e+00,5.6728783631600930e+00,2.3624426480001688e+00,2.3624426480001688e+00,5.6728783631600930e+00,2.3624426480001688e+00,2.3624426480001688e+00,3.2666185264097667e+00,5.6728783631600930e+00,5.6728783631600930e+00,5.6728783631600930e+00,3.2666185264097667e+00,5.6728783631600930e+00,5.6728783631600930e+00,3.2666185264097667e+00,5.6728783631600930e+00,4.1726769824861947e+00,5.6728783631600930e+00,4.1726769824861947e+00,4.1726769824861947e+00,4.1726769824861947e+00,4.1726769824861947e+00,2.3624426480001688e+00,4.1726769824861947e+00,2.3624426480001688e+00,7.3187837209669493e-01,4.1726769824861947e+00,5.6728783631600930e+00,5.6728783631600930e+00,4.1726769824861947e+00,3.4164210554777030e+00,3.2666185264097667e+00,5.6728783631600930e+00,0.0000000000000000e+00,5.6728783631600930e+00,4.1726769824861947e+00,7.3187837209669493e-01,3.4164210554777030e+00,5.6728783631600930e+00,5.6728783631600930e+00,5.6728783631600930e+00,4.1726769824861947e+00,7.3187837209669493e-01,7.3187837209669493e-01,4.1726769824861947e+00,4.1726769824861947e+00,3.4164210554777030e+00,5.6728783631600930e+00,3.2666185264097667e+00,5.6728783631600930e+00,7.3187837209669493e-01,5.6728783631600930e+00,3.4164210554777030e+00,7.3187837209669493e-01,1.4502126294414805e+00,0.0000000000000000e+00,5.6728783631600930e+00,5.6728783631600930e+00,5.6728783631600930e+00,3.4164210554777030e+00,7.3187837209669493e-01,3.2666185264097667e+00,3.2666185264097667e+00,1.4502126294414805e+00,1.4502126294414805e+00,1.4502126294414805e+00,7.3187837209669493e-01,0.0000000000000000e+00,4.1726769824861947e+00
2.3999454609328925e+00,2.3999454609328925e+00,0.0000000000000000e+00,3.2265126265735895e+00,3.2265126265735895e+00,3.8309704482030278e+00,3.2265126265735895e+00,3.2265126265735895e+00,3.8309704482030278e+00,4.7972108792820594e+00,0.0000000000000000e+00,4.7972108792820594e+00,4.7972108792820594e+00,4.7972108792820594e+00,4.7972108792820594e+00,4.7972108792820594e+00,8.1196737861535118e-01,3.2265126265735895e+00,3.2265126265735895e+00,4.7972108792820594e+00,4.7972108792820594e+00,4.7972108792820594e+00,4.7972108792820594e+00,2.3999454609328925e+00,4.7972108792820594e+00,3.2265126265735895e+00,4.7972108792820594e+00,4.7972108792820594e+00,0.0000000000000000e+00,4.7972108792820594e+00,0.0000000000000000e+00,3.2265126265735895e+00,3.2265126265735895e+00,3.2265126265735895e+00,5.6243975227093106e+00,3.2265126265735895e+00,3.2265126265735895e+00,0.0000000000000000e+00,5.6243975227093106e+00,5.6243975227093106e+00,5.6243975227093106e+00,4.7972108792820594e+00,4.7972108792820594e+00,1.6188010615364619e+00,3.8309704482030278e+00,2.3999454609328925e+00,4.7972108792820594e+00,5.6243975227093106e+00,5.6243975227093106e+00,4.7972108792820594e+00,4.7972108792820594e+00,4.7972108792820594e+00,5.6243975227093106e+00,5.6243975227093106e+00,5.6243975227093106e+00,1.6188010615364619e+00,4.7972108792820594e+00,1.6188010615364619e+00,4.7972108792820594e+00,1.6188010615364619e+00,5.6243975227093106e+00,5.6243975227093106e+00,3.8309704482030278e+00,8.1196737861535118e-01,5.6243975227093106e+00,5.6243975227093106e+00,3.2265126265735895e+00,5.6243975227093106e+00,0.0000000000000000e+00,1.6188010615364619e+00,1.6188010615364619e+00,4.7972108792820594e+00,0.0000000000000000e+00,3.8309704482030278e+00,4.7972108792820594e+00,2.3999454609328925e+00,3.8309704482030278e+00,0.0000000000000000e+00,2.3999454609328925e+00,2.3999454609328925e+00,8.1196737861535118e-01,5.6243975227093106e+00,5.6243975227093106e+00,4.7972108792820594e+00,0.0000000000000000e+00,5.6243975227093106e+00,4.7972108792820594e+00,4.7972108792820594e+00,4.7972108792820594e+00,2.3999454609328925e+00,4.7972108792820594e+00,2.3999454609328925e+00,2.3999454609328925e+00,4.7972108792820594e+00,4.7972108792820594e+00,3.8309704482030278e+00,4.7972108792820594e+00,2.3999454609328925e+00,2.3999454609328925e+00,4.7972108792820594e+00,4.7972108792820594e+00,8.1196737861535118e-01,5.6243975227093106e+00,4.7972108792820594e+00,4.7972108792820594e+00,2.3999454609328925e+00,0.0000000000000000e+00,0.0000000000000000e+00,2.3999454609328925e+00,3.2265126265735895e+00,3.2265126265735895e+00,2.3999454609328925e+00,2.3999454609328925e+00,3.2265126265735895e+00,4.7972108792820594e+00,3.8309704482030278e+00,1.6188010615364619e+00,5.6243975227093106e+00,5.6243975227093106e+00,4.7972108792820594e+00,1.6188010615364619e+00,1.6188010615364619e+00,3.2265126265735895e+00,4.7972108792820594e+00,3.2265126265735895e+00,5.6243975227093106e+00,8.1196737861535118e-01,4.7972108792820594e+00,3.8309704482030278e+00,5.6243975227093106e+00,2.3999454609328925e+00,4.7972108792820594e+00,4.7972108792820594e+00,2.3999454609328925e+00,8.1196737861535118e-01,3.8309704482030278e+00,3.8309704482030278e+00,3.8309704482030278e+00,2.3999454609328925e+00,3.8309704482030278e+00,4.7972108792820594e+00,3.8309704482030278e+00,3.8309704482030278e+00,8.1196737861535118e-01,2.3999454609328925e+00,2.3999454609328925e+00,5.6243975227093106e+00,4.7972108792820594e+00,3.8309704482030278e+00,3.8309704482030278e+00,8.1196737861535118e-01,4.7972108792820594e+00,0.0000000000000000e+00,2.3999454609328925e+00,1.6188010615364619e+00,4.7972108792820594e+00,4.7972108792820594e+00,5.6243975227093106e+00,5.6243975227093106e+00,2.3999454609328925e+00,4.7972108792820594e+00,2.3999454609328925e+00,1.6188010615364619e+00,2.3999454609328925e+00,0.0000000000000000e+00,2.3999454609328925e+00,1.6188010615364619e+00,1.6188010615364619e+00,5.6243975227093106e+00,4.7972108792820594e+00,1.6188010615364619e+00,3.8309704482030278e+00,4.7972108792820594e+00,4.7972108792820594e+00,3.8309704482030278e+00,5.6243975227093106e+00,4.7972108792820594e+00,5.6243975227093106e+00,5.6243975227093106e+00,1.6188010615364619e+00,3.2265126265735895e+00,3.8309704482030278e+00,3.2265126265735895e+00,0.0000000000000000e+00,4.7972108792820594e+00,4.7972108792820594e+00,4.7972108792820594e+00,3.8309704482030278e+00,3.8309704482030278e+00,8.1196737861535118e-01,8.1196737861535118e-01,3.8309704482030278e+00,0.0000000000000000e+00,2.3999454609328925e+00,4.7972108792820594e+00,5.6243975227093106e+00,4.7972108792820594e+00,2.3999454609328925e+00,5.6243975227093106e+00,0.0000000000000000e+00,4.7972108792820594e+00,4.7972108792820594e+00,3.8309704482030278e+00,1.6188010615364619e+00,4.7972108792820594e+00,5.6243975227093106e+00,8.1196737861535118e-01,5.6243975227093106e+00,5.6243975227093106e+00,5.6243975227093106e+00,2.3999454609328925e+00,5.6243975227093106e+00,3.8309704482030278e+00,3.8309704482030278e+00,5.6243975227093106e+00,5.6243975227093106e+00,0.0000000000000000e+00,8.1196737861535118e-01,3.2265126265735895e+00,3.2265126265735895e+00,2.3999454609328925e+00,3.8309704482030278e+00,0.0000000000000000e+00,3.8309704482030278e+00,4.7972108792820594e+00,4.7972108792820594e+00,3.8309704482030278e+00,5.6243975227093106e+00,3.8309704482030278e+00,3.8309704482030278e+00,1.6188010615364619e+00,1.6188010615364619e+00,1.6188010615364619e+00,1.6188010615364619e+00,5.6243975227093106e+00,5.6243975227093106e+00,3.2265126265735895e+00,3.8309704482030278e+00,5.6243975227093106e+00,3.8309704482030278e+00,5.6243975227093106e+00,1.6188010615364619e+00,3.8309704482030278e+00,3.8309704482030278e+00,4.7972108792820594e+00,3.8309704482030278e+00,3.2265126265735895e+00,3.8309704482030278e+00,3.8309704482030278e+00,4.7972108792820594e+00,0.0000000000000000e+00,2.3999454609328925e+00,8.1196737861535118e-01,3.2265126265735895e+00,2.3999454609328925e+00,3.8309704482030278e+00,3.8309704482030278e+00,4.7972108792820594e+00,8.1196737861535118e-01,2.3999454609328925e+00,4.7972108792820594e+00,4.7972108792820594e+00,4.7972108792820594e+00,4.7972108792820594e+00,4.7972108792820594e+00,4.7972108792820594e+00,3.8309704482030278e+00,3.8309704482030278e+00,1.6188010615364619e+00,1.6188010615364619e+00,3.8309704482030278e+00,8.1196737861535118e-01,4.7972108792820594e+00,3.2265126265735895e+00,3.8309704482030278e+00,4.7972108792820594e+00,4.7972108792820594e+00,3.8309704482030278e+00,5.6243975227093106e+00,4.7972108792820594e+00,4.7972108792820594e+00,1.6188010615364619e+00,4.7972108792820594e+00,1.6188010615364619e+00,3.2265126265735895e+00,5.6243975227093106e+00,3.2265126265735895e+00,5.6243975227093106e+00,4.7972108792820594e+00,4.7972108792820594e+00,2.3999454609328925e+00,4.7972108792820594e+00,0.0000000000000000e+00,4.7972108792820594e+00,4.7972108792820594e+00,5.6243975227093106e+00,4.7972108792820594e+00,5.6243975227093106e+00,5.6243975227093106e+00,2.3999454609328925e+00,2.3999454609328925e+00,5.6243975227093106e+00,5.6243975227093106e+00,3.8309704482030278e+00,8.1196737861535118e-01,5.6243975227093106e+00,1.6188010615364619e+00,0.0000000000000000e+00,0.0000000000000000e+00,3.2265126265735895e+00,4.7972108792820594e+00,8.1196737861535118e-01,0.0000000000000000e+00,4.7972108792820594e+00,5.6243975227093106e+00,4.7972108792820594e+00,3.8309704482030278e+00,3.8309704482030278e+00,5.6243975227093106e+00,1.6188010615364619e+00,5.6243975227093106e+00,2.3999454609328925e+00,4.7972108792820594e+00,4.7972108792820594e+00,3.2265126265735895e+00,3.2265126265735895e+00,4.7972108792820594e+00,3.2265126265735895e+00,3.8309704482030278e+00,2.3999454609328925e+00,3.2265126265735895e+00,8.1196737861535118e-01,3.2265126265735895e+00,2.3999454609328925e+00,4.7972108792820594e+00,0.0000000000000000e+00,3.8309704482030278e+00,5.6243975227093106e+00,2.3999454609328925e+00,3.8309704482030278e+00,1.6188010615364619e+00,8.1196737861535118e-01,3.2265126265735895e+00,5.6243975227093106e+00,3.2265126265735895e+00,3.8309704482030278e+00,3.2265126265735895e+00,3.8309704482030278e+00,8.1196737861535118e-01,0.0000000000000000e+00,4.7972108792820594e+00,4.7972108792820594e+00,4.7972108792820594e+00,8.1196737861535118e-01,8.1196737861535118e-01,1.6188010615364619e+00,5.6243975227093106e+00,2.3999454609328925e+00,8.1196737861535118e-01,3.8309704482030278e+00,3.2265126265735895e+00,3.2265126265735895e+00,5.6243975227093106e+00,3.2265126265735895e+00,0.0000000000000000e+00,3.2265126265735895e+00,4.7972108792820594e+00,0.0000000000000000e+00,8.1196737861535118e-01,4.7972108792820594e+00,2.3999454609328925e+00,3.8309704482030278e+00,3.2265126265735895e+00,4.7972108792820594e+00,4.7972108792820594e+00,8.1196737861535118e-01,4.7972108792820594e+00,5.6243975227093106e+00,2.3999454609328925e+00,1.6188010615364619e+00,2.3999454609328925e+00,4.7972108792820594e+00,4.7972108792820594e+00,5.6243975227093106e+00,5.6243975227093106e+00,4.7972108792820594e+00,5.6243975227093106e+00,0.0000000000000000e+00,2.3999454609328925e+00,3.2265126265735895e+00,5.6243975227093106e+00,1.6188010615364619e+00,3.2265126265735895e+00,2.3999454609328925e+00,3.2265126265735895e+00,2.3999454609328925e+00,3.2265126265735895e+00,1.6188010615364619e+00,5.6243975227093106e+00,1.6188010615364619e+00,4.7972108792820594e+00,8.1196737861535118e-01,4.7972108792820594e+00,3.2265126265735895e+00,3.2265126265735895e+00,4.7972108792820594e+00,3.2265126265735895e+00,4.7972108792820594e+00,5.6243975227093106e+00,3.2265126265735895e+00,4.7972108792820594e+00,3.2265126265735895e+00,4.7972108792820594e+00,4.7972108792820594e+00,4.7972108792820594e+00,0.0000000000000000e+00,5.6243975227093106e+00,4.7972108792820594e+00,3.2265126265735895e+00,3.2265126265735895e+00,5.6243975227093106e+00,2.3999454609328925e+00,3.8309704482030278e+00,8.1196737861535118e-01,8.1196737861535118e-01,4.7972108792820594e+00,4.7972108792820594e+00,4.7972108792820594e+00,5.6243975227093106e+00,3.2265126265735895e+00,5.6243975227093106e+00,0.0000000000000000e+00,4.7972108792820594e+00,1.6188010615364619e+00,4.7972108792820594e+00,2.3999454609328925e+00,0.0000000000000000e+00,3.2265126265735895e+00,1.6188010615364619e+00,8.1196737861535118e-01,8.1196737861535118e-01,4.7972108792820594e+00,2.3999454609328925e+00,3.8309704482030278e+00,3.8309704482030278e+00,5.6243975227093106e+00,5.6243975227093106e+00,3.8309704482030278e+00,0.0000000000000000e+00,4.7972108792820594e+00,5.6243975227093106e+00,5.6243975227093106e+00,1.6188010615364619e+00,3.8309704482030278e+00,8.1196737861535118e-01,0.0000000000000000e+00,4.7972108792820594e+00,3.2265126265735895e+00,3.2265126265735895e+00,4.7972108792820594e+00,2.3999454609328925e+00,3.2265126265735895e+00,3.2265126265735895e+00,8.1196737861535118e-01,5.6243975227093106e+00,4.7972108792820594e+00,2.3999454609328925e+00,3.8309704482030278e+00,5.6243975227093106e+00,3.2265126265735895e+00,5.6243975227093106e+00,3.8309704482030278e+00,3.2265126265735895e+00,1.6188010615364619e+00,5.6243975227093106e+00,8.1196737861535118e-01,5.6243975227093106e+00,1.6188010615364619e+00,3.8309704482030278e+00,8.1196737861535118e-01,8.1196737861535118e-01,1.6188010615364619e+00,5.6243975227093106e+00,0.0000000000000000e+00,5.6243975227093106e+00,5.6243975227093106e+00,1.6188010615364619e+00,5.6243975227093106e+00,1.6188010615364619e+00,4.7972108792820594e+00,5.6243975227093106e+00,3.2265126265735895e+00,5.6243975227093106e+00,5.6243975227093106e+00,5.6243975227093106e+00,0.0000000000000000e+00,5.6243975227093106e+00,0.0000000000000000e+00,2.3999454609328925e+00,5.6243975227093106e+00,5.6243975227093106e+00,5.6243975227093106e+00,3.2265126265735895e+00,3.2265126265735895e+00,3.2265126265735895e+00,8.1196737861535118e-01,3.2265126265735895e+00,5.6243975227093106e+00,5.6243975227093106e+00,3.8309704482030278e+00,5.6243975227093106e+00,3.8309704482030278e+00,2.3999454609328925e+00,4.7972108792820594e+00,5.6243975227093106e+00,5.6243975227093106e+00,5.6243975227093106e+00,3.8309704482030278e+00,2.3999454609328925e+00,3.8309704482030278e+00,1.6188010615364619e+00,5.6243975227093106e+00,3.8309704482030278e+00,3.8309704482030278e+00,4.7972108792820594e+00,1.6188010615364619e+00,1.6188010615364619e+00,1.6188010615364619e+00,3.2265126265735895e+00,3.8309704482030278e+00,2.3999454609328925e+00,2.3999454609328925e+00,2.3999454609328925e+00,5.6243975227093106e+00,4.7972108792820594e+00,4.7972108792820594e+00,1.6188010615364619e+00,8.1196737861535118e-01,3.8309704482030278e+00,3.8309704482030278e+00,5.6243975227093106e+00,3.8309704482030278e+00,3.2265126265735895e+00,2.3999454609328925e+00,3.8309704482030278e+00,3.8309704482030278e+00,1.6188010615364619e+00,4.7972108792820594e+00,1.6188010615364619e+00,5.6243975227093106e+00,1.6188010615364619e+00,4.7972108792820594e+00,3.2265126265735895e+00,3.8309704482030278e+00,1.6188010615364619e+00,1.6188010615364619e+00,1.6188010615364619e+00,4.7972108792820594e+00,5.6243975227093106e+00,0.0000000000000000e+00,8.1196737861535118e-01,3.2265126265735895e+00,4.7972108792820594e+00,2.3999454609328925e+00,2.3999454609328925e+00,3.8309704482030278e+00,5.6243975227093106e+00,1.6188010615364619e+00,5.6243975227093106e+00,5.6243975227093106e+00,1.6188010615364619e+00,8.1196737861535118e-01,5.6243975227093106e+00,3.8309704482030278e+00,1.6188010615364619e+00,3.8309704482030278e+00,3.8309704482030278e+00,2.3999454609328925e+00,3.8309704482030278e+00,1.6188010615364619e+00,1.6188010615364619e+00,4.7972108792820594e+00,3.8309704482030278e+00,4.7972108792820594e+00,5.6243975227093106e+00,8.1196737861535118e-01,4.7972108792820594e+00,4.7972108792820594e+00,1.6188010615364619e+00,1.6188010615364619e+00,3.2265126265735895e+00,4.7972108792820594e+00,1.6188010615364619e+00,3.2265126265735895e+00,4.7972108792820594e+00,3.8309704482030278e+00,5.6243975227093106e+00,3.8309704482030278e+00,4.7972108792820594e+00,3.8309704482030278e+00,0.0000000000000000e+00,4.7972108792820594e+00,1.6188010615364619e+00,5.6243975227093106e+00,1.6188010615364619e+00,4.7972108792820594e+00,5.6243975227093106e+00,4.7972108792820594e+00,1.6188010615364619e+00,8.1196737861535118e-01,3.8309704482030278e+00,3.8309704482030278e+00,3.8309704482030278e+00,2.3999454609328925e+00,4.7972108792820594e+00,5.6243975227093106e+00,3.8309704482030278e+00,5.6243975227093106e+00,3.8309704482030278e+00,5.6243975227093106e+00,5.6243975227093106e+00,3.8309704482030278e+00,5.6243975227093106e+00,5.6243975227093106e+00,3.8309704482030278e+00,5.6243975227093106e+00,0.0000000000000000e+00,8.1196737861535118e-01,5.6243975227093106e+00,5.6243975227093106e+00,0.0000000000000000e+00,5.6243975227093106e+00,1.6188010615364619e+00,5.6243975227093106e+00,1.6188010615364619e+00,5.6243975227093106e+00,8.1196737861535118e-01,8.1196737861535118e-01,4.7972108792820594e+00,1.6188010615364619e+00,3.2265126265735895e+00,0.0000000000000000e+00,2.3999454609328925e+00,3.2265126265735895e+00,5.6243975227093106e+00,5.6243975227093106e+00,5.6243975227093106e+00,5.6243975227093106e+00,5.6243975227093106e+00,4.7972108792820594e+00,5.6243975227093106e+00,1.6188010615364619e+00,2.3999454609328925e+00,8.1196737861535118e-01,2.3999454609328925e+00,5.6243975227093106e+00,0.0000000000000000e+00,5.6243975227093106e+00,5.6243975227093106e+00,2.3999454609328925e+00,3.8309704482030278e+00,2.3999454609328925e+00,3.8309704482030278e+00,4.7972108792820594e+00,3.8309704482030278e+00,5.6243975227093106e+00,8.1196737861535118e-01,3.2265126265735895e+00,5.6243975227093106e+00,4.7972108792820594e+00,4.7972108792820594e+00,0.0000000000000000e+00,0.0000000000000000e+00,4.7972108792820594e+00,5.6243975227093106e+00,3.8309704482030278e+00,4.7972108792820594e+00,3.2265126265735895e+00,0.0000000000000000e+00,3.2265126265735895e+00,5.6243975227093106e+00,4.7972108792820594e+00,5.6243975227093106e+00,8.1196737861535118e-01,1.6188010615364619e+00,3.2265126265735895e+00,4.7972108792820594e+00,4.7972108792820594e+00,5.6243975227093106e+00,0.0000000000000000e+00,5.6243975227093106e+00,5.6243975227093106e+00,5.6243975227093106e+00,5.6243975227093106e+00,4.7972108792820594e+00,4.7972108792820594e+00,8.1196737861535118e-01,3.8309704482030278e+00,4.7972108792820594e+00,4.7972108792820594e+00,3.2265126265735895e+00,3.2265126265735895e+00,8.1196737861535118e-01,5.6243975227093106e+00,4.7972108792820594e+00,5.6243975227093106e+00,5.6243975227093106e+00,5.6243975227093106e+00,5.6243975227093106e+00,5.6243975227093106e+00,4.7972108792820594e+00,5.6243975227093106e+00,4.7972108792820594e+00,5.6243975227093106e+00,3.8309704482030278e+00,3.8309704482030278e+00,5.6243975227093106e+00,4.7972108792820594e+00,5.6243975227093106e+00,2.3999454609328925e+00,8.1196737861535118e-01,8.1196737861535118e-01,5.6243975227093106e+00,4.7972108792820594e+00,3.2265126265735895e+00,5.6243975227093106e+00,8.1196737861535118e-01,4.7972108792820594e+00,2.3999454609328925e+00,1.6188010615364619e+00,8.1196737861535118e-01,3.2265126265735895e+00,3.2265126265735895e+00,5.6243975227093106e+00,1.6188010615364619e+00,0.0000000000000000e+00,3.2265126265735895e+00,5.6243975227093106e+00,4.7972108792820594e+00,4.7972108792820594e+00,1.6188010615364619e+00,5.6243975227093106e+00,5.6243975227093106e+00,0.0000000000000000e+00,4.7972108792820594e+00,3.8309704482030278e+00,4.7972108792820594e+00,4.7972108792820594e+00,0.0000000000000000e+00,3.8309704482030278e+00,5.6243975227093106e+00,3.2265126265735895e+00,3.8309704482030278e+00,4.7972108792820594e+00,4.7972108792820594e+00,5.6243975227093106e+00,5.6243975227093106e+00,3.8309704482030278e+00,3.8309704482030278e+00,5.6243975227093106e+00,5.6243975227093106e+00,1.6188010615364619e+00,1.6188010615364619e+00,3.2265126265735895e+00,4.7972108792820594e+00,1.6188010615364619e+00,5.6243975227093106e+00,3.8309704482030278e+00,2.3999454609328925e+00,5.6243975227093106e+00,8.1196737861535118e-01,2.3999454609328925e+00,8.1196737861535118e-01,1.6188010615364619e+00,8.1196737861535118e-01,3.8309704482030278e+00,4.7972108792820594e+00,1.6188010615364619e+00,0.0000000000000000e+00,4.7972108792820594e+00,4.7972108792820594e+00,8.1196737861535118e-01,3.2265126265735895e+00,3.8309704482030278e+00,4.7972108792820594e+00,4.7972108792820594e+00,3.2265126265735895e+00,5.6243975227093106e+00,2.3999454609328925e+00,3.2265126265735895e+00,5.6243975227093106e+00,2.3999454609328925e+00,1.6188010615364619e+00,3.2265126265735895e+00,4.7972108792820594e+00,3.2265126265735895e+00,0.0000000000000000e+00,3.8309704482030278e+00,2.3999454609328925e+00,2.3999454609328925e+00,4.7972108792820594e+00,5.6243975227093106e+00,4.7972108792820594e+00,3.8309704482030278e+00,1.6188010615364619e+00,4.7972108792820594e+00,5.6243975227093106e+00,5.6243975227093106e+00,5.6243975227093106e+00,4.7972108792820594e+00,4.7972108792820594e+00,4.7972108792820594e+00,5.6243975227093106e+00,3.8309704482030278e+00,2.3999454609328925e+00,4.7972108792820594e+00,3.8309704482030278e+00,5.6243975227093106e+00,5.6243975227093106e+00,1.6188010615364619e+00,1.6188010615364619e+00,1.6188010615364619e+00,5.6243975227093106e+00,2.3999454609328925e+00,4.7972108792820594e+00,3.2265126265735895e+00,3.8309704482030278e+00,4.7972108792820594e+00,4.7972108792820594e+00,3.2265126265735895e+00,4.7972108792820594e+00,4.7972108792820594e+00,4.7972108792820594e+00,1.6188010615364619e+00,4.7972108792820594e+00,2.3999454609328925e+00,3.8309704482030278e+00,0.0000000000000000e+00,1.6188010615364619e+00,4.7972108792820594e+00,1.6188010615364619e+00,4.7972108792820594e+00,4.7972108792820594e+00,0.0000000000000000e+00,4.7972108792820594e+00,5.6243975227093106e+00,3.8309704482030278e+00,5.6243975227093106e+00,5.6243975227093106e+00,3.8309704482030278e+00,5.6243975227093106e+00,5.6243975227093106e+00,4.7972108792820594e+00,4.7972108792820594e+00,3.2265126265735895e+00,3.2265126265735895e+00,3.2265126265735895e+00,5.6243975227093106e+00,4.7972108792820594e+00,4.7972108792820594e+00,4.7972108792820594e+00,1.6188010615364619e+00,2.3999454609328925e+00,2.3999454609328925e+00,1.6188010615364619e+00,4.7972108792820594e+00,4.7972108792820594e+00,4.7972108792820594e+00,4.7972108792820594e+00,5.6243975227093106e+00,8.1196737861535118e-01,4.7972108792820594e+00,4.7972108792820594e+00,1.6188010615364619e+00,4.7972108792820594e+00,4.7972108792820594e+00,4.7972108792820594e+00,5.6243975227093106e+00,1.6188010615364619e+00,3.2265126265735895e+00,3.8309704482030278e+00,3.8309704482030278e+00,8.1196737861535118e-01,5.6243975227093106e+00,4.7972108792820594e+00,5.6243975227093106e+00,5.6243975227093106e+00,5.6243975227093106e+00,4.7972108792820594e+00,3.2265126265735895e+00,2.3999454609328925e+00,5.6243975227093106e+00,3.8309704482030278e+00,5.6243975227093106e+00,5.6243975227093106e+00,2.3999454609328925e+00,3.2265126265735895e+00,4.7972108792820594e+00,2.3999454609328925e+00,3.8309704482030278e+00,4.7972108792820594e+00,1.6188010615364619e+00,1.6188010615364619e+00,2.3999454609328925e+00,2.3999454609328925e+00,4.7972108792820594e+00,4.7972108792820594e+00,3.8309704482030278e+00,5.6243975227093106e+00,0.0000000000000000e+00,5.6243975227093106e+00,1.6188010615364619e+00,2.3999454609328925e+00,5.6243975227093106e+00,5.6243975227093106e+00,5.6243975227093106e+00,1.6188010615364619e+00,5.6243975227093106e+00,3.8309704482030278e+00,3.8309704482030278e+00,1.6188010615364619e+00,4.7972108792820594e+00,0.0000000000000000e+00,5.6243975227093106e+00,4.7972108792820594e+00,3.2265126265735895e+00,4.7972108792820594e+00,4.7972108792820594e+00,4.7972108792820594e+00,4.7972108792820594e+00,4.7972108792820594e+00,5.6243975227093106e+00,1.6188010615364619e+00,4.7972108792820594e+00,4.7972108792820594e+00,3.8309704482030278e+00,5.6243975227093106e+00,1.6188010615364619e+00,4.7972108792820594e+00,8.1196737861535118e-01,3.8309704482030278e+00,5.6243975227093106e+00,4.7972108792820594e+00,3.2265126265735895e+00,3.2265126265735895e+00,5.6243975227093106e+00,3.2265126265735895e+00,3.2265126265735895e+00,5.6243975227093106e+00,5.6243975227093106e+00,5.6243975227093106e+00,3.2265126265735895e+00,5.6243975227093106e+00,1.6188010615364619e+00,8.1196737861535118e-01,5.6243975227093106e+00,5.6243975227093106e+00,5.6243975227093106e+00,3.8309704482030278e+00,4.7972108792820594e+00,1.6188010615364619e+00,5.6243975227093106e+00,4.7972108792820594e+00,3.2265126265735895e+00,3.8309704482030278e+00,2.3999454609328925e+00,4.7972108792820594e+00,5.6243975227093106e+00,8.1196737861535118e-01,5.6243975227093106e+00,0.0000000000000000e+00,4.7972108792820594e+00,4.7972108792820594e+00,3.2265126265735895e+00,0.0000000000000000e+00,4.7972108792820594e+00,8.1196737861535118e-01,3.2265126265735895e+00,3.8309704482030278e+00,3.2265126265735895e+00,1.6188010615364619e+00,2.3999454609328925e+00,1.6188010615364619e+00,3.8309704482030278e+00,2.3999454609328925e+00,2.3999454609328925e+00,3.8309704482030278e+00,5.6243975227093106e+00,4.7972108792820594e+00,5.6243975227093106e+00,3.2265126265735895e+00,5.6243975227093106e+00,4.7972108792820594e+00,2.3999454609328925e+00,5.6243975227093106e+00,8.1196737861535118e-01,4.7972108792820594e+00,8.1196737861535118e-01,5.6243975227093106e+00,4.7972108792820594e+00
4.2273836713930173e+00,5.6039259672342450e+00,1.4859537672041372e+00,5.6039259672342450e+00,1.4859537672041372e+00,5.6039259672342450e+00,0.0000000000000000e+00,5.6039259672342450e+00,5.6039259672342450e+00,3.5099958442750436e+00,5.6039259672342450e+00,6.6790188940104276e+00,5.6039259672342450e+00,3.5099958442750436e+00,5.6039259672342450e+00,5.6039259672342450e+00,4.2273836713930173e+00,4.2273836713930173e+00,1.4859537672041372e+00,5.6039259672342450e+00,5.6039259672342450e+00,5.6039259672342450e+00,0.0000000000000000e+00,5.6039259672342450e+00,8.2104398569457493e-01,5.6039259672342450e+00,5.6039259672342450e+00,1.4859537672041372e+00,5.6039259672342450e+00,0.0000000000000000e+00,5.6039259672342450e+00,5.6039259672342450e+00,5.6039259672342450e+00,6.6790188940104276e+00,5.6039259672342450e+00,5.6039259672342450e+00,1.4859537672041372e+00,5.6039259672342450e+00,8.2104398569457493e-01,5.6039259672342450e+00,5.6039259672342450e+00,3.5099958442750436e+00,4.2273836713930173e+00,5.6039259672342450e+00,8.2104398569457493e-01,1.4859537672041372e+00,5.6039259672342450e+00,5.6039259672342450e+00,5.6039259672342450e+00,5.6039259672342450e+00,0.0000000000000000e+00,2.2368035426484782e+00,5.6039259672342450e+00,5.6039259672342450e+00,5.6039259672342450e+00,8.2104398569457493e-01,1.4859537672041372e+00,5.6039259672342450e+00,5.6039259672342450e+00,2.2368035426484782e+00,2.2368035426484782e+00,6.6790188940104276e+00,3.5099958442750436e+00,6.6790188940104276e+00,6.6790188940104276e+00,0.0000000000000000e+00,8.2104398569457493e-01,5.6039259672342450e+00,5.6039259672342450e+00,8.2104398569457493e-01,6.6790188940104276e+00,6.6790188940104276e+00,3.5099958442750436e+00,6.6790188940104276e+00,2.2368035426484782e+00,5.6039259672342450e+00,5.6039259672342450e+00,5.6039259672342450e+00,4.2273836713930173e+00,6.6790188940104276e+00,5.6039259672342450e+00,5.6039259672342450e+00,8.2104398569457493e-01,4.2273836713930173e+00,5.6039259672342450e+00,5.6039259672342450e+00,2.2368035426484782e+00,8.2104398569457493e-01,3.5099958442750436e+00,1.4859537672041372e+00,6.6790188940104276e+00,5.6039259672342450e+00,8.2104398569457493e-01,6.6790188940104276e+00,4.2273836713930173e+00,6.6790188940104276e+00,4.2273836713930173e+00,4.2273836713930173e+00,5.6039259672342450e+00,1.4859537672041372e+00,5.6039259672342450e+00,1.4859537672041372e+00,4.2273836713930173e+00,5.6039259672342450e+00,0.0000000000000000e+00,1.4859537672041372e+00,1.4859537672041372e+00,0.0000000000000000e+00,2.2368035426484782e+00,0.0000000000000000e+00,5.6039259672342450e+00,6.6790188940104276e+00,5.6039259672342450e+00,5.6039259672342450e+00,2.2368035426484782e+00,8.2104398569457493e-01,5.6039259672342450e+00,5.6039259672342450e+00,8.2104398569457493e-01,5.6039259672342450e+00,5.6039259672342450e+00,5.6039259672342450e+00,5.6039259672342450e+00,5.6039259672342450e+00,6.6790188940104276e+00,2.2368035426484782e+00,3.5099958442750436e+00,3.5099958442750436e+00,4.2273836713930173e+00,0.0000000000000000e+00,3.5099958442750436e+00,5.6039259672342450e+00,5.6039259672342450e+00,6.6790188940104276e+00,6.6790188940104276e+00,3.5099958442750436e+00,8.2104398569457493e-01,6.6790188940104276e+00,5.6039259672342450e+00,5.6039259672342450e+00,3.5099958442750436e+00,3.5099958442750436e+00,0.0000000000000000e+00,3.5099958442750436e+00,6.6790188940104276e+00,3.5099958442750436e+00,6.6790188940104276e+00,4.2273836713930173e+00,8.2104398569457493e-01,5.6039259672342450e+00,2.2368035426484782e+00,2.2368035426484782e+00,6.6790188940104276e+00,6.6790188940104276e+00,6.6790188940104276e+00,3.5099958442750436e+00,2.2368035426484782e+00,5.6039259672342450e+00,5.6039259672342450e+00,5.6039259672342450e+00,5.6039259672342450e+00,6.6790188940104276e+00,5.6039259672342450e+00,3.5099958442750436e+00,5.6039259672342450e+00,8.2104398569457493e-01,1.4859537672041372e+00,5.6039259672342450e+00,3.5099958442750436e+00,5.6039259672342450e+00,5.6039259672342450e+00,6.6790188940104276e+00,6.6790188940104276e+00,5.6039259672342450e+00,2.2368035426484782e+00,2.2368035426484782e+00,5.6039259672342450e+00,0.0000000000000000e+00,1.4859537672041372e+00,3.5099958442750436e+00,5.6039259672342450e+00,8.2104398569457493e-01,5.6039259672342450e+00,6.6790188940104276e+00,5.6039259672342450e+00,5.6039259672342450e+00,5.6039259672342450e+00,5.6039259672342450e+00,6.6790188940104276e+00,0.0000000000000000e+00,5.6039259672342450e+00,1.4859537672041372e+00,6.6790188940104276e+00,3.5099958442750436e+00,3.5099958442750436e+00,8.2104398569457493e-01,5.6039259672342450e+00,5.6039259672342450e+00,0.0000000000000000e+00,4.2273836713930173e+00,5.6039259672342450e+00,3.5099958442750436e+00,5.6039259672342450e+00,5.6039259672342450e+00,0.0000000000000000e+00,3.5099958442750436e+00,3.5099958442750436e+00,5.6039259672342450e+00,3.5099958442750436e+00,2.2368035426484782e+00,5.6039259672342450e+00,5.6039259672342450e+00,5.6039259672342450e+00,4.2273836713930173e+00,1.4859537672041372e+00,8.2104398569457493e-01,4.2273836713930173e+00,4.2273836713930173e+00,0.0000000000000000e+00,4.2273836713930173e+00,6.6790188940104276e+00,1.4859537672041372e+00,0.0000000000000000e+00,3.5099958442750436e+00,4.2273836713930173e+00,5.6039259672342450e+00,5.6039259672342450e+00,5.6039259672342450e+00,5.6039259672342450e+00,5.6039259672342450e+00,4.2273836713930173e+00,5.6039259672342450e+00,3.5099958442750436e+00,3.5099958442750436e+00,3.5099958442750436e+00,2.2368035426484782e+00,0.0000000000000000e+00,5.6039259672342450e+00,5.6039259672342450e+00,5.6039259672342450e+00,0.0000000000000000e+00,2.2368035426484782e+00,5.6039259672342450e+00,1.4859537672041372e+00,5.6039259672342450e+00,5.6039259672342450e+00,4.2273836713930173e+00,6.6790188940104276e+00,5.6039259672342450e+00,5.6039259672342450e+00,6.6790188940104276e+00,2.2368035426484782e+00,5.6039259672342450e+00,4.2273836713930173e+00,4.2273836713930173e+00,5.6039259672342450e+00,5.6039259672342450e+00,5.6039259672342450e+00,3.5099958442750436e+00,5.6039259672342450e+00,6.6790188940104276e+00,0.0000000000000000e+00,5.6039259672342450e+00,5.6039259672342450e+00,3.5099958442750436e+00,3.5099958442750436e+00,5.6039259672342450e+00,3.5099958442750436e+00,3.5099958442750436e+00,6.6790188940104276e+00,5.6039259672342450e+00,4.2273836713930173e+00,4.2273836713930173e+00,5.6039259672342450e+00,5.6039259672342450e+00,4.2273836713930173e+00,3.5099958442750436e+00,5.6039259672342450e+00,8.2104398569457493e-01,3.5099958442750436e+00,4.2273836713930173e+00,5.6039259672342450e+00,5.6039259672342450e+00,1.4859537672041372e+00,3.5099958442750436e+00,5.6039259672342450e+00,3.5099958442750436e+00,1.4859537672041372e+00,0.0000000000000000e+00,0.0000000000000000e+00,0.0000000000000000e+00,5.6039259672342450e+00,5.6039259672342450e+00,1.4859537672041372e+00,1.4859537672041372e+00,5.6039259672342450e+00,5.6039259672342450e+00,8.2104398569457493e-01,3.5099958442750436e+00,6.6790188940104276e+00,4.2273836713930173e+00,3.5099958442750436e+00,5.6039259672342450e+00,6.6790188940104276e+00,6.6790188940104276e+00,4.2273836713930173e+00,6.6790188940104276e+00,5.6039259672342450e+00,2.2368035426484782e+00,2.2368035426484782e+00,5.6039259672342450e+00,5.6039259672342450e+00,5.6039259672342450e+00,5.6039259672342450e+00,5.6039259672342450e+00,5.6039259672342450e+00,8.2104398569457493e-01,1.4859537672041372e+00,3.5099958442750436e+00,2.2368035426484782e+00,5.6039259672342450e+00,0.0000000000000000e+00,1.4859537672041372e+00,8.2104398569457493e-01,5.6039259672342450e+00,3.5099958442750436e+00,3.5099958442750436e+00,8.2104398569457493e-01,6.6790188940104276e+00,5.6039259672342450e+00,8.2104398569457493e-01,2.2368035426484782e+00,5.6039259672342450e+00,6.6790188940104276e+00,6.6790188940104276e+00,3.5099958442750436e+00,8.2104398569457493e-01,6.6790188940104276e+00,1.4859537672041372e+00,2.2368035426484782e+00,8.2104398569457493e-01,5.6039259672342450e+00,6.6790188940104276e+00,0.0000000000000000e+00,1.4859537672041372e+00,2.2368035426484782e+00,3.5099958442750436e+00,2.2368035426484782e+00,2.2368035426484782e+00,3.5099958442750436e+00,5.6039259672342450e+00,5.6039259672342450e+00,5.6039259672342450e+00,6.6790188940104276e+00,3.5099958442750436e+00,5.6039259672342450e+00,5.6039259672342450e+00,6.6790188940104276e+00,5.6039259672342450e+00,3.5099958442750436e+00,2.2368035426484782e+00,5.6039259672342450e+00,5.6039259672342450e+00,4.2273836713930173e+00,0.0000000000000000e+00,6.6790188940104276e+00,2.2368035426484782e+00,5.6039259672342450e+00,3.5099958442750436e+00,5.6039259672342450e+00,1.4859537672041372e+00,3.5099958442750436e+00,5.6039259672342450e+00,6.6790188940104276e+00,0.0000000000000000e+00,5.6039259672342450e+00,6.6790188940104276e+00,6.6790188940104276e+00,5.6039259672342450e+00,6.6790188940104276e+00,2.2368035426484782e+00,6.6790188940104276e+00,6.6790188940104276e+00,2.2368035426484782e+00,0.0000000000000000e+00,1.4859537672041372e+00,2.2368035426484782e+00,6.6790188940104276e+00,3.5099958442750436e+00,6.6790188940104276e+00,3.5099958442750436e+00,6.6790188940104276e+00,6.6790188940104276e+00,6.6790188940104276e+00,3.5099958442750436e+00,6.6790188940104276e+00,5.6039259672342450e+00,5.6039259672342450e+00,6.6790188940104276e+00,5.6039259672342450e+00,3.5099958442750436e+00,6.6790188940104276e+00,8.2104398569457493e-01,6.6790188940104276e+00,5.6039259672342450e+00,3.5099958442750436e+00,0.0000000000000000e+00,2.2368035426484782e+00,2.2368035426484782e+00,4.2273836713930173e+00,1.4859537672041372e+00,0.0000000000000000e+00,4.2273836713930173e+00,0.0000000000000000e+00,6.6790188940104276e+00,3.5099958442750436e+00,0.0000000000000000e+00,5.6039259672342450e+00,5.6039259672342450e+00,5.6039259672342450e+00,5.6039259672342450e+00,0.0000000000000000e+00,5.6039259672342450e+00,5.6039259672342450e+00,3.5099958442750436e+00,4.2273836713930173e+00,8.2104398569457493e-01,5.6039259672342450e+00,5.6039259672342450e+00,6.6790188940104276e+00,3.5099958442750436e+00,6.6790188940104276e+00,4.2273836713930173e+00,8.2104398569457493e-01,8.2104398569457493e-01,3.5099958442750436e+00,0.0000000000000000e+00,8.2104398569457493e-01,6.6790188940104276e+00,5.6039259672342450e+00,6.6790188940104276e+00,1.4859537672041372e+00,3.5099958442750436e+00,3.5099958442750436e+00,3.5099958442750436e+00,6.6790188940104276e+00,8.2104398569457493e-01,2.2368035426484782e+00,5.6039259672342450e+00,4.2273836713930173e+00,8.2104398569457493e-01,8.2104398569457493e-01,0.0000000000000000e+00,2.2368035426484782e+00,4.2273836713930173e+00,1.4859537672041372e+00,3.5099958442750436e+00,3.5099958442750436e+00,3.5099958442750436e+00,6.6790188940104276e+00,3.5099958442750436e+00,6.6790188940104276e+00,5.6039259672342450e+00,5.6039259672342450e+00,3.5099958442750436e+00,3.5099958442750436e+00,3.5099958442750436e+00,8.2104398569457493e-01,5.6039259672342450e+00,3.5099958442750436e+00,3.5099958442750436e+00,1.4859537672041372e+00,6.6790188940104276e+00,5.6039259672342450e+00,4.2273836713930173e+00,6.6790188940104276e+00,3.5099958442750436e+00,4.2273836713930173e+00,5.6039259672342450e+00,6.6790188940104276e+00,3.5099958442750436e+00,5.6039259672342450e+00,2.2368035426484782e+00,5.6039259672342450e+00,3.5099958442750436e+00,5.6039259672342450e+00,6.6790188940104276e+00,1.4859537672041372e+00,5.6039259672342450e+00,6.6790188940104276e+00,5.6039259672342450e+00,4.2273836713930173e+00,1.4859537672041372e+00,5.6039259672342450e+00,1.4859537672041372e+00,6.6790188940104276e+00,4.2273836713930173e+00,2.2368035426484782e+00,1.4859537672041372e+00,1.4859537672041372e+00,1.4859537672041372e+00,4.2273836713930173e+00,8.2104398569457493e-01,2.2368035426484782e+00,5.6039259672342450e+00,5.6039259672342450e+00,4.2273836713930173e+00,4.2273836713930173e+00,3.5099958442750436e+00,4.2273836713930173e+00,2.2368035426484782e+00,5.6039259672342450e+00,6.6790188940104276e+00,5.6039259672342450e+00,8.2104398569457493e-01,5.6039259672342450e+00,5.6039259672342450e+00,6.6790188940104276e+00,6.6790188940104276e+00,5.6039259672342450e+00,6.6790188940104276e+00,1.4859537672041372e+00,2.2368035426484782e+00,8.2104398569457493e-01,6.6790188940104276e+00,1.4859537672041372e+00,4.2273836713930173e+00,6.6790188940104276e+00,1.4859537672041372e+00,6.6790188940104276e+00,6.6790188940104276e+00,6.6790188940104276e+00,6.6790188940104276e+00,1.4859537672041372e+00,1.4859537672041372e+00,5.6039259672342450e+00,6.6790188940104276e+00,2.2368035426484782e+00,2.2368035426484782e+00,6.6790188940104276e+00,6.6790188940104276e+00,5.6039259672342450e+00,6.6790188940104276e+00,5.6039259672342450e+00,5.6039259672342450e+00,6.6790188940104276e+00,3.5099958442750436e+00,8.2104398569457493e-01,6.6790188940104276e+00,4.2273836713930173e+00,3.5099958442750436e+00,5.6039259672342450e+00,2.2368035426484782e+00,5.6039259672342450e+00,6.6790188940104276e+00,5.6039259672342450e+00,5.6039259672342450e+00,2.2368035426484782e+00,0.0000000000000000e+00,5.6039259672342450e+00,0.0000000000000000e+00,6.6790188940104276e+00,3.5099958442750436e+00,5.6039259672342450e+00,6.6790188940104276e+00,5.6039259672342450e+00,8.2104398569457493e-01,8.2104398569457493e-01,0.0000000000000000e+00,2.2368035426484782e+00,6.6790188940104276e+00,6.6790188940104276e+00,5.6039259672342450e+00,1.4859537672041372e+00,6.6790188940104276e+00,3.5099958442750436e+00,6.6790188940104276e+00,5.6039259672342450e+00,5.6039259672342450e+00,2.2368035426484782e+00,4.2273836713930173e+00,5.6039259672342450e+00,5.6039259672342450e+00,5.6039259672342450e+00,3.5099958442750436e+00,6.6790188940104276e+00,1.4859537672041372e+00,3.5099958442750436e+00,4.2273836713930173e+00,4.2273836713930173e+00,6.6790188940104276e+00,6.6790188940104276e+00,5.6039259672342450e+00,6.6790188940104276e+00,4.2273836713930173e+00,3.5099958442750436e+00,2.2368035426484782e+00,4.2273836713930173e+00,5.6039259672342450e+00,8.2104398569457493e-01,0.0000000000000000e+00,4.2273836713930173e+00,8.2104398569457493e-01,4.2273836713930173e+00,5.6039259672342450e+00,8.2104398569457493e-01,4.2273836713930173e+00,8.2104398569457493e-01,0.0000000000000000e+00,6.6790188940104276e+00,6.6790188940104276e+00,6.6790188940104276e+00,6.6790188940104276e+00,6.6790188940104276e+00,6.6790188940104276e+00,2.2368035426484782e+00,4.2273836713930173e+00,0.0000000000000000e+00,1.4859537672041372e+00,6.6790188940104276e+00,4.2273836713930173e+00,4.2273836713930173e+00,4.2273836713930173e+00,6.6790188940104276e+00,1.4859537672041372e+00,6.6790188940104276e+00,6.6790188940104276e+00,5.6039259672342450e+00,3.5099958442750436e+00,0.0000000000000000e+00,5.6039259672342450e+00,4.2273836713930173e+00,2.2368035426484782e+00,4.2273836713930173e+00,1.4859537672041372e+00,2.2368035426484782e+00,5.6039259672342450e+00,5.6039259672342450e+00,4.2273836713930173e+00,5.6039259672342450e+00,3.5099958442750436e+00,1.4859537672041372e+00,6.6790188940104276e+00,6.6790188940104276e+00,4.2273836713930173e+00,5.6039259672342450e+00,4.2273836713930173e+00,2.2368035426484782e+00,8.2104398569457493e-01,5.6039259672342450e+00,8.2104398569457493e-01,0.0000000000000000e+00,1.4859537672041372e+00,6.6790188940104276e+00,2.2368035426484782e+00,4.2273836713930173e+00,5.6039259672342450e+00,0.0000000000000000e+00,6.6790188940104276e+00,5.6039259672342450e+00,5.6039259672342450e+00,1.4859537672041372e+00,5.6039259672342450e+00,0.0000000000000000e+00,5.6039259672342450e+00,4.2273836713930173e+00,5.6039259672342450e+00,0.0000000000000000e+00,6.6790188940104276e+00,3.5099958442750436e+00,4.2273836713930173e+00,6.6790188940104276e+00,8.2104398569457493e-01,0.0000000000000000e+00,6.6790188940104276e+00,8.2104398569457493e-01,0.0000000000000000e+00,6.6790188940104276e+00,6.6790188940104276e+00,5.6039259672342450e+00,6.6790188940104276e+00,5.6039259672342450e+00,5.6039259672342450e+00,5.6039259672342450e+00,5.6039259672342450e+00,5.6039259672342450e+00,6.6790188940104276e+00,6.6790188940104276e+00,6.6790188940104276e+00,3.5099958442750436e+00,5.6039259672342450e+00,1.4859537672041372e+00,5.6039259672342450e+00,3.5099958442750436e+00,5.6039259672342450e+00,2.2368035426484782e+00,6.6790188940104276e+00,8.2104398569457493e-01,1.4859537672041372e+00,3.5099958442750436e+00,5.6039259672342450e+00,5.6039259672342450e+00,0.0000000000000000e+00,6.6790188940104276e+00,5.6039259672342450e+00,5.6039259672342450e+00,5.6039259672342450e+00,6.6790188940104276e+00,1.4859537672041372e+00,8.2104398569457493e-01,8.2104398569457493e-01,6.6790188940104276e+00,1.4859537672041372e+00,6.6790188940104276e+00,3.5099958442750436e+00,3.5099958442750436e+00,8.2104398569457493e-01,6.6790188940104276e+00,3.5099958442750436e+00,8.2104398569457493e-01,6.6790188940104276e+00,6.6790188940104276e+00,1.4859537672041372e+00,6.6790188940104276e+00,5.6039259672342450e+00,6.6790188940104276e+00,5.6039259672342450e+00,5.6039259672342450e+00,4.2273836713930173e+00,1.4859537672041372e+00,3.5099958442750436e+00,4.2273836713930173e+00,6.6790188940104276e+00,6.6790188940104276e+00,6.6790188940104276e+00,6.6790188940104276e+00,6.6790188940104276e+00,6.6790188940104276e+00,6.6790188940104276e+00,6.6790188940104276e+00,2.2368035426484782e+00,3.5099958442750436e+00,8.2104398569457493e-01,5.6039259672342450e+00,6.6790188940104276e+00,6.6790188940104276e+00,1.4859537672041372e+00,5.6039259672342450e+00,5.6039259672342450e+00,2.2368035426484782e+00,1.4859537672041372e+00,6.6790188940104276e+00,6.6790188940104276e+00,8.2104398569457493e-01,5.6039259672342450e+00,4.2273836713930173e+00,2.2368035426484782e+00,6.6790188940104276e+00,4.2273836713930173e+00,5.6039259672342450e+00,1.4859537672041372e+00,6.6790188940104276e+00,6.6790188940104276e+00,6.6790188940104276e+00,6.6790188940104276e+00,6.6790188940104276e+00,6.6790188940104276e+00,6.6790188940104276e+00,1.4859537672041372e+00,0.0000000000000000e+00,6.6790188940104276e+00,6.6790188940104276e+00,8.2104398569457493e-01,0.0000000000000000e+00,6.6790188940104276e+00,5.6039259672342450e+00,1.4859537672041372e+00,6.6790188940104276e+00,5.6039259672342450e+00,5.6039259672342450e+00,8.2104398569457493e-01,4.2273836713930173e+00,5.6039259672342450e+00,5.6039259672342450e+00,6.6790188940104276e+00,8.2104398569457493e-01,3.5099958442750436e+00,4.2273836713930173e+00,6.6790188940104276e+00,6.6790188940104276e+00,4.2273836713930173e+00,6.6790188940104276e+00,2.2368035426484782e+00,1.4859537672041372e+00,4.2273836713930173e+00,8.2104398569457493e-01,4.2273836713930173e+00,3.5099958442750436e+00,5.6039259672342450e+00,5.6039259672342450e+00,6.6790188940104276e+00,1.4859537672041372e+00,0.0000000000000000e+00,6.6790188940104276e+00,6.6790188940104276e+00,6.6790188940104276e+00,3.5099958442750436e+00,6.6790188940104276e+00,3.5099958442750436e+00,6.6790188940104276e+00,6.6790188940104276e+00,6.6790188940104276e+00,5.6039259672342450e+00,5.6039259672342450e+00,6.6790188940104276e+00,8.2104398569457493e-01,6.6790188940104276e+00,6.6790188940104276e+00,6.6790188940104276e+00,6.6790188940104276e+00,4.2273836713930173e+00,6.6790188940104276e+00,5.6039259672342450e+00,5.6039259672342450e+00,6.6790188940104276e+00,5.6039259672342450e+00,6.6790188940104276e+00,4.2273836713930173e+00,3.5099958442750436e+00,2.2368035426484782e+00,5.6039259672342450e+00,5.6039259672342450e+00,2.2368035426484782e+00,6.6790188940104276e+00,4.2273836713930173e+00,3.5099958442750436e+00,8.2104398569457493e-01,4.2273836713930173e+00,5.6039259672342450e+00,6.6790188940104276e+00,4.2273836713930173e+00,2.2368035426484782e+00,8.2104398569457493e-01,3.5099958442750436e+00,8.2104398569457493e-01,0.0000000000000000e+00,0.0000000000000000e+00,6.6790188940104276e+00,5.6039259672342450e+00,0.0000000000000000e+00,6.6790188940104276e+00,6.6790188940104276e+00,8.2104398569457493e-01,6.6790188940104276e+00,5.6039259672342450e+00,6.6790188940104276e+00,5.6039259672342450e+00,5.6039259672342450e+00,6.6790188940104276e+00,5.6039259672342450e+00,3.5099958442750436e+00,5.6039259672342450e+00,1.4859537672041372e+00,3.5099958442750436e+00,5.6039259672342450e+00,1.4859537672041372e+00,6.6790188940104276e+00,6.6790188940104276e+00,1.4859537672041372e+00,6.6790188940104276e+00,1.4859537672041372e+00,6.6790188940104276e+00,1.4859537672041372e+00,2.2368035426484782e+00,0.0000000000000000e+00,2.2368035426484782e+00,6.6790188940104276e+00,8.2104398569457493e-01,3.5099958442750436e+00,4.2273836713930173e+00,6.6790188940104276e+00,6.6790188940104276e+00,5.6039259672342450e+00,6.6790188940104276e+00,6.6790188940104276e+00,0.0000000000000000e+00,0.0000000000000000e+00,6.6790188940104276e+00,5.6039259672342450e+00,5.6039259672342450e+00,6.6790188940104276e+00,6.6790188940104276e+00,6.6790188940104276e+00,4.2273836713930173e+00,4.2273836713930173e+00,4.2273836713930173e+00,6.6790188940104276e+00,4.2273836713930173e+00,6.6790188940104276e+00,0.0000000000000000e+00,8.2104398569457493e-01,4.2273836713930173e+00,1.4859537672041372e+00,0.0000000000000000e+00,3.5099958442750436e+00,6.6790188940104276e+00,6.6790188940104276e+00,6.6790188940104276e+00,3.5099958442750436e+00,1.4859537672041372e+00,3.5099958442750436e+00,8.2104398569457493e-01,5.6039259672342450e+00,3.5099958442750436e+00,5.6039259672342450e+00,3.5099958442750436e+00,3.5099958442750436e+00,6.6790188940104276e+00,6.6790188940104276e+00,6.6790188940104276e+00,6.6790188940104276e+00,6.6790188940104276e+00,6.6790188940104276e+00,6.6790188940104276e+00,6.6790188940104276e+00,6.6790188940104276e+00,6.6790188940104276e+00,4.2273836713930173e+00,5.6039259672342450e+00,8.2104398569457493e-01,6.6790188940104276e+00,3.5099958442750436e+00,4.2273836713930173e+00,6.6790188940104276e+00,2.2368035426484782e+00,6.6790188940104276e+00,6.6790188940104276e+00,4.2273836713930173e+00,5.6039259672342450e+00,5.6039259672342450e+00,5.6039259672342450e+00,6.6790188940104276e+00,6.6790188940104276e+00,0.0000000000000000e+00,6.6790188940104276e+00,6.6790188940104276e+00,4.2273836713930173e+00,6.6790188940104276e+00,0.0000000000000000e+00,4.2273836713930173e+00,0.0000000000000000e+00,8.2104398569457493e-01,4.2273836713930173e+00,2.2368035426484782e+00,6.6790188940104276e+00,3.5099958442750436e+00,8.2104398569457493e-01,5.6039259672342450e+00,6.6790188940104276e+00,3.5099958442750436e+00,4.2273836713930173e+00,6.6790188940104276e+00,6.6790188940104276e+00,4.2273836713930173e+00,2.2368035426484782e+00,4.2273836713930173e+00,1.4859537672041372e+00,2.2368035426484782e+00,3.5099958442750436e+00,6.6790188940104276e+00,5.6039259672342450e+00,2.2368035426484782e+00,0.0000000000000000e+00,6.6790188940104276e+00,3.5099958442750436e+00,5.6039259672342450e+00,5.6039259672342450e+00,6.6790188940104276e+00,2.2368035426484782e+00,8.2104398569457493e-01,6.6790188940104276e+00,2.2368035426484782e+00,4.2273836713930173e+00,1.4859537672041372e+00,8.2104398569457493e-01,5.6039259672342450e+00,3.5099958442750436e+00,6.6790188940104276e+00,6.6790188940104276e+00,4.2273836713930173e+00,6.6790188940104276e+00,2.2368035426484782e+00,5.6039259672342450e+00,5.6039259672342450e+00,6.6790188940104276e+00,2.2368035426484782e+00,6.6790188940104276e+00,4.2273836713930173e+00,8.2104398569457493e-01,5.6039259672342450e+00
3.0827097248570370e+00,3.0827097248570370e+00,6.5306251009141132e+00,1.6231276430806441e+00,1.6231276430806441e+00,0.0000000000000000e+00,1.6231276430806441e+00,6.5306251009141132e+00,1.6231276430806441e+00,3.9540955756139922e+00,1.6231276430806441e+00,5.8908135700408275e+00,8.3085375770398850e-01,5.8908135700408275e+00,1.6231276430806441e+00,5.8908135700408275e+00,3.0827097248570370e+00,1.6231276430806441e+00,5.8908135700408275e+00,4.7982259171623340e+00,4.7982259171623340e+00,5.8908135700408275e+00,5.8908135700408275e+00,5.8908135700408275e+00,0.0000000000000000e+00,3.9540955756139922e+00,5.8908135700408275e+00,6.5306251009141132e+00,3.9540955756139922e+00,8.3085375770398850e-01,5.8908135700408275e+00,5.8908135700408275e+00,4.7982259171623340e+00,4.7982259171623340e+00,6.5306251009141132e+00,3.9540955756139922e+00,6.5306251009141132e+00,4.7982259171623340e+00,1.6231276430806441e+00,0.0000000000000000e+00,3.9540955756139922e+00,3.9540955756139922e+00,5.8908135700408275e+00,6.5306251009141132e+00,6.5306251009141132e+00,5.8908135700408275e+00,4.7982259171623340e+00,5.8908135700408275e+00,1.6231276430806441e+00,1.6231276430806441e+00,8.3085375770398850e-01,5.8908135700408275e+00,6.5306251009141132e+00,3.9540955756139922e+00,5.8908135700408275e+00,3.9540955756139922e+00,8.3085375770398850e-01,3.9540955756139922e+00,0.0000000000000000e+00,1.6231276430806441e+00,4.7982259171623340e+00,6.5306251009141132e+00,6.5306251009141132e+00,0.0000000000000000e+00,5.8908135700408275e+00,3.0827097248570370e+00,6.5306251009141132e+00,3.9540955756139922e+00,6.5306251009141132e+00,6.5306251009141132e+00,5.8908135700408275e+00,3.9540955756139922e+00,4.7982259171623340e+00,4.7982259171623340e+00,1.6231276430806441e+00,3.9540955756139922e+00,4.7982259171623340e+00,6.5306251009141132e+00,3.0827097248570370e+00,4.7982259171623340e+00,4.7982259171623340e+00,6.5306251009141132e+00,8.3085375770398850e-01,8.3085375770398850e-01,4.7982259171623340e+00,5.8908135700408275e+00,5.8908135700408275e+00,5.8908135700408275e+00,6.5306251009141132e+00,6.5306251009141132e+00,5.8908135700408275e+00,1.6231276430806441e+00,0.0000000000000000e+00,1.6231276430806441e+00,4.7982259171623340e+00,3.9540955756139922e+00,3.9540955756139922e+00,4.7982259171623340e+00,5.8908135700408275e+00,3.9540955756139922e+00,3.9540955756139922e+00,6.5306251009141132e+00,6.5306251009141132e+00,8.3085375770398850e-01,4.7982259171623340e+00,6.5306251009141132e+00,6.5306251009141132e+00,6.5306251009141132e+00,0.0000000000000000e+00,6.5306251009141132e+00,0.0000000000000000e+00,5.8908135700408275e+00,5.8908135700408275e+00,4.7982259171623340e+00,5.8908135700408275e+00,4.7982259171623340e+00,1.6231276430806441e+00,6.5306251009141132e+00,5.8908135700408275e+00,5.8908135700408275e+00,6.5306251009141132e+00,6.5306251009141132e+00,3.9540955756139922e+00,5.8908135700408275e+00,8.3085375770398850e-01,5.8908135700408275e+00,3.9540955756139922e+00,4.7982259171623340e+00,8.3085375770398850e-01,5.8908135700408275e+00,5.8908135700408275e+00,0.0000000000000000e+00,3.0827097248570370e+00,5.8908135700408275e+00,5.8908135700408275e+00,4.7982259171623340e+00,3.0827097248570370e+00,0.0000000000000000e+00,5.8908135700408275e+00,5.8908135700408275e+00,5.8908135700408275e+00,6.5306251009141132e+00,6.5306251009141132e+00,3.9540955756139922e+00,8.3085375770398850e-01,3.9540955756139922e+00,3.9540955756139922e+00,8.3085375770398850e-01,3.9540955756139922e+00,8.3085375770398850e-01,5.8908135700408275e+00,6.5306251009141132e+00,6.5306251009141132e+00,0.0000000000000000e+00,3.9540955756139922e+00,4.7982259171623340e+00,4.7982259171623340e+00,5.8908135700408275e+00,5.8908135700408275e+00,0.0000000000000000e+00,4.7982259171623340e+00,5.8908135700408275e+00,4.7982259171623340e+00,8.3085375770398850e-01,8.3085375770398850e-01,3.0827097248570370e+00,4.7982259171623340e+00,6.5306251009141132e+00,4.7982259171623340e+00,3.9540955756139922e+00,6.5306251009141132e+00,6.5306251009141132e+00,4.7982259171623340e+00,8.3085375770398850e-01,4.7982259171623340e+00,3.0827097248570370e+00,5.8908135700408275e+00,5.8908135700408275e+00,5.8908135700408275e+00,5.8908135700408275e+00,5.8908135700408275e+00,1.6231276430806441e+00,0.0000000000000000e+00,5.8908135700408275e+00,6.5306251009141132e+00,5.8908135700408275e+00,5.8908135700408275e+00,5.8908135700408275e+00,8.3085375770398850e-01,5.8908135700408275e+00,5.8908135700408275e+00,3.9540955756139922e+00,8.3085375770398850e-01,8.3085375770398850e-01,4.7982259171623340e+00,8.3085375770398850e-01,3.0827097248570370e+00,5.8908135700408275e+00,5.8908135700408275e+00,6.5306251009141132e+00,5.8908135700408275e+00,6.5306251009141132e+00,6.5306251009141132e+00,5.8908135700408275e+00,3.9540955756139922e+00,3.9540955756139922e+00,8.3085375770398850e-01,3.9540955756139922e+00,1.6231276430806441e+00,3.0827097248570370e+00,5.8908135700408275e+00,6.5306251009141132e+00,5.8908135700408275e+00,1.6231276430806441e+00,5.8908135700408275e+00,3.9540955756139922e+00,6.5306251009141132e+00,3.9540955756139922e+00,3.0827097248570370e+00,3.0827097248570370e+00,8.3085375770398850e-01,5.8908135700408275e+00,6.5306251009141132e+00,5.8908135700408275e+00,5.8908135700408275e+00,5.8908135700408275e+00,1.6231276430806441e+00,5.8908135700408275e+00,0.0000000000000000e+00,4.7982259171623340e+00,4.7982259171623340e+00,3.9540955756139922e+00,4.7982259171623340e+00,4.7982259171623340e+00,6.5306251009141132e+00,4.7982259171623340e+00,4.7982259171623340e+00,5.8908135700408275e+00,5.8908135700408275e+00,3.0827097248570370e+00,0.0000000000000000e+00,5.8908135700408275e+00,6.5306251009141132e+00,6.5306251009141132e+00,3.9540955756139922e+00,3.9540955756139922e+00,5.8908135700408275e+00,3.9540955756139922e+00,6.5306251009141132e+00,3.9540955756139922e+00,1.6231276430806441e+00,8.3085375770398850e-01,0.0000000000000000e+00,1.6231276430806441e+00,1.6231276430806441e+00,5.8908135700408275e+00,3.9540955756139922e+00,4.7982259171623340e+00,3.9540955756139922e+00,6.5306251009141132e+00,3.9540955756139922e+00,6.5306251009141132e+00,3.9540955756139922e+00,0.0000000000000000e+00,3.9540955756139922e+00,3.9540955756139922e+00,4.7982259171623340e+00,4.7982259171623340e+00,4.7982259171623340e+00,1.6231276430806441e+00,4.7982259171623340e+00,4.7982259171623340e+00,6.5306251009141132e+00,3.9540955756139922e+00,5.8908135700408275e+00,5.8908135700408275e+00,1.6231276430806441e+00,6.5306251009141132e+00,5.8908135700408275e+00,4.7982259171623340e+00,4.7982259171623340e+00,3.0827097248570370e+00,6.5306251009141132e+00,6.5306251009141132e+00,4.7982259171623340e+00,0.0000000000000000e+00,5.8908135700408275e+00,3.0827097248570370e+00,6.5306251009141132e+00,5.8908135700408275e+00,5.8908135700408275e+00,6.5306251009141132e+00,1.6231276430806441e+00,4.7982259171623340e+00,1.6231276430806441e+00,5.8908135700408275e+00,5.8908135700408275e+00,3.9540955756139922e+00,4.7982259171623340e+00,5.8908135700408275e+00,4.7982259171623340e+00,3.0827097248570370e+00,5.8908135700408275e+00,0.0000000000000000e+00,6.5306251009141132e+00,8.3085375770398850e-01,5.8908135700408275e+00,5.8908135700408275e+00,5.8908135700408275e+00,4.7982259171623340e+00,3.0827097248570370e+00,5.8908135700408275e+00,5.8908135700408275e+00,3.9540955756139922e+00,6.5306251009141132e+00,3.9540955756139922e+00,1.6231276430806441e+00,5.8908135700408275e+00,3.0827097248570370e+00,6.5306251009141132e+00,6.5306251009141132e+00,5.8908135700408275e+00,1.6231276430806441e+00,6.5306251009141132e+00,0.0000000000000000e+00,1.6231276430806441e+00,5.8908135700408275e+00,1.6231276430806441e+00,6.5306251009141132e+00,6.5306251009141132e+00,6.5306251009141132e+00,6.5306251009141132e+00,6.5306251009141132e+00,6.5306251009141132e+00,6.5306251009141132e+00,6.5306251009141132e+00,5.8908135700408275e+00,4.7982259171623340e+00,5.8908135700408275e+00,4.7982259171623340e+00,3.9540955756139922e+00,3.9540955756139922e+00,6.5306251009141132e+00,5.8908135700408275e+00,4.7982259171623340e+00,3.9540955756139922e+00,3.9540955756139922e+00,1.6231276430806441e+00,5.8908135700408275e+00,4.7982259171623340e+00,5.8908135700408275e+00,3.0827097248570370e+00,8.3085375770398850e-01,6.5306251009141132e+00,6.5306251009141132e+00,3.0827097248570370e+00,6.5306251009141132e+00,4.7982259171623340e+00,3.0827097248570370e+00,4.7982259171623340e+00,3.0827097248570370e+00,0.0000000000000000e+00,4.7982259171623340e+00,1.6231276430806441e+00,1.6231276430806441e+00,5.8908135700408275e+00,6.5306251009141132e+00,1.6231276430806441e+00,6.5306251009141132e+00,6.5306251009141132e+00,6.5306251009141132e+00,6.5306251009141132e+00,6.5306251009141132e+00,3.9540955756139922e+00,6.5306251009141132e+00,0.0000000000000000e+00,6.5306251009141132e+00,6.5306251009141132e+00,8.3085375770398850e-01,6.5306251009141132e+00,6.5306251009141132e+00,4.7982259171623340e+00,5.8908135700408275e+00,6.5306251009141132e+00,0.0000000000000000e+00,3.9540955756139922e+00,4.7982259171623340e+00,6.5306251009141132e+00,3.0827097248570370e+00,6.5306251009141132e+00,3.0827097248570370e+00,8.3085375770398850e-01,6.5306251009141132e+00,6.5306251009141132e+00,6.5306251009141132e+00,6.5306251009141132e+00,5.8908135700408275e+00,3.9540955756139922e+00,6.5306251009141132e+00,3.0827097248570370e+00,3.9540955756139922e+00,1.6231276430806441e+00,6.5306251009141132e+00,1.6231276430806441e+00,3.9540955756139922e+00,6.5306251009141132e+00,0.0000000000000000e+00,3.9540955756139922e+00,1.6231276430806441e+00,4.7982259171623340e+00,3.9540955756139922e+00,3.9540955756139922e+00,4.7982259171623340e+00,4.7982259171623340e+00,8.3085375770398850e-01,5.8908135700408275e+00,6.5306251009141132e+00,5.8908135700408275e+00,3.9540955756139922e+00,3.9540955756139922e+00,5.8908135700408275e+00,4.7982259171623340e+00,6.5306251009141132e+00,8.3085375770398850e-01,4.7982259171623340e+00,3.9540955756139922e+00,1.6231276430806441e+00,3.9540955756139922e+00,4.7982259171623340e+00,5.8908135700408275e+00,4.7982259171623340e+00,1.6231276430806441e+00,4.7982259171623340e+00,6.5306251009141132e+00,5.8908135700408275e+00,4.7982259171623340e+00,4.7982259171623340e+00,3.9540955756139922e+00,5.8908135700408275e+00,4.7982259171623340e+00,3.0827097248570370e+00,8.3085375770398850e-01,4.7982259171623340e+00,3.9540955756139922e+00,4.7982259171623340e+00,4.7982259171623340e+00,4.7982259171623340e+00,4.7982259171623340e+00,4.7982259171623340e+00,8.3085375770398850e-01,5.8908135700408275e+00,4.7982259171623340e+00,3.0827097248570370e+00,5.8908135700408275e+00,1.6231276430806441e+00,5.8908135700408275e+00,5.8908135700408275e+00,5.8908135700408275e+00,8.3085375770398850e-01,1.6231276430806441e+00,3.9540955756139922e+00,6.5306251009141132e+00,3.9540955756139922e+00,5.8908135700408275e+00,4.7982259171623340e+00,3.9540955756139922e+00,4.7982259171623340e+00,4.7982259171623340e+00,5.8908135700408275e+00,3.9540955756139922e+00,1.6231276430806441e+00,1.6231276430806441e+00,1.6231276430806441e+00,6.5306251009141132e+00,4.7982259171623340e+00,5.8908135700408275e+00,3.9540955756139922e+00,3.0827097248570370e+00,5.8908135700408275e+00,3.9540955756139922e+00,3.9540955756139922e+00,6.5306251009141132e+00,0.0000000000000000e+00,4.7982259171623340e+00,4.7982259171623340e+00,4.7982259171623340e+00,4.7982259171623340e+00,6.5306251009141132e+00,5.8908135700408275e+00,0.0000000000000000e+00,4.7982259171623340e+00,1.6231276430806441e+00,3.0827097248570370e+00,6.5306251009141132e+00,5.8908135700408275e+00,1.6231276430806441e+00,1.6231276430806441e+00,8.3085375770398850e-01,5.8908135700408275e+00,3.9540955756139922e+00,5.8908135700408275e+00,5.8908135700408275e+00,0.0000000000000000e+00,5.8908135700408275e+00,6.5306251009141132e+00,3.9540955756139922e+00,5.8908135700408275e+00,3.9540955756139922e+00,5.8908135700408275e+00,5.8908135700408275e+00,3.9540955756139922e+00,5.8908135700408275e+00,8.3085375770398850e-01,4.7982259171623340e+00,4.7982259171623340e+00,1.6231276430806441e+00,5.8908135700408275e+00,3.0827097248570370e+00,6.5306251009141132e+00,3.9540955756139922e+00,3.9540955756139922e+00,3.9540955756139922e+00,6.5306251009141132e+00,5.8908135700408275e+00,5.8908135700408275e+00,4.7982259171623340e+00,5.8908135700408275e+00,3.0827097248570370e+00,0.0000000000000000e+00,5.8908135700408275e+00,4.7982259171623340e+00,6.5306251009141132e+00,5.8908135700408275e+00,3.0827097248570370e+00,3.0827097248570370e+00,3.0827097248570370e+00,4.7982259171623340e+00,4.7982259171623340e+00,5.8908135700408275e+00,8.3085375770398850e-01,0.0000000000000000e+00,3.0827097248570370e+00,8.3085375770398850e-01,4.7982259171623340e+00,3.0827097248570370e+00,4.7982259171623340e+00,5.8908135700408275e+00,6.5306251009141132e+00,5.8908135700408275e+00,5.8908135700408275e+00,5.8908135700408275e+00,5.8908135700408275e+00,6.5306251009141132e+00,4.7982259171623340e+00,4.7982259171623340e+00,8.3085375770398850e-01,3.0827097248570370e+00,5.8908135700408275e+00,5.8908135700408275e+00,3.0827097248570370e+00,5.8908135700408275e+00,6.5306251009141132e+00,3.0827097248570370e+00,5.8908135700408275e+00,6.5306251009141132e+00,4.7982259171623340e+00,1.6231276430806441e+00,5.8908135700408275e+00,4.7982259171623340e+00,8.3085375770398850e-01,8.3085375770398850e-01,6.5306251009141132e+00,5.8908135700408275e+00,5.8908135700408275e+00,5.8908135700408275e+00,4.7982259171623340e+00,5.8908135700408275e+00,6.5306251009141132e+00,1.6231276430806441e+00,5.8908135700408275e+00,5.8908135700408275e+00,3.0827097248570370e+00,5.8908135700408275e+00,4.7982259171623340e+00,1.6231276430806441e+00,8.3085375770398850e-01,8.3085375770398850e-01,6.5306251009141132e+00,8.3085375770398850e-01,4.7982259171623340e+00,5.8908135700408275e+00,5.8908135700408275e+00,1.6231276430806441e+00,4.7982259171623340e+00,6.5306251009141132e+00,4.7982259171623340e+00,8.3085375770398850e-01,4.7982259171623340e+00,3.9540955756139922e+00,6.5306251009141132e+00,4.7982259171623340e+00,5.8908135700408275e+00,5.8908135700408275e+00,6.5306251009141132e+00,5.8908135700408275e+00,8.3085375770398850e-01,5.8908135700408275e+00,6.5306251009141132e+00,6.5306251009141132e+00,6.5306251009141132e+00,1.6231276430806441e+00,6.5306251009141132e+00,6.5306251009141132e+00,5.8908135700408275e+00,1.6231276430806441e+00,3.0827097248570370e+00,3.0827097248570370e+00,3.9540955756139922e+00,1.6231276430806441e+00,6.5306251009141132e+00,0.0000000000000000e+00,6.5306251009141132e+00,6.5306251009141132e+00,6.5306251009141132e+00,1.6231276430806441e+00,5.8908135700408275e+00,6.5306251009141132e+00,6.5306251009141132e+00,3.9540955756139922e+00,4.7982259171623340e+00,3.0827097248570370e+00,5.8908135700408275e+00,5.8908135700408275e+00,5.8908135700408275e+00,0.0000000000000000e+00,6.5306251009141132e+00,6.5306251009141132e+00,3.0827097248570370e+00,6.5306251009141132e+00,6.5306251009141132e+00,6.5306251009141132e+00,6.5306251009141132e+00,3.9540955756139922e+00,6.5306251009141132e+00,6.5306251009141132e+00,4.7982259171623340e+00,6.5306251009141132e+00,1.6231276430806441e+00,1.6231276430806441e+00,3.0827097248570370e+00,4.7982259171623340e+00,6.5306251009141132e+00,6.5306251009141132e+00,6.5306251009141132e+00,6.5306251009141132e+00,6.5306251009141132e+00,5.8908135700408275e+00,6.5306251009141132e+00,6.5306251009141132e+00,0.0000000000000000e+00,0.0000000000000000e+00,6.5306251009141132e+00,6.5306251009141132e+00,4.7982259171623340e+00,6.5306251009141132e+00,3.0827097248570370e+00,3.9540955756139922e+00,3.9540955756139922e+00,1.6231276430806441e+00,3.9540955756139922e+00,3.0827097248570370e+00,1.6231276430806441e+00,1.6231276430806441e+00,3.9540955756139922e+00,4.7982259171623340e+00,5.8908135700408275e+00,3.0827097248570370e+00,6.5306251009141132e+00,0.0000000000000000e+00,4.7982259171623340e+00,1.6231276430806441e+00,5.8908135700408275e+00,3.0827097248570370e+00,1.6231276430806441e+00,1.6231276430806441e+00,3.0827097248570370e+00,1.6231276430806441e+00,4.7982259171623340e+00,5.8908135700408275e+00,5.8908135700408275e+00,4.7982259171623340e+00,6.5306251009141132e+00,6.5306251009141132e+00,6.5306251009141132e+00,1.6231276430806441e+00,3.0827097248570370e+00,3.0827097248570370e+00,4.7982259171623340e+00,6.5306251009141132e+00,6.5306251009141132e+00,6.5306251009141132e+00,8.3085375770398850e-01,1.6231276430806441e+00,8.3085375770398850e-01,6.5306251009141132e+00,1.6231276430806441e+00,0.0000000000000000e+00,6.5306251009141132e+00,6.5306251009141132e+00,3.9540955756139922e+00,6.5306251009141132e+00,8.3085375770398850e-01,0.0000000000000000e+00,6.5306251009141132e+00,3.9540955756139922e+00,8.3085375770398850e-01,8.3085375770398850e-01,6.5306251009141132e+00,6.5306251009141132e+00,4.7982259171623340e+00,4.7982259171623340e+00,6.5306251009141132e+00,4.7982259171623340e+00,4.7982259171623340e+00,3.0827097248570370e+00,4.7982259171623340e+00,4.7982259171623340e+00,3.0827097248570370e+00,0.0000000000000000e+00,6.5306251009141132e+00,6.5306251009141132e+00,6.5306251009141132e+00,6.5306251009141132e+00,3.9540955756139922e+00,3.0827097248570370e+00,6.5306251009141132e+00,6.5306251009141132e+00,6.5306251009141132e+00,0.0000000000000000e+00,6.5306251009141132e+00,4.7982259171623340e+00,4.7982259171623340e+00,5.8908135700408275e+00,4.7982259171623340e+00,5.8908135700408275e+00,6.5306251009141132e+00,5.8908135700408275e+00,6.5306251009141132e+00,6.5306251009141132e+00,6.5306251009141132e+00,1.6231276430806441e+00,5.8908135700408275e+00,5.8908135700408275e+00,8.3085375770398850e-01,1.6231276430806441e+00,1.6231276430806441e+00,4.7982259171623340e+00,0.0000000000000000e+00,6.5306251009141132e+00,5.8908135700408275e+00,1.6231276430806441e+00,5.8908135700408275e+00,3.0827097248570370e+00,4.7982259171623340e+00,4.7982259171623340e+00,5.8908135700408275e+00,5.8908135700408275e+00,6.5306251009141132e+00,5.8908135700408275e+00,5.8908135700408275e+00,0.0000000000000000e+00,1.6231276430806441e+00,6.5306251009141132e+00,6.5306251009141132e+00,5.8908135700408275e+00,6.5306251009141132e+00,3.0827097248570370e+00,0.0000000000000000e+00,5.8908135700408275e+00,0.0000000000000000e+00,5.8908135700408275e+00,5.8908135700408275e+00,0.0000000000000000e+00,5.8908135700408275e+00,4.7982259171623340e+00,0.0000000000000000e+00,6.5306251009141132e+00,1.6231276430806441e+00,3.0827097248570370e+00,6.5306251009141132e+00,3.9540955756139922e+00,5.8908135700408275e+00,5.8908135700408275e+00,0.0000000000000000e+00,1.6231276430806441e+00,5.8908135700408275e+00,5.8908135700408275e+00,1.6231276430806441e+00,5.8908135700408275e+00,3.9540955756139922e+00,1.6231276430806441e+00,1.6231276430806441e+00,3.9540955756139922e+00,5.8908135700408275e+00,6.5306251009141132e+00,6.5306251009141132e+00,5.8908135700408275e+00,6.5306251009141132e+00,1.6231276430806441e+00,6.5306251009141132e+00,6.5306251009141132e+00,6.5306251009141132e+00,6.5306251009141132e+00,8.3085375770398850e-01,8.3085375770398850e-01,8.3085375770398850e-01,6.5306251009141132e+00,8.3085375770398850e-01,4.7982259171623340e+00,3.9540955756139922e+00,4.7982259171623340e+00,6.5306251009141132e+00,4.7982259171623340e+00,3.0827097248570370e+00,4.7982259171623340e+00,6.5306251009141132e+00,4.7982259171623340e+00,3.0827097248570370e+00,3.0827097248570370e+00,6.5306251009141132e+00,4.7982259171623340e+00,5.8908135700408275e+00,6.5306251009141132e+00,8.3085375770398850e-01,5.8908135700408275e+00,5.8908135700408275e+00,5.8908135700408275e+00,3.9540955756139922e+00,8.3085375770398850e-01,6.5306251009141132e+00,4.7982259171623340e+00,6.5306251009141132e+00,4.7982259171623340e+00,5.8908135700408275e+00,3.0827097248570370e+00,5.8908135700408275e+00,4.7982259171623340e+00,3.0827097248570370e+00,1.6231276430806441e+00,5.8908135700408275e+00,5.8908135700408275e+00,5.8908135700408275e+00,6.5306251009141132e+00,5.8908135700408275e+00,3.0827097248570370e+00,1.6231276430806441e+00,5.8908135700408275e+00,5.8908135700408275e+00,0.0000000000000000e+00,4.7982259171623340e+00,4.7982259171623340e+00,5.8908135700408275e+00,5.8908135700408275e+00,5.8908135700408275e+00,4.7982259171623340e+00,5.8908135700408275e+00,3.9540955756139922e+00,5.8908135700408275e+00,5.8908135700408275e+00,5.8908135700408275e+00,5.8908135700408275e+00,3.0827097248570370e+00,4.7982259171623340e+00,6.5306251009141132e+00,1.6231276430806441e+00,6.5306251009141132e+00,8.3085375770398850e-01,5.8908135700408275e+00,6.5306251009141132e+00,3.9540955756139922e+00,6.5306251009141132e+00,3.0827097248570370e+00,5.8908135700408275e+00,3.9540955756139922e+00,1.6231276430806441e+00,6.5306251009141132e+00,6.5306251009141132e+00,8.3085375770398850e-01,6.5306251009141132e+00,3.0827097248570370e+00,3.9540955756139922e+00,6.5306251009141132e+00,3.9540955756139922e+00,3.0827097248570370e+00,6.5306251009141132e+00,5.8908135700408275e+00,3.9540955756139922e+00,3.0827097248570370e+00,3.0827097248570370e+00,3.0827097248570370e+00,6.5306251009141132e+00,6.5306251009141132e+00,6.5306251009141132e+00,1.6231276430806441e+00,8.3085375770398850e-01,4.7982259171623340e+00,4.7982259171623340e+00,5.8908135700408275e+00,0.0000000000000000e+00,3.9540955756139922e+00,5.8908135700408275e+00,4.7982259171623340e+00,3.9540955756139922e+00,4.7982259171623340e+00,1.6231276430806441e+00,3.0827097248570370e+00,4.7982259171623340e+00,4.7982259171623340e+00,0.0000000000000000e+00,5.8908135700408275e+00,3.9540955756139922e+00,3.9540955756139922e+00,3.9540955756139922e+00,0.0000000000000000e+00,3.0827097248570370e+00,0.0000000000000000e+00,3.0827097248570370e+00,0.0000000000000000e+00,6.5306251009141132e+00,3.9540955756139922e+00,5.8908135700408275e+00,4.7982259171623340e+00,3.9540955756139922e+00,5.8908135700408275e+00,6.5306251009141132e+00,5.8908135700408275e+00,5.8908135700408275e+00,5.8908135700408275e+00,5.8908135700408275e+00,4.7982259171623340e+00,5.8908135700408275e+00,6.5306251009141132e+00,3.9540955756139922e+00,5.8908135700408275e+00,4.7982259171623340e+00,6.5306251009141132e+00,5.8908135700408275e+00,6.5306251009141132e+00,0.0000000000000000e+00,6.5306251009141132e+00,6.5306251009141132e+00,6.5306251009141132e+00,8.3085375770398850e-01,3.9540955756139922e+00,8.3085375770398850e-01,3.0827097248570370e+00,6.5306251009141132e+00,5.8908135700408275e+00,6.5306251009141132e+00,6.5306251009141132e+00,3.0827097248570370e+00,0.0000000000000000e+00,4.7982259171623340e+00,1.6231276430806441e+00,3.9540955756139922e+00,6.5306251009141132e+00,1.6231276430806441e+00,6.5306251009141132e+00,4.7982259171623340e+00,4.7982259171623340e+00,0.0000000000000000e+00,5.8908135700408275e+00,1.6231276430806441e+00,0.0000000000000000e+00,6.5306251009141132e+00,6.5306251009141132e+00,8.3085375770398850e-01,4.7982259171623340e+00,0.0000000000000000e+00,6.5306251009141132e+00,6.5306251009141132e+00,0.0000000000000000e+00,4.7982259171623340e+00,4.7982259171623340e+00,4.7982259171623340e+00,0.0000000000000000e+00,0.0000000000000000e+00,5.8908135700408275e+00,5.8908135700408275e+00,5.8908135700408275e+00,6.5306251009141132e+00,5.8908135700408275e+00,5.8908135700408275e+00,4.7982259171623340e+00,5.8908135700408275e+00,6.5306251009141132e+00,6.5306251009141132e+00,3.0827097248570370e+00,3.0827097248570370e+00,6.5306251009141132e+00
5.4198674865822589e+00,5.4198674865822589e+00,5.4198674865822589e+00,9.2640290495092958e-01,9.2640290495092958e-01,5.4198674865822589e+00,5.4198674865822589e+00,5.4198674865822589e+00,1.6758910371501092e+00,5.4198674865822589e+00,5.4198674865822589e+00,5.8219449760835049e+00,5.4198674865822589e+00,5.4198674865822589e+00,1.6758910371501092e+00,5.8219449760835049e+00,2.7374459244473921e+00,0.0000000000000000e+00,1.6758910371501092e+00,9.2640290495092958e-01,5.4198674865822589e+00,5.4198674865822589e+00,2.7374459244473921e+00,2.7374459244473921e+00,5.4198674865822589e+00,5.8219449760835049e+00,0.0000000000000000e+00,9.2640290495092958e-01,4.3829871190651168e+00,5.8219449760835049e+00,5.4198674865822589e+00,5.4198674865822589e+00,4.3829871190651168e+00,5.8219449760835049e+00,2.7374459244473921e+00,5.8219449760835049e+00,2.7374459244473921e+00,0.0000000000000000e+00,1.6758910371501092e+00,2.7374459244473921e+00,5.4198674865822589e+00,4.3829871190651168e+00,5.4198674865822589e+00,5.8219449760835049e+00,5.8219449760835049e+00,3.6270163558084061e+00,5.8219449760835049e+00,5.4198674865822589e+00,1.6758910371501092e+00,5.8219449760835049e+00,5.8219449760835049e+00,5.4198674865822589e+00,5.8219449760835049e+00,5.8219449760835049e+00,5.4198674865822589e+00,3.6270163558084061e+00,2.7374459244473921e+00,1.6758910371501092e+00,5.4198674865822589e+00,5.4198674865822589e+00,4.3829871190651168e+00,5.4198674865822589e+00,4.3829871190651168e+00,0.0000000000000000e+00,2.7374459244473921e+00,5.8219449760835049e+00,1.6758910371501092e+00,3.6270163558084061e+00,4.3829871190651168e+00,3.6270163558084061e+00,3.6270163558084061e+00,5.8219449760835049e+00,3.6270163558084061e+00,5.4198674865822589e+00,3.6270163558084061e+00,9.2640290495092958e-01,0.0000000000000000e+00,3.6270163558084061e+00,5.8219449760835049e+00,1.6758910371501092e+00,9.2640290495092958e-01,5.4198674865822589e+00,3.6270163558084061e+00,3.6270163558084061e+00,3.6270163558084061e+00,2.7374459244473921e+00,4.3829871190651168e+00,3.6270163558084061e+00,3.6270163558084061e+00,5.8219449760835049e+00,9.2640290495092958e-01,5.4198674865822589e+00,2.7374459244473921e+00,3.6270163558084061e+00,3.6270163558084061e+00,3.6270163558084061e+00,5.8219449760835049e+00,5.8219449760835049e+00,5.8219449760835049e+00,5.8219449760835049e+00,5.8219449760835049e+00,2.7374459244473921e+00,5.8219449760835049e+00,5.8219449760835049e+00,4.3829871190651168e+00,1.6758910371501092e+00,1.6758910371501092e+00,5.4198674865822589e+00,9.2640290495092958e-01,4.3829871190651168e+00,3.6270163558084061e+00,3.6270163558084061e+00,9.2640290495092958e-01,0.0000000000000000e+00,3.6270163558084061e+00,2.7374459244473921e+00,5.4198674865822589e+00,1.6758910371501092e+00,1.6758910371501092e+00,1.6758910371501092e+00,1.6758910371501092e+00,4.3829871190651168e+00,4.3829871190651168e+00,1.6758910371501092e+00,4.3829871190651168e+00,1.6758910371501092e+00,5.4198674865822589e+00,1.6758910371501092e+00,5.4198674865822589e+00,2.7374459244473921e+00,4.3829871190651168e+00,5.4198674865822589e+00,5.8219449760835049e+00,1.6758910371501092e+00,4.3829871190651168e+00,5.8219449760835049e+00,5.8219449760835049e+00,1.6758910371501092e+00,5.8219449760835049e+00,5.8219449760835049e+00,3.6270163558084061e+00,0.0000000000000000e+00,5.8219449760835049e+00,5.8219449760835049e+00,5.8219449760835049e+00,3.6270163558084061e+00,5.4198674865822589e+00,3.6270163558084061e+00,5.4198674865822589e+00,9.2640290495092958e-01,4.3829871190651168e+00,2.7374459244473921e+00,5.8219449760835049e+00,5.4198674865822589e+00,4.3829871190651168e+00,1.6758910371501092e+00,5.8219449760835049e+00,2.7374459244473921e+00,9.2640290495092958e-01,5.8219449760835049e+00,5.8219449760835049e+00,1.6758910371501092e+00,3.6270163558084061e+00,9.2640290495092958e-01,5.8219449760835049e+00,5.8219449760835049e+00,5.8219449760835049e+00,5.8219449760835049e+00,5.8219449760835049e+00,3.6270163558084061e+00,5.8219449760835049e+00,9.2640290495092958e-01,4.3829871190651168e+00,1.6758910371501092e+00,4.3829871190651168e+00,5.4198674865822589e+00,1.6758910371501092e+00,5.4198674865822589e+00,0.0000000000000000e+00,5.4198674865822589e+00,9.2640290495092958e-01,9.2640290495092958e-01,4.3829871190651168e+00,2.7374459244473921e+00,5.8219449760835049e+00,4.3829871190651168e+00,1.6758910371501092e+00,1.6758910371501092e+00,5.8219449760835049e+00,9.2640290495092958e-01,5.8219449760835049e+00,0.0000000000000000e+00,2.7374459244473921e+00,0.0000000000000000e+00,1.6758910371501092e+00,5.4198674865822589e+00,5.8219449760835049e+00,0.0000000000000000e+00,3.6270163558084061e+00,1.6758910371501092e+00,2.7374459244473921e+00,1.6758910371501092e+00,5.4198674865822589e+00,5.4198674865822589e+00,0.0000000000000000e+00,4.3829871190651168e+00,9.2640290495092958e-01,0.0000000000000000e+00,5.4198674865822589e+00,5.8219449760835049e+00,5.4198674865822589e+00,4.3829871190651168e+00,3.6270163558084061e+00,3.6270163558084061e+00,3.6270163558084061e+00,3.6270163558084061e+00,9.2640290495092958e-01,9.2640290495092958e-01,0.0000000000000000e+00,5.4198674865822589e+00,5.8219449760835049e+00,3.6270163558084061e+00,5.8219449760835049e+00,2.7374459244473921e+00,5.4198674865822589e+00,0.0000000000000000e+00,4.3829871190651168e+00,9.2640290495092958e-01,5.8219449760835049e+00,5.8219449760835049e+00,5.8219449760835049e+00,5.8219449760835049e+00,5.8219449760835049e+00,5.8219449760835049e+00,5.8219449760835049e+00,5.4198674865822589e+00,3.6270163558084061e+00,5.4198674865822589e+00,5.4198674865822589e+00,0.0000000000000000e+00,5.8219449760835049e+00,0.0000000000000000e+00,9.2640290495092958e-01,3.6270163558084061e+00,5.4198674865822589e+00,5.8219449760835049e+00,9.2640290495092958e-01,5.4198674865822589e+00,2.7374459244473921e+00,4.3829871190651168e+00,5.4198674865822589e+00,2.7374459244473921e+00,5.4198674865822589e+00,5.4198674865822589e+00,1.6758910371501092e+00,5.4198674865822589e+00,5.8219449760835049e+00,5.4198674865822589e+00,5.8219449760835049e+00,1.6758910371501092e+00,5.4198674865822589e+00,2.7374459244473921e+00,4.3829871190651168e+00,2.7374459244473921e+00,2.7374459244473921e+00,9.2640290495092958e-01,2.7374459244473921e+00,3.6270163558084061e+00,0.0000000000000000e+00,5.4198674865822589e+00,4.3829871190651168e+00,5.8219449760835049e+00,9.2640290495092958e-01,5.8219449760835049e+00,5.8219449760835049e+00,5.8219449760835049e+00,3.6270163558084061e+00,0.0000000000000000e+00,5.4198674865822589e+00,4.3829871190651168e+00,4.3829871190651168e+00,5.8219449760835049e+00,2.7374459244473921e+00,5.8219449760835049e+00,3.6270163558084061e+00,3.6270163558084061e+00,5.8219449760835049e+00,9.2640290495092958e-01,4.3829871190651168e+00,0.0000000000000000e+00,5.4198674865822589e+00,3.6270163558084061e+00,9.2640290495092958e-01,4.3829871190651168e+00,5.8219449760835049e+00,5.8219449760835049e+00,5.8219449760835049e+00,5.8219449760835049e+00,3.6270163558084061e+00,1.6758910371501092e+00,5.8219449760835049e+00,5.8219449760835049e+00,2.7374459244473921e+00,5.4198674865822589e+00,5.4198674865822589e+00,3.6270163558084061e+00,5.8219449760835049e+00,5.8219449760835049e+00,5.8219449760835049e+00,2.7374459244473921e+00,5.8219449760835049e+00,1.6758910371501092e+00,1.6758910371501092e+00,5.8219449760835049e+00,5.8219449760835049e+00,5.8219449760835049e+00,2.7374459244473921e+00,5.8219449760835049e+00,4.3829871190651168e+00,5.8219449760835049e+00,5.8219449760835049e+00,5.8219449760835049e+00,5.8219449760835049e+00,2.7374459244473921e+00,5.8219449760835049e+00,5.4198674865822589e+00,4.3829871190651168e+00,5.8219449760835049e+00,5.4198674865822589e+00,0.0000000000000000e+00,3.6270163558084061e+00,5.8219449760835049e+00,9.2640290495092958e-01,5.4198674865822589e+00,5.8219449760835049e+00,0.0000000000000000e+00,0.0000000000000000e+00,5.8219449760835049e+00,5.8219449760835049e+00,5.4198674865822589e+00,5.8219449760835049e+00,0.0000000000000000e+00,5.8219449760835049e+00,9.2640290495092958e-01,3.6270163558084061e+00,3.6270163558084061e+00,2.7374459244473921e+00,5.4198674865822589e+00,5.8219449760835049e+00,5.4198674865822589e+00,3.6270163558084061e+00,5.8219449760835049e+00,1.6758910371501092e+00,3.6270163558084061e+00,0.0000000000000000e+00,3.6270163558084061e+00,3.6270163558084061e+00,5.4198674865822589e+00,5.4198674865822589e+00,5.4198674865822589e+00,5.4198674865822589e+00,2.7374459244473921e+00,3.6270163558084061e+00,5.4198674865822589e+00,3.6270163558084061e+00,3.6270163558084061e+00,9.2640290495092958e-01,0.0000000000000000e+00,5.8219449760835049e+00,5.8219449760835049e+00,0.0000000000000000e+00,3.6270163558084061e+00,5.8219449760835049e+00,5.8219449760835049e+00,9.2640290495092958e-01,1.6758910371501092e+00,2.7374459244473921e+00,4.3829871190651168e+00,2.7374459244473921e+00,9.2640290495092958e-01,4.3829871190651168e+00,5.8219449760835049e+00,5.8219449760835049e+00,5.8219449760835049e+00,5.8219449760835049e+00,2.7374459244473921e+00,3.6270163558084061e+00,5.8219449760835049e+00,3.6270163558084061e+00,5.8219449760835049e+00,3.6270163558084061e+00,4.3829871190651168e+00,5.8219449760835049e+00,5.8219449760835049e+00,4.3829871190651168e+00,4.3829871190651168e+00,5.8219449760835049e+00,0.0000000000000000e+00,9.2640290495092958e-01,9.2640290495092958e-01,5.8219449760835049e+00,5.8219449760835049e+00,5.8219449760835049e+00,5.8219449760835049e+00,5.8219449760835049e+00,3.6270163558084061e+00,2.7374459244473921e+00,9.2640290495092958e-01,5.8219449760835049e+00,0.0000000000000000e+00,5.8219449760835049e+00,5.8219449760835049e+00,5.4198674865822589e+00,5.8219449760835049e+00,1.6758910371501092e+00,5.4198674865822589e+00,9.2640290495092958e-01,5.4198674865822589e+00,5.4198674865822589e+00,5.4198674865822589e+00,5.4198674865822589e+00,0.0000000000000000e+00,5.8219449760835049e+00,9.2640290495092958e-01,1.6758910371501092e+00,5.4198674865822589e+00,1.6758910371501092e+00,5.4198674865822589e+00,1.6758910371501092e+00,5.8219449760835049e+00,9.2640290495092958e-01,5.8219449760835049e+00,4.3829871190651168e+00,5.8219449760835049e+00,1.6758910371501092e+00,0.0000000000000000e+00,1.6758910371501092e+00,5.4198674865822589e+00,5.4198674865822589e+00,5.8219449760835049e+00,1.6758910371501092e+00,3.6270163558084061e+00,5.8219449760835049e+00,3.6270163558084061e+00,5.8219449760835049e+00,5.8219449760835049e+00,2.7374459244473921e+00,9.2640290495092958e-01,5.4198674865822589e+00,5.4198674865822589e+00,5.8219449760835049e+00,5.8219449760835049e+00,5.8219449760835049e+00,1.6758910371501092e+00,5.8219449760835049e+00,5.4198674865822589e+00,5.8219449760835049e+00,2.7374459244473921e+00,5.8219449760835049e+00,5.8219449760835049e+00,9.2640290495092958e-01,2.7374459244473921e+00,2.7374459244473921e+00,9.2640290495092958e-01,4.3829871190651168e+00,5.8219449760835049e+00,5.8219449760835049e+00,5.8219449760835049e+00,1.6758910371501092e+00,2.7374459244473921e+00,1.6758910371501092e+00,1.6758910371501092e+00,5.8219449760835049e+00,5.8219449760835049e+00,4.3829871190651168e+00,5.8219449760835049e+00,4.3829871190651168e+00,5.8219449760835049e+00,3.6270163558084061e+00,5.8219449760835049e+00,2.7374459244473921e+00,5.8219449760835049e+00,5.8219449760835049e+00,5.8219449760835049e+00,5.4198674865822589e+00,5.8219449760835049e+00,2.7374459244473921e+00,1.6758910371501092e+00,0.0000000000000000e+00,9.2640290495092958e-01,4.3829871190651168e+00,5.8219449760835049e+00,0.0000000000000000e+00,2.7374459244473921e+00,5.8219449760835049e+00,5.8219449760835049e+00,9.2640290495092958e-01,5.4198674865822589e+00,5.8219449760835049e+00,9.2640290495092958e-01,5.8219449760835049e+00,2.7374459244473921e+00,0.0000000000000000e+00,5.4198674865822589e+00,5.8219449760835049e+00,1.6758910371501092e+00,1.6758910371501092e+00,5.8219449760835049e+00,9.2640290495092958e-01,3.6270163558084061e+00,9.2640290495092958e-01,2.7374459244473921e+00,1.6758910371501092e+00,5.4198674865822589e+00,0.0000000000000000e+00,9.2640290495092958e-01,1.6758910371501092e+00,5.4198674865822589e+00,5.8219449760835049e+00,2.7374459244473921e+00,1.6758910371501092e+00,3.6270163558084061e+00,5.4198674865822589e+00,5.4198674865822589e+00,5.4198674865822589e+00,9.2640290495092958e-01,0.0000000000000000e+00,3.6270163558084061e+00,3.6270163558084061e+00,5.8219449760835049e+00,5.4198674865822589e+00,5.8219449760835049e+00,4.3829871190651168e+00,2.7374459244473921e+00,2.7374459244473921e+00,5.4198674865822589e+00,5.4198674865822589e+00,5.4198674865822589e+00,1.6758910371501092e+00,2.7374459244473921e+00,1.6758910371501092e+00,3.6270163558084061e+00,4.3829871190651168e+00,1.6758910371501092e+00,9.2640290495092958e-01,5.8219449760835049e+00,3.6270163558084061e+00,5.8219449760835049e+00,5.8219449760835049e+00,5.8219449760835049e+00,9.2640290495092958e-01,1.6758910371501092e+00,5.8219449760835049e+00,9.2640290495092958e-01,5.4198674865822589e+00,0.0000000000000000e+00,5.8219449760835049e+00,2.7374459244473921e+00,5.4198674865822589e+00,2.7374459244473921e+00,9.2640290495092958e-01,0.0000000000000000e+00,3.6270163558084061e+00,5.4198674865822589e+00,5.4198674865822589e+00,9.2640290495092958e-01,5.8219449760835049e+00,0.0000000000000000e+00,2.7374459244473921e+00,3.6270163558084061e+00,5.4198674865822589e+00,5.8219449760835049e+00,2.7374459244473921e+00,5.4198674865822589e+00,1.6758910371501092e+00,2.7374459244473921e+00,2.7374459244473921e+00,1.6758910371501092e+00,4.3829871190651168e+00,9.2640290495092958e-01,5.8219449760835049e+00,9.2640290495092958e-01,5.4198674865822589e+00,4.3829871190651168e+00,5.8219449760835049e+00,0.0000000000000000e+00,5.4198674865822589e+00,5.4198674865822589e+00,5.8219449760835049e+00,2.7374459244473921e+00,5.4198674865822589e+00,1.6758910371501092e+00,9.2640290495092958e-01,5.4198674865822589e+00,3.6270163558084061e+00,4.3829871190651168e+00,3.6270163558084061e+00,5.4198674865822589e+00,5.4198674865822589e+00,5.8219449760835049e+00,1.6758910371501092e+00,5.4198674865822589e+00,5.4198674865822589e+00,4.3829871190651168e+00,5.4198674865822589e+00,5.4198674865822589e+00,5.4198674865822589e+00,9.2640290495092958e-01,5.8219449760835049e+00,5.8219449760835049e+00,5.8219449760835049e+00,5.8219449760835049e+00,5.8219449760835049e+00,3.6270163558084061e+00,5.4198674865822589e+00,1.6758910371501092e+00,2.7374459244473921e+00,5.8219449760835049e+00,3.6270163558084061e+00,5.8219449760835049e+00,5.8219449760835049e+00,0.0000000000000000e+00,1.6758910371501092e+00,2.7374459244473921e+00,0.0000000000000000e+00,5.8219449760835049e+00,4.3829871190651168e+00,5.8219449760835049e+00,5.8219449760835049e+00,5.4198674865822589e+00,1.6758910371501092e+00,4.3829871190651168e+00,4.3829871190651168e+00,5.8219449760835049e+00,4.3829871190651168e+00,3.6270163558084061e+00,5.8219449760835049e+00,5.4198674865822589e+00,2.7374459244473921e+00,2.7374459244473921e+00,0.0000000000000000e+00,1.6758910371501092e+00,9.2640290495092958e-01,2.7374459244473921e+00,9.2640290495092958e-01,5.8219449760835049e+00,5.4198674865822589e+00,0.0000000000000000e+00,2.7374459244473921e+00,3.6270163558084061e+00,9.2640290495092958e-01,2.7374459244473921e+00,4.3829871190651168e+00,5.8219449760835049e+00,5.4198674865822589e+00,5.8219449760835049e+00,3.6270163558084061e+00,5.4198674865822589e+00,0.0000000000000000e+00,2.7374459244473921e+00,2.7374459244473921e+00,4.3829871190651168e+00,3.6270163558084061e+00,5.8219449760835049e+00,1.6758910371501092e+00,1.6758910371501092e+00,9.2640290495092958e-01,9.2640290495092958e-01,4.3829871190651168e+00,9.2640290495092958e-01,5.4198674865822589e+00,5.4198674865822589e+00,1.6758910371501092e+00,5.4198674865822589e+00,2.7374459244473921e+00,0.0000000000000000e+00,2.7374459244473921e+00,4.3829871190651168e+00,5.8219449760835049e+00,1.6758910371501092e+00,5.8219449760835049e+00,3.6270163558084061e+00,9.2640290495092958e-01,2.7374459244473921e+00,9.2640290495092958e-01,2.7374459244473921e+00,2.7374459244473921e+00,0.0000000000000000e+00,9.2640290495092958e-01,2.7374459244473921e+00,3.6270163558084061e+00,5.4198674865822589e+00,3.6270163558084061e+00,5.4198674865822589e+00,4.3829871190651168e+00,3.6270163558084061e+00,3.6270163558084061e+00,3.6270163558084061e+00,1.6758910371501092e+00,1.6758910371501092e+00,1.6758910371501092e+00,2.7374459244473921e+00,3.6270163558084061e+00,3.6270163558084061e+00,3.6270163558084061e+00,3.6270163558084061e+00,3.6270163558084061e+00,5.8219449760835049e+00,5.8219449760835049e+00,3.6270163558084061e+00,5.8219449760835049e+00,3.6270163558084061e+00,3.6270163558084061e+00,2.7374459244473921e+00,3.6270163558084061e+00,9.2640290495092958e-01,5.4198674865822589e+00,5.4198674865822589e+00,3.6270163558084061e+00,3.6270163558084061e+00,5.4198674865822589e+00,0.0000000000000000e+00,5.8219449760835049e+00,5.8219449760835049e+00,5.8219449760835049e+00,0.0000000000000000e+00,0.0000000000000000e+00,5.8219449760835049e+00,5.8219449760835049e+00,5.8219449760835049e+00,2.7374459244473921e+00,0.0000000000000000e+00,5.8219449760835049e+00,5.8219449760835049e+00,4.3829871190651168e+00,3.6270163558084061e+00,5.4198674865822589e+00,4.3829871190651168e+00,5.4198674865822589e+00,5.8219449760835049e+00,5.4198674865822589e+00,9.2640290495092958e-01,5.8219449760835049e+00,5.8219449760835049e+00,5.8219449760835049e+00,3.6270163558084061e+00,3.6270163558084061e+00,3.6270163558084061e+00,5.8219449760835049e+00,5.8219449760835049e+00,9.2640290495092958e-01,3.6270163558084061e+00,3.6270163558084061e+00,5.8219449760835049e+00,2.7374459244473921e+00,5.4198674865822589e+00,2.7374459244473921e+00,5.8219449760835049e+00,5.4198674865822589e+00,2.7374459244473921e+00,5.4198674865822589e+00,4.3829871190651168e+00,2.7374459244473921e+00,1.6758910371501092e+00,5.4198674865822589e+00,5.8219449760835049e+00,0.0000000000000000e+00,5.8219449760835049e+00,0.0000000000000000e+00,5.8219449760835049e+00,3.6270163558084061e+00,5.4198674865822589e+00,5.4198674865822589e+00,0.0000000000000000e+00,5.4198674865822589e+00,5.4198674865822589e+00,5.8219449760835049e+00,5.8219449760835049e+00,5.8219449760835049e+00,9.2640290495092958e-01,4.3829871190651168e+00,5.4198674865822589e+00,9.2640290495092958e-01,3.6270163558084061e+00,5.4198674865822589e+00,3.6270163558084061e+00,3.6270163558084061e+00,3.6270163558084061e+00,5.8219449760835049e+00,9.2640290495092958e-01,5.8219449760835049e+00,5.8219449760835049e+00,1.6758910371501092e+00,5.4198674865822589e+00,1.6758910371501092e+00,9.2640290495092958e-01,4.3829871190651168e+00,5.4198674865822589e+00,2.7374459244473921e+00,5.4198674865822589e+00,9.2640290495092958e-01,5.4198674865822589e+00,5.8219449760835049e+00,2.7374459244473921e+00,3.6270163558084061e+00,3.6270163558084061e+00,5.4198674865822589e+00,5.8219449760835049e+00,3.6270163558084061e+00,5.8219449760835049e+00,5.8219449760835049e+00,5.4198674865822589e+00,1.6758910371501092e+00,5.8219449760835049e+00,1.6758910371501092e+00,2.7374459244473921e+00,1.6758910371501092e+00,5.4198674865822589e+00,5.4198674865822589e+00,2.7374459244473921e+00,5.8219449760835049e+00,5.8219449760835049e+00,2.7374459244473921e+00,4.3829871190651168e+00,2.7374459244473921e+00,9.2640290495092958e-01,2.7374459244473921e+00,4.3829871190651168e+00,5.4198674865822589e+00,9.2640290495092958e-01,3.6270163558084061e+00,1.6758910371501092e+00,4.3829871190651168e+00,3.6270163558084061e+00,3.6270163558084061e+00,5.4198674865822589e+00,9.2640290495092958e-01,5.4198674865822589e+00,5.4198674865822589e+00,5.8219449760835049e+00,5.4198674865822589e+00,4.3829871190651168e+00,5.8219449760835049e+00,1.6758910371501092e+00,3.6270163558084061e+00,5.4198674865822589e+00,5.8219449760835049e+00,5.4198674865822589e+00,5.4198674865822589e+00,5.4198674865822589e+00,2.7374459244473921e+00,5.8219449760835049e+00,5.8219449760835049e+00,5.8219449760835049e+00,5.8219449760835049e+00,2.7374459244473921e+00,0.0000000000000000e+00,0.0000000000000000e+00,3.6270163558084061e+00,3.6270163558084061e+00,5.8219449760835049e+00,4.3829871190651168e+00,5.8219449760835049e+00,5.8219449760835049e+00,5.4198674865822589e+00,5.4198674865822589e+00,1.6758910371501092e+00,5.8219449760835049e+00,5.8219449760835049e+00,5.8219449760835049e+00,5.8219449760835049e+00,5.8219449760835049e+00,2.7374459244473921e+00,0.0000000000000000e+00,9.2640290495092958e-01,5.8219449760835049e+00,5.4198674865822589e+00,4.3829871190651168e+00,5.8219449760835049e+00,5.4198674865822589e+00,5.8219449760835049e+00,5.4198674865822589e+00,5.8219449760835049e+00,1.6758910371501092e+00,1.6758910371501092e+00,0.0000000000000000e+00,5.8219449760835049e+00,5.8219449760835049e+00,5.8219449760835049e+00,5.8219449760835049e+00,0.0000000000000000e+00,2.7374459244473921e+00,2.7374459244473921e+00,5.8219449760835049e+00,5.4198674865822589e+00,5.8219449760835049e+00,5.8219449760835049e+00,5.8219449760835049e+00,5.8219449760835049e+00,3.6270163558084061e+00,3.6270163558084061e+00,5.8219449760835049e+00,5.8219449760835049e+00,5.8219449760835049e+00,5.8219449760835049e+00,5.8219449760835049e+00,3.6270163558084061e+00,0.0000000000000000e+00,1.6758910371501092e+00,5.4198674865822589e+00,1.6758910371501092e+00,9.2640290495092958e-01,0.0000000000000000e+00,4.3829871190651168e+00,3.6270163558084061e+00,0.0000000000000000e+00,5.8219449760835049e+00,5.4198674865822589e+00,5.8219449760835049e+00,3.6270163558084061e+00,5.4198674865822589e+00,1.6758910371501092e+00,3.6270163558084061e+00,5.8219449760835049e+00,5.4198674865822589e+00,0.0000000000000000e+00,5.8219449760835049e+00,5.8219449760835049e+00,5.8219449760835049e+00,5.8219449760835049e+00,3.6270163558084061e+00,3.6270163558084061e+00,5.8219449760835049e+00,5.4198674865822589e+00,3.6270163558084061e+00,5.8219449760835049e+00,4.3829871190651168e+00,4.3829871190651168e+00,2.7374459244473921e+00,0.0000000000000000e+00,5.8219449760835049e+00,1.6758910371501092e+00,9.2640290495092958e-01,4.3829871190651168e+00,2.7374459244473921e+00,3.6270163558084061e+00,9.2640290495092958e-01,5.8219449760835049e+00,4.3829871190651168e+00,5.8219449760835049e+00,5.8219449760835049e+00,3.6270163558084061e+00,5.8219449760835049e+00,9.2640290495092958e-01,5.4198674865822589e+00,4.3829871190651168e+00,5.8219449760835049e+00,5.8219449760835049e+00,1.6758910371501092e+00,5.8219449760835049e+00,5.8219449760835049e+00,0.0000000000000000e+00,5.8219449760835049e+00,5.4198674865822589e+00,5.4198674865822589e+00,5.4198674865822589e+00,5.4198674865822589e+00,5.4198674865822589e+00,5.8219449760835049e+00,1.6758910371501092e+00,5.8219449760835049e+00,5.8219449760835049e+00,5.4198674865822589e+00,5.4198674865822589e+00,9.2640290495092958e-01,1.6758910371501092e+00,5.8219449760835049e+00,5.8219449760835049e+00,5.8219449760835049e+00,3.6270163558084061e+00,5.4198674865822589e+00,5.4198674865822589e+00,2.7374459244473921e+00,0.0000000000000000e+00,4.3829871190651168e+00,5.8219449760835049e+00,9.2640290495092958e-01,9.2640290495092958e-01,5.8219449760835049e+00,5.8219449760835049e+00,3.6270163558084061e+00,3.6270163558084061e+00,3.6270163558084061e+00,4.3829871190651168e+00,4.3829871190651168e+00,3.6270163558084061e+00,5.4198674865822589e+00,5.4198674865822589e+00,5.8219449760835049e+00,5.4198674865822589e+00
2.8977058614608895e+00,2.8977058614608895e+00,2.8977058614608895e+00,2.8977058614608895e+00,6.3543100621950552e+00,2.8977058614608895e+00,2.8977058614608895e+00,5.3407164681068808e+00,2.8977058614608895e+00,1.0004404484309075e+00,2.8977058614608895e+00,2.8977058614608895e+00,2.8977058614608895e+00,1.0004404484309075e+00,6.3543100621950552e+00,6.3543100621950552e+00,6.3543100621950552e+00,1.0004404484309075e+00,1.0004404484309075e+00,6.3543100621950552e+00,3.5058093746723582e+00,4.6015698768946853e+00,4.6015698768946853e+00,5.3407164681068808e+00,4.6015698768946853e+00,6.3543100621950552e+00,4.6015698768946853e+00,4.6015698768946853e+00,2.8977058614608895e+00,4.6015698768946853e+00,6.3543100621950552e+00,6.3543100621950552e+00,4.6015698768946853e+00,0.0000000000000000e+00,3.5058093746723582e+00,6.3543100621950552e+00,6.3543100621950552e+00,6.3543100621950552e+00,6.3543100621950552e+00,0.0000000000000000e+00,1.9335011822798081e+00,2.8977058614608895e+00,0.0000000000000000e+00,6.3543100621950552e+00,4.6015698768946853e+00,6.3543100621950552e+00,1.9335011822798081e+00,1.9335011822798081e+00,5.3407164681068808e+00,6.3543100621950552e+00,5.3407164681068808e+00,3.5058093746723582e+00,6.3543100621950552e+00,5.3407164681068808e+00,4.6015698768946853e+00,4.6015698768946853e+00,4.6015698768946853e+00,5.3407164681068808e+00,1.0004404484309075e+00,1.0004404484309075e+00,6.3543100621950552e+00,5.3407164681068808e+00,2.8977058614608895e+00,5.3407164681068808e+00,2.8977058614608895e+00,6.3543100621950552e+00,5.3407164681068808e+00,4.6015698768946853e+00,4.6015698768946853e+00,6.3543100621950552e+00,6.3543100621950552e+00,4.6015698768946853e+00,6.3543100621950552e+00,4.6015698768946853e+00,1.9335011822798081e+00,1.9335011822798081e+00,6.3543100621950552e+00,6.3543100621950552e+00,3.5058093746723582e+00,6.3543100621950552e+00,3.5058093746723582e+00,6.3543100621950552e+00,4.6015698768946853e+00,4.6015698768946853e+00,5.3407164681068808e+00,6.3543100621950552e+00,6.3543100621950552e+00,4.6015698768946853e+00,5.3407164681068808e+00,3.5058093746723582e+00,3.5058093746723582e+00,3.5058093746723582e+00,3.5058093746723582e+00,2.8977058614608895e+00,3.5058093746723582e+00,1.9335011822798081e+00,0.0000000000000000e+00,6.3543100621950552e+00,6.3543100621950552e+00,2.8977058614608895e+00,1.9335011822798081e+00,1.0004404484309075e+00,2.8977058614608895e+00,6.3543100621950552e+00,4.6015698768946853e+00,0.0000000000000000e+00,0.0000000000000000e+00,6.3543100621950552e+00,4.6015698768946853e+00,5.3407164681068808e+00,4.6015698768946853e+00,1.9335011822798081e+00,0.0000000000000000e+00,4.6015698768946853e+00,6.3543100621950552e+00,6.3543100621950552e+00,1.9335011822798081e+00,3.5058093746723582e+00,3.5058093746723582e+00,4.6015698768946853e+00,3.5058093746723582e+00,1.9335011822798081e+00,3.5058093746723582e+00,6.3543100621950552e+00,6.3543100621950552e+00,3.5058093746723582e+00,2.8977058614608895e+00,1.9335011822798081e+00,3.5058093746723582e+00,6.3543100621950552e+00,1.0004404484309075e+00,4.6015698768946853e+00,5.3407164681068808e+00,3.5058093746723582e+00,0.0000000000000000e+00,0.0000000000000000e+00,1.9335011822798081e+00,3.5058093746723582e+00,3.5058093746723582e+00,5.3407164681068808e+00,1.0004404484309075e+00,4.6015698768946853e+00,5.3407164681068808e+00,6.3543100621950552e+00,1.9335011822798081e+00,4.6015698768946853e+00,6.3543100621950552e+00,1.9335011822798081e+00,0.0000000000000000e+00,6.3543100621950552e+00,6.3543100621950552e+00,4.6015698768946853e+00,1.0004404484309075e+00,2.8977058614608895e+00,3.5058093746723582e+00,3.5058093746723582e+00,1.9335011822798081e+00,1.0004404484309075e+00,4.6015698768946853e+00,4.6015698768946853e+00,3.5058093746723582e+00,3.5058093746723582e+00,4.6015698768946853e+00,1.0004404484309075e+00,6.3543100621950552e+00,4.6015698768946853e+00,2.8977058614608895e+00,3.5058093746723582e+00,5.3407164681068808e+00,3.5058093746723582e+00,3.5058093746723582e+00,4.6015698768946853e+00,5.3407164681068808e+00,3.5058093746723582e+00,3.5058093746723582e+00,5.3407164681068808e+00,4.6015698768946853e+00,6.3543100621950552e+00,3.5058093746723582e+00,0.0000000000000000e+00,3.5058093746723582e+00,3.5058093746723582e+00,3.5058093746723582e+00,3.5058093746723582e+00,3.5058093746723582e+00,3.5058093746723582e+00,3.5058093746723582e+00,4.6015698768946853e+00,5.3407164681068808e+00,1.9335011822798081e+00,3.5058093746723582e+00,5.3407164681068808e+00,4.6015698768946853e+00,4.6015698768946853e+00,1.0004404484309075e+00,2.8977058614608895e+00,1.9335011822798081e+00,4.6015698768946853e+00,1.0004404484309075e+00,5.3407164681068808e+00,4.6015698768946853e+00,0.0000000000000000e+00,5.3407164681068808e+00,2.8977058614608895e+00,2.8977058614608895e+00,5.3407164681068808e+00,0.0000000000000000e+00,2.8977058614608895e+00,4.6015698768946853e+00,0.0000000000000000e+00,4.6015698768946853e+00,4.6015698768946853e+00,5.3407164681068808e+00,5.3407164681068808e+00,4.6015698768946853e+00,1.0004404484309075e+00,4.6015698768946853e+00,4.6015698768946853e+00,1.0004404484309075e+00,2.8977058614608895e+00,5.3407164681068808e+00,4.6015698768946853e+00,4.6015698768946853e+00,3.5058093746723582e+00,2.8977058614608895e+00,1.0004404484309075e+00,5.3407164681068808e+00,4.6015698768946853e+00,5.3407164681068808e+00,4.6015698768946853e+00,4.6015698768946853e+00,4.6015698768946853e+00,5.3407164681068808e+00,5.3407164681068808e+00,5.3407164681068808e+00,6.3543100621950552e+00,3.5058093746723582e+00,1.0004404484309075e+00,0.0000000000000000e+00,5.3407164681068808e+00,5.3407164681068808e+00,2.8977058614608895e+00,5.3407164681068808e+00,5.3407164681068808e+00,4.6015698768946853e+00,1.9335011822798081e+00,6.3543100621950552e+00,5.3407164681068808e+00,6.3543100621950552e+00,3.5058093746723582e+00,0.0000000000000000e+00,4.6015698768946853e+00,5.3407164681068808e+00,2.8977058614608895e+00,3.5058093746723582e+00,6.3543100621950552e+00,1.0004404484309075e+00,6.3543100621950552e+00,2.8977058614608895e+00,5.3407164681068808e+00,2.8977058614608895e+00,5.3407164681068808e+00,5.3407164681068808e+00,4.6015698768946853e+00,4.6015698768946853e+00,1.9335011822798081e+00,2.8977058614608895e+00,3.5058093746723582e+00,4.6015698768946853e+00,5.3407164681068808e+00,4.6015698768946853e+00,3.5058093746723582e+00,4.6015698768946853e+00,4.6015698768946853e+00,1.9335011822798081e+00,4.6015698768946853e+00,5.3407164681068808e+00,4.6015698768946853e+00,5.3407164681068808e+00,6.3543100621950552e+00,6.3543100621950552e+00,1.0004404484309075e+00,5.3407164681068808e+00,4.6015698768946853e+00,5.3407164681068808e+00,3.5058093746723582e+00,6.3543100621950552e+00,4.6015698768946853e+00,4.6015698768946853e+00,2.8977058614608895e+00,4.6015698768946853e+00,1.0004404484309075e+00,5.3407164681068808e+00,5.3407164681068808e+00,6.3543100621950552e+00,2.8977058614608895e+00,5.3407164681068808e+00,4.6015698768946853e+00,3.5058093746723582e+00,4.6015698768946853e+00,3.5058093746723582e+00,4.6015698768946853e+00,4.6015698768946853e+00,6.3543100621950552e+00,6.3543100621950552e+00,6.3543100621950552e+00,6.3543100621950552e+00,6.3543100621950552e+00,6.3543100621950552e+00,5.3407164681068808e+00,3.5058093746723582e+00,3.5058093746723582e+00,0.0000000000000000e+00,6.3543100621950552e+00,4.6015698768946853e+00,6.3543100621950552e+00,0.0000000000000000e+00,3.5058093746723582e+00,3.5058093746723582e+00,3.5058093746723582e+00,3.5058093746723582e+00,6.3543100621950552e+00,1.9335011822798081e+00,6.3543100621950552e+00,6.3543100621950552e+00,6.3543100621950552e+00,3.5058093746723582e+00,5.3407164681068808e+00,5.3407164681068808e+00,4.6015698768946853e+00,0.0000000000000000e+00,0.0000000000000000e+00,5.3407164681068808e+00,5.3407164681068808e+00,6.3543100621950552e+00,5.3407164681068808e+00,6.3543100621950552e+00,5.3407164681068808e+00,6.3543100621950552e+00,4.6015698768946853e+00,2.8977058614608895e+00,5.3407164681068808e+00,4.6015698768946853e+00,1.9335011822798081e+00,5.3407164681068808e+00,3.5058093746723582e+00,5.3407164681068808e+00,1.9335011822798081e+00,4.6015698768946853e+00,6.3543100621950552e+00,3.5058093746723582e+00,4.6015698768946853e+00,2.8977058614608895e+00,1.9335011822798081e+00,2.8977058614608895e+00,0.0000000000000000e+00,1.9335011822798081e+00,5.3407164681068808e+00,3.5058093746723582e+00,5.3407164681068808e+00,5.3407164681068808e+00,4.6015698768946853e+00,5.3407164681068808e+00,1.9335011822798081e+00,1.9335011822798081e+00,3.5058093746723582e+00,2.8977058614608895e+00,1.0004404484309075e+00,5.3407164681068808e+00,5.3407164681068808e+00,5.3407164681068808e+00,3.5058093746723582e+00,5.3407164681068808e+00,2.8977058614608895e+00,3.5058093746723582e+00,0.0000000000000000e+00,0.0000000000000000e+00,3.5058093746723582e+00,4.6015698768946853e+00,6.3543100621950552e+00,6.3543100621950552e+00,3.5058093746723582e+00,6.3543100621950552e+00,1.0004404484309075e+00,6.3543100621950552e+00,5.3407164681068808e+00,5.3407164681068808e+00,3.5058093746723582e+00,5.3407164681068808e+00,5.3407164681068808e+00,4.6015698768946853e+00,6.3543100621950552e+00,1.0004404484309075e+00,6.3543100621950552e+00,5.3407164681068808e+00,1.9335011822798081e+00,1.9335011822798081e+00,3.5058093746723582e+00,6.3543100621950552e+00,2.8977058614608895e+00,1.0004404484309075e+00,0.0000000000000000e+00,2.8977058614608895e+00,4.6015698768946853e+00,2.8977058614608895e+00,2.8977058614608895e+00,3.5058093746723582e+00,5.3407164681068808e+00,1.0004404484309075e+00,3.5058093746723582e+00,0.0000000000000000e+00,3.5058093746723582e+00,6.3543100621950552e+00,1.0004404484309075e+00,5.3407164681068808e+00,5.3407164681068808e+00,1.0004404484309075e+00,2.8977058614608895e+00,2.8977058614608895e+00,0.0000000000000000e+00,2.8977058614608895e+00,3.5058093746723582e+00,5.3407164681068808e+00,3.5058093746723582e+00,3.5058093746723582e+00,1.9335011822798081e+00,1.9335011822798081e+00,6.3543100621950552e+00,4.6015698768946853e+00,1.9335011822798081e+00,2.8977058614608895e+00,4.6015698768946853e+00,5.3407164681068808e+00,1.0004404484309075e+00,4.6015698768946853e+00,0.0000000000000000e+00,1.0004404484309075e+00,6.3543100621950552e+00,0.0000000000000000e+00,5.3407164681068808e+00,0.0000000000000000e+00,1.9335011822798081e+00,5.3407164681068808e+00,6.3543100621950552e+00,1.9335011822798081e+00,4.6015698768946853e+00,5.3407164681068808e+00,5.3407164681068808e+00,2.8977058614608895e+00,5.3407164681068808e+00,5.3407164681068808e+00,1.9335011822798081e+00,1.9335011822798081e+00,6.3543100621950552e+00,1.0004404484309075e+00,2.8977058614608895e+00,2.8977058614608895e+00,0.0000000000000000e+00,1.9335011822798081e+00,6.3543100621950552e+00,6.3543100621950552e+00,5.3407164681068808e+00,5.3407164681068808e+00,4.6015698768946853e+00,1.9335011822798081e+00,1.9335011822798081e+00,6.3543100621950552e+00,1.9335011822798081e+00,2.8977058614608895e+00,3.5058093746723582e+00,0.0000000000000000e+00,2.8977058614608895e+00,1.9335011822798081e+00,5.3407164681068808e+00,6.3543100621950552e+00,6.3543100621950552e+00,1.0004404484309075e+00,5.3407164681068808e+00,2.8977058614608895e+00,6.3543100621950552e+00,6.3543100621950552e+00,2.8977058614608895e+00,5.3407164681068808e+00,6.3543100621950552e+00,4.6015698768946853e+00,6.3543100621950552e+00,6.3543100621950552e+00,4.6015698768946853e+00,4.6015698768946853e+00,6.3543100621950552e+00,1.9335011822798081e+00,5.3407164681068808e+00,0.0000000000000000e+00,5.3407164681068808e+00,5.3407164681068808e+00,6.3543100621950552e+00,5.3407164681068808e+00,6.3543100621950552e+00,5.3407164681068808e+00,1.0004404484309075e+00,6.3543100621950552e+00,2.8977058614608895e+00,1.9335011822798081e+00,6.3543100621950552e+00,2.8977058614608895e+00,6.3543100621950552e+00,6.3543100621950552e+00,6.3543100621950552e+00,6.3543100621950552e+00,2.8977058614608895e+00,6.3543100621950552e+00,5.3407164681068808e+00,6.3543100621950552e+00,0.0000000000000000e+00,5.3407164681068808e+00,5.3407164681068808e+00,3.5058093746723582e+00,3.5058093746723582e+00,5.3407164681068808e+00,5.3407164681068808e+00,1.0004404484309075e+00,3.5058093746723582e+00,6.3543100621950552e+00,6.3543100621950552e+00,1.0004404484309075e+00,3.5058093746723582e+00,5.3407164681068808e+00,4.6015698768946853e+00,6.3543100621950552e+00,4.6015698768946853e+00,4.6015698768946853e+00,1.9335011822798081e+00,5.3407164681068808e+00,3.5058093746723582e+00,4.6015698768946853e+00,4.6015698768946853e+00,6.3543100621950552e+00,5.3407164681068808e+00,3.5058093746723582e+00,6.3543100621950552e+00,4.6015698768946853e+00,5.3407164681068808e+00,5.3407164681068808e+00,5.3407164681068808e+00,5.3407164681068808e+00,0.0000000000000000e+00,0.0000000000000000e+00,1.0004404484309075e+00,6.3543100621950552e+00,6.3543100621950552e+00,6.3543100621950552e+00,3.5058093746723582e+00,5.3407164681068808e+00,5.3407164681068808e+00,2.8977058614608895e+00,5.3407164681068808e+00,1.9335011822798081e+00,1.9335011822798081e+00,1.0004404484309075e+00,1.0004404484309075e+00,6.3543100621950552e+00,1.9335011822798081e+00,4.6015698768946853e+00,5.3407164681068808e+00,3.5058093746723582e+00,5.3407164681068808e+00,5.3407164681068808e+00,4.6015698768946853e+00,0.0000000000000000e+00,5.3407164681068808e+00,5.3407164681068808e+00,6.3543100621950552e+00,5.3407164681068808e+00,6.3543100621950552e+00,6.3543100621950552e+00,6.3543100621950552e+00,5.3407164681068808e+00,5.3407164681068808e+00,6.3543100621950552e+00,6.3543100621950552e+00,1.0004404484309075e+00,5.3407164681068808e+00,6.3543100621950552e+00,5.3407164681068808e+00,0.0000000000000000e+00,5.3407164681068808e+00,5.3407164681068808e+00,5.3407164681068808e+00,2.8977058614608895e+00,5.3407164681068808e+00,2.8977058614608895e+00,5.3407164681068808e+00,6.3543100621950552e+00,6.3543100621950552e+00,5.3407164681068808e+00,0.0000000000000000e+00,0.0000000000000000e+00,3.5058093746723582e+00,5.3407164681068808e+00,1.9335011822798081e+00,5.3407164681068808e+00,2.8977058614608895e+00,1.0004404484309075e+00,6.3543100621950552e+00,4.6015698768946853e+00,6.3543100621950552e+00,5.3407164681068808e+00,4.6015698768946853e+00,4.6015698768946853e+00,1.9335011822798081e+00,5.3407164681068808e+00,3.5058093746723582e+00,5.3407164681068808e+00,6.3543100621950552e+00,1.0004404484309075e+00,5.3407164681068808e+00,5.3407164681068808e+00,6.3543100621950552e+00,6.3543100621950552e+00,6.3543100621950552e+00,5.3407164681068808e+00,6.3543100621950552e+00,5.3407164681068808e+00,5.3407164681068808e+00,6.3543100621950552e+00,3.5058093746723582e+00,3.5058093746723582e+00,4.6015698768946853e+00,5.3407164681068808e+00,5.3407164681068808e+00,3.5058093746723582e+00,4.6015698768946853e+00,5.3407164681068808e+00,4.6015698768946853e+00,4.6015698768946853e+00,5.3407164681068808e+00,5.3407164681068808e+00,5.3407164681068808e+00,6.3543100621950552e+00,6.3543100621950552e+00,6.3543100621950552e+00,6.3543100621950552e+00,1.0004404484309075e+00,0.0000000000000000e+00,5.3407164681068808e+00,3.5058093746723582e+00,4.6015698768946853e+00,1.0004404484309075e+00,4.6015698768946853e+00,3.5058093746723582e+00,6.3543100621950552e+00,5.3407164681068808e+00,5.3407164681068808e+00,5.3407164681068808e+00,4.6015698768946853e+00,3.5058093746723582e+00,5.3407164681068808e+00,1.9335011822798081e+00,6.3543100621950552e+00,6.3543100621950552e+00,2.8977058614608895e+00,4.6015698768946853e+00,1.0004404484309075e+00,4.6015698768946853e+00,1.9335011822798081e+00,5.3407164681068808e+00,4.6015698768946853e+00,4.6015698768946853e+00,4.6015698768946853e+00,5.3407164681068808e+00,4.6015698768946853e+00,2.8977058614608895e+00,2.8977058614608895e+00,0.0000000000000000e+00,2.8977058614608895e+00,3.5058093746723582e+00,3.5058093746723582e+00,1.0004404484309075e+00,2.8977058614608895e+00,3.5058093746723582e+00,5.3407164681068808e+00,1.9335011822798081e+00,3.5058093746723582e+00,4.6015698768946853e+00,3.5058093746723582e+00,3.5058093746723582e+00,1.0004404484309075e+00,5.3407164681068808e+00,5.3407164681068808e+00,1.9335011822798081e+00,1.9335011822798081e+00,0.0000000000000000e+00,4.6015698768946853e+00,4.6015698768946853e+00,4.6015698768946853e+00,4.6015698768946853e+00,4.6015698768946853e+00,3.5058093746723582e+00,5.3407164681068808e+00,4.6015698768946853e+00,5.3407164681068808e+00,2.8977058614608895e+00,5.3407164681068808e+00,4.6015698768946853e+00,3.5058093746723582e+00,5.3407164681068808e+00,4.6015698768946853e+00,6.3543100621950552e+00,1.9335011822798081e+00,4.6015698768946853e+00,5.3407164681068808e+00,5.3407164681068808e+00,6.3543100621950552e+00,6.3543100621950552e+00,5.3407164681068808e+00,6.3543100621950552e+00,6.3543100621950552e+00,1.0004404484309075e+00,6.3543100621950552e+00,6.3543100621950552e+00,6.3543100621950552e+00,3.5058093746723582e+00,3.5058093746723582e+00,1.0004404484309075e+00,1.9335011822798081e+00,5.3407164681068808e+00,3.5058093746723582e+00,1.9335011822798081e+00,4.6015698768946853e+00,2.8977058614608895e+00,4.6015698768946853e+00,5.3407164681068808e+00,2.8977058614608895e+00,3.5058093746723582e+00,5.3407164681068808e+00,5.3407164681068808e+00,2.8977058614608895e+00,5.3407164681068808e+00,3.5058093746723582e+00,1.0004404484309075e+00,3.5058093746723582e+00,5.3407164681068808e+00,5.3407164681068808e+00,4.6015698768946853e+00,3.5058093746723582e+00,5.3407164681068808e+00,5.3407164681068808e+00,3.5058093746723582e+00,1.0004404484309075e+00,1.0004404484309075e+00,1.0004404484309075e+00,6.3543100621950552e+00,0.0000000000000000e+00,6.3543100621950552e+00,0.0000000000000000e+00,6.3543100621950552e+00,5.3407164681068808e+00,5.3407164681068808e+00,1.9335011822798081e+00,6.3543100621950552e+00,5.3407164681068808e+00,6.3543100621950552e+00,5.3407164681068808e+00,1.0004404484309075e+00,5.3407164681068808e+00,6.3543100621950552e+00,6.3543100621950552e+00,0.0000000000000000e+00,5.3407164681068808e+00,5.3407164681068808e+00,2.8977058614608895e+00,6.3543100621950552e+00,5.3407164681068808e+00,5.3407164681068808e+00,6.3543100621950552e+00,2.8977058614608895e+00,2.8977058614608895e+00,0.0000000000000000e+00,3.5058093746723582e+00,0.0000000000000000e+00,1.9335011822798081e+00,1.9335011822798081e+00,1.9335011822798081e+00,6.3543100621950552e+00,2.8977058614608895e+00,6.3543100621950552e+00,6.3543100621950552e+00,6.3543100621950552e+00,2.8977058614608895e+00,5.3407164681068808e+00,6.3543100621950552e+00,1.9335011822798081e+00,2.8977058614608895e+00,2.8977058614608895e+00,3.5058093746723582e+00,3.5058093746723582e+00,1.0004404484309075e+00,1.0004404484309075e+00,2.8977058614608895e+00,6.3543100621950552e+00,1.0004404484309075e+00,0.0000000000000000e+00,6.3543100621950552e+00,1.0004404484309075e+00,1.9335011822798081e+00,1.9335011822798081e+00,5.3407164681068808e+00,5.3407164681068808e+00,3.5058093746723582e+00,5.3407164681068808e+00,1.9335011822798081e+00,5.3407164681068808e+00,2.8977058614608895e+00,1.9335011822798081e+00,6.3543100621950552e+00,6.3543100621950552e+00,2.8977058614608895e+00,5.3407164681068808e+00,1.9335011822798081e+00,2.8977058614608895e+00,6.3543100621950552e+00,6.3543100621950552e+00,1.0004404484309075e+00,3.5058093746723582e+00,1.0004404484309075e+00,0.0000000000000000e+00,3.5058093746723582e+00,3.5058093746723582e+00,0.0000000000000000e+00,1.9335011822798081e+00,6.3543100621950552e+00,1.9335011822798081e+00,1.0004404484309075e+00,5.3407164681068808e+00,5.3407164681068808e+00,5.3407164681068808e+00,6.3543100621950552e+00,0.0000000000000000e+00,2.8977058614608895e+00,1.0004404484309075e+00,2.8977058614608895e+00,3.5058093746723582e+00,5.3407164681068808e+00,0.0000000000000000e+00,1.9335011822798081e+00,6.3543100621950552e+00,2.8977058614608895e+00,5.3407164681068808e+00,3.5058093746723582e+00,2.8977058614608895e+00,1.9335011822798081e+00,5.3407164681068808e+00,3.5058093746723582e+00,3.5058093746723582e+00,4.6015698768946853e+00,3.5058093746723582e+00,0.0000000000000000e+00,1.0004404484309075e+00,6.3543100621950552e+00,3.5058093746723582e+00,1.0004404484309075e+00,3.5058093746723582e+00,5.3407164681068808e+00,5.3407164681068808e+00,2.8977058614608895e+00,2.8977058614608895e+00,6.3543100621950552e+00,1.9335011822798081e+00,5.3407164681068808e+00,3.5058093746723582e+00,1.0004404484309075e+00,5.3407164681068808e+00,0.0000000000000000e+00,1.9335011822798081e+00,2.8977058614608895e+00,5.3407164681068808e+00,5.3407164681068808e+00,5.3407164681068808e+00,6.3543100621950552e+00,0.0000000000000000e+00,5.3407164681068808e+00,1.9335011822798081e+00,6.3543100621950552e+00,6.3543100621950552e+00,6.3543100621950552e+00,1.0004404484309075e+00,5.3407164681068808e+00,6.3543100621950552e+00,0.0000000000000000e+00,5.3407164681068808e+00,6.3543100621950552e+00,0.0000000000000000e+00,5.3407164681068808e+00,5.3407164681068808e+00,6.3543100621950552e+00,6.3543100621950552e+00,4.6015698768946853e+00,6.3543100621950552e+00,5.3407164681068808e+00,1.0004404484309075e+00,6.3543100621950552e+00,5.3407164681068808e+00,6.3543100621950552e+00,6.3543100621950552e+00,1.9335011822798081e+00,2.8977058614608895e+00,2.8977058614608895e+00,5.3407164681068808e+00,2.8977058614608895e+00,1.9335011822798081e+00,0.0000000000000000e+00,0.0000000000000000e+00,6.3543100621950552e+00,6.3543100621950552e+00,6.3543100621950552e+00,5.3407164681068808e+00,1.0004404484309075e+00,2.8977058614608895e+00,0.0000000000000000e+00,0.0000000000000000e+00,0.0000000000000000e+00,6.3543100621950552e+00,1.0004404484309075e+00,5.3407164681068808e+00,5.3407164681068808e+00,3.5058093746723582e+00,6.3543100621950552e+00,3.5058093746723582e+00,6.3543100621950552e+00,6.3543100621950552e+00,1.9335011822798081e+00,3.5058093746723582e+00,5.3407164681068808e+00,6.3543100621950552e+00,1.9335011822798081e+00,4.6015698768946853e+00,1.0004404484309075e+00,0.0000000000000000e+00,1.9335011822798081e+00,3.5058093746723582e+00,6.3543100621950552e+00,6.3543100621950552e+00,6.3543100621950552e+00,6.3543100621950552e+00,4.6015698768946853e+00,1.9335011822798081e+00,5.3407164681068808e+00,5.3407164681068808e+00,0.0000000000000000e+00,3.5058093746723582e+00,4.6015698768946853e+00,2.8977058614608895e+00,5.3407164681068808e+00,3.5058093746723582e+00,6.3543100621950552e+00,6.3543100621950552e+00,6.3543100621950552e+00,5.3407164681068808e+00,2.8977058614608895e+00,5.3407164681068808e+00,6.3543100621950552e+00,6.3543100621950552e+00,6.3543100621950552e+00,2.8977058614608895e+00,1.0004404484309075e+00,3.5058093746723582e+00,3.5058093746723582e+00,5.3407164681068808e+00,1.0004404484309075e+00,4.6015698768946853e+00,6.3543100621950552e+00,2.8977058614608895e+00,5.3407164681068808e+00,5.3407164681068808e+00,6.3543100621950552e+00,1.0004404484309075e+00,5.3407164681068808e+00,5.3407164681068808e+00,5.3407164681068808e+00,1.9335011822798081e+00,6.3543100621950552e+00,6.3543100621950552e+00,5.3407164681068808e+00,5.3407164681068808e+00,0.0000000000000000e+00,4.6015698768946853e+00,3.5058093746723582e+00,5.3407164681068808e+00,2.8977058614608895e+00,4.6015698768946853e+00,3.5058093746723582e+00,0.0000000000000000e+00,3.5058093746723582e+00,1.9335011822798081e+00,5.3407164681068808e+00,1.9335011822798081e+00,5.3407164681068808e+00,5.3407164681068808e+00,1.0004404484309075e+00,4.6015698768946853e+00
6.5219683838118137e+00,1.7648408100065709e+00,1.7648408100065709e+00,5.7248152122417437e+00,5.7248152122417437e+00,5.7248152122417437e+00,5.7248152122417437e+00,5.7248152122417437e+00,2.9811439626995666e+00,5.7248152122417437e+00,5.7248152122417437e+00,5.7248152122417437e+00,9.6763801374844138e-01,5.7248152122417437e+00,5.7248152122417437e+00,5.7248152122417437e+00,5.7248152122417437e+00,5.7248152122417437e+00,5.7248152122417437e+00,4.7385815880256050e+00,4.7385815880256050e+00,4.7385815880256050e+00,5.7248152122417437e+00,5.7248152122417437e+00,5.7248152122417437e+00,9.6763801374844138e-01,0.0000000000000000e+00,9.6763801374844138e-01,5.7248152122417437e+00,5.7248152122417437e+00,5.7248152122417437e+00,3.7006057004727309e+00,5.7248152122417437e+00,5.7248152122417437e+00,5.7248152122417437e+00,5.7248152122417437e+00,5.7248152122417437e+00,5.7248152122417437e+00,3.7006057004727309e+00,2.9811439626995666e+00,5.7248152122417437e+00,5.7248152122417437e+00,3.7006057004727309e+00,2.9811439626995666e+00,4.7385815880256050e+00,5.7248152122417437e+00,1.7648408100065709e+00,5.7248152122417437e+00,1.7648408100065709e+00,6.5219683838118137e+00,4.7385815880256050e+00,9.6763801374844138e-01,4.7385815880256050e+00,3.7006057004727309e+00,4.7385815880256050e+00,4.7385815880256050e+00,4.7385815880256050e+00,4.7385815880256050e+00,9.6763801374844138e-01,4.7385815880256050e+00,1.7648408100065709e+00,1.7648408100065709e+00,4.7385815880256050e+00,5.7248152122417437e+00,4.7385815880256050e+00,5.7248152122417437e+00,5.7248152122417437e+00,9.6763801374844138e-01,5.7248152122417437e+00,5.7248152122417437e+00,4.7385815880256050e+00,3.7006057004727309e+00,2.9811439626995666e+00,4.7385815880256050e+00,4.7385815880256050e+00,5.7248152122417437e+00,6.5219683838118137e+00,4.7385815880256050e+00,5.7248152122417437e+00,5.7248152122417437e+00,2.9811439626995666e+00,1.7648408100065709e+00,3.7006057004727309e+00,3.7006057004727309e+00,3.7006057004727309e+00,1.7648408100065709e+00,4.7385815880256050e+00,1.7648408100065709e+00,1.7648408100065709e+00,4.7385815880256050e+00,6.5219683838118137e+00,9.6763801374844138e-01,4.7385815880256050e+00,6.5219683838118137e+00,2.9811439626995666e+00,0.0000000000000000e+00,5.7248152122417437e+00,4.7385815880256050e+00,5.7248152122417437e+00,0.0000000000000000e+00,6.5219683838118137e+00,2.9811439626995666e+00,3.7006057004727309e+00,9.6763801374844138e-01,5.7248152122417437e+00,5.7248152122417437e+00,6.5219683838118137e+00,4.7385815880256050e+00,4.7385815880256050e+00,6.5219683838118137e+00,5.7248152122417437e+00,6.5219683838118137e+00,4.7385815880256050e+00,6.5219683838118137e+00,5.7248152122417437e+00,5.7248152122417437e+00,6.5219683838118137e+00,6.5219683838118137e+00,5.7248152122417437e+00,6.5219683838118137e+00,6.5219683838118137e+00,4.7385815880256050e+00,1.7648408100065709e+00,5.7248152122417437e+00,4.7385815880256050e+00,6.5219683838118137e+00,6.5219683838118137e+00,6.5219683838118137e+00,5.7248152122417437e+00,0.0000000000000000e+00,0.0000000000000000e+00,0.0000000000000000e+00,5.7248152122417437e+00,6.5219683838118137e+00,6.5219683838118137e+00,0.0000000000000000e+00,6.5219683838118137e+00,2.9811439626995666e+00,4.7385815880256050e+00,1.7648408100065709e+00,5.7248152122417437e+00,5.7248152122417437e+00,2.9811439626995666e+00,5.7248152122417437e+00,6.5219683838118137e+00,3.7006057004727309e+00,6.5219683838118137e+00,0.0000000000000000e+00,6.5219683838118137e+00,6.5219683838118137e+00,2.9811439626995666e+00,6.5219683838118137e+00,9.6763801374844138e-01,1.7648408100065709e+00,4.7385815880256050e+00,5.7248152122417437e+00,5.7248152122417437e+00,4.7385815880256050e+00,5.7248152122417437e+00,0.0000000000000000e+00,5.7248152122417437e+00,4.7385815880256050e+00,5.7248152122417437e+00,4.7385815880256050e+00,5.7248152122417437e+00,5.7248152122417437e+00,5.7248152122417437e+00,5.7248152122417437e+00,5.7248152122417437e+00,4.7385815880256050e+00,1.7648408100065709e+00,5.7248152122417437e+00,5.7248152122417437e+00,4.7385815880256050e+00,5.7248152122417437e+00,5.7248152122417437e+00,4.7385815880256050e+00,5.7248152122417437e+00,0.0000000000000000e+00,5.7248152122417437e+00,0.0000000000000000e+00,6.5219683838118137e+00,2.9811439626995666e+00,5.7248152122417437e+00,3.7006057004727309e+00,5.7248152122417437e+00,3.7006057004727309e+00,3.7006057004727309e+00,1.7648408100065709e+00,3.7006057004727309e+00,9.6763801374844138e-01,5.7248152122417437e+00,5.7248152122417437e+00,5.7248152122417437e+00,0.0000000000000000e+00,5.7248152122417437e+00,5.7248152122417437e+00,5.7248152122417437e+00,1.7648408100065709e+00,1.7648408100065709e+00,2.9811439626995666e+00,6.5219683838118137e+00,2.9811439626995666e+00,1.7648408100065709e+00,6.5219683838118137e+00,6.5219683838118137e+00,5.7248152122417437e+00,5.7248152122417437e+00,5.7248152122417437e+00,9.6763801374844138e-01,5.7248152122417437e+00,6.5219683838118137e+00,5.7248152122417437e+00,6.5219683838118137e+00,5.7248152122417437e+00,4.7385815880256050e+00,4.7385815880256050e+00,9.6763801374844138e-01,0.0000000000000000e+00,6.5219683838118137e+00,3.7006057004727309e+00,4.7385815880256050e+00,9.6763801374844138e-01,9.6763801374844138e-01,1.7648408100065709e+00,2.9811439626995666e+00,0.0000000000000000e+00,0.0000000000000000e+00,2.9811439626995666e+00,4.7385815880256050e+00,3.7006057004727309e+00,6.5219683838118137e+00,4.7385815880256050e+00,5.7248152122417437e+00,5.7248152122417437e+00,3.7006057004727309e+00,9.6763801374844138e-01,6.5219683838118137e+00,4.7385815880256050e+00,5.7248152122417437e+00,5.7248152122417437e+00,5.7248152122417437e+00,1.7648408100065709e+00,2.9811439626995666e+00,4.7385815880256050e+00,3.7006057004727309e+00,6.5219683838118137e+00,1.7648408100065709e+00,4.7385815880256050e+00,5.7248152122417437e+00,3.7006057004727309e+00,5.7248152122417437e+00,3.7006057004727309e+00,3.7006057004727309e+00,6.5219683838118137e+00,0.0000000000000000e+00,4.7385815880256050e+00,6.5219683838118137e+00,5.7248152122417437e+00,1.7648408100065709e+00,2.9811439626995666e+00,5.7248152122417437e+00,6.5219683838118137e+00,5.7248152122417437e+00,6.5219683838118137e+00,9.6763801374844138e-01,4.7385815880256050e+00,3.7006057004727309e+00,6.5219683838118137e+00,5.7248152122417437e+00,1.7648408100065709e+00,6.5219683838118137e+00,6.5219683838118137e+00,5.7248152122417437e+00,6.5219683838118137e+00,6.5219683838118137e+00,9.6763801374844138e-01,6.5219683838118137e+00,1.7648408100065709e+00,6.5219683838118137e+00,5.7248152122417437e+00,5.7248152122417437e+00,5.7248152122417437e+00,1.7648408100065709e+00,4.7385815880256050e+00,6.5219683838118137e+00,9.6763801374844138e-01,5.7248152122417437e+00,4.7385815880256050e+00,6.5219683838118137e+00,6.5219683838118137e+00,6.5219683838118137e+00,6.5219683838118137e+00,2.9811439626995666e+00,5.7248152122417437e+00,4.7385815880256050e+00,0.0000000000000000e+00,6.5219683838118137e+00,6.5219683838118137e+00,6.5219683838118137e+00,6.5219683838118137e+00,0.0000000000000000e+00,3.7006057004727309e+00,6.5219683838118137e+00,6.5219683838118137e+00,6.5219683838118137e+00,1.7648408100065709e+00,1.7648408100065709e+00,0.0000000000000000e+00,3.7006057004727309e+00,6.5219683838118137e+00,6.5219683838118137e+00,6.5219683838118137e+00,6.5219683838118137e+00,1.7648408100065709e+00,6.5219683838118137e+00,4.7385815880256050e+00,2.9811439626995666e+00,2.9811439626995666e+00,6.5219683838118137e+00,6.5219683838118137e+00,9.6763801374844138e-01,4.7385815880256050e+00,6.5219683838118137e+00,6.5219683838118137e+00,9.6763801374844138e-01,4.7385815880256050e+00,1.7648408100065709e+00,6.5219683838118137e+00,5.7248152122417437e+00,2.9811439626995666e+00,6.5219683838118137e+00,1.7648408100065709e+00,3.7006057004727309e+00,5.7248152122417437e+00,6.5219683838118137e+00,6.5219683838118137e+00,6.5219683838118137e+00,0.0000000000000000e+00,4.7385815880256050e+00,4.7385815880256050e+00,5.7248152122417437e+00,6.5219683838118137e+00,6.5219683838118137e+00,2.9811439626995666e+00,4.7385815880256050e+00,6.5219683838118137e+00,6.5219683838118137e+00,2.9811439626995666e+00,3.7006057004727309e+00,3.7006057004727309e+00,3.7006057004727309e+00,6.5219683838118137e+00,3.7006057004727309e+00,6.5219683838118137e+00,6.5219683838118137e+00,9.6763801374844138e-01,5.7248152122417437e+00,3.7006057004727309e+00,6.5219683838118137e+00,6.5219683838118137e+00,6.5219683838118137e+00,6.5219683838118137e+00,2.9811439626995666e+00,3.7006057004727309e+00,2.9811439626995666e+00,6.5219683838118137e+00,2.9811439626995666e+00,6.5219683838118137e+00,1.7648408100065709e+00,1.7648408100065709e+00,3.7006057004727309e+00,3.7006057004727309e+00,3.7006057004727309e+00,9.6763801374844138e-01,9.6763801374844138e-01,6.5219683838118137e+00,4.7385815880256050e+00,5.7248152122417437e+00,1.7648408100065709e+00,3.7006057004727309e+00,3.7006057004727309e+00,1.7648408100065709e+00,3.7006057004727309e+00,5.7248152122417437e+00,3.7006057004727309e+00,3.7006057004727309e+00,3.7006057004727309e+00,9.6763801374844138e-01,3.7006057004727309e+00,1.7648408100065709e+00,3.7006057004727309e+00,6.5219683838118137e+00,2.9811439626995666e+00,1.7648408100065709e+00,5.7248152122417437e+00,2.9811439626995666e+00,2.9811439626995666e+00,2.9811439626995666e+00,2.9811439626995666e+00,9.6763801374844138e-01,3.7006057004727309e+00,3.7006057004727309e+00,0.0000000000000000e+00,3.7006057004727309e+00,2.9811439626995666e+00,2.9811439626995666e+00,5.7248152122417437e+00,2.9811439626995666e+00,4.7385815880256050e+00,3.7006057004727309e+00,2.9811439626995666e+00,5.7248152122417437e+00,3.7006057004727309e+00,5.7248152122417437e+00,0.0000000000000000e+00,5.7248152122417437e+00,2.9811439626995666e+00,3.7006057004727309e+00,0.0000000000000000e+00,5.7248152122417437e+00,5.7248152122417437e+00,5.7248152122417437e+00,5.7248152122417437e+00,2.9811439626995666e+00,5.7248152122417437e+00,4.7385815880256050e+00,2.9811439626995666e+00,2.9811439626995666e+00,4.7385815880256050e+00,6.5219683838118137e+00,6.5219683838118137e+00,2.9811439626995666e+00,1.7648408100065709e+00,4.7385815880256050e+00,6.5219683838118137e+00,5.7248152122417437e+00,5.7248152122417437e+00,5.7248152122417437e+00,1.7648408100065709e+00,4.7385815880256050e+00,6.5219683838118137e+00,6.5219683838118137e+00,0.0000000000000000e+00,0.0000000000000000e+00,0.0000000000000000e+00,5.7248152122417437e+00,2.9811439626995666e+00,5.7248152122417437e+00,2.9811439626995666e+00,4.7385815880256050e+00,2.9811439626995666e+00,6.5219683838118137e+00,4.7385815880256050e+00,4.7385815880256050e+00,2.9811439626995666e+00,6.5219683838118137e+00,6.5219683838118137e+00,9.6763801374844138e-01,9.6763801374844138e-01,6.5219683838118137e+00,6.5219683838118137e+00,6.5219683838118137e+00,2.9811439626995666e+00,6.5219683838118137e+00,5.7248152122417437e+00,0.0000000000000000e+00,4.7385815880256050e+00,6.5219683838118137e+00,3.7006057004727309e+00,0.0000000000000000e+00,6.5219683838118137e+00,4.7385815880256050e+00,2.9811439626995666e+00,2.9811439626995666e+00,4.7385815880256050e+00,6.5219683838118137e+00,4.7385815880256050e+00,6.5219683838118137e+00,9.6763801374844138e-01,6.5219683838118137e+00,0.0000000000000000e+00,6.5219683838118137e+00,6.5219683838118137e+00,6.5219683838118137e+00,5.7248152122417437e+00,6.5219683838118137e+00,0.0000000000000000e+00,1.7648408100065709e+00,6.5219683838118137e+00,2.9811439626995666e+00,9.6763801374844138e-01,0.0000000000000000e+00,5.7248152122417437e+00,9.6763801374844138e-01,6.5219683838118137e+00,6.5219683838118137e+00,6.5219683838118137e+00,6.5219683838118137e+00,5.7248152122417437e+00,6.5219683838118137e+00,5.7248152122417437e+00,6.5219683838118137e+00,3.7006057004727309e+00,5.7248152122417437e+00,5.7248152122417437e+00,9.6763801374844138e-01,6.5219683838118137e+00,6.5219683838118137e+00,3.7006057004727309e+00,4.7385815880256050e+00,4.7385815880256050e+00,2.9811439626995666e+00,6.5219683838118137e+00,9.6763801374844138e-01,6.5219683838118137e+00,9.6763801374844138e-01,4.7385815880256050e+00,6.5219683838118137e+00,4.7385815880256050e+00,3.7006057004727309e+00,4.7385815880256050e+00,9.6763801374844138e-01,4.7385815880256050e+00,6.5219683838118137e+00,4.7385815880256050e+00,6.5219683838118137e+00,6.5219683838118137e+00,6.5219683838118137e+00,4.7385815880256050e+00,2.9811439626995666e+00,4.7385815880256050e+00,4.7385815880256050e+00,3.7006057004727309e+00,5.7248152122417437e+00,3.7006057004727309e+00,6.5219683838118137e+00,3.7006057004727309e+00,6.5219683838118137e+00,9.6763801374844138e-01,4.7385815880256050e+00,1.7648408100065709e+00,2.9811439626995666e+00,1.7648408100065709e+00,4.7385815880256050e+00,6.5219683838118137e+00,6.5219683838118137e+00,1.7648408100065709e+00,3.7006057004727309e+00,6.5219683838118137e+00,5.7248152122417437e+00,6.5219683838118137e+00,2.9811439626995666e+00,4.7385815880256050e+00,5.7248152122417437e+00,5.7248152122417437e+00,5.7248152122417437e+00,1.7648408100065709e+00,3.7006057004727309e+00,4.7385815880256050e+00,2.9811439626995666e+00,1.7648408100065709e+00,5.7248152122417437e+00,4.7385815880256050e+00,4.7385815880256050e+00,9.6763801374844138e-01,1.7648408100065709e+00,6.5219683838118137e+00,3.7006057004727309e+00,6.5219683838118137e+00,1.7648408100065709e+00,6.5219683838118137e+00,5.7248152122417437e+00,5.7248152122417437e+00,5.7248152122417437e+00,6.5219683838118137e+00,9.6763801374844138e-01,1.7648408100065709e+00,6.5219683838118137e+00,3.7006057004727309e+00,5.7248152122417437e+00,6.5219683838118137e+00,6.5219683838118137e+00,5.7248152122417437e+00,9.6763801374844138e-01,0.0000000000000000e+00,5.7248152122417437e+00,6.5219683838118137e+00,3.7006057004727309e+00,5.7248152122417437e+00,9.6763801374844138e-01,9.6763801374844138e-01,9.6763801374844138e-01,6.5219683838118137e+00,9.6763801374844138e-01,6.5219683838118137e+00,5.7248152122417437e+00,0.0000000000000000e+00,9.6763801374844138e-01,1.7648408100065709e+00,4.7385815880256050e+00,6.5219683838118137e+00,9.6763801374844138e-01,3.7006057004727309e+00,6.5219683838118137e+00,4.7385815880256050e+00,1.7648408100065709e+00,4.7385815880256050e+00,6.5219683838118137e+00,4.7385815880256050e+00,0.0000000000000000e+00,0.0000000000000000e+00,3.7006057004727309e+00,1.7648408100065709e+00,6.5219683838118137e+00,3.7006057004727309e+00,3.7006057004727309e+00,4.7385815880256050e+00,0.0000000000000000e+00,5.7248152122417437e+00,4.7385815880256050e+00,5.7248152122417437e+00,2.9811439626995666e+00,3.7006057004727309e+00,6.5219683838118137e+00,4.7385815880256050e+00,9.6763801374844138e-01,2.9811439626995666e+00,1.7648408100065709e+00,9.6763801374844138e-01,1.7648408100065709e+00,4.7385815880256050e+00,6.5219683838118137e+00,5.7248152122417437e+00,4.7385815880256050e+00,4.7385815880256050e+00,3.7006057004727309e+00,4.7385815880256050e+00,3.7006057004727309e+00,6.5219683838118137e+00,3.7006057004727309e+00,3.7006057004727309e+00,0.0000000000000000e+00,5.7248152122417437e+00,1.7648408100065709e+00,5.7248152122417437e+00,4.7385815880256050e+00,4.7385815880256050e+00,4.7385815880256050e+00,4.7385815880256050e+00,1.7648408100065709e+00,6.5219683838118137e+00,5.7248152122417437e+00,6.5219683838118137e+00,5.7248152122417437e+00,2.9811439626995666e+00,1.7648408100065709e+00,3.7006057004727309e+00,6.5219683838118137e+00,2.9811439626995666e+00,4.7385815880256050e+00,3.7006057004727309e+00,6.5219683838118137e+00,6.5219683838118137e+00,0.0000000000000000e+00,0.0000000000000000e+00,5.7248152122417437e+00,0.0000000000000000e+00,3.7006057004727309e+00,0.0000000000000000e+00,6.5219683838118137e+00,5.7248152122417437e+00,6.5219683838118137e+00,6.5219683838118137e+00,5.7248152122417437e+00,3.7006057004727309e+00,0.0000000000000000e+00,5.7248152122417437e+00,6.5219683838118137e+00,4.7385815880256050e+00,3.7006057004727309e+00,5.7248152122417437e+00,6.5219683838118137e+00,6.5219683838118137e+00,6.5219683838118137e+00,3.7006057004727309e+00,6.5219683838118137e+00,6.5219683838118137e+00,2.9811439626995666e+00,2.9811439626995666e+00,6.5219683838118137e+00,4.7385815880256050e+00,1.7648408100065709e+00,2.9811439626995666e+00,2.9811439626995666e+00,3.7006057004727309e+00,4.7385815880256050e+00,9.6763801374844138e-01,5.7248152122417437e+00,5.7248152122417437e+00,5.7248152122417437e+00,6.5219683838118137e+00,5.7248152122417437e+00,5.7248152122417437e+00,3.7006057004727309e+00,5.7248152122417437e+00,4.7385815880256050e+00,5.7248152122417437e+00,6.5219683838118137e+00,3.7006057004727309e+00,2.9811439626995666e+00,6.5219683838118137e+00,0.0000000000000000e+00,5.7248152122417437e+00,5.7248152122417437e+00,5.7248152122417437e+00,6.5219683838118137e+00,5.7248152122417437e+00,3.7006057004727309e+00,5.7248152122417437e+00,3.7006057004727309e+00,1.7648408100065709e+00,6.5219683838118137e+00,4.7385815880256050e+00,4.7385815880256050e+00,1.7648408100065709e+00,4.7385815880256050e+00,0.0000000000000000e+00,3.7006057004727309e+00,4.7385815880256050e+00,6.5219683838118137e+00,0.0000000000000000e+00,5.7248152122417437e+00,3.7006057004727309e+00,6.5219683838118137e+00,5.7248152122417437e+00,6.5219683838118137e+00,2.9811439626995666e+00,2.9811439626995666e+00,6.5219683838118137e+00,6.5219683838118137e+00,2.9811439626995666e+00,2.9811439626995666e+00,5.7248152122417437e+00,5.7248152122417437e+00,2.9811439626995666e+00,5.7248152122417437e+00,5.7248152122417437e+00,6.5219683838118137e+00,0.0000000000000000e+00,6.5219683838118137e+00,6.5219683838118137e+00,6.5219683838118137e+00,6.5219683838118137e+00,9.6763801374844138e-01,5.7248152122417437e+00,1.7648408100065709e+00,6.5219683838118137e+00,6.5219683838118137e+00,1.7648408100065709e+00,6.5219683838118137e+00,5.7248152122417437e+00,4.7385815880256050e+00,1.7648408100065709e+00,9.6763801374844138e-01,6.5219683838118137e+00,2.9811439626995666e+00,3.7006057004727309e+00,3.7006057004727309e+00,6.5219683838118137e+00,9.6763801374844138e-01,5.7248152122417437e+00,6.5219683838118137e+00,0.0000000000000000e+00,6.5219683838118137e+00,3.7006057004727309e+00,6.5219683838118137e+00,3.7006057004727309e+00,0.0000000000000000e+00,5.7248152122417437e+00,5.7248152122417437e+00,3.7006057004727309e+00,1.7648408100065709e+00,9.6763801374844138e-01,1.7648408100065709e+00,5.7248152122417437e+00,6.5219683838118137e+00,5.7248152122417437e+00,9.6763801374844138e-01,5.7248152122417437e+00,6.5219683838118137e+00,6.5219683838118137e+00,5.7248152122417437e+00,6.5219683838118137e+00,2.9811439626995666e+00,6.5219683838118137e+00,6.5219683838118137e+00,3.7006057004727309e+00,6.5219683838118137e+00,6.5219683838118137e+00,4.7385815880256050e+00,2.9811439626995666e+00,2.9811439626995666e+00,6.5219683838118137e+00,6.5219683838118137e+00,6.5219683838118137e+00,6.5219683838118137e+00,5.7248152122417437e+00,5.7248152122417437e+00,6.5219683838118137e+00,6.5219683838118137e+00,6.5219683838118137e+00,4.7385815880256050e+00,6.5219683838118137e+00,0.0000000000000000e+00,6.5219683838118137e+00,6.5219683838118137e+00,0.0000000000000000e+00,9.6763801374844138e-01,3.7006057004727309e+00,6.5219683838118137e+00,6.5219683838118137e+00,6.5219683838118137e+00,1.7648408100065709e+00,6.5219683838118137e+00,6.5219683838118137e+00,3.7006057004727309e+00,3.7006057004727309e+00,1.7648408100065709e+00,6.5219683838118137e+00,6.5219683838118137e+00,6.5219683838118137e+00,5.7248152122417437e+00,5.7248152122417437e+00,2.9811439626995666e+00,3.7006057004727309e+00,6.5219683838118137e+00,6.5219683838118137e+00,5.7248152122417437e+00,5.7248152122417437e+00,6.5219683838118137e+00,5.7248152122417437e+00,3.7006057004727309e+00,3.7006057004727309e+00,2.9811439626995666e+00,6.5219683838118137e+00,3.7006057004727309e+00,5.7248152122417437e+00,2.9811439626995666e+00,6.5219683838118137e+00,6.5219683838118137e+00,6.5219683838118137e+00,1.7648408100065709e+00,9.6763801374844138e-01,4.7385815880256050e+00,6.5219683838118137e+00,9.6763801374844138e-01,5.7248152122417437e+00,4.7385815880256050e+00,4.7385815880256050e+00,1.7648408100065709e+00,3.7006057004727309e+00,5.7248152122417437e+00,6.5219683838118137e+00,2.9811439626995666e+00,4.7385815880256050e+00,6.5219683838118137e+00,0.0000000000000000e+00,0.0000000000000000e+00,5.7248152122417437e+00,5.7248152122417437e+00,5.7248152122417437e+00,3.7006057004727309e+00,3.7006057004727309e+00,6.5219683838118137e+00,3.7006057004727309e+00,0.0000000000000000e+00,4.7385815880256050e+00,6.5219683838118137e+00,5.7248152122417437e+00,3.7006057004727309e+00,3.7006057004727309e+00,3.7006057004727309e+00,4.7385815880256050e+00,6.5219683838118137e+00,5.7248152122417437e+00,2.9811439626995666e+00,4.7385815880256050e+00,5.7248152122417437e+00,4.7385815880256050e+00,3.7006057004727309e+00,4.7385815880256050e+00,3.7006057004727309e+00,6.5219683838118137e+00,5.7248152122417437e+00,5.7248152122417437e+00,0.0000000000000000e+00,9.6763801374844138e-01,5.7248152122417437e+00,6.5219683838118137e+00,5.7248152122417437e+00,5.7248152122417437e+00,5.7248152122417437e+00,3.7006057004727309e+00,3.7006057004727309e+00,0.0000000000000000e+00,5.7248152122417437e+00,5.7248152122417437e+00,0.0000000000000000e+00,9.6763801374844138e-01,5.7248152122417437e+00,5.7248152122417437e+00,5.7248152122417437e+00,0.0000000000000000e+00,5.7248152122417437e+00,5.7248152122417437e+00,3.7006057004727309e+00,5.7248152122417437e+00,2.9811439626995666e+00,1.7648408100065709e+00,0.0000000000000000e+00,5.7248152122417437e+00,3.7006057004727309e+00,0.0000000000000000e+00,0.0000000000000000e+00,5.7248152122417437e+00,2.9811439626995666e+00,0.0000000000000000e+00,3.7006057004727309e+00,2.9811439626995666e+00,5.7248152122417437e+00,6.5219683838118137e+00,6.5219683838118137e+00,6.5219683838118137e+00,4.7385815880256050e+00,5.7248152122417437e+00,1.7648408100065709e+00,3.7006057004727309e+00,1.7648408100065709e+00,6.5219683838118137e+00,4.7385815880256050e+00,6.5219683838118137e+00,6.5219683838118137e+00,9.6763801374844138e-01,6.5219683838118137e+00,5.7248152122417437e+00,4.7385815880256050e+00,6.5219683838118137e+00,5.7248152122417437e+00,4.7385815880256050e+00,5.7248152122417437e+00,1.7648408100065709e+00,5.7248152122417437e+00,5.7248152122417437e+00,0.0000000000000000e+00,3.7006057004727309e+00,5.7248152122417437e+00,3.7006057004727309e+00,5.7248152122417437e+00,2.9811439626995666e+00,3.7006057004727309e+00,2.9811439626995666e+00,6.5219683838118137e+00,5.7248152122417437e+00,1.7648408100065709e+00,6.5219683838118137e+00,0.0000000000000000e+00,2.9811439626995666e+00,4.7385815880256050e+00,9.6763801374844138e-01,5.7248152122417437e+00,5.7248152122417437e+00,6.5219683838118137e+00,4.7385815880256050e+00,6.5219683838118137e+00,1.7648408100065709e+00,4.7385815880256050e+00,4.7385815880256050e+00,2.9811439626995666e+00,4.7385815880256050e+00,6.5219683838118137e+00,3.7006057004727309e+00,4.7385815880256050e+00,0.0000000000000000e+00,4.7385815880256050e+00,2.9811439626995666e+00,2.9811439626995666e+00,2.9811439626995666e+00,0.0000000000000000e+00,4.7385815880256050e+00,4.7385815880256050e+00,1.7648408100065709e+00,3.7006057004727309e+00,6.5219683838118137e+00,4.7385815880256050e+00,5.7248152122417437e+00,5.7248152122417437e+00,5.7248152122417437e+00,4.7385815880256050e+00,3.7006057004727309e+00
3.6849162788311238e+00,3.6849162788311238e+00,3.0626251876605064e+00,1.0098632312444786e+00,3.6849162788311238e+00,0.0000000000000000e+00,3.6849162788311238e+00,3.0626251876605064e+00,0.0000000000000000e+00,3.6849162788311238e+00,3.6849162788311238e+00,3.0626251876605064e+00,3.6849162788311238e+00,3.6849162788311238e+00,3.0626251876605064e+00,3.6849162788311238e+00,6.3880265778448386e+00,0.0000000000000000e+00,5.2773510371704822e+00,5.2773510371704822e+00,3.6849162788311238e+00,5.2773510371704822e+00,5.2773510371704822e+00,5.2773510371704822e+00,3.6849162788311238e+00,5.0998867276115885e+00,3.0626251876605064e+00,3.6849162788311238e+00,6.3880265778448386e+00,3.6849162788311238e+00,5.2773510371704822e+00,3.6849162788311238e+00,5.2773510371704822e+00,5.2773510371704822e+00,1.9101500920732122e+00,5.2773510371704822e+00,6.3880265778448386e+00,1.9101500920732122e+00,1.9101500920732122e+00,0.0000000000000000e+00,5.2773510371704822e+00,5.2773510371704822e+00,3.6849162788311238e+00,3.6849162788311238e+00,5.2773510371704822e+00,1.9101500920732122e+00,5.2773510371704822e+00,5.0998867276115885e+00,5.0998867276115885e+00,5.2773510371704822e+00,6.3880265778448386e+00,5.2773510371704822e+00,3.6849162788311238e+00,5.2773510371704822e+00,0.0000000000000000e+00,5.2773510371704822e+00,6.3880265778448386e+00,5.0998867276115885e+00,5.0998867276115885e+00,6.3880265778448386e+00,6.3880265778448386e+00,3.0626251876605064e+00,0.0000000000000000e+00,6.3880265778448386e+00,3.6849162788311238e+00,6.3880265778448386e+00,6.3880265778448386e+00,6.3880265778448386e+00,5.0998867276115885e+00,5.2773510371704822e+00,5.2773510371704822e+00,3.6849162788311238e+00,6.3880265778448386e+00,5.0998867276115885e+00,3.6849162788311238e+00,6.3880265778448386e+00,5.0998867276115885e+00,0.0000000000000000e+00,6.3880265778448386e+00,6.3880265778448386e+00,6.3880265778448386e+00,5.2773510371704822e+00,5.0998867276115885e+00,3.6849162788311238e+00,3.0626251876605064e+00,1.9101500920732122e+00,5.0998867276115885e+00,1.9101500920732122e+00,5.2773510371704822e+00,3.0626251876605064e+00,6.3880265778448386e+00,5.2773510371704822e+00,6.3880265778448386e+00,6.3880265778448386e+00,5.0998867276115885e+00,3.0626251876605064e+00,6.3880265778448386e+00,5.0998867276115885e+00,5.0998867276115885e+00,5.0998867276115885e+00,1.9101500920732122e+00,0.0000000000000000e+00,3.0626251876605064e+00,6.3880265778448386e+00,1.9101500920732122e+00,6.3880265778448386e+00,6.3880265778448386e+00,3.0626251876605064e+00,3.6849162788311238e+00,3.6849162788311238e+00,3.6849162788311238e+00,1.9101500920732122e+00,5.0998867276115885e+00,6.3880265778448386e+00,5.0998867276115885e+00,1.0098632312444786e+00,0.0000000000000000e+00,1.0098632312444786e+00,1.9101500920732122e+00,3.6849162788311238e+00,1.0098632312444786e+00,0.0000000000000000e+00,1.0098632312444786e+00,3.6849162788311238e+00,6.3880265778448386e+00,0.0000000000000000e+00,6.3880265778448386e+00,3.0626251876605064e+00,5.0998867276115885e+00,5.0998867276115885e+00,5.0998867276115885e+00,5.2773510371704822e+00,1.9101500920732122e+00,5.0998867276115885e+00,6.3880265778448386e+00,1.0098632312444786e+00,3.6849162788311238e+00,3.6849162788311238e+00,3.6849162788311238e+00,1.9101500920732122e+00,3.0626251876605064e+00,5.2773510371704822e+00,6.3880265778448386e+00,1.0098632312444786e+00,1.9101500920732122e+00,0.0000000000000000e+00,6.3880265778448386e+00,6.3880265778448386e+00,6.3880265778448386e+00,1.0098632312444786e+00,6.3880265778448386e+00,6.3880265778448386e+00,6.3880265778448386e+00,3.0626251876605064e+00,6.3880265778448386e+00,6.3880265778448386e+00,1.9101500920732122e+00,1.9101500920732122e+00,6.3880265778448386e+00,1.9101500920732122e+00,1.9101500920732122e+00,1.0098632312444786e+00,6.3880265778448386e+00,6.3880265778448386e+00,5.2773510371704822e+00,5.2773510371704822e+00,3.0626251876605064e+00,6.3880265778448386e+00,3.6849162788311238e+00,3.0626251876605064e+00,6.3880265778448386e+00,6.3880265778448386e+00,6.3880265778448386e+00,5.0998867276115885e+00,0.0000000000000000e+00,5.0998867276115885e+00,5.0998867276115885e+00,6.3880265778448386e+00,5.0998867276115885e+00,5.0998867276115885e+00,5.0998867276115885e+00,1.9101500920732122e+00,6.3880265778448386e+00,3.6849162788311238e+00,6.3880265778448386e+00,6.3880265778448386e+00,6.3880265778448386e+00,5.0998867276115885e+00,5.0998867276115885e+00,6.3880265778448386e+00,1.9101500920732122e+00,6.3880265778448386e+00,6.3880265778448386e+00,1.0098632312444786e+00,3.0626251876605064e+00,3.6849162788311238e+00,0.0000000000000000e+00,1.0098632312444786e+00,5.0998867276115885e+00,5.0998867276115885e+00,6.3880265778448386e+00,5.0998867276115885e+00,5.0998867276115885e+00,5.0998867276115885e+00,3.0626251876605064e+00,1.9101500920732122e+00,1.9101500920732122e+00,1.9101500920732122e+00,1.9101500920732122e+00,5.0998867276115885e+00,1.9101500920732122e+00,1.9101500920732122e+00,6.3880265778448386e+00,3.0626251876605064e+00,6.3880265778448386e+00,5.2773510371704822e+00,5.2773510371704822e+00,0.0000000000000000e+00,6.3880265778448386e+00,6.3880265778448386e+00,6.3880265778448386e+00,6.3880265778448386e+00,5.0998867276115885e+00,6.3880265778448386e+00,6.3880265778448386e+00,6.3880265778448386e+00,6.3880265778448386e+00,1.9101500920732122e+00,5.0998867276115885e+00,0.0000000000000000e+00,6.3880265778448386e+00,6.3880265778448386e+00,6.3880265778448386e+00,6.3880265778448386e+00,6.3880265778448386e+00,6.3880265778448386e+00,5.0998867276115885e+00,1.9101500920732122e+00,3.0626251876605064e+00,1.9101500920732122e+00,3.6849162788311238e+00,3.6849162788311238e+00,6.3880265778448386e+00,3.6849162788311238e+00,0.0000000000000000e+00,5.0998867276115885e+00,1.0098632312444786e+00,6.3880265778448386e+00,6.3880265778448386e+00,6.3880265778448386e+00,6.3880265778448386e+00,6.3880265778448386e+00,5.2773510371704822e+00,6.3880265778448386e+00,6.3880265778448386e+00,5.0998867276115885e+00,6.3880265778448386e+00,5.0998867276115885e+00,6.3880265778448386e+00,6.3880265778448386e+00,1.9101500920732122e+00,5.2773510371704822e+00,1.9101500920732122e+00,6.3880265778448386e+00,6.3880265778448386e+00,6.3880265778448386e+00,3.6849162788311238e+00,6.3880265778448386e+00,3.0626251876605064e+00,1.9101500920732122e+00,6.3880265778448386e+00,5.2773510371704822e+00,5.0998867276115885e+00,0.0000000000000000e+00,1.9101500920732122e+00,6.3880265778448386e+00,6.3880265778448386e+00,0.0000000000000000e+00,5.2773510371704822e+00,6.3880265778448386e+00,1.9101500920732122e+00,3.0626251876605064e+00,1.9101500920732122e+00,1.9101500920732122e+00,0.0000000000000000e+00,3.0626251876605064e+00,5.0998867276115885e+00,3.0626251876605064e+00,3.0626251876605064e+00,5.0998867276115885e+00,5.2773510371704822e+00,1.9101500920732122e+00,5.0998867276115885e+00,1.0098632312444786e+00,5.0998867276115885e+00,1.9101500920732122e+00,0.0000000000000000e+00,5.0998867276115885e+00,3.0626251876605064e+00,6.3880265778448386e+00,5.0998867276115885e+00,6.3880265778448386e+00,3.6849162788311238e+00,3.0626251876605064e+00,5.0998867276115885e+00,5.2773510371704822e+00,5.0998867276115885e+00,0.0000000000000000e+00,1.0098632312444786e+00,1.9101500920732122e+00,5.2773510371704822e+00,5.2773510371704822e+00,3.6849162788311238e+00,3.0626251876605064e+00,6.3880265778448386e+00,5.0998867276115885e+00,5.0998867276115885e+00,5.0998867276115885e+00,3.6849162788311238e+00,5.0998867276115885e+00,5.0998867276115885e+00,5.2773510371704822e+00,5.2773510371704822e+00,5.0998867276115885e+00,6.3880265778448386e+00,1.0098632312444786e+00,5.0998867276115885e+00,0.0000000000000000e+00,1.9101500920732122e+00,5.0998867276115885e+00,6.3880265778448386e+00,1.9101500920732122e+00,1.0098632312444786e+00,3.0626251876605064e+00,5.0998867276115885e+00,1.0098632312444786e+00,1.0098632312444786e+00,6.3880265778448386e+00,1.0098632312444786e+00,6.3880265778448386e+00,5.2773510371704822e+00,3.6849162788311238e+00,1.0098632312444786e+00,5.2773510371704822e+00,0.0000000000000000e+00,6.3880265778448386e+00,5.2773510371704822e+00,6.3880265778448386e+00,5.2773510371704822e+00,1.9101500920732122e+00,5.0998867276115885e+00,3.6849162788311238e+00,1.9101500920732122e+00,5.0998867276115885e+00,5.0998867276115885e+00,5.2773510371704822e+00,5.2773510371704822e+00,3.6849162788311238e+00,3.6849162788311238e+00,5.2773510371704822e+00,0.0000000000000000e+00,6.3880265778448386e+00,6.3880265778448386e+00,3.6849162788311238e+00,3.6849162788311238e+00,5.2773510371704822e+00,1.0098632312444786e+00,3.6849162788311238e+00,6.3880265778448386e+00,6.3880265778448386e+00,6.3880265778448386e+00,5.0998867276115885e+00,5.0998867276115885e+00,5.0998867276115885e+00,3.0626251876605064e+00,3.0626251876605064e+00,0.0000000000000000e+00,5.0998867276115885e+00,5.2773510371704822e+00,0.0000000000000000e+00,5.2773510371704822e+00,1.0098632312444786e+00,5.0998867276115885e+00,1.0098632312444786e+00,0.0000000000000000e+00,6.3880265778448386e+00,6.3880265778448386e+00,6.3880265778448386e+00,5.0998867276115885e+00,5.0998867276115885e+00,1.0098632312444786e+00,5.0998867276115885e+00,6.3880265778448386e+00,5.2773510371704822e+00,3.6849162788311238e+00,6.3880265778448386e+00,6.3880265778448386e+00,5.0998867276115885e+00,3.6849162788311238e+00,0.0000000000000000e+00,3.0626251876605064e+00,5.2773510371704822e+00,1.0098632312444786e+00,6.3880265778448386e+00,1.9101500920732122e+00,1.9101500920732122e+00,1.0098632312444786e+00,5.0998867276115885e+00,6.3880265778448386e+00,6.3880265778448386e+00,6.3880265778448386e+00,1.0098632312444786e+00,5.0998867276115885e+00,6.3880265778448386e+00,3.6849162788311238e+00,6.3880265778448386e+00,3.6849162788311238e+00,1.9101500920732122e+00,1.9101500920732122e+00,5.0998867276115885e+00,5.0998867276115885e+00,0.0000000000000000e+00,0.0000000000000000e+00,6.3880265778448386e+00,5.2773510371704822e+00,6.3880265778448386e+00,6.3880265778448386e+00,5.2773510371704822e+00,1.0098632312444786e+00,5.2773510371704822e+00,1.0098632312444786e+00,3.0626251876605064e+00,6.3880265778448386e+00,5.2773510371704822e+00,5.2773510371704822e+00,5.0998867276115885e+00,5.0998867276115885e+00,6.3880265778448386e+00,3.0626251876605064e+00,5.2773510371704822e+00,1.0098632312444786e+00,3.0626251876605064e+00,6.3880265778448386e+00,6.3880265778448386e+00,1.0098632312444786e+00,1.0098632312444786e+00,5.0998867276115885e+00,5.0998867276115885e+00,5.0998867276115885e+00,0.0000000000000000e+00,6.3880265778448386e+00,6.3880265778448386e+00,5.0998867276115885e+00,3.0626251876605064e+00,6.3880265778448386e+00,5.0998867276115885e+00,6.3880265778448386e+00,6.3880265778448386e+00,5.0998867276115885e+00,5.0998867276115885e+00,3.0626251876605064e+00,5.2773510371704822e+00,0.0000000000000000e+00,3.0626251876605064e+00,5.2773510371704822e+00,6.3880265778448386e+00,5.0998867276115885e+00,5.0998867276115885e+00,5.2773510371704822e+00,5.2773510371704822e+00,5.2773510371704822e+00,5.0998867276115885e+00,5.2773510371704822e+00,5.2773510371704822e+00,0.0000000000000000e+00,3.0626251876605064e+00,5.2773510371704822e+00,1.9101500920732122e+00,5.2773510371704822e+00,6.3880265778448386e+00,5.2773510371704822e+00,3.6849162788311238e+00,3.0626251876605064e+00,1.9101500920732122e+00,5.2773510371704822e+00,3.0626251876605064e+00,3.6849162788311238e+00,5.0998867276115885e+00,5.0998867276115885e+00,1.0098632312444786e+00,5.2773510371704822e+00,5.2773510371704822e+00,6.3880265778448386e+00,5.2773510371704822e+00,1.0098632312444786e+00,3.6849162788311238e+00,5.2773510371704822e+00,1.0098632312444786e+00,5.0998867276115885e+00,5.0998867276115885e+00,1.0098632312444786e+00,1.9101500920732122e+00,0.0000000000000000e+00,6.3880265778448386e+00,5.2773510371704822e+00,0.0000000000000000e+00,5.0998867276115885e+00,5.2773510371704822e+00,1.0098632312444786e+00,3.0626251876605064e+00,0.0000000000000000e+00,5.0998867276115885e+00,5.0998867276115885e+00,5.0998867276115885e+00,6.3880265778448386e+00,5.0998867276115885e+00,3.6849162788311238e+00,5.2773510371704822e+00,1.0098632312444786e+00,1.0098632312444786e+00,5.0998867276115885e+00,5.2773510371704822e+00,6.3880265778448386e+00,6.3880265778448386e+00,5.0998867276115885e+00,5.0998867276115885e+00,6.3880265778448386e+00,5.0998867276115885e+00,5.2773510371704822e+00,5.0998867276115885e+00,0.0000000000000000e+00,6.3880265778448386e+00,5.0998867276115885e+00,5.0998867276115885e+00,0.0000000000000000e+00,1.9101500920732122e+00,3.6849162788311238e+00,5.2773510371704822e+00,5.2773510371704822e+00,5.0998867276115885e+00,6.3880265778448386e+00,3.6849162788311238e+00,3.6849162788311238e+00,3.6849162788311238e+00,5.2773510371704822e+00,5.2773510371704822e+00,3.0626251876605064e+00,3.0626251876605064e+00,5.0998867276115885e+00,5.0998867276115885e+00,5.2773510371704822e+00,5.2773510371704822e+00,5.0998867276115885e+00,1.0098632312444786e+00,5.0998867276115885e+00,5.0998867276115885e+00,6.3880265778448386e+00,5.0998867276115885e+00,5.0998867276115885e+00,5.2773510371704822e+00,5.0998867276115885e+00,1.0098632312444786e+00,1.0098632312444786e+00,5.2773510371704822e+00,6.3880265778448386e+00,5.0998867276115885e+00,6.3880265778448386e+00,0.0000000000000000e+00,5.2773510371704822e+00,3.6849162788311238e+00,1.9101500920732122e+00,3.6849162788311238e+00,5.2773510371704822e+00,6.3880265778448386e+00,0.0000000000000000e+00,6.3880265778448386e+00,3.6849162788311238e+00,6.3880265778448386e+00,6.3880265778448386e+00,6.3880265778448386e+00,5.2773510371704822e+00,3.6849162788311238e+00,5.0998867276115885e+00,1.0098632312444786e+00,5.2773510371704822e+00,6.3880265778448386e+00,5.0998867276115885e+00,6.3880265778448386e+00,5.0998867276115885e+00,1.0098632312444786e+00,3.0626251876605064e+00,3.0626251876605064e+00,0.0000000000000000e+00,5.2773510371704822e+00,3.6849162788311238e+00,6.3880265778448386e+00,6.3880265778448386e+00,6.3880265778448386e+00,5.2773510371704822e+00,5.0998867276115885e+00,5.2773510371704822e+00,5.2773510371704822e+00,5.2773510371704822e+00,5.2773510371704822e+00,5.0998867276115885e+00,5.0998867276115885e+00,6.3880265778448386e+00,1.0098632312444786e+00,3.0626251876605064e+00,6.3880265778448386e+00,3.0626251876605064e+00,5.0998867276115885e+00,1.9101500920732122e+00,3.0626251876605064e+00,5.0998867276115885e+00,1.0098632312444786e+00,3.0626251876605064e+00,6.3880265778448386e+00,5.0998867276115885e+00,3.6849162788311238e+00,5.0998867276115885e+00,5.0998867276115885e+00,5.0998867276115885e+00,1.0098632312444786e+00,6.3880265778448386e+00,3.0626251876605064e+00,3.6849162788311238e+00,6.3880265778448386e+00,6.3880265778448386e+00,3.6849162788311238e+00,5.0998867276115885e+00,3.6849162788311238e+00,6.3880265778448386e+00,3.6849162788311238e+00,6.3880265778448386e+00,5.2773510371704822e+00,5.2773510371704822e+00,6.3880265778448386e+00,5.0998867276115885e+00,6.3880265778448386e+00,0.0000000000000000e+00,1.9101500920732122e+00,0.0000000000000000e+00,5.0998867276115885e+00,5.2773510371704822e+00,6.3880265778448386e+00,5.2773510371704822e+00,5.2773510371704822e+00,3.6849162788311238e+00,3.0626251876605064e+00,6.3880265778448386e+00,6.3880265778448386e+00,5.0998867276115885e+00,6.3880265778448386e+00,3.0626251876605064e+00,5.0998867276115885e+00,1.0098632312444786e+00,3.0626251876605064e+00,3.0626251876605064e+00,6.3880265778448386e+00,3.0626251876605064e+00,5.2773510371704822e+00,5.0998867276115885e+00,5.0998867276115885e+00,3.6849162788311238e+00,6.3880265778448386e+00,6.3880265778448386e+00,6.3880265778448386e+00,5.0998867276115885e+00,5.2773510371704822e+00,6.3880265778448386e+00,1.0098632312444786e+00,3.6849162788311238e+00,5.2773510371704822e+00,3.6849162788311238e+00,3.6849162788311238e+00,1.9101500920732122e+00,5.2773510371704822e+00,1.0098632312444786e+00,6.3880265778448386e+00,6.3880265778448386e+00,0.0000000000000000e+00,6.3880265778448386e+00,5.2773510371704822e+00,3.0626251876605064e+00,6.3880265778448386e+00,1.0098632312444786e+00,6.3880265778448386e+00,1.0098632312444786e+00,6.3880265778448386e+00,3.6849162788311238e+00,5.2773510371704822e+00,1.0098632312444786e+00,1.0098632312444786e+00,3.6849162788311238e+00,1.0098632312444786e+00,1.9101500920732122e+00,5.0998867276115885e+00,5.0998867276115885e+00,6.3880265778448386e+00,0.0000000000000000e+00,1.0098632312444786e+00,5.2773510371704822e+00,6.3880265778448386e+00,5.0998867276115885e+00,6.3880265778448386e+00,5.2773510371704822e+00,0.0000000000000000e+00,0.0000000000000000e+00,3.0626251876605064e+00,5.0998867276115885e+00,5.0998867276115885e+00,3.6849162788311238e+00,1.0098632312444786e+00,6.3880265778448386e+00,6.3880265778448386e+00,6.3880265778448386e+00,6.3880265778448386e+00,3.6849162788311238e+00,5.2773510371704822e+00,6.3880265778448386e+00,6.3880265778448386e+00,3.0626251876605064e+00,0.0000000000000000e+00,5.2773510371704822e+00,6.3880265778448386e+00,3.0626251876605064e+00,0.0000000000000000e+00,6.3880265778448386e+00,6.3880265778448386e+00,1.0098632312444786e+00,3.6849162788311238e+00,6.3880265778448386e+00,6.3880265778448386e+00,3.6849162788311238e+00,5.0998867276115885e+00,1.0098632312444786e+00,6.3880265778448386e+00,1.0098632312444786e+00,1.9101500920732122e+00,5.0998867276115885e+00,5.0998867276115885e+00,5.0998867276115885e+00,5.2773510371704822e+00,0.0000000000000000e+00,6.3880265778448386e+00,1.9101500920732122e+00,5.0998867276115885e+00,0.0000000000000000e+00,6.3880265778448386e+00,1.0098632312444786e+00,3.6849162788311238e+00,0.0000000000000000e+00,1.0098632312444786e+00,6.3880265778448386e+00,6.3880265778448386e+00,1.9101500920732122e+00,1.0098632312444786e+00,6.3880265778448386e+00,3.6849162788311238e+00,1.0098632312444786e+00,3.6849162788311238e+00,6.3880265778448386e+00,6.3880265778448386e+00,6.3880265778448386e+00,6.3880265778448386e+00,1.9101500920732122e+00,3.6849162788311238e+00,6.3880265778448386e+00,6.3880265778448386e+00,3.6849162788311238e+00,5.2773510371704822e+00,5.2773510371704822e+00,0.0000000000000000e+00,3.6849162788311238e+00,3.6849162788311238e+00,6.3880265778448386e+00,6.3880265778448386e+00,5.0998867276115885e+00,3.0626251876605064e+00,3.0626251876605064e+00,3.0626251876605064e+00,6.3880265778448386e+00,1.0098632312444786e+00,5.0998867276115885e+00,1.0098632312444786e+00,1.0098632312444786e+00,5.0998867276115885e+00,5.2773510371704822e+00,5.2773510371704822e+00,1.9101500920732122e+00,6.3880265778448386e+00,5.2773510371704822e+00,6.3880265778448386e+00,1.0098632312444786e+00,5.0998867276115885e+00,5.2773510371704822e+00,1.0098632312444786e+00,6.3880265778448386e+00,5.2773510371704822e+00,1.9101500920732122e+00,5.2773510371704822e+00,6.3880265778448386e+00,1.0098632312444786e+00,3.6849162788311238e+00,3.0626251876605064e+00,0.0000000000000000e+00,6.3880265778448386e+00,1.9101500920732122e+00,3.0626251876605064e+00,5.0998867276115885e+00,3.0626251876605064e+00,3.0626251876605064e+00,5.0998867276115885e+00,1.0098632312444786e+00,5.0998867276115885e+00,0.0000000000000000e+00,5.2773510371704822e+00,6.3880265778448386e+00,6.3880265778448386e+00,5.2773510371704822e+00,5.2773510371704822e+00,5.0998867276115885e+00,6.3880265778448386e+00,5.2773510371704822e+00,3.6849162788311238e+00,1.9101500920732122e+00,5.0998867276115885e+00,5.0998867276115885e+00,0.0000000000000000e+00,3.0626251876605064e+00,3.0626251876605064e+00,6.3880265778448386e+00,3.0626251876605064e+00,6.3880265778448386e+00,5.2773510371704822e+00,1.0098632312444786e+00,3.6849162788311238e+00,0.0000000000000000e+00,1.9101500920732122e+00,6.3880265778448386e+00,3.0626251876605064e+00,0.0000000000000000e+00,1.9101500920732122e+00,3.0626251876605064e+00,3.0626251876605064e+00,0.0000000000000000e+00,5.2773510371704822e+00,5.2773510371704822e+00,5.0998867276115885e+00,0.0000000000000000e+00,6.3880265778448386e+00,6.3880265778448386e+00,5.2773510371704822e+00,3.6849162788311238e+00,3.0626251876605064e+00,3.0626251876605064e+00,5.0998867276115885e+00,6.3880265778448386e+00,3.0626251876605064e+00,5.2773510371704822e+00,5.0998867276115885e+00,6.3880265778448386e+00,6.3880265778448386e+00,3.0626251876605064e+00,5.0998867276115885e+00,5.2773510371704822e+00,5.0998867276115885e+00,1.9101500920732122e+00,5.2773510371704822e+00,5.2773510371704822e+00,1.0098632312444786e+00,0.0000000000000000e+00,6.3880265778448386e+00,3.6849162788311238e+00,1.0098632312444786e+00,3.6849162788311238e+00,5.2773510371704822e+00,5.0998867276115885e+00,6.3880265778448386e+00,0.0000000000000000e+00,5.0998867276115885e+00,0.0000000000000000e+00,6.3880265778448386e+00,1.0098632312444786e+00,6.3880265778448386e+00,5.2773510371704822e+00,3.0626251876605064e+00,5.2773510371704822e+00,5.2773510371704822e+00,1.9101500920732122e+00,5.2773510371704822e+00,1.0098632312444786e+00,5.2773510371704822e+00,3.6849162788311238e+00,1.0098632312444786e+00,3.6849162788311238e+00,0.0000000000000000e+00,3.6849162788311238e+00,6.3880265778448386e+00,1.0098632312444786e+00,5.2773510371704822e+00,6.3880265778448386e+00,6.3880265778448386e+00,6.3880265778448386e+00,3.0626251876605064e+00,6.3880265778448386e+00,3.0626251876605064e+00,3.0626251876605064e+00,1.0098632312444786e+00,1.9101500920732122e+00,3.0626251876605064e+00,3.6849162788311238e+00,6.3880265778448386e+00,6.3880265778448386e+00,3.0626251876605064e+00,5.2773510371704822e+00,1.0098632312444786e+00,3.6849162788311238e+00,6.3880265778448386e+00,0.0000000000000000e+00,5.2773510371704822e+00,6.3880265778448386e+00,6.3880265778448386e+00,6.3880265778448386e+00,5.0998867276115885e+00,5.2773510371704822e+00,5.2773510371704822e+00,3.0626251876605064e+00,5.0998867276115885e+00,3.6849162788311238e+00,5.2773510371704822e+00,0.0000000000000000e+00,5.2773510371704822e+00,1.0098632312444786e+00,6.3880265778448386e+00,5.2773510371704822e+00,5.2773510371704822e+00,1.0098632312444786e+00,5.2773510371704822e+00,5.2773510371704822e+00,5.0998867276115885e+00,5.2773510371704822e+00,6.3880265778448386e+00,3.6849162788311238e+00,3.0626251876605064e+00,3.6849162788311238e+00,5.0998867276115885e+00,6.3880265778448386e+00,3.0626251876605064e+00,6.3880265778448386e+00,6.3880265778448386e+00,5.2773510371704822e+00,6.3880265778448386e+00,6.3880265778448386e+00,6.3880265778448386e+00,5.2773510371704822e+00,6.3880265778448386e+00,3.0626251876605064e+00,6.3880265778448386e+00,6.3880265778448386e+00,6.3880265778448386e+00,0.0000000000000000e+00,5.2773510371704822e+00,0.0000000000000000e+00,1.0098632312444786e+00,6.3880265778448386e+00,1.0098632312444786e+00,0.0000000000000000e+00,6.3880265778448386e+00,6.3880265778448386e+00,6.3880265778448386e+00,6.3880265778448386e+00,6.3880265778448386e+00,1.9101500920732122e+00,1.9101500920732122e+00,6.3880265778448386e+00,6.3880265778448386e+00,6.3880265778448386e+00,3.0626251876605064e+00,5.2773510371704822e+00,6.3880265778448386e+00,5.2773510371704822e+00,0.0000000000000000e+00,6.3880265778448386e+00,6.3880265778448386e+00,5.2773510371704822e+00,1.9101500920732122e+00,6.3880265778448386e+00,3.0626251876605064e+00,5.2773510371704822e+00,3.0626251876605064e+00,1.9101500920732122e+00,3.6849162788311238e+00,3.6849162788311238e+00,3.6849162788311238e+00,5.2773510371704822e+00,1.9101500920732122e+00,5.0998867276115885e+00,1.9101500920732122e+00
2.7751953103794831e+00,2.7751953103794831e+00,2.7751953103794831e+00,2.7751953103794831e+00,8.9530010614646649e-01,8.9530010614646649e-01,2.7751953103794831e+00,5.3358536522389794e+00,0.0000000000000000e+00,6.6463464207118079e+00,6.6463464207118079e+00,6.6463464207118079e+00,6.6463464207118079e+00,6.6463464207118079e+00,5.3358536522389794e+00,5.3358536522389794e+00,5.3358536522389794e+00,2.7751953103794831e+00,5.3358536522389794e+00,5.3358536522389794e+00,5.3358536522389794e+00,5.3358536522389794e+00,8.9530010614646649e-01,0.0000000000000000e+00,2.7751953103794831e+00,1.9813012878831013e+00,6.6463464207118079e+00,6.6463464207118079e+00,5.3358536522389794e+00,6.6463464207118079e+00,8.9530010614646649e-01,0.0000000000000000e+00,5.3358536522389794e+00,6.6463464207118079e+00,6.6463464207118079e+00,6.6463464207118079e+00,5.3358536522389794e+00,5.3358536522389794e+00,1.9813012878831013e+00,6.6463464207118079e+00,6.6463464207118079e+00,1.9813012878831013e+00,1.9813012878831013e+00,2.7751953103794831e+00,5.3358536522389794e+00,2.7751953103794831e+00,1.9813012878831013e+00,2.7751953103794831e+00,6.6463464207118079e+00,5.3358536522389794e+00,5.3358536522389794e+00,5.3358536522389794e+00,8.9530010614646649e-01,8.9530010614646649e-01,8.9530010614646649e-01,5.3358536522389794e+00,8.9530010614646649e-01,6.6463464207118079e+00,5.3358536522389794e+00,5.3358536522389794e+00,5.3358536522389794e+00,5.3358536522389794e+00,4.3069783047283554e+00,5.3358536522389794e+00,5.3358536522389794e+00,6.6463464207118079e+00,4.3069783047283554e+00,4.3069783047283554e+00,8.9530010614646649e-01,8.9530010614646649e-01,3.7964039447240037e+00,5.3358536522389794e+00,5.3358536522389794e+00,5.3358536522389794e+00,6.6463464207118079e+00,5.3358536522389794e+00,5.3358536522389794e+00,6.6463464207118079e+00,4.3069783047283554e+00,4.3069783047283554e+00,1.9813012878831013e+00,6.6463464207118079e+00,5.3358536522389794e+00,6.6463464207118079e+00,5.3358536522389794e+00,5.3358536522389794e+00,6.6463464207118079e+00,5.3358536522389794e+00,6.6463464207118079e+00,1.9813012878831013e+00,6.6463464207118079e+00,5.3358536522389794e+00,6.6463464207118079e+00,6.6463464207118079e+00,0.0000000000000000e+00,1.9813012878831013e+00,6.6463464207118079e+00,5.3358536522389794e+00,6.6463464207118079e+00,6.6463464207118079e+00,5.3358536522389794e+00,5.3358536522389794e+00,5.3358536522389794e+00,5.3358536522389794e+00,6.6463464207118079e+00,4.3069783047283554e+00,4.3069783047283554e+00,1.9813012878831013e+00,4.3069783047283554e+00,5.3358536522389794e+00,5.3358536522389794e+00,4.3069783047283554e+00,4.3069783047283554e+00,0.0000000000000000e+00,5.3358536522389794e+00,0.0000000000000000e+00,2.7751953103794831e+00,8.9530010614646649e-01,6.6463464207118079e+00,6.6463464207118079e+00,6.6463464207118079e+00,5.3358536522389794e+00,0.0000000000000000e+00,2.7751953103794831e+00,5.3358536522389794e+00,5.3358536522389794e+00,6.6463464207118079e+00,8.9530010614646649e-01,6.6463464207118079e+00,0.0000000000000000e+00,6.6463464207118079e+00,0.0000000000000000e+00,6.6463464207118079e+00,5.3358536522389794e+00,8.9530010614646649e-01,6.6463464207118079e+00,6.6463464207118079e+00,6.6463464207118079e+00,5.3358536522389794e+00,4.3069783047283554e+00,2.7751953103794831e+00,5.3358536522389794e+00,5.3358536522389794e+00,6.6463464207118079e+00,2.7751953103794831e+00,5.3358536522389794e+00,3.7964039447240037e+00,1.9813012878831013e+00,2.7751953103794831e+00,6.6463464207118079e+00,6.6463464207118079e+00,8.9530010614646649e-01,0.0000000000000000e+00,5.3358536522389794e+00,3.7964039447240037e+00,6.6463464207118079e+00,5.3358536522389794e+00,6.6463464207118079e+00,1.9813012878831013e+00,3.7964039447240037e+00,5.3358536522389794e+00,6.6463464207118079e+00,6.6463464207118079e+00,8.9530010614646649e-01,5.3358536522389794e+00,2.7751953103794831e+00,8.9530010614646649e-01,5.3358536522389794e+00,6.6463464207118079e+00,6.6463464207118079e+00,0.0000000000000000e+00,5.3358536522389794e+00,6.6463464207118079e+00,0.0000000000000000e+00,6.6463464207118079e+00,8.9530010614646649e-01,2.7751953103794831e+00,6.6463464207118079e+00,0.0000000000000000e+00,6.6463464207118079e+00,1.9813012878831013e+00,5.3358536522389794e+00,5.3358536522389794e+00,6.6463464207118079e+00,6.6463464207118079e+00,4.3069783047283554e+00,2.7751953103794831e+00,2.7751953103794831e+00,6.6463464207118079e+00,1.9813012878831013e+00,6.6463464207118079e+00,6.6463464207118079e+00,6.6463464207118079e+00,6.6463464207118079e+00,6.6463464207118079e+00,6.6463464207118079e+00,4.3069783047283554e+00,5.3358536522389794e+00,6.6463464207118079e+00,1.9813012878831013e+00,6.6463464207118079e+00,4.3069783047283554e+00,4.3069783047283554e+00,6.6463464207118079e+00,4.3069783047283554e+00,2.7751953103794831e+00,2.7751953103794831e+00,6.6463464207118079e+00,2.7751953103794831e+00,6.6463464207118079e+00,1.9813012878831013e+00,5.3358536522389794e+00,5.3358536522389794e+00,4.3069783047283554e+00,8.9530010614646649e-01,5.3358536522389794e+00,1.9813012878831013e+00,2.7751953103794831e+00,4.3069783047283554e+00,6.6463464207118079e+00,2.7751953103794831e+00,2.7751953103794831e+00,1.9813012878831013e+00,0.0000000000000000e+00,6.6463464207118079e+00,5.3358536522389794e+00,6.6463464207118079e+00,0.0000000000000000e+00,2.7751953103794831e+00,4.3069783047283554e+00,6.6463464207118079e+00,6.6463464207118079e+00,1.9813012878831013e+00,6.6463464207118079e+00,3.7964039447240037e+00,2.7751953103794831e+00,6.6463464207118079e+00,6.6463464207118079e+00,5.3358536522389794e+00,2.7751953103794831e+00,5.3358536522389794e+00,5.3358536522389794e+00,5.3358536522389794e+00,5.3358536522389794e+00,6.6463464207118079e+00,8.9530010614646649e-01,8.9530010614646649e-01,6.6463464207118079e+00,5.3358536522389794e+00,6.6463464207118079e+00,6.6463464207118079e+00,8.9530010614646649e-01,6.6463464207118079e+00,1.9813012878831013e+00,6.6463464207118079e+00,8.9530010614646649e-01,0.0000000000000000e+00,5.3358536522389794e+00,2.7751953103794831e+00,6.6463464207118079e+00,8.9530010614646649e-01,5.3358536522389794e+00,8.9530010614646649e-01,6.6463464207118079e+00,3.7964039447240037e+00,4.3069783047283554e+00,4.3069783047283554e+00,6.6463464207118079e+00,8.9530010614646649e-01,5.3358536522389794e+00,0.0000000000000000e+00,5.3358536522389794e+00,2.7751953103794831e+00,6.6463464207118079e+00,6.6463464207118079e+00,5.3358536522389794e+00,6.6463464207118079e+00,2.7751953103794831e+00,6.6463464207118079e+00,8.9530010614646649e-01,5.3358536522389794e+00,0.0000000000000000e+00,8.9530010614646649e-01,4.3069783047283554e+00,0.0000000000000000e+00,5.3358536522389794e+00,5.3358536522389794e+00,5.3358536522389794e+00,0.0000000000000000e+00,3.7964039447240037e+00,0.0000000000000000e+00,5.3358536522389794e+00,5.3358536522389794e+00,3.7964039447240037e+00,6.6463464207118079e+00,5.3358536522389794e+00,3.7964039447240037e+00,8.9530010614646649e-01,6.6463464207118079e+00,4.3069783047283554e+00,5.3358536522389794e+00,6.6463464207118079e+00,5.3358536522389794e+00,6.6463464207118079e+00,6.6463464207118079e+00,6.6463464207118079e+00,2.7751953103794831e+00,2.7751953103794831e+00,4.3069783047283554e+00,5.3358536522389794e+00,4.3069783047283554e+00,4.3069783047283554e+00,5.3358536522389794e+00,6.6463464207118079e+00,5.3358536522389794e+00,2.7751953103794831e+00,2.7751953103794831e+00,4.3069783047283554e+00,5.3358536522389794e+00,5.3358536522389794e+00,6.6463464207118079e+00,5.3358536522389794e+00,1.9813012878831013e+00,6.6463464207118079e+00,2.7751953103794831e+00,0.0000000000000000e+00,2.7751953103794831e+00,2.7751953103794831e+00,8.9530010614646649e-01,6.6463464207118079e+00,5.3358536522389794e+00,5.3358536522389794e+00,8.9530010614646649e-01,5.3358536522389794e+00,3.7964039447240037e+00,5.3358536522389794e+00,3.7964039447240037e+00,4.3069783047283554e+00,2.7751953103794831e+00,5.3358536522389794e+00,6.6463464207118079e+00,5.3358536522389794e+00,2.7751953103794831e+00,6.6463464207118079e+00,6.6463464207118079e+00,6.6463464207118079e+00,0.0000000000000000e+00,6.6463464207118079e+00,5.3358536522389794e+00,5.3358536522389794e+00,6.6463464207118079e+00,0.0000000000000000e+00,6.6463464207118079e+00,1.9813012878831013e+00,6.6463464207118079e+00,6.6463464207118079e+00,6.6463464207118079e+00,6.6463464207118079e+00,8.9530010614646649e-01,2.7751953103794831e+00,6.6463464207118079e+00,8.9530010614646649e-01,8.9530010614646649e-01,3.7964039447240037e+00,3.7964039447240037e+00,6.6463464207118079e+00,5.3358536522389794e+00,6.6463464207118079e+00,5.3358536522389794e+00,8.9530010614646649e-01,6.6463464207118079e+00,8.9530010614646649e-01,5.3358536522389794e+00,6.6463464207118079e+00,5.3358536522389794e+00,5.3358536522389794e+00,5.3358536522389794e+00,5.3358536522389794e+00,4.3069783047283554e+00,0.0000000000000000e+00,2.7751953103794831e+00,5.3358536522389794e+00,6.6463464207118079e+00,5.3358536522389794e+00,6.6463464207118079e+00,4.3069783047283554e+00,3.7964039447240037e+00,1.9813012878831013e+00,6.6463464207118079e+00,3.7964039447240037e+00,2.7751953103794831e+00,1.9813012878831013e+00,6.6463464207118079e+00,6.6463464207118079e+00,6.6463464207118079e+00,5.3358536522389794e+00,5.3358536522389794e+00,2.7751953103794831e+00,3.7964039447240037e+00,6.6463464207118079e+00,0.0000000000000000e+00,5.3358536522389794e+00,5.3358536522389794e+00,2.7751953103794831e+00,5.3358536522389794e+00,1.9813012878831013e+00,3.7964039447240037e+00,6.6463464207118079e+00,6.6463464207118079e+00,6.6463464207118079e+00,8.9530010614646649e-01,5.3358536522389794e+00,5.3358536522389794e+00,3.7964039447240037e+00,2.7751953103794831e+00,4.3069783047283554e+00,6.6463464207118079e+00,5.3358536522389794e+00,6.6463464207118079e+00,6.6463464207118079e+00,4.3069783047283554e+00,3.7964039447240037e+00,0.0000000000000000e+00,6.6463464207118079e+00,5.3358536522389794e+00,2.7751953103794831e+00,2.7751953103794831e+00,6.6463464207118079e+00,8.9530010614646649e-01,1.9813012878831013e+00,0.0000000000000000e+00,5.3358536522389794e+00,4.3069783047283554e+00,4.3069783047283554e+00,2.7751953103794831e+00,8.9530010614646649e-01,4.3069783047283554e+00,4.3069783047283554e+00,4.3069783047283554e+00,5.3358536522389794e+00,0.0000000000000000e+00,6.6463464207118079e+00,8.9530010614646649e-01,5.3358536522389794e+00,5.3358536522389794e+00,5.3358536522389794e+00,1.9813012878831013e+00,8.9530010614646649e-01,8.9530010614646649e-01,1.9813012878831013e+00,5.3358536522389794e+00,2.7751953103794831e+00,3.7964039447240037e+00,8.9530010614646649e-01,2.7751953103794831e+00,6.6463464207118079e+00,6.6463464207118079e+00,5.3358536522389794e+00,4.3069783047283554e+00,2.7751953103794831e+00,0.0000000000000000e+00,6.6463464207118079e+00,0.0000000000000000e+00,6.6463464207118079e+00,6.6463464207118079e+00,6.6463464207118079e+00,3.7964039447240037e+00,1.9813012878831013e+00,6.6463464207118079e+00,1.9813012878831013e+00,4.3069783047283554e+00,4.3069783047283554e+00,5.3358536522389794e+00,3.7964039447240037e+00,6.6463464207118079e+00,2.7751953103794831e+00,6.6463464207118079e+00,6.6463464207118079e+00,6.6463464207118079e+00,6.6463464207118079e+00,6.6463464207118079e+00,2.7751953103794831e+00,4.3069783047283554e+00,2.7751953103794831e+00,5.3358536522389794e+00,6.6463464207118079e+00,4.3069783047283554e+00,4.3069783047283554e+00,2.7751953103794831e+00,0.0000000000000000e+00,3.7964039447240037e+00,4.3069783047283554e+00,5.3358536522389794e+00,6.6463464207118079e+00,1.9813012878831013e+00,1.9813012878831013e+00,0.0000000000000000e+00,6.6463464207118079e+00,1.9813012878831013e+00,4.3069783047283554e+00,4.3069783047283554e+00,5.3358536522389794e+00,5.3358536522389794e+00,3.7964039447240037e+00,5.3358536522389794e+00,3.7964039447240037e+00,3.7964039447240037e+00,5.3358536522389794e+00,3.7964039447240037e+00,3.7964039447240037e+00,5.3358536522389794e+00,4.3069783047283554e+00,0.0000000000000000e+00,4.3069783047283554e+00,0.0000000000000000e+00,5.3358536522389794e+00,5.3358536522389794e+00,0.0000000000000000e+00,6.6463464207118079e+00,4.3069783047283554e+00,4.3069783047283554e+00,4.3069783047283554e+00,5.3358536522389794e+00,5.3358536522389794e+00,8.9530010614646649e-01,3.7964039447240037e+00,5.3358536522389794e+00,5.3358536522389794e+00,5.3358536522389794e+00,4.3069783047283554e+00,6.6463464207118079e+00,1.9813012878831013e+00,6.6463464207118079e+00,6.6463464207118079e+00,5.3358536522389794e+00,8.9530010614646649e-01,2.7751953103794831e+00,0.0000000000000000e+00,4.3069783047283554e+00,5.3358536522389794e+00,5.3358536522389794e+00,8.9530010614646649e-01,1.9813012878831013e+00,2.7751953103794831e+00,3.7964039447240037e+00,4.3069783047283554e+00,2.7751953103794831e+00,2.7751953103794831e+00,4.3069783047283554e+00,2.7751953103794831e+00,2.7751953103794831e+00,2.7751953103794831e+00,6.6463464207118079e+00,8.9530010614646649e-01,8.9530010614646649e-01,4.3069783047283554e+00,2.7751953103794831e+00,6.6463464207118079e+00,6.6463464207118079e+00,6.6463464207118079e+00,6.6463464207118079e+00,6.6463464207118079e+00,3.7964039447240037e+00,3.7964039447240037e+00,3.7964039447240037e+00,2.7751953103794831e+00,2.7751953103794831e+00,8.9530010614646649e-01,3.7964039447240037e+00,6.6463464207118079e+00,5.3358536522389794e+00,5.3358536522389794e+00,2.7751953103794831e+00,6.6463464207118079e+00,3.7964039447240037e+00,6.6463464207118079e+00,6.6463464207118079e+00,4.3069783047283554e+00,6.6463464207118079e+00,2.7751953103794831e+00,3.7964039447240037e+00,3.7964039447240037e+00,2.7751953103794831e+00,6.6463464207118079e+00,6.6463464207118079e+00,1.9813012878831013e+00,1.9813012878831013e+00,0.0000000000000000e+00,8.9530010614646649e-01,6.6463464207118079e+00,3.7964039447240037e+00,2.7751953103794831e+00,4.3069783047283554e+00,2.7751953103794831e+00,0.0000000000000000e+00,3.7964039447240037e+00,1.9813012878831013e+00,3.7964039447240037e+00,3.7964039447240037e+00,6.6463464207118079e+00,5.3358536522389794e+00,5.3358536522389794e+00,5.3358536522389794e+00,3.7964039447240037e+00,8.9530010614646649e-01,8.9530010614646649e-01,6.6463464207118079e+00,6.6463464207118079e+00,2.7751953103794831e+00,6.6463464207118079e+00,6.6463464207118079e+00,8.9530010614646649e-01,4.3069783047283554e+00,2.7751953103794831e+00,8.9530010614646649e-01,6.6463464207118079e+00,6.6463464207118079e+00,3.7964039447240037e+00,3.7964039447240037e+00,6.6463464207118079e+00,2.7751953103794831e+00,5.3358536522389794e+00,5.3358536522389794e+00,6.6463464207118079e+00,8.9530010614646649e-01,0.0000000000000000e+00,3.7964039447240037e+00,5.3358536522389794e+00,6.6463464207118079e+00,6.6463464207118079e+00,5.3358536522389794e+00,8.9530010614646649e-01,4.3069783047283554e+00,1.9813012878831013e+00,6.6463464207118079e+00,0.0000000000000000e+00,6.6463464207118079e+00,5.3358536522389794e+00,5.3358536522389794e+00,6.6463464207118079e+00,4.3069783047283554e+00,4.3069783047283554e+00,6.6463464207118079e+00,8.9530010614646649e-01,8.9530010614646649e-01,0.0000000000000000e+00,8.9530010614646649e-01,8.9530010614646649e-01,5.3358536522389794e+00,6.6463464207118079e+00,3.7964039447240037e+00,3.7964039447240037e+00,5.3358536522389794e+00,4.3069783047283554e+00,2.7751953103794831e+00,4.3069783047283554e+00,1.9813012878831013e+00,6.6463464207118079e+00,4.3069783047283554e+00,1.9813012878831013e+00,3.7964039447240037e+00,6.6463464207118079e+00,0.0000000000000000e+00,6.6463464207118079e+00,6.6463464207118079e+00,1.9813012878831013e+00,4.3069783047283554e+00,3.7964039447240037e+00,3.7964039447240037e+00,3.7964039447240037e+00,5.3358536522389794e+00,6.6463464207118079e+00,5.3358536522389794e+00,5.3358536522389794e+00,5.3358536522389794e+00,0.0000000000000000e+00,6.6463464207118079e+00,1.9813012878831013e+00,6.6463464207118079e+00,4.3069783047283554e+00,5.3358536522389794e+00,8.9530010614646649e-01,5.3358536522389794e+00,5.3358536522389794e+00,4.3069783047283554e+00,6.6463464207118079e+00,5.3358536522389794e+00,5.3358536522389794e+00,1.9813012878831013e+00,8.9530010614646649e-01,5.3358536522389794e+00,5.3358536522389794e+00,4.3069783047283554e+00,6.6463464207118079e+00,5.3358536522389794e+00,1.9813012878831013e+00,2.7751953103794831e+00,4.3069783047283554e+00,6.6463464207118079e+00,6.6463464207118079e+00,8.9530010614646649e-01,1.9813012878831013e+00,6.6463464207118079e+00,5.3358536522389794e+00,0.0000000000000000e+00,2.7751953103794831e+00,6.6463464207118079e+00,0.0000000000000000e+00,2.7751953103794831e+00,2.7751953103794831e+00,5.3358536522389794e+00,4.3069783047283554e+00,4.3069783047283554e+00,0.0000000000000000e+00,6.6463464207118079e+00,5.3358536522389794e+00,5.3358536522389794e+00,3.7964039447240037e+00,5.3358536522389794e+00,6.6463464207118079e+00,6.6463464207118079e+00,0.0000000000000000e+00,2.7751953103794831e+00,5.3358536522389794e+00,6.6463464207118079e+00,3.7964039447240037e+00,6.6463464207118079e+00,3.7964039447240037e+00,3.7964039447240037e+00,0.0000000000000000e+00,6.6463464207118079e+00,6.6463464207118079e+00,4.3069783047283554e+00,3.7964039447240037e+00,4.3069783047283554e+00,6.6463464207118079e+00,6.6463464207118079e+00,6.6463464207118079e+00,6.6463464207118079e+00,6.6463464207118079e+00,8.9530010614646649e-01,0.0000000000000000e+00,4.3069783047283554e+00,6.6463464207118079e+00,6.6463464207118079e+00,2.7751953103794831e+00,6.6463464207118079e+00,0.0000000000000000e+00,2.7751953103794831e+00,8.9530010614646649e-01,5.3358536522389794e+00,5.3358536522389794e+00,5.3358536522389794e+00,6.6463464207118079e+00,6.6463464207118079e+00,6.6463464207118079e+00,5.3358536522389794e+00,0.0000000000000000e+00,1.9813012878831013e+00,4.3069783047283554e+00,5.3358536522389794e+00,1.9813012878831013e+00,6.6463464207118079e+00,6.6463464207118079e+00,5.3358536522389794e+00,5.3358536522389794e+00,3.7964039447240037e+00,6.6463464207118079e+00,5.3358536522389794e+00,5.3358536522389794e+00,6.6463464207118079e+00,8.9530010614646649e-01,8.9530010614646649e-01,4.3069783047283554e+00,6.6463464207118079e+00,4.3069783047283554e+00,0.0000000000000000e+00,3.7964039447240037e+00,8.9530010614646649e-01,6.6463464207118079e+00,3.7964039447240037e+00,6.6463464207118079e+00,5.3358536522389794e+00,4.3069783047283554e+00,8.9530010614646649e-01,6.6463464207118079e+00,4.3069783047283554e+00,3.7964039447240037e+00,6.6463464207118079e+00,4.3069783047283554e+00,4.3069783047283554e+00,1.9813012878831013e+00,0.0000000000000000e+00,5.3358536522389794e+00,1.9813012878831013e+00,3.7964039447240037e+00,6.6463464207118079e+00,6.6463464207118079e+00,4.3069783047283554e+00,1.9813012878831013e+00,4.3069783047283554e+00,6.6463464207118079e+00,6.6463464207118079e+00,8.9530010614646649e-01,4.3069783047283554e+00,0.0000000000000000e+00,4.3069783047283554e+00,4.3069783047283554e+00,5.3358536522389794e+00,4.3069783047283554e+00,6.6463464207118079e+00,6.6463464207118079e+00,5.3358536522389794e+00,1.9813012878831013e+00,6.6463464207118079e+00,4.3069783047283554e+00,8.9530010614646649e-01,1.9813012878831013e+00,4.3069783047283554e+00,3.7964039447240037e+00,1.9813012878831013e+00,3.7964039447240037e+00,5.3358536522389794e+00,3.7964039447240037e+00,8.9530010614646649e-01,2.7751953103794831e+00,3.7964039447240037e+00,1.9813012878831013e+00,8.9530010614646649e-01,8.9530010614646649e-01,5.3358536522389794e+00,1.9813012878831013e+00,3.7964039447240037e+00,3.7964039447240037e+00,0.0000000000000000e+00,4.3069783047283554e+00,3.7964039447240037e+00,5.3358536522389794e+00,0.0000000000000000e+00,2.7751953103794831e+00,3.7964039447240037e+00,5.3358536522389794e+00,8.9530010614646649e-01,2.7751953103794831e+00,2.7751953103794831e+00,8.9530010614646649e-01,3.7964039447240037e+00,4.3069783047283554e+00,6.6463464207118079e+00,4.3069783047283554e+00,6.6463464207118079e+00,6.6463464207118079e+00,6.6463464207118079e+00,1.9813012878831013e+00,2.7751953103794831e+00,5.3358536522389794e+00,2.7751953103794831e+00,6.6463464207118079e+00,0.0000000000000000e+00,6.6463464207118079e+00,5.3358536522389794e+00,5.3358536522389794e+00,6.6463464207118079e+00,3.7964039447240037e+00,2.7751953103794831e+00,6.6463464207118079e+00,8.9530010614646649e-01,6.6463464207118079e+00,0.0000000000000000e+00,1.9813012878831013e+00,1.9813012878831013e+00,6.6463464207118079e+00,6.6463464207118079e+00,5.3358536522389794e+00,5.3358536522389794e+00,5.3358536522389794e+00,3.7964039447240037e+00,6.6463464207118079e+00,6.6463464207118079e+00,1.9813012878831013e+00,6.6463464207118079e+00,1.9813012878831013e+00,4.3069783047283554e+00,4.3069783047283554e+00,3.7964039447240037e+00,6.6463464207118079e+00,6.6463464207118079e+00,0.0000000000000000e+00,6.6463464207118079e+00,4.3069783047283554e+00,2.7751953103794831e+00,8.9530010614646649e-01,3.7964039447240037e+00,6.6463464207118079e+00,8.9530010614646649e-01,1.9813012878831013e+00,8.9530010614646649e-01,0.0000000000000000e+00,3.7964039447240037e+00,3.7964039447240037e+00,4.3069783047283554e+00,6.6463464207118079e+00,8.9530010614646649e-01,6.6463464207118079e+00,0.0000000000000000e+00,4.3069783047283554e+00,2.7751953103794831e+00,1.9813012878831013e+00,0.0000000000000000e+00,2.7751953103794831e+00,4.3069783047283554e+00,8.9530010614646649e-01,2.7751953103794831e+00,8.9530010614646649e-01,5.3358536522389794e+00,6.6463464207118079e+00,4.3069783047283554e+00,6.6463464207118079e+00,5.3358536522389794e+00,6.6463464207118079e+00,1.9813012878831013e+00,6.6463464207118079e+00,4.3069783047283554e+00,0.0000000000000000e+00,6.6463464207118079e+00,4.3069783047283554e+00,3.7964039447240037e+00,6.6463464207118079e+00,6.6463464207118079e+00,6.6463464207118079e+00,2.7751953103794831e+00,2.7751953103794831e+00,3.7964039447240037e+00,6.6463464207118079e+00,0.0000000000000000e+00,6.6463464207118079e+00,5.3358536522389794e+00,4.3069783047283554e+00,6.6463464207118079e+00,6.6463464207118079e+00,6.6463464207118079e+00,0.0000000000000000e+00,8.9530010614646649e-01,8.9530010614646649e-01,8.9530010614646649e-01,2.7751953103794831e+00,4.3069783047283554e+00,6.6463464207118079e+00,8.9530010614646649e-01,5.3358536522389794e+00,6.6463464207118079e+00,6.6463464207118079e+00,4.3069783047283554e+00,6.6463464207118079e+00,3.7964039447240037e+00,2.7751953103794831e+00,6.6463464207118079e+00,3.7964039447240037e+00,6.6463464207118079e+00,0.0000000000000000e+00,6.6463464207118079e+00,1.9813012878831013e+00,3.7964039447240037e+00,1.9813012878831013e+00,6.6463464207118079e+00,3.7964039447240037e+00,3.7964039447240037e+00,2.7751953103794831e+00,3.7964039447240037e+00,6.6463464207118079e+00,6.6463464207118079e+00,4.3069783047283554e+00,2.7751953103794831e+00,6.6463464207118079e+00,5.3358536522389794e+00,6.6463464207118079e+00,2.7751953103794831e+00,4.3069783047283554e+00,6.6463464207118079e+00,8.9530010614646649e-01,6.6463464207118079e+00,4.3069783047283554e+00,4.3069783047283554e+00,3.7964039447240037e+00,6.6463464207118079e+00,8.9530010614646649e-01,6.6463464207118079e+00,6.6463464207118079e+00,6.6463464207118079e+00,4.3069783047283554e+00,6.6463464207118079e+00,5.3358536522389794e+00,4.3069783047283554e+00,6.6463464207118079e+00,6.6463464207118079e+00,5.3358536522389794e+00,8.9530010614646649e-01,4.3069783047283554e+00,4.3069783047283554e+00,6.6463464207118079e+00
5.6864892514312304e+00,4.5195183827168481e+00,5.6864892514312304e+00,5.6864892514312304e+00,9.3336877587618006e-01,9.3336877587618006e-01,2.7856599794662080e+00,5.6864892514312304e+00,5.6864892514312304e+00,2.7856599794662080e+00,2.7856599794662080e+00,0.0000000000000000e+00,5.6864892514312304e+00,5.6864892514312304e+00,2.7856599794662080e+00,2.7856599794662080e+00,3.8126456427595592e+00,4.5195183827168481e+00,0.0000000000000000e+00,5.6864892514312304e+00,5.6864892514312304e+00,6.9487064191776522e+00,5.6864892514312304e+00,0.0000000000000000e+00,6.9487064191776522e+00,1.8425363042418683e+00,4.5195183827168481e+00,6.9487064191776522e+00,0.0000000000000000e+00,2.7856599794662080e+00,6.9487064191776522e+00,6.9487064191776522e+00,3.8126456427595592e+00,9.3336877587618006e-01,3.8126456427595592e+00,5.6864892514312304e+00,5.6864892514312304e+00,2.7856599794662080e+00,4.5195183827168481e+00,5.6864892514312304e+00,2.7856599794662080e+00,5.6864892514312304e+00,5.6864892514312304e+00,2.7856599794662080e+00,2.7856599794662080e+00,3.8126456427595592e+00,4.5195183827168481e+00,2.7856599794662080e+00,5.6864892514312304e+00,0.0000000000000000e+00,5.6864892514312304e+00,0.0000000000000000e+00,2.7856599794662080e+00,3.8126456427595592e+00,5.6864892514312304e+00,2.7856599794662080e+00,2.7856599794662080e+00,0.0000000000000000e+00,0.0000000000000000e+00,6.9487064191776522e+00,3.8126456427595592e+00,6.9487064191776522e+00,6.9487064191776522e+00,4.5195183827168481e+00,0.0000000000000000e+00,5.6864892514312304e+00,5.6864892514312304e+00,2.7856599794662080e+00,2.7856599794662080e+00,0.0000000000000000e+00,6.9487064191776522e+00,6.9487064191776522e+00,2.7856599794662080e+00,6.9487064191776522e+00,5.6864892514312304e+00,6.9487064191776522e+00,6.9487064191776522e+00,3.8126456427595592e+00,3.8126456427595592e+00,6.9487064191776522e+00,6.9487064191776522e+00,6.9487064191776522e+00,6.9487064191776522e+00,5.6864892514312304e+00,4.5195183827168481e+00,5.6864892514312304e+00,2.7856599794662080e+00,1.8425363042418683e+00,4.5195183827168481e+00,1.8425363042418683e+00,1.8425363042418683e+00,6.9487064191776522e+00,4.5195183827168481e+00,9.3336877587618006e-01,0.0000000000000000e+00,0.0000000000000000e+00,6.9487064191776522e+00,1.8425363042418683e+00,6.9487064191776522e+00,6.9487064191776522e+00,6.9487064191776522e+00,3.8126456427595592e+00,6.9487064191776522e+00,4.5195183827168481e+00,4.5195183827168481e+00,2.7856599794662080e+00,6.9487064191776522e+00,6.9487064191776522e+00,4.5195183827168481e+00,2.7856599794662080e+00,6.9487064191776522e+00,1.8425363042418683e+00,3.8126456427595592e+00,6.9487064191776522e+00,6.9487064191776522e+00,6.9487064191776522e+00,1.8425363042418683e+00,2.7856599794662080e+00,6.9487064191776522e+00,6.9487064191776522e+00,4.5195183827168481e+00,4.5195183827168481e+00,2.7856599794662080e+00,3.8126456427595592e+00,0.0000000000000000e+00,9.3336877587618006e-01,2.7856599794662080e+00,5.6864892514312304e+00,4.5195183827168481e+00,6.9487064191776522e+00,5.6864892514312304e+00,2.7856599794662080e+00,2.7856599794662080e+00,5.6864892514312304e+00,6.9487064191776522e+00,6.9487064191776522e+00,0.0000000000000000e+00,3.8126456427595592e+00,1.8425363042418683e+00,1.8425363042418683e+00,4.5195183827168481e+00,4.5195183827168481e+00,2.7856599794662080e+00,4.5195183827168481e+00,5.6864892514312304e+00,4.5195183827168481e+00,4.5195183827168481e+00,1.8425363042418683e+00,4.5195183827168481e+00,9.3336877587618006e-01,0.0000000000000000e+00,3.8126456427595592e+00,5.6864892514312304e+00,6.9487064191776522e+00,6.9487064191776522e+00,3.8126456427595592e+00,6.9487064191776522e+00,2.7856599794662080e+00,2.7856599794662080e+00,6.9487064191776522e+00,6.9487064191776522e+00,4.5195183827168481e+00,3.8126456427595592e+00,6.9487064191776522e+00,9.3336877587618006e-01,9.3336877587618006e-01,2.7856599794662080e+00,6.9487064191776522e+00,1.8425363042418683e+00,0.0000000000000000e+00,4.5195183827168481e+00,4.5195183827168481e+00,0.0000000000000000e+00,6.9487064191776522e+00,6.9487064191776522e+00,5.6864892514312304e+00,9.3336877587618006e-01,9.3336877587618006e-01,3.8126456427595592e+00,9.3336877587618006e-01,2.7856599794662080e+00,4.5195183827168481e+00,6.9487064191776522e+00,4.5195183827168481e+00,4.5195183827168481e+00,2.7856599794662080e+00,4.5195183827168481e+00,4.5195183827168481e+00,5.6864892514312304e+00,4.5195183827168481e+00,3.8126456427595592e+00,6.9487064191776522e+00,3.8126456427595592e+00,6.9487064191776522e+00,4.5195183827168481e+00,5.6864892514312304e+00,5.6864892514312304e+00,0.0000000000000000e+00,9.3336877587618006e-01,1.8425363042418683e+00,2.7856599794662080e+00,9.3336877587618006e-01,5.6864892514312304e+00,3.8126456427595592e+00,9.3336877587618006e-01,4.5195183827168481e+00,3.8126456427595592e+00,1.8425363042418683e+00,1.8425363042418683e+00,5.6864892514312304e+00,3.8126456427595592e+00,3.8126456427595592e+00,0.0000000000000000e+00,4.5195183827168481e+00,0.0000000000000000e+00,5.6864892514312304e+00,0.0000000000000000e+00,3.8126456427595592e+00,6.9487064191776522e+00,6.9487064191776522e+00,6.9487064191776522e+00,3.8126456427595592e+00,3.8126456427595592e+00,3.8126456427595592e+00,5.6864892514312304e+00,0.0000000000000000e+00,2.7856599794662080e+00,0.0000000000000000e+00,3.8126456427595592e+00,2.7856599794662080e+00,6.9487064191776522e+00,5.6864892514312304e+00,6.9487064191776522e+00,9.3336877587618006e-01,6.9487064191776522e+00,6.9487064191776522e+00,5.6864892514312304e+00,6.9487064191776522e+00,6.9487064191776522e+00,6.9487064191776522e+00,2.7856599794662080e+00,4.5195183827168481e+00,5.6864892514312304e+00,4.5195183827168481e+00,4.5195183827168481e+00,4.5195183827168481e+00,5.6864892514312304e+00,5.6864892514312304e+00,5.6864892514312304e+00,5.6864892514312304e+00,5.6864892514312304e+00,9.3336877587618006e-01,9.3336877587618006e-01,4.5195183827168481e+00,6.9487064191776522e+00,9.3336877587618006e-01,3.8126456427595592e+00,9.3336877587618006e-01,4.5195183827168481e+00,9.3336877587618006e-01,6.9487064191776522e+00,6.9487064191776522e+00,1.8425363042418683e+00,3.8126456427595592e+00,5.6864892514312304e+00,3.8126456427595592e+00,4.5195183827168481e+00,6.9487064191776522e+00,6.9487064191776522e+00,5.6864892514312304e+00,5.6864892514312304e+00,6.9487064191776522e+00,4.5195183827168481e+00,5.6864892514312304e+00,3.8126456427595592e+00,5.6864892514312304e+00,5.6864892514312304e+00,5.6864892514312304e+00,5.6864892514312304e+00,6.9487064191776522e+00,5.6864892514312304e+00,5.6864892514312304e+00,5.6864892514312304e+00,3.8126456427595592e+00,5.6864892514312304e+00,5.6864892514312304e+00,5.6864892514312304e+00,6.9487064191776522e+00,9.3336877587618006e-01,5.6864892514312304e+00,5.6864892514312304e+00,1.8425363042418683e+00,4.5195183827168481e+00,6.9487064191776522e+00,5.6864892514312304e+00,2.7856599794662080e+00,6.9487064191776522e+00,5.6864892514312304e+00,6.9487064191776522e+00,6.9487064191776522e+00,4.5195183827168481e+00,1.8425363042418683e+00,6.9487064191776522e+00,6.9487064191776522e+00,6.9487064191776522e+00,5.6864892514312304e+00,6.9487064191776522e+00,1.8425363042418683e+00,6.9487064191776522e+00,3.8126456427595592e+00,5.6864892514312304e+00,6.9487064191776522e+00,6.9487064191776522e+00,6.9487064191776522e+00,6.9487064191776522e+00,6.9487064191776522e+00,5.6864892514312304e+00,6.9487064191776522e+00,6.9487064191776522e+00,4.5195183827168481e+00,4.5195183827168481e+00,5.6864892514312304e+00,6.9487064191776522e+00,0.0000000000000000e+00,6.9487064191776522e+00,5.6864892514312304e+00,5.6864892514312304e+00,5.6864892514312304e+00,0.0000000000000000e+00,4.5195183827168481e+00,9.3336877587618006e-01,3.8126456427595592e+00,6.9487064191776522e+00,4.5195183827168481e+00,6.9487064191776522e+00,6.9487064191776522e+00,4.5195183827168481e+00,5.6864892514312304e+00,5.6864892514312304e+00,5.6864892514312304e+00,5.6864892514312304e+00,6.9487064191776522e+00,6.9487064191776522e+00,1.8425363042418683e+00,9.3336877587618006e-01,5.6864892514312304e+00,5.6864892514312304e+00,5.6864892514312304e+00,5.6864892514312304e+00,2.7856599794662080e+00,1.8425363042418683e+00,2.7856599794662080e+00,6.9487064191776522e+00,5.6864892514312304e+00,5.6864892514312304e+00,5.6864892514312304e+00,3.8126456427595592e+00,1.8425363042418683e+00,6.9487064191776522e+00,3.8126456427595592e+00,6.9487064191776522e+00,6.9487064191776522e+00,6.9487064191776522e+00,6.9487064191776522e+00,6.9487064191776522e+00,6.9487064191776522e+00,9.3336877587618006e-01,0.0000000000000000e+00,1.8425363042418683e+00,4.5195183827168481e+00,4.5195183827168481e+00,3.8126456427595592e+00,3.8126456427595592e+00,2.7856599794662080e+00,4.5195183827168481e+00,2.7856599794662080e+00,0.0000000000000000e+00,5.6864892514312304e+00,4.5195183827168481e+00,0.0000000000000000e+00,5.6864892514312304e+00,9.3336877587618006e-01,9.3336877587618006e-01,5.6864892514312304e+00,6.9487064191776522e+00,1.8425363042418683e+00,4.5195183827168481e+00,5.6864892514312304e+00,0.0000000000000000e+00,6.9487064191776522e+00,6.9487064191776522e+00,1.8425363042418683e+00,4.5195183827168481e+00,1.8425363042418683e+00,5.6864892514312304e+00,0.0000000000000000e+00,5.6864892514312304e+00,3.8126456427595592e+00,1.8425363042418683e+00,9.3336877587618006e-01,9.3336877587618006e-01,3.8126456427595592e+00,4.5195183827168481e+00,1.8425363042418683e+00,9.3336877587618006e-01,4.5195183827168481e+00,6.9487064191776522e+00,6.9487064191776522e+00,6.9487064191776522e+00,6.9487064191776522e+00,5.6864892514312304e+00,4.5195183827168481e+00,9.3336877587618006e-01,6.9487064191776522e+00,5.6864892514312304e+00,1.8425363042418683e+00,2.7856599794662080e+00,5.6864892514312304e+00,6.9487064191776522e+00,6.9487064191776522e+00,6.9487064191776522e+00,6.9487064191776522e+00,6.9487064191776522e+00,6.9487064191776522e+00,6.9487064191776522e+00,6.9487064191776522e+00,6.9487064191776522e+00,4.5195183827168481e+00,5.6864892514312304e+00,5.6864892514312304e+00,0.0000000000000000e+00,6.9487064191776522e+00,0.0000000000000000e+00,5.6864892514312304e+00,2.7856599794662080e+00,6.9487064191776522e+00,5.6864892514312304e+00,6.9487064191776522e+00,4.5195183827168481e+00,6.9487064191776522e+00,4.5195183827168481e+00,6.9487064191776522e+00,0.0000000000000000e+00,1.8425363042418683e+00,4.5195183827168481e+00,3.8126456427595592e+00,1.8425363042418683e+00,0.0000000000000000e+00,1.8425363042418683e+00,4.5195183827168481e+00,6.9487064191776522e+00,4.5195183827168481e+00,6.9487064191776522e+00,5.6864892514312304e+00,1.8425363042418683e+00,6.9487064191776522e+00,3.8126456427595592e+00,6.9487064191776522e+00,6.9487064191776522e+00,5.6864892514312304e+00,9.3336877587618006e-01,5.6864892514312304e+00,6.9487064191776522e+00,4.5195183827168481e+00,6.9487064191776522e+00,9.3336877587618006e-01,6.9487064191776522e+00,2.7856599794662080e+00,5.6864892514312304e+00,9.3336877587618006e-01,2.7856599794662080e+00,2.7856599794662080e+00,5.6864892514312304e+00,5.6864892514312304e+00,4.5195183827168481e+00,5.6864892514312304e+00,6.9487064191776522e+00,6.9487064191776522e+00,4.5195183827168481e+00,3.8126456427595592e+00,5.6864892514312304e+00,4.5195183827168481e+00,4.5195183827168481e+00,4.5195183827168481e+00,2.7856599794662080e+00,6.9487064191776522e+00,6.9487064191776522e+00,0.0000000000000000e+00,1.8425363042418683e+00,0.0000000000000000e+00,4.5195183827168481e+00,5.6864892514312304e+00,4.5195183827168481e+00,2.7856599794662080e+00,3.8126456427595592e+00,5.6864892514312304e+00,2.7856599794662080e+00,6.9487064191776522e+00,6.9487064191776522e+00,6.9487064191776522e+00,5.6864892514312304e+00,0.0000000000000000e+00,6.9487064191776522e+00,5.6864892514312304e+00,2.7856599794662080e+00,9.3336877587618006e-01,6.9487064191776522e+00,0.0000000000000000e+00,6.9487064191776522e+00,6.9487064191776522e+00,6.9487064191776522e+00,5.6864892514312304e+00,9.3336877587618006e-01,0.0000000000000000e+00,9.3336877587618006e-01,5.6864892514312304e+00,6.9487064191776522e+00,5.6864892514312304e+00,6.9487064191776522e+00,5.6864892514312304e+00,0.0000000000000000e+00,0.0000000000000000e+00,6.9487064191776522e+00,2.7856599794662080e+00,5.6864892514312304e+00,5.6864892514312304e+00,5.6864892514312304e+00,3.8126456427595592e+00,0.0000000000000000e+00,9.3336877587618006e-01,1.8425363042418683e+00,1.8425363042418683e+00,5.6864892514312304e+00,5.6864892514312304e+00,9.3336877587618006e-01,4.5195183827168481e+00,4.5195183827168481e+00,6.9487064191776522e+00,5.6864892514312304e+00,9.3336877587618006e-01,5.6864892514312304e+00,0.0000000000000000e+00,6.9487064191776522e+00,6.9487064191776522e+00,0.0000000000000000e+00,9.3336877587618006e-01,0.0000000000000000e+00,5.6864892514312304e+00,6.9487064191776522e+00,2.7856599794662080e+00,6.9487064191776522e+00,5.6864892514312304e+00,5.6864892514312304e+00,6.9487064191776522e+00,9.3336877587618006e-01,2.7856599794662080e+00,2.7856599794662080e+00,5.6864892514312304e+00,1.8425363042418683e+00,3.8126456427595592e+00,2.7856599794662080e+00,2.7856599794662080e+00,4.5195183827168481e+00,9.3336877587618006e-01,9.3336877587618006e-01,5.6864892514312304e+00,4.5195183827168481e+00,2.7856599794662080e+00,5.6864892514312304e+00,4.5195183827168481e+00,3.8126456427595592e+00,3.8126456427595592e+00,2.7856599794662080e+00,6.9487064191776522e+00,9.3336877587618006e-01,4.5195183827168481e+00,6.9487064191776522e+00,3.8126456427595592e+00,4.5195183827168481e+00,4.5195183827168481e+00,4.5195183827168481e+00,9.3336877587618006e-01,6.9487064191776522e+00,9.3336877587618006e-01,3.8126456427595592e+00,4.5195183827168481e+00,4.5195183827168481e+00,6.9487064191776522e+00,9.3336877587618006e-01,6.9487064191776522e+00,4.5195183827168481e+00,6.9487064191776522e+00,5.6864892514312304e+00,5.6864892514312304e+00,2.7856599794662080e+00,5.6864892514312304e+00,5.6864892514312304e+00,2.7856599794662080e+00,5.6864892514312304e+00,5.6864892514312304e+00,4.5195183827168481e+00,5.6864892514312304e+00,4.5195183827168481e+00,2.7856599794662080e+00,5.6864892514312304e+00,3.8126456427595592e+00,6.9487064191776522e+00,6.9487064191776522e+00,4.5195183827168481e+00,9.3336877587618006e-01,1.8425363042418683e+00,6.9487064191776522e+00,0.0000000000000000e+00,1.8425363042418683e+00,6.9487064191776522e+00,2.7856599794662080e+00,2.7856599794662080e+00,0.0000000000000000e+00,3.8126456427595592e+00,3.8126456427595592e+00,4.5195183827168481e+00,1.8425363042418683e+00,9.3336877587618006e-01,6.9487064191776522e+00,3.8126456427595592e+00,4.5195183827168481e+00,4.5195183827168481e+00,3.8126456427595592e+00,4.5195183827168481e+00,6.9487064191776522e+00,3.8126456427595592e+00,3.8126456427595592e+00,4.5195183827168481e+00,4.5195183827168481e+00,6.9487064191776522e+00,4.5195183827168481e+00,6.9487064191776522e+00,5.6864892514312304e+00,6.9487064191776522e+00,6.9487064191776522e+00,1.8425363042418683e+00,3.8126456427595592e+00,6.9487064191776522e+00,5.6864892514312304e+00,5.6864892514312304e+00,6.9487064191776522e+00,4.5195183827168481e+00,6.9487064191776522e+00,5.6864892514312304e+00,1.8425363042418683e+00,4.5195183827168481e+00,6.9487064191776522e+00,6.9487064191776522e+00,5.6864892514312304e+00,4.5195183827168481e+00,2.7856599794662080e+00,4.5195183827168481e+00,6.9487064191776522e+00,6.9487064191776522e+00,5.6864892514312304e+00,0.0000000000000000e+00,5.6864892514312304e+00,1.8425363042418683e+00,3.8126456427595592e+00,1.8425363042418683e+00,2.7856599794662080e+00,2.7856599794662080e+00,6.9487064191776522e+00,6.9487064191776522e+00,2.7856599794662080e+00,6.9487064191776522e+00,6.9487064191776522e+00,1.8425363042418683e+00,2.7856599794662080e+00,5.6864892514312304e+00,5.6864892514312304e+00,4.5195183827168481e+00,2.7856599794662080e+00,6.9487064191776522e+00,1.8425363042418683e+00,5.6864892514312304e+00,6.9487064191776522e+00,6.9487064191776522e+00,3.8126456427595592e+00,6.9487064191776522e+00,0.0000000000000000e+00,3.8126456427595592e+00,6.9487064191776522e+00,3.8126456427595592e+00,4.5195183827168481e+00,6.9487064191776522e+00,1.8425363042418683e+00,2.7856599794662080e+00,2.7856599794662080e+00,3.8126456427595592e+00,1.8425363042418683e+00,5.6864892514312304e+00,5.6864892514312304e+00,5.6864892514312304e+00,3.8126456427595592e+00,0.0000000000000000e+00,6.9487064191776522e+00,6.9487064191776522e+00,2.7856599794662080e+00,6.9487064191776522e+00,0.0000000000000000e+00,5.6864892514312304e+00,5.6864892514312304e+00,6.9487064191776522e+00,2.7856599794662080e+00,1.8425363042418683e+00,2.7856599794662080e+00,6.9487064191776522e+00,4.5195183827168481e+00,4.5195183827168481e+00,1.8425363042418683e+00,5.6864892514312304e+00,3.8126456427595592e+00,2.7856599794662080e+00,6.9487064191776522e+00,5.6864892514312304e+00,6.9487064191776522e+00,4.5195183827168481e+00,6.9487064191776522e+00,2.7856599794662080e+00,6.9487064191776522e+00,3.8126456427595592e+00,6.9487064191776522e+00,3.8126456427595592e+00,2.7856599794662080e+00,2.7856599794662080e+00,2.7856599794662080e+00,2.7856599794662080e+00,2.7856599794662080e+00,3.8126456427595592e+00,6.9487064191776522e+00,9.3336877587618006e-01,2.7856599794662080e+00,5.6864892514312304e+00,2.7856599794662080e+00,6.9487064191776522e+00,9.3336877587618006e-01,2.7856599794662080e+00,2.7856599794662080e+00,6.9487064191776522e+00,5.6864892514312304e+00,4.5195183827168481e+00,2.7856599794662080e+00,5.6864892514312304e+00,6.9487064191776522e+00,4.5195183827168481e+00,1.8425363042418683e+00,0.0000000000000000e+00,5.6864892514312304e+00,9.3336877587618006e-01,1.8425363042418683e+00,9.3336877587618006e-01,5.6864892514312304e+00,6.9487064191776522e+00,6.9487064191776522e+00,0.0000000000000000e+00,6.9487064191776522e+00,6.9487064191776522e+00,6.9487064191776522e+00,4.5195183827168481e+00,6.9487064191776522e+00,6.9487064191776522e+00,5.6864892514312304e+00,5.6864892514312304e+00,3.8126456427595592e+00,0.0000000000000000e+00,6.9487064191776522e+00,6.9487064191776522e+00,6.9487064191776522e+00,6.9487064191776522e+00,9.3336877587618006e-01,0.0000000000000000e+00,6.9487064191776522e+00,1.8425363042418683e+00,5.6864892514312304e+00,6.9487064191776522e+00,1.8425363042418683e+00,1.8425363042418683e+00,5.6864892514312304e+00,2.7856599794662080e+00,6.9487064191776522e+00,6.9487064191776522e+00,1.8425363042418683e+00,4.5195183827168481e+00,5.6864892514312304e+00,0.0000000000000000e+00,1.8425363042418683e+00,4.5195183827168481e+00,6.9487064191776522e+00,4.5195183827168481e+00,6.9487064191776522e+00,9.3336877587618006e-01,4.5195183827168481e+00,1.8425363042418683e+00,3.8126456427595592e+00,1.8425363042418683e+00,2.7856599794662080e+00,3.8126456427595592e+00,6.9487064191776522e+00,1.8425363042418683e+00,2.7856599794662080e+00,6.9487064191776522e+00,6.9487064191776522e+00,2.7856599794662080e+00,1.8425363042418683e+00,3.8126456427595592e+00,1.8425363042418683e+00,6.9487064191776522e+00,4.5195183827168481e+00,0.0000000000000000e+00,3.8126456427595592e+00,6.9487064191776522e+00,3.8126456427595592e+00,9.3336877587618006e-01,6.9487064191776522e+00,3.8126456427595592e+00,6.9487064191776522e+00,6.9487064191776522e+00,4.5195183827168481e+00,6.9487064191776522e+00,4.5195183827168481e+00,2.7856599794662080e+00,5.6864892514312304e+00,6.9487064191776522e+00,6.9487064191776522e+00,4.5195183827168481e+00,2.7856599794662080e+00,3.8126456427595592e+00,6.9487064191776522e+00,6.9487064191776522e+00,4.5195183827168481e+00,2.7856599794662080e+00,0.0000000000000000e+00,3.8126456427595592e+00,0.0000000000000000e+00,2.7856599794662080e+00,5.6864892514312304e+00,3.8126456427595592e+00,4.5195183827168481e+00,2.7856599794662080e+00,4.5195183827168481e+00,2.7856599794662080e+00,6.9487064191776522e+00,1.8425363042418683e+00,3.8126456427595592e+00,6.9487064191776522e+00,2.7856599794662080e+00,4.5195183827168481e+00,5.6864892514312304e+00,0.0000000000000000e+00,1.8425363042418683e+00,2.7856599794662080e+00,5.6864892514312304e+00,0.0000000000000000e+00,4.5195183827168481e+00,0.0000000000000000e+00,4.5195183827168481e+00,0.0000000000000000e+00,4.5195183827168481e+00,4.5195183827168481e+00,6.9487064191776522e+00,5.6864892514312304e+00,1.8425363042418683e+00,6.9487064191776522e+00,2.7856599794662080e+00,4.5195183827168481e+00,9.3336877587618006e-01,6.9487064191776522e+00,0.0000000000000000e+00,4.5195183827168481e+00,6.9487064191776522e+00,9.3336877587618006e-01,6.9487064191776522e+00,9.3336877587618006e-01,9.3336877587618006e-01,6.9487064191776522e+00,6.9487064191776522e+00,0.0000000000000000e+00,0.0000000000000000e+00,6.9487064191776522e+00,6.9487064191776522e+00,0.0000000000000000e+00,6.9487064191776522e+00,2.7856599794662080e+00,2.7856599794662080e+00,2.7856599794662080e+00,2.7856599794662080e+00,2.7856599794662080e+00,1.8425363042418683e+00,6.9487064191776522e+00,0.0000000000000000e+00,2.7856599794662080e+00,2.7856599794662080e+00,4.5195183827168481e+00,4.5195183827168481e+00,6.9487064191776522e+00,6.9487064191776522e+00,0.0000000000000000e+00,4.5195183827168481e+00,2.7856599794662080e+00,0.0000000000000000e+00,4.5195183827168481e+00,2.7856599794662080e+00,9.3336877587618006e-01,6.9487064191776522e+00,0.0000000000000000e+00,9.3336877587618006e-01,2.7856599794662080e+00,6.9487064191776522e+00,5.6864892514312304e+00,1.8425363042418683e+00,6.9487064191776522e+00,4.5195183827168481e+00,2.7856599794662080e+00,4.5195183827168481e+00,4.5195183827168481e+00,2.7856599794662080e+00,4.5195183827168481e+00,0.0000000000000000e+00,0.0000000000000000e+00,6.9487064191776522e+00,5.6864892514312304e+00,5.6864892514312304e+00,5.6864892514312304e+00,9.3336877587618006e-01,1.8425363042418683e+00,6.9487064191776522e+00,6.9487064191776522e+00,5.6864892514312304e+00,9.3336877587618006e-01,0.0000000000000000e+00,9.3336877587618006e-01,4.5195183827168481e+00,6.9487064191776522e+00,5.6864892514312304e+00,5.6864892514312304e+00,5.6864892514312304e+00,9.3336877587618006e-01,3.8126456427595592e+00,5.6864892514312304e+00,9.3336877587618006e-01,2.7856599794662080e+00,4.5195183827168481e+00,1.8425363042418683e+00,3.8126456427595592e+00,4.5195183827168481e+00,2.7856599794662080e+00,2.7856599794662080e+00,9.3336877587618006e-01,0.0000000000000000e+00,4.5195183827168481e+00,6.9487064191776522e+00,1.8425363042418683e+00,6.9487064191776522e+00,5.6864892514312304e+00,9.3336877587618006e-01,4.5195183827168481e+00,5.6864892514312304e+00,9.3336877587618006e-01,6.9487064191776522e+00,6.9487064191776522e+00,5.6864892514312304e+00,3.8126456427595592e+00,5.6864892514312304e+00,5.6864892514312304e+00,3.8126456427595592e+00,3.8126456427595592e+00,4.5195183827168481e+00,2.7856599794662080e+00,6.9487064191776522e+00,4.5195183827168481e+00,5.6864892514312304e+00,9.3336877587618006e-01,3.8126456427595592e+00,6.9487064191776522e+00,6.9487064191776522e+00,6.9487064191776522e+00,6.9487064191776522e+00,5.6864892514312304e+00,2.7856599794662080e+00,2.7856599794662080e+00,2.7856599794662080e+00,1.8425363042418683e+00,6.9487064191776522e+00,6.9487064191776522e+00,6.9487064191776522e+00,2.7856599794662080e+00,4.5195183827168481e+00,2.7856599794662080e+00,6.9487064191776522e+00,4.5195183827168481e+00,3.8126456427595592e+00,4.5195183827168481e+00,9.3336877587618006e-01,6.9487064191776522e+00
6.2174380074936142e+00,6.2174380074936142e+00,6.2174380074936142e+00,6.2174380074936142e+00,6.2174380074936142e+00,6.2174380074936142e+00,3.8728365843570627e+00,6.2174380074936142e+00,1.9421253114993295e+00,3.1064768381955505e+00,3.8728365843570627e+00,6.2174380074936142e+00,1.9421253114993295e+00,1.9421253114993295e+00,0.0000000000000000e+00,1.9421253114993295e+00,6.2174380074936142e+00,3.1064768381955505e+00,6.2174380074936142e+00,3.1064768381955505e+00,3.1064768381955505e+00,6.2174380074936142e+00,1.9421253114993295e+00,6.2174380074936142e+00,6.2174380074936142e+00,1.9421253114993295e+00,8.9124524660235260e-01,6.2174380074936142e+00,6.2174380074936142e+00,6.2174380074936142e+00,6.2174380074936142e+00,0.0000000000000000e+00,3.8728365843570627e+00,6.2174380074936142e+00,1.9421253114993295e+00,6.2174380074936142e+00,6.2174380074936142e+00,6.2174380074936142e+00,5.6603598242930531e+00,3.1064768381955505e+00,3.8728365843570627e+00,3.8728365843570627e+00,5.6603598242930531e+00,4.8638412009172329e+00,6.2174380074936142e+00,3.8728365843570627e+00,8.9124524660235260e-01,4.8638412009172329e+00,6.2174380074936142e+00,5.6603598242930531e+00,4.8638412009172329e+00,4.8638412009172329e+00,4.8638412009172329e+00,4.8638412009172329e+00,4.8638412009172329e+00,6.2174380074936142e+00,3.1064768381955505e+00,3.8728365843570627e+00,3.8728365843570627e+00,1.9421253114993295e+00,1.9421253114993295e+00,8.9124524660235260e-01,4.8638412009172329e+00,3.8728365843570627e+00,3.8728365843570627e+00,0.0000000000000000e+00,6.2174380074936142e+00,1.9421253114993295e+00,3.8728365843570627e+00,1.9421253114993295e+00,1.9421253114993295e+00,3.8728365843570627e+00,5.6603598242930531e+00,5.6603598242930531e+00,6.2174380074936142e+00,5.6603598242930531e+00,8.9124524660235260e-01,1.9421253114993295e+00,3.1064768381955505e+00,0.0000000000000000e+00,3.1064768381955505e+00,6.2174380074936142e+00,1.9421253114993295e+00,3.8728365843570627e+00,3.8728365843570627e+00,6.2174380074936142e+00,5.6603598242930531e+00,3.8728365843570627e+00,5.6603598242930531e+00,6.2174380074936142e+00,5.6603598242930531e+00,5.6603598242930531e+00,6.2174380074936142e+00,5.6603598242930531e+00,4.8638412009172329e+00,5.6603598242930531e+00,1.9421253114993295e+00,3.1064768381955505e+00,5.6603598242930531e+00,3.8728365843570627e+00,6.2174380074936142e+00,3.1064768381955505e+00,6.2174380074936142e+00,4.8638412009172329e+00,6.2174380074936142e+00,3.8728365843570627e+00,4.8638412009172329e+00,3.8728365843570627e+00,6.2174380074936142e+00,0.0000000000000000e+00,1.9421253114993295e+00,8.9124524660235260e-01,1.9421253114993295e+00,4.8638412009172329e+00,4.8638412009172329e+00,6.2174380074936142e+00,5.6603598242930531e+00,8.9124524660235260e-01,4.8638412009172329e+00,4.8638412009172329e+00,3.8728365843570627e+00,3.8728365843570627e+00,5.6603598242930531e+00,4.8638412009172329e+00,1.9421253114993295e+00,5.6603598242930531e+00,3.8728365843570627e+00,6.2174380074936142e+00,4.8638412009172329e+00,6.2174380074936142e+00,3.8728365843570627e+00,3.1064768381955505e+00,3.8728365843570627e+00,3.1064768381955505e+00,1.9421253114993295e+00,1.9421253114993295e+00,8.9124524660235260e-01,6.2174380074936142e+00,1.9421253114993295e+00,3.1064768381955505e+00,8.9124524660235260e-01,6.2174380074936142e+00,6.2174380074936142e+00,3.1064768381955505e+00,6.2174380074936142e+00,3.1064768381955505e+00,4.8638412009172329e+00,3.1064768381955505e+00,8.9124524660235260e-01,3.1064768381955505e+00,1.9421253114993295e+00,3.1064768381955505e+00,3.1064768381955505e+00,4.8638412009172329e+00,5.6603598242930531e+00,0.0000000000000000e+00,3.8728365843570627e+00,6.2174380074936142e+00,3.8728365843570627e+00,3.8728365843570627e+00,5.6603598242930531e+00,3.8728365843570627e+00,1.9421253114993295e+00,5.6603598242930531e+00,6.2174380074936142e+00,1.9421253114993295e+00,6.2174380074936142e+00,3.1064768381955505e+00,3.8728365843570627e+00,6.2174380074936142e+00,5.6603598242930531e+00,5.6603598242930531e+00,1.9421253114993295e+00,6.2174380074936142e+00,5.6603598242930531e+00,5.6603598242930531e+00,5.6603598242930531e+00,1.9421253114993295e+00,3.8728365843570627e+00,3.8728365843570627e+00,3.8728365843570627e+00,8.9124524660235260e-01,4.8638412009172329e+00,5.6603598242930531e+00,6.2174380074936142e+00,4.8638412009172329e+00,6.2174380074936142e+00,4.8638412009172329e+00,6.2174380074936142e+00,0.0000000000000000e+00,5.6603598242930531e+00,5.6603598242930531e+00,5.6603598242930531e+00,3.1064768381955505e+00,3.1064768381955505e+00,4.8638412009172329e+00,4.8638412009172329e+00,8.9124524660235260e-01,4.8638412009172329e+00,0.0000000000000000e+00,8.9124524660235260e-01,8.9124524660235260e-01,5.6603598242930531e+00,4.8638412009172329e+00,6.2174380074936142e+00,3.1064768381955505e+00,6.2174380074936142e+00,0.0000000000000000e+00,4.8638412009172329e+00,4.8638412009172329e+00,1.9421253114993295e+00,6.2174380074936142e+00,8.9124524660235260e-01,1.9421253114993295e+00,0.0000000000000000e+00,4.8638412009172329e+00,6.2174380074936142e+00,5.6603598242930531e+00,5.6603598242930531e+00,6.2174380074936142e+00,3.8728365843570627e+00,4.8638412009172329e+00,4.8638412009172329e+00,5.6603598242930531e+00,3.1064768381955505e+00,1.9421253114993295e+00,8.9124524660235260e-01,8.9124524660235260e-01,4.8638412009172329e+00,4.8638412009172329e+00,4.8638412009172329e+00,0.0000000000000000e+00,6.2174380074936142e+00,3.8728365843570627e+00,4.8638412009172329e+00,3.8728365843570627e+00,6.2174380074936142e+00,3.1064768381955505e+00,3.1064768381955505e+00,3.8728365843570627e+00,6.2174380074936142e+00,0.0000000000000000e+00,6.2174380074936142e+00,3.8728365843570627e+00,5.6603598242930531e+00,3.1064768381955505e+00,3.1064768381955505e+00,3.8728365843570627e+00,3.1064768381955505e+00,3.8728365843570627e+00,8.9124524660235260e-01,5.6603598242930531e+00,3.8728365843570627e+00,3.8728365843570627e+00,6.2174380074936142e+00,6.2174380074936142e+00,5.6603598242930531e+00,5.6603598242930531e+00,5.6603598242930531e+00,5.6603598242930531e+00,1.9421253114993295e+00,5.6603598242930531e+00,5.6603598242930531e+00,1.9421253114993295e+00,1.9421253114993295e+00,8.9124524660235260e-01,8.9124524660235260e-01,8.9124524660235260e-01,1.9421253114993295e+00,1.9421253114993295e+00,4.8638412009172329e+00,3.8728365843570627e+00,3.8728365843570627e+00,3.8728365843570627e+00,3.8728365843570627e+00,3.8728365843570627e+00,3.8728365843570627e+00,3.1064768381955505e+00,5.6603598242930531e+00,3.8728365843570627e+00,5.6603598242930531e+00,3.8728365843570627e+00,3.1064768381955505e+00,5.6603598242930531e+00,0.0000000000000000e+00,6.2174380074936142e+00,1.9421253114993295e+00,3.8728365843570627e+00,1.9421253114993295e+00,4.8638412009172329e+00,1.9421253114993295e+00,5.6603598242930531e+00,5.6603598242930531e+00,8.9124524660235260e-01,5.6603598242930531e+00,4.8638412009172329e+00,5.6603598242930531e+00,4.8638412009172329e+00,3.8728365843570627e+00,3.8728365843570627e+00,3.1064768381955505e+00,5.6603598242930531e+00,4.8638412009172329e+00,8.9124524660235260e-01,4.8638412009172329e+00,4.8638412009172329e+00,4.8638412009172329e+00,1.9421253114993295e+00,0.0000000000000000e+00,5.6603598242930531e+00,4.8638412009172329e+00,6.2174380074936142e+00,3.8728365843570627e+00,5.6603598242930531e+00,8.9124524660235260e-01,6.2174380074936142e+00,5.6603598242930531e+00,3.8728365843570627e+00,5.6603598242930531e+00,5.6603598242930531e+00,6.2174380074936142e+00,4.8638412009172329e+00,4.8638412009172329e+00,6.2174380074936142e+00,6.2174380074936142e+00,6.2174380074936142e+00,0.0000000000000000e+00,5.6603598242930531e+00,3.1064768381955505e+00,6.2174380074936142e+00,3.1064768381955505e+00,5.6603598242930531e+00,6.2174380074936142e+00,6.2174380074936142e+00,6.2174380074936142e+00,5.6603598242930531e+00,4.8638412009172329e+00,1.9421253114993295e+00,6.2174380074936142e+00,6.2174380074936142e+00,3.1064768381955505e+00,6.2174380074936142e+00,6.2174380074936142e+00,3.1064768381955505e+00,5.6603598242930531e+00,6.2174380074936142e+00,5.6603598242930531e+00,6.2174380074936142e+00,6.2174380074936142e+00,3.8728365843570627e+00,6.2174380074936142e+00,5.6603598242930531e+00,1.9421253114993295e+00,6.2174380074936142e+00,6.2174380074936142e+00,5.6603598242930531e+00,3.8728365843570627e+00,6.2174380074936142e+00,5.6603598242930531e+00,0.0000000000000000e+00,3.8728365843570627e+00,8.9124524660235260e-01,6.2174380074936142e+00,3.8728365843570627e+00,8.9124524660235260e-01,8.9124524660235260e-01,6.2174380074936142e+00,8.9124524660235260e-01,3.1064768381955505e+00,6.2174380074936142e+00,6.2174380074936142e+00,6.2174380074936142e+00,3.8728365843570627e+00,5.6603598242930531e+00,4.8638412009172329e+00,3.1064768381955505e+00,4.8638412009172329e+00,8.9124524660235260e-01,4.8638412009172329e+00,4.8638412009172329e+00,1.9421253114993295e+00,5.6603598242930531e+00,3.1064768381955505e+00,4.8638412009172329e+00,6.2174380074936142e+00,6.2174380074936142e+00,6.2174380074936142e+00,3.1064768381955505e+00,6.2174380074936142e+00,6.2174380074936142e+00,6.2174380074936142e+00,8.9124524660235260e-01,3.8728365843570627e+00,3.8728365843570627e+00,6.2174380074936142e+00,6.2174380074936142e+00,0.0000000000000000e+00,6.2174380074936142e+00,3.1064768381955505e+00,6.2174380074936142e+00,6.2174380074936142e+00,3.8728365843570627e+00,1.9421253114993295e+00,3.1064768381955505e+00,8.9124524660235260e-01,6.2174380074936142e+00,4.8638412009172329e+00,6.2174380074936142e+00,4.8638412009172329e+00,6.2174380074936142e+00,6.2174380074936142e+00,6.2174380074936142e+00,4.8638412009172329e+00,0.0000000000000000e+00,6.2174380074936142e+00,6.2174380074936142e+00,3.1064768381955505e+00,6.2174380074936142e+00,5.6603598242930531e+00,6.2174380074936142e+00,3.8728365843570627e+00,4.8638412009172329e+00,1.9421253114993295e+00,4.8638412009172329e+00,1.9421253114993295e+00,3.1064768381955505e+00,1.9421253114993295e+00,6.2174380074936142e+00,4.8638412009172329e+00,3.1064768381955505e+00,1.9421253114993295e+00,5.6603598242930531e+00,4.8638412009172329e+00,6.2174380074936142e+00,6.2174380074936142e+00,6.2174380074936142e+00,3.1064768381955505e+00,4.8638412009172329e+00,6.2174380074936142e+00,8.9124524660235260e-01,6.2174380074936142e+00,8.9124524660235260e-01,6.2174380074936142e+00,6.2174380074936142e+00,5.6603598242930531e+00,5.6603598242930531e+00,6.2174380074936142e+00,3.1064768381955505e+00,5.6603598242930531e+00,5.6603598242930531e+00,5.6603598242930531e+00,5.6603598242930531e+00,0.0000000000000000e+00,1.9421253114993295e+00,6.2174380074936142e+00,4.8638412009172329e+00,3.1064768381955505e+00,3.8728365843570627e+00,5.6603598242930531e+00,1.9421253114993295e+00,5.6603598242930531e+00,1.9421253114993295e+00,5.6603598242930531e+00,3.8728365843570627e+00,0.0000000000000000e+00,4.8638412009172329e+00,6.2174380074936142e+00,6.2174380074936142e+00,6.2174380074936142e+00,6.2174380074936142e+00,3.1064768381955505e+00,4.8638412009172329e+00,4.8638412009172329e+00,3.8728365843570627e+00,4.8638412009172329e+00,0.0000000000000000e+00,6.2174380074936142e+00,0.0000000000000000e+00,6.2174380074936142e+00,6.2174380074936142e+00,5.6603598242930531e+00,6.2174380074936142e+00,4.8638412009172329e+00,3.1064768381955505e+00,6.2174380074936142e+00,4.8638412009172329e+00,6.2174380074936142e+00,5.6603598242930531e+00,6.2174380074936142e+00,3.8728365843570627e+00,8.9124524660235260e-01,6.2174380074936142e+00,1.9421253114993295e+00,6.2174380074936142e+00,1.9421253114993295e+00,0.0000000000000000e+00,6.2174380074936142e+00,8.9124524660235260e-01,6.2174380074936142e+00,4.8638412009172329e+00,4.8638412009172329e+00,4.8638412009172329e+00,6.2174380074936142e+00,0.0000000000000000e+00,6.2174380074936142e+00,3.8728365843570627e+00,6.2174380074936142e+00,5.6603598242930531e+00,3.1064768381955505e+00,1.9421253114993295e+00,3.8728365843570627e+00,1.9421253114993295e+00,4.8638412009172329e+00,3.8728365843570627e+00,0.0000000000000000e+00,3.8728365843570627e+00,3.1064768381955505e+00,3.1064768381955505e+00,3.1064768381955505e+00,4.8638412009172329e+00,6.2174380074936142e+00,8.9124524660235260e-01,6.2174380074936142e+00,6.2174380074936142e+00,5.6603598242930531e+00,6.2174380074936142e+00,5.6603598242930531e+00,6.2174380074936142e+00,5.6603598242930531e+00,0.0000000000000000e+00,1.9421253114993295e+00,6.2174380074936142e+00,5.6603598242930531e+00,4.8638412009172329e+00,4.8638412009172329e+00,8.9124524660235260e-01,6.2174380074936142e+00,6.2174380074936142e+00,0.0000000000000000e+00,4.8638412009172329e+00,5.6603598242930531e+00,4.8638412009172329e+00,4.8638412009172329e+00,5.6603598242930531e+00,3.1064768381955505e+00,4.8638412009172329e+00,6.2174380074936142e+00,6.2174380074936142e+00,6.2174380074936142e+00,5.6603598242930531e+00,6.2174380074936142e+00,3.1064768381955505e+00,8.9124524660235260e-01,8.9124524660235260e-01,3.1064768381955505e+00,4.8638412009172329e+00,4.8638412009172329e+00,6.2174380074936142e+00,6.2174380074936142e+00,5.6603598242930531e+00,6.2174380074936142e+00,3.8728365843570627e+00,6.2174380074936142e+00,8.9124524660235260e-01,6.2174380074936142e+00,5.6603598242930531e+00,4.8638412009172329e+00,8.9124524660235260e-01,5.6603598242930531e+00,5.6603598242930531e+00,4.8638412009172329e+00,5.6603598242930531e+00,3.1064768381955505e+00,6.2174380074936142e+00,6.2174380074936142e+00,8.9124524660235260e-01,6.2174380074936142e+00,6.2174380074936142e+00,6.2174380074936142e+00,5.6603598242930531e+00,6.2174380074936142e+00,3.1064768381955505e+00,6.2174380074936142e+00,6.2174380074936142e+00,1.9421253114993295e+00,4.8638412009172329e+00,8.9124524660235260e-01,4.8638412009172329e+00,3.1064768381955505e+00,3.8728365843570627e+00,6.2174380074936142e+00,3.1064768381955505e+00,5.6603598242930531e+00,5.6603598242930531e+00,6.2174380074936142e+00,4.8638412009172329e+00,4.8638412009172329e+00,8.9124524660235260e-01,4.8638412009172329e+00,4.8638412009172329e+00,3.8728365843570627e+00,3.1064768381955505e+00,3.1064768381955505e+00,4.8638412009172329e+00,6.2174380074936142e+00,4.8638412009172329e+00,4.8638412009172329e+00,6.2174380074936142e+00,6.2174380074936142e+00,6.2174380074936142e+00,8.9124524660235260e-01,1.9421253114993295e+00,6.2174380074936142e+00,6.2174380074936142e+00,6.2174380074936142e+00,1.9421253114993295e+00,3.8728365843570627e+00,3.8728365843570627e+00,6.2174380074936142e+00,6.2174380074936142e+00,3.1064768381955505e+00,3.1064768381955505e+00,1.9421253114993295e+00,0.0000000000000000e+00,4.8638412009172329e+00,5.6603598242930531e+00,8.9124524660235260e-01,1.9421253114993295e+00,6.2174380074936142e+00,3.8728365843570627e+00,6.2174380074936142e+00,3.8728365843570627e+00,5.6603598242930531e+00,0.0000000000000000e+00,4.8638412009172329e+00,3.8728365843570627e+00,5.6603598242930531e+00,3.8728365843570627e+00,6.2174380074936142e+00,8.9124524660235260e-01,1.9421253114993295e+00,8.9124524660235260e-01,4.8638412009172329e+00,5.6603598242930531e+00,5.6603598242930531e+00,6.2174380074936142e+00,0.0000000000000000e+00,6.2174380074936142e+00,3.1064768381955505e+00,8.9124524660235260e-01,6.2174380074936142e+00,6.2174380074936142e+00,4.8638412009172329e+00,5.6603598242930531e+00,5.6603598242930531e+00,3.8728365843570627e+00,3.8728365843570627e+00,1.9421253114993295e+00,4.8638412009172329e+00,1.9421253114993295e+00,4.8638412009172329e+00,3.8728365843570627e+00,3.1064768381955505e+00,3.8728365843570627e+00,4.8638412009172329e+00,8.9124524660235260e-01,3.8728365843570627e+00,3.1064768381955505e+00,3.1064768381955505e+00,4.8638412009172329e+00,6.2174380074936142e+00,5.6603598242930531e+00,8.9124524660235260e-01,5.6603598242930531e+00,8.9124524660235260e-01,5.6603598242930531e+00,8.9124524660235260e-01,3.1064768381955505e+00,4.8638412009172329e+00,6.2174380074936142e+00,6.2174380074936142e+00,3.8728365843570627e+00,4.8638412009172329e+00,4.8638412009172329e+00,5.6603598242930531e+00,5.6603598242930531e+00,5.6603598242930531e+00,5.6603598242930531e+00,5.6603598242930531e+00,6.2174380074936142e+00,6.2174380074936142e+00,8.9124524660235260e-01,6.2174380074936142e+00,3.8728365843570627e+00,3.1064768381955505e+00,0.0000000000000000e+00,0.0000000000000000e+00,6.2174380074936142e+00,3.1064768381955505e+00,3.8728365843570627e+00,3.8728365843570627e+00,8.9124524660235260e-01,3.1064768381955505e+00,3.8728365843570627e+00,5.6603598242930531e+00,5.6603598242930531e+00,3.1064768381955505e+00,6.2174380074936142e+00,4.8638412009172329e+00,6.2174380074936142e+00,8.9124524660235260e-01,1.9421253114993295e+00,8.9124524660235260e-01,6.2174380074936142e+00,8.9124524660235260e-01,3.8728365843570627e+00,4.8638412009172329e+00,6.2174380074936142e+00,0.0000000000000000e+00,4.8638412009172329e+00,6.2174380074936142e+00,5.6603598242930531e+00,4.8638412009172329e+00,3.1064768381955505e+00,0.0000000000000000e+00,0.0000000000000000e+00,5.6603598242930531e+00,4.8638412009172329e+00,3.8728365843570627e+00,6.2174380074936142e+00,3.8728365843570627e+00,3.1064768381955505e+00,3.8728365843570627e+00,3.1064768381955505e+00,0.0000000000000000e+00,6.2174380074936142e+00,5.6603598242930531e+00,8.9124524660235260e-01,5.6603598242930531e+00,0.0000000000000000e+00,1.9421253114993295e+00,8.9124524660235260e-01,5.6603598242930531e+00,8.9124524660235260e-01,5.6603598242930531e+00,8.9124524660235260e-01,5.6603598242930531e+00,1.9421253114993295e+00,6.2174380074936142e+00,3.1064768381955505e+00,3.1064768381955505e+00,6.2174380074936142e+00,0.0000000000000000e+00,0.0000000000000000e+00,5.6603598242930531e+00,6.2174380074936142e+00,6.2174380074936142e+00,3.1064768381955505e+00,6.2174380074936142e+00,8.9124524660235260e-01,1.9421253114993295e+00,4.8638412009172329e+00,4.8638412009172329e+00,5.6603598242930531e+00,5.6603598242930531e+00,5.6603598242930531e+00,6.2174380074936142e+00,5.6603598242930531e+00,5.6603598242930531e+00,5.6603598242930531e+00,8.9124524660235260e-01,6.2174380074936142e+00,5.6603598242930531e+00,3.1064768381955505e+00,1.9421253114993295e+00,8.9124524660235260e-01,6.2174380074936142e+00,3.8728365843570627e+00,6.2174380074936142e+00,3.8728365843570627e+00,8.9124524660235260e-01,0.0000000000000000e+00,3.1064768381955505e+00,5.6603598242930531e+00,5.6603598242930531e+00,5.6603598242930531e+00,3.8728365843570627e+00,3.8728365843570627e+00,3.8728365843570627e+00,3.8728365843570627e+00,3.8728365843570627e+00,6.2174380074936142e+00,3.8728365843570627e+00,1.9421253114993295e+00,5.6603598242930531e+00,3.1064768381955505e+00,5.6603598242930531e+00,0.0000000000000000e+00,0.0000000000000000e+00,3.8728365843570627e+00,6.2174380074936142e+00,5.6603598242930531e+00,4.8638412009172329e+00,5.6603598242930531e+00,6.2174380074936142e+00,5.6603598242930531e+00,8.9124524660235260e-01,5.6603598242930531e+00,6.2174380074936142e+00,8.9124524660235260e-01,6.2174380074936142e+00,6.2174380074936142e+00,3.8728365843570627e+00,1.9421253114993295e+00,4.8638412009172329e+00,5.6603598242930531e+00,5.6603598242930531e+00,5.6603598242930531e+00,3.8728365843570627e+00,5.6603598242930531e+00,6.2174380074936142e+00,1.9421253114993295e+00,5.6603598242930531e+00,5.6603598242930531e+00,3.8728365843570627e+00,5.6603598242930531e+00,5.6603598242930531e+00,5.6603598242930531e+00,6.2174380074936142e+00,6.2174380074936142e+00,5.6603598242930531e+00,6.2174380074936142e+00,6.2174380074936142e+00,3.8728365843570627e+00,3.8728365843570627e+00,1.9421253114993295e+00,6.2174380074936142e+00,3.1064768381955505e+00,6.2174380074936142e+00,6.2174380074936142e+00,0.0000000000000000e+00,4.8638412009172329e+00,6.2174380074936142e+00,3.8728365843570627e+00,3.1064768381955505e+00,3.1064768381955505e+00,6.2174380074936142e+00,1.9421253114993295e+00,3.1064768381955505e+00,3.1064768381955505e+00,4.8638412009172329e+00,8.9124524660235260e-01,0.0000000000000000e+00,4.8638412009172329e+00,4.8638412009172329e+00,4.8638412009172329e+00,6.2174380074936142e+00,5.6603598242930531e+00,3.8728365843570627e+00,5.6603598242930531e+00,4.8638412009172329e+00,3.1064768381955505e+00,1.9421253114993295e+00,5.6603598242930531e+00,8.9124524660235260e-01,3.1064768381955505e+00,6.2174380074936142e+00,3.8728365843570627e+00,3.8728365843570627e+00,4.8638412009172329e+00,4.8638412009172329e+00,6.2174380074936142e+00,5.6603598242930531e+00,5.6603598242930531e+00,5.6603598242930531e+00,6.2174380074936142e+00,4.8638412009172329e+00,6.2174380074936142e+00,5.6603598242930531e+00,4.8638412009172329e+00,4.8638412009172329e+00,8.9124524660235260e-01,3.1064768381955505e+00,4.8638412009172329e+00,5.6603598242930531e+00,5.6603598242930531e+00,3.8728365843570627e+00,1.9421253114993295e+00,3.1064768381955505e+00,4.8638412009172329e+00,4.8638412009172329e+00,0.0000000000000000e+00,3.8728365843570627e+00,8.9124524660235260e-01,1.9421253114993295e+00,5.6603598242930531e+00,3.1064768381955505e+00,8.9124524660235260e-01,8.9124524660235260e-01,8.9124524660235260e-01,3.1064768381955505e+00,8.9124524660235260e-01,8.9124524660235260e-01,3.8728365843570627e+00,3.8728365843570627e+00,3.1064768381955505e+00,4.8638412009172329e+00,3.1064768381955505e+00,1.9421253114993295e+00,4.8638412009172329e+00,3.1064768381955505e+00,4.8638412009172329e+00,6.2174380074936142e+00,3.8728365843570627e+00,4.8638412009172329e+00,0.0000000000000000e+00,3.1064768381955505e+00,5.6603598242930531e+00,3.1064768381955505e+00,1.9421253114993295e+00,5.6603598242930531e+00,4.8638412009172329e+00,4.8638412009172329e+00,6.2174380074936142e+00,5.6603598242930531e+00,1.9421253114993295e+00,8.9124524660235260e-01,5.6603598242930531e+00,5.6603598242930531e+00,8.9124524660235260e-01,0.0000000000000000e+00,6.2174380074936142e+00,1.9421253114993295e+00,3.1064768381955505e+00,4.8638412009172329e+00,3.1064768381955505e+00,3.8728365843570627e+00,5.6603598242930531e+00,1.9421253114993295e+00,5.6603598242930531e+00,3.8728365843570627e+00,6.2174380074936142e+00,3.8728365843570627e+00,1.9421253114993295e+00,4.8638412009172329e+00,3.8728365843570627e+00,0.0000000000000000e+00,8.9124524660235260e-01,4.8638412009172329e+00,4.8638412009172329e+00,4.8638412009172329e+00,3.1064768381955505e+00,3.1064768381955505e+00,6.2174380074936142e+00,3.1064768381955505e+00,3.8728365843570627e+00,6.2174380074936142e+00,6.2174380074936142e+00,6.2174380074936142e+00,0.0000000000000000e+00,3.1064768381955505e+00,6.2174380074936142e+00,3.8728365843570627e+00,5.6603598242930531e+00,3.8728365843570627e+00,0.0000000000000000e+00,3.8728365843570627e+00,3.8728365843570627e+00,4.8638412009172329e+00,6.2174380074936142e+00,6.2174380074936142e+00,0.0000000000000000e+00,4.8638412009172329e+00,5.6603598242930531e+00,5.6603598242930531e+00,5.6603598242930531e+00,4.8638412009172329e+00,4.8638412009172329e+00,1.9421253114993295e+00,1.9421253114993295e+00,3.1064768381955505e+00,5.6603598242930531e+00,5.6603598242930531e+00,1.9421253114993295e+00,4.8638412009172329e+00,4.8638412009172329e+00,6.2174380074936142e+00,3.1064768381955505e+00,6.2174380074936142e+00,6.2174380074936142e+00,1.9421253114993295e+00,6.2174380074936142e+00,6.2174380074936142e+00,4.8638412009172329e+00,0.0000000000000000e+00,6.2174380074936142e+00,3.8728365843570627e+00,6.2174380074936142e+00,6.2174380074936142e+00,6.2174380074936142e+00
0.0000000000000000e+00,0.0000000000000000e+00,0.0000000000000000e+00,0.0000000000000000e+00,0.0000000000000000e+00,0.0000000000000000e+00,0.0000000000000000e+00,0.0000000000000000e+00,0.0000000000000000e+00,0.0000000000000000e+00,0.0000000000000000e+00,0.0000000000000000e+00,0.0000000000000000e+00,0.0000000000000000e+00,0.0000000000000000e+00,0.0000000000000000e+00,0.0000000000000000e+00,0.0000000000000000e+00,0.0000000000000000e+00,0.0000000000000000e+00,0.0000000000000000e+00,0.0000000000000000e+00,0.0000000000000000e+00,0.0000000000000000e+00,0.0000000000000000e+00,0.0000000000000000e+00,0.0000000000000000e+00,0.0000000000000000e+00,0.0000000000000000e+00,0.0000000000000000e+00,0.0000000000000000e+00,0.0000000000000000e+00,0.0000000000000000e+00,0.0000000000000000e+00,0.0000000000000000e+00,0.0000000000000000e+00,0.0000000000000000e+00,0.0000000000000000e+00,0.0000000000000000e+00,0.0000000000000000e+00,0.0000000000000000e+00,0.0000000000000000e+00,0.0000000000000000e+00,0.0000000000000000e+00,0.0000000000000000e+00,0.0000000000000000e+00,0.0000000000000000e+00,0.0000000000000000e+00,0.0000000000000000e+00,0.0000000000000000e+00,0.0000000000000000e+00,0.0000000000000000e+00,0.0000000000000000e+00,0.0000000000000000e+00,0.0000000000000000e+00,0.0000000000000000e+00,0.0000000000000000e+00,0.0000000000000000e+00,0.0000000000000000e+00,0.0000000000000000e+00,0.0000000000000000e+00,0.0000000000000000e+00,0.0000000000000000e+00,0.0000000000000000e+00,0.0000000000000000e+00,0.0000000000000000e+00,0.0000000000000000e+00,0.0000000000000000e+00,0.0000000000000000e+00,0.0000000000000000e+00,0.0000000000000000e+00,0.0000000000000000e+00,0.0000000000000000e+00,0.0000000000000000e+00,0.0000000000000000e+00,0.0000000000000000e+00,0.0000000000000000e+00,0.0000000000000000e+00,0.0000000000000000e+00,0.0000000000000000e+00,0.0000000000000000e+00,0.0000000000000000e+00,0.0000000000000000e+00,0.0000000000000000e+00,0.0000000000000000e+00,0.0000000000000000e+00,0.0000000000000000e+00,0.0000000000000000e+00,0.0000000000000000e+00,0.0000000000000000e+00,0.0000000000000000e+00,0.0000000000000000e+00,0.0000000000000000e+00,0.0000000000000000e+00,0.0000000000000000e+00,0.0000000000000000e+00,0.0000000000000000e+00,0.0000000000000000e+00,0.0000000000000000e+00,0.0000000000000000e+00,0.0000000000000000e+00,0.0000000000000000e+00,0.0000000000000000e+00,0.0000000000000000e+00,0.0000000000000000e+00,0.0000000000000000e+00,0.0000000000000000e+00,0.0000000000000000e+00,0.0000000000000000e+00,0.0000000000000000e+00,0.0000000000000000e+00,0.0000000000000000e+00,0.0000000000000000e+00,0.0000000000000000e+00,0.0000000000000000e+00,0.0000000000000000e+00,0.0000000000000000e+00,0.0000000000000000e+00,0.0000000000000000e+00,0.0000000000000000e+00,0.0000000000000000e+00,0.0000000000000000e+00,0.0000000000000000e+00,0.0000000000000000e+00,0.0000000000000000e+00,0.0000000000000000e+00,0.0000000000000000e+00,0.0000000000000000e+00,0.0000000000000000e+00,0.0000000000000000e+00,0.0000000000000000e+00,0.0000000000000000e+00,0.0000000000000000e+00,0.0000000000000000e+00,0.0000000000000000e+00,0.0000000000000000e+00,0.0000000000000000e+00,0.0000000000000000e+00,0.0000000000000000e+00,0.0000000000000000e+00,0.0000000000000000e+00,0.0000000000000000e+00,0.0000000000000000e+00,0.0000000000000000e+00,0.0000000000000000e+00,0.0000000000000000e+00,0.0000000000000000e+00,0.0000000000000000e+00,0.0000000000000000e+00,0.0000000000000000e+00,0.0000000000000000e+00,0.0000000000000000e+00,0.0000000000000000e+00,0.0000000000000000e+00,0.0000000000000000e+00,0.0000000000000000e+00,0.0000000000000000e+00,0.0000000000000000e+00,0.0000000000000000e+00,0.0000000000000000e+00,0.0000000000000000e+00,0.0000000000000000e+00,0.0000000000000000e+00,0.0000000000000000e+00,0.0000000000000000e+00,0.0000000000000000e+00,0.0000000000000000e+00,0.0000000000000000e+00,0.0000000000000000e+00,0.0000000000000000e+00,0.0000000000000000e+00,0.0000000000000000e+00,0.0000000000000000e+00,0.0000000000000000e+00,0.0000000000000000e+00,0.0000000000000000e+00,0.0000000000000000e+00,0.0000000000000000e+00,0.0000000000000000e+00,0.0000000000000000e+00,0.0000000000000000e+00,0.0000000000000000e+00,0.0000000000000000e+00,0.0000000000000000e+00,0.0000000000000000e+00,0.0000000000000000e+00,0.0000000000000000e+00,0.0000000000000000e+00,0.0000000000000000e+00,0.0000000000000000e+00,0.0000000000000000e+00,0.0000000000000000e+00,0.0000000000000000e+00,0.0000000000000000e+00,0.0000000000000000e+00,0.0000000000000000e+00,0.0000000000000000e+00,0.0000000000000000e+00,0.0000000000000000e+00,0.0000000000000000e+00,0.0000000000000000e+00,0.0000000000000000e+00,0.0000000000000000e+00,0.0000000000000000e+00,0.0000000000000000e+00,0.0000000000000000e+00,0.0000000000000000e+00,0.0000000000000000e+00,0.0000000000000000e+00,0.0000000000000000e+00,0.0000000000000000e+00,0.0000000000000000e+00,0.0000000000000000e+00,0.0000000000000000e+00,0.0000000000000000e+00,0.0000000000000000e+00,0.0000000000000000e+00,0.0000000000000000e+00,0.0000000000000000e+00,0.0000000000000000e+00,0.0000000000000000e+00,0.0000000000000000e+00,0.0000000000000000e+00,0.0000000000000000e+00,0.0000000000000000e+00,0.0000000000000000e+00,0.0000000000000000e+00,0.0000000000000000e+00,0.0000000000000000e+00,0.0000000000000000e+00,0.0000000000000000e+00,0.0000000000000000e+00,0.0000000000000000e+00,0.0000000000000000e+00,0.0000000000000000e+00,0.0000000000000000e+00,0.0000000000000000e+00,0.0000000000000000e+00,0.0000000000000000e+00,0.0000000000000000e+00,0.0000000000000000e+00,0.0000000000000000e+00,0.0000000000000000e+00,0.0000000000000000e+00,0.0000000000000000e+00,0.0000000000000000e+00,0.0000000000000000e+00,0.0000000000000000e+00,0.0000000000000000e+00,0.0000000000000000e+00,0.0000000000000000e+00,0.0000000000000000e+00,0.0000000000000000e+00,0.0000000000000000e+00,0.0000000000000000e+00,0.0000000000000000e+00,0.0000000000000000e+00,0.0000000000000000e+00,0.0000000000000000e+00,0.0000000000000000e+00,0.0000000000000000e+00,0.0000000000000000e+00,0.0000000000000000e+00,0.0000000000000000e+00,0.0000000000000000e+00,0.0000000000000000e+00,0.0000000000000000e+00,0.0000000000000000e+00,0.0000000000000000e+00,0.0000000000000000e+00,0.0000000000000000e+00,0.0000000000000000e+00,0.0000000000000000e+00,0.0000000000000000e+00,0.0000000000000000e+00,0.0000000000000000e+00,0.0000000000000000e+00,0.0000000000000000e+00,0.0000000000000000e+00,0.0000000000000000e+00,0.0000000000000000e+00,0.0000000000000000e+00,0.0000000000000000e+00,0.0000000000000000e+00,0.0000000000000000e+00,0.0000000000000000e+00,0.0000000000000000e+00,0.0000000000000000e+00,0.0000000000000000e+00,0.0000000000000000e+00,0.0000000000000000e+00,0.0000000000000000e+00,0.0000000000000000e+00,0.0000000000000000e+00,0.0000000000000000e+00,0.0000000000000000e+00,0.0000000000000000e+00,0.0000000000000000e+00,0.0000000000000000e+00,0.0000000000000000e+00,0.0000000000000000e+00,0.0000000000000000e+00,0.0000000000000000e+00,0.0000000000000000e+00,0.0000000000000000e+00,0.0000000000000000e+00,0.0000000000000000e+00,0.0000000000000000e+00,0.0000000000000000e+00,0.0000000000000000e+00,0.0000000000000000e+00,0.0000000000000000e+00,0.0000000000000000e+00,0.0000000000000000e+00,0.0000000000000000e+00,0.0000000000000000e+00,0.0000000000000000e+00,0.0000000000000000e+00,0.0000000000000000e+00,0.0000000000000000e+00,0.0000000000000000e+00,0.0000000000000000e+00,0.0000000000000000e+00,0.0000000000000000e+00,0.0000000000000000e+00,0.0000000000000000e+00,0.0000000000000000e+00,0.0000000000000000e+00,0.0000000000000000e+00,0.0000000000000000e+00,0.0000000000000000e+00,0.0000000000000000e+00,0.0000000000000000e+00,0.0000000000000000e+00,0.0000000000000000e+00,0.0000000000000000e+00,0.0000000000000000e+00,0.0000000000000000e+00,0.0000000000000000e+00,0.0000000000000000e+00,0.0000000000000000e+00,0.0000000000000000e+00,0.0000000000000000e+00,0.0000000000000000e+00,0.0000000000000000e+00,0.0000000000000000e+00,0.0000000000000000e+00,0.0000000000000000e+00,0.0000000000000000e+00,0.0000000000000000e+00,0.0000000000000000e+00,0.0000000000000000e+00,0.0000000000000000e+00,0.0000000000000000e+00,0.0000000000000000e+00,0.0000000000000000e+00,0.0000000000000000e+00,0.0000000000000000e+00,0.0000000000000000e+00,0.0000000000000000e+00,0.0000000000000000e+00,0.0000000000000000e+00,0.0000000000000000e+00,0.0000000000000000e+00,0.0000000000000000e+00,0.0000000000000000e+00,0.0000000000000000e+00,0.0000000000000000e+00,0.0000000000000000e+00,0.0000000000000000e+00,0.0000000000000000e+00,0.0000000000000000e+00,0.0000000000000000e+00,0.0000000000000000e+00,0.0000000000000000e+00,0.0000000000000000e+00,0.0000000000000000e+00,0.0000000000000000e+00,0.0000000000000000e+00,0.0000000000000000e+00,0.0000000000000000e+00,0.0000000000000000e+00,0.0000000000000000e+00,0.0000000000000000e+00,0.0000000000000000e+00,0.0000000000000000e+00,0.0000000000000000e+00,0.0000000000000000e+00,0.0000000000000000e+00,0.0000000000000000e+00,0.0000000000000000e+00,0.0000000000000000e+00,0.0000000000000000e+00,0.0000000000000000e+00,0.0000000000000000e+00,0.0000000000000000e+00,0.0000000000000000e+00,0.0000000000000000e+00,0.0000000000000000e+00,0.0000000000000000e+00,0.0000000000000000e+00,0.0000000000000000e+00,0.0000000000000000e+00,0.0000000000000000e+00,0.0000000000000000e+00,0.0000000000000000e+00,0.0000000000000000e+00,0.0000000000000000e+00,0.0000000000000000e+00,0.0000000000000000e+00,0.0000000000000000e+00,0.0000000000000000e+00,0.0000000000000000e+00,0.0000000000000000e+00,0.0000000000000000e+00,0.0000000000000000e+00,0.0000000000000000e+00,0.0000000000000000e+00,0.0000000000000000e+00,0.0000000000000000e+00,0.0000000000000000e+00,0.0000000000000000e+00,0.0000000000000000e+00,0.0000000000000000e+00,0.0000000000000000e+00,0.0000000000000000e+00,0.0000000000000000e+00,0.0000000000000000e+00,0.0000000000000000e+00,0.0000000000000000e+00,0.0000000000000000e+00,0.0000000000000000e+00,0.0000000000000000e+00,0.0000000000000000e+00,0.0000000000000000e+00,0.0000000000000000e+00,0.0000000000000000e+00,0.0000000000000000e+00,0.0000000000000000e+00,0.0000000000000000e+00,0.0000000000000000e+00,0.0000000000000000e+00,0.0000000000000000e+00,0.0000000000000000e+00,0.0000000000000000e+00,0.0000000000000000e+00,0.0000000000000000e+00,0.0000000000000000e+00,0.0000000000000000e+00,0.0000000000000000e+00,0.0000000000000000e+00,0.0000000000000000e+00,0.0000000000000000e+00,0.0000000000000000e+00,0.0000000000000000e+00,0.0000000000000000e+00,0.0000000000000000e+00,0.0000000000000000e+00,0.0000000000000000e+00,0.0000000000000000e+00,0.0000000000000000e+00,0.0000000000000000e+00,0.0000000000000000e+00,0.0000000000000000e+00,0.0000000000000000e+00,0.0000000000000000e+00,0.0000000000000000e+00,0.0000000000000000e+00,0.0000000000000000e+00,0.0000000000000000e+00,0.0000000000000000e+00,0.0000000000000000e+00,0.0000000000000000e+00,0.0000000000000000e+00,0.0000000000000000e+00,0.0000000000000000e+00,0.0000000000000000e+00,0.0000000000000000e+00,0.0000000000000000e+00,0.0000000000000000e+00,0.0000000000000000e+00,0.0000000000000000e+00,0.0000000000000000e+00,0.0000000000000000e+00,0.0000000000000000e+00,0.0000000000000000e+00,0.0000000000000000e+00,0.0000000000000000e+00,0.0000000000000000e+00,0.0000000000000000e+00,0.0000000000000000e+00,0.0000000000000000e+00,0.0000000000000000e+00,0.0000000000000000e+00,0.0000000000000000e+00,0.0000000000000000e+00,0.0000000000000000e+00,0.0000000000000000e+00,0.0000000000000000e+00,0.0000000000000000e+00,0.0000000000000000e+00,0.0000000000000000e+00,0.0000000000000000e+00,0.0000000000000000e+00,0.0000000000000000e+00,0.0000000000000000e+00,0.0000000000000000e+00,0.0000000000000000e+00,0.0000000000000000e+00,0.0000000000000000e+00,0.0000000000000000e+00,0.0000000000000000e+00,0.0000000000000000e+00,0.0000000000000000e+00,0.0000000000000000e+00,0.0000000000000000e+00,0.0000000000000000e+00,0.0000000000000000e+00,0.0000000000000000e+00,0.0000000000000000e+00,0.0000000000000000e+00,0.0000000000000000e+00,0.0000000000000000e+00,0.0000000000000000e+00,0.0000000000000000e+00,0.0000000000000000e+00,0.0000000000000000e+00,0.0000000000000000e+00,0.0000000000000000e+00,0.0000000000000000e+00,0.0000000000000000e+00,0.0000000000000000e+00,0.0000000000000000e+00,0.0000000000000000e+00,0.0000000000000000e+00,0.0000000000000000e+00,0.0000000000000000e+00,0.0000000000000000e+00,0.0000000000000000e+00,0.0000000000000000e+00,0.0000000000000000e+00,0.0000000000000000e+00,0.0000000000000000e+00,0.0000000000000000e+00,0.0000000000000000e+00,0.0000000000000000e+00,0.0000000000000000e+00,0.0000000000000000e+00,0.0000000000000000e+00,0.0000000000000000e+00,0.0000000000000000e+00,0.0000000000000000e+00,0.0000000000000000e+00,0.0000000000000000e+00,0.0000000000000000e+00,0.0000000000000000e+00,0.0000000000000000e+00,0.0000000000000000e+00,0.0000000000000000e+00,0.0000000000000000e+00,0.0000000000000000e+00,0.0000000000000000e+00,0.0000000000000000e+00,0.0000000000000000e+00,0.0000000000000000e+00,0.0000000000000000e+00,0.0000000000000000e+00,0.0000000000000000e+00,0.0000000000000000e+00,0.0000000000000000e+00,0.0000000000000000e+00,0.0000000000000000e+00,0.0000000000000000e+00,0.0000000000000000e+00,0.0000000000000000e+00,0.0000000000000000e+00,0.0000000000000000e+00,0.0000000000000000e+00,0.0000000000000000e+00,0.0000000000000000e+00,0.0000000000000000e+00,0.0000000000000000e+00,0.0000000000000000e+00,0.0000000000000000e+00,0.0000000000000000e+00,0.0000000000000000e+00,0.0000000000000000e+00,0.0000000000000000e+00,0.0000000000000000e+00,0.0000000000000000e+00,0.0000000000000000e+00,0.0000000000000000e+00,0.0000000000000000e+00,0.0000000000000000e+00,0.0000000000000000e+00,0.0000000000000000e+00,0.0000000000000000e+00,0.0000000000000000e+00,0.0000000000000000e+00,0.0000000000000000e+00,0.0000000000000000e+00,0.0000000000000000e+00,0.0000000000000000e+00,0.0000000000000000e+00,0.0000000000000000e+00,0.0000000000000000e+00,0.0000000000000000e+00,0.0000000000000000e+00,0.0000000000000000e+00,0.0000000000000000e+00,0.0000000000000000e+00,0.0000000000000000e+00,0.0000000000000000e+00,0.0000000000000000e+00,0.0000000000000000e+00,0.0000000000000000e+00,0.0000000000000000e+00,0.0000000000000000e+00,0.0000000000000000e+00,0.0000000000000000e+00,0.0000000000000000e+00,0.0000000000000000e+00,0.0000000000000000e+00,0.0000000000000000e+00,0.0000000000000000e+00,0.0000000000000000e+00,0.0000000000000000e+00,0.0000000000000000e+00,0.0000000000000000e+00,0.0000000000000000e+00,0.0000000000000000e+00,0.0000000000000000e+00,0.0000000000000000e+00,0.0000000000000000e+00,0.0000000000000000e+00,0.0000000000000000e+00,0.0000000000000000e+00,0.0000000000000000e+00,0.0000000000000000e+00,0.0000000000000000e+00,0.0000000000000000e+00,0.0000000000000000e+00,0.0000000000000000e+00,0.0000000000000000e+00,0.0000000000000000e+00,0.0000000000000000e+00,0.0000000000000000e+00,0.0000000000000000e+00,0.0000000000000000e+00,0.0000000000000000e+00,0.0000000000000000e+00,0.0000000000000000e+00,0.0000000000000000e+00,0.0000000000000000e+00,0.0000000000000000e+00,0.0000000000000000e+00,0.0000000000000000e+00,0.0000000000000000e+00,0.0000000000000000e+00,0.0000000000000000e+00,0.0000000000000000e+00,0.0000000000000000e+00,0.0000000000000000e+00,0.0000000000000000e+00,0.0000000000000000e+00,0.0000000000000000e+00,0.0000000000000000e+00,0.0000000000000000e+00,0.0000000000000000e+00,0.0000000000000000e+00,0.0000000000000000e+00,0.0000000000000000e+00,0.0000000000000000e+00,0.0000000000000000e+00,0.0000000000000000e+00,0.0000000000000000e+00,0.0000000000000000e+00,0.0000000000000000e+00,0.0000000000000000e+00,0.0000000000000000e+00,0.0000000000000000e+00,0.0000000000000000e+00,0.0000000000000000e+00,0.0000000000000000e+00,0.0000000000000000e+00,0.0000000000000000e+00,0.0000000000000000e+00,0.0000000000000000e+00,0.0000000000000000e+00,0.0000000000000000e+00,0.0000000000000000e+00,0.0000000000000000e+00,0.0000000000000000e+00,0.0000000000000000e+00,0.0000000000000000e+00,0.0000000000000000e+00,0.0000000000000000e+00,0.0000000000000000e+00,0.0000000000000000e+00,0.0000000000000000e+00,0.0000000000000000e+00,0.0000000000000000e+00,0.0000000000000000e+00,0.0000000000000000e+00,0.0000000000000000e+00,0.0000000000000000e+00,0.0000000000000000e+00,0.0000000000000000e+00,0.0000000000000000e+00,0.0000000000000000e+00,0.0000000000000000e+00,0.0000000000000000e+00,0.0000000000000000e+00,0.0000000000000000e+00,0.0000000000000000e+00,0.0000000000000000e+00,0.0000000000000000e+00,0.0000000000000000e+00,0.0000000000000000e+00,0.0000000000000000e+00,0.0000000000000000e+00,0.0000000000000000e+00,0.0000000000000000e+00,0.0000000000000000e+00,0.0000000000000000e+00,0.0000000000000000e+00,0.0000000000000000e+00,0.0000000000000000e+00,0.0000000000000000e+00,0.0000000000000000e+00,0.0000000000000000e+00,0.0000000000000000e+00,0.0000000000000000e+00,0.0000000000000000e+00,0.0000000000000000e+00,0.0000000000000000e+00,0.0000000000000000e+00,0.0000000000000000e+00,0.0000000000000000e+00,0.0000000000000000e+00,0.0000000000000000e+00,0.0000000000000000e+00,0.0000000000000000e+00,0.0000000000000000e+00,0.0000000000000000e+00,0.0000000000000000e+00,0.0000000000000000e+00,0.0000000000000000e+00,0.0000000000000000e+00,0.0000000000000000e+00,0.0000000000000000e+00,0.0000000000000000e+00,0.0000000000000000e+00,0.0000000000000000e+00,0.0000000000000000e+00,0.0000000000000000e+00,0.0000000000000000e+00,0.0000000000000000e+00,0.0000000000000000e+00,0.0000000000000000e+00,0.0000000000000000e+00,0.0000000000000000e+00,0.0000000000000000e+00,0.0000000000000000e+00,0.0000000000000000e+00,0.0000000000000000e+00,0.0000000000000000e+00,0.0000000000000000e+00,0.0000000000000000e+00,0.0000000000000000e+00,0.0000000000000000e+00,0.0000000000000000e+00,0.0000000000000000e+00,0.0000000000000000e+00,0.0000000000000000e+00,0.0000000000000000e+00,0.0000000000000000e+00,0.0000000000000000e+00,0.0000000000000000e+00,0.0000000000000000e+00,0.0000000000000000e+00,0.0000000000000000e+00,0.0000000000000000e+00,0.0000000000000000e+00,0.0000000000000000e+00,0.0000000000000000e+00,0.0000000000000000e+00,0.0000000000000000e+00,0.0000000000000000e+00,0.0000000000000000e+00,0.0000000000000000e+00,0.0000000000000000e+00,0.0000000000000000e+00,0.0000000000000000e+00,0.0000000000000000e+00,0.0000000000000000e+00,0.0000000000000000e+00,0.0000000000000000e+00,0.0000000000000000e+00,0.0000000000000000e+00,0.0000000000000000e+00,0.0000000000000000e+00,0.0000000000000000e+00,0.0000000000000000e+00,0.0000000000000000e+00,0.0000000000000000e+00,0.0000000000000000e+00,0.0000000000000000e+00,0.0000000000000000e+00,0.0000000000000000e+00,0.0000000000000000e+00,0.0000000000000000e+00,0.0000000000000000e+00,0.0000000000000000e+00,0.0000000000000000e+00,0.0000000000000000e+00,0.0000000000000000e+00,0.0000000000000000e+00,0.0000000000000000e+00,0.0000000000000000e+00,0.0000000000000000e+00,0.0000000000000000e+00,0.0000000000000000e+00,0.0000000000000000e+00,0.0000000000000000e+00,0.0000000000000000e+00,0.0000000000000000e+00,0.0000000000000000e+00,0.0000000000000000e+00,0.0000000000000000e+00,0.0000000000000000e+00,0.0000000000000000e+00,0.0000000000000000e+00,0.0000000000000000e+00,0.0000000000000000e+00,0.0000000000000000e+00,0.0000000000000000e+00,0.0000000000000000e+00,0.0000000000000000e+00,0.0000000000000000e+00,0.0000000000000000e+00,0.0000000000000000e+00,0.0000000000000000e+00,0.0000000000000000e+00,0.0000000000000000e+00,0.0000000000000000e+00,0.0000000000000000e+00,0.0000000000000000e+00,0.0000000000000000e+00,0.0000000000000000e+00,0.0000000000000000e+00,0.0000000000000000e+00,0.0000000000000000e+00,0.0000000000000000e+00,0.0000000000000000e+00,0.0000000000000000e+00,0.0000000000000000e+00,0.0000000000000000e+00,0.0000000000000000e+00,0.0000000000000000e+00,0.0000000000000000e+00,0.0000000000000000e+00,0.0000000000000000e+00,0.0000000000000000e+00,0.0000000000000000e+00,0.0000000000000000e+00,0.0000000000000000e+00,0.0000000000000000e+00,0.0000000000000000e+00,0.0000000000000000e+00,0.0000000000000000e+00,0.0000000000000000e+00,0.0000000000000000e+00,0.0000000000000000e+00,0.0000000000000000e+00,0.0000000000000000e+00,0.0000000000000000e+00,0.0000000000000000e+00,0.0000000000000000e+00,0.0000000000000000e+00,0.0000000000000000e+00,0.0000000000000000e+00,0.0000000000000000e+00,0.0000000000000000e+00,0.0000000000000000e+00,0.0000000000000000e+00,0.0000000000000000e+00,0.0000000000000000e+00,0.0000000000000000e+00,0.0000000000000000e+00,0.0000000000000000e+00,0.0000000000000000e+00,0.0000000000000000e+00,0.0000000000000000e+00,0.0000000000000000e+00,0.0000000000000000e+00,0.0000000000000000e+00,0.0000000000000000e+00,0.0000000000000000e+00,0.0000000000000000e+00,0.0000000000000000e+00,0.0000000000000000e+00,0.0000000000000000e+00,0.0000000000000000e+00,0.0000000000000000e+00,0.0000000000000000e+00,0.0000000000000000e+00,0.0000000000000000e+00,0.0000000000000000e+00,0.0000000000000000e+00,0.0000000000000000e+00,0.0000000000000000e+00,0.0000000000000000e+00,0.0000000000000000e+00,0.0000000000000000e+00,0.0000000000000000e+00,0.0000000000000000e+00,0.0000000000000000e+00,0.0000000000000000e+00,0.0000000000000000e+00,0.0000000000000000e+00,0.0000000000000000e+00,0.0000000000000000e+00,0.0000000000000000e+00,0.0000000000000000e+00,0.0000000000000000e+00,0.0000000000000000e+00,0.0000000000000000e+00,0.0000000000000000e+00,0.0000000000000000e+00,0.0000000000000000e+00,0.0000000000000000e+00,0.0000000000000000e+00,0.0000000000000000e+00,0.0000000000000000e+00,0.0000000000000000e+00,0.0000000000000000e+00,0.0000000000000000e+00,0.0000000000000000e+00,0.0000000000000000e+00,0.0000000000000000e+00,0.0000000000000000e+00,0.0000000000000000e+00,0.0000000000000000e+00,0.0000000000000000e+00,0.0000000000000000e+00,0.0000000000000000e+00,0.0000000000000000e+00,0.0000000000000000e+00,0.0000000000000000e+00,0.0000000000000000e+00,0.0000000000000000e+00,0.0000000000000000e+00,0.0000000000000000e+00,0.0000000000000000e+00,0.0000000000000000e+00,0.0000000000000000e+00,0.0000000000000000e+00,0.0000000000000000e+00,0.0000000000000000e+00,0.0000000000000000e+00,0.0000000000000000e+00,0.0000000000000000e+00,0.0000000000000000e+00,0.0000000000000000e+00,0.0000000000000000e+00,0.0000000000000000e+00,0.0000000000000000e+00,0.0000000000000000e+00,0.0000000000000000e+00,0.0000000000000000e+00,0.0000000000000000e+00,0.0000000000000000e+00,0.0000000000000000e+00,0.0000000000000000e+00,0.0000000000000000e+00,0.0000000000000000e+00,0.0000000000000000e+00,0.0000000000000000e+00,0.0000000000000000e+00,0.0000000000000000e+00,0.0000000000000000e+00,0.0000000000000000e+00,0.0000000000000000e+00,0.0000000000000000e+00,0.0000000000000000e+00,0.0000000000000000e+00,0.0000000000000000e+00,0.0000000000000000e+00,0.0000000000000000e+00,0.0000000000000000e+00,0.0000000000000000e+00,0.0000000000000000e+00,0.0000000000000000e+00,0.0000000000000000e+00,0.0000000000000000e+00,0.0000000000000000e+00,0.0000000000000000e+00,0.0000000000000000e+00,0.0000000000000000e+00
6.7569005871422085e+00,6.7569005871422085e+00,9.7203700859387621e-01,2.0796793811785710e+00,0.0000000000000000e+00,0.0000000000000000e+00,6.7569005871422085e+00,6.7569005871422085e+00,4.3073389286543149e+00,6.7569005871422085e+00,2.0796793811785710e+00,9.7203700859387621e-01,4.3073389286543149e+00,5.4725072761981748e+00,4.3073389286543149e+00,6.7569005871422085e+00,9.7203700859387621e-01,9.7203700859387621e-01,6.7569005871422085e+00,5.4725072761981748e+00,6.7569005871422085e+00,6.7569005871422085e+00,6.7569005871422085e+00,5.4725072761981748e+00,6.7569005871422085e+00,9.7203700859387621e-01,5.4725072761981748e+00,5.4725072761981748e+00,2.8403294634089091e+00,5.4725072761981748e+00,6.7569005871422085e+00,5.4725072761981748e+00,6.7569005871422085e+00,9.7203700859387621e-01,2.8403294634089091e+00,6.7569005871422085e+00,6.7569005871422085e+00,6.7569005871422085e+00,5.4725072761981748e+00,2.0796793811785710e+00,6.7569005871422085e+00,9.7203700859387621e-01,5.4725072761981748e+00,5.4725072761981748e+00,5.4725072761981748e+00,4.3073389286543149e+00,5.4725072761981748e+00,5.4725072761981748e+00,0.0000000000000000e+00,5.4725072761981748e+00,9.7203700859387621e-01,3.7030745260412790e+00,5.4725072761981748e+00,9.7203700859387621e-01,3.7030745260412790e+00,5.4725072761981748e+00,9.7203700859387621e-01,6.7569005871422085e+00,5.4725072761981748e+00,9.7203700859387621e-01,9.7203700859387621e-01,6.7569005871422085e+00,2.8403294634089091e+00,4.3073389286543149e+00,5.4725072761981748e+00,6.7569005871422085e+00,6.7569005871422085e+00,6.7569005871422085e+00,5.4725072761981748e+00,6.7569005871422085e+00,6.7569005871422085e+00,6.7569005871422085e+00,6.7569005871422085e+00,2.8403294634089091e+00,2.8403294634089091e+00,0.0000000000000000e+00,6.7569005871422085e+00,6.7569005871422085e+00,6.7569005871422085e+00,6.7569005871422085e+00,6.7569005871422085e+00,5.4725072761981748e+00,6.7569005871422085e+00,4.3073389286543149e+00,3.7030745260412790e+00,6.7569005871422085e+00,6.7569005871422085e+00,6.7569005871422085e+00,6.7569005871422085e+00,5.4725072761981748e+00,2.0796793811785710e+00,5.4725072761981748e+00,6.7569005871422085e+00,9.7203700859387621e-01,2.0796793811785710e+00,6.7569005871422085e+00,2.0796793811785710e+00,2.0796793811785710e+00,5.4725072761981748e+00,3.7030745260412790e+00,0.0000000000000000e+00,2.0796793811785710e+00,6.7569005871422085e+00,6.7569005871422085e+00,5.4725072761981748e+00,4.3073389286543149e+00,5.4725072761981748e+00,2.8403294634089091e+00,0.0000000000000000e+00,2.0796793811785710e+00,5.4725072761981748e+00,5.4725072761981748e+00,6.7569005871422085e+00,2.0796793811785710e+00,4.3073389286543149e+00,0.0000000000000000e+00,4.3073389286543149e+00,2.0796793811785710e+00,6.7569005871422085e+00,3.7030745260412790e+00,6.7569005871422085e+00,6.7569005871422085e+00,6.7569005871422085e+00,2.8403294634089091e+00,2.0796793811785710e+00,6.7569005871422085e+00,6.7569005871422085e+00,2.0796793811785710e+00,2.8403294634089091e+00,9.7203700859387621e-01,5.4725072761981748e+00,5.4725072761981748e+00,0.0000000000000000e+00,5.4725072761981748e+00,6.7569005871422085e+00,6.7569005871422085e+00,4.3073389286543149e+00,2.0796793811785710e+00,2.8403294634089091e+00,3.7030745260412790e+00,2.0796793811785710e+00,5.4725072761981748e+00,6.7569005871422085e+00,2.8403294634089091e+00,2.8403294634089091e+00,2.0796793811785710e+00,5.4725072761981748e+00,9.7203700859387621e-01,2.8403294634089091e+00,5.4725072761981748e+00,2.8403294634089091e+00,2.8403294634089091e+00,0.0000000000000000e+00,0.0000000000000000e+00,3.7030745260412790e+00,6.7569005871422085e+00,6.7569005871422085e+00,2.0796793811785710e+00,6.7569005871422085e+00,6.7569005871422085e+00,6.7569005871422085e+00,9.7203700859387621e-01,3.7030745260412790e+00,2.0796793811785710e+00,5.4725072761981748e+00,6.7569005871422085e+00,2.0796793811785710e+00,6.7569005871422085e+00,9.7203700859387621e-01,5.4725072761981748e+00,2.8403294634089091e+00,6.7569005871422085e+00,5.4725072761981748e+00,6.7569005871422085e+00,6.7569005871422085e+00,5.4725072761981748e+00,3.7030745260412790e+00,3.7030745260412790e+00,9.7203700859387621e-01,6.7569005871422085e+00,5.4725072761981748e+00,4.3073389286543149e+00,0.0000000000000000e+00,6.7569005871422085e+00,9.7203700859387621e-01,2.8403294634089091e+00,0.0000000000000000e+00,3.7030745260412790e+00,4.3073389286543149e+00,6.7569005871422085e+00,6.7569005871422085e+00,6.7569005871422085e+00,0.0000000000000000e+00,6.7569005871422085e+00,0.0000000000000000e+00,5.4725072761981748e+00,4.3073389286543149e+00,6.7569005871422085e+00,6.7569005871422085e+00,6.7569005871422085e+00,6.7569005871422085e+00,5.4725072761981748e+00,3.7030745260412790e+00,4.3073389286543149e+00,6.7569005871422085e+00,9.7203700859387621e-01,9.7203700859387621e-01,6.7569005871422085e+00,4.3073389286543149e+00,6.7569005871422085e+00,6.7569005871422085e+00,3.7030745260412790e+00,6.7569005871422085e+00,6.7569005871422085e+00,2.8403294634089091e+00,4.3073389286543149e+00,5.4725072761981748e+00,4.3073389286543149e+00,3.7030745260412790e+00,4.3073389286543149e+00,6.7569005871422085e+00,6.7569005871422085e+00,9.7203700859387621e-01,4.3073389286543149e+00,4.3073389286543149e+00,2.8403294634089091e+00,0.0000000000000000e+00,2.8403294634089091e+00,5.4725072761981748e+00,5.4725072761981748e+00,5.4725072761981748e+00,5.4725072761981748e+00,2.8403294634089091e+00,5.4725072761981748e+00,6.7569005871422085e+00,6.7569005871422085e+00,6.7569005871422085e+00,0.0000000000000000e+00,6.7569005871422085e+00,6.7569005871422085e+00,5.4725072761981748e+00,6.7569005871422085e+00,2.8403294634089091e+00,9.7203700859387621e-01,0.0000000000000000e+00,0.0000000000000000e+00,6.7569005871422085e+00,5.4725072761981748e+00,4.3073389286543149e+00,2.8403294634089091e+00,6.7569005871422085e+00,0.0000000000000000e+00,6.7569005871422085e+00,2.8403294634089091e+00,6.7569005871422085e+00,6.7569005871422085e+00,6.7569005871422085e+00,5.4725072761981748e+00,5.4725072761981748e+00,0.0000000000000000e+00,5.4725072761981748e+00,5.4725072761981748e+00,2.8403294634089091e+00,3.7030745260412790e+00,0.0000000000000000e+00,3.7030745260412790e+00,5.4725072761981748e+00,4.3073389286543149e+00,3.7030745260412790e+00,9.7203700859387621e-01,3.7030745260412790e+00,6.7569005871422085e+00,4.3073389286543149e+00,3.7030745260412790e+00,4.3073389286543149e+00,5.4725072761981748e+00,3.7030745260412790e+00,6.7569005871422085e+00,3.7030745260412790e+00,6.7569005871422085e+00,3.7030745260412790e+00,2.8403294634089091e+00,5.4725072761981748e+00,9.7203700859387621e-01,9.7203700859387621e-01,3.7030745260412790e+00,4.3073389286543149e+00,4.3073389286543149e+00,4.3073389286543149e+00,6.7569005871422085e+00,9.7203700859387621e-01,4.3073389286543149e+00,2.0796793811785710e+00,5.4725072761981748e+00,3.7030745260412790e+00,3.7030745260412790e+00,4.3073389286543149e+00,4.3073389286543149e+00,5.4725072761981748e+00,6.7569005871422085e+00,6.7569005871422085e+00,9.7203700859387621e-01,4.3073389286543149e+00,3.7030745260412790e+00,3.7030745260412790e+00,6.7569005871422085e+00,2.0796793811785710e+00,3.7030745260412790e+00,2.8403294634089091e+00,6.7569005871422085e+00,3.7030745260412790e+00,9.7203700859387621e-01,6.7569005871422085e+00,5.4725072761981748e+00,5.4725072761981748e+00,3.7030745260412790e+00,2.8403294634089091e+00,5.4725072761981748e+00,6.7569005871422085e+00,5.4725072761981748e+00,5.4725072761981748e+00,5.4725072761981748e+00,5.4725072761981748e+00,5.4725072761981748e+00,2.8403294634089091e+00,2.8403294634089091e+00,5.4725072761981748e+00,6.7569005871422085e+00,5.4725072761981748e+00,5.4725072761981748e+00,2.8403294634089091e+00,2.8403294634089091e+00,6.7569005871422085e+00,0.0000000000000000e+00,6.7569005871422085e+00,2.0796793811785710e+00,3.7030745260412790e+00,5.4725072761981748e+00,4.3073389286543149e+00,3.7030745260412790e+00,3.7030745260412790e+00,3.7030745260412790e+00,3.7030745260412790e+00,3.7030745260412790e+00,4.3073389286543149e+00,2.8403294634089091e+00,5.4725072761981748e+00,6.7569005871422085e+00,3.7030745260412790e+00,2.8403294634089091e+00,6.7569005871422085e+00,9.7203700859387621e-01,6.7569005871422085e+00,4.3073389286543149e+00,5.4725072761981748e+00,6.7569005871422085e+00,4.3073389286543149e+00,6.7569005871422085e+00,2.8403294634089091e+00,2.8403294634089091e+00,6.7569005871422085e+00,4.3073389286543149e+00,0.0000000000000000e+00,5.4725072761981748e+00,2.8403294634089091e+00,5.4725072761981748e+00,6.7569005871422085e+00,5.4725072761981748e+00,0.0000000000000000e+00,6.7569005871422085e+00,3.7030745260412790e+00,2.8403294634089091e+00,6.7569005871422085e+00,4.3073389286543149e+00,6.7569005871422085e+00,6.7569005871422085e+00,5.4725072761981748e+00,6.7569005871422085e+00,6.7569005871422085e+00,3.7030745260412790e+00,6.7569005871422085e+00,4.3073389286543149e+00,2.0796793811785710e+00,3.7030745260412790e+00,6.7569005871422085e+00,0.0000000000000000e+00,6.7569005871422085e+00,4.3073389286543149e+00,6.7569005871422085e+00,6.7569005871422085e+00,6.7569005871422085e+00,9.7203700859387621e-01,2.0796793811785710e+00,2.0796793811785710e+00,6.7569005871422085e+00,2.8403294634089091e+00,6.7569005871422085e+00,6.7569005871422085e+00,6.7569005871422085e+00,5.4725072761981748e+00,3.7030745260412790e+00,4.3073389286543149e+00,5.4725072761981748e+00,3.7030745260412790e+00,2.0796793811785710e+00,3.7030745260412790e+00,3.7030745260412790e+00,2.0796793811785710e+00,3.7030745260412790e+00,5.4725072761981748e+00,5.4725072761981748e+00,0.0000000000000000e+00,5.4725072761981748e+00,6.7569005871422085e+00,6.7569005871422085e+00,6.7569005871422085e+00,3.7030745260412790e+00,6.7569005871422085e+00,9.7203700859387621e-01,9.7203700859387621e-01,4.3073389286543149e+00,6.7569005871422085e+00,4.3073389286543149e+00,6.7569005871422085e+00,6.7569005871422085e+00,6.7569005871422085e+00,4.3073389286543149e+00,6.7569005871422085e+00,0.0000000000000000e+00,3.7030745260412790e+00,0.0000000000000000e+00,6.7569005871422085e+00,0.0000000000000000e+00,2.8403294634089091e+00,5.4725072761981748e+00,6.7569005871422085e+00,2.0796793811785710e+00,2.0796793811785710e+00,2.0796793811785710e+00,2.0796793811785710e+00,4.3073389286543149e+00,6.7569005871422085e+00,4.3073389286543149e+00,3.7030745260412790e+00,6.7569005871422085e+00,4.3073389286543149e+00,6.7569005871422085e+00,6.7569005871422085e+00,6.7569005871422085e+00,6.7569005871422085e+00,6.7569005871422085e+00,0.0000000000000000e+00,6.7569005871422085e+00,5.4725072761981748e+00,6.7569005871422085e+00,3.7030745260412790e+00,6.7569005871422085e+00,5.4725072761981748e+00,5.4725072761981748e+00,5.4725072761981748e+00,6.7569005871422085e+00,5.4725072761981748e+00,5.4725072761981748e+00,2.8403294634089091e+00,6.7569005871422085e+00,5.4725072761981748e+00,6.7569005871422085e+00,2.8403294634089091e+00,6.7569005871422085e+00,6.7569005871422085e+00,6.7569005871422085e+00,2.8403294634089091e+00,2.8403294634089091e+00,2.8403294634089091e+00,6.7569005871422085e+00,6.7569005871422085e+00,5.4725072761981748e+00,5.4725072761981748e+00,6.7569005871422085e+00,9.7203700859387621e-01,5.4725072761981748e+00,4.3073389286543149e+00,6.7569005871422085e+00,6.7569005871422085e+00,6.7569005871422085e+00,6.7569005871422085e+00,5.4725072761981748e+00,6.7569005871422085e+00,5.4725072761981748e+00,2.0796793811785710e+00,4.3073389286543149e+00,4.3073389286543149e+00,6.7569005871422085e+00,6.7569005871422085e+00,4.3073389286543149e+00,3.7030745260412790e+00,4.3073389286543149e+00,5.4725072761981748e+00,2.8403294634089091e+00,4.3073389286543149e+00,3.7030745260412790e+00,6.7569005871422085e+00,5.4725072761981748e+00,2.8403294634089091e+00,6.7569005871422085e+00,5.4725072761981748e+00,6.7569005871422085e+00,6.7569005871422085e+00,6.7569005871422085e+00,2.8403294634089091e+00,2.8403294634089091e+00,6.7569005871422085e+00,2.8403294634089091e+00,5.4725072761981748e+00,5.4725072761981748e+00,2.8403294634089091e+00,9.7203700859387621e-01,5.4725072761981748e+00,6.7569005871422085e+00,3.7030745260412790e+00,2.0796793811785710e+00,6.7569005871422085e+00,2.0796793811785710e+00,2.8403294634089091e+00,4.3073389286543149e+00,6.7569005871422085e+00,4.3073389286543149e+00,2.8403294634089091e+00,6.7569005871422085e+00,2.8403294634089091e+00,4.3073389286543149e+00,9.7203700859387621e-01,2.0796793811785710e+00,3.7030745260412790e+00,4.3073389286543149e+00,6.7569005871422085e+00,4.3073389286543149e+00,4.3073389286543149e+00,4.3073389286543149e+00,5.4725072761981748e+00,2.8403294634089091e+00,6.7569005871422085e+00,2.8403294634089091e+00,2.8403294634089091e+00,4.3073389286543149e+00,2.8403294634089091e+00,2.8403294634089091e+00,6.7569005871422085e+00,9.7203700859387621e-01,6.7569005871422085e+00,6.7569005871422085e+00,0.0000000000000000e+00,2.8403294634089091e+00,9.7203700859387621e-01,6.7569005871422085e+00,2.8403294634089091e+00,2.8403294634089091e+00,4.3073389286543149e+00,6.7569005871422085e+00,6.7569005871422085e+00,4.3073389286543149e+00,2.8403294634089091e+00,6.7569005871422085e+00,5.4725072761981748e+00,6.7569005871422085e+00,6.7569005871422085e+00,5.4725072761981748e+00,5.4725072761981748e+00,2.8403294634089091e+00,2.8403294634089091e+00,5.4725072761981748e+00,5.4725072761981748e+00,4.3073389286543149e+00,2.8403294634089091e+00,4.3073389286543149e+00,0.0000000000000000e+00,9.7203700859387621e-01,2.8403294634089091e+00,6.7569005871422085e+00,4.3073389286543149e+00,4.3073389286543149e+00,5.4725072761981748e+00,5.4725072761981748e+00,0.0000000000000000e+00,2.0796793811785710e+00,6.7569005871422085e+00,2.8403294634089091e+00,2.0796793811785710e+00,2.0796793811785710e+00,4.3073389286543149e+00,5.4725072761981748e+00,5.4725072761981748e+00,9.7203700859387621e-01,3.7030745260412790e+00,9.7203700859387621e-01,5.4725072761981748e+00,6.7569005871422085e+00,3.7030745260412790e+00,2.8403294634089091e+00,5.4725072761981748e+00,5.4725072761981748e+00,4.3073389286543149e+00,6.7569005871422085e+00,6.7569005871422085e+00,4.3073389286543149e+00,5.4725072761981748e+00,4.3073389286543149e+00,4.3073389286543149e+00,2.8403294634089091e+00,4.3073389286543149e+00,5.4725072761981748e+00,9.7203700859387621e-01,2.8403294634089091e+00,9.7203700859387621e-01,9.7203700859387621e-01,4.3073389286543149e+00,3.7030745260412790e+00,2.0796793811785710e+00,3.7030745260412790e+00,6.7569005871422085e+00,6.7569005871422085e+00,9.7203700859387621e-01,6.7569005871422085e+00,4.3073389286543149e+00,2.0796793811785710e+00,0.0000000000000000e+00,5.4725072761981748e+00,5.4725072761981748e+00,2.8403294634089091e+00,9.7203700859387621e-01,5.4725072761981748e+00,5.4725072761981748e+00,6.7569005871422085e+00,6.7569005871422085e+00,6.7569005871422085e+00,5.4725072761981748e+00,2.0796793811785710e+00,2.0796793811785710e+00,6.7569005871422085e+00,0.0000000000000000e+00,0.0000000000000000e+00,0.0000000000000000e+00,2.0796793811785710e+00,5.4725072761981748e+00,5.4725072761981748e+00,0.0000000000000000e+00,3.7030745260412790e+00,6.7569005871422085e+00,2.0796793811785710e+00,0.0000000000000000e+00,4.3073389286543149e+00,5.4725072761981748e+00,5.4725072761981748e+00,2.8403294634089091e+00,9.7203700859387621e-01,2.8403294634089091e+00,6.7569005871422085e+00,9.7203700859387621e-01,3.7030745260412790e+00,3.7030745260412790e+00,2.0796793811785710e+00,6.7569005871422085e+00,3.7030745260412790e+00,6.7569005871422085e+00,5.4725072761981748e+00,2.0796793811785710e+00,6.7569005871422085e+00,6.7569005871422085e+00,0.0000000000000000e+00,6.7569005871422085e+00,2.0796793811785710e+00,5.4725072761981748e+00,4.3073389286543149e+00,9.7203700859387621e-01,4.3073389286543149e+00,9.7203700859387621e-01,5.4725072761981748e+00,6.7569005871422085e+00,9.7203700859387621e-01,9.7203700859387621e-01,9.7203700859387621e-01,6.7569005871422085e+00,6.7569005871422085e+00,6.7569005871422085e+00,2.8403294634089091e+00,6.7569005871422085e+00,5.4725072761981748e+00,5.4725072761981748e+00,6.7569005871422085e+00,2.0796793811785710e+00,4.3073389286543149e+00,5.4725072761981748e+00,5.4725072761981748e+00,6.7569005871422085e+00,2.0796793811785710e+00,2.8403294634089091e+00,5.4725072761981748e+00,6.7569005871422085e+00,6.7569005871422085e+00,5.4725072761981748e+00,2.0796793811785710e+00,5.4725072761981748e+00,2.0796793811785710e+00,6.7569005871422085e+00,6.7569005871422085e+00,5.4725072761981748e+00,5.4725072761981748e+00,0.0000000000000000e+00,9.7203700859387621e-01,6.7569005871422085e+00,2.8403294634089091e+00,6.7569005871422085e+00,2.8403294634089091e+00,6.7569005871422085e+00,9.7203700859387621e-01,4.3073389286543149e+00,2.0796793811785710e+00,5.4725072761981748e+00,2.8403294634089091e+00,5.4725072761981748e+00,5.4725072761981748e+00,9.7203700859387621e-01,2.0796793811785710e+00,6.7569005871422085e+00,2.8403294634089091e+00,2.0796793811785710e+00,9.7203700859387621e-01,2.0796793811785710e+00,2.0796793811785710e+00,3.7030745260412790e+00,2.0796793811785710e+00,6.7569005871422085e+00,5.4725072761981748e+00,9.7203700859387621e-01,4.3073389286543149e+00,5.4725072761981748e+00,5.4725072761981748e+00,5.4725072761981748e+00,5.4725072761981748e+00,6.7569005871422085e+00,2.8403294634089091e+00,4.3073389286543149e+00,5.4725072761981748e+00,2.8403294634089091e+00,2.8403294634089091e+00,5.4725072761981748e+00,5.4725072761981748e+00,5.4725072761981748e+00,5.4725072761981748e+00,3.7030745260412790e+00,4.3073389286543149e+00,5.4725072761981748e+00,9.7203700859387621e-01,5.4725072761981748e+00,2.0796793811785710e+00,6.7569005871422085e+00,9.7203700859387621e-01,4.3073389286543149e+00,2.0796793811785710e+00,5.4725072761981748e+00,5.4725072761981748e+00,4.3073389286543149e+00,5.4725072761981748e+00,3.7030745260412790e+00,5.4725072761981748e+00,6.7569005871422085e+00,4.3073389286543149e+00,6.7569005871422085e+00,5.4725072761981748e+00,5.4725072761981748e+00,2.0796793811785710e+00,4.3073389286543149e+00,5.4725072761981748e+00,9.7203700859387621e-01,3.7030745260412790e+00,9.7203700859387621e-01,4.3073389286543149e+00,4.3073389286543149e+00,0.0000000000000000e+00,4.3073389286543149e+00,5.4725072761981748e+00,3.7030745260412790e+00,5.4725072761981748e+00,6.7569005871422085e+00,6.7569005871422085e+00,5.4725072761981748e+00,0.0000000000000000e+00,5.4725072761981748e+00,6.7569005871422085e+00,3.7030745260412790e+00,9.7203700859387621e-01,3.7030745260412790e+00,4.3073389286543149e+00,2.8403294634089091e+00,5.4725072761981748e+00,2.8403294634089091e+00,6.7569005871422085e+00,9.7203700859387621e-01,6.7569005871422085e+00,6.7569005871422085e+00,2.8403294634089091e+00,5.4725072761981748e+00,5.4725072761981748e+00,2.8403294634089091e+00,0.0000000000000000e+00,5.4725072761981748e+00,5.4725072761981748e+00,5.4725072761981748e+00,4.3073389286543149e+00,2.8403294634089091e+00,6.7569005871422085e+00,0.0000000000000000e+00,5.4725072761981748e+00,4.3073389286543149e+00,5.4725072761981748e+00,5.4725072761981748e+00,3.7030745260412790e+00,5.4725072761981748e+00,5.4725072761981748e+00,6.7569005871422085e+00,5.4725072761981748e+00,5.4725072761981748e+00,6.7569005871422085e+00,6.7569005871422085e+00,6.7569005871422085e+00,2.8403294634089091e+00,0.0000000000000000e+00,5.4725072761981748e+00,2.8403294634089091e+00,4.3073389286543149e+00,0.0000000000000000e+00,6.7569005871422085e+00,6.7569005871422085e+00,2.8403294634089091e+00,6.7569005871422085e+00,2.8403294634089091e+00,5.4725072761981748e+00,6.7569005871422085e+00,2.0796793811785710e+00,0.0000000000000000e+00,6.7569005871422085e+00,6.7569005871422085e+00,2.0796793811785710e+00,6.7569005871422085e+00,5.4725072761981748e+00,3.7030745260412790e+00,2.0796793811785710e+00,4.3073389286543149e+00,3.7030745260412790e+00,3.7030745260412790e+00,5.4725072761981748e+00,6.7569005871422085e+00,3.7030745260412790e+00,6.7569005871422085e+00,6.7569005871422085e+00,6.7569005871422085e+00,5.4725072761981748e+00,0.0000000000000000e+00,9.7203700859387621e-01,5.4725072761981748e+00,5.4725072761981748e+00,4.3073389286543149e+00,5.4725072761981748e+00,2.8403294634089091e+00,4.3073389286543149e+00,6.7569005871422085e+00,6.7569005871422085e+00,6.7569005871422085e+00,6.7569005871422085e+00,6.7569005871422085e+00,4.3073389286543149e+00,2.0796793811785710e+00,6.7569005871422085e+00,6.7569005871422085e+00,2.0796793811785710e+00,6.7569005871422085e+00,4.3073389286543149e+00,6.7569005871422085e+00,6.7569005871422085e+00,4.3073389286543149e+00,9.7203700859387621e-01,5.4725072761981748e+00,6.7569005871422085e+00,6.7569005871422085e+00,6.7569005871422085e+00,2.0796793811785710e+00,6.7569005871422085e+00,2.8403294634089091e+00,2.0796793811785710e+00,5.4725072761981748e+00,4.3073389286543149e+00,5.4725072761981748e+00,3.7030745260412790e+00,6.7569005871422085e+00,6.7569005871422085e+00,4.3073389286543149e+00,4.3073389286543149e+00,4.3073389286543149e+00,6.7569005871422085e+00,5.4725072761981748e+00,9.7203700859387621e-01,5.4725072761981748e+00,2.8403294634089091e+00,4.3073389286543149e+00,2.8403294634089091e+00,4.3073389286543149e+00,9.7203700859387621e-01,4.3073389286543149e+00,4.3073389286543149e+00,2.8403294634089091e+00,6.7569005871422085e+00,4.3073389286543149e+00,6.7569005871422085e+00,3.7030745260412790e+00,6.7569005871422085e+00,5.4725072761981748e+00,6.7569005871422085e+00,6.7569005871422085e+00,9.7203700859387621e-01,5.4725072761981748e+00,5.4725072761981748e+00,2.8403294634089091e+00,6.7569005871422085e+00,6.7569005871422085e+00,6.7569005871422085e+00,6.7569005871422085e+00,6.7569005871422085e+00,6.7569005871422085e+00,5.4725072761981748e+00,0.0000000000000000e+00,4.3073389286543149e+00,2.8403294634089091e+00,6.7569005871422085e+00,2.0796793811785710e+00,5.4725072761981748e+00,2.0796793811785710e+00,3.7030745260412790e+00,3.7030745260412790e+00,6.7569005871422085e+00,0.0000000000000000e+00,3.7030745260412790e+00,6.7569005871422085e+00,2.8403294634089091e+00,6.7569005871422085e+00,6.7569005871422085e+00,5.4725072761981748e+00,6.7569005871422085e+00,0.0000000000000000e+00,6.7569005871422085e+00,6.7569005871422085e+00,6.7569005871422085e+00,2.8403294634089091e+00,6.7569005871422085e+00,6.7569005871422085e+00,2.0796793811785710e+00,6.7569005871422085e+00,5.4725072761981748e+00,2.8403294634089091e+00,4.3073389286543149e+00,3.7030745260412790e+00,4.3073389286543149e+00,6.7569005871422085e+00,2.8403294634089091e+00,6.7569005871422085e+00,2.0796793811785710e+00,0.0000000000000000e+00,0.0000000000000000e+00,2.0796793811785710e+00,5.4725072761981748e+00,6.7569005871422085e+00,5.4725072761981748e+00,5.4725072761981748e+00,3.7030745260412790e+00,0.0000000000000000e+00,5.4725072761981748e+00,6.7569005871422085e+00,2.8403294634089091e+00,5.4725072761981748e+00,5.4725072761981748e+00,2.8403294634089091e+00,5.4725072761981748e+00,4.3073389286543149e+00,5.4725072761981748e+00,5.4725072761981748e+00,5.4725072761981748e+00,4.3073389286543149e+00,6.7569005871422085e+00,6.7569005871422085e+00,9.7203700859387621e-01,6.7569005871422085e+00,4.3073389286543149e+00,3.7030745260412790e+00,3.7030745260412790e+00,6.7569005871422085e+00,3.7030745260412790e+00,6.7569005871422085e+00,0.0000000000000000e+00,0.0000000000000000e+00,4.3073389286543149e+00,5.4725072761981748e+00
2.8599513631860796e+00,2.8599513631860796e+00,2.8599513631860796e+00,3.6724461717260062e+00,0.0000000000000000e+00,2.8599513631860796e+00,0.0000000000000000e+00,9.7638019917190955e-01,6.2178728235388352e+00,6.2178728235388352e+00,2.8599513631860796e+00,6.2178728235388352e+00,4.0619137576625599e+00,2.8599513631860796e+00,4.0619137576625599e+00,2.8599513631860796e+00,3.6724461717260062e+00,3.6724461717260062e+00,3.6724461717260062e+00,6.2178728235388352e+00,9.7638019917190955e-01,6.2178728235388352e+00,6.2178728235388352e+00,6.2178728235388352e+00,5.4770176426758939e+00,6.2178728235388352e+00,3.6724461717260062e+00,3.6724461717260062e+00,5.4770176426758939e+00,1.9040787428867800e+00,6.2178728235388352e+00,9.7638019917190955e-01,2.8599513631860796e+00,6.2178728235388352e+00,3.6724461717260062e+00,3.6724461717260062e+00,6.2178728235388352e+00,2.8599513631860796e+00,2.8599513631860796e+00,6.2178728235388352e+00,4.0619137576625599e+00,3.6724461717260062e+00,6.2178728235388352e+00,6.2178728235388352e+00,4.0619137576625599e+00,6.2178728235388352e+00,3.6724461717260062e+00,3.6724461717260062e+00,4.0619137576625599e+00,0.0000000000000000e+00,5.4770176426758939e+00,2.8599513631860796e+00,3.6724461717260062e+00,3.6724461717260062e+00,0.0000000000000000e+00,6.2178728235388352e+00,6.2178728235388352e+00,6.2178728235388352e+00,6.2178728235388352e+00,6.2178728235388352e+00,6.2178728235388352e+00,6.2178728235388352e+00,3.6724461717260062e+00,6.2178728235388352e+00,6.2178728235388352e+00,5.4770176426758939e+00,6.2178728235388352e+00,3.6724461717260062e+00,4.0619137576625599e+00,3.6724461717260062e+00,6.2178728235388352e+00,6.2178728235388352e+00,9.7638019917190955e-01,0.0000000000000000e+00,6.2178728235388352e+00,6.2178728235388352e+00,6.2178728235388352e+00,6.2178728235388352e+00,6.2178728235388352e+00,6.2178728235388352e+00,1.9040787428867800e+00,2.8599513631860796e+00,0.0000000000000000e+00,6.2178728235388352e+00,0.0000000000000000e+00,5.4770176426758939e+00,6.2178728235388352e+00,6.2178728235388352e+00,6.2178728235388352e+00,6.2178728235388352e+00,9.7638019917190955e-01,2.8599513631860796e+00,9.7638019917190955e-01,6.2178728235388352e+00,6.2178728235388352e+00,6.2178728235388352e+00,6.2178728235388352e+00,2.8599513631860796e+00,2.8599513631860796e+00,1.9040787428867800e+00,4.0619137576625599e+00,2.8599513631860796e+00,6.2178728235388352e+00,6.2178728235388352e+00,4.0619137576625599e+00,1.9040787428867800e+00,0.0000000000000000e+00,6.2178728235388352e+00,6.2178728235388352e+00,6.2178728235388352e+00,5.4770176426758939e+00,6.2178728235388352e+00,6.2178728235388352e+00,4.0619137576625599e+00,0.0000000000000000e+00,5.4770176426758939e+00,5.4770176426758939e+00,5.4770176426758939e+00,6.2178728235388352e+00,9.7638019917190955e-01,2.8599513631860796e+00,5.4770176426758939e+00,0.0000000000000000e+00,2.8599513631860796e+00,2.8599513631860796e+00,1.9040787428867800e+00,6.2178728235388352e+00,4.0619137576625599e+00,6.2178728235388352e+00,6.2178728235388352e+00,6.2178728235388352e+00,2.8599513631860796e+00,4.0619137576625599e+00,6.2178728235388352e+00,6.2178728235388352e+00,4.0619137576625599e+00,6.2178728235388352e+00,6.2178728235388352e+00,6.2178728235388352e+00,1.9040787428867800e+00,4.0619137576625599e+00,6.2178728235388352e+00,3.6724461717260062e+00,3.6724461717260062e+00,6.2178728235388352e+00,6.2178728235388352e+00,6.2178728235388352e+00,6.2178728235388352e+00,6.2178728235388352e+00,1.9040787428867800e+00,6.2178728235388352e+00,3.6724461717260062e+00,6.2178728235388352e+00,6.2178728235388352e+00,6.2178728235388352e+00,6.2178728235388352e+00,6.2178728235388352e+00,6.2178728235388352e+00,4.0619137576625599e+00,4.0619137576625599e+00,6.2178728235388352e+00,0.0000000000000000e+00,4.0619137576625599e+00,6.2178728235388352e+00,4.0619137576625599e+00,9.7638019917190955e-01,4.0619137576625599e+00,6.2178728235388352e+00,9.7638019917190955e-01,0.0000000000000000e+00,4.0619137576625599e+00,0.0000000000000000e+00,9.7638019917190955e-01,9.7638019917190955e-01,6.2178728235388352e+00,0.0000000000000000e+00,5.4770176426758939e+00,9.7638019917190955e-01,6.2178728235388352e+00,2.8599513631860796e+00,1.9040787428867800e+00,9.7638019917190955e-01,4.0619137576625599e+00,4.0619137576625599e+00,6.2178728235388352e+00,3.6724461717260062e+00,5.4770176426758939e+00,1.9040787428867800e+00,6.2178728235388352e+00,3.6724461717260062e+00,6.2178728235388352e+00,3.6724461717260062e+00,1.9040787428867800e+00,6.2178728235388352e+00,6.2178728235388352e+00,6.2178728235388352e+00,1.9040787428867800e+00,3.6724461717260062e+00,6.2178728235388352e+00,0.0000000000000000e+00,6.2178728235388352e+00,2.8599513631860796e+00,4.0619137576625599e+00,6.2178728235388352e+00,4.0619137576625599e+00,6.2178728235388352e+00,6.2178728235388352e+00,6.2178728235388352e+00,4.0619137576625599e+00,2.8599513631860796e+00,4.0619137576625599e+00,4.0619137576625599e+00,6.2178728235388352e+00,4.0619137576625599e+00,6.2178728235388352e+00,6.2178728235388352e+00,6.2178728235388352e+00,6.2178728235388352e+00,6.2178728235388352e+00,6.2178728235388352e+00,5.4770176426758939e+00,5.4770176426758939e+00,0.0000000000000000e+00,6.2178728235388352e+00,6.2178728235388352e+00,4.0619137576625599e+00,5.4770176426758939e+00,6.2178728235388352e+00,9.7638019917190955e-01,6.2178728235388352e+00,9.7638019917190955e-01,9.7638019917190955e-01,9.7638019917190955e-01,3.6724461717260062e+00,6.2178728235388352e+00,6.2178728235388352e+00,9.7638019917190955e-01,3.6724461717260062e+00,6.2178728235388352e+00,3.6724461717260062e+00,6.2178728235388352e+00,6.2178728235388352e+00,6.2178728235388352e+00,1.9040787428867800e+00,5.4770176426758939e+00,6.2178728235388352e+00,5.4770176426758939e+00,6.2178728235388352e+00,6.2178728235388352e+00,2.8599513631860796e+00,3.6724461717260062e+00,4.0619137576625599e+00,6.2178728235388352e+00,9.7638019917190955e-01,6.2178728235388352e+00,4.0619137576625599e+00,0.0000000000000000e+00,3.6724461717260062e+00,6.2178728235388352e+00,3.6724461717260062e+00,4.0619137576625599e+00,2.8599513631860796e+00,3.6724461717260062e+00,6.2178728235388352e+00,6.2178728235388352e+00,6.2178728235388352e+00,3.6724461717260062e+00,6.2178728235388352e+00,5.4770176426758939e+00,5.4770176426758939e+00,1.9040787428867800e+00,4.0619137576625599e+00,3.6724461717260062e+00,0.0000000000000000e+00,4.0619137576625599e+00,2.8599513631860796e+00,4.0619137576625599e+00,2.8599513631860796e+00,3.6724461717260062e+00,2.8599513631860796e+00,4.0619137576625599e+00,5.4770176426758939e+00,6.2178728235388352e+00,2.8599513631860796e+00,5.4770176426758939e+00,1.9040787428867800e+00,5.4770176426758939e+00,2.8599513631860796e+00,1.9040787428867800e+00,6.2178728235388352e+00,6.2178728235388352e+00,5.4770176426758939e+00,6.2178728235388352e+00,5.4770176426758939e+00,5.4770176426758939e+00,3.6724461717260062e+00,4.0619137576625599e+00,6.2178728235388352e+00,6.2178728235388352e+00,0.0000000000000000e+00,4.0619137576625599e+00,4.0619137576625599e+00,6.2178728235388352e+00,3.6724461717260062e+00,0.0000000000000000e+00,2.8599513631860796e+00,2.8599513631860796e+00,4.0619137576625599e+00,6.2178728235388352e+00,6.2178728235388352e+00,3.6724461717260062e+00,6.2178728235388352e+00,9.7638019917190955e-01,6.2178728235388352e+00,5.4770176426758939e+00,5.4770176426758939e+00,6.2178728235388352e+00,4.0619137576625599e+00,6.2178728235388352e+00,9.7638019917190955e-01,5.4770176426758939e+00,5.4770176426758939e+00,5.4770176426758939e+00,9.7638019917190955e-01,5.4770176426758939e+00,4.0619137576625599e+00,5.4770176426758939e+00,6.2178728235388352e+00,5.4770176426758939e+00,6.2178728235388352e+00,9.7638019917190955e-01,4.0619137576625599e+00,5.4770176426758939e+00,6.2178728235388352e+00,9.7638019917190955e-01,4.0619137576625599e+00,6.2178728235388352e+00,6.2178728235388352e+00,6.2178728235388352e+00,0.0000000000000000e+00,3.6724461717260062e+00,6.2178728235388352e+00,6.2178728235388352e+00,6.2178728235388352e+00,9.7638019917190955e-01,6.2178728235388352e+00,2.8599513631860796e+00,6.2178728235388352e+00,6.2178728235388352e+00,1.9040787428867800e+00,1.9040787428867800e+00,6.2178728235388352e+00,6.2178728235388352e+00,6.2178728235388352e+00,6.2178728235388352e+00,6.2178728235388352e+00,6.2178728235388352e+00,0.0000000000000000e+00,6.2178728235388352e+00,5.4770176426758939e+00,6.2178728235388352e+00,3.6724461717260062e+00,6.2178728235388352e+00,9.7638019917190955e-01,5.4770176426758939e+00,2.8599513631860796e+00,2.8599513631860796e+00,3.6724461717260062e+00,0.0000000000000000e+00,2.8599513631860796e+00,9.7638019917190955e-01,0.0000000000000000e+00,6.2178728235388352e+00,2.8599513631860796e+00,4.0619137576625599e+00,0.0000000000000000e+00,5.4770176426758939e+00,6.2178728235388352e+00,6.2178728235388352e+00,6.2178728235388352e+00,9.7638019917190955e-01,3.6724461717260062e+00,9.7638019917190955e-01,6.2178728235388352e+00,6.2178728235388352e+00,6.2178728235388352e+00,9.7638019917190955e-01,5.4770176426758939e+00,9.7638019917190955e-01,5.4770176426758939e+00,2.8599513631860796e+00,6.2178728235388352e+00,6.2178728235388352e+00,5.4770176426758939e+00,2.8599513631860796e+00,1.9040787428867800e+00,6.2178728235388352e+00,6.2178728235388352e+00,6.2178728235388352e+00,6.2178728235388352e+00,6.2178728235388352e+00,6.2178728235388352e+00,2.8599513631860796e+00,6.2178728235388352e+00,6.2178728235388352e+00,6.2178728235388352e+00,6.2178728235388352e+00,6.2178728235388352e+00,6.2178728235388352e+00,6.2178728235388352e+00,4.0619137576625599e+00,5.4770176426758939e+00,6.2178728235388352e+00,6.2178728235388352e+00,1.9040787428867800e+00,6.2178728235388352e+00,5.4770176426758939e+00,6.2178728235388352e+00,6.2178728235388352e+00,6.2178728235388352e+00,5.4770176426758939e+00,6.2178728235388352e+00,0.0000000000000000e+00,6.2178728235388352e+00,6.2178728235388352e+00,1.9040787428867800e+00,6.2178728235388352e+00,5.4770176426758939e+00,9.7638019917190955e-01,6.2178728235388352e+00,6.2178728235388352e+00,5.4770176426758939e+00,6.2178728235388352e+00,9.7638019917190955e-01,4.0619137576625599e+00,5.4770176426758939e+00,2.8599513631860796e+00,3.6724461717260062e+00,6.2178728235388352e+00,5.4770176426758939e+00,4.0619137576625599e+00,0.0000000000000000e+00,4.0619137576625599e+00,6.2178728235388352e+00,3.6724461717260062e+00,3.6724461717260062e+00,5.4770176426758939e+00,5.4770176426758939e+00,5.4770176426758939e+00,3.6724461717260062e+00,2.8599513631860796e+00,5.4770176426758939e+00,4.0619137576625599e+00,2.8599513631860796e+00,0.0000000000000000e+00,6.2178728235388352e+00,4.0619137576625599e+00,6.2178728235388352e+00,3.6724461717260062e+00,4.0619137576625599e+00,2.8599513631860796e+00,6.2178728235388352e+00,1.9040787428867800e+00,6.2178728235388352e+00,5.4770176426758939e+00,2.8599513631860796e+00,6.2178728235388352e+00,6.2178728235388352e+00,3.6724461717260062e+00,6.2178728235388352e+00,3.6724461717260062e+00,5.4770176426758939e+00,6.2178728235388352e+00,4.0619137576625599e+00,6.2178728235388352e+00,6.2178728235388352e+00,1.9040787428867800e+00,1.9040787428867800e+00,2.8599513631860796e+00,0.0000000000000000e+00,2.8599513631860796e+00,6.2178728235388352e+00,6.2178728235388352e+00,2.8599513631860796e+00,6.2178728235388352e+00,4.0619137576625599e+00,6.2178728235388352e+00,5.4770176426758939e+00,0.0000000000000000e+00,6.2178728235388352e+00,0.0000000000000000e+00,6.2178728235388352e+00,3.6724461717260062e+00,6.2178728235388352e+00,6.2178728235388352e+00,3.6724461717260062e+00,5.4770176426758939e+00,3.6724461717260062e+00,0.0000000000000000e+00,3.6724461717260062e+00,3.6724461717260062e+00,0.0000000000000000e+00,3.6724461717260062e+00,3.6724461717260062e+00,6.2178728235388352e+00,6.2178728235388352e+00,6.2178728235388352e+00,0.0000000000000000e+00,3.6724461717260062e+00,0.0000000000000000e+00,5.4770176426758939e+00,3.6724461717260062e+00,3.6724461717260062e+00,9.7638019917190955e-01,5.4770176426758939e+00,5.4770176426758939e+00,5.4770176426758939e+00,5.4770176426758939e+00,6.2178728235388352e+00,9.7638019917190955e-01,3.6724461717260062e+00,6.2178728235388352e+00,5.4770176426758939e+00,5.4770176426758939e+00,2.8599513631860796e+00,5.4770176426758939e+00,6.2178728235388352e+00,3.6724461717260062e+00,3.6724461717260062e+00,2.8599513631860796e+00,6.2178728235388352e+00,6.2178728235388352e+00,1.9040787428867800e+00,9.7638019917190955e-01,9.7638019917190955e-01,6.2178728235388352e+00,9.7638019917190955e-01,6.2178728235388352e+00,3.6724461717260062e+00,3.6724461717260062e+00,6.2178728235388352e+00,6.2178728235388352e+00,1.9040787428867800e+00,3.6724461717260062e+00,1.9040787428867800e+00,3.6724461717260062e+00,2.8599513631860796e+00,0.0000000000000000e+00,6.2178728235388352e+00,5.4770176426758939e+00,6.2178728235388352e+00,6.2178728235388352e+00,5.4770176426758939e+00,5.4770176426758939e+00,5.4770176426758939e+00,5.4770176426758939e+00,2.8599513631860796e+00,5.4770176426758939e+00,2.8599513631860796e+00,4.0619137576625599e+00,6.2178728235388352e+00,9.7638019917190955e-01,5.4770176426758939e+00,0.0000000000000000e+00,3.6724461717260062e+00,4.0619137576625599e+00,3.6724461717260062e+00,6.2178728235388352e+00,6.2178728235388352e+00,6.2178728235388352e+00,0.0000000000000000e+00,6.2178728235388352e+00,3.6724461717260062e+00,6.2178728235388352e+00,2.8599513631860796e+00,5.4770176426758939e+00,3.6724461717260062e+00,6.2178728235388352e+00,6.2178728235388352e+00,6.2178728235388352e+00,0.0000000000000000e+00,6.2178728235388352e+00,6.2178728235388352e+00,1.9040787428867800e+00,9.7638019917190955e-01,6.2178728235388352e+00,0.0000000000000000e+00,6.2178728235388352e+00,9.7638019917190955e-01,4.0619137576625599e+00,2.8599513631860796e+00,4.0619137576625599e+00,1.9040787428867800e+00,5.4770176426758939e+00,5.4770176426758939e+00,6.2178728235388352e+00,6.2178728235388352e+00,0.0000000000000000e+00,5.4770176426758939e+00,5.4770176426758939e+00,9.7638019917190955e-01,6.2178728235388352e+00,6.2178728235388352e+00,0.0000000000000000e+00,2.8599513631860796e+00,4.0619137576625599e+00,2.8599513631860796e+00,9.7638019917190955e-01,4.0619137576625599e+00,2.8599513631860796e+00,1.9040787428867800e+00,3.6724461717260062e+00,3.6724461717260062e+00,2.8599513631860796e+00,6.2178728235388352e+00,3.6724461717260062e+00,2.8599513631860796e+00,9.7638019917190955e-01,0.0000000000000000e+00,1.9040787428867800e+00,5.4770176426758939e+00,1.9040787428867800e+00,1.9040787428867800e+00,6.2178728235388352e+00,6.2178728235388352e+00,6.2178728235388352e+00,3.6724461717260062e+00,6.2178728235388352e+00,3.6724461717260062e+00,3.6724461717260062e+00,6.2178728235388352e+00,5.4770176426758939e+00,2.8599513631860796e+00,3.6724461717260062e+00,6.2178728235388352e+00,3.6724461717260062e+00,9.7638019917190955e-01,6.2178728235388352e+00,3.6724461717260062e+00,4.0619137576625599e+00,6.2178728235388352e+00,9.7638019917190955e-01,6.2178728235388352e+00,5.4770176426758939e+00,0.0000000000000000e+00,5.4770176426758939e+00,3.6724461717260062e+00,9.7638019917190955e-01,6.2178728235388352e+00,6.2178728235388352e+00,3.6724461717260062e+00,0.0000000000000000e+00,6.2178728235388352e+00,3.6724461717260062e+00,6.2178728235388352e+00,1.9040787428867800e+00,5.4770176426758939e+00,6.2178728235388352e+00,6.2178728235388352e+00,6.2178728235388352e+00,1.9040787428867800e+00,6.2178728235388352e+00,1.9040787428867800e+00,1.9040787428867800e+00,3.6724461717260062e+00,6.2178728235388352e+00,2.8599513631860796e+00,3.6724461717260062e+00,6.2178728235388352e+00,6.2178728235388352e+00,9.7638019917190955e-01,6.2178728235388352e+00,6.2178728235388352e+00,9.7638019917190955e-01,0.0000000000000000e+00,6.2178728235388352e+00,4.0619137576625599e+00,5.4770176426758939e+00,4.0619137576625599e+00,5.4770176426758939e+00,2.8599513631860796e+00,6.2178728235388352e+00,2.8599513631860796e+00,4.0619137576625599e+00,5.4770176426758939e+00,2.8599513631860796e+00,4.0619137576625599e+00,3.6724461717260062e+00,9.7638019917190955e-01,0.0000000000000000e+00,4.0619137576625599e+00,1.9040787428867800e+00,4.0619137576625599e+00,6.2178728235388352e+00,6.2178728235388352e+00,1.9040787428867800e+00,1.9040787428867800e+00,1.9040787428867800e+00,4.0619137576625599e+00,3.6724461717260062e+00,6.2178728235388352e+00,9.7638019917190955e-01,4.0619137576625599e+00,6.2178728235388352e+00,6.2178728235388352e+00,5.4770176426758939e+00,5.4770176426758939e+00,5.4770176426758939e+00,6.2178728235388352e+00,6.2178728235388352e+00,5.4770176426758939e+00,1.9040787428867800e+00,4.0619137576625599e+00,2.8599513631860796e+00,0.0000000000000000e+00,3.6724461717260062e+00,6.2178728235388352e+00,2.8599513631860796e+00,0.0000000000000000e+00,6.2178728235388352e+00,0.0000000000000000e+00,6.2178728235388352e+00,6.2178728235388352e+00,4.0619137576625599e+00,4.0619137576625599e+00,3.6724461717260062e+00,4.0619137576625599e+00,6.2178728235388352e+00,3.6724461717260062e+00,0.0000000000000000e+00,6.2178728235388352e+00,9.7638019917190955e-01,1.9040787428867800e+00,5.4770176426758939e+00,5.4770176426758939e+00,3.6724461717260062e+00,6.2178728235388352e+00,6.2178728235388352e+00,3.6724461717260062e+00,5.4770176426758939e+00,0.0000000000000000e+00,5.4770176426758939e+00,5.4770176426758939e+00,5.4770176426758939e+00,5.4770176426758939e+00,0.0000000000000000e+00,5.4770176426758939e+00,5.4770176426758939e+00,6.2178728235388352e+00,5.4770176426758939e+00,1.9040787428867800e+00,6.2178728235388352e+00,6.2178728235388352e+00,5.4770176426758939e+00,4.0619137576625599e+00,0.0000000000000000e+00,4.0619137576625599e+00,6.2178728235388352e+00,2.8599513631860796e+00,2.8599513631860796e+00,2.8599513631860796e+00,6.2178728235388352e+00,3.6724461717260062e+00,2.8599513631860796e+00,6.2178728235388352e+00,4.0619137576625599e+00,0.0000000000000000e+00,0.0000000000000000e+00,6.2178728235388352e+00,2.8599513631860796e+00,1.9040787428867800e+00,2.8599513631860796e+00,9.7638019917190955e-01,6.2178728235388352e+00,6.2178728235388352e+00,0.0000000000000000e+00,6.2178728235388352e+00,3.6724461717260062e+00,6.2178728235388352e+00,6.2178728235388352e+00,5.4770176426758939e+00,2.8599513631860796e+00,2.8599513631860796e+00,6.2178728235388352e+00,2.8599513631860796e+00,6.2178728235388352e+00,6.2178728235388352e+00,6.2178728235388352e+00,6.2178728235388352e+00,4.0619137576625599e+00,1.9040787428867800e+00,6.2178728235388352e+00,4.0619137576625599e+00,3.6724461717260062e+00,0.0000000000000000e+00,5.4770176426758939e+00,5.4770176426758939e+00,2.8599513631860796e+00,5.4770176426758939e+00,6.2178728235388352e+00,9.7638019917190955e-01,5.4770176426758939e+00,5.4770176426758939e+00,5.4770176426758939e+00,5.4770176426758939e+00,1.9040787428867800e+00,6.2178728235388352e+00,5.4770176426758939e+00,5.4770176426758939e+00,6.2178728235388352e+00,6.2178728235388352e+00,4.0619137576625599e+00,4.0619137576625599e+00,4.0619137576625599e+00,4.0619137576625599e+00,3.6724461717260062e+00,3.6724461717260062e+00,0.0000000000000000e+00,6.2178728235388352e+00,3.6724461717260062e+00,9.7638019917190955e-01,5.4770176426758939e+00,6.2178728235388352e+00,3.6724461717260062e+00,3.6724461717260062e+00,4.0619137576625599e+00,4.0619137576625599e+00,5.4770176426758939e+00,3.6724461717260062e+00,5.4770176426758939e+00,6.2178728235388352e+00,5.4770176426758939e+00,0.0000000000000000e+00,6.2178728235388352e+00,6.2178728235388352e+00,3.6724461717260062e+00,6.2178728235388352e+00,6.2178728235388352e+00,9.7638019917190955e-01,2.8599513631860796e+00,6.2178728235388352e+00,6.2178728235388352e+00,6.2178728235388352e+00,1.9040787428867800e+00,3.6724461717260062e+00,3.6724461717260062e+00,3.6724461717260062e+00,6.2178728235388352e+00,3.6724461717260062e+00,0.0000000000000000e+00,6.2178728235388352e+00,6.2178728235388352e+00,6.2178728235388352e+00,3.6724461717260062e+00,4.0619137576625599e+00,6.2178728235388352e+00,6.2178728235388352e+00,6.2178728235388352e+00,2.8599513631860796e+00,6.2178728235388352e+00,5.4770176426758939e+00,6.2178728235388352e+00,6.2178728235388352e+00,5.4770176426758939e+00,4.0619137576625599e+00,6.2178728235388352e+00,3.6724461717260062e+00,6.2178728235388352e+00,6.2178728235388352e+00,3.6724461717260062e+00,3.6724461717260062e+00,6.2178728235388352e+00,9.7638019917190955e-01,5.4770176426758939e+00,5.4770176426758939e+00,0.0000000000000000e+00,2.8599513631860796e+00,5.4770176426758939e+00,4.0619137576625599e+00,2.8599513631860796e+00,2.8599513631860796e+00,2.8599513631860796e+00,4.0619137576625599e+00,3.6724461717260062e+00,5.4770176426758939e+00,5.4770176426758939e+00,5.4770176426758939e+00,9.7638019917190955e-01,6.2178728235388352e+00,6.2178728235388352e+00,6.2178728235388352e+00,4.0619137576625599e+00,6.2178728235388352e+00,6.2178728235388352e+00,3.6724461717260062e+00,5.4770176426758939e+00,9.7638019917190955e-01,5.4770176426758939e+00,0.0000000000000000e+00,6.2178728235388352e+00,3.6724461717260062e+00,6.2178728235388352e+00,9.7638019917190955e-01,2.8599513631860796e+00,4.0619137576625599e+00,6.2178728235388352e+00,3.6724461717260062e+00,6.2178728235388352e+00,4.0619137576625599e+00,0.0000000000000000e+00,4.0619137576625599e+00,6.2178728235388352e+00,6.2178728235388352e+00,6.2178728235388352e+00,2.8599513631860796e+00,6.2178728235388352e+00,5.4770176426758939e+00,5.4770176426758939e+00,5.4770176426758939e+00,6.2178728235388352e+00,5.4770176426758939e+00,5.4770176426758939e+00,5.4770176426758939e+00,0.0000000000000000e+00,6.2178728235388352e+00,6.2178728235388352e+00,0.0000000000000000e+00,5.4770176426758939e+00,6.2178728235388352e+00,2.8599513631860796e+00,6.2178728235388352e+00,4.0619137576625599e+00,6.2178728235388352e+00,4.0619137576625599e+00,0.0000000000000000e+00,5.4770176426758939e+00,4.0619137576625599e+00,1.9040787428867800e+00,1.9040787428867800e+00,4.0619137576625599e+00,0.0000000000000000e+00,4.0619137576625599e+00,2.8599513631860796e+00,2.8599513631860796e+00,6.2178728235388352e+00,6.2178728235388352e+00,6.2178728235388352e+00,6.2178728235388352e+00,2.8599513631860796e+00,4.0619137576625599e+00,9.7638019917190955e-01,1.9040787428867800e+00,6.2178728235388352e+00,5.4770176426758939e+00,6.2178728235388352e+00,5.4770176426758939e+00,3.6724461717260062e+00,2.8599513631860796e+00,3.6724461717260062e+00,3.6724461717260062e+00,9.7638019917190955e-01,5.4770176426758939e+00,5.4770176426758939e+00,5.4770176426758939e+00,2.8599513631860796e+00,1.9040787428867800e+00,9.7638019917190955e-01,9.7638019917190955e-01,3.6724461717260062e+00,5.4770176426758939e+00,2.8599513631860796e+00,6.2178728235388352e+00,3.6724461717260062e+00,9.7638019917190955e-01,3.6724461717260062e+00,2.8599513631860796e+00,2.8599513631860796e+00,6.2178728235388352e+00,5.4770176426758939e+00,4.0619137576625599e+00,2.8599513631860796e+00,9.7638019917190955e-01,2.8599513631860796e+00,5.4770176426758939e+00,6.2178728235388352e+00,3.6724461717260062e+00,0.0000000000000000e+00,5.4770176426758939e+00,5.4770176426758939e+00,4.0619137576625599e+00,0.0000000000000000e+00,2.8599513631860796e+00,6.2178728235388352e+00,0.0000000000000000e+00,6.2178728235388352e+00,5.4770176426758939e+00,3.6724461717260062e+00,1.9040787428867800e+00,3.6724461717260062e+00,3.6724461717260062e+00
3.9085972619623139e+00,3.9085972619623139e+00,3.9085972619623139e+00,3.9085972619623139e+00,3.9085972619623139e+00,6.5000905011602912e+00,1.0249696279967488e+00,4.4602755097122220e+00,1.0249696279967488e+00,3.9085972619623139e+00,3.9085972619623139e+00,6.5000905011602912e+00,6.5000905011602912e+00,3.9085972619623139e+00,6.5000905011602912e+00,3.0926739140755406e+00,3.9085972619623139e+00,6.5000905011602912e+00,4.4602755097122220e+00,1.0249696279967488e+00,1.0249696279967488e+00,0.0000000000000000e+00,2.0099083402530304e+00,4.4602755097122220e+00,3.0926739140755406e+00,4.4602755097122220e+00,3.9085972619623139e+00,3.9085972619623139e+00,4.4602755097122220e+00,4.4602755097122220e+00,4.4602755097122220e+00,6.5000905011602912e+00,6.5000905011602912e+00,4.4602755097122220e+00,2.0099083402530304e+00,1.0249696279967488e+00,6.5000905011602912e+00,3.9085972619623139e+00,4.4602755097122220e+00,4.4602755097122220e+00,4.4602755097122220e+00,4.4602755097122220e+00,3.9085972619623139e+00,3.9085972619623139e+00,4.4602755097122220e+00,3.0926739140755406e+00,4.4602755097122220e+00,3.0926739140755406e+00,3.9085972619623139e+00,3.9085972619623139e+00,4.4602755097122220e+00,3.9085972619623139e+00,6.5000905011602912e+00,3.9085972619623139e+00,1.0249696279967488e+00,3.0926739140755406e+00,4.4602755097122220e+00,3.9085972619623139e+00,3.9085972619623139e+00,2.0099083402530304e+00,6.5000905011602912e+00,3.0926739140755406e+00,4.4602755097122220e+00,3.9085972619623139e+00,3.9085972619623139e+00,3.9085972619623139e+00,3.9085972619623139e+00,2.0099083402530304e+00,1.0249696279967488e+00,2.0099083402530304e+00,3.9085972619623139e+00,0.0000000000000000e+00,3.9085972619623139e+00,3.0926739140755406e+00,6.5000905011602912e+00,6.5000905011602912e+00,6.5000905011602912e+00,2.0099083402530304e+00,6.5000905011602912e+00,4.4602755097122220e+00,6.5000905011602912e+00,6.5000905011602912e+00,3.9085972619623139e+00,4.4602755097122220e+00,3.9085972619623139e+00,1.0249696279967488e+00,3.9085972619623139e+00,6.5000905011602912e+00,3.9085972619623139e+00,3.9085972619623139e+00,4.4602755097122220e+00,3.0926739140755406e+00,0.0000000000000000e+00,6.5000905011602912e+00,3.0926739140755406e+00,3.9085972619623139e+00,6.5000905011602912e+00,4.4602755097122220e+00,2.0099083402530304e+00,2.0099083402530304e+00,3.0926739140755406e+00,3.0926739140755406e+00,4.4602755097122220e+00,3.9085972619623139e+00,4.4602755097122220e+00,3.0926739140755406e+00,3.9085972619623139e+00,4.4602755097122220e+00,3.9085972619623139e+00,6.5000905011602912e+00,3.0926739140755406e+00,2.0099083402530304e+00,3.9085972619623139e+00,4.4602755097122220e+00,4.4602755097122220e+00,5.3539157633030916e+00,4.4602755097122220e+00,3.9085972619623139e+00,1.0249696279967488e+00,6.5000905011602912e+00,6.5000905011602912e+00,5.3539157633030916e+00,4.4602755097122220e+00,4.4602755097122220e+00,4.4602755097122220e+00,4.4602755097122220e+00,4.4602755097122220e+00,2.0099083402530304e+00,4.4602755097122220e+00,2.0099083402530304e+00,3.9085972619623139e+00,4.4602755097122220e+00,1.0249696279967488e+00,3.9085972619623139e+00,6.5000905011602912e+00,3.9085972619623139e+00,1.0249696279967488e+00,2.0099083402530304e+00,2.0099083402530304e+00,4.4602755097122220e+00,6.5000905011602912e+00,3.9085972619623139e+00,4.4602755097122220e+00,5.3539157633030916e+00,5.3539157633030916e+00,0.0000000000000000e+00,6.5000905011602912e+00,6.5000905011602912e+00,4.4602755097122220e+00,5.3539157633030916e+00,3.9085972619623139e+00,3.9085972619623139e+00,5.3539157633030916e+00,3.9085972619623139e+00,2.0099083402530304e+00,6.5000905011602912e+00,4.4602755097122220e+00,3.0926739140755406e+00,6.5000905011602912e+00,4.4602755097122220e+00,6.5000905011602912e+00,6.5000905011602912e+00,0.0000000000000000e+00,3.0926739140755406e+00,6.5000905011602912e+00,3.9085972619623139e+00,3.9085972619623139e+00,3.0926739140755406e+00,6.5000905011602912e+00,6.5000905011602912e+00,4.4602755097122220e+00,3.9085972619623139e+00,4.4602755097122220e+00,4.4602755097122220e+00,5.3539157633030916e+00,6.5000905011602912e+00,6.5000905011602912e+00,6.5000905011602912e+00,6.5000905011602912e+00,2.0099083402530304e+00,1.0249696279967488e+00,4.4602755097122220e+00,4.4602755097122220e+00,4.4602755097122220e+00,4.4602755097122220e+00,4.4602755097122220e+00,0.0000000000000000e+00,1.0249696279967488e+00,3.9085972619623139e+00,4.4602755097122220e+00,4.4602755097122220e+00,3.9085972619623139e+00,5.3539157633030916e+00,6.5000905011602912e+00,6.5000905011602912e+00,0.0000000000000000e+00,3.9085972619623139e+00,5.3539157633030916e+00,3.0926739140755406e+00,2.0099083402530304e+00,1.0249696279967488e+00,3.9085972619623139e+00,3.0926739140755406e+00,3.9085972619623139e+00,1.0249696279967488e+00,3.9085972619623139e+00,5.3539157633030916e+00,3.0926739140755406e+00,5.3539157633030916e+00,5.3539157633030916e+00,4.4602755097122220e+00,4.4602755097122220e+00,3.0926739140755406e+00,3.9085972619623139e+00,6.5000905011602912e+00,3.9085972619623139e+00,3.0926739140755406e+00,3.0926739140755406e+00,3.0926739140755406e+00,5.3539157633030916e+00,2.0099083402530304e+00,4.4602755097122220e+00,5.3539157633030916e+00,3.0926739140755406e+00,3.0926739140755406e+00,3.0926739140755406e+00,3.9085972619623139e+00,4.4602755097122220e+00,3.9085972619623139e+00,4.4602755097122220e+00,1.0249696279967488e+00,5.3539157633030916e+00,4.4602755097122220e+00,4.4602755097122220e+00,4.4602755097122220e+00,6.5000905011602912e+00,3.0926739140755406e+00,2.0099083402530304e+00,4.4602755097122220e+00,3.9085972619623139e+00,3.0926739140755406e+00,3.9085972619623139e+00,0.0000000000000000e+00,5.3539157633030916e+00,3.9085972619623139e+00,6.5000905011602912e+00,6.5000905011602912e+00,4.4602755097122220e+00,4.4602755097122220e+00,6.5000905011602912e+00,3.9085972619623139e+00,3.9085972619623139e+00,5.3539157633030916e+00,0.0000000000000000e+00,3.0926739140755406e+00,1.0249696279967488e+00,4.4602755097122220e+00,3.0926739140755406e+00,0.0000000000000000e+00,4.4602755097122220e+00,3.9085972619623139e+00,6.5000905011602912e+00,3.9085972619623139e+00,1.0249696279967488e+00,5.3539157633030916e+00,5.3539157633030916e+00,5.3539157633030916e+00,6.5000905011602912e+00,0.0000000000000000e+00,4.4602755097122220e+00,4.4602755097122220e+00,4.4602755097122220e+00,4.4602755097122220e+00,1.0249696279967488e+00,2.0099083402530304e+00,3.9085972619623139e+00,4.4602755097122220e+00,4.4602755097122220e+00,3.0926739140755406e+00,4.4602755097122220e+00,4.4602755097122220e+00,4.4602755097122220e+00,2.0099083402530304e+00,2.0099083402530304e+00,6.5000905011602912e+00,6.5000905011602912e+00,5.3539157633030916e+00,3.0926739140755406e+00,3.0926739140755406e+00,1.0249696279967488e+00,6.5000905011602912e+00,5.3539157633030916e+00,6.5000905011602912e+00,6.5000905011602912e+00,1.0249696279967488e+00,3.0926739140755406e+00,1.0249696279967488e+00,3.9085972619623139e+00,4.4602755097122220e+00,3.9085972619623139e+00,1.0249696279967488e+00,3.9085972619623139e+00,6.5000905011602912e+00,3.9085972619623139e+00,3.9085972619623139e+00,5.3539157633030916e+00,6.5000905011602912e+00,4.4602755097122220e+00,1.0249696279967488e+00,6.5000905011602912e+00,0.0000000000000000e+00,6.5000905011602912e+00,6.5000905011602912e+00,6.5000905011602912e+00,4.4602755097122220e+00,4.4602755097122220e+00,6.5000905011602912e+00,6.5000905011602912e+00,6.5000905011602912e+00,4.4602755097122220e+00,6.5000905011602912e+00,4.4602755097122220e+00,5.3539157633030916e+00,6.5000905011602912e+00,0.0000000000000000e+00,4.4602755097122220e+00,5.3539157633030916e+00,0.0000000000000000e+00,6.5000905011602912e+00,5.3539157633030916e+00,5.3539157633030916e+00,5.3539157633030916e+00,0.0000000000000000e+00,3.0926739140755406e+00,6.5000905011602912e+00,1.0249696279967488e+00,4.4602755097122220e+00,1.0249696279967488e+00,6.5000905011602912e+00,3.9085972619623139e+00,3.9085972619623139e+00,6.5000905011602912e+00,3.0926739140755406e+00,0.0000000000000000e+00,6.5000905011602912e+00,0.0000000000000000e+00,5.3539157633030916e+00,6.5000905011602912e+00,6.5000905011602912e+00,1.0249696279967488e+00,0.0000000000000000e+00,3.0926739140755406e+00,6.5000905011602912e+00,5.3539157633030916e+00,0.0000000000000000e+00,5.3539157633030916e+00,6.5000905011602912e+00,6.5000905011602912e+00,4.4602755097122220e+00,4.4602755097122220e+00,6.5000905011602912e+00,6.5000905011602912e+00,3.9085972619623139e+00,3.9085972619623139e+00,6.5000905011602912e+00,6.5000905011602912e+00,3.0926739140755406e+00,6.5000905011602912e+00,6.5000905011602912e+00,3.9085972619623139e+00,2.0099083402530304e+00,3.9085972619623139e+00,4.4602755097122220e+00,4.4602755097122220e+00,3.9085972619623139e+00,3.0926739140755406e+00,3.0926739140755406e+00,5.3539157633030916e+00,5.3539157633030916e+00,3.0926739140755406e+00,4.4602755097122220e+00,4.4602755097122220e+00,3.9085972619623139e+00,5.3539157633030916e+00,5.3539157633030916e+00,6.5000905011602912e+00,6.5000905011602912e+00,3.0926739140755406e+00,3.0926739140755406e+00,5.3539157633030916e+00,3.0926739140755406e+00,0.0000000000000000e+00,6.5000905011602912e+00,3.9085972619623139e+00,6.5000905011602912e+00,4.4602755097122220e+00,5.3539157633030916e+00,1.0249696279967488e+00,6.5000905011602912e+00,6.5000905011602912e+00,4.4602755097122220e+00,3.9085972619623139e+00,1.0249696279967488e+00,2.0099083402530304e+00,3.9085972619623139e+00,2.0099083402530304e+00,2.0099083402530304e+00,3.9085972619623139e+00,3.0926739140755406e+00,6.5000905011602912e+00,5.3539157633030916e+00,6.5000905011602912e+00,4.4602755097122220e+00,6.5000905011602912e+00,6.5000905011602912e+00,0.0000000000000000e+00,6.5000905011602912e+00,3.9085972619623139e+00,2.0099083402530304e+00,2.0099083402530304e+00,2.0099083402530304e+00,2.0099083402530304e+00,6.5000905011602912e+00,4.4602755097122220e+00,6.5000905011602912e+00,2.0099083402530304e+00,6.5000905011602912e+00,2.0099083402530304e+00,2.0099083402530304e+00,3.9085972619623139e+00,3.0926739140755406e+00,6.5000905011602912e+00,4.4602755097122220e+00,3.9085972619623139e+00,3.0926739140755406e+00,4.4602755097122220e+00,4.4602755097122220e+00,5.3539157633030916e+00,5.3539157633030916e+00,3.0926739140755406e+00,4.4602755097122220e+00,3.9085972619623139e+00,1.0249696279967488e+00,4.4602755097122220e+00,5.3539157633030916e+00,6.5000905011602912e+00,4.4602755097122220e+00,1.0249696279967488e+00,4.4602755097122220e+00,5.3539157633030916e+00,6.5000905011602912e+00,3.0926739140755406e+00,6.5000905011602912e+00,5.3539157633030916e+00,6.5000905011602912e+00,6.5000905011602912e+00,4.4602755097122220e+00,6.5000905011602912e+00,6.5000905011602912e+00,6.5000905011602912e+00,4.4602755097122220e+00,3.0926739140755406e+00,6.5000905011602912e+00,6.5000905011602912e+00,6.5000905011602912e+00,6.5000905011602912e+00,3.9085972619623139e+00,6.5000905011602912e+00,6.5000905011602912e+00,4.4602755097122220e+00,0.0000000000000000e+00,3.9085972619623139e+00,4.4602755097122220e+00,1.0249696279967488e+00,6.5000905011602912e+00,3.9085972619623139e+00,0.0000000000000000e+00,4.4602755097122220e+00,2.0099083402530304e+00,2.0099083402530304e+00,6.5000905011602912e+00,2.0099083402530304e+00,4.4602755097122220e+00,0.0000000000000000e+00,6.5000905011602912e+00,5.3539157633030916e+00,5.3539157633030916e+00,3.0926739140755406e+00,4.4602755097122220e+00,6.5000905011602912e+00,6.5000905011602912e+00,5.3539157633030916e+00,4.4602755097122220e+00,4.4602755097122220e+00,4.4602755097122220e+00,6.5000905011602912e+00,3.9085972619623139e+00,1.0249696279967488e+00,6.5000905011602912e+00,5.3539157633030916e+00,3.9085972619623139e+00,3.0926739140755406e+00,6.5000905011602912e+00,4.4602755097122220e+00,6.5000905011602912e+00,6.5000905011602912e+00,3.0926739140755406e+00,2.0099083402530304e+00,5.3539157633030916e+00,5.3539157633030916e+00,5.3539157633030916e+00,3.0926739140755406e+00,0.0000000000000000e+00,5.3539157633030916e+00,6.5000905011602912e+00,5.3539157633030916e+00,6.5000905011602912e+00,6.5000905011602912e+00,3.0926739140755406e+00,2.0099083402530304e+00,4.4602755097122220e+00,3.9085972619623139e+00,4.4602755097122220e+00,0.0000000000000000e+00,4.4602755097122220e+00,3.9085972619623139e+00,0.0000000000000000e+00,3.9085972619623139e+00,6.5000905011602912e+00,3.0926739140755406e+00,5.3539157633030916e+00,5.3539157633030916e+00,4.4602755097122220e+00,4.4602755097122220e+00,6.5000905011602912e+00,6.5000905011602912e+00,6.5000905011602912e+00,4.4602755097122220e+00,6.5000905011602912e+00,3.0926739140755406e+00,3.0926739140755406e+00,0.0000000000000000e+00,3.0926739140755406e+00,1.0249696279967488e+00,0.0000000000000000e+00,6.5000905011602912e+00,5.3539157633030916e+00,4.4602755097122220e+00,5.3539157633030916e+00,2.0099083402530304e+00,2.0099083402530304e+00,6.5000905011602912e+00,0.0000000000000000e+00,2.0099083402530304e+00,6.5000905011602912e+00,6.5000905011602912e+00,6.5000905011602912e+00,5.3539157633030916e+00,3.9085972619623139e+00,6.5000905011602912e+00,3.9085972619623139e+00,6.5000905011602912e+00,4.4602755097122220e+00,5.3539157633030916e+00,6.5000905011602912e+00,2.0099083402530304e+00,1.0249696279967488e+00,5.3539157633030916e+00,6.5000905011602912e+00,6.5000905011602912e+00,2.0099083402530304e+00,3.9085972619623139e+00,6.5000905011602912e+00,6.5000905011602912e+00,3.9085972619623139e+00,4.4602755097122220e+00,3.9085972619623139e+00,2.0099083402530304e+00,1.0249696279967488e+00,2.0099083402530304e+00,2.0099083402530304e+00,5.3539157633030916e+00,5.3539157633030916e+00,2.0099083402530304e+00,4.4602755097122220e+00,0.0000000000000000e+00,6.5000905011602912e+00,2.0099083402530304e+00,3.9085972619623139e+00,5.3539157633030916e+00,5.3539157633030916e+00,3.9085972619623139e+00,6.5000905011602912e+00,6.5000905011602912e+00,4.4602755097122220e+00,3.0926739140755406e+00,3.0926739140755406e+00,4.4602755097122220e+00,5.3539157633030916e+00,3.9085972619623139e+00,1.0249696279967488e+00,5.3539157633030916e+00,3.9085972619623139e+00,1.0249696279967488e+00,2.0099083402530304e+00,6.5000905011602912e+00,4.4602755097122220e+00,4.4602755097122220e+00,5.3539157633030916e+00,4.4602755097122220e+00,5.3539157633030916e+00,5.3539157633030916e+00,3.0926739140755406e+00,3.0926739140755406e+00,4.4602755097122220e+00,4.4602755097122220e+00,3.0926739140755406e+00,4.4602755097122220e+00,3.0926739140755406e+00,3.0926739140755406e+00,5.3539157633030916e+00,5.3539157633030916e+00,5.3539157633030916e+00,1.0249696279967488e+00,4.4602755097122220e+00,3.9085972619623139e+00,2.0099083402530304e+00,3.0926739140755406e+00,2.0099083402530304e+00,4.4602755097122220e+00,5.3539157633030916e+00,5.3539157633030916e+00,6.5000905011602912e+00,3.0926739140755406e+00,3.9085972619623139e+00,5.3539157633030916e+00,6.5000905011602912e+00,4.4602755097122220e+00,1.0249696279967488e+00,2.0099083402530304e+00,4.4602755097122220e+00,2.0099083402530304e+00,3.9085972619623139e+00,4.4602755097122220e+00,4.4602755097122220e+00,5.3539157633030916e+00,4.4602755097122220e+00,6.5000905011602912e+00,3.9085972619623139e+00,3.9085972619623139e+00,4.4602755097122220e+00,6.5000905011602912e+00,6.5000905011602912e+00,6.5000905011602912e+00,6.5000905011602912e+00,4.4602755097122220e+00,2.0099083402530304e+00,6.5000905011602912e+00,2.0099083402530304e+00,5.3539157633030916e+00,5.3539157633030916e+00,5.3539157633030916e+00,4.4602755097122220e+00,4.4602755097122220e+00,5.3539157633030916e+00,0.0000000000000000e+00,4.4602755097122220e+00,2.0099083402530304e+00,5.3539157633030916e+00,6.5000905011602912e+00,2.0099083402530304e+00,4.4602755097122220e+00,1.0249696279967488e+00,3.9085972619623139e+00,3.9085972619623139e+00,3.9085972619623139e+00,6.5000905011602912e+00,3.0926739140755406e+00,1.0249696279967488e+00,4.4602755097122220e+00,1.0249696279967488e+00,3.0926739140755406e+00,5.3539157633030916e+00,2.0099083402530304e+00,6.5000905011602912e+00,6.5000905011602912e+00,5.3539157633030916e+00,6.5000905011602912e+00,0.0000000000000000e+00,1.0249696279967488e+00,5.3539157633030916e+00,2.0099083402530304e+00,3.0926739140755406e+00,5.3539157633030916e+00,6.5000905011602912e+00,5.3539157633030916e+00,2.0099083402530304e+00,1.0249696279967488e+00,5.3539157633030916e+00,4.4602755097122220e+00,4.4602755097122220e+00,6.5000905011602912e+00,4.4602755097122220e+00,4.4602755097122220e+00,3.9085972619623139e+00,0.0000000000000000e+00,3.9085972619623139e+00,6.5000905011602912e+00,0.0000000000000000e+00,6.5000905011602912e+00,6.5000905011602912e+00,3.0926739140755406e+00,3.0926739140755406e+00,3.9085972619623139e+00,0.0000000000000000e+00,0.0000000000000000e+00,1.0249696279967488e+00,6.5000905011602912e+00,5.3539157633030916e+00,6.5000905011602912e+00,3.0926739140755406e+00,3.9085972619623139e+00,3.0926739140755406e+00,6.5000905011602912e+00,3.9085972619623139e+00,2.0099083402530304e+00,6.5000905011602912e+00,3.9085972619623139e+00,3.9085972619623139e+00,3.9085972619623139e+00,3.0926739140755406e+00,5.3539157633030916e+00,4.4602755097122220e+00,3.0926739140755406e+00,6.5000905011602912e+00,6.5000905011602912e+00,4.4602755097122220e+00,3.0926739140755406e+00,6.5000905011602912e+00,5.3539157633030916e+00,3.9085972619623139e+00,4.4602755097122220e+00,3.0926739140755406e+00,6.5000905011602912e+00,6.5000905011602912e+00,3.9085972619623139e+00,6.5000905011602912e+00,6.5000905011602912e+00,4.4602755097122220e+00,1.0249696279967488e+00,5.3539157633030916e+00,3.0926739140755406e+00,3.9085972619623139e+00,4.4602755097122220e+00,3.9085972619623139e+00,5.3539157633030916e+00,0.0000000000000000e+00,5.3539157633030916e+00,6.5000905011602912e+00,3.9085972619623139e+00,5.3539157633030916e+00,6.5000905011602912e+00,3.9085972619623139e+00,6.5000905011602912e+00,6.5000905011602912e+00,0.0000000000000000e+00,6.5000905011602912e+00,1.0249696279967488e+00,6.5000905011602912e+00,5.3539157633030916e+00,2.0099083402530304e+00,2.0099083402530304e+00,4.4602755097122220e+00,3.0926739140755406e+00,6.5000905011602912e+00,3.0926739140755406e+00,0.0000000000000000e+00,5.3539157633030916e+00,1.0249696279967488e+00,4.4602755097122220e+00,4.4602755097122220e+00,5.3539157633030916e+00,2.0099083402530304e+00,3.9085972619623139e+00,3.0926739140755406e+00,2.0099083402530304e+00,2.0099083402530304e+00,0.0000000000000000e+00,5.3539157633030916e+00,3.0926739140755406e+00,6.5000905011602912e+00,5.3539157633030916e+00,5.3539157633030916e+00,3.0926739140755406e+00,3.9085972619623139e+00,2.0099083402530304e+00,6.5000905011602912e+00,2.0099083402530304e+00,6.5000905011602912e+00,6.5000905011602912e+00,6.5000905011602912e+00,6.5000905011602912e+00,6.5000905011602912e+00,1.0249696279967488e+00,4.4602755097122220e+00,4.4602755097122220e+00,6.5000905011602912e+00,6.5000905011602912e+00,6.5000905011602912e+00,1.0249696279967488e+00,4.4602755097122220e+00,4.4602755097122220e+00,6.5000905011602912e+00,6.5000905011602912e+00,6.5000905011602912e+00,3.0926739140755406e+00,3.0926739140755406e+00,6.5000905011602912e+00,6.5000905011602912e+00,6.5000905011602912e+00,1.0249696279967488e+00,2.0099083402530304e+00,2.0099083402530304e+00,2.0099083402530304e+00,2.0099083402530304e+00,4.4602755097122220e+00,0.0000000000000000e+00,3.0926739140755406e+00,5.3539157633030916e+00,5.3539157633030916e+00,0.0000000000000000e+00,6.5000905011602912e+00,3.9085972619623139e+00,6.5000905011602912e+00,2.0099083402530304e+00,1.0249696279967488e+00,2.0099083402530304e+00,2.0099083402530304e+00,5.3539157633030916e+00,5.3539157633030916e+00,5.3539157633030916e+00,5.3539157633030916e+00,3.0926739140755406e+00,2.0099083402530304e+00,1.0249696279967488e+00,6.5000905011602912e+00,2.0099083402530304e+00,6.5000905011602912e+00,0.0000000000000000e+00,3.0926739140755406e+00,4.4602755097122220e+00,6.5000905011602912e+00,6.5000905011602912e+00,2.0099083402530304e+00,1.0249696279967488e+00,2.0099083402530304e+00,6.5000905011602912e+00,1.0249696279967488e+00,3.9085972619623139e+00,0.0000000000000000e+00,1.0249696279967488e+00,3.9085972619623139e+00,3.9085972619623139e+00,4.4602755097122220e+00,4.4602755097122220e+00,3.9085972619623139e+00,2.0099083402530304e+00,4.4602755097122220e+00,5.3539157633030916e+00,1.0249696279967488e+00,1.0249696279967488e+00,3.9085972619623139e+00,5.3539157633030916e+00,5.3539157633030916e+00,6.5000905011602912e+00,2.0099083402530304e+00,5.3539157633030916e+00,3.0926739140755406e+00,2.0099083402530304e+00,6.5000905011602912e+00,2.0099083402530304e+00,3.0926739140755406e+00,3.0926739140755406e+00,3.0926739140755406e+00,3.0926739140755406e+00,4.4602755097122220e+00,3.9085972619623139e+00,4.4602755097122220e+00,1.0249696279967488e+00,1.0249696279967488e+00,0.0000000000000000e+00,6.5000905011602912e+00,6.5000905011602912e+00,6.5000905011602912e+00,6.5000905011602912e+00,5.3539157633030916e+00,6.5000905011602912e+00,6.5000905011602912e+00,5.3539157633030916e+00,5.3539157633030916e+00,1.0249696279967488e+00,0.0000000000000000e+00,3.0926739140755406e+00,5.3539157633030916e+00,5.3539157633030916e+00,5.3539157633030916e+00,5.3539157633030916e+00,3.9085972619623139e+00,2.0099083402530304e+00,0.0000000000000000e+00,6.5000905011602912e+00,5.3539157633030916e+00,6.5000905011602912e+00,5.3539157633030916e+00,1.0249696279967488e+00,2.0099083402530304e+00,6.5000905011602912e+00,0.0000000000000000e+00,6.5000905011602912e+00,6.5000905011602912e+00,6.5000905011602912e+00,3.0926739140755406e+00,2.0099083402530304e+00,5.3539157633030916e+00,3.9085972619623139e+00,5.3539157633030916e+00,4.4602755097122220e+00,3.9085972619623139e+00,3.9085972619623139e+00,2.0099083402530304e+00,2.0099083402530304e+00,1.0249696279967488e+00,6.5000905011602912e+00,5.3539157633030916e+00,2.0099083402530304e+00,6.5000905011602912e+00,3.9085972619623139e+00,6.5000905011602912e+00,4.4602755097122220e+00,6.5000905011602912e+00,0.0000000000000000e+00,6.5000905011602912e+00,3.9085972619623139e+00,5.3539157633030916e+00,5.3539157633030916e+00,2.0099083402530304e+00,4.4602755097122220e+00,4.4602755097122220e+00,4.4602755097122220e+00,4.4602755097122220e+00,6.5000905011602912e+00,3.9085972619623139e+00,5.3539157633030916e+00,3.9085972619623139e+00,1.0249696279967488e+00,6.5000905011602912e+00,6.5000905011602912e+00,6.5000905011602912e+00,3.0926739140755406e+00,2.0099083402530304e+00,1.0249696279967488e+00,6.5000905011602912e+00,4.4602755097122220e+00,0.0000000000000000e+00,3.9085972619623139e+00,5.3539157633030916e+00,6.5000905011602912e+00,3.9085972619623139e+00,3.9085972619623139e+00,2.0099083402530304e+00,6.5000905011602912e+00,6.5000905011602912e+00,3.0926739140755406e+00,3.9085972619623139e+00,5.3539157633030916e+00,3.9085972619623139e+00,6.5000905011602912e+00,3.9085972619623139e+00,3.9085972619623139e+00,6.5000905011602912e+00,5.3539157633030916e+00,4.4602755097122220e+00,6.5000905011602912e+00,5.3539157633030916e+00,3.0926739140755406e+00,6.5000905011602912e+00,4.4602755097122220e+00,6.5000905011602912e+00,6.5000905011602912e+00,6.5000905011602912e+00,6.5000905011602912e+00,5.3539157633030916e+00,0.0000000000000000e+00,4.4602755097122220e+00,6.5000905011602912e+00,3.0926739140755406e+00,2.0099083402530304e+00,0.0000000000000000e+00,6.5000905011602912e+00,3.0926739140755406e+00
8.8254308958165706e-01,8.8254308958165706e-01,8.8254308958165706e-01,2.7268052737427722e+00,2.7268052737427722e+00,2.7268052737427722e+00,8.8254308958165706e-01,2.7268052737427722e+00,0.0000000000000000e+00,2.7268052737427722e+00,0.0000000000000000e+00,2.7268052737427722e+00,1.8655086973819321e+00,2.7268052737427722e+00,2.7268052737427722e+00,2.7268052737427722e+00,2.7268052737427722e+00,8.8254308958165706e-01,2.7268052737427722e+00,8.8254308958165706e-01,6.4626617596462905e+00,3.6409359495496871e+00,0.0000000000000000e+00,4.5677615149982476e+00,6.4626617596462905e+00,2.7268052737427722e+00,4.5677615149982476e+00,6.4626617596462905e+00,1.8655086973819321e+00,4.5677615149982476e+00,4.5677615149982476e+00,5.3024023873542880e+00,2.7268052737427722e+00,3.6409359495496871e+00,3.6409359495496871e+00,6.4626617596462905e+00,5.3024023873542880e+00,2.7268052737427722e+00,2.7268052737427722e+00,2.7268052737427722e+00,1.8655086973819321e+00,8.8254308958165706e-01,6.4626617596462905e+00,3.6409359495496871e+00,4.5677615149982476e+00,8.8254308958165706e-01,6.4626617596462905e+00,0.0000000000000000e+00,6.4626617596462905e+00,6.4626617596462905e+00,2.7268052737427722e+00,3.6409359495496871e+00,3.6409359495496871e+00,1.8655086973819321e+00,3.6409359495496871e+00,3.6409359495496871e+00,4.5677615149982476e+00,4.5677615149982476e+00,1.8655086973819321e+00,6.4626617596462905e+00,8.8254308958165706e-01,6.4626617596462905e+00,0.0000000000000000e+00,5.3024023873542880e+00,1.8655086973819321e+00,3.6409359495496871e+00,0.0000000000000000e+00,6.4626617596462905e+00,5.3024023873542880e+00,1.8655086973819321e+00,5.3024023873542880e+00,6.4626617596462905e+00,6.4626617596462905e+00,1.8655086973819321e+00,6.4626617596462905e+00,5.3024023873542880e+00,4.5677615149982476e+00,4.5677615149982476e+00,2.7268052737427722e+00,0.0000000000000000e+00,4.5677615149982476e+00,5.3024023873542880e+00,8.8254308958165706e-01,4.5677615149982476e+00,6.4626617596462905e+00,2.7268052737427722e+00,4.5677615149982476e+00,6.4626617596462905e+00,4.5677615149982476e+00,4.5677615149982476e+00,2.7268052737427722e+00,4.5677615149982476e+00,4.5677615149982476e+00,0.0000000000000000e+00,4.5677615149982476e+00,5.3024023873542880e+00,1.8655086973819321e+00,5.3024023873542880e+00,8.8254308958165706e-01,4.5677615149982476e+00,1.8655086973819321e+00,1.8655086973819321e+00,6.4626617596462905e+00,4.5677615149982476e+00,3.6409359495496871e+00,5.3024023873542880e+00,5.3024023873542880e+00,3.6409359495496871e+00,2.7268052737427722e+00,2.7268052737427722e+00,2.7268052737427722e+00,1.8655086973819321e+00,2.7268052737427722e+00,4.5677615149982476e+00,4.5677615149982476e+00,3.6409359495496871e+00,8.8254308958165706e-01,6.4626617596462905e+00,1.8655086973819321e+00,1.8655086973819321e+00,1.8655086973819321e+00,1.8655086973819321e+00,1.8655086973819321e+00,6.4626617596462905e+00,8.8254308958165706e-01,1.8655086973819321e+00,4.5677615149982476e+00,4.5677615149982476e+00,5.3024023873542880e+00,5.3024023873542880e+00,5.3024023873542880e+00,1.8655086973819321e+00,1.8655086973819321e+00,1.8655086973819321e+00,6.4626617596462905e+00,2.7268052737427722e+00,3.6409359495496871e+00,8.8254308958165706e-01,6.4626617596462905e+00,4.5677615149982476e+00,1.8655086973819321e+00,5.3024023873542880e+00,6.4626617596462905e+00,6.4626617596462905e+00,6.4626617596462905e+00,4.5677615149982476e+00,4.5677615149982476e+00,2.7268052737427722e+00,2.7268052737427722e+00,4.5677615149982476e+00,2.7268052737427722e+00,6.4626617596462905e+00,3.6409359495496871e+00,2.7268052737427722e+00,4.5677615149982476e+00,5.3024023873542880e+00,8.8254308958165706e-01,1.8655086973819321e+00,8.8254308958165706e-01,1.8655086973819321e+00,5.3024023873542880e+00,5.3024023873542880e+00,8.8254308958165706e-01,8.8254308958165706e-01,5.3024023873542880e+00,2.7268052737427722e+00,8.8254308958165706e-01,4.5677615149982476e+00,4.5677615149982476e+00,4.5677615149982476e+00,4.5677615149982476e+00,5.3024023873542880e+00,4.5677615149982476e+00,1.8655086973819321e+00,6.4626617596462905e+00,4.5677615149982476e+00,3.6409359495496871e+00,4.5677615149982476e+00,5.3024023873542880e+00,5.3024023873542880e+00,6.4626617596462905e+00,6.4626617596462905e+00,4.5677615149982476e+00,6.4626617596462905e+00,6.4626617596462905e+00,0.0000000000000000e+00,3.6409359495496871e+00,3.6409359495496871e+00,5.3024023873542880e+00,5.3024023873542880e+00,5.3024023873542880e+00,5.3024023873542880e+00,3.6409359495496871e+00,3.6409359495496871e+00,0.0000000000000000e+00,4.5677615149982476e+00,5.3024023873542880e+00,5.3024023873542880e+00,3.6409359495496871e+00,4.5677615149982476e+00,3.6409359495496871e+00,4.5677615149982476e+00,6.4626617596462905e+00,2.7268052737427722e+00,3.6409359495496871e+00,4.5677615149982476e+00,0.0000000000000000e+00,3.6409359495496871e+00,5.3024023873542880e+00,0.0000000000000000e+00,5.3024023873542880e+00,2.7268052737427722e+00,6.4626617596462905e+00,0.0000000000000000e+00,4.5677615149982476e+00,0.0000000000000000e+00,6.4626617596462905e+00,3.6409359495496871e+00,0.0000000000000000e+00,8.8254308958165706e-01,2.7268052737427722e+00,2.7268052737427722e+00,5.3024023873542880e+00,5.3024023873542880e+00,4.5677615149982476e+00,3.6409359495496871e+00,3.6409359495496871e+00,3.6409359495496871e+00,6.4626617596462905e+00,6.4626617596462905e+00,6.4626617596462905e+00,6.4626617596462905e+00,0.0000000000000000e+00,4.5677615149982476e+00,0.0000000000000000e+00,5.3024023873542880e+00,2.7268052737427722e+00,0.0000000000000000e+00,6.4626617596462905e+00,4.5677615149982476e+00,6.4626617596462905e+00,3.6409359495496871e+00,6.4626617596462905e+00,0.0000000000000000e+00,3.6409359495496871e+00,6.4626617596462905e+00,5.3024023873542880e+00,8.8254308958165706e-01,5.3024023873542880e+00,8.8254308958165706e-01,6.4626617596462905e+00,3.6409359495496871e+00,3.6409359495496871e+00,8.8254308958165706e-01,5.3024023873542880e+00,3.6409359495496871e+00,6.4626617596462905e+00,2.7268052737427722e+00,6.4626617596462905e+00,1.8655086973819321e+00,1.8655086973819321e+00,6.4626617596462905e+00,6.4626617596462905e+00,6.4626617596462905e+00,1.8655086973819321e+00,3.6409359495496871e+00,3.6409359495496871e+00,1.8655086973819321e+00,1.8655086973819321e+00,3.6409359495496871e+00,6.4626617596462905e+00,6.4626617596462905e+00,6.4626617596462905e+00,6.4626617596462905e+00,6.4626617596462905e+00,6.4626617596462905e+00,1.8655086973819321e+00,6.4626617596462905e+00,2.7268052737427722e+00,1.8655086973819321e+00,4.5677615149982476e+00,4.5677615149982476e+00,3.6409359495496871e+00,1.8655086973819321e+00,4.5677615149982476e+00,6.4626617596462905e+00,4.5677615149982476e+00,4.5677615149982476e+00,1.8655086973819321e+00,4.5677615149982476e+00,2.7268052737427722e+00,5.3024023873542880e+00,3.6409359495496871e+00,8.8254308958165706e-01,8.8254308958165706e-01,1.8655086973819321e+00,2.7268052737427722e+00,8.8254308958165706e-01,4.5677615149982476e+00,6.4626617596462905e+00,6.4626617596462905e+00,0.0000000000000000e+00,6.4626617596462905e+00,3.6409359495496871e+00,6.4626617596462905e+00,3.6409359495496871e+00,3.6409359495496871e+00,4.5677615149982476e+00,5.3024023873542880e+00,6.4626617596462905e+00,6.4626617596462905e+00,1.8655086973819321e+00,3.6409359495496871e+00,3.6409359495496871e+00,1.8655086973819321e+00,3.6409359495496871e+00,0.0000000000000000e+00,4.5677615149982476e+00,3.6409359495496871e+00,4.5677615149982476e+00,8.8254308958165706e-01,1.8655086973819321e+00,6.4626617596462905e+00,3.6409359495496871e+00,6.4626617596462905e+00,6.4626617596462905e+00,6.4626617596462905e+00,0.0000000000000000e+00,0.0000000000000000e+00,5.3024023873542880e+00,5.3024023873542880e+00,6.4626617596462905e+00,6.4626617596462905e+00,2.7268052737427722e+00,6.4626617596462905e+00,0.0000000000000000e+00,5.3024023873542880e+00,0.0000000000000000e+00,6.4626617596462905e+00,1.8655086973819321e+00,3.6409359495496871e+00,1.8655086973819321e+00,8.8254308958165706e-01,4.5677615149982476e+00,6.4626617596462905e+00,2.7268052737427722e+00,4.5677615149982476e+00,4.5677615149982476e+00,3.6409359495496871e+00,5.3024023873542880e+00,5.3024023873542880e+00,4.5677615149982476e+00,3.6409359495496871e+00,6.4626617596462905e+00,6.4626617596462905e+00,2.7268052737427722e+00,2.7268052737427722e+00,4.5677615149982476e+00,8.8254308958165706e-01,4.5677615149982476e+00,6.4626617596462905e+00,6.4626617596462905e+00,6.4626617596462905e+00,0.0000000000000000e+00,3.6409359495496871e+00,1.8655086973819321e+00,6.4626617596462905e+00,4.5677615149982476e+00,4.5677615149982476e+00,4.5677615149982476e+00,3.6409359495496871e+00,1.8655086973819321e+00,5.3024023873542880e+00,6.4626617596462905e+00,6.4626617596462905e+00,0.0000000000000000e+00,6.4626617596462905e+00,1.8655086973819321e+00,5.3024023873542880e+00,0.0000000000000000e+00,5.3024023873542880e+00,6.4626617596462905e+00,6.4626617596462905e+00,4.5677615149982476e+00,4.5677615149982476e+00,6.4626617596462905e+00,2.7268052737427722e+00,5.3024023873542880e+00,8.8254308958165706e-01,6.4626617596462905e+00,6.4626617596462905e+00,5.3024023873542880e+00,5.3024023873542880e+00,8.8254308958165706e-01,4.5677615149982476e+00,3.6409359495496871e+00,1.8655086973819321e+00,3.6409359495496871e+00,6.4626617596462905e+00,3.6409359495496871e+00,4.5677615149982476e+00,2.7268052737427722e+00,1.8655086973819321e+00,6.4626617596462905e+00,6.4626617596462905e+00,6.4626617596462905e+00,6.4626617596462905e+00,5.3024023873542880e+00,5.3024023873542880e+00,5.3024023873542880e+00,5.3024023873542880e+00,0.0000000000000000e+00,5.3024023873542880e+00,6.4626617596462905e+00,2.7268052737427722e+00,5.3024023873542880e+00,1.8655086973819321e+00,1.8655086973819321e+00,5.3024023873542880e+00,2.7268052737427722e+00,6.4626617596462905e+00,4.5677615149982476e+00,1.8655086973819321e+00,2.7268052737427722e+00,6.4626617596462905e+00,8.8254308958165706e-01,6.4626617596462905e+00,2.7268052737427722e+00,2.7268052737427722e+00,2.7268052737427722e+00,8.8254308958165706e-01,0.0000000000000000e+00,2.7268052737427722e+00,3.6409359495496871e+00,1.8655086973819321e+00,4.5677615149982476e+00,2.7268052737427722e+00,4.5677615149982476e+00,2.7268052737427722e+00,6.4626617596462905e+00,6.4626617596462905e+00,4.5677615149982476e+00,4.5677615149982476e+00,1.8655086973819321e+00,6.4626617596462905e+00,3.6409359495496871e+00,4.5677615149982476e+00,3.6409359495496871e+00,6.4626617596462905e+00,0.0000000000000000e+00,2.7268052737427722e+00,2.7268052737427722e+00,8.8254308958165706e-01,5.3024023873542880e+00,2.7268052737427722e+00,6.4626617596462905e+00,6.4626617596462905e+00,5.3024023873542880e+00,5.3024023873542880e+00,2.7268052737427722e+00,3.6409359495496871e+00,4.5677615149982476e+00,0.0000000000000000e+00,6.4626617596462905e+00,5.3024023873542880e+00,3.6409359495496871e+00,2.7268052737427722e+00,6.4626617596462905e+00,3.6409359495496871e+00,5.3024023873542880e+00,4.5677615149982476e+00,5.3024023873542880e+00,6.4626617596462905e+00,6.4626617596462905e+00,6.4626617596462905e+00,6.4626617596462905e+00,4.5677615149982476e+00,4.5677615149982476e+00,8.8254308958165706e-01,6.4626617596462905e+00,1.8655086973819321e+00,2.7268052737427722e+00,4.5677615149982476e+00,0.0000000000000000e+00,5.3024023873542880e+00,3.6409359495496871e+00,8.8254308958165706e-01,6.4626617596462905e+00,5.3024023873542880e+00,2.7268052737427722e+00,4.5677615149982476e+00,4.5677615149982476e+00,5.3024023873542880e+00,0.0000000000000000e+00,0.0000000000000000e+00,4.5677615149982476e+00,4.5677615149982476e+00,6.4626617596462905e+00,6.4626617596462905e+00,8.8254308958165706e-01,8.8254308958165706e-01,3.6409359495496871e+00,3.6409359495496871e+00,3.6409359495496871e+00,3.6409359495496871e+00,3.6409359495496871e+00,3.6409359495496871e+00,0.0000000000000000e+00,3.6409359495496871e+00,5.3024023873542880e+00,6.4626617596462905e+00,8.8254308958165706e-01,6.4626617596462905e+00,1.8655086973819321e+00,3.6409359495496871e+00,6.4626617596462905e+00,6.4626617596462905e+00,4.5677615149982476e+00,8.8254308958165706e-01,3.6409359495496871e+00,3.6409359495496871e+00,0.0000000000000000e+00,6.4626617596462905e+00,0.0000000000000000e+00,4.5677615149982476e+00,4.5677615149982476e+00,0.0000000000000000e+00,3.6409359495496871e+00,3.6409359495496871e+00,3.6409359495496871e+00,2.7268052737427722e+00,3.6409359495496871e+00,3.6409359495496871e+00,2.7268052737427722e+00,3.6409359495496871e+00,2.7268052737427722e+00,6.4626617596462905e+00,5.3024023873542880e+00,4.5677615149982476e+00,4.5677615149982476e+00,3.6409359495496871e+00,6.4626617596462905e+00,4.5677615149982476e+00,1.8655086973819321e+00,3.6409359495496871e+00,4.5677615149982476e+00,6.4626617596462905e+00,6.4626617596462905e+00,6.4626617596462905e+00,5.3024023873542880e+00,0.0000000000000000e+00,5.3024023873542880e+00,4.5677615149982476e+00,5.3024023873542880e+00,4.5677615149982476e+00,5.3024023873542880e+00,0.0000000000000000e+00,5.3024023873542880e+00,5.3024023873542880e+00,5.3024023873542880e+00,4.5677615149982476e+00,2.7268052737427722e+00,2.7268052737427722e+00,1.8655086973819321e+00,4.5677615149982476e+00,4.5677615149982476e+00,1.8655086973819321e+00,0.0000000000000000e+00,2.7268052737427722e+00,1.8655086973819321e+00,5.3024023873542880e+00,4.5677615149982476e+00,2.7268052737427722e+00,6.4626617596462905e+00,4.5677615149982476e+00,2.7268052737427722e+00,8.8254308958165706e-01,4.5677615149982476e+00,5.3024023873542880e+00,3.6409359495496871e+00,3.6409359495496871e+00,6.4626617596462905e+00,0.0000000000000000e+00,3.6409359495496871e+00,3.6409359495496871e+00,6.4626617596462905e+00,4.5677615149982476e+00,6.4626617596462905e+00,6.4626617596462905e+00,1.8655086973819321e+00,4.5677615149982476e+00,2.7268052737427722e+00,6.4626617596462905e+00,6.4626617596462905e+00,6.4626617596462905e+00,6.4626617596462905e+00,6.4626617596462905e+00,3.6409359495496871e+00,6.4626617596462905e+00,6.4626617596462905e+00,5.3024023873542880e+00,1.8655086973819321e+00,4.5677615149982476e+00,4.5677615149982476e+00,3.6409359495496871e+00,4.5677615149982476e+00,2.7268052737427722e+00,6.4626617596462905e+00,5.3024023873542880e+00,5.3024023873542880e+00,6.4626617596462905e+00,1.8655086973819321e+00,4.5677615149982476e+00,4.5677615149982476e+00,8.8254308958165706e-01,8.8254308958165706e-01,1.8655086973819321e+00,2.7268052737427722e+00,6.4626617596462905e+00,5.3024023873542880e+00,8.8254308958165706e-01,0.0000000000000000e+00,6.4626617596462905e+00,8.8254308958165706e-01,0.0000000000000000e+00,6.4626617596462905e+00,2.7268052737427722e+00,8.8254308958165706e-01,4.5677615149982476e+00,6.4626617596462905e+00,1.8655086973819321e+00,6.4626617596462905e+00,1.8655086973819321e+00,1.8655086973819321e+00,8.8254308958165706e-01,2.7268052737427722e+00,3.6409359495496871e+00,6.4626617596462905e+00,0.0000000000000000e+00,6.4626617596462905e+00,6.4626617596462905e+00,6.4626617596462905e+00,2.7268052737427722e+00,5.3024023873542880e+00,4.5677615149982476e+00,3.6409359495496871e+00,0.0000000000000000e+00,4.5677615149982476e+00,1.8655086973819321e+00,3.6409359495496871e+00,5.3024023873542880e+00,6.4626617596462905e+00,2.7268052737427722e+00,4.5677615149982476e+00,6.4626617596462905e+00,6.4626617596462905e+00,3.6409359495496871e+00,0.0000000000000000e+00,3.6409359495496871e+00,2.7268052737427722e+00,6.4626617596462905e+00,0.0000000000000000e+00,6.4626617596462905e+00,5.3024023873542880e+00,5.3024023873542880e+00,3.6409359495496871e+00,6.4626617596462905e+00,6.4626617596462905e+00,5.3024023873542880e+00,5.3024023873542880e+00,5.3024023873542880e+00,8.8254308958165706e-01,1.8655086973819321e+00,2.7268052737427722e+00,1.8655086973819321e+00,6.4626617596462905e+00,4.5677615149982476e+00,5.3024023873542880e+00,5.3024023873542880e+00,4.5677615149982476e+00,5.3024023873542880e+00,5.3024023873542880e+00,5.3024023873542880e+00,6.4626617596462905e+00,5.3024023873542880e+00,6.4626617596462905e+00,3.6409359495496871e+00,3.6409359495496871e+00,6.4626617596462905e+00,3.6409359495496871e+00,4.5677615149982476e+00,2.7268052737427722e+00,4.5677615149982476e+00,1.8655086973819321e+00,2.7268052737427722e+00,6.4626617596462905e+00,1.8655086973819321e+00,3.6409359495496871e+00,6.4626617596462905e+00,2.7268052737427722e+00,6.4626617596462905e+00,6.4626617596462905e+00,6.4626617596462905e+00,2.7268052737427722e+00,5.3024023873542880e+00,6.4626617596462905e+00,4.5677615149982476e+00,4.5677615149982476e+00,6.4626617596462905e+00,8.8254308958165706e-01,4.5677615149982476e+00,6.4626617596462905e+00,8.8254308958165706e-01,6.4626617596462905e+00,6.4626617596462905e+00,6.4626617596462905e+00,0.0000000000000000e+00,3.6409359495496871e+00,5.3024023873542880e+00,6.4626617596462905e+00,2.7268052737427722e+00,6.4626617596462905e+00,6.4626617596462905e+00,8.8254308958165706e-01,4.5677615149982476e+00,3.6409359495496871e+00,6.4626617596462905e+00,0.0000000000000000e+00,5.3024023873542880e+00,6.4626617596462905e+00,1.8655086973819321e+00,6.4626617596462905e+00,4.5677615149982476e+00,4.5677615149982476e+00,4.5677615149982476e+00,4.5677615149982476e+00,6.4626617596462905e+00,1.8655086973819321e+00,6.4626617596462905e+00,1.8655086973819321e+00,2.7268052737427722e+00,6.4626617596462905e+00,6.4626617596462905e+00,0.0000000000000000e+00,5.3024023873542880e+00,3.6409359495496871e+00,8.8254308958165706e-01,5.3024023873542880e+00,5.3024023873542880e+00,6.4626617596462905e+00,6.4626617596462905e+00,6.4626617596462905e+00,6.4626617596462905e+00,5.3024023873542880e+00,6.4626617596462905e+00,0.0000000000000000e+00,3.6409359495496871e+00,4.5677615149982476e+00,6.4626617596462905e+00,3.6409359495496871e+00,3.6409359495496871e+00,1.8655086973819321e+00,2.7268052737427722e+00,5.3024023873542880e+00,5.3024023873542880e+00,3.6409359495496871e+00,6.4626617596462905e+00,6.4626617596462905e+00,3.6409359495496871e+00,6.4626617596462905e+00,4.5677615149982476e+00,4.5677615149982476e+00,5.3024023873542880e+00,4.5677615149982476e+00,4.5677615149982476e+00,4.5677615149982476e+00,5.3024023873542880e+00,5.3024023873542880e+00,5.3024023873542880e+00,5.3024023873542880e+00,6.4626617596462905e+00,5.3024023873542880e+00,6.4626617596462905e+00,6.4626617596462905e+00,0.0000000000000000e+00,0.0000000000000000e+00,3.6409359495496871e+00,5.3024023873542880e+00,6.4626617596462905e+00,3.6409359495496871e+00,6.4626617596462905e+00,2.7268052737427722e+00,3.6409359495496871e+00,6.4626617596462905e+00,3.6409359495496871e+00,3.6409359495496871e+00,6.4626617596462905e+00,6.4626617596462905e+00,5.3024023873542880e+00,5.3024023873542880e+00,3.6409359495496871e+00,6.4626617596462905e+00,3.6409359495496871e+00,5.3024023873542880e+00,1.8655086973819321e+00,3.6409359495496871e+00,3.6409359495496871e+00,3.6409359495496871e+00,3.6409359495496871e+00,3.6409359495496871e+00,5.3024023873542880e+00,4.5677615149982476e+00,1.8655086973819321e+00,6.4626617596462905e+00,6.4626617596462905e+00,1.8655086973819321e+00,4.5677615149982476e+00,6.4626617596462905e+00,8.8254308958165706e-01,8.8254308958165706e-01,8.8254308958165706e-01,2.7268052737427722e+00,6.4626617596462905e+00,4.5677615149982476e+00,4.5677615149982476e+00,0.0000000000000000e+00,6.4626617596462905e+00,6.4626617596462905e+00,6.4626617596462905e+00,5.3024023873542880e+00,4.5677615149982476e+00,1.8655086973819321e+00,8.8254308958165706e-01,0.0000000000000000e+00,1.8655086973819321e+00,1.8655086973819321e+00,2.7268052737427722e+00,1.8655086973819321e+00,5.3024023873542880e+00,6.4626617596462905e+00,4.5677615149982476e+00,1.8655086973819321e+00,4.5677615149982476e+00,2.7268052737427722e+00,4.5677615149982476e+00,4.5677615149982476e+00,5.3024023873542880e+00,4.5677615149982476e+00,5.3024023873542880e+00,0.0000000000000000e+00,1.8655086973819321e+00,4.5677615149982476e+00,6.4626617596462905e+00,6.4626617596462905e+00,8.8254308958165706e-01,6.4626617596462905e+00,0.0000000000000000e+00,4.5677615149982476e+00,6.4626617596462905e+00,6.4626617596462905e+00,6.4626617596462905e+00,6.4626617596462905e+00,4.5677615149982476e+00,4.5677615149982476e+00,3.6409359495496871e+00,0.0000000000000000e+00,0.0000000000000000e+00,6.4626617596462905e+00,6.4626617596462905e+00,6.4626617596462905e+00,6.4626617596462905e+00,6.4626617596462905e+00,1.8655086973819321e+00,6.4626617596462905e+00,6.4626617596462905e+00,6.4626617596462905e+00,5.3024023873542880e+00,4.5677615149982476e+00,5.3024023873542880e+00,3.6409359495496871e+00,4.5677615149982476e+00,8.8254308958165706e-01,5.3024023873542880e+00,8.8254308958165706e-01,6.4626617596462905e+00,5.3024023873542880e+00,5.3024023873542880e+00,1.8655086973819321e+00,6.4626617596462905e+00,6.4626617596462905e+00,2.7268052737427722e+00,8.8254308958165706e-01,6.4626617596462905e+00,0.0000000000000000e+00,6.4626617596462905e+00,6.4626617596462905e+00,6.4626617596462905e+00,3.6409359495496871e+00,4.5677615149982476e+00,6.4626617596462905e+00,2.7268052737427722e+00,6.4626617596462905e+00,2.7268052737427722e+00,6.4626617596462905e+00,2.7268052737427722e+00,5.3024023873542880e+00,6.4626617596462905e+00,6.4626617596462905e+00,4.5677615149982476e+00,3.6409359495496871e+00,8.8254308958165706e-01,1.8655086973819321e+00,6.4626617596462905e+00,6.4626617596462905e+00,6.4626617596462905e+00,2.7268052737427722e+00,0.0000000000000000e+00,8.8254308958165706e-01,5.3024023873542880e+00,6.4626617596462905e+00,5.3024023873542880e+00,2.7268052737427722e+00,8.8254308958165706e-01,6.4626617596462905e+00,5.3024023873542880e+00,3.6409359495496871e+00,6.4626617596462905e+00,6.4626617596462905e+00,1.8655086973819321e+00,0.0000000000000000e+00,1.8655086973819321e+00,4.5677615149982476e+00,3.6409359495496871e+00,5.3024023873542880e+00,4.5677615149982476e+00,3.6409359495496871e+00,4.5677615149982476e+00,6.4626617596462905e+00,2.7268052737427722e+00,4.5677615149982476e+00,5.3024023873542880e+00,6.4626617596462905e+00,3.6409359495496871e+00,5.3024023873542880e+00,5.3024023873542880e+00,5.3024023873542880e+00,6.4626617596462905e+00,5.3024023873542880e+00,6.4626617596462905e+00,4.5677615149982476e+00,1.8655086973819321e+00,6.4626617596462905e+00,6.4626617596462905e+00,6.4626617596462905e+00,6.4626617596462905e+00,6.4626617596462905e+00,3.6409359495496871e+00,6.4626617596462905e+00,6.4626617596462905e+00,1.8655086973819321e+00,6.4626617596462905e+00,6.4626617596462905e+00,4.5677615149982476e+00,0.0000000000000000e+00,8.8254308958165706e-01,6.4626617596462905e+00,5.3024023873542880e+00,8.8254308958165706e-01,6.4626617596462905e+00,6.4626617596462905e+00,6.4626617596462905e+00,5.3024023873542880e+00,4.5677615149982476e+00,4.5677615149982476e+00,4.5677615149982476e+00,4.5677615149982476e+00,6.4626617596462905e+00,6.4626617596462905e+00,8.8254308958165706e-01,1.8655086973819321e+00,8.8254308958165706e-01,2.7268052737427722e+00,2.7268052737427722e+00,3.6409359495496871e+00,4.5677615149982476e+00,2.7268052737427722e+00,0.0000000000000000e+00,5.3024023873542880e+00,3.6409359495496871e+00,5.3024023873542880e+00,4.5677615149982476e+00,4.5677615149982476e+00,5.3024023873542880e+00,6.4626617596462905e+00,4.5677615149982476e+00,6.4626617596462905e+00,2.7268052737427722e+00,5.3024023873542880e+00,5.3024023873542880e+00,4.5677615149982476e+00
8.3571114426619186e-01,5.5669350638088293e+00,1.7281361186060729e+00,0.0000000000000000e+00,3.4724203197658410e+00,5.5669350638088293e+00,0.0000000000000000e+00,5.5669350638088293e+00,5.5669350638088293e+00,5.5669350638088293e+00,5.5669350638088293e+00,4.6044274578482227e+00,6.0087034435066853e+00,6.0087034435066853e+00,6.0087034435066853e+00,6.0087034435066853e+00,6.0087034435066853e+00,2.8829273670218956e+00,6.0087034435066853e+00,6.0087034435066853e+00,0.0000000000000000e+00,8.3571114426619186e-01,5.5669350638088293e+00,5.5669350638088293e+00,6.0087034435066853e+00,0.0000000000000000e+00,5.5669350638088293e+00,6.0087034435066853e+00,6.0087034435066853e+00,5.5669350638088293e+00,6.0087034435066853e+00,1.7281361186060729e+00,6.0087034435066853e+00,5.5669350638088293e+00,5.5669350638088293e+00,8.3571114426619186e-01,4.6044274578482227e+00,3.4724203197658410e+00,5.5669350638088293e+00,5.5669350638088293e+00,6.0087034435066853e+00,6.0087034435066853e+00,1.7281361186060729e+00,3.4724203197658410e+00,6.0087034435066853e+00,6.0087034435066853e+00,1.7281361186060729e+00,8.3571114426619186e-01,8.3571114426619186e-01,1.7281361186060729e+00,8.3571114426619186e-01,0.0000000000000000e+00,0.0000000000000000e+00,3.4724203197658410e+00,8.3571114426619186e-01,6.0087034435066853e+00,2.8829273670218956e+00,5.5669350638088293e+00,5.5669350638088293e+00,5.5669350638088293e+00,6.0087034435066853e+00,8.3571114426619186e-01,4.6044274578482227e+00,5.5669350638088293e+00,5.5669350638088293e+00,0.0000000000000000e+00,6.0087034435066853e+00,6.0087034435066853e+00,6.0087034435066853e+00,1.7281361186060729e+00,0.0000000000000000e+00,5.5669350638088293e+00,8.3571114426619186e-01,5.5669350638088293e+00,6.0087034435066853e+00,6.0087034435066853e+00,4.6044274578482227e+00,3.4724203197658410e+00,3.4724203197658410e+00,3.4724203197658410e+00,6.0087034435066853e+00,3.4724203197658410e+00,3.4724203197658410e+00,5.5669350638088293e+00,3.4724203197658410e+00,6.0087034435066853e+00,6.0087034435066853e+00,3.4724203197658410e+00,1.7281361186060729e+00,5.5669350638088293e+00,3.4724203197658410e+00,4.6044274578482227e+00,1.7281361186060729e+00,5.5669350638088293e+00,6.0087034435066853e+00,4.6044274578482227e+00,3.4724203197658410e+00,3.4724203197658410e+00,3.4724203197658410e+00,6.0087034435066853e+00,1.7281361186060729e+00,6.0087034435066853e+00,8.3571114426619186e-01,3.4724203197658410e+00,6.0087034435066853e+00,6.0087034435066853e+00,6.0087034435066853e+00,2.8829273670218956e+00,4.6044274578482227e+00,4.6044274578482227e+00,4.6044274578482227e+00,6.0087034435066853e+00,6.0087034435066853e+00,6.0087034435066853e+00,6.0087034435066853e+00,3.4724203197658410e+00,3.4724203197658410e+00,3.4724203197658410e+00,4.6044274578482227e+00,4.6044274578482227e+00,3.4724203197658410e+00,4.6044274578482227e+00,5.5669350638088293e+00,8.3571114426619186e-01,6.0087034435066853e+00,1.7281361186060729e+00,6.0087034435066853e+00,2.8829273670218956e+00,4.6044274578482227e+00,3.4724203197658410e+00,6.0087034435066853e+00,5.5669350638088293e+00,6.0087034435066853e+00,4.6044274578482227e+00,5.5669350638088293e+00,0.0000000000000000e+00,5.5669350638088293e+00,5.5669350638088293e+00,2.8829273670218956e+00,3.4724203197658410e+00,5.5669350638088293e+00,4.6044274578482227e+00,0.0000000000000000e+00,5.5669350638088293e+00,5.5669350638088293e+00,5.5669350638088293e+00,6.0087034435066853e+00,4.6044274578482227e+00,1.7281361186060729e+00,4.6044274578482227e+00,4.6044274578482227e+00,5.5669350638088293e+00,4.6044274578482227e+00,5.5669350638088293e+00,5.5669350638088293e+00,5.5669350638088293e+00,8.3571114426619186e-01,6.0087034435066853e+00,0.0000000000000000e+00,4.6044274578482227e+00,6.0087034435066853e+00,5.5669350638088293e+00,6.0087034435066853e+00,5.5669350638088293e+00,5.5669350638088293e+00,8.3571114426619186e-01,8.3571114426619186e-01,5.5669350638088293e+00,5.5669350638088293e+00,5.5669350638088293e+00,1.7281361186060729e+00,8.3571114426619186e-01,0.0000000000000000e+00,6.0087034435066853e+00,6.0087034435066853e+00,6.0087034435066853e+00,6.0087034435066853e+00,6.0087034435066853e+00,1.7281361186060729e+00,6.0087034435066853e+00,2.8829273670218956e+00,2.8829273670218956e+00,6.0087034435066853e+00,6.0087034435066853e+00,1.7281361186060729e+00,6.0087034435066853e+00,5.5669350638088293e+00,6.0087034435066853e+00,8.3571114426619186e-01,0.0000000000000000e+00,0.0000000000000000e+00,6.0087034435066853e+00,3.4724203197658410e+00,6.0087034435066853e+00,1.7281361186060729e+00,5.5669350638088293e+00,5.5669350638088293e+00,6.0087034435066853e+00,5.5669350638088293e+00,5.5669350638088293e+00,6.0087034435066853e+00,5.5669350638088293e+00,6.0087034435066853e+00,0.0000000000000000e+00,5.5669350638088293e+00,0.0000000000000000e+00,0.0000000000000000e+00,6.0087034435066853e+00,4.6044274578482227e+00,5.5669350638088293e+00,3.4724203197658410e+00,5.5669350638088293e+00,0.0000000000000000e+00,5.5669350638088293e+00,3.4724203197658410e+00,3.4724203197658410e+00,5.5669350638088293e+00,5.5669350638088293e+00,8.3571114426619186e-01,6.0087034435066853e+00,3.4724203197658410e+00,3.4724203197658410e+00,6.0087034435066853e+00,6.0087034435066853e+00,2.8829273670218956e+00,6.0087034435066853e+00,6.0087034435066853e+00,6.0087034435066853e+00,5.5669350638088293e+00,5.5669350638088293e+00,5.5669350638088293e+00,3.4724203197658410e+00,3.4724203197658410e+00,0.0000000000000000e+00,8.3571114426619186e-01,3.4724203197658410e+00,5.5669350638088293e+00,1.7281361186060729e+00,6.0087034435066853e+00,5.5669350638088293e+00,6.0087034435066853e+00,8.3571114426619186e-01,6.0087034435066853e+00,6.0087034435066853e+00,6.0087034435066853e+00,3.4724203197658410e+00,6.0087034435066853e+00,6.0087034435066853e+00,1.7281361186060729e+00,5.5669350638088293e+00,5.5669350638088293e+00,3.4724203197658410e+00,6.0087034435066853e+00,6.0087034435066853e+00,4.6044274578482227e+00,3.4724203197658410e+00,6.0087034435066853e+00,6.0087034435066853e+00,4.6044274578482227e+00,2.8829273670218956e+00,6.0087034435066853e+00,2.8829273670218956e+00,6.0087034435066853e+00,2.8829273670218956e+00,4.6044274578482227e+00,6.0087034435066853e+00,2.8829273670218956e+00,4.6044274578482227e+00,4.6044274578482227e+00,3.4724203197658410e+00,5.5669350638088293e+00,2.8829273670218956e+00,6.0087034435066853e+00,5.5669350638088293e+00,6.0087034435066853e+00,6.0087034435066853e+00,1.7281361186060729e+00,2.8829273670218956e+00,1.7281361186060729e+00,6.0087034435066853e+00,0.0000000000000000e+00,0.0000000000000000e+00,3.4724203197658410e+00,6.0087034435066853e+00,6.0087034435066853e+00,6.0087034435066853e+00,3.4724203197658410e+00,5.5669350638088293e+00,8.3571114426619186e-01,4.6044274578482227e+00,6.0087034435066853e+00,4.6044274578482227e+00,6.0087034435066853e+00,3.4724203197658410e+00,6.0087034435066853e+00,6.0087034435066853e+00,4.6044274578482227e+00,2.8829273670218956e+00,2.8829273670218956e+00,2.8829273670218956e+00,6.0087034435066853e+00,6.0087034435066853e+00,2.8829273670218956e+00,2.8829273670218956e+00,2.8829273670218956e+00,2.8829273670218956e+00,1.7281361186060729e+00,6.0087034435066853e+00,4.6044274578482227e+00,5.5669350638088293e+00,8.3571114426619186e-01,2.8829273670218956e+00,6.0087034435066853e+00,4.6044274578482227e+00,6.0087034435066853e+00,6.0087034435066853e+00,5.5669350638088293e+00,5.5669350638088293e+00,8.3571114426619186e-01,6.0087034435066853e+00,8.3571114426619186e-01,0.0000000000000000e+00,6.0087034435066853e+00,6.0087034435066853e+00,5.5669350638088293e+00,4.6044274578482227e+00,6.0087034435066853e+00,5.5669350638088293e+00,8.3571114426619186e-01,5.5669350638088293e+00,1.7281361186060729e+00,5.5669350638088293e+00,6.0087034435066853e+00,3.4724203197658410e+00,2.8829273670218956e+00,0.0000000000000000e+00,3.4724203197658410e+00,5.5669350638088293e+00,5.5669350638088293e+00,5.5669350638088293e+00,5.5669350638088293e+00,8.3571114426619186e-01,6.0087034435066853e+00,8.3571114426619186e-01,1.7281361186060729e+00,8.3571114426619186e-01,0.0000000000000000e+00,8.3571114426619186e-01,0.0000000000000000e+00,6.0087034435066853e+00,8.3571114426619186e-01,2.8829273670218956e+00,5.5669350638088293e+00,6.0087034435066853e+00,1.7281361186060729e+00,5.5669350638088293e+00,6.0087034435066853e+00,3.4724203197658410e+00,5.5669350638088293e+00,6.0087034435066853e+00,6.0087034435066853e+00,5.5669350638088293e+00,3.4724203197658410e+00,6.0087034435066853e+00,8.3571114426619186e-01,6.0087034435066853e+00,5.5669350638088293e+00,6.0087034435066853e+00,6.0087034435066853e+00,6.0087034435066853e+00,4.6044274578482227e+00,2.8829273670218956e+00,6.0087034435066853e+00,6.0087034435066853e+00,6.0087034435066853e+00,5.5669350638088293e+00,3.4724203197658410e+00,3.4724203197658410e+00,3.4724203197658410e+00,8.3571114426619186e-01,6.0087034435066853e+00,3.4724203197658410e+00,6.0087034435066853e+00,4.6044274578482227e+00,0.0000000000000000e+00,6.0087034435066853e+00,5.5669350638088293e+00,4.6044274578482227e+00,6.0087034435066853e+00,1.7281361186060729e+00,2.8829273670218956e+00,6.0087034435066853e+00,6.0087034435066853e+00,4.6044274578482227e+00,5.5669350638088293e+00,5.5669350638088293e+00,4.6044274578482227e+00,4.6044274578482227e+00,6.0087034435066853e+00,5.5669350638088293e+00,1.7281361186060729e+00,3.4724203197658410e+00,2.8829273670218956e+00,4.6044274578482227e+00,2.8829273670218956e+00,2.8829273670218956e+00,6.0087034435066853e+00,8.3571114426619186e-01,0.0000000000000000e+00,2.8829273670218956e+00,4.6044274578482227e+00,3.4724203197658410e+00,5.5669350638088293e+00,5.5669350638088293e+00,2.8829273670218956e+00,3.4724203197658410e+00,2.8829273670218956e+00,5.5669350638088293e+00,4.6044274578482227e+00,4.6044274578482227e+00,5.5669350638088293e+00,5.5669350638088293e+00,5.5669350638088293e+00,4.6044274578482227e+00,6.0087034435066853e+00,3.4724203197658410e+00,3.4724203197658410e+00,6.0087034435066853e+00,5.5669350638088293e+00,4.6044274578482227e+00,4.6044274578482227e+00,3.4724203197658410e+00,0.0000000000000000e+00,3.4724203197658410e+00,3.4724203197658410e+00,4.6044274578482227e+00,3.4724203197658410e+00,6.0087034435066853e+00,6.0087034435066853e+00,3.4724203197658410e+00,2.8829273670218956e+00,0.0000000000000000e+00,4.6044274578482227e+00,4.6044274578482227e+00,3.4724203197658410e+00,3.4724203197658410e+00,6.0087034435066853e+00,6.0087034435066853e+00,3.4724203197658410e+00,6.0087034435066853e+00,2.8829273670218956e+00,5.5669350638088293e+00,8.3571114426619186e-01,6.0087034435066853e+00,6.0087034435066853e+00,6.0087034435066853e+00,1.7281361186060729e+00,3.4724203197658410e+00,5.5669350638088293e+00,3.4724203197658410e+00,4.6044274578482227e+00,4.6044274578482227e+00,6.0087034435066853e+00,0.0000000000000000e+00,6.0087034435066853e+00,2.8829273670218956e+00,3.4724203197658410e+00,8.3571114426619186e-01,3.4724203197658410e+00,1.7281361186060729e+00,5.5669350638088293e+00,4.6044274578482227e+00,4.6044274578482227e+00,3.4724203197658410e+00,6.0087034435066853e+00,5.5669350638088293e+00,5.5669350638088293e+00,4.6044274578482227e+00,5.5669350638088293e+00,6.0087034435066853e+00,6.0087034435066853e+00,1.7281361186060729e+00,1.7281361186060729e+00,6.0087034435066853e+00,4.6044274578482227e+00,1.7281361186060729e+00,0.0000000000000000e+00,5.5669350638088293e+00,4.6044274578482227e+00,4.6044274578482227e+00,6.0087034435066853e+00,5.5669350638088293e+00,5.5669350638088293e+00,0.0000000000000000e+00,3.4724203197658410e+00,2.8829273670218956e+00,2.8829273670218956e+00,4.6044274578482227e+00,4.6044274578482227e+00,4.6044274578482227e+00,5.5669350638088293e+00,6.0087034435066853e+00,3.4724203197658410e+00,6.0087034435066853e+00,1.7281361186060729e+00,4.6044274578482227e+00,5.5669350638088293e+00,4.6044274578482227e+00,2.8829273670218956e+00,5.5669350638088293e+00,1.7281361186060729e+00,5.5669350638088293e+00,1.7281361186060729e+00,5.5669350638088293e+00,1.7281361186060729e+00,4.6044274578482227e+00,4.6044274578482227e+00,1.7281361186060729e+00,4.6044274578482227e+00,6.0087034435066853e+00,3.4724203197658410e+00,4.6044274578482227e+00,4.6044274578482227e+00,3.4724203197658410e+00,3.4724203197658410e+00,6.0087034435066853e+00,2.8829273670218956e+00,6.0087034435066853e+00,5.5669350638088293e+00,2.8829273670218956e+00,4.6044274578482227e+00,6.0087034435066853e+00,2.8829273670218956e+00,6.0087034435066853e+00,6.0087034435066853e+00,4.6044274578482227e+00,0.0000000000000000e+00,4.6044274578482227e+00,4.6044274578482227e+00,0.0000000000000000e+00,4.6044274578482227e+00,0.0000000000000000e+00,8.3571114426619186e-01,4.6044274578482227e+00,0.0000000000000000e+00,4.6044274578482227e+00,4.6044274578482227e+00,5.5669350638088293e+00,4.6044274578482227e+00,5.5669350638088293e+00,3.4724203197658410e+00,0.0000000000000000e+00,4.6044274578482227e+00,5.5669350638088293e+00,5.5669350638088293e+00,2.8829273670218956e+00,8.3571114426619186e-01,8.3571114426619186e-01,5.5669350638088293e+00,8.3571114426619186e-01,0.0000000000000000e+00,8.3571114426619186e-01,3.4724203197658410e+00,1.7281361186060729e+00,5.5669350638088293e+00,6.0087034435066853e+00,4.6044274578482227e+00,5.5669350638088293e+00,2.8829273670218956e+00,3.4724203197658410e+00,5.5669350638088293e+00,5.5669350638088293e+00,3.4724203197658410e+00,2.8829273670218956e+00,6.0087034435066853e+00,2.8829273670218956e+00,6.0087034435066853e+00,2.8829273670218956e+00,4.6044274578482227e+00,4.6044274578482227e+00,4.6044274578482227e+00,4.6044274578482227e+00,4.6044274578482227e+00,4.6044274578482227e+00,4.6044274578482227e+00,5.5669350638088293e+00,5.5669350638088293e+00,6.0087034435066853e+00,6.0087034435066853e+00,1.7281361186060729e+00,6.0087034435066853e+00,2.8829273670218956e+00,2.8829273670218956e+00,6.0087034435066853e+00,4.6044274578482227e+00,8.3571114426619186e-01,8.3571114426619186e-01,6.0087034435066853e+00,5.5669350638088293e+00,8.3571114426619186e-01,8.3571114426619186e-01,1.7281361186060729e+00,5.5669350638088293e+00,2.8829273670218956e+00,2.8829273670218956e+00,6.0087034435066853e+00,6.0087034435066853e+00,5.5669350638088293e+00,5.5669350638088293e+00,3.4724203197658410e+00,5.5669350638088293e+00,6.0087034435066853e+00,6.0087034435066853e+00,2.8829273670218956e+00,2.8829273670218956e+00,6.0087034435066853e+00,8.3571114426619186e-01,1.7281361186060729e+00,4.6044274578482227e+00,2.8829273670218956e+00,4.6044274578482227e+00,4.6044274578482227e+00,4.6044274578482227e+00,6.0087034435066853e+00,1.7281361186060729e+00,6.0087034435066853e+00,6.0087034435066853e+00,6.0087034435066853e+00,3.4724203197658410e+00,5.5669350638088293e+00,5.5669350638088293e+00,6.0087034435066853e+00,3.4724203197658410e+00,2.8829273670218956e+00,5.5669350638088293e+00,4.6044274578482227e+00,8.3571114426619186e-01,6.0087034435066853e+00,1.7281361186060729e+00,5.5669350638088293e+00,5.5669350638088293e+00,0.0000000000000000e+00,6.0087034435066853e+00,2.8829273670218956e+00,4.6044274578482227e+00,1.7281361186060729e+00,6.0087034435066853e+00,2.8829273670218956e+00,4.6044274578482227e+00,5.5669350638088293e+00,5.5669350638088293e+00,0.0000000000000000e+00,0.0000000000000000e+00,5.5669350638088293e+00,4.6044274578482227e+00,6.0087034435066853e+00,5.5669350638088293e+00,3.4724203197658410e+00,5.5669350638088293e+00,2.8829273670218956e+00,4.6044274578482227e+00,3.4724203197658410e+00,8.3571114426619186e-01,6.0087034435066853e+00,6.0087034435066853e+00,5.5669350638088293e+00,1.7281361186060729e+00,6.0087034435066853e+00,3.4724203197658410e+00,2.8829273670218956e+00,8.3571114426619186e-01,4.6044274578482227e+00,5.5669350638088293e+00,3.4724203197658410e+00,3.4724203197658410e+00,4.6044274578482227e+00,5.5669350638088293e+00,4.6044274578482227e+00,6.0087034435066853e+00,6.0087034435066853e+00,3.4724203197658410e+00,4.6044274578482227e+00,5.5669350638088293e+00,1.7281361186060729e+00,1.7281361186060729e+00,5.5669350638088293e+00,5.5669350638088293e+00,8.3571114426619186e-01,2.8829273670218956e+00,5.5669350638088293e+00,8.3571114426619186e-01,3.4724203197658410e+00,4.6044274578482227e+00,5.5669350638088293e+00,4.6044274578482227e+00,6.0087034435066853e+00,5.5669350638088293e+00,5.5669350638088293e+00,8.3571114426619186e-01,1.7281361186060729e+00,6.0087034435066853e+00,3.4724203197658410e+00,6.0087034435066853e+00,1.7281361186060729e+00,4.6044274578482227e+00,4.6044274578482227e+00,6.0087034435066853e+00,3.4724203197658410e+00,1.7281361186060729e+00,3.4724203197658410e+00,1.7281361186060729e+00,3.4724203197658410e+00,6.0087034435066853e+00,5.5669350638088293e+00,6.0087034435066853e+00,6.0087034435066853e+00,1.7281361186060729e+00,1.7281361186060729e+00,4.6044274578482227e+00,0.0000000000000000e+00,4.6044274578482227e+00,4.6044274578482227e+00,6.0087034435066853e+00,2.8829273670218956e+00,2.8829273670218956e+00,4.6044274578482227e+00,3.4724203197658410e+00,2.8829273670218956e+00,4.6044274578482227e+00,1.7281361186060729e+00,4.6044274578482227e+00,6.0087034435066853e+00,1.7281361186060729e+00,3.4724203197658410e+00,0.0000000000000000e+00,2.8829273670218956e+00,5.5669350638088293e+00,6.0087034435066853e+00,3.4724203197658410e+00,2.8829273670218956e+00,2.8829273670218956e+00,5.5669350638088293e+00,1.7281361186060729e+00,6.0087034435066853e+00,6.0087034435066853e+00,1.7281361186060729e+00,3.4724203197658410e+00,5.5669350638088293e+00,0.0000000000000000e+00,3.4724203197658410e+00,3.4724203197658410e+00,5.5669350638088293e+00,4.6044274578482227e+00,3.4724203197658410e+00,4.6044274578482227e+00,1.7281361186060729e+00,6.0087034435066853e+00,8.3571114426619186e-01,0.0000000000000000e+00,6.0087034435066853e+00,5.5669350638088293e+00,2.8829273670218956e+00,6.0087034435066853e+00,0.0000000000000000e+00,6.0087034435066853e+00,8.3571114426619186e-01,6.0087034435066853e+00,6.0087034435066853e+00,3.4724203197658410e+00,6.0087034435066853e+00,2.8829273670218956e+00,2.8829273670218956e+00,6.0087034435066853e+00,0.0000000000000000e+00,6.0087034435066853e+00,0.0000000000000000e+00,6.0087034435066853e+00,0.0000000000000000e+00,6.0087034435066853e+00,6.0087034435066853e+00,6.0087034435066853e+00,5.5669350638088293e+00,6.0087034435066853e+00,5.5669350638088293e+00,1.7281361186060729e+00,2.8829273670218956e+00,3.4724203197658410e+00,6.0087034435066853e+00,1.7281361186060729e+00,3.4724203197658410e+00,0.0000000000000000e+00,4.6044274578482227e+00,4.6044274578482227e+00,5.5669350638088293e+00,5.5669350638088293e+00,6.0087034435066853e+00,4.6044274578482227e+00,6.0087034435066853e+00,3.4724203197658410e+00,6.0087034435066853e+00,6.0087034435066853e+00,5.5669350638088293e+00,3.4724203197658410e+00,2.8829273670218956e+00,0.0000000000000000e+00,5.5669350638088293e+00,4.6044274578482227e+00,4.6044274578482227e+00,0.0000000000000000e+00,6.0087034435066853e+00,0.0000000000000000e+00,6.0087034435066853e+00,4.6044274578482227e+00,6.0087034435066853e+00,4.6044274578482227e+00,6.0087034435066853e+00,5.5669350638088293e+00,6.0087034435066853e+00,4.6044274578482227e+00,8.3571114426619186e-01,3.4724203197658410e+00,5.5669350638088293e+00,1.7281361186060729e+00,8.3571114426619186e-01,2.8829273670218956e+00,6.0087034435066853e+00,8.3571114426619186e-01,5.5669350638088293e+00,4.6044274578482227e+00,6.0087034435066853e+00,4.6044274578482227e+00,2.8829273670218956e+00,5.5669350638088293e+00,1.7281361186060729e+00,4.6044274578482227e+00,4.6044274578482227e+00,6.0087034435066853e+00,1.7281361186060729e+00,6.0087034435066853e+00,8.3571114426619186e-01,5.5669350638088293e+00,4.6044274578482227e+00,4.6044274578482227e+00,6.0087034435066853e+00,4.6044274578482227e+00,5.5669350638088293e+00,4.6044274578482227e+00,5.5669350638088293e+00,3.4724203197658410e+00,4.6044274578482227e+00,2.8829273670218956e+00,4.6044274578482227e+00,4.6044274578482227e+00,0.0000000000000000e+00,3.4724203197658410e+00,0.0000000000000000e+00,2.8829273670218956e+00,0.0000000000000000e+00,0.0000000000000000e+00,1.7281361186060729e+00,4.6044274578482227e+00,0.0000000000000000e+00,4.6044274578482227e+00,1.7281361186060729e+00,5.5669350638088293e+00,5.5669350638088293e+00,2.8829273670218956e+00,2.8829273670218956e+00,2.8829273670218956e+00,2.8829273670218956e+00,6.0087034435066853e+00,1.7281361186060729e+00,6.0087034435066853e+00,1.7281361186060729e+00,6.0087034435066853e+00,6.0087034435066853e+00,5.5669350638088293e+00,6.0087034435066853e+00,4.6044274578482227e+00,0.0000000000000000e+00,4.6044274578482227e+00,6.0087034435066853e+00,4.6044274578482227e+00,2.8829273670218956e+00,0.0000000000000000e+00,5.5669350638088293e+00,4.6044274578482227e+00,8.3571114426619186e-01,1.7281361186060729e+00,6.0087034435066853e+00,8.3571114426619186e-01,2.8829273670218956e+00,6.0087034435066853e+00,6.0087034435066853e+00,8.3571114426619186e-01,8.3571114426619186e-01,5.5669350638088293e+00,4.6044274578482227e+00,6.0087034435066853e+00,1.7281361186060729e+00,1.7281361186060729e+00,6.0087034435066853e+00,8.3571114426619186e-01,4.6044274578482227e+00,6.0087034435066853e+00,3.4724203197658410e+00,6.0087034435066853e+00,6.0087034435066853e+00,5.5669350638088293e+00,6.0087034435066853e+00,6.0087034435066853e+00,6.0087034435066853e+00,8.3571114426619186e-01,3.4724203197658410e+00,0.0000000000000000e+00,5.5669350638088293e+00,4.6044274578482227e+00,3.4724203197658410e+00,3.4724203197658410e+00,6.0087034435066853e+00,0.0000000000000000e+00,6.0087034435066853e+00,5.5669350638088293e+00,2.8829273670218956e+00,5.5669350638088293e+00,6.0087034435066853e+00,6.0087034435066853e+00,6.0087034435066853e+00,6.0087034435066853e+00,4.6044274578482227e+00,5.5669350638088293e+00,5.5669350638088293e+00,4.6044274578482227e+00,2.8829273670218956e+00,5.5669350638088293e+00,5.5669350638088293e+00,4.6044274578482227e+00,4.6044274578482227e+00,8.3571114426619186e-01,8.3571114426619186e-01,5.5669350638088293e+00,1.7281361186060729e+00,6.0087034435066853e+00,3.4724203197658410e+00,3.4724203197658410e+00,3.4724203197658410e+00,6.0087034435066853e+00,6.0087034435066853e+00,5.5669350638088293e+00,3.4724203197658410e+00,1.7281361186060729e+00,2.8829273670218956e+00,2.8829273670218956e+00,3.4724203197658410e+00,6.0087034435066853e+00,5.5669350638088293e+00,0.0000000000000000e+00,6.0087034435066853e+00,6.0087034435066853e+00,3.4724203197658410e+00,5.5669350638088293e+00,2.8829273670218956e+00,6.0087034435066853e+00,3.4724203197658410e+00,2.8829273670218956e+00,2.8829273670218956e+00,6.0087034435066853e+00,3.4724203197658410e+00,3.4724203197658410e+00,1.7281361186060729e+00,3.4724203197658410e+00,5.5669350638088293e+00,8.3571114426619186e-01,5.5669350638088293e+00,5.5669350638088293e+00,6.0087034435066853e+00,8.3571114426619186e-01,6.0087034435066853e+00,6.0087034435066853e+00,6.0087034435066853e+00,4.6044274578482227e+00,2.8829273670218956e+00,0.0000000000000000e+00,4.6044274578482227e+00,3.4724203197658410e+00,4.6044274578482227e+00,4.6044274578482227e+00,2.8829273670218956e+00,6.0087034435066853e+00,4.6044274578482227e+00,6.0087034435066853e+00,2.8829273670218956e+00,3.4724203197658410e+00,2.8829273670218956e+00,8.3571114426619186e-01,3.4724203197658410e+00,5.5669350638088293e+00,0.0000000000000000e+00,5.5669350638088293e+00,4.6044274578482227e+00
1.8476105563874690e+00,0.0000000000000000e+00,1.8476105563874690e+00,3.3880336669138065e+00,1.8476105563874690e+00,8.4451449220247543e-01,6.6884860307598393e+00,4.2194170968849551e+00,4.2194170968849551e+00,4.2194170968849551e+00,4.2194170968849551e+00,6.6884860307598393e+00,6.6884860307598393e+00,3.3880336669138065e+00,3.3880336669138065e+00,4.2194170968849551e+00,5.4059440659059881e+00,8.4451449220247543e-01,1.8476105563874690e+00,8.4451449220247543e-01,5.4059440659059881e+00,5.4059440659059881e+00,5.4059440659059881e+00,5.4059440659059881e+00,5.4059440659059881e+00,8.4451449220247543e-01,8.4451449220247543e-01,5.4059440659059881e+00,6.6884860307598393e+00,6.6884860307598393e+00,6.6884860307598393e+00,5.4059440659059881e+00,6.6884860307598393e+00,0.0000000000000000e+00,6.6884860307598393e+00,6.6884860307598393e+00,4.2194170968849551e+00,6.6884860307598393e+00,6.6884860307598393e+00,8.4451449220247543e-01,6.6884860307598393e+00,8.4451449220247543e-01,0.0000000000000000e+00,5.4059440659059881e+00,6.6884860307598393e+00,5.4059440659059881e+00,5.4059440659059881e+00,5.4059440659059881e+00,2.7019775558718111e+00,6.6884860307598393e+00,1.8476105563874690e+00,6.6884860307598393e+00,2.7019775558718111e+00,6.6884860307598393e+00,2.7019775558718111e+00,3.3880336669138065e+00,5.4059440659059881e+00,3.3880336669138065e+00,4.2194170968849551e+00,8.4451449220247543e-01,8.4451449220247543e-01,5.4059440659059881e+00,5.4059440659059881e+00,5.4059440659059881e+00,5.4059440659059881e+00,0.0000000000000000e+00,3.3880336669138065e+00,5.4059440659059881e+00,6.6884860307598393e+00,1.8476105563874690e+00,5.4059440659059881e+00,5.4059440659059881e+00,5.4059440659059881e+00,6.6884860307598393e+00,0.0000000000000000e+00,5.4059440659059881e+00,4.2194170968849551e+00,5.4059440659059881e+00,4.2194170968849551e+00,6.6884860307598393e+00,6.6884860307598393e+00,1.8476105563874690e+00,6.6884860307598393e+00,3.3880336669138065e+00,1.8476105563874690e+00,3.3880336669138065e+00,3.3880336669138065e+00,3.3880336669138065e+00,5.4059440659059881e+00,3.3880336669138065e+00,3.3880336669138065e+00,6.6884860307598393e+00,1.8476105563874690e+00,5.4059440659059881e+00,5.4059440659059881e+00,5.4059440659059881e+00,5.4059440659059881e+00,6.6884860307598393e+00,1.8476105563874690e+00,6.6884860307598393e+00,1.8476105563874690e+00,3.3880336669138065e+00,6.6884860307598393e+00,6.6884860307598393e+00,6.6884860307598393e+00,5.4059440659059881e+00,5.4059440659059881e+00,5.4059440659059881e+00,5.4059440659059881e+00,5.4059440659059881e+00,0.0000000000000000e+00,6.6884860307598393e+00,5.4059440659059881e+00,6.6884860307598393e+00,6.6884860307598393e+00,5.4059440659059881e+00,6.6884860307598393e+00,6.6884860307598393e+00,5.4059440659059881e+00,5.4059440659059881e+00,3.3880336669138065e+00,0.0000000000000000e+00,5.4059440659059881e+00,5.4059440659059881e+00,4.2194170968849551e+00,5.4059440659059881e+00,4.2194170968849551e+00,5.4059440659059881e+00,3.3880336669138065e+00,6.6884860307598393e+00,8.4451449220247543e-01,5.4059440659059881e+00,1.8476105563874690e+00,8.4451449220247543e-01,1.8476105563874690e+00,8.4451449220247543e-01,1.8476105563874690e+00,8.4451449220247543e-01,1.8476105563874690e+00,8.4451449220247543e-01,3.3880336669138065e+00,1.8476105563874690e+00,3.3880336669138065e+00,6.6884860307598393e+00,2.7019775558718111e+00,1.8476105563874690e+00,0.0000000000000000e+00,0.0000000000000000e+00,6.6884860307598393e+00,0.0000000000000000e+00,1.8476105563874690e+00,2.7019775558718111e+00,5.4059440659059881e+00,1.8476105563874690e+00,5.4059440659059881e+00,5.4059440659059881e+00,3.3880336669138065e+00,2.7019775558718111e+00,3.3880336669138065e+00,5.4059440659059881e+00,2.7019775558718111e+00,2.7019775558718111e+00,5.4059440659059881e+00,6.6884860307598393e+00,6.6884860307598393e+00,8.4451449220247543e-01,0.0000000000000000e+00,2.7019775558718111e+00,5.4059440659059881e+00,2.7019775558718111e+00,5.4059440659059881e+00,2.7019775558718111e+00,0.0000000000000000e+00,6.6884860307598393e+00,1.8476105563874690e+00,5.4059440659059881e+00,6.6884860307598393e+00,5.4059440659059881e+00,8.4451449220247543e-01,4.2194170968849551e+00,1.8476105563874690e+00,8.4451449220247543e-01,2.7019775558718111e+00,0.0000000000000000e+00,1.8476105563874690e+00,5.4059440659059881e+00,0.0000000000000000e+00,5.4059440659059881e+00,1.8476105563874690e+00,5.4059440659059881e+00,6.6884860307598393e+00,5.4059440659059881e+00,5.4059440659059881e+00,5.4059440659059881e+00,6.6884860307598393e+00,1.8476105563874690e+00,5.4059440659059881e+00,5.4059440659059881e+00,5.4059440659059881e+00,0.0000000000000000e+00,5.4059440659059881e+00,5.4059440659059881e+00,0.0000000000000000e+00,2.7019775558718111e+00,6.6884860307598393e+00,0.0000000000000000e+00,6.6884860307598393e+00,8.4451449220247543e-01,0.0000000000000000e+00,5.4059440659059881e+00,5.4059440659059881e+00,5.4059440659059881e+00,1.8476105563874690e+00,5.4059440659059881e+00,1.8476105563874690e+00,5.4059440659059881e+00,1.8476105563874690e+00,3.3880336669138065e+00,5.4059440659059881e+00,8.4451449220247543e-01,8.4451449220247543e-01,6.6884860307598393e+00,2.7019775558718111e+00,1.8476105563874690e+00,2.7019775558718111e+00,6.6884860307598393e+00,6.6884860307598393e+00,3.3880336669138065e+00,6.6884860307598393e+00,5.4059440659059881e+00,0.0000000000000000e+00,6.6884860307598393e+00,4.2194170968849551e+00,1.8476105563874690e+00,3.3880336669138065e+00,1.8476105563874690e+00,5.4059440659059881e+00,6.6884860307598393e+00,0.0000000000000000e+00,8.4451449220247543e-01,5.4059440659059881e+00,2.7019775558718111e+00,6.6884860307598393e+00,6.6884860307598393e+00,6.6884860307598393e+00,6.6884860307598393e+00,0.0000000000000000e+00,6.6884860307598393e+00,2.7019775558718111e+00,6.6884860307598393e+00,5.4059440659059881e+00,5.4059440659059881e+00,6.6884860307598393e+00,6.6884860307598393e+00,5.4059440659059881e+00,5.4059440659059881e+00,6.6884860307598393e+00,5.4059440659059881e+00,6.6884860307598393e+00,5.4059440659059881e+00,5.4059440659059881e+00,1.8476105563874690e+00,4.2194170968849551e+00,4.2194170968849551e+00,5.4059440659059881e+00,0.0000000000000000e+00,3.3880336669138065e+00,3.3880336669138065e+00,5.4059440659059881e+00,8.4451449220247543e-01,8.4451449220247543e-01,8.4451449220247543e-01,5.4059440659059881e+00,5.4059440659059881e+00,2.7019775558718111e+00,1.8476105563874690e+00,0.0000000000000000e+00,0.0000000000000000e+00,5.4059440659059881e+00,5.4059440659059881e+00,6.6884860307598393e+00,5.4059440659059881e+00,2.7019775558718111e+00,6.6884860307598393e+00,3.3880336669138065e+00,8.4451449220247543e-01,3.3880336669138065e+00,2.7019775558718111e+00,6.6884860307598393e+00,2.7019775558718111e+00,5.4059440659059881e+00,0.0000000000000000e+00,8.4451449220247543e-01,1.8476105563874690e+00,1.8476105563874690e+00,8.4451449220247543e-01,6.6884860307598393e+00,0.0000000000000000e+00,5.4059440659059881e+00,2.7019775558718111e+00,0.0000000000000000e+00,5.4059440659059881e+00,6.6884860307598393e+00,5.4059440659059881e+00,2.7019775558718111e+00,5.4059440659059881e+00,5.4059440659059881e+00,5.4059440659059881e+00,5.4059440659059881e+00,5.4059440659059881e+00,2.7019775558718111e+00,3.3880336669138065e+00,5.4059440659059881e+00,5.4059440659059881e+00,2.7019775558718111e+00,5.4059440659059881e+00,6.6884860307598393e+00,5.4059440659059881e+00,1.8476105563874690e+00,8.4451449220247543e-01,5.4059440659059881e+00,4.2194170968849551e+00,6.6884860307598393e+00,8.4451449220247543e-01,5.4059440659059881e+00,3.3880336669138065e+00,5.4059440659059881e+00,3.3880336669138065e+00,1.8476105563874690e+00,5.4059440659059881e+00,5.4059440659059881e+00,4.2194170968849551e+00,4.2194170968849551e+00,4.2194170968849551e+00,5.4059440659059881e+00,4.2194170968849551e+00,4.2194170968849551e+00,6.6884860307598393e+00,6.6884860307598393e+00,4.2194170968849551e+00,3.3880336669138065e+00,3.3880336669138065e+00,1.8476105563874690e+00,5.4059440659059881e+00,3.3880336669138065e+00,4.2194170968849551e+00,4.2194170968849551e+00,5.4059440659059881e+00,1.8476105563874690e+00,3.3880336669138065e+00,3.3880336669138065e+00,3.3880336669138065e+00,3.3880336669138065e+00,5.4059440659059881e+00,5.4059440659059881e+00,4.2194170968849551e+00,5.4059440659059881e+00,2.7019775558718111e+00,5.4059440659059881e+00,5.4059440659059881e+00,5.4059440659059881e+00,8.4451449220247543e-01,5.4059440659059881e+00,4.2194170968849551e+00,1.8476105563874690e+00,4.2194170968849551e+00,4.2194170968849551e+00,6.6884860307598393e+00,4.2194170968849551e+00,5.4059440659059881e+00,6.6884860307598393e+00,6.6884860307598393e+00,8.4451449220247543e-01,6.6884860307598393e+00,6.6884860307598393e+00,5.4059440659059881e+00,6.6884860307598393e+00,6.6884860307598393e+00,6.6884860307598393e+00,5.4059440659059881e+00,5.4059440659059881e+00,5.4059440659059881e+00,5.4059440659059881e+00,0.0000000000000000e+00,5.4059440659059881e+00,5.4059440659059881e+00,5.4059440659059881e+00,6.6884860307598393e+00,6.6884860307598393e+00,6.6884860307598393e+00,6.6884860307598393e+00,1.8476105563874690e+00,8.4451449220247543e-01,5.4059440659059881e+00,0.0000000000000000e+00,5.4059440659059881e+00,4.2194170968849551e+00,4.2194170968849551e+00,6.6884860307598393e+00,6.6884860307598393e+00,5.4059440659059881e+00,5.4059440659059881e+00,6.6884860307598393e+00,8.4451449220247543e-01,6.6884860307598393e+00,0.0000000000000000e+00,6.6884860307598393e+00,6.6884860307598393e+00,6.6884860307598393e+00,6.6884860307598393e+00,5.4059440659059881e+00,6.6884860307598393e+00,5.4059440659059881e+00,6.6884860307598393e+00,1.8476105563874690e+00,4.2194170968849551e+00,6.6884860307598393e+00,6.6884860307598393e+00,5.4059440659059881e+00,5.4059440659059881e+00,6.6884860307598393e+00,8.4451449220247543e-01,4.2194170968849551e+00,4.2194170968849551e+00,4.2194170968849551e+00,0.0000000000000000e+00,3.3880336669138065e+00,5.4059440659059881e+00,6.6884860307598393e+00,6.6884860307598393e+00,8.4451449220247543e-01,4.2194170968849551e+00,0.0000000000000000e+00,4.2194170968849551e+00,6.6884860307598393e+00,6.6884860307598393e+00,4.2194170968849551e+00,4.2194170968849551e+00,5.4059440659059881e+00,6.6884860307598393e+00,5.4059440659059881e+00,5.4059440659059881e+00,2.7019775558718111e+00,4.2194170968849551e+00,2.7019775558718111e+00,5.4059440659059881e+00,6.6884860307598393e+00,0.0000000000000000e+00,5.4059440659059881e+00,5.4059440659059881e+00,5.4059440659059881e+00,5.4059440659059881e+00,8.4451449220247543e-01,2.7019775558718111e+00,8.4451449220247543e-01,0.0000000000000000e+00,6.6884860307598393e+00,5.4059440659059881e+00,5.4059440659059881e+00,5.4059440659059881e+00,5.4059440659059881e+00,1.8476105563874690e+00,6.6884860307598393e+00,6.6884860307598393e+00,6.6884860307598393e+00,6.6884860307598393e+00,4.2194170968849551e+00,0.0000000000000000e+00,6.6884860307598393e+00,5.4059440659059881e+00,5.4059440659059881e+00,5.4059440659059881e+00,6.6884860307598393e+00,1.8476105563874690e+00,5.4059440659059881e+00,3.3880336669138065e+00,6.6884860307598393e+00,5.4059440659059881e+00,4.2194170968849551e+00,6.6884860307598393e+00,5.4059440659059881e+00,3.3880336669138065e+00,5.4059440659059881e+00,5.4059440659059881e+00,5.4059440659059881e+00,2.7019775558718111e+00,4.2194170968849551e+00,4.2194170968849551e+00,5.4059440659059881e+00,5.4059440659059881e+00,4.2194170968849551e+00,1.8476105563874690e+00,5.4059440659059881e+00,0.0000000000000000e+00,4.2194170968849551e+00,6.6884860307598393e+00,3.3880336669138065e+00,6.6884860307598393e+00,6.6884860307598393e+00,6.6884860307598393e+00,5.4059440659059881e+00,5.4059440659059881e+00,5.4059440659059881e+00,6.6884860307598393e+00,5.4059440659059881e+00,5.4059440659059881e+00,6.6884860307598393e+00,6.6884860307598393e+00,6.6884860307598393e+00,1.8476105563874690e+00,8.4451449220247543e-01,8.4451449220247543e-01,1.8476105563874690e+00,6.6884860307598393e+00,4.2194170968849551e+00,3.3880336669138065e+00,3.3880336669138065e+00,6.6884860307598393e+00,4.2194170968849551e+00,6.6884860307598393e+00,4.2194170968849551e+00,8.4451449220247543e-01,4.2194170968849551e+00,8.4451449220247543e-01,4.2194170968849551e+00,5.4059440659059881e+00,6.6884860307598393e+00,5.4059440659059881e+00,6.6884860307598393e+00,6.6884860307598393e+00,5.4059440659059881e+00,8.4451449220247543e-01,5.4059440659059881e+00,3.3880336669138065e+00,5.4059440659059881e+00,5.4059440659059881e+00,6.6884860307598393e+00,4.2194170968849551e+00,6.6884860307598393e+00,5.4059440659059881e+00,1.8476105563874690e+00,5.4059440659059881e+00,6.6884860307598393e+00,5.4059440659059881e+00,0.0000000000000000e+00,6.6884860307598393e+00,8.4451449220247543e-01,0.0000000000000000e+00,5.4059440659059881e+00,0.0000000000000000e+00,2.7019775558718111e+00,5.4059440659059881e+00,5.4059440659059881e+00,8.4451449220247543e-01,5.4059440659059881e+00,2.7019775558718111e+00,4.2194170968849551e+00,0.0000000000000000e+00,5.4059440659059881e+00,8.4451449220247543e-01,6.6884860307598393e+00,5.4059440659059881e+00,6.6884860307598393e+00,5.4059440659059881e+00,5.4059440659059881e+00,5.4059440659059881e+00,6.6884860307598393e+00,5.4059440659059881e+00,0.0000000000000000e+00,4.2194170968849551e+00,5.4059440659059881e+00,4.2194170968849551e+00,5.4059440659059881e+00,5.4059440659059881e+00,4.2194170968849551e+00,4.2194170968849551e+00,8.4451449220247543e-01,3.3880336669138065e+00,5.4059440659059881e+00,4.2194170968849551e+00,5.4059440659059881e+00,6.6884860307598393e+00,5.4059440659059881e+00,4.2194170968849551e+00,2.7019775558718111e+00,4.2194170968849551e+00,0.0000000000000000e+00,5.4059440659059881e+00,5.4059440659059881e+00,5.4059440659059881e+00,5.4059440659059881e+00,5.4059440659059881e+00,5.4059440659059881e+00,4.2194170968849551e+00,4.2194170968849551e+00,8.4451449220247543e-01,1.8476105563874690e+00,8.4451449220247543e-01,4.2194170968849551e+00,8.4451449220247543e-01,3.3880336669138065e+00,5.4059440659059881e+00,6.6884860307598393e+00,5.4059440659059881e+00,6.6884860307598393e+00,4.2194170968849551e+00,1.8476105563874690e+00,6.6884860307598393e+00,6.6884860307598393e+00,6.6884860307598393e+00,5.4059440659059881e+00,6.6884860307598393e+00,1.8476105563874690e+00,5.4059440659059881e+00,5.4059440659059881e+00,8.4451449220247543e-01,6.6884860307598393e+00,1.8476105563874690e+00,4.2194170968849551e+00,6.6884860307598393e+00,4.2194170968849551e+00,4.2194170968849551e+00,6.6884860307598393e+00,2.7019775558718111e+00,2.7019775558718111e+00,1.8476105563874690e+00,5.4059440659059881e+00,4.2194170968849551e+00,1.8476105563874690e+00,8.4451449220247543e-01,6.6884860307598393e+00,5.4059440659059881e+00,8.4451449220247543e-01,3.3880336669138065e+00,5.4059440659059881e+00,6.6884860307598393e+00,3.3880336669138065e+00,5.4059440659059881e+00,5.4059440659059881e+00,5.4059440659059881e+00,5.4059440659059881e+00,5.4059440659059881e+00,6.6884860307598393e+00,6.6884860307598393e+00,6.6884860307598393e+00,2.7019775558718111e+00,6.6884860307598393e+00,3.3880336669138065e+00,3.3880336669138065e+00,5.4059440659059881e+00,4.2194170968849551e+00,5.4059440659059881e+00,6.6884860307598393e+00,6.6884860307598393e+00,5.4059440659059881e+00,1.8476105563874690e+00,1.8476105563874690e+00,5.4059440659059881e+00,4.2194170968849551e+00,4.2194170968849551e+00,4.2194170968849551e+00,0.0000000000000000e+00,6.6884860307598393e+00,5.4059440659059881e+00,0.0000000000000000e+00,4.2194170968849551e+00,5.4059440659059881e+00,2.7019775558718111e+00,6.6884860307598393e+00,6.6884860307598393e+00,6.6884860307598393e+00,6.6884860307598393e+00,6.6884860307598393e+00,0.0000000000000000e+00,6.6884860307598393e+00,1.8476105563874690e+00,6.6884860307598393e+00,0.0000000000000000e+00,5.4059440659059881e+00,8.4451449220247543e-01,5.4059440659059881e+00,0.0000000000000000e+00,6.6884860307598393e+00,3.3880336669138065e+00,5.4059440659059881e+00,6.6884860307598393e+00,1.8476105563874690e+00,0.0000000000000000e+00,0.0000000000000000e+00,5.4059440659059881e+00,0.0000000000000000e+00,4.2194170968849551e+00,4.2194170968849551e+00,5.4059440659059881e+00,4.2194170968849551e+00,1.8476105563874690e+00,3.3880336669138065e+00,1.8476105563874690e+00,5.4059440659059881e+00,4.2194170968849551e+00,3.3880336669138065e+00,6.6884860307598393e+00,1.8476105563874690e+00,0.0000000000000000e+00,2.7019775558718111e+00,6.6884860307598393e+00,4.2194170968849551e+00,8.4451449220247543e-01,2.7019775558718111e+00,6.6884860307598393e+00,3.3880336669138065e+00,4.2194170968849551e+00,3.3880336669138065e+00,3.3880336669138065e+00,6.6884860307598393e+00,8.4451449220247543e-01,6.6884860307598393e+00,5.4059440659059881e+00,1.8476105563874690e+00,4.2194170968849551e+00,4.2194170968849551e+00,6.6884860307598393e+00,4.2194170968849551e+00,6.6884860307598393e+00,6.6884860307598393e+00,6.6884860307598393e+00,6.6884860307598393e+00,6.6884860307598393e+00,6.6884860307598393e+00,0.0000000000000000e+00,6.6884860307598393e+00,6.6884860307598393e+00,6.6884860307598393e+00,5.4059440659059881e+00,6.6884860307598393e+00,6.6884860307598393e+00,6.6884860307598393e+00,5.4059440659059881e+00,4.2194170968849551e+00,5.4059440659059881e+00,3.3880336669138065e+00,6.6884860307598393e+00,6.6884860307598393e+00,6.6884860307598393e+00,3.3880336669138065e+00,4.2194170968849551e+00,6.6884860307598393e+00,6.6884860307598393e+00,6.6884860307598393e+00,4.2194170968849551e+00,6.6884860307598393e+00,4.2194170968849551e+00,6.6884860307598393e+00,6.6884860307598393e+00,5.4059440659059881e+00,6.6884860307598393e+00,6.6884860307598393e+00,2.7019775558718111e+00,5.4059440659059881e+00,5.4059440659059881e+00,5.4059440659059881e+00,1.8476105563874690e+00,0.0000000000000000e+00,6.6884860307598393e+00,6.6884860307598393e+00,8.4451449220247543e-01,5.4059440659059881e+00,4.2194170968849551e+00,4.2194170968849551e+00,6.6884860307598393e+00,4.2194170968849551e+00,0.0000000000000000e+00,4.2194170968849551e+00,4.2194170968849551e+00,4.2194170968849551e+00,1.8476105563874690e+00,1.8476105563874690e+00,1.8476105563874690e+00,6.6884860307598393e+00,1.8476105563874690e+00,1.8476105563874690e+00,1.8476105563874690e+00,1.8476105563874690e+00,1.8476105563874690e+00,8.4451449220247543e-01,5.4059440659059881e+00,1.8476105563874690e+00,3.3880336669138065e+00,6.6884860307598393e+00,2.7019775558718111e+00,3.3880336669138065e+00,3.3880336669138065e+00,8.4451449220247543e-01,5.4059440659059881e+00,4.2194170968849551e+00,6.6884860307598393e+00,5.4059440659059881e+00,5.4059440659059881e+00,6.6884860307598393e+00,5.4059440659059881e+00,5.4059440659059881e+00,2.7019775558718111e+00,4.2194170968849551e+00,0.0000000000000000e+00,6.6884860307598393e+00,3.3880336669138065e+00,3.3880336669138065e+00,6.6884860307598393e+00,1.8476105563874690e+00,1.8476105563874690e+00,6.6884860307598393e+00,2.7019775558718111e+00,6.6884860307598393e+00,1.8476105563874690e+00,4.2194170968849551e+00,3.3880336669138065e+00,5.4059440659059881e+00,4.2194170968849551e+00,0.0000000000000000e+00,1.8476105563874690e+00,2.7019775558718111e+00,6.6884860307598393e+00,4.2194170968849551e+00,4.2194170968849551e+00,0.0000000000000000e+00,3.3880336669138065e+00,0.0000000000000000e+00,4.2194170968849551e+00,2.7019775558718111e+00,6.6884860307598393e+00,8.4451449220247543e-01,2.7019775558718111e+00,0.0000000000000000e+00,4.2194170968849551e+00,5.4059440659059881e+00,3.3880336669138065e+00,5.4059440659059881e+00,8.4451449220247543e-01,6.6884860307598393e+00,4.2194170968849551e+00,6.6884860307598393e+00,4.2194170968849551e+00,5.4059440659059881e+00,6.6884860307598393e+00,2.7019775558718111e+00,2.7019775558718111e+00,6.6884860307598393e+00,5.4059440659059881e+00,5.4059440659059881e+00,4.2194170968849551e+00,5.4059440659059881e+00,2.7019775558718111e+00,4.2194170968849551e+00,0.0000000000000000e+00,8.4451449220247543e-01,2.7019775558718111e+00,6.6884860307598393e+00,2.7019775558718111e+00,6.6884860307598393e+00,6.6884860307598393e+00,3.3880336669138065e+00,6.6884860307598393e+00,5.4059440659059881e+00,5.4059440659059881e+00,5.4059440659059881e+00,5.4059440659059881e+00,3.3880336669138065e+00,2.7019775558718111e+00,6.6884860307598393e+00,6.6884860307598393e+00,6.6884860307598393e+00,3.3880336669138065e+00,2.7019775558718111e+00,4.2194170968849551e+00,6.6884860307598393e+00,5.4059440659059881e+00,1.8476105563874690e+00,5.4059440659059881e+00,5.4059440659059881e+00,8.4451449220247543e-01,8.4451449220247543e-01,5.4059440659059881e+00,5.4059440659059881e+00,5.4059440659059881e+00,1.8476105563874690e+00,5.4059440659059881e+00,1.8476105563874690e+00,1.8476105563874690e+00,3.3880336669138065e+00,2.7019775558718111e+00,1.8476105563874690e+00,6.6884860307598393e+00,3.3880336669138065e+00,1.8476105563874690e+00,5.4059440659059881e+00,5.4059440659059881e+00,6.6884860307598393e+00,5.4059440659059881e+00,5.4059440659059881e+00,6.6884860307598393e+00,4.2194170968849551e+00,4.2194170968849551e+00,2.7019775558718111e+00,5.4059440659059881e+00,6.6884860307598393e+00,4.2194170968849551e+00,5.4059440659059881e+00,5.4059440659059881e+00,3.3880336669138065e+00,6.6884860307598393e+00,5.4059440659059881e+00,5.4059440659059881e+00,5.4059440659059881e+00,1.8476105563874690e+00,2.7019775558718111e+00,3.3880336669138065e+00,1.8476105563874690e+00,2.7019775558718111e+00,5.4059440659059881e+00,6.6884860307598393e+00,8.4451449220247543e-01,5.4059440659059881e+00,3.3880336669138065e+00,6.6884860307598393e+00,6.6884860307598393e+00,2.7019775558718111e+00,2.7019775558718111e+00,6.6884860307598393e+00,5.4059440659059881e+00,6.6884860307598393e+00,2.7019775558718111e+00,4.2194170968849551e+00,5.4059440659059881e+00,5.4059440659059881e+00,4.2194170968849551e+00,5.4059440659059881e+00,8.4451449220247543e-01,6.6884860307598393e+00,8.4451449220247543e-01,3.3880336669138065e+00,2.7019775558718111e+00,4.2194170968849551e+00,4.2194170968849551e+00,2.7019775558718111e+00,1.8476105563874690e+00,1.8476105563874690e+00,6.6884860307598393e+00,5.4059440659059881e+00,5.4059440659059881e+00,2.7019775558718111e+00,6.6884860307598393e+00,6.6884860307598393e+00,1.8476105563874690e+00,6.6884860307598393e+00,6.6884860307598393e+00,6.6884860307598393e+00,6.6884860307598393e+00,5.4059440659059881e+00,2.7019775558718111e+00,1.8476105563874690e+00,5.4059440659059881e+00,5.4059440659059881e+00,6.6884860307598393e+00,5.4059440659059881e+00,5.4059440659059881e+00,5.4059440659059881e+00,5.4059440659059881e+00,8.4451449220247543e-01,5.4059440659059881e+00,4.2194170968849551e+00,2.7019775558718111e+00,6.6884860307598393e+00,1.8476105563874690e+00,1.8476105563874690e+00,8.4451449220247543e-01,0.0000000000000000e+00,5.4059440659059881e+00,5.4059440659059881e+00,3.3880336669138065e+00,6.6884860307598393e+00,5.4059440659059881e+00,5.4059440659059881e+00,6.6884860307598393e+00,5.4059440659059881e+00,5.4059440659059881e+00,5.4059440659059881e+00,8.4451449220247543e-01,3.3880336669138065e+00,5.4059440659059881e+00,2.7019775558718111e+00,6.6884860307598393e+00,0.0000000000000000e+00,4.2194170968849551e+00,4.2194170968849551e+00,4.2194170968849551e+00,5.4059440659059881e+00,5.4059440659059881e+00,5.4059440659059881e+00,5.4059440659059881e+00,5.4059440659059881e+00
0.0000000000000000e+00,0.0000000000000000e+00,0.0000000000000000e+00,0.0000000000000000e+00,0.0000000000000000e+00,0.0000000000000000e+00,0.0000000000000000e+00,0.0000000000000000e+00,0.0000000000000000e+00,0.0000000000000000e+00,0.0000000000000000e+00,0.0000000000000000e+00,0.0000000000000000e+00,0.0000000000000000e+00,0.0000000000000000e+00,0.0000000000000000e+00,0.0000000000000000e+00,0.0000000000000000e+00,0.0000000000000000e+00,0.0000000000000000e+00,0.0000000000000000e+00,0.0000000000000000e+00,0.0000000000000000e+00,0.0000000000000000e+00,0.0000000000000000e+00,0.0000000000000000e+00,0.0000000000000000e+00,0.0000000000000000e+00,0.0000000000000000e+00,0.0000000000000000e+00,0.0000000000000000e+00,0.0000000000000000e+00,0.0000000000000000e+00,0.0000000000000000e+00,0.0000000000000000e+00,0.0000000000000000e+00,0.0000000000000000e+00,0.0000000000000000e+00,0.0000000000000000e+00,0.0000000000000000e+00,0.0000000000000000e+00,0.0000000000000000e+00,0.0000000000000000e+00,0.0000000000000000e+00,0.0000000000000000e+00,0.0000000000000000e+00,0.0000000000000000e+00,0.0000000000000000e+00,0.0000000000000000e+00,0.0000000000000000e+00,0.0000000000000000e+00,0.0000000000000000e+00,0.0000000000000000e+00,0.0000000000000000e+00,0.0000000000000000e+00,0.0000000000000000e+00,0.0000000000000000e+00,0.0000000000000000e+00,0.0000000000000000e+00,0.0000000000000000e+00,0.0000000000000000e+00,0.0000000000000000e+00,0.0000000000000000e+00,0.0000000000000000e+00,0.0000000000000000e+00,0.0000000000000000e+00,0.0000000000000000e+00,0.0000000000000000e+00,0.0000000000000000e+00,0.0000000000000000e+00,0.0000000000000000e+00,0.0000000000000000e+00,0.0000000000000000e+00,0.0000000000000000e+00,0.0000000000000000e+00,0.0000000000000000e+00,0.0000000000000000e+00,0.0000000000000000e+00,0.0000000000000000e+00,0.0000000000000000e+00,0.0000000000000000e+00,0.0000000000000000e+00,0.0000000000000000e+00,0.0000000000000000e+00,0.0000000000000000e+00,0.0000000000000000e+00,0.0000000000000000e+00,0.0000000000000000e+00,0.0000000000000000e+00,0.0000000000000000e+00,0.0000000000000000e+00,0.0000000000000000e+00,0.0000000000000000e+00,0.0000000000000000e+00,0.0000000000000000e+00,0.0000000000000000e+00,0.0000000000000000e+00,0.0000000000000000e+00,0.0000000000000000e+00,0.0000000000000000e+00,0.0000000000000000e+00,0.0000000000000000e+00,0.0000000000000000e+00,0.0000000000000000e+00,0.0000000000000000e+00,0.0000000000000000e+00,0.0000000000000000e+00,0.0000000000000000e+00,0.0000000000000000e+00,0.0000000000000000e+00,0.0000000000000000e+00,0.0000000000000000e+00,0.0000000000000000e+00,0.0000000000000000e+00,0.0000000000000000e+00,0.0000000000000000e+00,0.0000000000000000e+00,0.0000000000000000e+00,0.0000000000000000e+00,0.0000000000000000e+00,0.0000000000000000e+00,0.0000000000000000e+00,0.0000000000000000e+00,0.0000000000000000e+00,0.0000000000000000e+00,0.0000000000000000e+00,0.0000000000000000e+00,0.0000000000000000e+00,0.0000000000000000e+00,0.0000000000000000e+00,0.0000000000000000e+00,0.0000000000000000e+00,0.0000000000000000e+00,0.0000000000000000e+00,0.0000000000000000e+00,0.0000000000000000e+00,0.0000000000000000e+00,0.0000000000000000e+00,0.0000000000000000e+00,0.0000000000000000e+00,0.0000000000000000e+00,0.0000000000000000e+00,0.0000000000000000e+00,0.0000000000000000e+00,0.0000000000000000e+00,0.0000000000000000e+00,0.0000000000000000e+00,0.0000000000000000e+00,0.0000000000000000e+00,0.0000000000000000e+00,0.0000000000000000e+00,0.0000000000000000e+00,0.0000000000000000e+00,0.0000000000000000e+00,0.0000000000000000e+00,0.0000000000000000e+00,0.0000000000000000e+00,0.0000000000000000e+00,0.0000000000000000e+00,0.0000000000000000e+00,0.0000000000000000e+00,0.0000000000000000e+00,0.0000000000000000e+00,0.0000000000000000e+00,0.0000000000000000e+00,0.0000000000000000e+00,0.0000000000000000e+00,0.0000000000000000e+00,0.0000000000000000e+00,0.0000000000000000e+00,0.0000000000000000e+00,0.0000000000000000e+00,0.0000000000000000e+00,0.0000000000000000e+00,0.0000000000000000e+00,0.0000000000000000e+00,0.0000000000000000e+00,0.0000000000000000e+00,0.0000000000000000e+00,0.0000000000000000e+00,0.0000000000000000e+00,0.0000000000000000e+00,0.0000000000000000e+00,0.0000000000000000e+00,0.0000000000000000e+00,0.0000000000000000e+00,0.0000000000000000e+00,0.0000000000000000e+00,0.0000000000000000e+00,0.0000000000000000e+00,0.0000000000000000e+00,0.0000000000000000e+00,0.0000000000000000e+00,0.0000000000000000e+00,0.0000000000000000e+00,0.0000000000000000e+00,0.0000000000000000e+00,0.0000000000000000e+00,0.0000000000000000e+00,0.0000000000000000e+00,0.0000000000000000e+00,0.0000000000000000e+00,0.0000000000000000e+00,0.0000000000000000e+00,0.0000000000000000e+00,0.0000000000000000e+00,0.0000000000000000e+00,0.0000000000000000e+00,0.0000000000000000e+00,0.0000000000000000e+00,0.0000000000000000e+00,0.0000000000000000e+00,0.0000000000000000e+00,0.0000000000000000e+00,0.0000000000000000e+00,0.0000000000000000e+00,0.0000000000000000e+00,0.0000000000000000e+00,0.0000000000000000e+00,0.0000000000000000e+00,0.0000000000000000e+00,0.0000000000000000e+00,0.0000000000000000e+00,0.0000000000000000e+00,0.0000000000000000e+00,0.0000000000000000e+00,0.0000000000000000e+00,0.0000000000000000e+00,0.0000000000000000e+00,0.0000000000000000e+00,0.0000000000000000e+00,0.0000000000000000e+00,0.0000000000000000e+00,0.0000000000000000e+00,0.0000000000000000e+00,0.0000000000000000e+00,0.0000000000000000e+00,0.0000000000000000e+00,0.0000000000000000e+00,0.0000000000000000e+00,0.0000000000000000e+00,0.0000000000000000e+00,0.0000000000000000e+00,0.0000000000000000e+00,0.0000000000000000e+00,0.0000000000000000e+00,0.0000000000000000e+00,0.0000000000000000e+00,0.0000000000000000e+00,0.0000000000000000e+00,0.0000000000000000e+00,0.0000000000000000e+00,0.0000000000000000e+00,0.0000000000000000e+00,0.0000000000000000e+00,0.0000000000000000e+00,0.0000000000000000e+00,0.0000000000000000e+00,0.0000000000000000e+00,0.0000000000000000e+00,0.0000000000000000e+00,0.0000000000000000e+00,0.0000000000000000e+00,0.0000000000000000e+00,0.0000000000000000e+00,0.0000000000000000e+00,0.0000000000000000e+00,0.0000000000000000e+00,0.0000000000000000e+00,0.0000000000000000e+00,0.0000000000000000e+00,0.0000000000000000e+00,0.0000000000000000e+00,0.0000000000000000e+00,0.0000000000000000e+00,0.0000000000000000e+00,0.0000000000000000e+00,0.0000000000000000e+00,0.0000000000000000e+00,0.0000000000000000e+00,0.0000000000000000e+00,0.0000000000000000e+00,0.0000000000000000e+00,0.0000000000000000e+00,0.0000000000000000e+00,0.0000000000000000e+00,0.0000000000000000e+00,0.0000000000000000e+00,0.0000000000000000e+00,0.0000000000000000e+00,0.0000000000000000e+00,0.0000000000000000e+00,0.0000000000000000e+00,0.0000000000000000e+00,0.0000000000000000e+00,0.0000000000000000e+00,0.0000000000000000e+00,0.0000000000000000e+00,0.0000000000000000e+00,0.0000000000000000e+00,0.0000000000000000e+00,0.0000000000000000e+00,0.0000000000000000e+00,0.0000000000000000e+00,0.0000000000000000e+00,0.0000000000000000e+00,0.0000000000000000e+00,0.0000000000000000e+00,0.0000000000000000e+00,0.0000000000000000e+00,0.0000000000000000e+00,0.0000000000000000e+00,0.0000000000000000e+00,0.0000000000000000e+00,0.0000000000000000e+00,0.0000000000000000e+00,0.0000000000000000e+00,0.0000000000000000e+00,0.0000000000000000e+00,0.0000000000000000e+00,0.0000000000000000e+00,0.0000000000000000e+00,0.0000000000000000e+00,0.0000000000000000e+00,0.0000000000000000e+00,0.0000000000000000e+00,0.0000000000000000e+00,0.0000000000000000e+00,0.0000000000000000e+00,0.0000000000000000e+00,0.0000000000000000e+00,0.0000000000000000e+00,0.0000000000000000e+00,0.0000000000000000e+00,0.0000000000000000e+00,0.0000000000000000e+00,0.0000000000000000e+00,0.0000000000000000e+00,0.0000000000000000e+00,0.0000000000000000e+00,0.0000000000000000e+00,0.0000000000000000e+00,0.0000000000000000e+00,0.0000000000000000e+00,0.0000000000000000e+00,0.0000000000000000e+00,0.0000000000000000e+00,0.0000000000000000e+00,0.0000000000000000e+00,0.0000000000000000e+00,0.0000000000000000e+00,0.0000000000000000e+00,0.0000000000000000e+00,0.0000000000000000e+00,0.0000000000000000e+00,0.0000000000000000e+00,0.0000000000000000e+00,0.0000000000000000e+00,0.0000000000000000e+00,0.0000000000000000e+00,0.0000000000000000e+00,0.0000000000000000e+00,0.0000000000000000e+00,0.0000000000000000e+00,0.0000000000000000e+00,0.0000000000000000e+00,0.0000000000000000e+00,0.0000000000000000e+00,0.0000000000000000e+00,0.0000000000000000e+00,0.0000000000000000e+00,0.0000000000000000e+00,0.0000000000000000e+00,0.0000000000000000e+00,0.0000000000000000e+00,0.0000000000000000e+00,0.0000000000000000e+00,0.0000000000000000e+00,0.0000000000000000e+00,0.0000000000000000e+00,0.0000000000000000e+00,0.0000000000000000e+00,0.0000000000000000e+00,0.0000000000000000e+00,0.0000000000000000e+00,0.0000000000000000e+00,0.0000000000000000e+00,0.0000000000000000e+00,0.0000000000000000e+00,0.0000000000000000e+00,0.0000000000000000e+00,0.0000000000000000e+00,0.0000000000000000e+00,0.0000000000000000e+00,0.0000000000000000e+00,0.0000000000000000e+00,0.0000000000000000e+00,0.0000000000000000e+00,0.0000000000000000e+00,0.0000000000000000e+00,0.0000000000000000e+00,0.0000000000000000e+00,0.0000000000000000e+00,0.0000000000000000e+00,0.0000000000000000e+00,0.0000000000000000e+00,0.0000000000000000e+00,0.0000000000000000e+00,0.0000000000000000e+00,0.0000000000000000e+00,0.0000000000000000e+00,0.0000000000000000e+00,0.0000000000000000e+00,0.0000000000000000e+00,0.0000000000000000e+00,0.0000000000000000e+00,0.0000000000000000e+00,0.0000000000000000e+00,0.0000000000000000e+00,0.0000000000000000e+00,0.0000000000000000e+00,0.0000000000000000e+00,0.0000000000000000e+00,0.0000000000000000e+00,0.0000000000000000e+00,0.0000000000000000e+00,0.0000000000000000e+00,0.0000000000000000e+00,0.0000000000000000e+00,0.0000000000000000e+00,0.0000000000000000e+00,0.0000000000000000e+00,0.0000000000000000e+00,0.0000000000000000e+00,0.0000000000000000e+00,0.0000000000000000e+00,0.0000000000000000e+00,0.0000000000000000e+00,0.0000000000000000e+00,0.0000000000000000e+00,0.0000000000000000e+00,0.0000000000000000e+00,0.0000000000000000e+00,0.0000000000000000e+00,0.0000000000000000e+00,0.0000000000000000e+00,0.0000000000000000e+00,0.0000000000000000e+00,0.0000000000000000e+00,0.0000000000000000e+00,0.0000000000000000e+00,0.0000000000000000e+00,0.0000000000000000e+00,0.0000000000000000e+00,0.0000000000000000e+00,0.0000000000000000e+00,0.0000000000000000e+00,0.0000000000000000e+00,0.0000000000000000e+00,0.0000000000000000e+00,0.0000000000000000e+00,0.0000000000000000e+00,0.0000000000000000e+00,0.0000000000000000e+00,0.0000000000000000e+00,0.0000000000000000e+00,0.0000000000000000e+00,0.0000000000000000e+00,0.0000000000000000e+00,0.0000000000000000e+00,0.0000000000000000e+00,0.0000000000000000e+00,0.0000000000000000e+00,0.0000000000000000e+00,0.0000000000000000e+00,0.0000000000000000e+00,0.0000000000000000e+00,0.0000000000000000e+00,0.0000000000000000e+00,0.0000000000000000e+00,0.0000000000000000e+00,0.0000000000000000e+00,0.0000000000000000e+00,0.0000000000000000e+00,0.0000000000000000e+00,0.0000000000000000e+00,0.0000000000000000e+00,0.0000000000000000e+00,0.0000000000000000e+00,0.0000000000000000e+00,0.0000000000000000e+00,0.0000000000000000e+00,0.0000000000000000e+00,0.0000000000000000e+00,0.0000000000000000e+00,0.0000000000000000e+00,0.0000000000000000e+00,0.0000000000000000e+00,0.0000000000000000e+00,0.0000000000000000e+00,0.0000000000000000e+00,0.0000000000000000e+00,0.0000000000000000e+00,0.0000000000000000e+00,0.0000000000000000e+00,0.0000000000000000e+00,0.0000000000000000e+00,0.0000000000000000e+00,0.0000000000000000e+00,0.0000000000000000e+00,0.0000000000000000e+00,0.0000000000000000e+00,0.0000000000000000e+00,0.0000000000000000e+00,0.0000000000000000e+00,0.0000000000000000e+00,0.0000000000000000e+00,0.0000000000000000e+00,0.0000000000000000e+00,0.0000000000000000e+00,0.0000000000000000e+00,0.0000000000000000e+00,0.0000000000000000e+00,0.0000000000000000e+00,0.0000000000000000e+00,0.0000000000000000e+00,0.0000000000000000e+00,0.0000000000000000e+00,0.0000000000000000e+00,0.0000000000000000e+00,0.0000000000000000e+00,0.0000000000000000e+00,0.0000000000000000e+00,0.0000000000000000e+00,0.0000000000000000e+00,0.0000000000000000e+00,0.0000000000000000e+00,0.0000000000000000e+00,0.0000000000000000e+00,0.0000000000000000e+00,0.0000000000000000e+00,0.0000000000000000e+00,0.0000000000000000e+00,0.0000000000000000e+00,0.0000000000000000e+00,0.0000000000000000e+00,0.0000000000000000e+00,0.0000000000000000e+00,0.0000000000000000e+00,0.0000000000000000e+00,0.0000000000000000e+00,0.0000000000000000e+00,0.0000000000000000e+00,0.0000000000000000e+00,0.0000000000000000e+00,0.0000000000000000e+00,0.0000000000000000e+00,0.0000000000000000e+00,0.0000000000000000e+00,0.0000000000000000e+00,0.0000000000000000e+00,0.0000000000000000e+00,0.0000000000000000e+00,0.0000000000000000e+00,0.0000000000000000e+00,0.0000000000000000e+00,0.0000000000000000e+00,0.0000000000000000e+00,0.0000000000000000e+00,0.0000000000000000e+00,0.0000000000000000e+00,0.0000000000000000e+00,0.0000000000000000e+00,0.0000000000000000e+00,0.0000000000000000e+00,0.0000000000000000e+00,0.0000000000000000e+00,0.0000000000000000e+00,0.0000000000000000e+00,0.0000000000000000e+00,0.0000000000000000e+00,0.0000000000000000e+00,0.0000000000000000e+00,0.0000000000000000e+00,0.0000000000000000e+00,0.0000000000000000e+00,0.0000000000000000e+00,0.0000000000000000e+00,0.0000000000000000e+00,0.0000000000000000e+00,0.0000000000000000e+00,0.0000000000000000e+00,0.0000000000000000e+00,0.0000000000000000e+00,0.0000000000000000e+00,0.0000000000000000e+00,0.0000000000000000e+00,0.0000000000000000e+00,0.0000000000000000e+00,0.0000000000000000e+00,0.0000000000000000e+00,0.0000000000000000e+00,0.0000000000000000e+00,0.0000000000000000e+00,0.0000000000000000e+00,0.0000000000000000e+00,0.0000000000000000e+00,0.0000000000000000e+00,0.0000000000000000e+00,0.0000000000000000e+00,0.0000000000000000e+00,0.0000000000000000e+00,0.0000000000000000e+00,0.0000000000000000e+00,0.0000000000000000e+00,0.0000000000000000e+00,0.0000000000000000e+00,0.0000000000000000e+00,0.0000000000000000e+00,0.0000000000000000e+00,0.0000000000000000e+00,0.0000000000000000e+00,0.0000000000000000e+00,0.0000000000000000e+00,0.0000000000000000e+00,0.0000000000000000e+00,0.0000000000000000e+00,0.0000000000000000e+00,0.0000000000000000e+00,0.0000000000000000e+00,0.0000000000000000e+00,0.0000000000000000e+00,0.0000000000000000e+00,0.0000000000000000e+00,0.0000000000000000e+00,0.0000000000000000e+00,0.0000000000000000e+00,0.0000000000000000e+00,0.0000000000000000e+00,0.0000000000000000e+00,0.0000000000000000e+00,0.0000000000000000e+00,0.0000000000000000e+00,0.0000000000000000e+00,0.0000000000000000e+00,0.0000000000000000e+00,0.0000000000000000e+00,0.0000000000000000e+00,0.0000000000000000e+00,0.0000000000000000e+00,0.0000000000000000e+00,0.0000000000000000e+00,0.0000000000000000e+00,0.0000000000000000e+00,0.0000000000000000e+00,0.0000000000000000e+00,0.0000000000000000e+00,0.0000000000000000e+00,0.0000000000000000e+00,0.0000000000000000e+00,0.0000000000000000e+00,0.0000000000000000e+00,0.0000000000000000e+00,0.0000000000000000e+00,0.0000000000000000e+00,0.0000000000000000e+00,0.0000000000000000e+00,0.0000000000000000e+00,0.0000000000000000e+00,0.0000000000000000e+00,0.0000000000000000e+00,0.0000000000000000e+00,0.0000000000000000e+00,0.0000000000000000e+00,0.0000000000000000e+00,0.0000000000000000e+00,0.0000000000000000e+00,0.0000000000000000e+00,0.0000000000000000e+00,0.0000000000000000e+00,0.0000000000000000e+00,0.0000000000000000e+00,0.0000000000000000e+00,0.0000000000000000e+00,0.0000000000000000e+00,0.0000000000000000e+00,0.0000000000000000e+00,0.0000000000000000e+00,0.0000000000000000e+00,0.0000000000000000e+00,0.0000000000000000e+00,0.0000000000000000e+00,0.0000000000000000e+00,0.0000000000000000e+00,0.0000000000000000e+00,0.0000000000000000e+00,0.0000000000000000e+00,0.0000000000000000e+00,0.0000000000000000e+00,0.0000000000000000e+00,0.0000000000000000e+00,0.0000000000000000e+00,0.0000000000000000e+00,0.0000000000000000e+00,0.0000000000000000e+00,0.0000000000000000e+00,0.0000000000000000e+00,0.0000000000000000e+00,0.0000000000000000e+00,0.0000000000000000e+00,0.0000000000000000e+00,0.0000000000000000e+00,0.0000000000000000e+00,0.0000000000000000e+00,0.0000000000000000e+00,0.0000000000000000e+00,0.0000000000000000e+00,0.0000000000000000e+00,0.0000000000000000e+00,0.0000000000000000e+00,0.0000000000000000e+00,0.0000000000000000e+00,0.0000000000000000e+00,0.0000000000000000e+00,0.0000000000000000e+00,0.0000000000000000e+00,0.0000000000000000e+00,0.0000000000000000e+00,0.0000000000000000e+00,0.0000000000000000e+00,0.0000000000000000e+00,0.0000000000000000e+00,0.0000000000000000e+00,0.0000000000000000e+00,0.0000000000000000e+00,0.0000000000000000e+00,0.0000000000000000e+00,0.0000000000000000e+00,0.0000000000000000e+00,0.0000000000000000e+00,0.0000000000000000e+00,0.0000000000000000e+00,0.0000000000000000e+00,0.0000000000000000e+00,0.0000000000000000e+00,0.0000000000000000e+00,0.0000000000000000e+00,0.0000000000000000e+00,0.0000000000000000e+00,0.0000000000000000e+00,0.0000000000000000e+00,0.0000000000000000e+00,0.0000000000000000e+00,0.0000000000000000e+00,0.0000000000000000e+00,0.0000000000000000e+00,0.0000000000000000e+00,0.0000000000000000e+00,0.0000000000000000e+00,0.0000000000000000e+00,0.0000000000000000e+00,0.0000000000000000e+00,0.0000000000000000e+00,0.0000000000000000e+00,0.0000000000000000e+00,0.0000000000000000e+00,0.0000000000000000e+00,0.0000000000000000e+00,0.0000000000000000e+00,0.0000000000000000e+00,0.0000000000000000e+00,0.0000000000000000e+00,0.0000000000000000e+00,0.0000000000000000e+00,0.0000000000000000e+00,0.0000000000000000e+00,0.0000000000000000e+00,0.0000000000000000e+00,0.0000000000000000e+00,0.0000000000000000e+00,0.0000000000000000e+00,0.0000000000000000e+00,0.0000000000000000e+00,0.0000000000000000e+00,0.0000000000000000e+00,0.0000000000000000e+00,0.0000000000000000e+00,0.0000000000000000e+00,0.0000000000000000e+00,0.0000000000000000e+00,0.0000000000000000e+00,0.0000000000000000e+00,0.0000000000000000e+00,0.0000000000000000e+00,0.0000000000000000e+00,0.0000000000000000e+00,0.0000000000000000e+00,0.0000000000000000e+00,0.0000000000000000e+00,0.0000000000000000e+00,0.0000000000000000e+00,0.0000000000000000e+00,0.0000000000000000e+00,0.0000000000000000e+00,0.0000000000000000e+00,0.0000000000000000e+00,0.0000000000000000e+00,0.0000000000000000e+00,0.0000000000000000e+00,0.0000000000000000e+00,0.0000000000000000e+00,0.0000000000000000e+00,0.0000000000000000e+00,0.0000000000000000e+00,0.0000000000000000e+00,0.0000000000000000e+00,0.0000000000000000e+00,0.0000000000000000e+00,0.0000000000000000e+00,0.0000000000000000e+00,0.0000000000000000e+00,0.0000000000000000e+00,0.0000000000000000e+00,0.0000000000000000e+00,0.0000000000000000e+00,0.0000000000000000e+00,0.0000000000000000e+00,0.0000000000000000e+00,0.0000000000000000e+00,0.0000000000000000e+00,0.0000000000000000e+00,0.0000000000000000e+00,0.0000000000000000e+00,0.0000000000000000e+00,0.0000000000000000e+00,0.0000000000000000e+00,0.0000000000000000e+00,0.0000000000000000e+00,0.0000000000000000e+00,0.0000000000000000e+00,0.0000000000000000e+00,0.0000000000000000e+00,0.0000000000000000e+00,0.0000000000000000e+00,0.0000000000000000e+00,0.0000000000000000e+00,0.0000000000000000e+00,0.0000000000000000e+00,0.0000000000000000e+00,0.0000000000000000e+00,0.0000000000000000e+00,0.0000000000000000e+00,0.0000000000000000e+00,0.0000000000000000e+00,0.0000000000000000e+00,0.0000000000000000e+00,0.0000000000000000e+00,0.0000000000000000e+00,0.0000000000000000e+00,0.0000000000000000e+00,0.0000000000000000e+00,0.0000000000000000e+00,0.0000000000000000e+00,0.0000000000000000e+00,0.0000000000000000e+00,0.0000000000000000e+00,0.0000000000000000e+00,0.0000000000000000e+00,0.0000000000000000e+00,0.0000000000000000e+00,0.0000000000000000e+00,0.0000000000000000e+00,0.0000000000000000e+00,0.0000000000000000e+00,0.0000000000000000e+00,0.0000000000000000e+00,0.0000000000000000e+00,0.0000000000000000e+00,0.0000000000000000e+00,0.0000000000000000e+00,0.0000000000000000e+00,0.0000000000000000e+00,0.0000000000000000e+00,0.0000000000000000e+00,0.0000000000000000e+00,0.0000000000000000e+00,0.0000000000000000e+00,0.0000000000000000e+00,0.0000000000000000e+00,0.0000000000000000e+00,0.0000000000000000e+00,0.0000000000000000e+00,0.0000000000000000e+00,0.0000000000000000e+00,0.0000000000000000e+00,0.0000000000000000e+00,0.0000000000000000e+00,0.0000000000000000e+00,0.0000000000000000e+00,0.0000000000000000e+00,0.0000000000000000e+00,0.0000000000000000e+00,0.0000000000000000e+00,0.0000000000000000e+00,0.0000000000000000e+00,0.0000000000000000e+00,0.0000000000000000e+00,0.0000000000000000e+00,0.0000000000000000e+00,0.0000000000000000e+00,0.0000000000000000e+00,0.0000000000000000e+00,0.0000000000000000e+00,0.0000000000000000e+00,0.0000000000000000e+00,0.0000000000000000e+00,0.0000000000000000e+00,0.0000000000000000e+00,0.0000000000000000e+00,0.0000000000000000e+00,0.0000000000000000e+00,0.0000000000000000e+00,0.0000000000000000e+00,0.0000000000000000e+00,0.0000000000000000e+00,0.0000000000000000e+00,0.0000000000000000e+00,0.0000000000000000e+00,0.0000000000000000e+00,0.0000000000000000e+00,0.0000000000000000e+00,0.0000000000000000e+00,0.0000000000000000e+00,0.0000000000000000e+00,0.0000000000000000e+00,0.0000000000000000e+00,0.0000000000000000e+00,0.0000000000000000e+00,0.0000000000000000e+00,0.0000000000000000e+00,0.0000000000000000e+00,0.0000000000000000e+00,0.0000000000000000e+00,0.0000000000000000e+00,0.0000000000000000e+00,0.0000000000000000e+00,0.0000000000000000e+00,0.0000000000000000e+00,0.0000000000000000e+00,0.0000000000000000e+00,0.0000000000000000e+00,0.0000000000000000e+00,0.0000000000000000e+00,0.0000000000000000e+00,0.0000000000000000e+00,0.0000000000000000e+00,0.0000000000000000e+00,0.0000000000000000e+00,0.0000000000000000e+00,0.0000000000000000e+00,0.0000000000000000e+00,0.0000000000000000e+00,0.0000000000000000e+00,0.0000000000000000e+00,0.0000000000000000e+00,0.0000000000000000e+00,0.0000000000000000e+00,0.0000000000000000e+00,0.0000000000000000e+00,0.0000000000000000e+00,0.0000000000000000e+00,0.0000000000000000e+00,0.0000000000000000e+00,0.0000000000000000e+00,0.0000000000000000e+00,0.0000000000000000e+00,0.0000000000000000e+00,0.0000000000000000e+00,0.0000000000000000e+00,0.0000000000000000e+00,0.0000000000000000e+00,0.0000000000000000e+00,0.0000000000000000e+00,0.0000000000000000e+00,0.0000000000000000e+00,0.0000000000000000e+00,0.0000000000000000e+00,0.0000000000000000e+00,0.0000000000000000e+00,0.0000000000000000e+00,0.0000000000000000e+00,0.0000000000000000e+00,0.0000000000000000e+00,0.0000000000000000e+00,0.0000000000000000e+00,0.0000000000000000e+00,0.0000000000000000e+00,0.0000000000000000e+00,0.0000000000000000e+00,0.0000000000000000e+00
0.0000000000000000e+00,0.0000000000000000e+00,0.0000000000000000e+00,0.0000000000000000e+00,0.0000000000000000e+00,0.0000000000000000e+00,0.0000000000000000e+00,0.0000000000000000e+00,0.0000000000000000e+00,0.0000000000000000e+00,0.0000000000000000e+00,0.0000000000000000e+00,0.0000000000000000e+00,0.0000000000000000e+00,0.0000000000000000e+00,0.0000000000000000e+00,0.0000000000000000e+00,0.0000000000000000e+00,0.0000000000000000e+00,0.0000000000000000e+00,0.0000000000000000e+00,0.0000000000000000e+00,0.0000000000000000e+00,0.0000000000000000e+00,0.0000000000000000e+00,0.0000000000000000e+00,0.0000000000000000e+00,0.0000000000000000e+00,0.0000000000000000e+00,0.0000000000000000e+00,0.0000000000000000e+00,0.0000000000000000e+00,0.0000000000000000e+00,0.0000000000000000e+00,0.0000000000000000e+00,0.0000000000000000e+00,0.0000000000000000e+00,0.0000000000000000e+00,0.0000000000000000e+00,0.0000000000000000e+00,0.0000000000000000e+00,0.0000000000000000e+00,0.0000000000000000e+00,0.0000000000000000e+00,0.0000000000000000e+00,0.0000000000000000e+00,0.0000000000000000e+00,0.0000000000000000e+00,0.0000000000000000e+00,0.0000000000000000e+00,0.0000000000000000e+00,0.0000000000000000e+00,0.0000000000000000e+00,0.0000000000000000e+00,0.0000000000000000e+00,0.0000000000000000e+00,0.0000000000000000e+00,0.0000000000000000e+00,0.0000000000000000e+00,0.0000000000000000e+00,0.0000000000000000e+00,0.0000000000000000e+00,0.0000000000000000e+00,0.0000000000000000e+00,0.0000000000000000e+00,0.0000000000000000e+00,0.0000000000000000e+00,0.0000000000000000e+00,0.0000000000000000e+00,0.0000000000000000e+00,0.0000000000000000e+00,0.0000000000000000e+00,0.0000000000000000e+00,0.0000000000000000e+00,0.0000000000000000e+00,0.0000000000000000e+00,0.0000000000000000e+00,0.0000000000000000e+00,0.0000000000000000e+00,0.0000000000000000e+00,0.0000000000000000e+00,0.0000000000000000e+00,0.0000000000000000e+00,0.0000000000000000e+00,0.0000000000000000e+00,0.0000000000000000e+00,0.0000000000000000e+00,0.0000000000000000e+00,0.0000000000000000e+00,0.0000000000000000e+00,0.0000000000000000e+00,0.0000000000000000e+00,0.0000000000000000e+00,0.0000000000000000e+00,0.0000000000000000e+00,0.0000000000000000e+00,0.0000000000000000e+00,0.0000000000000000e+00,0.0000000000000000e+00,0.0000000000000000e+00,0.0000000000000000e+00,0.0000000000000000e+00,0.0000000000000000e+00,0.0000000000000000e+00,0.0000000000000000e+00,0.0000000000000000e+00,0.0000000000000000e+00,0.0000000000000000e+00,0.0000000000000000e+00,0.0000000000000000e+00,0.0000000000000000e+00,0.0000000000000000e+00,0.0000000000000000e+00,0.0000000000000000e+00,0.0000000000000000e+00,0.0000000000000000e+00,0.0000000000000000e+00,0.0000000000000000e+00,0.0000000000000000e+00,0.0000000000000000e+00,0.0000000000000000e+00,0.0000000000000000e+00,0.0000000000000000e+00,0.0000000000000000e+00,0.0000000000000000e+00,0.0000000000000000e+00,0.0000000000000000e+00,0.0000000000000000e+00,0.0000000000000000e+00,0.0000000000000000e+00,0.0000000000000000e+00,0.0000000000000000e+00,0.0000000000000000e+00,0.0000000000000000e+00,0.0000000000000000e+00,0.0000000000000000e+00,0.0000000000000000e+00,0.0000000000000000e+00,0.0000000000000000e+00,0.0000000000000000e+00,0.0000000000000000e+00,0.0000000000000000e+00,0.0000000000000000e+00,0.0000000000000000e+00,0.0000000000000000e+00,0.0000000000000000e+00,0.0000000000000000e+00,0.0000000000000000e+00,0.0000000000000000e+00,0.0000000000000000e+00,0.0000000000000000e+00,0.0000000000000000e+00,0.0000000000000000e+00,0.0000000000000000e+00,0.0000000000000000e+00,0.0000000000000000e+00,0.0000000000000000e+00,0.0000000000000000e+00,0.0000000000000000e+00,0.0000000000000000e+00,0.0000000000000000e+00,0.0000000000000000e+00,0.0000000000000000e+00,0.0000000000000000e+00,0.0000000000000000e+00,0.0000000000000000e+00,0.0000000000000000e+00,0.0000000000000000e+00,0.0000000000000000e+00,0.0000000000000000e+00,0.0000000000000000e+00,0.0000000000000000e+00,0.0000000000000000e+00,0.0000000000000000e+00,0.0000000000000000e+00,0.0000000000000000e+00,0.0000000000000000e+00,0.0000000000000000e+00,0.0000000000000000e+00,0.0000000000000000e+00,0.0000000000000000e+00,0.0000000000000000e+00,0.0000000000000000e+00,0.0000000000000000e+00,0.0000000000000000e+00,0.0000000000000000e+00,0.0000000000000000e+00,0.0000000000000000e+00,0.0000000000000000e+00,0.0000000000000000e+00,0.0000000000000000e+00,0.0000000000000000e+00,0.0000000000000000e+00,0.0000000000000000e+00,0.0000000000000000e+00,0.0000000000000000e+00,0.0000000000000000e+00,0.0000000000000000e+00,0.0000000000000000e+00,0.0000000000000000e+00,0.0000000000000000e+00,0.0000000000000000e+00,0.0000000000000000e+00,0.0000000000000000e+00,0.0000000000000000e+00,0.0000000000000000e+00,0.0000000000000000e+00,0.0000000000000000e+00,0.0000000000000000e+00,0.0000000000000000e+00,0.0000000000000000e+00,0.0000000000000000e+00,0.0000000000000000e+00,0.0000000000000000e+00,0.0000000000000000e+00,0.0000000000000000e+00,0.0000000000000000e+00,0.0000000000000000e+00,0.0000000000000000e+00,0.0000000000000000e+00,0.0000000000000000e+00,0.0000000000000000e+00,0.0000000000000000e+00,0.0000000000000000e+00,0.0000000000000000e+00,0.0000000000000000e+00,0.0000000000000000e+00,0.0000000000000000e+00,0.0000000000000000e+00,0.0000000000000000e+00,0.0000000000000000e+00,0.0000000000000000e+00,0.0000000000000000e+00,0.0000000000000000e+00,0.0000000000000000e+00,0.0000000000000000e+00,0.0000000000000000e+00,0.0000000000000000e+00,0.0000000000000000e+00,0.0000000000000000e+00,0.0000000000000000e+00,0.0000000000000000e+00,0.0000000000000000e+00,0.0000000000000000e+00,0.0000000000000000e+00,0.0000000000000000e+00,0.0000000000000000e+00,0.0000000000000000e+00,0.0000000000000000e+00,0.0000000000000000e+00,0.0000000000000000e+00,0.0000000000000000e+00,0.0000000000000000e+00,0.0000000000000000e+00,0.0000000000000000e+00,0.0000000000000000e+00,0.0000000000000000e+00,0.0000000000000000e+00,0.0000000000000000e+00,0.0000000000000000e+00,0.0000000000000000e+00,0.0000000000000000e+00,0.0000000000000000e+00,0.0000000000000000e+00,0.0000000000000000e+00,0.0000000000000000e+00,0.0000000000000000e+00,0.0000000000000000e+00,0.0000000000000000e+00,0.0000000000000000e+00,0.0000000000000000e+00,0.0000000000000000e+00,0.0000000000000000e+00,0.0000000000000000e+00,0.0000000000000000e+00,0.0000000000000000e+00,0.0000000000000000e+00,0.0000000000000000e+00,0.0000000000000000e+00,0.0000000000000000e+00,0.0000000000000000e+00,0.0000000000000000e+00,0.0000000000000000e+00,0.0000000000000000e+00,0.0000000000000000e+00,0.0000000000000000e+00,0.0000000000000000e+00,0.0000000000000000e+00,0.0000000000000000e+00,0.0000000000000000e+00,0.0000000000000000e+00,0.0000000000000000e+00,0.0000000000000000e+00,0.0000000000000000e+00,0.0000000000000000e+00,0.0000000000000000e+00,0.0000000000000000e+00,0.0000000000000000e+00,0.0000000000000000e+00,0.0000000000000000e+00,0.0000000000000000e+00,0.0000000000000000e+00,0.0000000000000000e+00,0.0000000000000000e+00,0.0000000000000000e+00,0.0000000000000000e+00,0.0000000000000000e+00,0.0000000000000000e+00,0.0000000000000000e+00,0.0000000000000000e+00,0.0000000000000000e+00,0.0000000000000000e+00,0.0000000000000000e+00,0.0000000000000000e+00,0.0000000000000000e+00,0.0000000000000000e+00,0.0000000000000000e+00,0.0000000000000000e+00,0.0000000000000000e+00,0.0000000000000000e+00,0.0000000000000000e+00,0.0000000000000000e+00,0.0000000000000000e+00,0.0000000000000000e+00,0.0000000000000000e+00,0.0000000000000000e+00,0.0000000000000000e+00,0.0000000000000000e+00,0.0000000000000000e+00,0.0000000000000000e+00,0.0000000000000000e+00,0.0000000000000000e+00,0.0000000000000000e+00,0.0000000000000000e+00,0.0000000000000000e+00,0.0000000000000000e+00,0.0000000000000000e+00,0.0000000000000000e+00,0.0000000000000000e+00,0.0000000000000000e+00,0.0000000000000000e+00,0.0000000000000000e+00,0.0000000000000000e+00,0.0000000000000000e+00,0.0000000000000000e+00,0.0000000000000000e+00,0.0000000000000000e+00,0.0000000000000000e+00,0.0000000000000000e+00,0.0000000000000000e+00,0.0000000000000000e+00,0.0000000000000000e+00,0.0000000000000000e+00,0.0000000000000000e+00,0.0000000000000000e+00,0.0000000000000000e+00,0.0000000000000000e+00,0.0000000000000000e+00,0.0000000000000000e+00,0.0000000000000000e+00,0.0000000000000000e+00,0.0000000000000000e+00,0.0000000000000000e+00,0.0000000000000000e+00,0.0000000000000000e+00,0.0000000000000000e+00,0.0000000000000000e+00,0.0000000000000000e+00,0.0000000000000000e+00,0.0000000000000000e+00,0.0000000000000000e+00,0.0000000000000000e+00,0.0000000000000000e+00,0.0000000000000000e+00,0.0000000000000000e+00,0.0000000000000000e+00,0.0000000000000000e+00,0.0000000000000000e+00,0.0000000000000000e+00,0.0000000000000000e+00,0.0000000000000000e+00,0.0000000000000000e+00,0.0000000000000000e+00,0.0000000000000000e+00,0.0000000000000000e+00,0.0000000000000000e+00,0.0000000000000000e+00,0.0000000000000000e+00,0.0000000000000000e+00,0.0000000000000000e+00,0.0000000000000000e+00,0.0000000000000000e+00,0.0000000000000000e+00,0.0000000000000000e+00,0.0000000000000000e+00,0.0000000000000000e+00,0.0000000000000000e+00,0.0000000000000000e+00,0.0000000000000000e+00,0.0000000000000000e+00,0.0000000000000000e+00,0.0000000000000000e+00,0.0000000000000000e+00,0.0000000000000000e+00,0.0000000000000000e+00,0.0000000000000000e+00,0.0000000000000000e+00,0.0000000000000000e+00,0.0000000000000000e+00,0.0000000000000000e+00,0.0000000000000000e+00,0.0000000000000000e+00,0.0000000000000000e+00,0.0000000000000000e+00,0.0000000000000000e+00,0.0000000000000000e+00,0.0000000000000000e+00,0.0000000000000000e+00,0.0000000000000000e+00,0.0000000000000000e+00,0.0000000000000000e+00,0.0000000000000000e+00,0.0000000000000000e+00,0.0000000000000000e+00,0.0000000000000000e+00,0.0000000000000000e+00,0.0000000000000000e+00,0.0000000000000000e+00,0.0000000000000000e+00,0.0000000000000000e+00,0.0000000000000000e+00,0.0000000000000000e+00,0.0000000000000000e+00,0.0000000000000000e+00,0.0000000000000000e+00,0.0000000000000000e+00,0.0000000000000000e+00,0.0000000000000000e+00,0.0000000000000000e+00,0.0000000000000000e+00,0.0000000000000000e+00,0.0000000000000000e+00,0.0000000000000000e+00,0.0000000000000000e+00,0.0000000000000000e+00,0.0000000000000000e+00,0.0000000000000000e+00,0.0000000000000000e+00,0.0000000000000000e+00,0.0000000000000000e+00,0.0000000000000000e+00,0.0000000000000000e+00,0.0000000000000000e+00,0.0000000000000000e+00,0.0000000000000000e+00,0.0000000000000000e+00,0.0000000000000000e+00,0.0000000000000000e+00,0.0000000000000000e+00,0.0000000000000000e+00,0.0000000000000000e+00,0.0000000000000000e+00,0.0000000000000000e+00,0.0000000000000000e+00,0.0000000000000000e+00,0.0000000000000000e+00,0.0000000000000000e+00,0.0000000000000000e+00,0.0000000000000000e+00,0.0000000000000000e+00,0.0000000000000000e+00,0.0000000000000000e+00,0.0000000000000000e+00,0.0000000000000000e+00,0.0000000000000000e+00,0.0000000000000000e+00,0.0000000000000000e+00,0.0000000000000000e+00,0.0000000000000000e+00,0.0000000000000000e+00,0.0000000000000000e+00,0.0000000000000000e+00,0.0000000000000000e+00,0.0000000000000000e+00,0.0000000000000000e+00,0.0000000000000000e+00,0.0000000000000000e+00,0.0000000000000000e+00,0.0000000000000000e+00,0.0000000000000000e+00,0.0000000000000000e+00,0.0000000000000000e+00,0.0000000000000000e+00,0.0000000000000000e+00,0.0000000000000000e+00,0.0000000000000000e+00,0.0000000000000000e+00,0.0000000000000000e+00,0.0000000000000000e+00,0.0000000000000000e+00,0.0000000000000000e+00,0.0000000000000000e+00,0.0000000000000000e+00,0.0000000000000000e+00,0.0000000000000000e+00,0.0000000000000000e+00,0.0000000000000000e+00,0.0000000000000000e+00,0.0000000000000000e+00,0.0000000000000000e+00,0.0000000000000000e+00,0.0000000000000000e+00,0.0000000000000000e+00,0.0000000000000000e+00,0.0000000000000000e+00,0.0000000000000000e+00,0.0000000000000000e+00,0.0000000000000000e+00,0.0000000000000000e+00,0.0000000000000000e+00,0.0000000000000000e+00,0.0000000000000000e+00,0.0000000000000000e+00,0.0000000000000000e+00,0.0000000000000000e+00,0.0000000000000000e+00,0.0000000000000000e+00,0.0000000000000000e+00,0.0000000000000000e+00,0.0000000000000000e+00,0.0000000000000000e+00,0.0000000000000000e+00,0.0000000000000000e+00,0.0000000000000000e+00,0.0000000000000000e+00,0.0000000000000000e+00,0.0000000000000000e+00,0.0000000000000000e+00,0.0000000000000000e+00,0.0000000000000000e+00,0.0000000000000000e+00,0.0000000000000000e+00,0.0000000000000000e+00,0.0000000000000000e+00,0.0000000000000000e+00,0.0000000000000000e+00,0.0000000000000000e+00,0.0000000000000000e+00,0.0000000000000000e+00,0.0000000000000000e+00,0.0000000000000000e+00,0.0000000000000000e+00,0.0000000000000000e+00,0.0000000000000000e+00,0.0000000000000000e+00,0.0000000000000000e+00,0.0000000000000000e+00,0.0000000000000000e+00,0.0000000000000000e+00,0.0000000000000000e+00,0.0000000000000000e+00,0.0000000000000000e+00,0.0000000000000000e+00,0.0000000000000000e+00,0.0000000000000000e+00,0.0000000000000000e+00,0.0000000000000000e+00,0.0000000000000000e+00,0.0000000000000000e+00,0.0000000000000000e+00,0.0000000000000000e+00,0.0000000000000000e+00,0.0000000000000000e+00,0.0000000000000000e+00,0.0000000000000000e+00,0.0000000000000000e+00,0.0000000000000000e+00,0.0000000000000000e+00,0.0000000000000000e+00,0.0000000000000000e+00,0.0000000000000000e+00,0.0000000000000000e+00,0.0000000000000000e+00,0.0000000000000000e+00,0.0000000000000000e+00,0.0000000000000000e+00,0.0000000000000000e+00,0.0000000000000000e+00,0.0000000000000000e+00,0.0000000000000000e+00,0.0000000000000000e+00,0.0000000000000000e+00,0.0000000000000000e+00,0.0000000000000000e+00,0.0000000000000000e+00,0.0000000000000000e+00,0.0000000000000000e+00,0.0000000000000000e+00,0.0000000000000000e+00,0.0000000000000000e+00,0.0000000000000000e+00,0.0000000000000000e+00,0.0000000000000000e+00,0.0000000000000000e+00,0.0000000000000000e+00,0.0000000000000000e+00,0.0000000000000000e+00,0.0000000000000000e+00,0.0000000000000000e+00,0.0000000000000000e+00,0.0000000000000000e+00,0.0000000000000000e+00,0.0000000000000000e+00,0.0000000000000000e+00,0.0000000000000000e+00,0.0000000000000000e+00,0.0000000000000000e+00,0.0000000000000000e+00,0.0000000000000000e+00,0.0000000000000000e+00,0.0000000000000000e+00,0.0000000000000000e+00,0.0000000000000000e+00,0.0000000000000000e+00,0.0000000000000000e+00,0.0000000000000000e+00,0.0000000000000000e+00,0.0000000000000000e+00,0.0000000000000000e+00,0.0000000000000000e+00,0.0000000000000000e+00,0.0000000000000000e+00,0.0000000000000000e+00,0.0000000000000000e+00,0.0000000000000000e+00,0.0000000000000000e+00,0.0000000000000000e+00,0.0000000000000000e+00,0.0000000000000000e+00,0.0000000000000000e+00,0.0000000000000000e+00,0.0000000000000000e+00,0.0000000000000000e+00,0.0000000000000000e+00,0.0000000000000000e+00,0.0000000000000000e+00,0.0000000000000000e+00,0.0000000000000000e+00,0.0000000000000000e+00,0.0000000000000000e+00,0.0000000000000000e+00,0.0000000000000000e+00,0.0000000000000000e+00,0.0000000000000000e+00,0.0000000000000000e+00,0.0000000000000000e+00,0.0000000000000000e+00,0.0000000000000000e+00,0.0000000000000000e+00,0.0000000000000000e+00,0.0000000000000000e+00,0.0000000000000000e+00,0.0000000000000000e+00,0.0000000000000000e+00,0.0000000000000000e+00,0.0000000000000000e+00,0.0000000000000000e+00,0.0000000000000000e+00,0.0000000000000000e+00,0.0000000000000000e+00,0.0000000000000000e+00,0.0000000000000000e+00,0.0000000000000000e+00,0.0000000000000000e+00,0.0000000000000000e+00,0.0000000000000000e+00,0.0000000000000000e+00,0.0000000000000000e+00,0.0000000000000000e+00,0.0000000000000000e+00,0.0000000000000000e+00,0.0000000000000000e+00,0.0000000000000000e+00,0.0000000000000000e+00,0.0000000000000000e+00,0.0000000000000000e+00,0.0000000000000000e+00,0.0000000000000000e+00,0.0000000000000000e+00,0.0000000000000000e+00,0.0000000000000000e+00,0.0000000000000000e+00,0.0000000000000000e+00,0.0000000000000000e+00,0.0000000000000000e+00,0.0000000000000000e+00,0.0000000000000000e+00,0.0000000000000000e+00,0.0000000000000000e+00,0.0000000000000000e+00,0.0000000000000000e+00,0.0000000000000000e+00,0.0000000000000000e+00,0.0000000000000000e+00,0.0000000000000000e+00,0.0000000000000000e+00,0.0000000000000000e+00,0.0000000000000000e+00,0.0000000000000000e+00,0.0000000000000000e+00,0.0000000000000000e+00,0.0000000000000000e+00,0.0000000000000000e+00,0.0000000000000000e+00,0.0000000000000000e+00,0.0000000000000000e+00,0.0000000000000000e+00,0.0000000000000000e+00,0.0000000000000000e+00,0.0000000000000000e+00,0.0000000000000000e+00,0.0000000000000000e+00,0.0000000000000000e+00,0.0000000000000000e+00,0.0000000000000000e+00,0.0000000000000000e+00,0.0000000000000000e+00,0.0000000000000000e+00,0.0000000000000000e+00,0.0000000000000000e+00,0.0000000000000000e+00,0.0000000000000000e+00,0.0000000000000000e+00,0.0000000000000000e+00,0.0000000000000000e+00,0.0000000000000000e+00,0.0000000000000000e+00,0.0000000000000000e+00,0.0000000000000000e+00,0.0000000000000000e+00,0.0000000000000000e+00,0.0000000000000000e+00,0.0000000000000000e+00,0.0000000000000000e+00,0.0000000000000000e+00,0.0000000000000000e+00,0.0000000000000000e+00,0.0000000000000000e+00,0.0000000000000000e+00,0.0000000000000000e+00,0.0000000000000000e+00,0.0000000000000000e+00,0.0000000000000000e+00,0.0000000000000000e+00,0.0000000000000000e+00,0.0000000000000000e+00,0.0000000000000000e+00,0.0000000000000000e+00,0.0000000000000000e+00,0.0000000000000000e+00,0.0000000000000000e+00,0.0000000000000000e+00,0.0000000000000000e+00,0.0000000000000000e+00,0.0000000000000000e+00,0.0000000000000000e+00,0.0000000000000000e+00,0.0000000000000000e+00,0.0000000000000000e+00,0.0000000000000000e+00,0.0000000000000000e+00,0.0000000000000000e+00,0.0000000000000000e+00,0.0000000000000000e+00,0.0000000000000000e+00,0.0000000000000000e+00,0.0000000000000000e+00,0.0000000000000000e+00,0.0000000000000000e+00,0.0000000000000000e+00,0.0000000000000000e+00,0.0000000000000000e+00,0.0000000000000000e+00,0.0000000000000000e+00,0.0000000000000000e+00,0.0000000000000000e+00,0.0000000000000000e+00,0.0000000000000000e+00,0.0000000000000000e+00,0.0000000000000000e+00,0.0000000000000000e+00,0.0000000000000000e+00,0.0000000000000000e+00,0.0000000000000000e+00,0.0000000000000000e+00,0.0000000000000000e+00,0.0000000000000000e+00,0.0000000000000000e+00,0.0000000000000000e+00,0.0000000000000000e+00,0.0000000000000000e+00,0.0000000000000000e+00,0.0000000000000000e+00,0.0000000000000000e+00,0.0000000000000000e+00,0.0000000000000000e+00,0.0000000000000000e+00,0.0000000000000000e+00,0.0000000000000000e+00,0.0000000000000000e+00,0.0000000000000000e+00,0.0000000000000000e+00,0.0000000000000000e+00,0.0000000000000000e+00,0.0000000000000000e+00,0.0000000000000000e+00,0.0000000000000000e+00,0.0000000000000000e+00,0.0000000000000000e+00,0.0000000000000000e+00,0.0000000000000000e+00,0.0000000000000000e+00,0.0000000000000000e+00,0.0000000000000000e+00,0.0000000000000000e+00,0.0000000000000000e+00,0.0000000000000000e+00,0.0000000000000000e+00,0.0000000000000000e+00,0.0000000000000000e+00,0.0000000000000000e+00,0.0000000000000000e+00,0.0000000000000000e+00,0.0000000000000000e+00,0.0000000000000000e+00,0.0000000000000000e+00,0.0000000000000000e+00,0.0000000000000000e+00,0.0000000000000000e+00,0.0000000000000000e+00,0.0000000000000000e+00,0.0000000000000000e+00,0.0000000000000000e+00,0.0000000000000000e+00,0.0000000000000000e+00,0.0000000000000000e+00,0.0000000000000000e+00,0.0000000000000000e+00,0.0000000000000000e+00,0.0000000000000000e+00,0.0000000000000000e+00,0.0000000000000000e+00,0.0000000000000000e+00,0.0000000000000000e+00,0.0000000000000000e+00,0.0000000000000000e+00,0.0000000000000000e+00,0.0000000000000000e+00,0.0000000000000000e+00,0.0000000000000000e+00,0.0000000000000000e+00,0.0000000000000000e+00,0.0000000000000000e+00,0.0000000000000000e+00,0.0000000000000000e+00,0.0000000000000000e+00,0.0000000000000000e+00,0.0000000000000000e+00,0.0000000000000000e+00,0.0000000000000000e+00,0.0000000000000000e+00,0.0000000000000000e+00,0.0000000000000000e+00,0.0000000000000000e+00,0.0000000000000000e+00,0.0000000000000000e+00,0.0000000000000000e+00,0.0000000000000000e+00,0.0000000000000000e+00,0.0000000000000000e+00,0.0000000000000000e+00,0.0000000000000000e+00,0.0000000000000000e+00,0.0000000000000000e+00,0.0000000000000000e+00,0.0000000000000000e+00,0.0000000000000000e+00,0.0000000000000000e+00,0.0000000000000000e+00,0.0000000000000000e+00,0.0000000000000000e+00,0.0000000000000000e+00,0.0000000000000000e+00,0.0000000000000000e+00,0.0000000000000000e+00,0.0000000000000000e+00,0.0000000000000000e+00,0.0000000000000000e+00,0.0000000000000000e+00,0.0000000000000000e+00,0.0000000000000000e+00,0.0000000000000000e+00,0.0000000000000000e+00,0.0000000000000000e+00,0.0000000000000000e+00,0.0000000000000000e+00,0.0000000000000000e+00,0.0000000000000000e+00,0.0000000000000000e+00,0.0000000000000000e+00,0.0000000000000000e+00,0.0000000000000000e+00,0.0000000000000000e+00,0.0000000000000000e+00,0.0000000000000000e+00,0.0000000000000000e+00,0.0000000000000000e+00,0.0000000000000000e+00,0.0000000000000000e+00,0.0000000000000000e+00,0.0000000000000000e+00,0.0000000000000000e+00,0.0000000000000000e+00,0.0000000000000000e+00,0.0000000000000000e+00,0.0000000000000000e+00,0.0000000000000000e+00,0.0000000000000000e+00,0.0000000000000000e+00,0.0000000000000000e+00,0.0000000000000000e+00,0.0000000000000000e+00,0.0000000000000000e+00,0.0000000000000000e+00,0.0000000000000000e+00,0.0000000000000000e+00,0.0000000000000000e+00,0.0000000000000000e+00,0.0000000000000000e+00,0.0000000000000000e+00,0.0000000000000000e+00,0.0000000000000000e+00,0.0000000000000000e+00,0.0000000000000000e+00,0.0000000000000000e+00,0.0000000000000000e+00,0.0000000000000000e+00,0.0000000000000000e+00,0.0000000000000000e+00,0.0000000000000000e+00,0.0000000000000000e+00,0.0000000000000000e+00,0.0000000000000000e+00,0.0000000000000000e+00,0.0000000000000000e+00,0.0000000000000000e+00,0.0000000000000000e+00,0.0000000000000000e+00,0.0000000000000000e+00,0.0000000000000000e+00,0.0000000000000000e+00,0.0000000000000000e+00,0.0000000000000000e+00,0.0000000000000000e+00,0.0000000000000000e+00,0.0000000000000000e+00,0.0000000000000000e+00,0.0000000000000000e+00,0.0000000000000000e+00,0.0000000000000000e+00,0.0000000000000000e+00,0.0000000000000000e+00,0.0000000000000000e+00,0.0000000000000000e+00,0.0000000000000000e+00,0.0000000000000000e+00,0.0000000000000000e+00,0.0000000000000000e+00,0.0000000000000000e+00,0.0000000000000000e+00,0.0000000000000000e+00,0.0000000000000000e+00,0.0000000000000000e+00,0.0000000000000000e+00,0.0000000000000000e+00,0.0000000000000000e+00,0.0000000000000000e+00,0.0000000000000000e+00,0.0000000000000000e+00,0.0000000000000000e+00,0.0000000000000000e+00,0.0000000000000000e+00,0.0000000000000000e+00,0.0000000000000000e+00,0.0000000000000000e+00,0.0000000000000000e+00,0.0000000000000000e+00,0.0000000000000000e+00,0.0000000000000000e+00,0.0000000000000000e+00
1.7968876228919313e+00,2.4670073639242398e+00,1.7968876228919313e+00,1.7968876228919313e+00,2.4670073639242398e+00,4.3025336988905645e+00,1.7968876228919313e+00,1.7968876228919313e+00,2.4670073639242398e+00,1.7968876228919313e+00,1.7968876228919313e+00,3.5288846462357615e+00,3.5288846462357615e+00,3.5288846462357615e+00,1.7968876228919313e+00,5.3599570159153647e+00,5.3599570159153647e+00,3.5288846462357615e+00,3.5288846462357615e+00,4.3025336988905645e+00,2.4670073639242398e+00,1.7968876228919313e+00,3.5288846462357615e+00,5.3599570159153647e+00,9.1846319263489284e-01,0.0000000000000000e+00,1.7968876228919313e+00,3.5288846462357615e+00,2.4670073639242398e+00,3.5288846462357615e+00,3.5288846462357615e+00,3.5288846462357615e+00,3.5288846462357615e+00,9.1846319263489284e-01,1.7968876228919313e+00,3.5288846462357615e+00,3.5288846462357615e+00,3.5288846462357615e+00,1.7968876228919313e+00,3.5288846462357615e+00,3.5288846462357615e+00,6.1253043435294492e+00,3.5288846462357615e+00,2.4670073639242398e+00,6.1253043435294492e+00,3.5288846462357615e+00,1.7968876228919313e+00,9.1846319263489284e-01,6.1253043435294492e+00,3.5288846462357615e+00,2.4670073639242398e+00,6.1253043435294492e+00,3.5288846462357615e+00,5.3599570159153647e+00,3.5288846462357615e+00,6.1253043435294492e+00,6.1253043435294492e+00,6.1253043435294492e+00,6.1253043435294492e+00,2.4670073639242398e+00,6.1253043435294492e+00,6.1253043435294492e+00,6.1253043435294492e+00,6.1253043435294492e+00,3.5288846462357615e+00,9.1846319263489284e-01,6.1253043435294492e+00,3.5288846462357615e+00,6.1253043435294492e+00,0.0000000000000000e+00,4.3025336988905645e+00,4.3025336988905645e+00,6.1253043435294492e+00,5.3599570159153647e+00,9.1846319263489284e-01,1.7968876228919313e+00,9.1846319263489284e-01,9.1846319263489284e-01,0.0000000000000000e+00,6.1253043435294492e+00,6.1253043435294492e+00,3.5288846462357615e+00,9.1846319263489284e-01,1.7968876228919313e+00,6.1253043435294492e+00,6.1253043435294492e+00,5.3599570159153647e+00,6.1253043435294492e+00,0.0000000000000000e+00,0.0000000000000000e+00,3.5288846462357615e+00,6.1253043435294492e+00,9.1846319263489284e-01,4.3025336988905645e+00,5.3599570159153647e+00,4.3025336988905645e+00,1.7968876228919313e+00,5.3599570159153647e+00,1.7968876228919313e+00,1.7968876228919313e+00,1.7968876228919313e+00,6.1253043435294492e+00,2.4670073639242398e+00,4.3025336988905645e+00,1.7968876228919313e+00,1.7968876228919313e+00,1.7968876228919313e+00,1.7968876228919313e+00,3.5288846462357615e+00,4.3025336988905645e+00,6.1253043435294492e+00,6.1253043435294492e+00,3.5288846462357615e+00,4.3025336988905645e+00,4.3025336988905645e+00,6.1253043435294492e+00,5.3599570159153647e+00,6.1253043435294492e+00,3.5288846462357615e+00,1.7968876228919313e+00,3.5288846462357615e+00,1.7968876228919313e+00,9.1846319263489284e-01,6.1253043435294492e+00,1.7968876228919313e+00,1.7968876228919313e+00,6.1253043435294492e+00,3.5288846462357615e+00,6.1253043435294492e+00,4.3025336988905645e+00,0.0000000000000000e+00,0.0000000000000000e+00,9.1846319263489284e-01,6.1253043435294492e+00,0.0000000000000000e+00,6.1253043435294492e+00,5.3599570159153647e+00,2.4670073639242398e+00,5.3599570159153647e+00,9.1846319263489284e-01,5.3599570159153647e+00,0.0000000000000000e+00,5.3599570159153647e+00,5.3599570159153647e+00,5.3599570159153647e+00,9.1846319263489284e-01,5.3599570159153647e+00,2.4670073639242398e+00,6.1253043435294492e+00,2.4670073639242398e+00,1.7968876228919313e+00,2.4670073639242398e+00,2.4670073639242398e+00,2.4670073639242398e+00,1.7968876228919313e+00,5.3599570159153647e+00,5.3599570159153647e+00,5.3599570159153647e+00,2.4670073639242398e+00,6.1253043435294492e+00,9.1846319263489284e-01,6.1253043435294492e+00,1.7968876228919313e+00,2.4670073639242398e+00,5.3599570159153647e+00,9.1846319263489284e-01,9.1846319263489284e-01,9.1846319263489284e-01,4.3025336988905645e+00,2.4670073639242398e+00,4.3025336988905645e+00,6.1253043435294492e+00,2.4670073639242398e+00,6.1253043435294492e+00,6.1253043435294492e+00,1.7968876228919313e+00,6.1253043435294492e+00,6.1253043435294492e+00,2.4670073639242398e+00,4.3025336988905645e+00,2.4670073639242398e+00,6.1253043435294492e+00,6.1253043435294492e+00,0.0000000000000000e+00,3.5288846462357615e+00,6.1253043435294492e+00,6.1253043435294492e+00,6.1253043435294492e+00,6.1253043435294492e+00,6.1253043435294492e+00,3.5288846462357615e+00,5.3599570159153647e+00,9.1846319263489284e-01,6.1253043435294492e+00,4.3025336988905645e+00,6.1253043435294492e+00,3.5288846462357615e+00,6.1253043435294492e+00,6.1253043435294492e+00,3.5288846462357615e+00,5.3599570159153647e+00,6.1253043435294492e+00,5.3599570159153647e+00,0.0000000000000000e+00,4.3025336988905645e+00,9.1846319263489284e-01,5.3599570159153647e+00,9.1846319263489284e-01,9.1846319263489284e-01,5.3599570159153647e+00,3.5288846462357615e+00,5.3599570159153647e+00,5.3599570159153647e+00,5.3599570159153647e+00,4.3025336988905645e+00,5.3599570159153647e+00,5.3599570159153647e+00,5.3599570159153647e+00,5.3599570159153647e+00,4.3025336988905645e+00,5.3599570159153647e+00,5.3599570159153647e+00,6.1253043435294492e+00,5.3599570159153647e+00,1.7968876228919313e+00,2.4670073639242398e+00,2.4670073639242398e+00,2.4670073639242398e+00,1.7968876228919313e+00,5.3599570159153647e+00,3.5288846462357615e+00,6.1253043435294492e+00,2.4670073639242398e+00,2.4670073639242398e+00,0.0000000000000000e+00,9.1846319263489284e-01,4.3025336988905645e+00,1.7968876228919313e+00,9.1846319263489284e-01,5.3599570159153647e+00,5.3599570159153647e+00,6.1253043435294492e+00,4.3025336988905645e+00,6.1253043435294492e+00,3.5288846462357615e+00,1.7968876228919313e+00,2.4670073639242398e+00,6.1253043435294492e+00,0.0000000000000000e+00,2.4670073639242398e+00,2.4670073639242398e+00,0.0000000000000000e+00,6.1253043435294492e+00,6.1253043435294492e+00,6.1253043435294492e+00,6.1253043435294492e+00,5.3599570159153647e+00,6.1253043435294492e+00,6.1253043435294492e+00,6.1253043435294492e+00,5.3599570159153647e+00,5.3599570159153647e+00,5.3599570159153647e+00,0.0000000000000000e+00,4.3025336988905645e+00,5.3599570159153647e+00,5.3599570159153647e+00,9.1846319263489284e-01,5.3599570159153647e+00,5.3599570159153647e+00,6.1253043435294492e+00,1.7968876228919313e+00,5.3599570159153647e+00,1.7968876228919313e+00,5.3599570159153647e+00,0.0000000000000000e+00,1.7968876228919313e+00,6.1253043435294492e+00,9.1846319263489284e-01,6.1253043435294492e+00,2.4670073639242398e+00,6.1253043435294492e+00,3.5288846462357615e+00,5.3599570159153647e+00,5.3599570159153647e+00,5.3599570159153647e+00,5.3599570159153647e+00,5.3599570159153647e+00,5.3599570159153647e+00,9.1846319263489284e-01,6.1253043435294492e+00,9.1846319263489284e-01,5.3599570159153647e+00,5.3599570159153647e+00,5.3599570159153647e+00,6.1253043435294492e+00,6.1253043435294492e+00,6.1253043435294492e+00,5.3599570159153647e+00,5.3599570159153647e+00,6.1253043435294492e+00,2.4670073639242398e+00,5.3599570159153647e+00,6.1253043435294492e+00,6.1253043435294492e+00,3.5288846462357615e+00,5.3599570159153647e+00,5.3599570159153647e+00,5.3599570159153647e+00,0.0000000000000000e+00,5.3599570159153647e+00,3.5288846462357615e+00,9.1846319263489284e-01,1.7968876228919313e+00,0.0000000000000000e+00,3.5288846462357615e+00,2.4670073639242398e+00,2.4670073639242398e+00,3.5288846462357615e+00,9.1846319263489284e-01,1.7968876228919313e+00,6.1253043435294492e+00,5.3599570159153647e+00,6.1253043435294492e+00,0.0000000000000000e+00,2.4670073639242398e+00,3.5288846462357615e+00,9.1846319263489284e-01,6.1253043435294492e+00,1.7968876228919313e+00,3.5288846462357615e+00,1.7968876228919313e+00,9.1846319263489284e-01,6.1253043435294492e+00,5.3599570159153647e+00,6.1253043435294492e+00,3.5288846462357615e+00,4.3025336988905645e+00,2.4670073639242398e+00,5.3599570159153647e+00,0.0000000000000000e+00,6.1253043435294492e+00,3.5288846462357615e+00,9.1846319263489284e-01,9.1846319263489284e-01,5.3599570159153647e+00,5.3599570159153647e+00,5.3599570159153647e+00,6.1253043435294492e+00,0.0000000000000000e+00,6.1253043435294492e+00,5.3599570159153647e+00,9.1846319263489284e-01,0.0000000000000000e+00,3.5288846462357615e+00,3.5288846462357615e+00,9.1846319263489284e-01,5.3599570159153647e+00,6.1253043435294492e+00,5.3599570159153647e+00,6.1253043435294492e+00,1.7968876228919313e+00,5.3599570159153647e+00,1.7968876228919313e+00,5.3599570159153647e+00,1.7968876228919313e+00,4.3025336988905645e+00,6.1253043435294492e+00,6.1253043435294492e+00,6.1253043435294492e+00,5.3599570159153647e+00,0.0000000000000000e+00,5.3599570159153647e+00,0.0000000000000000e+00,4.3025336988905645e+00,6.1253043435294492e+00,6.1253043435294492e+00,1.7968876228919313e+00,6.1253043435294492e+00,2.4670073639242398e+00,0.0000000000000000e+00,2.4670073639242398e+00,4.3025336988905645e+00,6.1253043435294492e+00,5.3599570159153647e+00,6.1253043435294492e+00,6.1253043435294492e+00,6.1253043435294492e+00,6.1253043435294492e+00,1.7968876228919313e+00,6.1253043435294492e+00,6.1253043435294492e+00,5.3599570159153647e+00,6.1253043435294492e+00,6.1253043435294492e+00,6.1253043435294492e+00,5.3599570159153647e+00,6.1253043435294492e+00,5.3599570159153647e+00,6.1253043435294492e+00,6.1253043435294492e+00,6.1253043435294492e+00,3.5288846462357615e+00,1.7968876228919313e+00,3.5288846462357615e+00,1.7968876228919313e+00,1.7968876228919313e+00,4.3025336988905645e+00,1.7968876228919313e+00,6.1253043435294492e+00,6.1253043435294492e+00,3.5288846462357615e+00,5.3599570159153647e+00,2.4670073639242398e+00,2.4670073639242398e+00,6.1253043435294492e+00,4.3025336988905645e+00,6.1253043435294492e+00,6.1253043435294492e+00,0.0000000000000000e+00,6.1253043435294492e+00,4.3025336988905645e+00,9.1846319263489284e-01,3.5288846462357615e+00,3.5288846462357615e+00,1.7968876228919313e+00,2.4670073639242398e+00,5.3599570159153647e+00,1.7968876228919313e+00,3.5288846462357615e+00,0.0000000000000000e+00,1.7968876228919313e+00,6.1253043435294492e+00,0.0000000000000000e+00,3.5288846462357615e+00,6.1253043435294492e+00,6.1253043435294492e+00,5.3599570159153647e+00,6.1253043435294492e+00,9.1846319263489284e-01,5.3599570159153647e+00,5.3599570159153647e+00,4.3025336988905645e+00,6.1253043435294492e+00,5.3599570159153647e+00,5.3599570159153647e+00,3.5288846462357615e+00,6.1253043435294492e+00,1.7968876228919313e+00,3.5288846462357615e+00,5.3599570159153647e+00,1.7968876228919313e+00,0.0000000000000000e+00,3.5288846462357615e+00,6.1253043435294492e+00,3.5288846462357615e+00,1.7968876228919313e+00,3.5288846462357615e+00,2.4670073639242398e+00,4.3025336988905645e+00,6.1253043435294492e+00,4.3025336988905645e+00,3.5288846462357615e+00,9.1846319263489284e-01,5.3599570159153647e+00,3.5288846462357615e+00,4.3025336988905645e+00,1.7968876228919313e+00,1.7968876228919313e+00,4.3025336988905645e+00,6.1253043435294492e+00,3.5288846462357615e+00,1.7968876228919313e+00,6.1253043435294492e+00,6.1253043435294492e+00,6.1253043435294492e+00,6.1253043435294492e+00,9.1846319263489284e-01,6.1253043435294492e+00,6.1253043435294492e+00,6.1253043435294492e+00,1.7968876228919313e+00,6.1253043435294492e+00,6.1253043435294492e+00,3.5288846462357615e+00,4.3025336988905645e+00,4.3025336988905645e+00,4.3025336988905645e+00,6.1253043435294492e+00,0.0000000000000000e+00,1.7968876228919313e+00,3.5288846462357615e+00,6.1253043435294492e+00,0.0000000000000000e+00,4.3025336988905645e+00,6.1253043435294492e+00,6.1253043435294492e+00,3.5288846462357615e+00,6.1253043435294492e+00,6.1253043435294492e+00,5.3599570159153647e+00,5.3599570159153647e+00,6.1253043435294492e+00,6.1253043435294492e+00,2.4670073639242398e+00,9.1846319263489284e-01,1.7968876228919313e+00,1.7968876228919313e+00,6.1253043435294492e+00,2.4670073639242398e+00,3.5288846462357615e+00,6.1253043435294492e+00,6.1253043435294492e+00,5.3599570159153647e+00,9.1846319263489284e-01,2.4670073639242398e+00,6.1253043435294492e+00,1.7968876228919313e+00,9.1846319263489284e-01,3.5288846462357615e+00,3.5288846462357615e+00,4.3025336988905645e+00,9.1846319263489284e-01,9.1846319263489284e-01,6.1253043435294492e+00,2.4670073639242398e+00,9.1846319263489284e-01,5.3599570159153647e+00,0.0000000000000000e+00,3.5288846462357615e+00,5.3599570159153647e+00,0.0000000000000000e+00,5.3599570159153647e+00,3.5288846462357615e+00,4.3025336988905645e+00,3.5288846462357615e+00,3.5288846462357615e+00,4.3025336988905645e+00,9.1846319263489284e-01,4.3025336988905645e+00,0.0000000000000000e+00,6.1253043435294492e+00,5.3599570159153647e+00,6.1253043435294492e+00,1.7968876228919313e+00,6.1253043435294492e+00,9.1846319263489284e-01,3.5288846462357615e+00,3.5288846462357615e+00,5.3599570159153647e+00,6.1253043435294492e+00,6.1253043435294492e+00,4.3025336988905645e+00,6.1253043435294492e+00,2.4670073639242398e+00,4.3025336988905645e+00,2.4670073639242398e+00,2.4670073639242398e+00,6.1253043435294492e+00,0.0000000000000000e+00,6.1253043435294492e+00,4.3025336988905645e+00,6.1253043435294492e+00,4.3025336988905645e+00,6.1253043435294492e+00,2.4670073639242398e+00,2.4670073639242398e+00,6.1253043435294492e+00,9.1846319263489284e-01,9.1846319263489284e-01,4.3025336988905645e+00,5.3599570159153647e+00,0.0000000000000000e+00,3.5288846462357615e+00,3.5288846462357615e+00,4.3025336988905645e+00,3.5288846462357615e+00,4.3025336988905645e+00,4.3025336988905645e+00,5.3599570159153647e+00,9.1846319263489284e-01,3.5288846462357615e+00,4.3025336988905645e+00,6.1253043435294492e+00,6.1253043435294492e+00,1.7968876228919313e+00,3.5288846462357615e+00,3.5288846462357615e+00,3.5288846462357615e+00,3.5288846462357615e+00,1.7968876228919313e+00,1.7968876228919313e+00,3.5288846462357615e+00,4.3025336988905645e+00,0.0000000000000000e+00,2.4670073639242398e+00,6.1253043435294492e+00,5.3599570159153647e+00,0.0000000000000000e+00,9.1846319263489284e-01,9.1846319263489284e-01,3.5288846462357615e+00,5.3599570159153647e+00,9.1846319263489284e-01,3.5288846462357615e+00,2.4670073639242398e+00,3.5288846462357615e+00,2.4670073639242398e+00,2.4670073639242398e+00,6.1253043435294492e+00,9.1846319263489284e-01,6.1253043435294492e+00,5.3599570159153647e+00,3.5288846462357615e+00,9.1846319263489284e-01,6.1253043435294492e+00,4.3025336988905645e+00,6.1253043435294492e+00,9.1846319263489284e-01,4.3025336988905645e+00,3.5288846462357615e+00,4.3025336988905645e+00,6.1253043435294492e+00,6.1253043435294492e+00,5.3599570159153647e+00,4.3025336988905645e+00,4.3025336988905645e+00,6.1253043435294492e+00,4.3025336988905645e+00,6.1253043435294492e+00,1.7968876228919313e+00,3.5288846462357615e+00,4.3025336988905645e+00,2.4670073639242398e+00,6.1253043435294492e+00,3.5288846462357615e+00,6.1253043435294492e+00,3.5288846462357615e+00,0.0000000000000000e+00,6.1253043435294492e+00,0.0000000000000000e+00,4.3025336988905645e+00,2.4670073639242398e+00,1.7968876228919313e+00,6.1253043435294492e+00,6.1253043435294492e+00,6.1253043435294492e+00,3.5288846462357615e+00,6.1253043435294492e+00,4.3025336988905645e+00,4.3025336988905645e+00,5.3599570159153647e+00,6.1253043435294492e+00,4.3025336988905645e+00,2.4670073639242398e+00,2.4670073639242398e+00,2.4670073639242398e+00,2.4670073639242398e+00,2.4670073639242398e+00,2.4670073639242398e+00,5.3599570159153647e+00,9.1846319263489284e-01,2.4670073639242398e+00,2.4670073639242398e+00,2.4670073639242398e+00,5.3599570159153647e+00,0.0000000000000000e+00,5.3599570159153647e+00,4.3025336988905645e+00,4.3025336988905645e+00,3.5288846462357615e+00,1.7968876228919313e+00,5.3599570159153647e+00,9.1846319263489284e-01,5.3599570159153647e+00,6.1253043435294492e+00,0.0000000000000000e+00,4.3025336988905645e+00,4.3025336988905645e+00,3.5288846462357615e+00,4.3025336988905645e+00,4.3025336988905645e+00,5.3599570159153647e+00,5.3599570159153647e+00,4.3025336988905645e+00,9.1846319263489284e-01,3.5288846462357615e+00,1.7968876228919313e+00,6.1253043435294492e+00,6.1253043435294492e+00,6.1253043435294492e+00,6.1253043435294492e+00,1.7968876228919313e+00,5.3599570159153647e+00,6.1253043435294492e+00,6.1253043435294492e+00,0.0000000000000000e+00,3.5288846462357615e+00,2.4670073639242398e+00,4.3025336988905645e+00,6.1253043435294492e+00,3.5288846462357615e+00,3.5288846462357615e+00,6.1253043435294492e+00,6.1253043435294492e+00,3.5288846462357615e+00,5.3599570159153647e+00,6.1253043435294492e+00,3.5288846462357615e+00,4.3025336988905645e+00,3.5288846462357615e+00,9.1846319263489284e-01,5.3599570159153647e+00,9.1846319263489284e-01,9.1846319263489284e-01,3.5288846462357615e+00,6.1253043435294492e+00,3.5288846462357615e+00,4.3025336988905645e+00,3.5288846462357615e+00,0.0000000000000000e+00,6.1253043435294492e+00,6.1253043435294492e+00,9.1846319263489284e-01,6.1253043435294492e+00,4.3025336988905645e+00,4.3025336988905645e+00,5.3599570159153647e+00,5.3599570159153647e+00,6.1253043435294492e+00,3.5288846462357615e+00,0.0000000000000000e+00,6.1253043435294492e+00,6.1253043435294492e+00,6.1253043435294492e+00,6.1253043435294492e+00,4.3025336988905645e+00,4.3025336988905645e+00,4.3025336988905645e+00,4.3025336988905645e+00,4.3025336988905645e+00,0.0000000000000000e+00,5.3599570159153647e+00,9.1846319263489284e-01,9.1846319263489284e-01,1.7968876228919313e+00,3.5288846462357615e+00,6.1253043435294492e+00,3.5288846462357615e+00,9.1846319263489284e-01,9.1846319263489284e-01,1.7968876228919313e+00,6.1253043435294492e+00,6.1253043435294492e+00,5.3599570159153647e+00,4.3025336988905645e+00,6.1253043435294492e+00,1.7968876228919313e+00,9.1846319263489284e-01,2.4670073639242398e+00,6.1253043435294492e+00,6.1253043435294492e+00,1.7968876228919313e+00,6.1253043435294492e+00,0.0000000000000000e+00,3.5288846462357615e+00,3.5288846462357615e+00,6.1253043435294492e+00,5.3599570159153647e+00,1.7968876228919313e+00,6.1253043435294492e+00,9.1846319263489284e-01,6.1253043435294492e+00,1.7968876228919313e+00,3.5288846462357615e+00,4.3025336988905645e+00,1.7968876228919313e+00,4.3025336988905645e+00,2.4670073639242398e+00,6.1253043435294492e+00,2.4670073639242398e+00,9.1846319263489284e-01,1.7968876228919313e+00,1.7968876228919313e+00,6.1253043435294492e+00,6.1253043435294492e+00,6.1253043435294492e+00,2.4670073639242398e+00,5.3599570159153647e+00,1.7968876228919313e+00,6.1253043435294492e+00,5.3599570159153647e+00,6.1253043435294492e+00,6.1253043435294492e+00,6.1253043435294492e+00,6.1253043435294492e+00,9.1846319263489284e-01,2.4670073639242398e+00,9.1846319263489284e-01,5.3599570159153647e+00,6.1253043435294492e+00,6.1253043435294492e+00,5.3599570159153647e+00,6.1253043435294492e+00,2.4670073639242398e+00,6.1253043435294492e+00,5.3599570159153647e+00,6.1253043435294492e+00,0.0000000000000000e+00,3.5288846462357615e+00,6.1253043435294492e+00,6.1253043435294492e+00,9.1846319263489284e-01,4.3025336988905645e+00,6.1253043435294492e+00,4.3025336988905645e+00,4.3025336988905645e+00,5.3599570159153647e+00,4.3025336988905645e+00,3.5288846462357615e+00,0.0000000000000000e+00,1.7968876228919313e+00,6.1253043435294492e+00,6.1253043435294492e+00,0.0000000000000000e+00,4.3025336988905645e+00,6.1253043435294492e+00,6.1253043435294492e+00,5.3599570159153647e+00,6.1253043435294492e+00,6.1253043435294492e+00,5.3599570159153647e+00,3.5288846462357615e+00,6.1253043435294492e+00,2.4670073639242398e+00,2.4670073639242398e+00,0.0000000000000000e+00,2.4670073639242398e+00,5.3599570159153647e+00,6.1253043435294492e+00,4.3025336988905645e+00,6.1253043435294492e+00,9.1846319263489284e-01,6.1253043435294492e+00,3.5288846462357615e+00,6.1253043435294492e+00,6.1253043435294492e+00,6.1253043435294492e+00,9.1846319263489284e-01,4.3025336988905645e+00,6.1253043435294492e+00,6.1253043435294492e+00,6.1253043435294492e+00,6.1253043435294492e+00,6.1253043435294492e+00,9.1846319263489284e-01,2.4670073639242398e+00,9.1846319263489284e-01,5.3599570159153647e+00,9.1846319263489284e-01,1.7968876228919313e+00,9.1846319263489284e-01,6.1253043435294492e+00,1.7968876228919313e+00,5.3599570159153647e+00,9.1846319263489284e-01,9.1846319263489284e-01,2.4670073639242398e+00,2.4670073639242398e+00,5.3599570159153647e+00,4.3025336988905645e+00,6.1253043435294492e+00,1.7968876228919313e+00,4.3025336988905645e+00,2.4670073639242398e+00,1.7968876228919313e+00,2.4670073639242398e+00,3.5288846462357615e+00,6.1253043435294492e+00,6.1253043435294492e+00,6.1253043435294492e+00,6.1253043435294492e+00,6.1253043435294492e+00,2.4670073639242398e+00,2.4670073639242398e+00,3.5288846462357615e+00,3.5288846462357615e+00,5.3599570159153647e+00,9.1846319263489284e-01,5.3599570159153647e+00,5.3599570159153647e+00,4.3025336988905645e+00,5.3599570159153647e+00,9.1846319263489284e-01,6.1253043435294492e+00,0.0000000000000000e+00,3.5288846462357615e+00,4.3025336988905645e+00,9.1846319263489284e-01,4.3025336988905645e+00,4.3025336988905645e+00,3.5288846462357615e+00,5.3599570159153647e+00,6.1253043435294492e+00,6.1253043435294492e+00,0.0000000000000000e+00,1.7968876228919313e+00,6.1253043435294492e+00,6.1253043435294492e+00,3.5288846462357615e+00,1.7968876228919313e+00,6.1253043435294492e+00,3.5288846462357615e+00,4.3025336988905645e+00,2.4670073639242398e+00,0.0000000000000000e+00,1.7968876228919313e+00,2.4670073639242398e+00,6.1253043435294492e+00,6.1253043435294492e+00,6.1253043435294492e+00,4.3025336988905645e+00,9.1846319263489284e-01,6.1253043435294492e+00,4.3025336988905645e+00,6.1253043435294492e+00,5.3599570159153647e+00,6.1253043435294492e+00,9.1846319263489284e-01,6.1253043435294492e+00,6.1253043435294492e+00,6.1253043435294492e+00,6.1253043435294492e+00,6.1253043435294492e+00,5.3599570159153647e+00,4.3025336988905645e+00,6.1253043435294492e+00,6.1253043435294492e+00,6.1253043435294492e+00,6.1253043435294492e+00,5.3599570159153647e+00,6.1253043435294492e+00,4.3025336988905645e+00,5.3599570159153647e+00,3.5288846462357615e+00,6.1253043435294492e+00,3.5288846462357615e+00,6.1253043435294492e+00,3.5288846462357615e+00,5.3599570159153647e+00,3.5288846462357615e+00,5.3599570159153647e+00,5.3599570159153647e+00,6.1253043435294492e+00,5.3599570159153647e+00,0.0000000000000000e+00,5.3599570159153647e+00,0.0000000000000000e+00,6.1253043435294492e+00,6.1253043435294492e+00,9.1846319263489284e-01,6.1253043435294492e+00,4.3025336988905645e+00,5.3599570159153647e+00,5.3599570159153647e+00,6.1253043435294492e+00,5.3599570159153647e+00,1.7968876228919313e+00,5.3599570159153647e+00,5.3599570159153647e+00,3.5288846462357615e+00,4.3025336988905645e+00,2.4670073639242398e+00,2.4670073639242398e+00,2.4670073639242398e+00,6.1253043435294492e+00,5.3599570159153647e+00,6.1253043435294492e+00,5.3599570159153647e+00,6.1253043435294492e+00,5.3599570159153647e+00,1.7968876228919313e+00,6.1253043435294492e+00,9.1846319263489284e-01,3.5288846462357615e+00,0.0000000000000000e+00,9.1846319263489284e-01,5.3599570159153647e+00,3.5288846462357615e+00,4.3025336988905645e+00,6.1253043435294492e+00,6.1253043435294492e+00,6.1253043435294492e+00,4.3025336988905645e+00,5.3599570159153647e+00,9.1846319263489284e-01,6.1253043435294492e+00,6.1253043435294492e+00,6.1253043435294492e+00,0.0000000000000000e+00
1.7578878788653343e+00,1.7578878788653343e+00,1.7578878788653343e+00,0.0000000000000000e+00,1.7578878788653343e+00,9.1216590232828099e-01,1.7578878788653343e+00,1.7578878788653343e+00,1.7578878788653343e+00,4.4904297049004267e+00,4.4904297049004267e+00,6.1614692020744970e+00,9.1216590232828099e-01,6.1614692020744970e+00,9.1216590232828099e-01,6.1614692020744970e+00,5.2816729205793287e+00,5.2816729205793287e+00,6.1614692020744970e+00,3.5058644578598477e+00,3.5058644578598477e+00,6.1614692020744970e+00,4.4904297049004267e+00,4.4904297049004267e+00,4.4904297049004267e+00,5.2816729205793287e+00,0.0000000000000000e+00,9.1216590232828099e-01,4.4904297049004267e+00,4.4904297049004267e+00,4.4904297049004267e+00,2.9311542583368255e+00,4.4904297049004267e+00,4.4904297049004267e+00,4.4904297049004267e+00,2.9311542583368255e+00,2.9311542583368255e+00,2.9311542583368255e+00,1.7578878788653343e+00,4.4904297049004267e+00,6.1614692020744970e+00,2.9311542583368255e+00,9.1216590232828099e-01,6.1614692020744970e+00,9.1216590232828099e-01,4.4904297049004267e+00,2.9311542583368255e+00,6.1614692020744970e+00,5.2816729205793287e+00,1.7578878788653343e+00,4.4904297049004267e+00,6.1614692020744970e+00,6.1614692020744970e+00,4.4904297049004267e+00,9.1216590232828099e-01,6.1614692020744970e+00,4.4904297049004267e+00,6.1614692020744970e+00,9.1216590232828099e-01,4.4904297049004267e+00,3.5058644578598477e+00,4.4904297049004267e+00,0.0000000000000000e+00,1.7578878788653343e+00,0.0000000000000000e+00,4.4904297049004267e+00,6.1614692020744970e+00,0.0000000000000000e+00,2.9311542583368255e+00,6.1614692020744970e+00,3.5058644578598477e+00,0.0000000000000000e+00,4.4904297049004267e+00,4.4904297049004267e+00,4.4904297049004267e+00,4.4904297049004267e+00,6.1614692020744970e+00,1.7578878788653343e+00,6.1614692020744970e+00,6.1614692020744970e+00,6.1614692020744970e+00,2.9311542583368255e+00,2.9311542583368255e+00,4.4904297049004267e+00,6.1614692020744970e+00,0.0000000000000000e+00,4.4904297049004267e+00,4.4904297049004267e+00,9.1216590232828099e-01,1.7578878788653343e+00,1.7578878788653343e+00,1.7578878788653343e+00,6.1614692020744970e+00,2.9311542583368255e+00,6.1614692020744970e+00,4.4904297049004267e+00,1.7578878788653343e+00,4.4904297049004267e+00,4.4904297049004267e+00,5.2816729205793287e+00,2.9311542583368255e+00,0.0000000000000000e+00,6.1614692020744970e+00,0.0000000000000000e+00,4.4904297049004267e+00,4.4904297049004267e+00,4.4904297049004267e+00,6.1614692020744970e+00,2.9311542583368255e+00,5.2816729205793287e+00,5.2816729205793287e+00,0.0000000000000000e+00,0.0000000000000000e+00,5.2816729205793287e+00,5.2816729205793287e+00,9.1216590232828099e-01,9.1216590232828099e-01,0.0000000000000000e+00,4.4904297049004267e+00,1.7578878788653343e+00,1.7578878788653343e+00,6.1614692020744970e+00,4.4904297049004267e+00,2.9311542583368255e+00,4.4904297049004267e+00,0.0000000000000000e+00,9.1216590232828099e-01,4.4904297049004267e+00,6.1614692020744970e+00,3.5058644578598477e+00,9.1216590232828099e-01,6.1614692020744970e+00,4.4904297049004267e+00,4.4904297049004267e+00,2.9311542583368255e+00,2.9311542583368255e+00,4.4904297049004267e+00,4.4904297049004267e+00,9.1216590232828099e-01,2.9311542583368255e+00,0.0000000000000000e+00,5.2816729205793287e+00,9.1216590232828099e-01,1.7578878788653343e+00,1.7578878788653343e+00,2.9311542583368255e+00,3.5058644578598477e+00,6.1614692020744970e+00,4.4904297049004267e+00,5.2816729205793287e+00,0.0000000000000000e+00,3.5058644578598477e+00,5.2816729205793287e+00,5.2816729205793287e+00,3.5058644578598477e+00,5.2816729205793287e+00,2.9311542583368255e+00,9.1216590232828099e-01,2.9311542583368255e+00,2.9311542583368255e+00,6.1614692020744970e+00,4.4904297049004267e+00,9.1216590232828099e-01,3.5058644578598477e+00,0.0000000000000000e+00,6.1614692020744970e+00,4.4904297049004267e+00,4.4904297049004267e+00,4.4904297049004267e+00,4.4904297049004267e+00,9.1216590232828099e-01,9.1216590232828099e-01,4.4904297049004267e+00,2.9311542583368255e+00,5.2816729205793287e+00,4.4904297049004267e+00,1.7578878788653343e+00,4.4904297049004267e+00,6.1614692020744970e+00,4.4904297049004267e+00,4.4904297049004267e+00,1.7578878788653343e+00,3.5058644578598477e+00,3.5058644578598477e+00,4.4904297049004267e+00,6.1614692020744970e+00,3.5058644578598477e+00,4.4904297049004267e+00,3.5058644578598477e+00,0.0000000000000000e+00,1.7578878788653343e+00,4.4904297049004267e+00,3.5058644578598477e+00,6.1614692020744970e+00,4.4904297049004267e+00,3.5058644578598477e+00,2.9311542583368255e+00,9.1216590232828099e-01,4.4904297049004267e+00,4.4904297049004267e+00,3.5058644578598477e+00,9.1216590232828099e-01,9.1216590232828099e-01,4.4904297049004267e+00,4.4904297049004267e+00,6.1614692020744970e+00,6.1614692020744970e+00,2.9311542583368255e+00,0.0000000000000000e+00,6.1614692020744970e+00,1.7578878788653343e+00,6.1614692020744970e+00,5.2816729205793287e+00,2.9311542583368255e+00,5.2816729205793287e+00,5.2816729205793287e+00,5.2816729205793287e+00,1.7578878788653343e+00,2.9311542583368255e+00,4.4904297049004267e+00,5.2816729205793287e+00,4.4904297049004267e+00,4.4904297049004267e+00,4.4904297049004267e+00,5.2816729205793287e+00,5.2816729205793287e+00,5.2816729205793287e+00,2.9311542583368255e+00,5.2816729205793287e+00,4.4904297049004267e+00,4.4904297049004267e+00,4.4904297049004267e+00,6.1614692020744970e+00,5.2816729205793287e+00,5.2816729205793287e+00,5.2816729205793287e+00,3.5058644578598477e+00,3.5058644578598477e+00,4.4904297049004267e+00,3.5058644578598477e+00,4.4904297049004267e+00,5.2816729205793287e+00,3.5058644578598477e+00,9.1216590232828099e-01,6.1614692020744970e+00,6.1614692020744970e+00,6.1614692020744970e+00,3.5058644578598477e+00,1.7578878788653343e+00,5.2816729205793287e+00,5.2816729205793287e+00,1.7578878788653343e+00,3.5058644578598477e+00,2.9311542583368255e+00,5.2816729205793287e+00,3.5058644578598477e+00,9.1216590232828099e-01,0.0000000000000000e+00,5.2816729205793287e+00,1.7578878788653343e+00,4.4904297049004267e+00,4.4904297049004267e+00,4.4904297049004267e+00,4.4904297049004267e+00,4.4904297049004267e+00,9.1216590232828099e-01,3.5058644578598477e+00,5.2816729205793287e+00,2.9311542583368255e+00,2.9311542583368255e+00,5.2816729205793287e+00,4.4904297049004267e+00,5.2816729205793287e+00,3.5058644578598477e+00,4.4904297049004267e+00,6.1614692020744970e+00,5.2816729205793287e+00,4.4904297049004267e+00,6.1614692020744970e+00,4.4904297049004267e+00,6.1614692020744970e+00,3.5058644578598477e+00,4.4904297049004267e+00,5.2816729205793287e+00,9.1216590232828099e-01,4.4904297049004267e+00,6.1614692020744970e+00,6.1614692020744970e+00,2.9311542583368255e+00,9.1216590232828099e-01,0.0000000000000000e+00,6.1614692020744970e+00,1.7578878788653343e+00,4.4904297049004267e+00,4.4904297049004267e+00,1.7578878788653343e+00,6.1614692020744970e+00,9.1216590232828099e-01,6.1614692020744970e+00,9.1216590232828099e-01,9.1216590232828099e-01,0.0000000000000000e+00,6.1614692020744970e+00,4.4904297049004267e+00,4.4904297049004267e+00,6.1614692020744970e+00,4.4904297049004267e+00,5.2816729205793287e+00,2.9311542583368255e+00,5.2816729205793287e+00,5.2816729205793287e+00,5.2816729205793287e+00,1.7578878788653343e+00,5.2816729205793287e+00,0.0000000000000000e+00,6.1614692020744970e+00,5.2816729205793287e+00,4.4904297049004267e+00,9.1216590232828099e-01,5.2816729205793287e+00,6.1614692020744970e+00,4.4904297049004267e+00,0.0000000000000000e+00,4.4904297049004267e+00,2.9311542583368255e+00,5.2816729205793287e+00,2.9311542583368255e+00,6.1614692020744970e+00,6.1614692020744970e+00,2.9311542583368255e+00,5.2816729205793287e+00,1.7578878788653343e+00,5.2816729205793287e+00,1.7578878788653343e+00,3.5058644578598477e+00,3.5058644578598477e+00,3.5058644578598477e+00,3.5058644578598477e+00,5.2816729205793287e+00,1.7578878788653343e+00,5.2816729205793287e+00,1.7578878788653343e+00,3.5058644578598477e+00,5.2816729205793287e+00,6.1614692020744970e+00,5.2816729205793287e+00,5.2816729205793287e+00,6.1614692020744970e+00,6.1614692020744970e+00,1.7578878788653343e+00,3.5058644578598477e+00,0.0000000000000000e+00,5.2816729205793287e+00,5.2816729205793287e+00,6.1614692020744970e+00,9.1216590232828099e-01,6.1614692020744970e+00,6.1614692020744970e+00,2.9311542583368255e+00,4.4904297049004267e+00,5.2816729205793287e+00,0.0000000000000000e+00,6.1614692020744970e+00,9.1216590232828099e-01,5.2816729205793287e+00,6.1614692020744970e+00,3.5058644578598477e+00,6.1614692020744970e+00,6.1614692020744970e+00,1.7578878788653343e+00,6.1614692020744970e+00,3.5058644578598477e+00,6.1614692020744970e+00,9.1216590232828099e-01,6.1614692020744970e+00,0.0000000000000000e+00,2.9311542583368255e+00,1.7578878788653343e+00,4.4904297049004267e+00,4.4904297049004267e+00,3.5058644578598477e+00,0.0000000000000000e+00,3.5058644578598477e+00,9.1216590232828099e-01,5.2816729205793287e+00,0.0000000000000000e+00,3.5058644578598477e+00,2.9311542583368255e+00,6.1614692020744970e+00,6.1614692020744970e+00,0.0000000000000000e+00,6.1614692020744970e+00,6.1614692020744970e+00,3.5058644578598477e+00,4.4904297049004267e+00,9.1216590232828099e-01,3.5058644578598477e+00,1.7578878788653343e+00,3.5058644578598477e+00,6.1614692020744970e+00,9.1216590232828099e-01,6.1614692020744970e+00,9.1216590232828099e-01,6.1614692020744970e+00,4.4904297049004267e+00,4.4904297049004267e+00,6.1614692020744970e+00,0.0000000000000000e+00,4.4904297049004267e+00,6.1614692020744970e+00,6.1614692020744970e+00,1.7578878788653343e+00,4.4904297049004267e+00,5.2816729205793287e+00,9.1216590232828099e-01,6.1614692020744970e+00,4.4904297049004267e+00,3.5058644578598477e+00,5.2816729205793287e+00,4.4904297049004267e+00,5.2816729205793287e+00,9.1216590232828099e-01,5.2816729205793287e+00,4.4904297049004267e+00,0.0000000000000000e+00,4.4904297049004267e+00,9.1216590232828099e-01,4.4904297049004267e+00,5.2816729205793287e+00,3.5058644578598477e+00,4.4904297049004267e+00,5.2816729205793287e+00,3.5058644578598477e+00,5.2816729205793287e+00,5.2816729205793287e+00,6.1614692020744970e+00,5.2816729205793287e+00,1.7578878788653343e+00,5.2816729205793287e+00,6.1614692020744970e+00,4.4904297049004267e+00,5.2816729205793287e+00,2.9311542583368255e+00,6.1614692020744970e+00,2.9311542583368255e+00,4.4904297049004267e+00,6.1614692020744970e+00,6.1614692020744970e+00,6.1614692020744970e+00,6.1614692020744970e+00,6.1614692020744970e+00,6.1614692020744970e+00,5.2816729205793287e+00,5.2816729205793287e+00,3.5058644578598477e+00,1.7578878788653343e+00,6.1614692020744970e+00,1.7578878788653343e+00,0.0000000000000000e+00,4.4904297049004267e+00,5.2816729205793287e+00,6.1614692020744970e+00,5.2816729205793287e+00,0.0000000000000000e+00,1.7578878788653343e+00,2.9311542583368255e+00,0.0000000000000000e+00,6.1614692020744970e+00,0.0000000000000000e+00,4.4904297049004267e+00,0.0000000000000000e+00,5.2816729205793287e+00,6.1614692020744970e+00,6.1614692020744970e+00,3.5058644578598477e+00,6.1614692020744970e+00,4.4904297049004267e+00,2.9311542583368255e+00,1.7578878788653343e+00,5.2816729205793287e+00,5.2816729205793287e+00,5.2816729205793287e+00,6.1614692020744970e+00,5.2816729205793287e+00,2.9311542583368255e+00,6.1614692020744970e+00,5.2816729205793287e+00,4.4904297049004267e+00,1.7578878788653343e+00,5.2816729205793287e+00,9.1216590232828099e-01,5.2816729205793287e+00,6.1614692020744970e+00,4.4904297049004267e+00,1.7578878788653343e+00,1.7578878788653343e+00,4.4904297049004267e+00,5.2816729205793287e+00,4.4904297049004267e+00,4.4904297049004267e+00,4.4904297049004267e+00,4.4904297049004267e+00,4.4904297049004267e+00,2.9311542583368255e+00,4.4904297049004267e+00,1.7578878788653343e+00,3.5058644578598477e+00,2.9311542583368255e+00,2.9311542583368255e+00,2.9311542583368255e+00,0.0000000000000000e+00,6.1614692020744970e+00,3.5058644578598477e+00,1.7578878788653343e+00,5.2816729205793287e+00,5.2816729205793287e+00,5.2816729205793287e+00,5.2816729205793287e+00,4.4904297049004267e+00,0.0000000000000000e+00,6.1614692020744970e+00,5.2816729205793287e+00,5.2816729205793287e+00,9.1216590232828099e-01,6.1614692020744970e+00,6.1614692020744970e+00,6.1614692020744970e+00,5.2816729205793287e+00,9.1216590232828099e-01,5.2816729205793287e+00,4.4904297049004267e+00,5.2816729205793287e+00,6.1614692020744970e+00,6.1614692020744970e+00,1.7578878788653343e+00,5.2816729205793287e+00,5.2816729205793287e+00,5.2816729205793287e+00,5.2816729205793287e+00,3.5058644578598477e+00,0.0000000000000000e+00,5.2816729205793287e+00,5.2816729205793287e+00,3.5058644578598477e+00,3.5058644578598477e+00,6.1614692020744970e+00,6.1614692020744970e+00,1.7578878788653343e+00,4.4904297049004267e+00,5.2816729205793287e+00,4.4904297049004267e+00,9.1216590232828099e-01,6.1614692020744970e+00,6.1614692020744970e+00,5.2816729205793287e+00,4.4904297049004267e+00,4.4904297049004267e+00,5.2816729205793287e+00,5.2816729205793287e+00,4.4904297049004267e+00,4.4904297049004267e+00,1.7578878788653343e+00,3.5058644578598477e+00,5.2816729205793287e+00,5.2816729205793287e+00,4.4904297049004267e+00,1.7578878788653343e+00,6.1614692020744970e+00,6.1614692020744970e+00,9.1216590232828099e-01,4.4904297049004267e+00,2.9311542583368255e+00,1.7578878788653343e+00,6.1614692020744970e+00,2.9311542583368255e+00,6.1614692020744970e+00,6.1614692020744970e+00,2.9311542583368255e+00,6.1614692020744970e+00,9.1216590232828099e-01,4.4904297049004267e+00,6.1614692020744970e+00,6.1614692020744970e+00,3.5058644578598477e+00,3.5058644578598477e+00,1.7578878788653343e+00,3.5058644578598477e+00,3.5058644578598477e+00,5.2816729205793287e+00,9.1216590232828099e-01,9.1216590232828099e-01,9.1216590232828099e-01,4.4904297049004267e+00,6.1614692020744970e+00,9.1216590232828099e-01,0.0000000000000000e+00,1.7578878788653343e+00,1.7578878788653343e+00,6.1614692020744970e+00,4.4904297049004267e+00,5.2816729205793287e+00,4.4904297049004267e+00,3.5058644578598477e+00,4.4904297049004267e+00,6.1614692020744970e+00,4.4904297049004267e+00,4.4904297049004267e+00,5.2816729205793287e+00,4.4904297049004267e+00,6.1614692020744970e+00,0.0000000000000000e+00,5.2816729205793287e+00,4.4904297049004267e+00,4.4904297049004267e+00,4.4904297049004267e+00,4.4904297049004267e+00,4.4904297049004267e+00,4.4904297049004267e+00,5.2816729205793287e+00,6.1614692020744970e+00,5.2816729205793287e+00,6.1614692020744970e+00,5.2816729205793287e+00,5.2816729205793287e+00,3.5058644578598477e+00,6.1614692020744970e+00,6.1614692020744970e+00,6.1614692020744970e+00,5.2816729205793287e+00,5.2816729205793287e+00,6.1614692020744970e+00,0.0000000000000000e+00,2.9311542583368255e+00,4.4904297049004267e+00,1.7578878788653343e+00,5.2816729205793287e+00,6.1614692020744970e+00,0.0000000000000000e+00,4.4904297049004267e+00,9.1216590232828099e-01,5.2816729205793287e+00,1.7578878788653343e+00,9.1216590232828099e-01,3.5058644578598477e+00,1.7578878788653343e+00,1.7578878788653343e+00,1.7578878788653343e+00,6.1614692020744970e+00,2.9311542583368255e+00,5.2816729205793287e+00,4.4904297049004267e+00,6.1614692020744970e+00,4.4904297049004267e+00,6.1614692020744970e+00,1.7578878788653343e+00,1.7578878788653343e+00,6.1614692020744970e+00,1.7578878788653343e+00,6.1614692020744970e+00,4.4904297049004267e+00,6.1614692020744970e+00,6.1614692020744970e+00,6.1614692020744970e+00,9.1216590232828099e-01,5.2816729205793287e+00,6.1614692020744970e+00,5.2816729205793287e+00,1.7578878788653343e+00,4.4904297049004267e+00,6.1614692020744970e+00,5.2816729205793287e+00,6.1614692020744970e+00,5.2816729205793287e+00,5.2816729205793287e+00,4.4904297049004267e+00,6.1614692020744970e+00,6.1614692020744970e+00,6.1614692020744970e+00,6.1614692020744970e+00,6.1614692020744970e+00,3.5058644578598477e+00,4.4904297049004267e+00,6.1614692020744970e+00,6.1614692020744970e+00,6.1614692020744970e+00,6.1614692020744970e+00,5.2816729205793287e+00,5.2816729205793287e+00,5.2816729205793287e+00,0.0000000000000000e+00,5.2816729205793287e+00,6.1614692020744970e+00,5.2816729205793287e+00,4.4904297049004267e+00,6.1614692020744970e+00,6.1614692020744970e+00,9.1216590232828099e-01,1.7578878788653343e+00,5.2816729205793287e+00,5.2816729205793287e+00,5.2816729205793287e+00,0.0000000000000000e+00,5.2816729205793287e+00,0.0000000000000000e+00,1.7578878788653343e+00,5.2816729205793287e+00,5.2816729205793287e+00,5.2816729205793287e+00,3.5058644578598477e+00,6.1614692020744970e+00,6.1614692020744970e+00,5.2816729205793287e+00,9.1216590232828099e-01,5.2816729205793287e+00,2.9311542583368255e+00,9.1216590232828099e-01,6.1614692020744970e+00,6.1614692020744970e+00,6.1614692020744970e+00,6.1614692020744970e+00,2.9311542583368255e+00,4.4904297049004267e+00,5.2816729205793287e+00,5.2816729205793287e+00,1.7578878788653343e+00,4.4904297049004267e+00,0.0000000000000000e+00,1.7578878788653343e+00,5.2816729205793287e+00,5.2816729205793287e+00,9.1216590232828099e-01,1.7578878788653343e+00,6.1614692020744970e+00,6.1614692020744970e+00,4.4904297049004267e+00,1.7578878788653343e+00,5.2816729205793287e+00,6.1614692020744970e+00,6.1614692020744970e+00,2.9311542583368255e+00,6.1614692020744970e+00,9.1216590232828099e-01,6.1614692020744970e+00,6.1614692020744970e+00,3.5058644578598477e+00,3.5058644578598477e+00,1.7578878788653343e+00,6.1614692020744970e+00,0.0000000000000000e+00,6.1614692020744970e+00,4.4904297049004267e+00,6.1614692020744970e+00,6.1614692020744970e+00,5.2816729205793287e+00,5.2816729205793287e+00,2.9311542583368255e+00,6.1614692020744970e+00,4.4904297049004267e+00,6.1614692020744970e+00,6.1614692020744970e+00,6.1614692020744970e+00,6.1614692020744970e+00,6.1614692020744970e+00,6.1614692020744970e+00,3.5058644578598477e+00,3.5058644578598477e+00,9.1216590232828099e-01,4.4904297049004267e+00,5.2816729205793287e+00,2.9311542583368255e+00,3.5058644578598477e+00,0.0000000000000000e+00,2.9311542583368255e+00,6.1614692020744970e+00,6.1614692020744970e+00,6.1614692020744970e+00,6.1614692020744970e+00,6.1614692020744970e+00,6.1614692020744970e+00,5.2816729205793287e+00,3.5058644578598477e+00,1.7578878788653343e+00,6.1614692020744970e+00,0.0000000000000000e+00,4.4904297049004267e+00,5.2816729205793287e+00,5.2816729205793287e+00,2.9311542583368255e+00,2.9311542583368255e+00,6.1614692020744970e+00,5.2816729205793287e+00,2.9311542583368255e+00,0.0000000000000000e+00,4.4904297049004267e+00,6.1614692020744970e+00,6.1614692020744970e+00,6.1614692020744970e+00,9.1216590232828099e-01,6.1614692020744970e+00,6.1614692020744970e+00,6.1614692020744970e+00,6.1614692020744970e+00,4.4904297049004267e+00,4.4904297049004267e+00,6.1614692020744970e+00,6.1614692020744970e+00,6.1614692020744970e+00,6.1614692020744970e+00,6.1614692020744970e+00,3.5058644578598477e+00,5.2816729205793287e+00,5.2816729205793287e+00,0.0000000000000000e+00,5.2816729205793287e+00,6.1614692020744970e+00,2.9311542583368255e+00,1.7578878788653343e+00,6.1614692020744970e+00,3.5058644578598477e+00,0.0000000000000000e+00,6.1614692020744970e+00,5.2816729205793287e+00,9.1216590232828099e-01,6.1614692020744970e+00,5.2816729205793287e+00,5.2816729205793287e+00,6.1614692020744970e+00,5.2816729205793287e+00,6.1614692020744970e+00,4.4904297049004267e+00,0.0000000000000000e+00,5.2816729205793287e+00,4.4904297049004267e+00,6.1614692020744970e+00,6.1614692020744970e+00,6.1614692020744970e+00,3.5058644578598477e+00,6.1614692020744970e+00,1.7578878788653343e+00,4.4904297049004267e+00,1.7578878788653343e+00,6.1614692020744970e+00,6.1614692020744970e+00,4.4904297049004267e+00,6.1614692020744970e+00,6.1614692020744970e+00,6.1614692020744970e+00,6.1614692020744970e+00,2.9311542583368255e+00,4.4904297049004267e+00,3.5058644578598477e+00,4.4904297049004267e+00,4.4904297049004267e+00,2.9311542583368255e+00,2.9311542583368255e+00,3.5058644578598477e+00,3.5058644578598477e+00,4.4904297049004267e+00,6.1614692020744970e+00,9.1216590232828099e-01,5.2816729205793287e+00,6.1614692020744970e+00,9.1216590232828099e-01,4.4904297049004267e+00,9.1216590232828099e-01,1.7578878788653343e+00,4.4904297049004267e+00,1.7578878788653343e+00,4.4904297049004267e+00,9.1216590232828099e-01,1.7578878788653343e+00,1.7578878788653343e+00,4.4904297049004267e+00,9.1216590232828099e-01,1.7578878788653343e+00,2.9311542583368255e+00,6.1614692020744970e+00,2.9311542583368255e+00,1.7578878788653343e+00,2.9311542583368255e+00,2.9311542583368255e+00,0.0000000000000000e+00,3.5058644578598477e+00,6.1614692020744970e+00,3.5058644578598477e+00,3.5058644578598477e+00,5.2816729205793287e+00,3.5058644578598477e+00,6.1614692020744970e+00,2.9311542583368255e+00,4.4904297049004267e+00,6.1614692020744970e+00,6.1614692020744970e+00,3.5058644578598477e+00,6.1614692020744970e+00,2.9311542583368255e+00,9.1216590232828099e-01,9.1216590232828099e-01,4.4904297049004267e+00,3.5058644578598477e+00,0.0000000000000000e+00,6.1614692020744970e+00,1.7578878788653343e+00,6.1614692020744970e+00,4.4904297049004267e+00,5.2816729205793287e+00,0.0000000000000000e+00,2.9311542583368255e+00,0.0000000000000000e+00,4.4904297049004267e+00,9.1216590232828099e-01,0.0000000000000000e+00,6.1614692020744970e+00,0.0000000000000000e+00,1.7578878788653343e+00,2.9311542583368255e+00,2.9311542583368255e+00,1.7578878788653343e+00,3.5058644578598477e+00,1.7578878788653343e+00,3.5058644578598477e+00,0.0000000000000000e+00,9.1216590232828099e-01,5.2816729205793287e+00,9.1216590232828099e-01,4.4904297049004267e+00,9.1216590232828099e-01,0.0000000000000000e+00,6.1614692020744970e+00,6.1614692020744970e+00,4.4904297049004267e+00,4.4904297049004267e+00,0.0000000000000000e+00,4.4904297049004267e+00,4.4904297049004267e+00,6.1614692020744970e+00,9.1216590232828099e-01,6.1614692020744970e+00,4.4904297049004267e+00,5.2816729205793287e+00,6.1614692020744970e+00,4.4904297049004267e+00,4.4904297049004267e+00,6.1614692020744970e+00,4.4904297049004267e+00,5.2816729205793287e+00,2.9311542583368255e+00,6.1614692020744970e+00,3.5058644578598477e+00,2.9311542583368255e+00,0.0000000000000000e+00,3.5058644578598477e+00,5.2816729205793287e+00,4.4904297049004267e+00,3.5058644578598477e+00,6.1614692020744970e+00,0.0000000000000000e+00,1.7578878788653343e+00,9.1216590232828099e-01,1.7578878788653343e+00,4.4904297049004267e+00,0.0000000000000000e+00,5.2816729205793287e+00,5.2816729205793287e+00,5.2816729205793287e+00,5.2816729205793287e+00,4.4904297049004267e+00,5.2816729205793287e+00,6.1614692020744970e+00,0.0000000000000000e+00,6.1614692020744970e+00,0.0000000000000000e+00,6.1614692020744970e+00,6.1614692020744970e+00,5.2816729205793287e+00,6.1614692020744970e+00,3.5058644578598477e+00,5.2816729205793287e+00,2.9311542583368255e+00,6.1614692020744970e+00,2.9311542583368255e+00,2.9311542583368255e+00,6.1614692020744970e+00,6.1614692020744970e+00,4.4904297049004267e+00,6.1614692020744970e+00,6.1614692020744970e+00,4.4904297049004267e+00,4.4904297049004267e+00,6.1614692020744970e+00,5.2816729205793287e+00,3.5058644578598477e+00,6.1614692020744970e+00,5.2816729205793287e+00,5.2816729205793287e+00,9.1216590232828099e-01,6.1614692020744970e+00,0.0000000000000000e+00,1.7578878788653343e+00,6.1614692020744970e+00
2.7408510096699796e+00,2.7408510096699796e+00,3.3243656969154673e+00,4.7593362671977149e+00,4.7593362671977149e+00,3.3243656969154673e+00,2.7408510096699796e+00,2.7408510096699796e+00,4.7593362671977149e+00,2.7408510096699796e+00,3.3243656969154673e+00,3.3243656969154673e+00,5.9132895630661011e+00,0.0000000000000000e+00,1.7064533200953720e+00,5.9132895630661011e+00,2.7408510096699796e+00,0.0000000000000000e+00,3.3243656969154673e+00,5.3843499463011728e+00,4.7593362671977149e+00,4.7593362671977149e+00,2.7408510096699796e+00,4.7593362671977149e+00,4.7593362671977149e+00,4.7593362671977149e+00,2.7408510096699796e+00,2.7408510096699796e+00,0.0000000000000000e+00,4.7593362671977149e+00,9.3609552769332027e-01,4.7593362671977149e+00,5.9132895630661011e+00,4.7593362671977149e+00,5.3843499463011728e+00,5.3843499463011728e+00,3.3243656969154673e+00,5.3843499463011728e+00,4.7593362671977149e+00,4.7593362671977149e+00,3.3243656969154673e+00,3.3243656969154673e+00,9.3609552769332027e-01,1.7064533200953720e+00,3.3243656969154673e+00,3.3243656969154673e+00,3.3243656969154673e+00,4.7593362671977149e+00,4.7593362671977149e+00,1.7064533200953720e+00,1.7064533200953720e+00,3.3243656969154673e+00,4.7593362671977149e+00,5.9132895630661011e+00,4.7593362671977149e+00,9.3609552769332027e-01,4.7593362671977149e+00,3.3243656969154673e+00,4.7593362671977149e+00,4.7593362671977149e+00,4.7593362671977149e+00,1.7064533200953720e+00,4.7593362671977149e+00,3.3243656969154673e+00,4.7593362671977149e+00,0.0000000000000000e+00,4.7593362671977149e+00,4.7593362671977149e+00,4.7593362671977149e+00,5.3843499463011728e+00,0.0000000000000000e+00,4.7593362671977149e+00,1.7064533200953720e+00,2.7408510096699796e+00,1.7064533200953720e+00,2.7408510096699796e+00,3.3243656969154673e+00,5.9132895630661011e+00,2.7408510096699796e+00,5.3843499463011728e+00,5.3843499463011728e+00,3.3243656969154673e+00,4.7593362671977149e+00,3.3243656969154673e+00,2.7408510096699796e+00,2.7408510096699796e+00,5.9132895630661011e+00,2.7408510096699796e+00,5.9132895630661011e+00,5.3843499463011728e+00,5.3843499463011728e+00,0.0000000000000000e+00,0.0000000000000000e+00,3.3243656969154673e+00,5.9132895630661011e+00,3.3243656969154673e+00,5.3843499463011728e+00,3.3243656969154673e+00,5.3843499463011728e+00,5.9132895630661011e+00,5.9132895630661011e+00,5.9132895630661011e+00,5.9132895630661011e+00,2.7408510096699796e+00,5.9132895630661011e+00,5.3843499463011728e+00,5.9132895630661011e+00,4.7593362671977149e+00,2.7408510096699796e+00,5.3843499463011728e+00,9.3609552769332027e-01,3.3243656969154673e+00,3.3243656969154673e+00,4.7593362671977149e+00,4.7593362671977149e+00,5.3843499463011728e+00,5.3843499463011728e+00,9.3609552769332027e-01,0.0000000000000000e+00,5.3843499463011728e+00,5.3843499463011728e+00,5.3843499463011728e+00,4.7593362671977149e+00,3.3243656969154673e+00,3.3243656969154673e+00,4.7593362671977149e+00,4.7593362671977149e+00,3.3243656969154673e+00,1.7064533200953720e+00,1.7064533200953720e+00,9.3609552769332027e-01,1.7064533200953720e+00,5.3843499463011728e+00,3.3243656969154673e+00,4.7593362671977149e+00,5.9132895630661011e+00,4.7593362671977149e+00,4.7593362671977149e+00,1.7064533200953720e+00,1.7064533200953720e+00,3.3243656969154673e+00,5.9132895630661011e+00,1.7064533200953720e+00,5.3843499463011728e+00,5.9132895630661011e+00,4.7593362671977149e+00,0.0000000000000000e+00,9.3609552769332027e-01,3.3243656969154673e+00,4.7593362671977149e+00,4.7593362671977149e+00,0.0000000000000000e+00,4.7593362671977149e+00,1.7064533200953720e+00,5.9132895630661011e+00,1.7064533200953720e+00,5.9132895630661011e+00,5.9132895630661011e+00,4.7593362671977149e+00,5.3843499463011728e+00,5.9132895630661011e+00,3.3243656969154673e+00,4.7593362671977149e+00,5.9132895630661011e+00,4.7593362671977149e+00,1.7064533200953720e+00,4.7593362671977149e+00,5.3843499463011728e+00,4.7593362671977149e+00,5.9132895630661011e+00,5.9132895630661011e+00,5.3843499463011728e+00,9.3609552769332027e-01,5.9132895630661011e+00,5.3843499463011728e+00,0.0000000000000000e+00,5.9132895630661011e+00,2.7408510096699796e+00,5.9132895630661011e+00,4.7593362671977149e+00,4.7593362671977149e+00,4.7593362671977149e+00,9.3609552769332027e-01,3.3243656969154673e+00,5.9132895630661011e+00,4.7593362671977149e+00,5.3843499463011728e+00,5.9132895630661011e+00,4.7593362671977149e+00,2.7408510096699796e+00,5.9132895630661011e+00,2.7408510096699796e+00,2.7408510096699796e+00,5.9132895630661011e+00,4.7593362671977149e+00,5.9132895630661011e+00,9.3609552769332027e-01,0.0000000000000000e+00,4.7593362671977149e+00,9.3609552769332027e-01,1.7064533200953720e+00,4.7593362671977149e+00,0.0000000000000000e+00,4.7593362671977149e+00,5.9132895630661011e+00,5.9132895630661011e+00,2.7408510096699796e+00,5.9132895630661011e+00,5.9132895630661011e+00,3.3243656969154673e+00,5.3843499463011728e+00,1.7064533200953720e+00,5.3843499463011728e+00,5.3843499463011728e+00,5.3843499463011728e+00,0.0000000000000000e+00,2.7408510096699796e+00,0.0000000000000000e+00,5.9132895630661011e+00,4.7593362671977149e+00,1.7064533200953720e+00,4.7593362671977149e+00,5.9132895630661011e+00,4.7593362671977149e+00,4.7593362671977149e+00,5.3843499463011728e+00,5.3843499463011728e+00,5.3843499463011728e+00,5.3843499463011728e+00,5.3843499463011728e+00,2.7408510096699796e+00,2.7408510096699796e+00,5.3843499463011728e+00,5.3843499463011728e+00,4.7593362671977149e+00,2.7408510096699796e+00,5.3843499463011728e+00,5.3843499463011728e+00,5.3843499463011728e+00,9.3609552769332027e-01,5.3843499463011728e+00,5.3843499463011728e+00,5.9132895630661011e+00,4.7593362671977149e+00,5.3843499463011728e+00,9.3609552769332027e-01,3.3243656969154673e+00,0.0000000000000000e+00,5.3843499463011728e+00,5.3843499463011728e+00,9.3609552769332027e-01,5.3843499463011728e+00,4.7593362671977149e+00,3.3243656969154673e+00,5.3843499463011728e+00,5.3843499463011728e+00,9.3609552769332027e-01,5.9132895630661011e+00,5.3843499463011728e+00,4.7593362671977149e+00,4.7593362671977149e+00,2.7408510096699796e+00,4.7593362671977149e+00,5.9132895630661011e+00,4.7593362671977149e+00,1.7064533200953720e+00,5.9132895630661011e+00,4.7593362671977149e+00,1.7064533200953720e+00,4.7593362671977149e+00,4.7593362671977149e+00,4.7593362671977149e+00,4.7593362671977149e+00,3.3243656969154673e+00,0.0000000000000000e+00,0.0000000000000000e+00,1.7064533200953720e+00,0.0000000000000000e+00,1.7064533200953720e+00,4.7593362671977149e+00,5.3843499463011728e+00,9.3609552769332027e-01,2.7408510096699796e+00,2.7408510096699796e+00,3.3243656969154673e+00,2.7408510096699796e+00,2.7408510096699796e+00,5.3843499463011728e+00,0.0000000000000000e+00,3.3243656969154673e+00,9.3609552769332027e-01,1.7064533200953720e+00,4.7593362671977149e+00,5.3843499463011728e+00,3.3243656969154673e+00,4.7593362671977149e+00,3.3243656969154673e+00,5.3843499463011728e+00,1.7064533200953720e+00,5.3843499463011728e+00,4.7593362671977149e+00,5.9132895630661011e+00,3.3243656969154673e+00,2.7408510096699796e+00,9.3609552769332027e-01,9.3609552769332027e-01,5.9132895630661011e+00,5.3843499463011728e+00,5.3843499463011728e+00,9.3609552769332027e-01,5.3843499463011728e+00,4.7593362671977149e+00,5.3843499463011728e+00,5.9132895630661011e+00,3.3243656969154673e+00,0.0000000000000000e+00,5.3843499463011728e+00,3.3243656969154673e+00,1.7064533200953720e+00,5.3843499463011728e+00,5.9132895630661011e+00,5.9132895630661011e+00,5.9132895630661011e+00,5.3843499463011728e+00,0.0000000000000000e+00,9.3609552769332027e-01,5.3843499463011728e+00,4.7593362671977149e+00,4.7593362671977149e+00,5.3843499463011728e+00,5.3843499463011728e+00,3.3243656969154673e+00,3.3243656969154673e+00,5.9132895630661011e+00,5.3843499463011728e+00,1.7064533200953720e+00,3.3243656969154673e+00,5.3843499463011728e+00,5.9132895630661011e+00,0.0000000000000000e+00,4.7593362671977149e+00,4.7593362671977149e+00,4.7593362671977149e+00,5.3843499463011728e+00,5.3843499463011728e+00,5.3843499463011728e+00,4.7593362671977149e+00,5.3843499463011728e+00,5.3843499463011728e+00,3.3243656969154673e+00,2.7408510096699796e+00,3.3243656969154673e+00,1.7064533200953720e+00,5.3843499463011728e+00,4.7593362671977149e+00,5.3843499463011728e+00,9.3609552769332027e-01,5.9132895630661011e+00,5.3843499463011728e+00,5.3843499463011728e+00,2.7408510096699796e+00,0.0000000000000000e+00,5.3843499463011728e+00,2.7408510096699796e+00,5.3843499463011728e+00,4.7593362671977149e+00,4.7593362671977149e+00,4.7593362671977149e+00,5.3843499463011728e+00,2.7408510096699796e+00,5.3843499463011728e+00,2.7408510096699796e+00,5.3843499463011728e+00,5.9132895630661011e+00,3.3243656969154673e+00,9.3609552769332027e-01,2.7408510096699796e+00,5.3843499463011728e+00,3.3243656969154673e+00,1.7064533200953720e+00,4.7593362671977149e+00,0.0000000000000000e+00,9.3609552769332027e-01,5.3843499463011728e+00,5.3843499463011728e+00,2.7408510096699796e+00,5.9132895630661011e+00,5.9132895630661011e+00,3.3243656969154673e+00,3.3243656969154673e+00,5.3843499463011728e+00,0.0000000000000000e+00,5.3843499463011728e+00,5.3843499463011728e+00,4.7593362671977149e+00,3.3243656969154673e+00,4.7593362671977149e+00,5.3843499463011728e+00,4.7593362671977149e+00,4.7593362671977149e+00,4.7593362671977149e+00,5.9132895630661011e+00,3.3243656969154673e+00,3.3243656969154673e+00,4.7593362671977149e+00,2.7408510096699796e+00,5.9132895630661011e+00,2.7408510096699796e+00,0.0000000000000000e+00,5.3843499463011728e+00,1.7064533200953720e+00,4.7593362671977149e+00,4.7593362671977149e+00,4.7593362671977149e+00,4.7593362671977149e+00,2.7408510096699796e+00,5.9132895630661011e+00,0.0000000000000000e+00,5.3843499463011728e+00,1.7064533200953720e+00,3.3243656969154673e+00,9.3609552769332027e-01,5.3843499463011728e+00,5.3843499463011728e+00,5.3843499463011728e+00,0.0000000000000000e+00,5.3843499463011728e+00,2.7408510096699796e+00,3.3243656969154673e+00,0.0000000000000000e+00,2.7408510096699796e+00,1.7064533200953720e+00,4.7593362671977149e+00,5.9132895630661011e+00,2.7408510096699796e+00,4.7593362671977149e+00,1.7064533200953720e+00,9.3609552769332027e-01,9.3609552769332027e-01,3.3243656969154673e+00,5.3843499463011728e+00,2.7408510096699796e+00,0.0000000000000000e+00,1.7064533200953720e+00,5.3843499463011728e+00,4.7593362671977149e+00,5.3843499463011728e+00,4.7593362671977149e+00,3.3243656969154673e+00,2.7408510096699796e+00,9.3609552769332027e-01,2.7408510096699796e+00,5.3843499463011728e+00,5.9132895630661011e+00,5.9132895630661011e+00,5.3843499463011728e+00,5.3843499463011728e+00,2.7408510096699796e+00,5.9132895630661011e+00,5.9132895630661011e+00,4.7593362671977149e+00,5.9132895630661011e+00,5.3843499463011728e+00,5.9132895630661011e+00,5.3843499463011728e+00,4.7593362671977149e+00,5.3843499463011728e+00,2.7408510096699796e+00,5.3843499463011728e+00,1.7064533200953720e+00,2.7408510096699796e+00,2.7408510096699796e+00,5.3843499463011728e+00,2.7408510096699796e+00,1.7064533200953720e+00,4.7593362671977149e+00,4.7593362671977149e+00,0.0000000000000000e+00,9.3609552769332027e-01,3.3243656969154673e+00,5.3843499463011728e+00,5.3843499463011728e+00,5.3843499463011728e+00,4.7593362671977149e+00,0.0000000000000000e+00,2.7408510096699796e+00,3.3243656969154673e+00,0.0000000000000000e+00,5.9132895630661011e+00,5.9132895630661011e+00,2.7408510096699796e+00,1.7064533200953720e+00,2.7408510096699796e+00,5.9132895630661011e+00,5.9132895630661011e+00,5.3843499463011728e+00,5.3843499463011728e+00,5.3843499463011728e+00,2.7408510096699796e+00,0.0000000000000000e+00,5.9132895630661011e+00,5.3843499463011728e+00,3.3243656969154673e+00,0.0000000000000000e+00,5.3843499463011728e+00,5.9132895630661011e+00,5.3843499463011728e+00,4.7593362671977149e+00,4.7593362671977149e+00,3.3243656969154673e+00,5.9132895630661011e+00,3.3243656969154673e+00,3.3243656969154673e+00,5.9132895630661011e+00,3.3243656969154673e+00,4.7593362671977149e+00,9.3609552769332027e-01,4.7593362671977149e+00,5.9132895630661011e+00,3.3243656969154673e+00,5.3843499463011728e+00,1.7064533200953720e+00,4.7593362671977149e+00,5.9132895630661011e+00,2.7408510096699796e+00,2.7408510096699796e+00,3.3243656969154673e+00,5.9132895630661011e+00,4.7593362671977149e+00,3.3243656969154673e+00,4.7593362671977149e+00,4.7593362671977149e+00,4.7593362671977149e+00,3.3243656969154673e+00,5.3843499463011728e+00,5.3843499463011728e+00,5.3843499463011728e+00,3.3243656969154673e+00,4.7593362671977149e+00,0.0000000000000000e+00,5.9132895630661011e+00,0.0000000000000000e+00,9.3609552769332027e-01,5.3843499463011728e+00,5.3843499463011728e+00,5.3843499463011728e+00,5.3843499463011728e+00,1.7064533200953720e+00,5.3843499463011728e+00,3.3243656969154673e+00,5.3843499463011728e+00,4.7593362671977149e+00,5.3843499463011728e+00,5.3843499463011728e+00,5.3843499463011728e+00,5.3843499463011728e+00,5.3843499463011728e+00,0.0000000000000000e+00,5.3843499463011728e+00,5.9132895630661011e+00,2.7408510096699796e+00,5.3843499463011728e+00,5.3843499463011728e+00,5.3843499463011728e+00,4.7593362671977149e+00,5.9132895630661011e+00,1.7064533200953720e+00,5.3843499463011728e+00,5.9132895630661011e+00,5.9132895630661011e+00,2.7408510096699796e+00,9.3609552769332027e-01,5.3843499463011728e+00,5.3843499463011728e+00,5.3843499463011728e+00,1.7064533200953720e+00,5.3843499463011728e+00,5.9132895630661011e+00,4.7593362671977149e+00,5.9132895630661011e+00,5.9132895630661011e+00,3.3243656969154673e+00,5.3843499463011728e+00,5.3843499463011728e+00,5.9132895630661011e+00,5.9132895630661011e+00,5.3843499463011728e+00,5.9132895630661011e+00,4.7593362671977149e+00,9.3609552769332027e-01,1.7064533200953720e+00,5.9132895630661011e+00,9.3609552769332027e-01,5.3843499463011728e+00,5.3843499463011728e+00,4.7593362671977149e+00,4.7593362671977149e+00,2.7408510096699796e+00,1.7064533200953720e+00,1.7064533200953720e+00,5.9132895630661011e+00,3.3243656969154673e+00,9.3609552769332027e-01,5.3843499463011728e+00,3.3243656969154673e+00,5.9132895630661011e+00,5.3843499463011728e+00,4.7593362671977149e+00,3.3243656969154673e+00,2.7408510096699796e+00,1.7064533200953720e+00,5.3843499463011728e+00,2.7408510096699796e+00,4.7593362671977149e+00,3.3243656969154673e+00,5.3843499463011728e+00,1.7064533200953720e+00,5.9132895630661011e+00,0.0000000000000000e+00,4.7593362671977149e+00,9.3609552769332027e-01,2.7408510096699796e+00,4.7593362671977149e+00,5.3843499463011728e+00,1.7064533200953720e+00,9.3609552769332027e-01,3.3243656969154673e+00,3.3243656969154673e+00,5.9132895630661011e+00,5.3843499463011728e+00,4.7593362671977149e+00,0.0000000000000000e+00,5.9132895630661011e+00,3.3243656969154673e+00,5.9132895630661011e+00,5.9132895630661011e+00,5.9132895630661011e+00,0.0000000000000000e+00,0.0000000000000000e+00,2.7408510096699796e+00,0.0000000000000000e+00,4.7593362671977149e+00,3.3243656969154673e+00,5.9132895630661011e+00,5.9132895630661011e+00,5.9132895630661011e+00,4.7593362671977149e+00,3.3243656969154673e+00,0.0000000000000000e+00,5.3843499463011728e+00,4.7593362671977149e+00,5.9132895630661011e+00,2.7408510096699796e+00,5.9132895630661011e+00,0.0000000000000000e+00,5.3843499463011728e+00,0.0000000000000000e+00,3.3243656969154673e+00,4.7593362671977149e+00,2.7408510096699796e+00,1.7064533200953720e+00,3.3243656969154673e+00,4.7593362671977149e+00,3.3243656969154673e+00,9.3609552769332027e-01,4.7593362671977149e+00,9.3609552769332027e-01,3.3243656969154673e+00,4.7593362671977149e+00,3.3243656969154673e+00,5.3843499463011728e+00,0.0000000000000000e+00,5.3843499463011728e+00,2.7408510096699796e+00,5.3843499463011728e+00,5.9132895630661011e+00,9.3609552769332027e-01,9.3609552769332027e-01,9.3609552769332027e-01,5.9132895630661011e+00,1.7064533200953720e+00,5.3843499463011728e+00,5.9132895630661011e+00,5.9132895630661011e+00,5.3843499463011728e+00,5.9132895630661011e+00,5.3843499463011728e+00,3.3243656969154673e+00,4.7593362671977149e+00,0.0000000000000000e+00,2.7408510096699796e+00,2.7408510096699796e+00,5.3843499463011728e+00,0.0000000000000000e+00,5.3843499463011728e+00,5.3843499463011728e+00,2.7408510096699796e+00,5.9132895630661011e+00,1.7064533200953720e+00,5.9132895630661011e+00,3.3243656969154673e+00,0.0000000000000000e+00,3.3243656969154673e+00,3.3243656969154673e+00,3.3243656969154673e+00,1.7064533200953720e+00,5.3843499463011728e+00,3.3243656969154673e+00,4.7593362671977149e+00,2.7408510096699796e+00,5.9132895630661011e+00,5.9132895630661011e+00,5.3843499463011728e+00,3.3243656969154673e+00,4.7593362671977149e+00,4.7593362671977149e+00,5.9132895630661011e+00,5.3843499463011728e+00,4.7593362671977149e+00,5.3843499463011728e+00,3.3243656969154673e+00,2.7408510096699796e+00,0.0000000000000000e+00,2.7408510096699796e+00,5.9132895630661011e+00,2.7408510096699796e+00,9.3609552769332027e-01,5.9132895630661011e+00,5.9132895630661011e+00,9.3609552769332027e-01,5.9132895630661011e+00,9.3609552769332027e-01,3.3243656969154673e+00,5.3843499463011728e+00,4.7593362671977149e+00,5.9132895630661011e+00,5.3843499463011728e+00,5.9132895630661011e+00,5.9132895630661011e+00,4.7593362671977149e+00,3.3243656969154673e+00,3.3243656969154673e+00,5.3843499463011728e+00,5.3843499463011728e+00,5.9132895630661011e+00,5.3843499463011728e+00,4.7593362671977149e+00,5.3843499463011728e+00,5.3843499463011728e+00,2.7408510096699796e+00,1.7064533200953720e+00,5.9132895630661011e+00,2.7408510096699796e+00,5.3843499463011728e+00,2.7408510096699796e+00,0.0000000000000000e+00,5.9132895630661011e+00,5.9132895630661011e+00,3.3243656969154673e+00,3.3243656969154673e+00,5.9132895630661011e+00,2.7408510096699796e+00,3.3243656969154673e+00,1.7064533200953720e+00,5.3843499463011728e+00,4.7593362671977149e+00,9.3609552769332027e-01,5.3843499463011728e+00,2.7408510096699796e+00,2.7408510096699796e+00,1.7064533200953720e+00,5.9132895630661011e+00,4.7593362671977149e+00,0.0000000000000000e+00,0.0000000000000000e+00,5.9132895630661011e+00,4.7593362671977149e+00,3.3243656969154673e+00,2.7408510096699796e+00,5.9132895630661011e+00,5.9132895630661011e+00,5.9132895630661011e+00,5.9132895630661011e+00,9.3609552769332027e-01,5.9132895630661011e+00,5.9132895630661011e+00,5.9132895630661011e+00,4.7593362671977149e+00,3.3243656969154673e+00,5.9132895630661011e+00,4.7593362671977149e+00,4.7593362671977149e+00,2.7408510096699796e+00,2.7408510096699796e+00,1.7064533200953720e+00,4.7593362671977149e+00,1.7064533200953720e+00,5.3843499463011728e+00,5.9132895630661011e+00,5.3843499463011728e+00,5.9132895630661011e+00,0.0000000000000000e+00,3.3243656969154673e+00,5.3843499463011728e+00,2.7408510096699796e+00,0.0000000000000000e+00,5.9132895630661011e+00,5.3843499463011728e+00,2.7408510096699796e+00,5.9132895630661011e+00,5.9132895630661011e+00,5.9132895630661011e+00,5.3843499463011728e+00,5.3843499463011728e+00,5.9132895630661011e+00,5.9132895630661011e+00,5.9132895630661011e+00,5.3843499463011728e+00,5.9132895630661011e+00,3.3243656969154673e+00,5.9132895630661011e+00,2.7408510096699796e+00,1.7064533200953720e+00,5.3843499463011728e+00,5.3843499463011728e+00,1.7064533200953720e+00,3.3243656969154673e+00,4.7593362671977149e+00,3.3243656969154673e+00,0.0000000000000000e+00,5.9132895630661011e+00,9.3609552769332027e-01,1.7064533200953720e+00,5.3843499463011728e+00,5.9132895630661011e+00,3.3243656969154673e+00,5.9132895630661011e+00,5.9132895630661011e+00,2.7408510096699796e+00,0.0000000000000000e+00,2.7408510096699796e+00,5.3843499463011728e+00,5.3843499463011728e+00,5.9132895630661011e+00,3.3243656969154673e+00,5.3843499463011728e+00,5.3843499463011728e+00,5.9132895630661011e+00,2.7408510096699796e+00,5.9132895630661011e+00,1.7064533200953720e+00,4.7593362671977149e+00,4.7593362671977149e+00,3.3243656969154673e+00,4.7593362671977149e+00,5.9132895630661011e+00,5.9132895630661011e+00,3.3243656969154673e+00,3.3243656969154673e+00,5.3843499463011728e+00,5.3843499463011728e+00,9.3609552769332027e-01,5.9132895630661011e+00,1.7064533200953720e+00,2.7408510096699796e+00,4.7593362671977149e+00,4.7593362671977149e+00,4.7593362671977149e+00,5.9132895630661011e+00,5.9132895630661011e+00,5.3843499463011728e+00,2.7408510096699796e+00,4.7593362671977149e+00,4.7593362671977149e+00,2.7408510096699796e+00,4.7593362671977149e+00,0.0000000000000000e+00,0.0000000000000000e+00,4.7593362671977149e+00,4.7593362671977149e+00,4.7593362671977149e+00,5.3843499463011728e+00,5.9132895630661011e+00,5.3843499463011728e+00,3.3243656969154673e+00,5.3843499463011728e+00,9.3609552769332027e-01,9.3609552769332027e-01,5.9132895630661011e+00,3.3243656969154673e+00,4.7593362671977149e+00,5.9132895630661011e+00,4.7593362671977149e+00,1.7064533200953720e+00,5.9132895630661011e+00,5.9132895630661011e+00,3.3243656969154673e+00,5.9132895630661011e+00,2.7408510096699796e+00,5.9132895630661011e+00,4.7593362671977149e+00,2.7408510096699796e+00,5.3843499463011728e+00,5.9132895630661011e+00,4.7593362671977149e+00,3.3243656969154673e+00,9.3609552769332027e-01,3.3243656969154673e+00,3.3243656969154673e+00,1.7064533200953720e+00,5.3843499463011728e+00,5.3843499463011728e+00,2.7408510096699796e+00,5.9132895630661011e+00,5.9132895630661011e+00,1.7064533200953720e+00,5.9132895630661011e+00,5.3843499463011728e+00,5.3843499463011728e+00,5.9132895630661011e+00,5.3843499463011728e+00,5.9132895630661011e+00,5.9132895630661011e+00,2.7408510096699796e+00,0.0000000000000000e+00,3.3243656969154673e+00,2.7408510096699796e+00,2.7408510096699796e+00,5.3843499463011728e+00,9.3609552769332027e-01,5.3843499463011728e+00,5.3843499463011728e+00,2.7408510096699796e+00,3.3243656969154673e+00,5.9132895630661011e+00,5.3843499463011728e+00,5.9132895630661011e+00,5.9132895630661011e+00,3.3243656969154673e+00,5.9132895630661011e+00,0.0000000000000000e+00,3.3243656969154673e+00,3.3243656969154673e+00,5.9132895630661011e+00,9.3609552769332027e-01,0.0000000000000000e+00,3.3243656969154673e+00,5.9132895630661011e+00,5.3843499463011728e+00,3.3243656969154673e+00,5.9132895630661011e+00,2.7408510096699796e+00,4.7593362671977149e+00,2.7408510096699796e+00,3.3243656969154673e+00,1.7064533200953720e+00,5.9132895630661011e+00,0.0000000000000000e+00,2.7408510096699796e+00,9.3609552769332027e-01,4.7593362671977149e+00,1.7064533200953720e+00,5.3843499463011728e+00,2.7408510096699796e+00,3.3243656969154673e+00,5.9132895630661011e+00,2.7408510096699796e+00,0.0000000000000000e+00,2.7408510096699796e+00,1.7064533200953720e+00,5.3843499463011728e+00,2.7408510096699796e+00,4.7593362671977149e+00,3.3243656969154673e+00,4.7593362671977149e+00,5.9132895630661011e+00,5.9132895630661011e+00,5.9132895630661011e+00,1.7064533200953720e+00,5.9132895630661011e+00,5.9132895630661011e+00,5.3843499463011728e+00,9.3609552769332027e-01,5.9132895630661011e+00,5.9132895630661011e+00,4.7593362671977149e+00,4.7593362671977149e+00,5.3843499463011728e+00,5.9132895630661011e+00,5.9132895630661011e+00,2.7408510096699796e+00,9.3609552769332027e-01,1.7064533200953720e+00,5.9132895630661011e+00,5.9132895630661011e+00,5.9132895630661011e+00,1.7064533200953720e+00,5.3843499463011728e+00,5.3843499463011728e+00,5.3843499463011728e+00
3.6051950360559282e+00,3.6051950360559282e+00,1.9304082274304333e+00,3.6051950360559282e+00,3.6051950360559282e+00,2.6811710415991437e+00,2.6811710415991437e+00,5.9119806018068513e+00,3.6051950360559282e+00,3.6051950360559282e+00,3.6051950360559282e+00,3.6051950360559282e+00,2.6811710415991437e+00,2.6811710415991437e+00,1.9304082274304333e+00,5.9119806018068513e+00,0.0000000000000000e+00,1.9304082274304333e+00,3.6051950360559282e+00,5.9119806018068513e+00,4.4135353967303539e+00,5.4674365571207719e+00,1.9304082274304333e+00,4.4135353967303539e+00,3.6051950360559282e+00,4.4135353967303539e+00,4.4135353967303539e+00,1.9304082274304333e+00,3.6051950360559282e+00,5.9119806018068513e+00,3.6051950360559282e+00,5.4674365571207719e+00,5.9119806018068513e+00,3.6051950360559282e+00,1.9304082274304333e+00,3.6051950360559282e+00,3.6051950360559282e+00,9.1692316475845570e-01,5.9119806018068513e+00,5.9119806018068513e+00,5.9119806018068513e+00,4.4135353967303539e+00,3.6051950360559282e+00,4.4135353967303539e+00,1.9304082274304333e+00,3.6051950360559282e+00,3.6051950360559282e+00,2.6811710415991437e+00,5.9119806018068513e+00,5.4674365571207719e+00,3.6051950360559282e+00,9.1692316475845570e-01,5.9119806018068513e+00,5.9119806018068513e+00,3.6051950360559282e+00,9.1692316475845570e-01,3.6051950360559282e+00,9.1692316475845570e-01,3.6051950360559282e+00,5.4674365571207719e+00,3.6051950360559282e+00,5.4674365571207719e+00,3.6051950360559282e+00,3.6051950360559282e+00,4.4135353967303539e+00,3.6051950360559282e+00,9.1692316475845570e-01,5.4674365571207719e+00,4.4135353967303539e+00,3.6051950360559282e+00,4.4135353967303539e+00,0.0000000000000000e+00,9.1692316475845570e-01,5.4674365571207719e+00,9.1692316475845570e-01,1.9304082274304333e+00,9.1692316475845570e-01,5.9119806018068513e+00,5.9119806018068513e+00,5.9119806018068513e+00,9.1692316475845570e-01,3.6051950360559282e+00,9.1692316475845570e-01,5.9119806018068513e+00,3.6051950360559282e+00,2.6811710415991437e+00,9.1692316475845570e-01,4.4135353967303539e+00,9.1692316475845570e-01,4.4135353967303539e+00,4.4135353967303539e+00,0.0000000000000000e+00,4.4135353967303539e+00,4.4135353967303539e+00,4.4135353967303539e+00,0.0000000000000000e+00,0.0000000000000000e+00,3.6051950360559282e+00,4.4135353967303539e+00,5.9119806018068513e+00,0.0000000000000000e+00,4.4135353967303539e+00,3.6051950360559282e+00,5.9119806018068513e+00,1.9304082274304333e+00,3.6051950360559282e+00,3.6051950360559282e+00,3.6051950360559282e+00,2.6811710415991437e+00,0.0000000000000000e+00,3.6051950360559282e+00,2.6811710415991437e+00,5.9119806018068513e+00,3.6051950360559282e+00,0.0000000000000000e+00,4.4135353967303539e+00,3.6051950360559282e+00,3.6051950360559282e+00,1.9304082274304333e+00,3.6051950360559282e+00,4.4135353967303539e+00,4.4135353967303539e+00,3.6051950360559282e+00,9.1692316475845570e-01,4.4135353967303539e+00,3.6051950360559282e+00,3.6051950360559282e+00,5.4674365571207719e+00,3.6051950360559282e+00,3.6051950360559282e+00,5.9119806018068513e+00,5.4674365571207719e+00,9.1692316475845570e-01,0.0000000000000000e+00,1.9304082274304333e+00,4.4135353967303539e+00,4.4135353967303539e+00,3.6051950360559282e+00,3.6051950360559282e+00,3.6051950360559282e+00,9.1692316475845570e-01,3.6051950360559282e+00,5.9119806018068513e+00,2.6811710415991437e+00,9.1692316475845570e-01,5.9119806018068513e+00,2.6811710415991437e+00,2.6811710415991437e+00,5.9119806018068513e+00,3.6051950360559282e+00,9.1692316475845570e-01,9.1692316475845570e-01,5.9119806018068513e+00,3.6051950360559282e+00,0.0000000000000000e+00,1.9304082274304333e+00,4.4135353967303539e+00,4.4135353967303539e+00,1.9304082274304333e+00,2.6811710415991437e+00,5.4674365571207719e+00,0.0000000000000000e+00,4.4135353967303539e+00,5.9119806018068513e+00,3.6051950360559282e+00,5.9119806018068513e+00,4.4135353967303539e+00,4.4135353967303539e+00,5.9119806018068513e+00,4.4135353967303539e+00,3.6051950360559282e+00,3.6051950360559282e+00,4.4135353967303539e+00,4.4135353967303539e+00,9.1692316475845570e-01,0.0000000000000000e+00,1.9304082274304333e+00,5.9119806018068513e+00,5.9119806018068513e+00,2.6811710415991437e+00,2.6811710415991437e+00,3.6051950360559282e+00,0.0000000000000000e+00,4.4135353967303539e+00,4.4135353967303539e+00,4.4135353967303539e+00,0.0000000000000000e+00,2.6811710415991437e+00,2.6811710415991437e+00,1.9304082274304333e+00,5.4674365571207719e+00,3.6051950360559282e+00,3.6051950360559282e+00,3.6051950360559282e+00,1.9304082274304333e+00,3.6051950360559282e+00,1.9304082274304333e+00,5.4674365571207719e+00,4.4135353967303539e+00,1.9304082274304333e+00,4.4135353967303539e+00,5.9119806018068513e+00,5.9119806018068513e+00,1.9304082274304333e+00,4.4135353967303539e+00,0.0000000000000000e+00,5.4674365571207719e+00,4.4135353967303539e+00,5.9119806018068513e+00,5.4674365571207719e+00,5.9119806018068513e+00,3.6051950360559282e+00,5.9119806018068513e+00,2.6811710415991437e+00,5.9119806018068513e+00,5.9119806018068513e+00,2.6811710415991437e+00,0.0000000000000000e+00,4.4135353967303539e+00,4.4135353967303539e+00,4.4135353967303539e+00,2.6811710415991437e+00,9.1692316475845570e-01,5.9119806018068513e+00,4.4135353967303539e+00,4.4135353967303539e+00,4.4135353967303539e+00,5.9119806018068513e+00,0.0000000000000000e+00,5.9119806018068513e+00,5.9119806018068513e+00,5.9119806018068513e+00,5.9119806018068513e+00,1.9304082274304333e+00,9.1692316475845570e-01,4.4135353967303539e+00,1.9304082274304333e+00,4.4135353967303539e+00,3.6051950360559282e+00,4.4135353967303539e+00,1.9304082274304333e+00,1.9304082274304333e+00,1.9304082274304333e+00,1.9304082274304333e+00,5.9119806018068513e+00,0.0000000000000000e+00,1.9304082274304333e+00,1.9304082274304333e+00,3.6051950360559282e+00,5.4674365571207719e+00,5.9119806018068513e+00,5.9119806018068513e+00,9.1692316475845570e-01,5.4674365571207719e+00,5.4674365571207719e+00,3.6051950360559282e+00,5.9119806018068513e+00,3.6051950360559282e+00,5.4674365571207719e+00,3.6051950360559282e+00,9.1692316475845570e-01,1.9304082274304333e+00,1.9304082274304333e+00,9.1692316475845570e-01,9.1692316475845570e-01,1.9304082274304333e+00,5.4674365571207719e+00,3.6051950360559282e+00,5.4674365571207719e+00,1.9304082274304333e+00,9.1692316475845570e-01,1.9304082274304333e+00,2.6811710415991437e+00,0.0000000000000000e+00,5.4674365571207719e+00,0.0000000000000000e+00,0.0000000000000000e+00,9.1692316475845570e-01,1.9304082274304333e+00,4.4135353967303539e+00,4.4135353967303539e+00,1.9304082274304333e+00,3.6051950360559282e+00,2.6811710415991437e+00,0.0000000000000000e+00,0.0000000000000000e+00,9.1692316475845570e-01,9.1692316475845570e-01,2.6811710415991437e+00,0.0000000000000000e+00,9.1692316475845570e-01,2.6811710415991437e+00,1.9304082274304333e+00,2.6811710415991437e+00,3.6051950360559282e+00,1.9304082274304333e+00,3.6051950360559282e+00,4.4135353967303539e+00,1.9304082274304333e+00,4.4135353967303539e+00,1.9304082274304333e+00,5.4674365571207719e+00,4.4135353967303539e+00,5.9119806018068513e+00,5.4674365571207719e+00,3.6051950360559282e+00,3.6051950360559282e+00,4.4135353967303539e+00,5.9119806018068513e+00,2.6811710415991437e+00,2.6811710415991437e+00,4.4135353967303539e+00,2.6811710415991437e+00,4.4135353967303539e+00,2.6811710415991437e+00,3.6051950360559282e+00,5.9119806018068513e+00,4.4135353967303539e+00,4.4135353967303539e+00,1.9304082274304333e+00,4.4135353967303539e+00,5.9119806018068513e+00,4.4135353967303539e+00,5.9119806018068513e+00,5.9119806018068513e+00,0.0000000000000000e+00,5.4674365571207719e+00,5.4674365571207719e+00,4.4135353967303539e+00,1.9304082274304333e+00,5.9119806018068513e+00,5.9119806018068513e+00,3.6051950360559282e+00,3.6051950360559282e+00,4.4135353967303539e+00,4.4135353967303539e+00,4.4135353967303539e+00,3.6051950360559282e+00,0.0000000000000000e+00,5.4674365571207719e+00,5.4674365571207719e+00,5.4674365571207719e+00,3.6051950360559282e+00,0.0000000000000000e+00,1.9304082274304333e+00,9.1692316475845570e-01,1.9304082274304333e+00,0.0000000000000000e+00,1.9304082274304333e+00,2.6811710415991437e+00,5.4674365571207719e+00,2.6811710415991437e+00,5.9119806018068513e+00,5.9119806018068513e+00,3.6051950360559282e+00,4.4135353967303539e+00,3.6051950360559282e+00,1.9304082274304333e+00,2.6811710415991437e+00,5.4674365571207719e+00,3.6051950360559282e+00,5.9119806018068513e+00,2.6811710415991437e+00,5.9119806018068513e+00,9.1692316475845570e-01,4.4135353967303539e+00,5.9119806018068513e+00,5.9119806018068513e+00,2.6811710415991437e+00,5.9119806018068513e+00,5.9119806018068513e+00,5.4674365571207719e+00,3.6051950360559282e+00,3.6051950360559282e+00,5.9119806018068513e+00,4.4135353967303539e+00,2.6811710415991437e+00,4.4135353967303539e+00,3.6051950360559282e+00,4.4135353967303539e+00,4.4135353967303539e+00,4.4135353967303539e+00,9.1692316475845570e-01,3.6051950360559282e+00,3.6051950360559282e+00,5.9119806018068513e+00,0.0000000000000000e+00,5.4674365571207719e+00,0.0000000000000000e+00,4.4135353967303539e+00,5.4674365571207719e+00,1.9304082274304333e+00,5.4674365571207719e+00,3.6051950360559282e+00,5.9119806018068513e+00,1.9304082274304333e+00,5.4674365571207719e+00,3.6051950360559282e+00,5.9119806018068513e+00,5.9119806018068513e+00,3.6051950360559282e+00,5.9119806018068513e+00,4.4135353967303539e+00,5.9119806018068513e+00,0.0000000000000000e+00,5.9119806018068513e+00,4.4135353967303539e+00,5.4674365571207719e+00,5.9119806018068513e+00,5.4674365571207719e+00,5.4674365571207719e+00,2.6811710415991437e+00,2.6811710415991437e+00,9.1692316475845570e-01,3.6051950360559282e+00,4.4135353967303539e+00,1.9304082274304333e+00,3.6051950360559282e+00,3.6051950360559282e+00,5.9119806018068513e+00,2.6811710415991437e+00,0.0000000000000000e+00,2.6811710415991437e+00,5.4674365571207719e+00,4.4135353967303539e+00,9.1692316475845570e-01,4.4135353967303539e+00,0.0000000000000000e+00,9.1692316475845570e-01,5.9119806018068513e+00,5.9119806018068513e+00,3.6051950360559282e+00,0.0000000000000000e+00,9.1692316475845570e-01,3.6051950360559282e+00,5.9119806018068513e+00,2.6811710415991437e+00,4.4135353967303539e+00,5.9119806018068513e+00,2.6811710415991437e+00,4.4135353967303539e+00,4.4135353967303539e+00,1.9304082274304333e+00,1.9304082274304333e+00,4.4135353967303539e+00,3.6051950360559282e+00,0.0000000000000000e+00,5.9119806018068513e+00,3.6051950360559282e+00,3.6051950360559282e+00,0.0000000000000000e+00,3.6051950360559282e+00,5.9119806018068513e+00,3.6051950360559282e+00,3.6051950360559282e+00,3.6051950360559282e+00,2.6811710415991437e+00,2.6811710415991437e+00,3.6051950360559282e+00,0.0000000000000000e+00,4.4135353967303539e+00,3.6051950360559282e+00,4.4135353967303539e+00,5.4674365571207719e+00,5.4674365571207719e+00,4.4135353967303539e+00,5.9119806018068513e+00,5.4674365571207719e+00,5.4674365571207719e+00,1.9304082274304333e+00,4.4135353967303539e+00,5.4674365571207719e+00,3.6051950360559282e+00,9.1692316475845570e-01,0.0000000000000000e+00,5.9119806018068513e+00,4.4135353967303539e+00,3.6051950360559282e+00,4.4135353967303539e+00,4.4135353967303539e+00,0.0000000000000000e+00,4.4135353967303539e+00,3.6051950360559282e+00,1.9304082274304333e+00,9.1692316475845570e-01,4.4135353967303539e+00,2.6811710415991437e+00,2.6811710415991437e+00,4.4135353967303539e+00,4.4135353967303539e+00,5.9119806018068513e+00,4.4135353967303539e+00,2.6811710415991437e+00,1.9304082274304333e+00,1.9304082274304333e+00,5.9119806018068513e+00,5.9119806018068513e+00,5.9119806018068513e+00,5.9119806018068513e+00,0.0000000000000000e+00,4.4135353967303539e+00,3.6051950360559282e+00,3.6051950360559282e+00,1.9304082274304333e+00,9.1692316475845570e-01,1.9304082274304333e+00,5.9119806018068513e+00,4.4135353967303539e+00,5.4674365571207719e+00,4.4135353967303539e+00,4.4135353967303539e+00,4.4135353967303539e+00,4.4135353967303539e+00,4.4135353967303539e+00,3.6051950360559282e+00,1.9304082274304333e+00,4.4135353967303539e+00,0.0000000000000000e+00,3.6051950360559282e+00,5.4674365571207719e+00,5.4674365571207719e+00,5.4674365571207719e+00,0.0000000000000000e+00,5.9119806018068513e+00,4.4135353967303539e+00,9.1692316475845570e-01,0.0000000000000000e+00,4.4135353967303539e+00,2.6811710415991437e+00,5.4674365571207719e+00,0.0000000000000000e+00,5.4674365571207719e+00,4.4135353967303539e+00,5.4674365571207719e+00,1.9304082274304333e+00,0.0000000000000000e+00,5.4674365571207719e+00,4.4135353967303539e+00,5.4674365571207719e+00,2.6811710415991437e+00,2.6811710415991437e+00,2.6811710415991437e+00,2.6811710415991437e+00,0.0000000000000000e+00,5.4674365571207719e+00,5.9119806018068513e+00,5.9119806018068513e+00,4.4135353967303539e+00,1.9304082274304333e+00,2.6811710415991437e+00,5.4674365571207719e+00,5.4674365571207719e+00,3.6051950360559282e+00,3.6051950360559282e+00,3.6051950360559282e+00,0.0000000000000000e+00,3.6051950360559282e+00,3.6051950360559282e+00,4.4135353967303539e+00,9.1692316475845570e-01,0.0000000000000000e+00,3.6051950360559282e+00,1.9304082274304333e+00,4.4135353967303539e+00,3.6051950360559282e+00,4.4135353967303539e+00,0.0000000000000000e+00,9.1692316475845570e-01,9.1692316475845570e-01,5.9119806018068513e+00,5.9119806018068513e+00,3.6051950360559282e+00,5.9119806018068513e+00,9.1692316475845570e-01,5.4674365571207719e+00,3.6051950360559282e+00,4.4135353967303539e+00,4.4135353967303539e+00,3.6051950360559282e+00,5.9119806018068513e+00,0.0000000000000000e+00,0.0000000000000000e+00,9.1692316475845570e-01,9.1692316475845570e-01,5.9119806018068513e+00,5.9119806018068513e+00,4.4135353967303539e+00,5.4674365571207719e+00,5.9119806018068513e+00,0.0000000000000000e+00,9.1692316475845570e-01,9.1692316475845570e-01,5.4674365571207719e+00,3.6051950360559282e+00,0.0000000000000000e+00,5.9119806018068513e+00,5.9119806018068513e+00,5.9119806018068513e+00,3.6051950360559282e+00,3.6051950360559282e+00,0.0000000000000000e+00,1.9304082274304333e+00,5.9119806018068513e+00,5.9119806018068513e+00,9.1692316475845570e-01,3.6051950360559282e+00,0.0000000000000000e+00,1.9304082274304333e+00,9.1692316475845570e-01,4.4135353967303539e+00,5.9119806018068513e+00,5.9119806018068513e+00,3.6051950360559282e+00,3.6051950360559282e+00,5.4674365571207719e+00,5.9119806018068513e+00,5.9119806018068513e+00,2.6811710415991437e+00,3.6051950360559282e+00,4.4135353967303539e+00,5.9119806018068513e+00,5.9119806018068513e+00,5.9119806018068513e+00,5.9119806018068513e+00,3.6051950360559282e+00,3.6051950360559282e+00,4.4135353967303539e+00,5.9119806018068513e+00,5.9119806018068513e+00,5.4674365571207719e+00,5.9119806018068513e+00,5.4674365571207719e+00,0.0000000000000000e+00,5.9119806018068513e+00,9.1692316475845570e-01,5.9119806018068513e+00,5.4674365571207719e+00,5.9119806018068513e+00,3.6051950360559282e+00,3.6051950360559282e+00,5.4674365571207719e+00,3.6051950360559282e+00,4.4135353967303539e+00,3.6051950360559282e+00,5.9119806018068513e+00,3.6051950360559282e+00,3.6051950360559282e+00,4.4135353967303539e+00,5.9119806018068513e+00,2.6811710415991437e+00,0.0000000000000000e+00,5.4674365571207719e+00,5.4674365571207719e+00,5.9119806018068513e+00,5.9119806018068513e+00,1.9304082274304333e+00,5.9119806018068513e+00,5.9119806018068513e+00,5.4674365571207719e+00,5.9119806018068513e+00,2.6811710415991437e+00,4.4135353967303539e+00,3.6051950360559282e+00,4.4135353967303539e+00,5.9119806018068513e+00,2.6811710415991437e+00,2.6811710415991437e+00,3.6051950360559282e+00,5.4674365571207719e+00,3.6051950360559282e+00,9.1692316475845570e-01,5.4674365571207719e+00,3.6051950360559282e+00,3.6051950360559282e+00,5.9119806018068513e+00,2.6811710415991437e+00,3.6051950360559282e+00,9.1692316475845570e-01,9.1692316475845570e-01,1.9304082274304333e+00,5.4674365571207719e+00,5.4674365571207719e+00,2.6811710415991437e+00,5.9119806018068513e+00,2.6811710415991437e+00,0.0000000000000000e+00,4.4135353967303539e+00,9.1692316475845570e-01,0.0000000000000000e+00,4.4135353967303539e+00,0.0000000000000000e+00,4.4135353967303539e+00,0.0000000000000000e+00,1.9304082274304333e+00,4.4135353967303539e+00,3.6051950360559282e+00,2.6811710415991437e+00,5.9119806018068513e+00,3.6051950360559282e+00,5.9119806018068513e+00,4.4135353967303539e+00,4.4135353967303539e+00,3.6051950360559282e+00,4.4135353967303539e+00,5.9119806018068513e+00,3.6051950360559282e+00,9.1692316475845570e-01,4.4135353967303539e+00,5.9119806018068513e+00,5.4674365571207719e+00,5.9119806018068513e+00,2.6811710415991437e+00,9.1692316475845570e-01,9.1692316475845570e-01,5.9119806018068513e+00,4.4135353967303539e+00,5.4674365571207719e+00,5.4674365571207719e+00,5.4674365571207719e+00,2.6811710415991437e+00,4.4135353967303539e+00,5.9119806018068513e+00,4.4135353967303539e+00,4.4135353967303539e+00,5.9119806018068513e+00,5.9119806018068513e+00,0.0000000000000000e+00,4.4135353967303539e+00,4.4135353967303539e+00,3.6051950360559282e+00,5.4674365571207719e+00,5.9119806018068513e+00,5.9119806018068513e+00,5.9119806018068513e+00,3.6051950360559282e+00,3.6051950360559282e+00,5.9119806018068513e+00,5.9119806018068513e+00,0.0000000000000000e+00,5.9119806018068513e+00,5.9119806018068513e+00,5.9119806018068513e+00,1.9304082274304333e+00,5.4674365571207719e+00,3.6051950360559282e+00,5.9119806018068513e+00,5.9119806018068513e+00,3.6051950360559282e+00,3.6051950360559282e+00,4.4135353967303539e+00,5.9119806018068513e+00,5.9119806018068513e+00,9.1692316475845570e-01,5.9119806018068513e+00,4.4135353967303539e+00,4.4135353967303539e+00,4.4135353967303539e+00,5.9119806018068513e+00,4.4135353967303539e+00,0.0000000000000000e+00,2.6811710415991437e+00,0.0000000000000000e+00,4.4135353967303539e+00,0.0000000000000000e+00,4.4135353967303539e+00,4.4135353967303539e+00,5.9119806018068513e+00,0.0000000000000000e+00,1.9304082274304333e+00,4.4135353967303539e+00,4.4135353967303539e+00,3.6051950360559282e+00,3.6051950360559282e+00,4.4135353967303539e+00,4.4135353967303539e+00,2.6811710415991437e+00,4.4135353967303539e+00,1.9304082274304333e+00,5.9119806018068513e+00,3.6051950360559282e+00,4.4135353967303539e+00,1.9304082274304333e+00,5.9119806018068513e+00,5.9119806018068513e+00,5.9119806018068513e+00,5.9119806018068513e+00,5.9119806018068513e+00,1.9304082274304333e+00,3.6051950360559282e+00,2.6811710415991437e+00,5.9119806018068513e+00,1.9304082274304333e+00,4.4135353967303539e+00,2.6811710415991437e+00,2.6811710415991437e+00,5.9119806018068513e+00,2.6811710415991437e+00,2.6811710415991437e+00,0.0000000000000000e+00,9.1692316475845570e-01,4.4135353967303539e+00,4.4135353967303539e+00,5.4674365571207719e+00,5.4674365571207719e+00,3.6051950360559282e+00,4.4135353967303539e+00,4.4135353967303539e+00,5.4674365571207719e+00,5.4674365571207719e+00,5.9119806018068513e+00,4.4135353967303539e+00,1.9304082274304333e+00,3.6051950360559282e+00,5.9119806018068513e+00,4.4135353967303539e+00,4.4135353967303539e+00,4.4135353967303539e+00,0.0000000000000000e+00,1.9304082274304333e+00,5.4674365571207719e+00,4.4135353967303539e+00,1.9304082274304333e+00,4.4135353967303539e+00,2.6811710415991437e+00,4.4135353967303539e+00,1.9304082274304333e+00,5.4674365571207719e+00,3.6051950360559282e+00,3.6051950360559282e+00,5.9119806018068513e+00,1.9304082274304333e+00,4.4135353967303539e+00,3.6051950360559282e+00,5.4674365571207719e+00,5.9119806018068513e+00,5.9119806018068513e+00,5.4674365571207719e+00,5.4674365571207719e+00,3.6051950360559282e+00,5.9119806018068513e+00,5.4674365571207719e+00,0.0000000000000000e+00,5.9119806018068513e+00,3.6051950360559282e+00,5.4674365571207719e+00,2.6811710415991437e+00,4.4135353967303539e+00,9.1692316475845570e-01,9.1692316475845570e-01,5.4674365571207719e+00,0.0000000000000000e+00,2.6811710415991437e+00,0.0000000000000000e+00,4.4135353967303539e+00,5.4674365571207719e+00,5.4674365571207719e+00,5.9119806018068513e+00,1.9304082274304333e+00,5.9119806018068513e+00,0.0000000000000000e+00,5.9119806018068513e+00,0.0000000000000000e+00,5.9119806018068513e+00,3.6051950360559282e+00,9.1692316475845570e-01,5.9119806018068513e+00,5.4674365571207719e+00,2.6811710415991437e+00,5.9119806018068513e+00,2.6811710415991437e+00,4.4135353967303539e+00,3.6051950360559282e+00,5.9119806018068513e+00,5.9119806018068513e+00,3.6051950360559282e+00,4.4135353967303539e+00,5.4674365571207719e+00,5.9119806018068513e+00,5.9119806018068513e+00,3.6051950360559282e+00,5.9119806018068513e+00,1.9304082274304333e+00,2.6811710415991437e+00,4.4135353967303539e+00,5.9119806018068513e+00,5.4674365571207719e+00,2.6811710415991437e+00,5.4674365571207719e+00,5.9119806018068513e+00,2.6811710415991437e+00,5.4674365571207719e+00,5.4674365571207719e+00,2.6811710415991437e+00,5.9119806018068513e+00,5.4674365571207719e+00,5.4674365571207719e+00,5.4674365571207719e+00,0.0000000000000000e+00,5.9119806018068513e+00,2.6811710415991437e+00,9.1692316475845570e-01,5.9119806018068513e+00,5.9119806018068513e+00,5.9119806018068513e+00,5.4674365571207719e+00,5.4674365571207719e+00,5.9119806018068513e+00,5.9119806018068513e+00,5.9119806018068513e+00,0.0000000000000000e+00,3.6051950360559282e+00,5.9119806018068513e+00,5.4674365571207719e+00,5.9119806018068513e+00,5.9119806018068513e+00,5.4674365571207719e+00,2.6811710415991437e+00,5.9119806018068513e+00,5.4674365571207719e+00,5.9119806018068513e+00,3.6051950360559282e+00,5.9119806018068513e+00,1.9304082274304333e+00,5.4674365571207719e+00,5.4674365571207719e+00,5.9119806018068513e+00,0.0000000000000000e+00,5.9119806018068513e+00,5.4674365571207719e+00,5.4674365571207719e+00,5.9119806018068513e+00,5.4674365571207719e+00,5.4674365571207719e+00,3.6051950360559282e+00,4.4135353967303539e+00,5.4674365571207719e+00,3.6051950360559282e+00,3.6051950360559282e+00,2.6811710415991437e+00,2.6811710415991437e+00,5.9119806018068513e+00,5.9119806018068513e+00,5.9119806018068513e+00,3.6051950360559282e+00,0.0000000000000000e+00,3.6051950360559282e+00,5.9119806018068513e+00,9.1692316475845570e-01,5.9119806018068513e+00,5.4674365571207719e+00,1.9304082274304333e+00,5.4674365571207719e+00,1.9304082274304333e+00,5.9119806018068513e+00,1.9304082274304333e+00,1.9304082274304333e+00,5.9119806018068513e+00,4.4135353967303539e+00,9.1692316475845570e-01,5.9119806018068513e+00,2.6811710415991437e+00,4.4135353967303539e+00,1.9304082274304333e+00,4.4135353967303539e+00,9.1692316475845570e-01,5.4674365571207719e+00,5.4674365571207719e+00,5.4674365571207719e+00,5.9119806018068513e+00,2.6811710415991437e+00,5.9119806018068513e+00,5.9119806018068513e+00,5.9119806018068513e+00,2.6811710415991437e+00,3.6051950360559282e+00,4.4135353967303539e+00,3.6051950360559282e+00,4.4135353967303539e+00,5.4674365571207719e+00,4.4135353967303539e+00,5.4674365571207719e+00,5.9119806018068513e+00,2.6811710415991437e+00,2.6811710415991437e+00,5.9119806018068513e+00,1.9304082274304333e+00,3.6051950360559282e+00,5.9119806018068513e+00,5.9119806018068513e+00,2.6811710415991437e+00,2.6811710415991437e+00,5.9119806018068513e+00,5.9119806018068513e+00,4.4135353967303539e+00,9.1692316475845570e-01,5.9119806018068513e+00,9.1692316475845570e-01,0.0000000000000000e+00,5.4674365571207719e+00,9.1692316475845570e-01
6.0974833183564412e+00,6.0974833183564412e+00,6.0974833183564412e+00,5.5995741408996631e+00,0.0000000000000000e+00,6.0974833183564412e+00,5.5995741408996631e+00,5.5995741408996631e+00,1.7974903687447690e+00,6.0974833183564412e+00,0.0000000000000000e+00,5.5995741408996631e+00,1.7974903687447690e+00,4.4893600091425601e+00,4.4893600091425601e+00,0.0000000000000000e+00,5.5995741408996631e+00,6.0974833183564412e+00,5.5995741408996631e+00,8.8719673576334535e-01,0.0000000000000000e+00,3.9166643023040479e+00,4.4893600091425601e+00,4.4893600091425601e+00,4.4893600091425601e+00,4.4893600091425601e+00,4.4893600091425601e+00,0.0000000000000000e+00,4.4893600091425601e+00,4.4893600091425601e+00,4.4893600091425601e+00,4.4893600091425601e+00,5.5995741408996631e+00,5.5995741408996631e+00,4.4893600091425601e+00,6.0974833183564412e+00,6.0974833183564412e+00,4.4893600091425601e+00,4.4893600091425601e+00,1.7974903687447690e+00,5.5995741408996631e+00,1.7974903687447690e+00,3.0550693304807153e+00,4.4893600091425601e+00,5.5995741408996631e+00,3.0550693304807153e+00,3.0550693304807153e+00,4.4893600091425601e+00,1.7974903687447690e+00,4.4893600091425601e+00,4.4893600091425601e+00,4.4893600091425601e+00,1.7974903687447690e+00,5.5995741408996631e+00,3.0550693304807153e+00,3.0550693304807153e+00,5.5995741408996631e+00,5.5995741408996631e+00,1.7974903687447690e+00,1.7974903687447690e+00,1.7974903687447690e+00,5.5995741408996631e+00,5.5995741408996631e+00,1.7974903687447690e+00,0.0000000000000000e+00,4.4893600091425601e+00,4.4893600091425601e+00,5.5995741408996631e+00,3.0550693304807153e+00,4.4893600091425601e+00,4.4893600091425601e+00,3.9166643023040479e+00,3.0550693304807153e+00,4.4893600091425601e+00,4.4893600091425601e+00,0.0000000000000000e+00,0.0000000000000000e+00,4.4893600091425601e+00,4.4893600091425601e+00,8.8719673576334535e-01,4.4893600091425601e+00,1.7974903687447690e+00,1.7974903687447690e+00,4.4893600091425601e+00,3.9166643023040479e+00,3.9166643023040479e+00,6.0974833183564412e+00,6.0974833183564412e+00,3.9166643023040479e+00,5.5995741408996631e+00,5.5995741408996631e+00,5.5995741408996631e+00,3.9166643023040479e+00,1.7974903687447690e+00,1.7974903687447690e+00,3.9166643023040479e+00,1.7974903687447690e+00,6.0974833183564412e+00,4.4893600091425601e+00,4.4893600091425601e+00,6.0974833183564412e+00,4.4893600091425601e+00,6.0974833183564412e+00,4.4893600091425601e+00,0.0000000000000000e+00,4.4893600091425601e+00,4.4893600091425601e+00,8.8719673576334535e-01,5.5995741408996631e+00,4.4893600091425601e+00,5.5995741408996631e+00,4.4893600091425601e+00,4.4893600091425601e+00,5.5995741408996631e+00,4.4893600091425601e+00,4.4893600091425601e+00,0.0000000000000000e+00,5.5995741408996631e+00,4.4893600091425601e+00,6.0974833183564412e+00,8.8719673576334535e-01,4.4893600091425601e+00,4.4893600091425601e+00,8.8719673576334535e-01,4.4893600091425601e+00,4.4893600091425601e+00,6.0974833183564412e+00,6.0974833183564412e+00,1.7974903687447690e+00,0.0000000000000000e+00,1.7974903687447690e+00,4.4893600091425601e+00,5.5995741408996631e+00,4.4893600091425601e+00,6.0974833183564412e+00,4.4893600091425601e+00,4.4893600091425601e+00,4.4893600091425601e+00,4.4893600091425601e+00,5.5995741408996631e+00,6.0974833183564412e+00,4.4893600091425601e+00,4.4893600091425601e+00,5.5995741408996631e+00,8.8719673576334535e-01,4.4893600091425601e+00,6.0974833183564412e+00,5.5995741408996631e+00,6.0974833183564412e+00,0.0000000000000000e+00,4.4893600091425601e+00,6.0974833183564412e+00,4.4893600091425601e+00,6.0974833183564412e+00,6.0974833183564412e+00,4.4893600091425601e+00,6.0974833183564412e+00,8.8719673576334535e-01,4.4893600091425601e+00,6.0974833183564412e+00,4.4893600091425601e+00,4.4893600091425601e+00,4.4893600091425601e+00,3.9166643023040479e+00,4.4893600091425601e+00,0.0000000000000000e+00,3.9166643023040479e+00,3.0550693304807153e+00,6.0974833183564412e+00,8.8719673576334535e-01,4.4893600091425601e+00,3.0550693304807153e+00,4.4893600091425601e+00,5.5995741408996631e+00,4.4893600091425601e+00,5.5995741408996631e+00,4.4893600091425601e+00,1.7974903687447690e+00,4.4893600091425601e+00,4.4893600091425601e+00,5.5995741408996631e+00,1.7974903687447690e+00,1.7974903687447690e+00,4.4893600091425601e+00,5.5995741408996631e+00,5.5995741408996631e+00,0.0000000000000000e+00,3.0550693304807153e+00,3.0550693304807153e+00,3.0550693304807153e+00,4.4893600091425601e+00,1.7974903687447690e+00,6.0974833183564412e+00,5.5995741408996631e+00,3.9166643023040479e+00,3.9166643023040479e+00,5.5995741408996631e+00,5.5995741408996631e+00,1.7974903687447690e+00,5.5995741408996631e+00,3.9166643023040479e+00,5.5995741408996631e+00,4.4893600091425601e+00,8.8719673576334535e-01,0.0000000000000000e+00,5.5995741408996631e+00,4.4893600091425601e+00,5.5995741408996631e+00,6.0974833183564412e+00,3.0550693304807153e+00,8.8719673576334535e-01,0.0000000000000000e+00,1.7974903687447690e+00,6.0974833183564412e+00,4.4893600091425601e+00,6.0974833183564412e+00,6.0974833183564412e+00,5.5995741408996631e+00,5.5995741408996631e+00,6.0974833183564412e+00,5.5995741408996631e+00,3.9166643023040479e+00,3.9166643023040479e+00,8.8719673576334535e-01,5.5995741408996631e+00,0.0000000000000000e+00,5.5995741408996631e+00,4.4893600091425601e+00,5.5995741408996631e+00,0.0000000000000000e+00,6.0974833183564412e+00,6.0974833183564412e+00,3.0550693304807153e+00,8.8719673576334535e-01,6.0974833183564412e+00,0.0000000000000000e+00,5.5995741408996631e+00,5.5995741408996631e+00,3.9166643023040479e+00,6.0974833183564412e+00,5.5995741408996631e+00,3.9166643023040479e+00,5.5995741408996631e+00,3.9166643023040479e+00,8.8719673576334535e-01,5.5995741408996631e+00,4.4893600091425601e+00,5.5995741408996631e+00,5.5995741408996631e+00,5.5995741408996631e+00,4.4893600091425601e+00,5.5995741408996631e+00,3.9166643023040479e+00,3.0550693304807153e+00,5.5995741408996631e+00,4.4893600091425601e+00,6.0974833183564412e+00,5.5995741408996631e+00,5.5995741408996631e+00,5.5995741408996631e+00,3.9166643023040479e+00,1.7974903687447690e+00,6.0974833183564412e+00,1.7974903687447690e+00,5.5995741408996631e+00,6.0974833183564412e+00,1.7974903687447690e+00,5.5995741408996631e+00,8.8719673576334535e-01,1.7974903687447690e+00,3.9166643023040479e+00,1.7974903687447690e+00,1.7974903687447690e+00,3.9166643023040479e+00,5.5995741408996631e+00,3.9166643023040479e+00,6.0974833183564412e+00,5.5995741408996631e+00,5.5995741408996631e+00,5.5995741408996631e+00,5.5995741408996631e+00,3.0550693304807153e+00,3.9166643023040479e+00,5.5995741408996631e+00,0.0000000000000000e+00,8.8719673576334535e-01,6.0974833183564412e+00,3.9166643023040479e+00,6.0974833183564412e+00,3.9166643023040479e+00,5.5995741408996631e+00,3.9166643023040479e+00,3.9166643023040479e+00,3.0550693304807153e+00,4.4893600091425601e+00,4.4893600091425601e+00,4.4893600091425601e+00,5.5995741408996631e+00,6.0974833183564412e+00,4.4893600091425601e+00,3.9166643023040479e+00,4.4893600091425601e+00,0.0000000000000000e+00,3.9166643023040479e+00,8.8719673576334535e-01,5.5995741408996631e+00,0.0000000000000000e+00,1.7974903687447690e+00,8.8719673576334535e-01,8.8719673576334535e-01,4.4893600091425601e+00,5.5995741408996631e+00,5.5995741408996631e+00,3.0550693304807153e+00,3.0550693304807153e+00,1.7974903687447690e+00,3.9166643023040479e+00,3.0550693304807153e+00,4.4893600091425601e+00,4.4893600091425601e+00,1.7974903687447690e+00,8.8719673576334535e-01,1.7974903687447690e+00,1.7974903687447690e+00,1.7974903687447690e+00,4.4893600091425601e+00,1.7974903687447690e+00,3.0550693304807153e+00,5.5995741408996631e+00,5.5995741408996631e+00,4.4893600091425601e+00,5.5995741408996631e+00,8.8719673576334535e-01,4.4893600091425601e+00,4.4893600091425601e+00,4.4893600091425601e+00,1.7974903687447690e+00,8.8719673576334535e-01,3.0550693304807153e+00,4.4893600091425601e+00,0.0000000000000000e+00,1.7974903687447690e+00,5.5995741408996631e+00,8.8719673576334535e-01,5.5995741408996631e+00,8.8719673576334535e-01,5.5995741408996631e+00,3.9166643023040479e+00,5.5995741408996631e+00,5.5995741408996631e+00,6.0974833183564412e+00,5.5995741408996631e+00,4.4893600091425601e+00,3.9166643023040479e+00,3.9166643023040479e+00,4.4893600091425601e+00,4.4893600091425601e+00,5.5995741408996631e+00,5.5995741408996631e+00,4.4893600091425601e+00,6.0974833183564412e+00,8.8719673576334535e-01,5.5995741408996631e+00,5.5995741408996631e+00,5.5995741408996631e+00,1.7974903687447690e+00,3.0550693304807153e+00,5.5995741408996631e+00,5.5995741408996631e+00,5.5995741408996631e+00,5.5995741408996631e+00,5.5995741408996631e+00,4.4893600091425601e+00,5.5995741408996631e+00,3.0550693304807153e+00,5.5995741408996631e+00,5.5995741408996631e+00,5.5995741408996631e+00,5.5995741408996631e+00,1.7974903687447690e+00,3.9166643023040479e+00,5.5995741408996631e+00,5.5995741408996631e+00,8.8719673576334535e-01,5.5995741408996631e+00,5.5995741408996631e+00,1.7974903687447690e+00,6.0974833183564412e+00,3.9166643023040479e+00,4.4893600091425601e+00,4.4893600091425601e+00,5.5995741408996631e+00,5.5995741408996631e+00,4.4893600091425601e+00,1.7974903687447690e+00,3.9166643023040479e+00,3.9166643023040479e+00,5.5995741408996631e+00,5.5995741408996631e+00,5.5995741408996631e+00,6.0974833183564412e+00,5.5995741408996631e+00,3.0550693304807153e+00,8.8719673576334535e-01,4.4893600091425601e+00,0.0000000000000000e+00,8.8719673576334535e-01,8.8719673576334535e-01,5.5995741408996631e+00,5.5995741408996631e+00,1.7974903687447690e+00,4.4893600091425601e+00,8.8719673576334535e-01,5.5995741408996631e+00,8.8719673576334535e-01,6.0974833183564412e+00,1.7974903687447690e+00,4.4893600091425601e+00,1.7974903687447690e+00,1.7974903687447690e+00,1.7974903687447690e+00,8.8719673576334535e-01,5.5995741408996631e+00,5.5995741408996631e+00,0.0000000000000000e+00,5.5995741408996631e+00,5.5995741408996631e+00,5.5995741408996631e+00,3.9166643023040479e+00,1.7974903687447690e+00,5.5995741408996631e+00,4.4893600091425601e+00,5.5995741408996631e+00,5.5995741408996631e+00,8.8719673576334535e-01,6.0974833183564412e+00,3.0550693304807153e+00,5.5995741408996631e+00,1.7974903687447690e+00,0.0000000000000000e+00,8.8719673576334535e-01,4.4893600091425601e+00,3.9166643023040479e+00,6.0974833183564412e+00,5.5995741408996631e+00,4.4893600091425601e+00,4.4893600091425601e+00,4.4893600091425601e+00,4.4893600091425601e+00,4.4893600091425601e+00,1.7974903687447690e+00,5.5995741408996631e+00,1.7974903687447690e+00,3.0550693304807153e+00,8.8719673576334535e-01,4.4893600091425601e+00,8.8719673576334535e-01,5.5995741408996631e+00,1.7974903687447690e+00,3.0550693304807153e+00,5.5995741408996631e+00,4.4893600091425601e+00,0.0000000000000000e+00,6.0974833183564412e+00,3.0550693304807153e+00,5.5995741408996631e+00,5.5995741408996631e+00,5.5995741408996631e+00,6.0974833183564412e+00,5.5995741408996631e+00,4.4893600091425601e+00,6.0974833183564412e+00,6.0974833183564412e+00,6.0974833183564412e+00,6.0974833183564412e+00,3.9166643023040479e+00,6.0974833183564412e+00,6.0974833183564412e+00,0.0000000000000000e+00,6.0974833183564412e+00,4.4893600091425601e+00,5.5995741408996631e+00,6.0974833183564412e+00,8.8719673576334535e-01,6.0974833183564412e+00,3.0550693304807153e+00,6.0974833183564412e+00,3.0550693304807153e+00,3.0550693304807153e+00,5.5995741408996631e+00,5.5995741408996631e+00,8.8719673576334535e-01,6.0974833183564412e+00,5.5995741408996631e+00,3.9166643023040479e+00,6.0974833183564412e+00,3.9166643023040479e+00,5.5995741408996631e+00,5.5995741408996631e+00,5.5995741408996631e+00,3.0550693304807153e+00,0.0000000000000000e+00,5.5995741408996631e+00,6.0974833183564412e+00,6.0974833183564412e+00,3.9166643023040479e+00,3.0550693304807153e+00,3.9166643023040479e+00,3.9166643023040479e+00,5.5995741408996631e+00,5.5995741408996631e+00,5.5995741408996631e+00,1.7974903687447690e+00,6.0974833183564412e+00,3.9166643023040479e+00,1.7974903687447690e+00,3.9166643023040479e+00,1.7974903687447690e+00,3.0550693304807153e+00,3.0550693304807153e+00,4.4893600091425601e+00,4.4893600091425601e+00,3.0550693304807153e+00,0.0000000000000000e+00,3.0550693304807153e+00,4.4893600091425601e+00,3.0550693304807153e+00,5.5995741408996631e+00,5.5995741408996631e+00,5.5995741408996631e+00,4.4893600091425601e+00,4.4893600091425601e+00,8.8719673576334535e-01,1.7974903687447690e+00,6.0974833183564412e+00,6.0974833183564412e+00,3.0550693304807153e+00,3.0550693304807153e+00,5.5995741408996631e+00,1.7974903687447690e+00,1.7974903687447690e+00,5.5995741408996631e+00,5.5995741408996631e+00,5.5995741408996631e+00,6.0974833183564412e+00,5.5995741408996631e+00,6.0974833183564412e+00,6.0974833183564412e+00,6.0974833183564412e+00,6.0974833183564412e+00,5.5995741408996631e+00,6.0974833183564412e+00,8.8719673576334535e-01,1.7974903687447690e+00,3.9166643023040479e+00,6.0974833183564412e+00,1.7974903687447690e+00,4.4893600091425601e+00,1.7974903687447690e+00,3.0550693304807153e+00,4.4893600091425601e+00,0.0000000000000000e+00,1.7974903687447690e+00,3.0550693304807153e+00,4.4893600091425601e+00,5.5995741408996631e+00,5.5995741408996631e+00,5.5995741408996631e+00,4.4893600091425601e+00,5.5995741408996631e+00,3.9166643023040479e+00,3.9166643023040479e+00,4.4893600091425601e+00,3.0550693304807153e+00,1.7974903687447690e+00,3.0550693304807153e+00,6.0974833183564412e+00,5.5995741408996631e+00,6.0974833183564412e+00,4.4893600091425601e+00,5.5995741408996631e+00,6.0974833183564412e+00,5.5995741408996631e+00,5.5995741408996631e+00,6.0974833183564412e+00,6.0974833183564412e+00,1.7974903687447690e+00,4.4893600091425601e+00,4.4893600091425601e+00,3.0550693304807153e+00,3.0550693304807153e+00,5.5995741408996631e+00,6.0974833183564412e+00,0.0000000000000000e+00,3.0550693304807153e+00,3.0550693304807153e+00,4.4893600091425601e+00,4.4893600091425601e+00,3.9166643023040479e+00,5.5995741408996631e+00,4.4893600091425601e+00,8.8719673576334535e-01,3.9166643023040479e+00,6.0974833183564412e+00,0.0000000000000000e+00,4.4893600091425601e+00,0.0000000000000000e+00,0.0000000000000000e+00,5.5995741408996631e+00,3.9166643023040479e+00,5.5995741408996631e+00,4.4893600091425601e+00,5.5995741408996631e+00,5.5995741408996631e+00,5.5995741408996631e+00,4.4893600091425601e+00,4.4893600091425601e+00,5.5995741408996631e+00,4.4893600091425601e+00,6.0974833183564412e+00,5.5995741408996631e+00,3.9166643023040479e+00,4.4893600091425601e+00,6.0974833183564412e+00,6.0974833183564412e+00,5.5995741408996631e+00,4.4893600091425601e+00,5.5995741408996631e+00,5.5995741408996631e+00,5.5995741408996631e+00,5.5995741408996631e+00,4.4893600091425601e+00,6.0974833183564412e+00,4.4893600091425601e+00,4.4893600091425601e+00,3.9166643023040479e+00,6.0974833183564412e+00,5.5995741408996631e+00,3.0550693304807153e+00,4.4893600091425601e+00,5.5995741408996631e+00,5.5995741408996631e+00,5.5995741408996631e+00,5.5995741408996631e+00,5.5995741408996631e+00,6.0974833183564412e+00,8.8719673576334535e-01,6.0974833183564412e+00,5.5995741408996631e+00,3.0550693304807153e+00,6.0974833183564412e+00,8.8719673576334535e-01,6.0974833183564412e+00,6.0974833183564412e+00,3.9166643023040479e+00,3.9166643023040479e+00,4.4893600091425601e+00,6.0974833183564412e+00,3.9166643023040479e+00,6.0974833183564412e+00,6.0974833183564412e+00,3.9166643023040479e+00,6.0974833183564412e+00,6.0974833183564412e+00,6.0974833183564412e+00,1.7974903687447690e+00,6.0974833183564412e+00,4.4893600091425601e+00,6.0974833183564412e+00,4.4893600091425601e+00,1.7974903687447690e+00,6.0974833183564412e+00,1.7974903687447690e+00,1.7974903687447690e+00,8.8719673576334535e-01,5.5995741408996631e+00,3.9166643023040479e+00,3.0550693304807153e+00,5.5995741408996631e+00,6.0974833183564412e+00,6.0974833183564412e+00,6.0974833183564412e+00,8.8719673576334535e-01,4.4893600091425601e+00,1.7974903687447690e+00,3.9166643023040479e+00,4.4893600091425601e+00,5.5995741408996631e+00,3.9166643023040479e+00,4.4893600091425601e+00,4.4893600091425601e+00,6.0974833183564412e+00,1.7974903687447690e+00,3.9166643023040479e+00,8.8719673576334535e-01,6.0974833183564412e+00,3.9166643023040479e+00,1.7974903687447690e+00,3.9166643023040479e+00,3.9166643023040479e+00,4.4893600091425601e+00,3.9166643023040479e+00,4.4893600091425601e+00,3.9166643023040479e+00,4.4893600091425601e+00,4.4893600091425601e+00,5.5995741408996631e+00,3.9166643023040479e+00,6.0974833183564412e+00,5.5995741408996631e+00,4.4893600091425601e+00,6.0974833183564412e+00,5.5995741408996631e+00,5.5995741408996631e+00,4.4893600091425601e+00,1.7974903687447690e+00,5.5995741408996631e+00,5.5995741408996631e+00,4.4893600091425601e+00,3.9166643023040479e+00,6.0974833183564412e+00,8.8719673576334535e-01,4.4893600091425601e+00,3.0550693304807153e+00,5.5995741408996631e+00,8.8719673576334535e-01,4.4893600091425601e+00,0.0000000000000000e+00,5.5995741408996631e+00,4.4893600091425601e+00,4.4893600091425601e+00,3.9166643023040479e+00,1.7974903687447690e+00,0.0000000000000000e+00,3.9166643023040479e+00,8.8719673576334535e-01,8.8719673576334535e-01,5.5995741408996631e+00,6.0974833183564412e+00,6.0974833183564412e+00,1.7974903687447690e+00,1.7974903687447690e+00,6.0974833183564412e+00,6.0974833183564412e+00,1.7974903687447690e+00,6.0974833183564412e+00,3.9166643023040479e+00,5.5995741408996631e+00,5.5995741408996631e+00,5.5995741408996631e+00,1.7974903687447690e+00,5.5995741408996631e+00,5.5995741408996631e+00,5.5995741408996631e+00,0.0000000000000000e+00,5.5995741408996631e+00,1.7974903687447690e+00,1.7974903687447690e+00,5.5995741408996631e+00,5.5995741408996631e+00,0.0000000000000000e+00,5.5995741408996631e+00,5.5995741408996631e+00,4.4893600091425601e+00,4.4893600091425601e+00,8.8719673576334535e-01,4.4893600091425601e+00,1.7974903687447690e+00,6.0974833183564412e+00,5.5995741408996631e+00,3.9166643023040479e+00,5.5995741408996631e+00,5.5995741408996631e+00,5.5995741408996631e+00,5.5995741408996631e+00,5.5995741408996631e+00,0.0000000000000000e+00,3.0550693304807153e+00,3.0550693304807153e+00,4.4893600091425601e+00,3.0550693304807153e+00,4.4893600091425601e+00,0.0000000000000000e+00,4.4893600091425601e+00,1.7974903687447690e+00,3.0550693304807153e+00,4.4893600091425601e+00,4.4893600091425601e+00,5.5995741408996631e+00,6.0974833183564412e+00,1.7974903687447690e+00,8.8719673576334535e-01,1.7974903687447690e+00,4.4893600091425601e+00,5.5995741408996631e+00,8.8719673576334535e-01,5.5995741408996631e+00,6.0974833183564412e+00,5.5995741408996631e+00,4.4893600091425601e+00,6.0974833183564412e+00,3.9166643023040479e+00,3.0550693304807153e+00,3.9166643023040479e+00,5.5995741408996631e+00,8.8719673576334535e-01,3.9166643023040479e+00,4.4893600091425601e+00,8.8719673576334535e-01,5.5995741408996631e+00,5.5995741408996631e+00,5.5995741408996631e+00,5.5995741408996631e+00,6.0974833183564412e+00,6.0974833183564412e+00,3.0550693304807153e+00,8.8719673576334535e-01,4.4893600091425601e+00,6.0974833183564412e+00,3.0550693304807153e+00,6.0974833183564412e+00,5.5995741408996631e+00,6.0974833183564412e+00,6.0974833183564412e+00,6.0974833183564412e+00,3.0550693304807153e+00,0.0000000000000000e+00,1.7974903687447690e+00,0.0000000000000000e+00,0.0000000000000000e+00,1.7974903687447690e+00,1.7974903687447690e+00,4.4893600091425601e+00,6.0974833183564412e+00,5.5995741408996631e+00,8.8719673576334535e-01,8.8719673576334535e-01,3.0550693304807153e+00,3.0550693304807153e+00,8.8719673576334535e-01,3.9166643023040479e+00,3.0550693304807153e+00,5.5995741408996631e+00,6.0974833183564412e+00,3.9166643023040479e+00,0.0000000000000000e+00,3.9166643023040479e+00,6.0974833183564412e+00,4.4893600091425601e+00,8.8719673576334535e-01,8.8719673576334535e-01,3.0550693304807153e+00,3.9166643023040479e+00,6.0974833183564412e+00,0.0000000000000000e+00,4.4893600091425601e+00,3.9166643023040479e+00,4.4893600091425601e+00,4.4893600091425601e+00,6.0974833183564412e+00,0.0000000000000000e+00,4.4893600091425601e+00,6.0974833183564412e+00,6.0974833183564412e+00,8.8719673576334535e-01,6.0974833183564412e+00,4.4893600091425601e+00,6.0974833183564412e+00,6.0974833183564412e+00,5.5995741408996631e+00,5.5995741408996631e+00,6.0974833183564412e+00,6.0974833183564412e+00,3.9166643023040479e+00,6.0974833183564412e+00,3.9166643023040479e+00,1.7974903687447690e+00,1.7974903687447690e+00,8.8719673576334535e-01,6.0974833183564412e+00,8.8719673576334535e-01,5.5995741408996631e+00,8.8719673576334535e-01,6.0974833183564412e+00,0.0000000000000000e+00,6.0974833183564412e+00,6.0974833183564412e+00,3.9166643023040479e+00,6.0974833183564412e+00,6.0974833183564412e+00,8.8719673576334535e-01,8.8719673576334535e-01,6.0974833183564412e+00,6.0974833183564412e+00,3.0550693304807153e+00,0.0000000000000000e+00,3.0550693304807153e+00,8.8719673576334535e-01,4.4893600091425601e+00,0.0000000000000000e+00,8.8719673576334535e-01,3.9166643023040479e+00,4.4893600091425601e+00,5.5995741408996631e+00,3.9166643023040479e+00,6.0974833183564412e+00,5.5995741408996631e+00,4.4893600091425601e+00,6.0974833183564412e+00,1.7974903687447690e+00,0.0000000000000000e+00,4.4893600091425601e+00,5.5995741408996631e+00,3.0550693304807153e+00,1.7974903687447690e+00,5.5995741408996631e+00,8.8719673576334535e-01,6.0974833183564412e+00,1.7974903687447690e+00,4.4893600091425601e+00,6.0974833183564412e+00,0.0000000000000000e+00,6.0974833183564412e+00,0.0000000000000000e+00,3.0550693304807153e+00,5.5995741408996631e+00,4.4893600091425601e+00,0.0000000000000000e+00,6.0974833183564412e+00,3.0550693304807153e+00,6.0974833183564412e+00,5.5995741408996631e+00,5.5995741408996631e+00,5.5995741408996631e+00,6.0974833183564412e+00,3.0550693304807153e+00,4.4893600091425601e+00,3.0550693304807153e+00,6.0974833183564412e+00,0.0000000000000000e+00,3.9166643023040479e+00,5.5995741408996631e+00,5.5995741408996631e+00,4.4893600091425601e+00,5.5995741408996631e+00,4.4893600091425601e+00,5.5995741408996631e+00,5.5995741408996631e+00,5.5995741408996631e+00,5.5995741408996631e+00,3.9166643023040479e+00,1.7974903687447690e+00,6.0974833183564412e+00,1.7974903687447690e+00,3.0550693304807153e+00,4.4893600091425601e+00,6.0974833183564412e+00,6.0974833183564412e+00,4.4893600091425601e+00,6.0974833183564412e+00,3.9166643023040479e+00,5.5995741408996631e+00,4.4893600091425601e+00,3.9166643023040479e+00,5.5995741408996631e+00,3.9166643023040479e+00,1.7974903687447690e+00,0.0000000000000000e+00,8.8719673576334535e-01,3.9166643023040479e+00,6.0974833183564412e+00,4.4893600091425601e+00,6.0974833183564412e+00,6.0974833183564412e+00,1.7974903687447690e+00,1.7974903687447690e+00,6.0974833183564412e+00,1.7974903687447690e+00,6.0974833183564412e+00,3.9166643023040479e+00,3.9166643023040479e+00,6.0974833183564412e+00,4.4893600091425601e+00,0.0000000000000000e+00,4.4893600091425601e+00,6.0974833183564412e+00,1.7974903687447690e+00,6.0974833183564412e+00,3.9166643023040479e+00,6.0974833183564412e+00,5.5995741408996631e+00,6.0974833183564412e+00,6.0974833183564412e+00,6.0974833183564412e+00,4.4893600091425601e+00,3.0550693304807153e+00,8.8719673576334535e-01,1.7974903687447690e+00,3.9166643023040479e+00,4.4893600091425601e+00
2.7492719245147939e+00,2.7492719245147939e+00,1.8061922372503025e+00,1.8061922372503025e+00,2.7492719245147939e+00,2.7492719245147939e+00,3.3961986478919672e+00,3.3961986478919672e+00,4.5671885257560234e+00,2.7492719245147939e+00,2.7492719245147939e+00,0.0000000000000000e+00,2.7492719245147939e+00,2.7492719245147939e+00,3.3961986478919672e+00,2.7492719245147939e+00,4.5671885257560234e+00,3.3961986478919672e+00,6.4433233268112211e+00,8.5300236823381659e-01,6.4433233268112211e+00,3.3961986478919672e+00,8.5300236823381659e-01,6.4433233268112211e+00,2.7492719245147939e+00,8.5300236823381659e-01,8.5300236823381659e-01,2.7492719245147939e+00,3.3961986478919672e+00,3.3961986478919672e+00,4.5671885257560234e+00,3.3961986478919672e+00,4.5671885257560234e+00,1.8061922372503025e+00,2.7492719245147939e+00,1.8061922372503025e+00,3.3961986478919672e+00,5.9220461594520710e+00,2.7492719245147939e+00,0.0000000000000000e+00,2.7492719245147939e+00,6.4433233268112211e+00,4.5671885257560234e+00,4.5671885257560234e+00,0.0000000000000000e+00,8.5300236823381659e-01,3.3961986478919672e+00,3.3961986478919672e+00,4.5671885257560234e+00,4.5671885257560234e+00,8.5300236823381659e-01,2.7492719245147939e+00,1.8061922372503025e+00,1.8061922372503025e+00,8.5300236823381659e-01,8.5300236823381659e-01,5.9220461594520710e+00,4.5671885257560234e+00,4.5671885257560234e+00,0.0000000000000000e+00,4.5671885257560234e+00,4.5671885257560234e+00,4.5671885257560234e+00,8.5300236823381659e-01,0.0000000000000000e+00,1.8061922372503025e+00,6.4433233268112211e+00,0.0000000000000000e+00,4.5671885257560234e+00,4.5671885257560234e+00,4.5671885257560234e+00,6.4433233268112211e+00,4.5671885257560234e+00,4.5671885257560234e+00,4.5671885257560234e+00,2.7492719245147939e+00,3.3961986478919672e+00,4.5671885257560234e+00,2.7492719245147939e+00,2.7492719245147939e+00,2.7492719245147939e+00,2.7492719245147939e+00,4.5671885257560234e+00,4.5671885257560234e+00,4.5671885257560234e+00,6.4433233268112211e+00,2.7492719245147939e+00,0.0000000000000000e+00,2.7492719245147939e+00,2.7492719245147939e+00,3.3961986478919672e+00,3.3961986478919672e+00,6.4433233268112211e+00,6.4433233268112211e+00,4.5671885257560234e+00,4.5671885257560234e+00,3.3961986478919672e+00,6.4433233268112211e+00,6.4433233268112211e+00,6.4433233268112211e+00,6.4433233268112211e+00,6.4433233268112211e+00,0.0000000000000000e+00,3.3961986478919672e+00,8.5300236823381659e-01,4.5671885257560234e+00,8.5300236823381659e-01,0.0000000000000000e+00,3.3961986478919672e+00,6.4433233268112211e+00,4.5671885257560234e+00,3.3961986478919672e+00,3.3961986478919672e+00,6.4433233268112211e+00,3.3961986478919672e+00,6.4433233268112211e+00,3.3961986478919672e+00,2.7492719245147939e+00,3.3961986478919672e+00,1.8061922372503025e+00,1.8061922372503025e+00,1.8061922372503025e+00,6.4433233268112211e+00,8.5300236823381659e-01,2.7492719245147939e+00,4.5671885257560234e+00,6.4433233268112211e+00,2.7492719245147939e+00,6.4433233268112211e+00,6.4433233268112211e+00,8.5300236823381659e-01,3.3961986478919672e+00,5.9220461594520710e+00,1.8061922372503025e+00,3.3961986478919672e+00,5.9220461594520710e+00,6.4433233268112211e+00,8.5300236823381659e-01,3.3961986478919672e+00,3.3961986478919672e+00,2.7492719245147939e+00,2.7492719245147939e+00,3.3961986478919672e+00,4.5671885257560234e+00,8.5300236823381659e-01,5.9220461594520710e+00,5.9220461594520710e+00,4.5671885257560234e+00,6.4433233268112211e+00,0.0000000000000000e+00,2.7492719245147939e+00,1.8061922372503025e+00,4.5671885257560234e+00,1.8061922372503025e+00,3.3961986478919672e+00,6.4433233268112211e+00,4.5671885257560234e+00,2.7492719245147939e+00,6.4433233268112211e+00,6.4433233268112211e+00,6.4433233268112211e+00,6.4433233268112211e+00,5.9220461594520710e+00,6.4433233268112211e+00,1.8061922372503025e+00,6.4433233268112211e+00,2.7492719245147939e+00,6.4433233268112211e+00,6.4433233268112211e+00,6.4433233268112211e+00,3.3961986478919672e+00,5.9220461594520710e+00,6.4433233268112211e+00,4.5671885257560234e+00,4.5671885257560234e+00,1.8061922372503025e+00,4.5671885257560234e+00,6.4433233268112211e+00,3.3961986478919672e+00,3.3961986478919672e+00,5.9220461594520710e+00,8.5300236823381659e-01,1.8061922372503025e+00,5.9220461594520710e+00,8.5300236823381659e-01,0.0000000000000000e+00,6.4433233268112211e+00,4.5671885257560234e+00,6.4433233268112211e+00,4.5671885257560234e+00,4.5671885257560234e+00,2.7492719245147939e+00,2.7492719245147939e+00,4.5671885257560234e+00,6.4433233268112211e+00,2.7492719245147939e+00,0.0000000000000000e+00,4.5671885257560234e+00,6.4433233268112211e+00,2.7492719245147939e+00,2.7492719245147939e+00,4.5671885257560234e+00,8.5300236823381659e-01,1.8061922372503025e+00,4.5671885257560234e+00,8.5300236823381659e-01,4.5671885257560234e+00,4.5671885257560234e+00,4.5671885257560234e+00,4.5671885257560234e+00,4.5671885257560234e+00,6.4433233268112211e+00,0.0000000000000000e+00,1.8061922372503025e+00,3.3961986478919672e+00,4.5671885257560234e+00,3.3961986478919672e+00,2.7492719245147939e+00,1.8061922372503025e+00,8.5300236823381659e-01,0.0000000000000000e+00,6.4433233268112211e+00,5.9220461594520710e+00,6.4433233268112211e+00,2.7492719245147939e+00,6.4433233268112211e+00,3.3961986478919672e+00,6.4433233268112211e+00,6.4433233268112211e+00,1.8061922372503025e+00,4.5671885257560234e+00,4.5671885257560234e+00,3.3961986478919672e+00,6.4433233268112211e+00,2.7492719245147939e+00,4.5671885257560234e+00,4.5671885257560234e+00,4.5671885257560234e+00,6.4433233268112211e+00,0.0000000000000000e+00,4.5671885257560234e+00,6.4433233268112211e+00,6.4433233268112211e+00,8.5300236823381659e-01,0.0000000000000000e+00,6.4433233268112211e+00,5.9220461594520710e+00,6.4433233268112211e+00,4.5671885257560234e+00,6.4433233268112211e+00,4.5671885257560234e+00,2.7492719245147939e+00,3.3961986478919672e+00,3.3961986478919672e+00,3.3961986478919672e+00,3.3961986478919672e+00,6.4433233268112211e+00,3.3961986478919672e+00,6.4433233268112211e+00,5.9220461594520710e+00,6.4433233268112211e+00,6.4433233268112211e+00,4.5671885257560234e+00,6.4433233268112211e+00,2.7492719245147939e+00,4.5671885257560234e+00,6.4433233268112211e+00,1.8061922372503025e+00,5.9220461594520710e+00,4.5671885257560234e+00,6.4433233268112211e+00,4.5671885257560234e+00,6.4433233268112211e+00,6.4433233268112211e+00,6.4433233268112211e+00,6.4433233268112211e+00,4.5671885257560234e+00,6.4433233268112211e+00,6.4433233268112211e+00,2.7492719245147939e+00,5.9220461594520710e+00,5.9220461594520710e+00,3.3961986478919672e+00,5.9220461594520710e+00,4.5671885257560234e+00,6.4433233268112211e+00,6.4433233268112211e+00,3.3961986478919672e+00,6.4433233268112211e+00,4.5671885257560234e+00,3.3961986478919672e+00,4.5671885257560234e+00,6.4433233268112211e+00,5.9220461594520710e+00,5.9220461594520710e+00,6.4433233268112211e+00,5.9220461594520710e+00,5.9220461594520710e+00,3.3961986478919672e+00,5.9220461594520710e+00,6.4433233268112211e+00,6.4433233268112211e+00,6.4433233268112211e+00,0.0000000000000000e+00,8.5300236823381659e-01,8.5300236823381659e-01,6.4433233268112211e+00,2.7492719245147939e+00,6.4433233268112211e+00,5.9220461594520710e+00,5.9220461594520710e+00,6.4433233268112211e+00,5.9220461594520710e+00,5.9220461594520710e+00,0.0000000000000000e+00,8.5300236823381659e-01,4.5671885257560234e+00,2.7492719245147939e+00,4.5671885257560234e+00,6.4433233268112211e+00,6.4433233268112211e+00,4.5671885257560234e+00,3.3961986478919672e+00,0.0000000000000000e+00,6.4433233268112211e+00,5.9220461594520710e+00,0.0000000000000000e+00,5.9220461594520710e+00,8.5300236823381659e-01,4.5671885257560234e+00,4.5671885257560234e+00,2.7492719245147939e+00,5.9220461594520710e+00,6.4433233268112211e+00,4.5671885257560234e+00,5.9220461594520710e+00,3.3961986478919672e+00,6.4433233268112211e+00,6.4433233268112211e+00,5.9220461594520710e+00,5.9220461594520710e+00,2.7492719245147939e+00,5.9220461594520710e+00,3.3961986478919672e+00,3.3961986478919672e+00,4.5671885257560234e+00,5.9220461594520710e+00,5.9220461594520710e+00,3.3961986478919672e+00,4.5671885257560234e+00,6.4433233268112211e+00,5.9220461594520710e+00,0.0000000000000000e+00,8.5300236823381659e-01,6.4433233268112211e+00,8.5300236823381659e-01,5.9220461594520710e+00,5.9220461594520710e+00,5.9220461594520710e+00,1.8061922372503025e+00,6.4433233268112211e+00,0.0000000000000000e+00,5.9220461594520710e+00,6.4433233268112211e+00,6.4433233268112211e+00,6.4433233268112211e+00,5.9220461594520710e+00,6.4433233268112211e+00,3.3961986478919672e+00,0.0000000000000000e+00,6.4433233268112211e+00,5.9220461594520710e+00,6.4433233268112211e+00,6.4433233268112211e+00,5.9220461594520710e+00,5.9220461594520710e+00,5.9220461594520710e+00,2.7492719245147939e+00,1.8061922372503025e+00,2.7492719245147939e+00,2.7492719245147939e+00,5.9220461594520710e+00,6.4433233268112211e+00,6.4433233268112211e+00,5.9220461594520710e+00,0.0000000000000000e+00,6.4433233268112211e+00,0.0000000000000000e+00,6.4433233268112211e+00,6.4433233268112211e+00,5.9220461594520710e+00,3.3961986478919672e+00,6.4433233268112211e+00,6.4433233268112211e+00,2.7492719245147939e+00,5.9220461594520710e+00,2.7492719245147939e+00,6.4433233268112211e+00,4.5671885257560234e+00,6.4433233268112211e+00,6.4433233268112211e+00,0.0000000000000000e+00,6.4433233268112211e+00,5.9220461594520710e+00,5.9220461594520710e+00,5.9220461594520710e+00,5.9220461594520710e+00,8.5300236823381659e-01,2.7492719245147939e+00,0.0000000000000000e+00,2.7492719245147939e+00,6.4433233268112211e+00,2.7492719245147939e+00,6.4433233268112211e+00,2.7492719245147939e+00,6.4433233268112211e+00,6.4433233268112211e+00,6.4433233268112211e+00,2.7492719245147939e+00,6.4433233268112211e+00,4.5671885257560234e+00,4.5671885257560234e+00,5.9220461594520710e+00,2.7492719245147939e+00,4.5671885257560234e+00,6.4433233268112211e+00,0.0000000000000000e+00,6.4433233268112211e+00,4.5671885257560234e+00,6.4433233268112211e+00,1.8061922372503025e+00,6.4433233268112211e+00,6.4433233268112211e+00,6.4433233268112211e+00,3.3961986478919672e+00,5.9220461594520710e+00,0.0000000000000000e+00,5.9220461594520710e+00,5.9220461594520710e+00,3.3961986478919672e+00,5.9220461594520710e+00,5.9220461594520710e+00,0.0000000000000000e+00,5.9220461594520710e+00,5.9220461594520710e+00,2.7492719245147939e+00,6.4433233268112211e+00,6.4433233268112211e+00,6.4433233268112211e+00,2.7492719245147939e+00,0.0000000000000000e+00,6.4433233268112211e+00,0.0000000000000000e+00,5.9220461594520710e+00,5.9220461594520710e+00,5.9220461594520710e+00,5.9220461594520710e+00,5.9220461594520710e+00,0.0000000000000000e+00,6.4433233268112211e+00,5.9220461594520710e+00,1.8061922372503025e+00,5.9220461594520710e+00,0.0000000000000000e+00,4.5671885257560234e+00,4.5671885257560234e+00,6.4433233268112211e+00,5.9220461594520710e+00,8.5300236823381659e-01,6.4433233268112211e+00,6.4433233268112211e+00,6.4433233268112211e+00,8.5300236823381659e-01,5.9220461594520710e+00,3.3961986478919672e+00,5.9220461594520710e+00,1.8061922372503025e+00,5.9220461594520710e+00,2.7492719245147939e+00,4.5671885257560234e+00,8.5300236823381659e-01,4.5671885257560234e+00,1.8061922372503025e+00,4.5671885257560234e+00,4.5671885257560234e+00,4.5671885257560234e+00,0.0000000000000000e+00,5.9220461594520710e+00,6.4433233268112211e+00,6.4433233268112211e+00,4.5671885257560234e+00,4.5671885257560234e+00,4.5671885257560234e+00,4.5671885257560234e+00,6.4433233268112211e+00,3.3961986478919672e+00,4.5671885257560234e+00,6.4433233268112211e+00,3.3961986478919672e+00,6.4433233268112211e+00,6.4433233268112211e+00,1.8061922372503025e+00,3.3961986478919672e+00,4.5671885257560234e+00,4.5671885257560234e+00,1.8061922372503025e+00,6.4433233268112211e+00,4.5671885257560234e+00,5.9220461594520710e+00,1.8061922372503025e+00,1.8061922372503025e+00,3.3961986478919672e+00,1.8061922372503025e+00,3.3961986478919672e+00,6.4433233268112211e+00,6.4433233268112211e+00,6.4433233268112211e+00,2.7492719245147939e+00,5.9220461594520710e+00,5.9220461594520710e+00,6.4433233268112211e+00,4.5671885257560234e+00,4.5671885257560234e+00,6.4433233268112211e+00,6.4433233268112211e+00,6.4433233268112211e+00,2.7492719245147939e+00,2.7492719245147939e+00,5.9220461594520710e+00,0.0000000000000000e+00,6.4433233268112211e+00,1.8061922372503025e+00,2.7492719245147939e+00,2.7492719245147939e+00,6.4433233268112211e+00,6.4433233268112211e+00,6.4433233268112211e+00,6.4433233268112211e+00,5.9220461594520710e+00,4.5671885257560234e+00,5.9220461594520710e+00,1.8061922372503025e+00,3.3961986478919672e+00,5.9220461594520710e+00,1.8061922372503025e+00,3.3961986478919672e+00,5.9220461594520710e+00,4.5671885257560234e+00,5.9220461594520710e+00,0.0000000000000000e+00,6.4433233268112211e+00,5.9220461594520710e+00,5.9220461594520710e+00,8.5300236823381659e-01,5.9220461594520710e+00,1.8061922372503025e+00,6.4433233268112211e+00,3.3961986478919672e+00,1.8061922372503025e+00,4.5671885257560234e+00,4.5671885257560234e+00,4.5671885257560234e+00,4.5671885257560234e+00,0.0000000000000000e+00,4.5671885257560234e+00,4.5671885257560234e+00,4.5671885257560234e+00,1.8061922372503025e+00,5.9220461594520710e+00,2.7492719245147939e+00,2.7492719245147939e+00,8.5300236823381659e-01,8.5300236823381659e-01,5.9220461594520710e+00,8.5300236823381659e-01,5.9220461594520710e+00,1.8061922372503025e+00,2.7492719245147939e+00,5.9220461594520710e+00,4.5671885257560234e+00,4.5671885257560234e+00,4.5671885257560234e+00,2.7492719245147939e+00,4.5671885257560234e+00,4.5671885257560234e+00,4.5671885257560234e+00,5.9220461594520710e+00,1.8061922372503025e+00,8.5300236823381659e-01,3.3961986478919672e+00,1.8061922372503025e+00,5.9220461594520710e+00,0.0000000000000000e+00,6.4433233268112211e+00,6.4433233268112211e+00,1.8061922372503025e+00,6.4433233268112211e+00,6.4433233268112211e+00,6.4433233268112211e+00,6.4433233268112211e+00,2.7492719245147939e+00,0.0000000000000000e+00,5.9220461594520710e+00,6.4433233268112211e+00,5.9220461594520710e+00,0.0000000000000000e+00,1.8061922372503025e+00,0.0000000000000000e+00,5.9220461594520710e+00,2.7492719245147939e+00,5.9220461594520710e+00,5.9220461594520710e+00,0.0000000000000000e+00,0.0000000000000000e+00,4.5671885257560234e+00,2.7492719245147939e+00,6.4433233268112211e+00,3.3961986478919672e+00,5.9220461594520710e+00,8.5300236823381659e-01,6.4433233268112211e+00,6.4433233268112211e+00,5.9220461594520710e+00,6.4433233268112211e+00,2.7492719245147939e+00,5.9220461594520710e+00,6.4433233268112211e+00,6.4433233268112211e+00,5.9220461594520710e+00,6.4433233268112211e+00,2.7492719245147939e+00,5.9220461594520710e+00,4.5671885257560234e+00,4.5671885257560234e+00,2.7492719245147939e+00,2.7492719245147939e+00,6.4433233268112211e+00,2.7492719245147939e+00,6.4433233268112211e+00,8.5300236823381659e-01,8.5300236823381659e-01,5.9220461594520710e+00,6.4433233268112211e+00,2.7492719245147939e+00,6.4433233268112211e+00,1.8061922372503025e+00,4.5671885257560234e+00,2.7492719245147939e+00,4.5671885257560234e+00,3.3961986478919672e+00,4.5671885257560234e+00,6.4433233268112211e+00,4.5671885257560234e+00,4.5671885257560234e+00,6.4433233268112211e+00,4.5671885257560234e+00,4.5671885257560234e+00,4.5671885257560234e+00,3.3961986478919672e+00,8.5300236823381659e-01,3.3961986478919672e+00,6.4433233268112211e+00,6.4433233268112211e+00,8.5300236823381659e-01,4.5671885257560234e+00,2.7492719245147939e+00,3.3961986478919672e+00,5.9220461594520710e+00,2.7492719245147939e+00,2.7492719245147939e+00,6.4433233268112211e+00,8.5300236823381659e-01,3.3961986478919672e+00,3.3961986478919672e+00,4.5671885257560234e+00,8.5300236823381659e-01,5.9220461594520710e+00,4.5671885257560234e+00,4.5671885257560234e+00,4.5671885257560234e+00,4.5671885257560234e+00,0.0000000000000000e+00,6.4433233268112211e+00,6.4433233268112211e+00,4.5671885257560234e+00,4.5671885257560234e+00,6.4433233268112211e+00,0.0000000000000000e+00,1.8061922372503025e+00,2.7492719245147939e+00,2.7492719245147939e+00,5.9220461594520710e+00,6.4433233268112211e+00,8.5300236823381659e-01,4.5671885257560234e+00,4.5671885257560234e+00,6.4433233268112211e+00,5.9220461594520710e+00,6.4433233268112211e+00,6.4433233268112211e+00,8.5300236823381659e-01,6.4433233268112211e+00,6.4433233268112211e+00,3.3961986478919672e+00,4.5671885257560234e+00,4.5671885257560234e+00,5.9220461594520710e+00,6.4433233268112211e+00,6.4433233268112211e+00,4.5671885257560234e+00,3.3961986478919672e+00,6.4433233268112211e+00,4.5671885257560234e+00,6.4433233268112211e+00,5.9220461594520710e+00,6.4433233268112211e+00,3.3961986478919672e+00,1.8061922372503025e+00,6.4433233268112211e+00,6.4433233268112211e+00,8.5300236823381659e-01,6.4433233268112211e+00,3.3961986478919672e+00,6.4433233268112211e+00,6.4433233268112211e+00,0.0000000000000000e+00,2.7492719245147939e+00,6.4433233268112211e+00,6.4433233268112211e+00,2.7492719245147939e+00,5.9220461594520710e+00,1.8061922372503025e+00,5.9220461594520710e+00,6.4433233268112211e+00,5.9220461594520710e+00,6.4433233268112211e+00,6.4433233268112211e+00,4.5671885257560234e+00,3.3961986478919672e+00,6.4433233268112211e+00,5.9220461594520710e+00,1.8061922372503025e+00,2.7492719245147939e+00,4.5671885257560234e+00,4.5671885257560234e+00,5.9220461594520710e+00,6.4433233268112211e+00,1.8061922372503025e+00,3.3961986478919672e+00,6.4433233268112211e+00,8.5300236823381659e-01,6.4433233268112211e+00,3.3961986478919672e+00,6.4433233268112211e+00,2.7492719245147939e+00,6.4433233268112211e+00,5.9220461594520710e+00,5.9220461594520710e+00,6.4433233268112211e+00,4.5671885257560234e+00,4.5671885257560234e+00,6.4433233268112211e+00,4.5671885257560234e+00,6.4433233268112211e+00,0.0000000000000000e+00,8.5300236823381659e-01,6.4433233268112211e+00,5.9220461594520710e+00,6.4433233268112211e+00,5.9220461594520710e+00,4.5671885257560234e+00,5.9220461594520710e+00,6.4433233268112211e+00,5.9220461594520710e+00,3.3961986478919672e+00,4.5671885257560234e+00,6.4433233268112211e+00,5.9220461594520710e+00,3.3961986478919672e+00,6.4433233268112211e+00,6.4433233268112211e+00,0.0000000000000000e+00,4.5671885257560234e+00,6.4433233268112211e+00,2.7492719245147939e+00,4.5671885257560234e+00,5.9220461594520710e+00,4.5671885257560234e+00,1.8061922372503025e+00,5.9220461594520710e+00,5.9220461594520710e+00,5.9220461594520710e+00,5.9220461594520710e+00,0.0000000000000000e+00,6.4433233268112211e+00,8.5300236823381659e-01,1.8061922372503025e+00,8.5300236823381659e-01,2.7492719245147939e+00,8.5300236823381659e-01,3.3961986478919672e+00,6.4433233268112211e+00,4.5671885257560234e+00,4.5671885257560234e+00,6.4433233268112211e+00,5.9220461594520710e+00,0.0000000000000000e+00,1.8061922372503025e+00,6.4433233268112211e+00,6.4433233268112211e+00,8.5300236823381659e-01,5.9220461594520710e+00,3.3961986478919672e+00,5.9220461594520710e+00,2.7492719245147939e+00,1.8061922372503025e+00,5.9220461594520710e+00,4.5671885257560234e+00,8.5300236823381659e-01,5.9220461594520710e+00,5.9220461594520710e+00,2.7492719245147939e+00,5.9220461594520710e+00,5.9220461594520710e+00,6.4433233268112211e+00,6.4433233268112211e+00,6.4433233268112211e+00,5.9220461594520710e+00,4.5671885257560234e+00,5.9220461594520710e+00,4.5671885257560234e+00,0.0000000000000000e+00,5.9220461594520710e+00,6.4433233268112211e+00,4.5671885257560234e+00,5.9220461594520710e+00,0.0000000000000000e+00,2.7492719245147939e+00,5.9220461594520710e+00,4.5671885257560234e+00,2.7492719245147939e+00,6.4433233268112211e+00,6.4433233268112211e+00,3.3961986478919672e+00,2.7492719245147939e+00,2.7492719245147939e+00,5.9220461594520710e+00,6.4433233268112211e+00,0.0000000000000000e+00,6.4433233268112211e+00,5.9220461594520710e+00,3.3961986478919672e+00,2.7492719245147939e+00,3.3961986478919672e+00,3.3961986478919672e+00,6.4433233268112211e+00,3.3961986478919672e+00,4.5671885257560234e+00,1.8061922372503025e+00,6.4433233268112211e+00,1.8061922372503025e+00,1.8061922372503025e+00,6.4433233268112211e+00,1.8061922372503025e+00,5.9220461594520710e+00,5.9220461594520710e+00,2.7492719245147939e+00,3.3961986478919672e+00,6.4433233268112211e+00,6.4433233268112211e+00,5.9220461594520710e+00,0.0000000000000000e+00,4.5671885257560234e+00,5.9220461594520710e+00,5.9220461594520710e+00,5.9220461594520710e+00,4.5671885257560234e+00,4.5671885257560234e+00,4.5671885257560234e+00,3.3961986478919672e+00,3.3961986478919672e+00,5.9220461594520710e+00,2.7492719245147939e+00,6.4433233268112211e+00,3.3961986478919672e+00,6.4433233268112211e+00,6.4433233268112211e+00,6.4433233268112211e+00,8.5300236823381659e-01,5.9220461594520710e+00,2.7492719245147939e+00,6.4433233268112211e+00,5.9220461594520710e+00,6.4433233268112211e+00,5.9220461594520710e+00,0.0000000000000000e+00,1.8061922372503025e+00,3.3961986478919672e+00,5.9220461594520710e+00,4.5671885257560234e+00,5.9220461594520710e+00,6.4433233268112211e+00,5.9220461594520710e+00,5.9220461594520710e+00,4.5671885257560234e+00,6.4433233268112211e+00,8.5300236823381659e-01,1.8061922372503025e+00,1.8061922372503025e+00,2.7492719245147939e+00,8.5300236823381659e-01,5.9220461594520710e+00,5.9220461594520710e+00,4.5671885257560234e+00,5.9220461594520710e+00,2.7492719245147939e+00,8.5300236823381659e-01,2.7492719245147939e+00,8.5300236823381659e-01,3.3961986478919672e+00,5.9220461594520710e+00,3.3961986478919672e+00,5.9220461594520710e+00,3.3961986478919672e+00,3.3961986478919672e+00,6.4433233268112211e+00,4.5671885257560234e+00,5.9220461594520710e+00,6.4433233268112211e+00,8.5300236823381659e-01,3.3961986478919672e+00,5.9220461594520710e+00,4.5671885257560234e+00,5.9220461594520710e+00,3.3961986478919672e+00,4.5671885257560234e+00,4.5671885257560234e+00,2.7492719245147939e+00,0.0000000000000000e+00,0.0000000000000000e+00,4.5671885257560234e+00,6.4433233268112211e+00,5.9220461594520710e+00,8.5300236823381659e-01,8.5300236823381659e-01,2.7492719245147939e+00,3.3961986478919672e+00,5.9220461594520710e+00,5.9220461594520710e+00,5.9220461594520710e+00,6.4433233268112211e+00,0.0000000000000000e+00,6.4433233268112211e+00,6.4433233268112211e+00,5.9220461594520710e+00,0.0000000000000000e+00,6.4433233268112211e+00,1.8061922372503025e+00,4.5671885257560234e+00,5.9220461594520710e+00,5.9220461594520710e+00,4.5671885257560234e+00,5.9220461594520710e+00,6.4433233268112211e+00,6.4433233268112211e+00,6.4433233268112211e+00,3.3961986478919672e+00,3.3961986478919672e+00,5.9220461594520710e+00,6.4433233268112211e+00,6.4433233268112211e+00,3.3961986478919672e+00,4.5671885257560234e+00,5.9220461594520710e+00,0.0000000000000000e+00,6.4433233268112211e+00,4.5671885257560234e+00,6.4433233268112211e+00,6.4433233268112211e+00,3.3961986478919672e+00,2.7492719245147939e+00,8.5300236823381659e-01,4.5671885257560234e+00,6.4433233268112211e+00,5.9220461594520710e+00,1.8061922372503025e+00,6.4433233268112211e+00,5.9220461594520710e+00,4.5671885257560234e+00,2.7492719245147939e+00,0.0000000000000000e+00,6.4433233268112211e+00,5.9220461594520710e+00,3.3961986478919672e+00,6.4433233268112211e+00,5.9220461594520710e+00,2.7492719245147939e+00,0.0000000000000000e+00,6.4433233268112211e+00,8.5300236823381659e-01
3.9648939209444793e+00,5.9190218347527219e+00,5.9190218347527219e+00,9.2671796049840960e-01,5.9190218347527219e+00,5.9190218347527219e+00,5.9190218347527219e+00,5.9190218347527219e+00,2.8267264579091371e+00,9.2671796049840960e-01,9.2671796049840960e-01,5.9190218347527219e+00,3.9648939209444793e+00,5.9190218347527219e+00,5.9190218347527219e+00,4.1686788053584980e+00,4.1686788053584980e+00,5.9190218347527219e+00,5.1280738757213236e+00,4.1686788053584980e+00,5.9190218347527219e+00,5.9190218347527219e+00,3.9648939209444793e+00,4.1686788053584980e+00,5.9190218347527219e+00,3.9648939209444793e+00,0.0000000000000000e+00,4.1686788053584980e+00,0.0000000000000000e+00,5.9190218347527219e+00,3.9648939209444793e+00,5.9190218347527219e+00,9.2671796049840960e-01,3.9648939209444793e+00,3.9648939209444793e+00,1.9251712879404907e+00,1.9251712879404907e+00,1.9251712879404907e+00,5.9190218347527219e+00,5.9190218347527219e+00,5.9190218347527219e+00,0.0000000000000000e+00,4.1686788053584980e+00,5.1280738757213236e+00,1.9251712879404907e+00,9.2671796049840960e-01,1.9251712879404907e+00,3.9648939209444793e+00,3.9648939209444793e+00,9.2671796049840960e-01,5.9190218347527219e+00,5.1280738757213236e+00,0.0000000000000000e+00,9.2671796049840960e-01,1.9251712879404907e+00,3.9648939209444793e+00,9.2671796049840960e-01,3.9648939209444793e+00,3.9648939209444793e+00,4.1686788053584980e+00,3.9648939209444793e+00,3.9648939209444793e+00,5.1280738757213236e+00,5.9190218347527219e+00,5.9190218347527219e+00,5.9190218347527219e+00,5.9190218347527219e+00,9.2671796049840960e-01,9.2671796049840960e-01,3.9648939209444793e+00,1.9251712879404907e+00,1.9251712879404907e+00,3.9648939209444793e+00,0.0000000000000000e+00,5.1280738757213236e+00,1.9251712879404907e+00,2.8267264579091371e+00,5.9190218347527219e+00,0.0000000000000000e+00,2.8267264579091371e+00,3.9648939209444793e+00,0.0000000000000000e+00,5.1280738757213236e+00,5.9190218347527219e+00,5.9190218347527219e+00,5.1280738757213236e+00,5.9190218347527219e+00,5.1280738757213236e+00,5.9190218347527219e+00,5.9190218347527219e+00,2.8267264579091371e+00,3.9648939209444793e+00,1.9251712879404907e+00,3.9648939209444793e+00,2.8267264579091371e+00,3.9648939209444793e+00,5.9190218347527219e+00,1.9251712879404907e+00,1.9251712879404907e+00,5.1280738757213236e+00,5.1280738757213236e+00,5.9190218347527219e+00,1.9251712879404907e+00,5.1280738757213236e+00,2.8267264579091371e+00,2.8267264579091371e+00,2.8267264579091371e+00,4.1686788053584980e+00,5.1280738757213236e+00,5.1280738757213236e+00,5.1280738757213236e+00,4.1686788053584980e+00,5.9190218347527219e+00,0.0000000000000000e+00,3.9648939209444793e+00,5.9190218347527219e+00,2.8267264579091371e+00,2.8267264579091371e+00,3.9648939209444793e+00,2.8267264579091371e+00,5.9190218347527219e+00,3.9648939209444793e+00,3.9648939209444793e+00,2.8267264579091371e+00,9.2671796049840960e-01,0.0000000000000000e+00,3.9648939209444793e+00,5.9190218347527219e+00,5.9190218347527219e+00,5.1280738757213236e+00,4.1686788053584980e+00,5.9190218347527219e+00,5.1280738757213236e+00,5.1280738757213236e+00,5.9190218347527219e+00,5.1280738757213236e+00,5.1280738757213236e+00,5.1280738757213236e+00,5.9190218347527219e+00,5.9190218347527219e+00,5.1280738757213236e+00,5.9190218347527219e+00,0.0000000000000000e+00,2.8267264579091371e+00,3.9648939209444793e+00,5.9190218347527219e+00,4.1686788053584980e+00,2.8267264579091371e+00,5.1280738757213236e+00,5.1280738757213236e+00,5.9190218347527219e+00,5.9190218347527219e+00,3.9648939209444793e+00,5.1280738757213236e+00,5.9190218347527219e+00,4.1686788053584980e+00,9.2671796049840960e-01,1.9251712879404907e+00,4.1686788053584980e+00,5.9190218347527219e+00,3.9648939209444793e+00,5.9190218347527219e+00,5.1280738757213236e+00,5.9190218347527219e+00,5.9190218347527219e+00,3.9648939209444793e+00,1.9251712879404907e+00,5.9190218347527219e+00,5.1280738757213236e+00,3.9648939209444793e+00,5.1280738757213236e+00,2.8267264579091371e+00,5.1280738757213236e+00,1.9251712879404907e+00,4.1686788053584980e+00,5.9190218347527219e+00,5.9190218347527219e+00,2.8267264579091371e+00,5.9190218347527219e+00,5.9190218347527219e+00,2.8267264579091371e+00,5.1280738757213236e+00,5.9190218347527219e+00,5.9190218347527219e+00,4.1686788053584980e+00,5.1280738757213236e+00,3.9648939209444793e+00,3.9648939209444793e+00,5.9190218347527219e+00,5.9190218347527219e+00,3.9648939209444793e+00,5.1280738757213236e+00,1.9251712879404907e+00,3.9648939209444793e+00,4.1686788053584980e+00,5.1280738757213236e+00,5.1280738757213236e+00,9.2671796049840960e-01,9.2671796049840960e-01,1.9251712879404907e+00,5.9190218347527219e+00,2.8267264579091371e+00,2.8267264579091371e+00,2.8267264579091371e+00,4.1686788053584980e+00,4.1686788053584980e+00,2.8267264579091371e+00,5.1280738757213236e+00,5.9190218347527219e+00,5.1280738757213236e+00,5.9190218347527219e+00,5.1280738757213236e+00,3.9648939209444793e+00,3.9648939209444793e+00,9.2671796049840960e-01,4.1686788053584980e+00,1.9251712879404907e+00,4.1686788053584980e+00,4.1686788053584980e+00,1.9251712879404907e+00,1.9251712879404907e+00,1.9251712879404907e+00,4.1686788053584980e+00,9.2671796049840960e-01,2.8267264579091371e+00,4.1686788053584980e+00,2.8267264579091371e+00,5.9190218347527219e+00,2.8267264579091371e+00,5.9190218347527219e+00,5.9190218347527219e+00,5.1280738757213236e+00,9.2671796049840960e-01,5.9190218347527219e+00,1.9251712879404907e+00,5.1280738757213236e+00,5.9190218347527219e+00,3.9648939209444793e+00,2.8267264579091371e+00,1.9251712879404907e+00,9.2671796049840960e-01,2.8267264579091371e+00,5.1280738757213236e+00,5.9190218347527219e+00,2.8267264579091371e+00,5.9190218347527219e+00,5.9190218347527219e+00,1.9251712879404907e+00,5.9190218347527219e+00,5.1280738757213236e+00,9.2671796049840960e-01,5.1280738757213236e+00,4.1686788053584980e+00,1.9251712879404907e+00,1.9251712879404907e+00,2.8267264579091371e+00,9.2671796049840960e-01,2.8267264579091371e+00,2.8267264579091371e+00,1.9251712879404907e+00,5.1280738757213236e+00,5.1280738757213236e+00,5.1280738757213236e+00,2.8267264579091371e+00,1.9251712879404907e+00,2.8267264579091371e+00,2.8267264579091371e+00,5.1280738757213236e+00,1.9251712879404907e+00,5.9190218347527219e+00,3.9648939209444793e+00,2.8267264579091371e+00,2.8267264579091371e+00,3.9648939209444793e+00,5.9190218347527219e+00,5.9190218347527219e+00,3.9648939209444793e+00,2.8267264579091371e+00,5.9190218347527219e+00,5.1280738757213236e+00,2.8267264579091371e+00,1.9251712879404907e+00,1.9251712879404907e+00,0.0000000000000000e+00,1.9251712879404907e+00,0.0000000000000000e+00,2.8267264579091371e+00,3.9648939209444793e+00,5.9190218347527219e+00,1.9251712879404907e+00,1.9251712879404907e+00,3.9648939209444793e+00,5.1280738757213236e+00,3.9648939209444793e+00,5.9190218347527219e+00,1.9251712879404907e+00,1.9251712879404907e+00,5.1280738757213236e+00,3.9648939209444793e+00,1.9251712879404907e+00,1.9251712879404907e+00,1.9251712879404907e+00,5.9190218347527219e+00,1.9251712879404907e+00,5.9190218347527219e+00,9.2671796049840960e-01,4.1686788053584980e+00,4.1686788053584980e+00,3.9648939209444793e+00,3.9648939209444793e+00,3.9648939209444793e+00,5.9190218347527219e+00,5.9190218347527219e+00,9.2671796049840960e-01,5.9190218347527219e+00,3.9648939209444793e+00,3.9648939209444793e+00,9.2671796049840960e-01,5.1280738757213236e+00,2.8267264579091371e+00,5.1280738757213236e+00,5.9190218347527219e+00,5.1280738757213236e+00,5.1280738757213236e+00,4.1686788053584980e+00,5.9190218347527219e+00,9.2671796049840960e-01,5.9190218347527219e+00,4.1686788053584980e+00,0.0000000000000000e+00,5.1280738757213236e+00,9.2671796049840960e-01,5.1280738757213236e+00,0.0000000000000000e+00,2.8267264579091371e+00,3.9648939209444793e+00,3.9648939209444793e+00,5.9190218347527219e+00,5.9190218347527219e+00,4.1686788053584980e+00,3.9648939209444793e+00,1.9251712879404907e+00,9.2671796049840960e-01,5.1280738757213236e+00,9.2671796049840960e-01,5.9190218347527219e+00,5.1280738757213236e+00,5.9190218347527219e+00,9.2671796049840960e-01,5.1280738757213236e+00,5.9190218347527219e+00,5.9190218347527219e+00,5.1280738757213236e+00,2.8267264579091371e+00,5.9190218347527219e+00,1.9251712879404907e+00,9.2671796049840960e-01,5.9190218347527219e+00,9.2671796049840960e-01,5.9190218347527219e+00,5.9190218347527219e+00,5.1280738757213236e+00,4.1686788053584980e+00,9.2671796049840960e-01,4.1686788053584980e+00,4.1686788053584980e+00,4.1686788053584980e+00,5.9190218347527219e+00,3.9648939209444793e+00,5.9190218347527219e+00,5.9190218347527219e+00,5.1280738757213236e+00,5.9190218347527219e+00,5.1280738757213236e+00,4.1686788053584980e+00,4.1686788053584980e+00,5.9190218347527219e+00,4.1686788053584980e+00,5.1280738757213236e+00,5.1280738757213236e+00,2.8267264579091371e+00,4.1686788053584980e+00,1.9251712879404907e+00,5.9190218347527219e+00,4.1686788053584980e+00,5.1280738757213236e+00,3.9648939209444793e+00,2.8267264579091371e+00,5.9190218347527219e+00,5.9190218347527219e+00,0.0000000000000000e+00,5.9190218347527219e+00,5.9190218347527219e+00,4.1686788053584980e+00,1.9251712879404907e+00,3.9648939209444793e+00,5.1280738757213236e+00,2.8267264579091371e+00,2.8267264579091371e+00,0.0000000000000000e+00,4.1686788053584980e+00,4.1686788053584980e+00,5.9190218347527219e+00,3.9648939209444793e+00,3.9648939209444793e+00,9.2671796049840960e-01,5.1280738757213236e+00,5.9190218347527219e+00,5.9190218347527219e+00,0.0000000000000000e+00,1.9251712879404907e+00,4.1686788053584980e+00,4.1686788053584980e+00,2.8267264579091371e+00,0.0000000000000000e+00,5.9190218347527219e+00,5.9190218347527219e+00,5.9190218347527219e+00,5.1280738757213236e+00,5.9190218347527219e+00,4.1686788053584980e+00,5.1280738757213236e+00,4.1686788053584980e+00,5.1280738757213236e+00,5.9190218347527219e+00,2.8267264579091371e+00,5.9190218347527219e+00,5.9190218347527219e+00,3.9648939209444793e+00,5.9190218347527219e+00,5.9190218347527219e+00,4.1686788053584980e+00,5.1280738757213236e+00,4.1686788053584980e+00,1.9251712879404907e+00,9.2671796049840960e-01,9.2671796049840960e-01,0.0000000000000000e+00,2.8267264579091371e+00,2.8267264579091371e+00,5.1280738757213236e+00,2.8267264579091371e+00,5.9190218347527219e+00,5.9190218347527219e+00,0.0000000000000000e+00,5.1280738757213236e+00,5.9190218347527219e+00,2.8267264579091371e+00,5.1280738757213236e+00,2.8267264579091371e+00,2.8267264579091371e+00,3.9648939209444793e+00,9.2671796049840960e-01,3.9648939209444793e+00,4.1686788053584980e+00,5.1280738757213236e+00,3.9648939209444793e+00,5.1280738757213236e+00,5.1280738757213236e+00,3.9648939209444793e+00,3.9648939209444793e+00,2.8267264579091371e+00,5.1280738757213236e+00,5.9190218347527219e+00,4.1686788053584980e+00,2.8267264579091371e+00,1.9251712879404907e+00,4.1686788053584980e+00,4.1686788053584980e+00,5.9190218347527219e+00,5.1280738757213236e+00,5.1280738757213236e+00,2.8267264579091371e+00,4.1686788053584980e+00,5.9190218347527219e+00,5.9190218347527219e+00,5.9190218347527219e+00,5.9190218347527219e+00,5.9190218347527219e+00,0.0000000000000000e+00,1.9251712879404907e+00,3.9648939209444793e+00,5.1280738757213236e+00,5.9190218347527219e+00,3.9648939209444793e+00,3.9648939209444793e+00,4.1686788053584980e+00,3.9648939209444793e+00,5.9190218347527219e+00,5.1280738757213236e+00,1.9251712879404907e+00,4.1686788053584980e+00,4.1686788053584980e+00,5.9190218347527219e+00,9.2671796049840960e-01,0.0000000000000000e+00,1.9251712879404907e+00,1.9251712879404907e+00,5.9190218347527219e+00,1.9251712879404907e+00,4.1686788053584980e+00,4.1686788053584980e+00,2.8267264579091371e+00,1.9251712879404907e+00,5.1280738757213236e+00,5.9190218347527219e+00,4.1686788053584980e+00,4.1686788053584980e+00,2.8267264579091371e+00,5.1280738757213236e+00,1.9251712879404907e+00,5.1280738757213236e+00,5.1280738757213236e+00,1.9251712879404907e+00,9.2671796049840960e-01,5.1280738757213236e+00,4.1686788053584980e+00,9.2671796049840960e-01,2.8267264579091371e+00,9.2671796049840960e-01,2.8267264579091371e+00,4.1686788053584980e+00,1.9251712879404907e+00,3.9648939209444793e+00,0.0000000000000000e+00,1.9251712879404907e+00,5.1280738757213236e+00,3.9648939209444793e+00,9.2671796049840960e-01,3.9648939209444793e+00,9.2671796049840960e-01,0.0000000000000000e+00,9.2671796049840960e-01,5.1280738757213236e+00,5.1280738757213236e+00,3.9648939209444793e+00,4.1686788053584980e+00,5.1280738757213236e+00,5.1280738757213236e+00,4.1686788053584980e+00,3.9648939209444793e+00,1.9251712879404907e+00,9.2671796049840960e-01,1.9251712879404907e+00,5.1280738757213236e+00,3.9648939209444793e+00,4.1686788053584980e+00,3.9648939209444793e+00,3.9648939209444793e+00,9.2671796049840960e-01,9.2671796049840960e-01,5.1280738757213236e+00,9.2671796049840960e-01,4.1686788053584980e+00,1.9251712879404907e+00,5.9190218347527219e+00,4.1686788053584980e+00,4.1686788053584980e+00,4.1686788053584980e+00,5.9190218347527219e+00,9.2671796049840960e-01,9.2671796049840960e-01,5.9190218347527219e+00,4.1686788053584980e+00,3.9648939209444793e+00,4.1686788053584980e+00,1.9251712879404907e+00,5.9190218347527219e+00,4.1686788053584980e+00,5.9190218347527219e+00,5.9190218347527219e+00,4.1686788053584980e+00,0.0000000000000000e+00,5.9190218347527219e+00,0.0000000000000000e+00,5.9190218347527219e+00,5.9190218347527219e+00,0.0000000000000000e+00,1.9251712879404907e+00,4.1686788053584980e+00,5.9190218347527219e+00,5.9190218347527219e+00,4.1686788053584980e+00,2.8267264579091371e+00,5.9190218347527219e+00,5.9190218347527219e+00,5.9190218347527219e+00,0.0000000000000000e+00,5.9190218347527219e+00,5.9190218347527219e+00,5.9190218347527219e+00,5.9190218347527219e+00,0.0000000000000000e+00,3.9648939209444793e+00,3.9648939209444793e+00,5.1280738757213236e+00,3.9648939209444793e+00,2.8267264579091371e+00,9.2671796049840960e-01,5.1280738757213236e+00,4.1686788053584980e+00,1.9251712879404907e+00,5.9190218347527219e+00,3.9648939209444793e+00,5.1280738757213236e+00,4.1686788053584980e+00,4.1686788053584980e+00,5.1280738757213236e+00,5.9190218347527219e+00,5.9190218347527219e+00,5.9190218347527219e+00,1.9251712879404907e+00,5.9190218347527219e+00,5.9190218347527219e+00,2.8267264579091371e+00,5.9190218347527219e+00,9.2671796049840960e-01,2.8267264579091371e+00,5.9190218347527219e+00,3.9648939209444793e+00,0.0000000000000000e+00,3.9648939209444793e+00,5.9190218347527219e+00,5.9190218347527219e+00,5.9190218347527219e+00,5.9190218347527219e+00,3.9648939209444793e+00,5.9190218347527219e+00,5.9190218347527219e+00,5.9190218347527219e+00,5.9190218347527219e+00,9.2671796049840960e-01,4.1686788053584980e+00,5.9190218347527219e+00,5.9190218347527219e+00,5.9190218347527219e+00,9.2671796049840960e-01,5.9190218347527219e+00,5.9190218347527219e+00,9.2671796049840960e-01,5.1280738757213236e+00,5.1280738757213236e+00,4.1686788053584980e+00,4.1686788053584980e+00,5.1280738757213236e+00,5.9190218347527219e+00,3.9648939209444793e+00,0.0000000000000000e+00,4.1686788053584980e+00,9.2671796049840960e-01,4.1686788053584980e+00,5.1280738757213236e+00,1.9251712879404907e+00,1.9251712879404907e+00,3.9648939209444793e+00,5.9190218347527219e+00,2.8267264579091371e+00,4.1686788053584980e+00,9.2671796049840960e-01,5.9190218347527219e+00,2.8267264579091371e+00,4.1686788053584980e+00,5.9190218347527219e+00,4.1686788053584980e+00,0.0000000000000000e+00,2.8267264579091371e+00,0.0000000000000000e+00,5.1280738757213236e+00,5.1280738757213236e+00,5.9190218347527219e+00,3.9648939209444793e+00,4.1686788053584980e+00,5.9190218347527219e+00,5.1280738757213236e+00,5.9190218347527219e+00,2.8267264579091371e+00,3.9648939209444793e+00,3.9648939209444793e+00,1.9251712879404907e+00,5.9190218347527219e+00,5.1280738757213236e+00,3.9648939209444793e+00,5.1280738757213236e+00,5.1280738757213236e+00,2.8267264579091371e+00,3.9648939209444793e+00,2.8267264579091371e+00,5.1280738757213236e+00,5.1280738757213236e+00,5.1280738757213236e+00,3.9648939209444793e+00,5.9190218347527219e+00,5.9190218347527219e+00,5.1280738757213236e+00,3.9648939209444793e+00,2.8267264579091371e+00,9.2671796049840960e-01,3.9648939209444793e+00,3.9648939209444793e+00,3.9648939209444793e+00,3.9648939209444793e+00,5.9190218347527219e+00,3.9648939209444793e+00,0.0000000000000000e+00,5.9190218347527219e+00,5.9190218347527219e+00,5.9190218347527219e+00,3.9648939209444793e+00,5.1280738757213236e+00,5.1280738757213236e+00,5.9190218347527219e+00,5.9190218347527219e+00,5.9190218347527219e+00,5.1280738757213236e+00,5.9190218347527219e+00,2.8267264579091371e+00,4.1686788053584980e+00,9.2671796049840960e-01,9.2671796049840960e-01,5.1280738757213236e+00,5.1280738757213236e+00,9.2671796049840960e-01,5.9190218347527219e+00,5.9190218347527219e+00,3.9648939209444793e+00,3.9648939209444793e+00,5.1280738757213236e+00,0.0000000000000000e+00,3.9648939209444793e+00,9.2671796049840960e-01,5.9190218347527219e+00,5.1280738757213236e+00,3.9648939209444793e+00,9.2671796049840960e-01,3.9648939209444793e+00,3.9648939209444793e+00,3.9648939209444793e+00,1.9251712879404907e+00,5.1280738757213236e+00,5.9190218347527219e+00,3.9648939209444793e+00,5.9190218347527219e+00,5.9190218347527219e+00,5.9190218347527219e+00,3.9648939209444793e+00,5.1280738757213236e+00,5.9190218347527219e+00,9.2671796049840960e-01,5.1280738757213236e+00,3.9648939209444793e+00,4.1686788053584980e+00,5.9190218347527219e+00,0.0000000000000000e+00,5.1280738757213236e+00,5.9190218347527219e+00,5.9190218347527219e+00,5.9190218347527219e+00,1.9251712879404907e+00,3.9648939209444793e+00,3.9648939209444793e+00,1.9251712879404907e+00,1.9251712879404907e+00,5.9190218347527219e+00,5.1280738757213236e+00,5.1280738757213236e+00,9.2671796049840960e-01,4.1686788053584980e+00,2.8267264579091371e+00,4.1686788053584980e+00,3.9648939209444793e+00,3.9648939209444793e+00,3.9648939209444793e+00,0.0000000000000000e+00,3.9648939209444793e+00,3.9648939209444793e+00,5.9190218347527219e+00,5.1280738757213236e+00,5.9190218347527219e+00,4.1686788053584980e+00,3.9648939209444793e+00,9.2671796049840960e-01,4.1686788053584980e+00,5.1280738757213236e+00,4.1686788053584980e+00,5.1280738757213236e+00,4.1686788053584980e+00,5.1280738757213236e+00,3.9648939209444793e+00,4.1686788053584980e+00,1.9251712879404907e+00,2.8267264579091371e+00,5.9190218347527219e+00,5.9190218347527219e+00,9.2671796049840960e-01,9.2671796049840960e-01,5.1280738757213236e+00,9.2671796049840960e-01,4.1686788053584980e+00,5.9190218347527219e+00,9.2671796049840960e-01,1.9251712879404907e+00,5.1280738757213236e+00,5.9190218347527219e+00,5.9190218347527219e+00,5.9190218347527219e+00,1.9251712879404907e+00,4.1686788053584980e+00,3.9648939209444793e+00,5.1280738757213236e+00,0.0000000000000000e+00,5.1280738757213236e+00,4.1686788053584980e+00,5.1280738757213236e+00,0.0000000000000000e+00,1.9251712879404907e+00,5.1280738757213236e+00,5.1280738757213236e+00,5.1280738757213236e+00,4.1686788053584980e+00,3.9648939209444793e+00,4.1686788053584980e+00,4.1686788053584980e+00,1.9251712879404907e+00,1.9251712879404907e+00,5.1280738757213236e+00,3.9648939209444793e+00,4.1686788053584980e+00,4.1686788053584980e+00,4.1686788053584980e+00,4.1686788053584980e+00,5.9190218347527219e+00,3.9648939209444793e+00,4.1686788053584980e+00,5.1280738757213236e+00,5.1280738757213236e+00,1.9251712879404907e+00,4.1686788053584980e+00,0.0000000000000000e+00,4.1686788053584980e+00,5.9190218347527219e+00,1.9251712879404907e+00,3.9648939209444793e+00,4.1686788053584980e+00,3.9648939209444793e+00,3.9648939209444793e+00,3.9648939209444793e+00,5.1280738757213236e+00,1.9251712879404907e+00,9.2671796049840960e-01,2.8267264579091371e+00,4.1686788053584980e+00,3.9648939209444793e+00,5.1280738757213236e+00,4.1686788053584980e+00,9.2671796049840960e-01,5.9190218347527219e+00,3.9648939209444793e+00,0.0000000000000000e+00,5.1280738757213236e+00,5.1280738757213236e+00,9.2671796049840960e-01,5.1280738757213236e+00,3.9648939209444793e+00,3.9648939209444793e+00,3.9648939209444793e+00,5.9190218347527219e+00,9.2671796049840960e-01,5.1280738757213236e+00,3.9648939209444793e+00,5.1280738757213236e+00,5.9190218347527219e+00,5.1280738757213236e+00,3.9648939209444793e+00,9.2671796049840960e-01,5.9190218347527219e+00,5.9190218347527219e+00,2.8267264579091371e+00,0.0000000000000000e+00,3.9648939209444793e+00,4.1686788053584980e+00,5.1280738757213236e+00,5.9190218347527219e+00,9.2671796049840960e-01,1.9251712879404907e+00,9.2671796049840960e-01,3.9648939209444793e+00,5.1280738757213236e+00,3.9648939209444793e+00,5.1280738757213236e+00,2.8267264579091371e+00,5.9190218347527219e+00,3.9648939209444793e+00,2.8267264579091371e+00,3.9648939209444793e+00,9.2671796049840960e-01,5.1280738757213236e+00,5.9190218347527219e+00,5.1280738757213236e+00,5.1280738757213236e+00,5.1280738757213236e+00,5.1280738757213236e+00,0.0000000000000000e+00,1.9251712879404907e+00,5.1280738757213236e+00,0.0000000000000000e+00,5.1280738757213236e+00,5.9190218347527219e+00,5.1280738757213236e+00,5.9190218347527219e+00,5.9190218347527219e+00,4.1686788053584980e+00,0.0000000000000000e+00,5.1280738757213236e+00,5.1280738757213236e+00,2.8267264579091371e+00,5.9190218347527219e+00,4.1686788053584980e+00,3.9648939209444793e+00,9.2671796049840960e-01,9.2671796049840960e-01,9.2671796049840960e-01,9.2671796049840960e-01,5.9190218347527219e+00,9.2671796049840960e-01,2.8267264579091371e+00,5.1280738757213236e+00,5.9190218347527219e+00,5.1280738757213236e+00,0.0000000000000000e+00,1.9251712879404907e+00,5.9190218347527219e+00,5.9190218347527219e+00,5.9190218347527219e+00,3.9648939209444793e+00,0.0000000000000000e+00,5.9190218347527219e+00,5.9190218347527219e+00,5.9190218347527219e+00,3.9648939209444793e+00,3.9648939209444793e+00,5.9190218347527219e+00,2.8267264579091371e+00,2.8267264579091371e+00,3.9648939209444793e+00,5.9190218347527219e+00,3.9648939209444793e+00,5.1280738757213236e+00,5.1280738757213236e+00,5.9190218347527219e+00,5.9190218347527219e+00,5.9190218347527219e+00,5.1280738757213236e+00,5.1280738757213236e+00,5.1280738757213236e+00,5.1280738757213236e+00,5.1280738757213236e+00,5.9190218347527219e+00,5.9190218347527219e+00,0.0000000000000000e+00,4.1686788053584980e+00,5.9190218347527219e+00,5.1280738757213236e+00,4.1686788053584980e+00,9.2671796049840960e-01,9.2671796049840960e-01,9.2671796049840960e-01,5.1280738757213236e+00,5.1280738757213236e+00,5.1280738757213236e+00,3.9648939209444793e+00,1.9251712879404907e+00,5.9190218347527219e+00,1.9251712879404907e+00,1.9251712879404907e+00,1.9251712879404907e+00,9.2671796049840960e-01,1.9251712879404907e+00,2.8267264579091371e+00,5.9190218347527219e+00,3.9648939209444793e+00,3.9648939209444793e+00,5.9190218347527219e+00,5.9190218347527219e+00,2.8267264579091371e+00,4.1686788053584980e+00,2.8267264579091371e+00,5.9190218347527219e+00,0.0000000000000000e+00,5.1280738757213236e+00,4.1686788053584980e+00,5.1280738757213236e+00,4.1686788053584980e+00,9.2671796049840960e-01,5.9190218347527219e+00,1.9251712879404907e+00,4.1686788053584980e+00,9.2671796049840960e-01,2.8267264579091371e+00,3.9648939209444793e+00,5.1280738757213236e+00
0.0000000000000000e+00,0.0000000000000000e+00,0.0000000000000000e+00,0.0000000000000000e+00,0.0000000000000000e+00,0.0000000000000000e+00,0.0000000000000000e+00,0.0000000000000000e+00,0.0000000000000000e+00,0.0000000000000000e+00,0.0000000000000000e+00,0.0000000000000000e+00,0.0000000000000000e+00,0.0000000000000000e+00,0.0000000000000000e+00,0.0000000000000000e+00,0.0000000000000000e+00,0.0000000000000000e+00,0.0000000000000000e+00,0.0000000000000000e+00,0.0000000000000000e+00,0.0000000000000000e+00,0.0000000000000000e+00,0.0000000000000000e+00,0.0000000000000000e+00,0.0000000000000000e+00,0.0000000000000000e+00,0.0000000000000000e+00,0.0000000000000000e+00,0.0000000000000000e+00,0.0000000000000000e+00,0.0000000000000000e+00,0.0000000000000000e+00,0.0000000000000000e+00,0.0000000000000000e+00,0.0000000000000000e+00,0.0000000000000000e+00,0.0000000000000000e+00,0.0000000000000000e+00,0.0000000000000000e+00,0.0000000000000000e+00,0.0000000000000000e+00,0.0000000000000000e+00,0.0000000000000000e+00,0.0000000000000000e+00,0.0000000000000000e+00,0.0000000000000000e+00,0.0000000000000000e+00,0.0000000000000000e+00,0.0000000000000000e+00,0.0000000000000000e+00,0.0000000000000000e+00,0.0000000000000000e+00,0.0000000000000000e+00,0.0000000000000000e+00,0.0000000000000000e+00,0.0000000000000000e+00,0.0000000000000000e+00,0.0000000000000000e+00,0.0000000000000000e+00,0.0000000000000000e+00,0.0000000000000000e+00,0.0000000000000000e+00,0.0000000000000000e+00,0.0000000000000000e+00,0.0000000000000000e+00,0.0000000000000000e+00,0.0000000000000000e+00,0.0000000000000000e+00,0.0000000000000000e+00,0.0000000000000000e+00,0.0000000000000000e+00,0.0000000000000000e+00,0.0000000000000000e+00,0.0000000000000000e+00,0.0000000000000000e+00,0.0000000000000000e+00,0.0000000000000000e+00,0.0000000000000000e+00,0.0000000000000000e+00,0.0000000000000000e+00,0.0000000000000000e+00,0.0000000000000000e+00,0.0000000000000000e+00,0.0000000000000000e+00,0.0000000000000000e+00,0.0000000000000000e+00,0.0000000000000000e+00,0.0000000000000000e+00,0.0000000000000000e+00,0.0000000000000000e+00,0.0000000000000000e+00,0.0000000000000000e+00,0.0000000000000000e+00,0.0000000000000000e+00,0.0000000000000000e+00,0.0000000000000000e+00,0.0000000000000000e+00,0.0000000000000000e+00,0.0000000000000000e+00,0.0000000000000000e+00,0.0000000000000000e+00,0.0000000000000000e+00,0.0000000000000000e+00,0.0000000000000000e+00,0.0000000000000000e+00,0.0000000000000000e+00,0.0000000000000000e+00,0.0000000000000000e+00,0.0000000000000000e+00,0.0000000000000000e+00,0.0000000000000000e+00,0.0000000000000000e+00,0.0000000000000000e+00,0.0000000000000000e+00,0.0000000000000000e+00,0.0000000000000000e+00,0.0000000000000000e+00,0.0000000000000000e+00,0.0000000000000000e+00,0.0000000000000000e+00,0.0000000000000000e+00,0.0000000000000000e+00,0.0000000000000000e+00,0.0000000000000000e+00,0.0000000000000000e+00,0.0000000000000000e+00,0.0000000000000000e+00,0.0000000000000000e+00,0.0000000000000000e+00,0.0000000000000000e+00,0.0000000000000000e+00,0.0000000000000000e+00,0.0000000000000000e+00,0.0000000000000000e+00,0.0000000000000000e+00,0.0000000000000000e+00,0.0000000000000000e+00,0.0000000000000000e+00,0.0000000000000000e+00,0.0000000000000000e+00,0.0000000000000000e+00,0.0000000000000000e+00,0.0000000000000000e+00,0.0000000000000000e+00,0.0000000000000000e+00,0.0000000000000000e+00,0.0000000000000000e+00,0.0000000000000000e+00,0.0000000000000000e+00,0.0000000000000000e+00,0.0000000000000000e+00,0.0000000000000000e+00,0.0000000000000000e+00,0.0000000000000000e+00,0.0000000000000000e+00,0.0000000000000000e+00,0.0000000000000000e+00,0.0000000000000000e+00,0.0000000000000000e+00,0.0000000000000000e+00,0.0000000000000000e+00,0.0000000000000000e+00,0.0000000000000000e+00,0.0000000000000000e+00,0.0000000000000000e+00,0.0000000000000000e+00,0.0000000000000000e+00,0.0000000000000000e+00,0.0000000000000000e+00,0.0000000000000000e+00,0.0000000000000000e+00,0.0000000000000000e+00,0.0000000000000000e+00,0.0000000000000000e+00,0.0000000000000000e+00,0.0000000000000000e+00,0.0000000000000000e+00,0.0000000000000000e+00,0.0000000000000000e+00,0.0000000000000000e+00,0.0000000000000000e+00,0.0000000000000000e+00,0.0000000000000000e+00,0.0000000000000000e+00,0.0000000000000000e+00,0.0000000000000000e+00,0.0000000000000000e+00,0.0000000000000000e+00,0.0000000000000000e+00,0.0000000000000000e+00,0.0000000000000000e+00,0.0000000000000000e+00,0.0000000000000000e+00,0.0000000000000000e+00,0.0000000000000000e+00,0.0000000000000000e+00,0.0000000000000000e+00,0.0000000000000000e+00,0.0000000000000000e+00,0.0000000000000000e+00,0.0000000000000000e+00,0.0000000000000000e+00,0.0000000000000000e+00,0.0000000000000000e+00,0.0000000000000000e+00,0.0000000000000000e+00,0.0000000000000000e+00,0.0000000000000000e+00,0.0000000000000000e+00,0.0000000000000000e+00,0.0000000000000000e+00,0.0000000000000000e+00,0.0000000000000000e+00,0.0000000000000000e+00,0.0000000000000000e+00,0.0000000000000000e+00,0.0000000000000000e+00,0.0000000000000000e+00,0.0000000000000000e+00,0.0000000000000000e+00,0.0000000000000000e+00,0.0000000000000000e+00,0.0000000000000000e+00,0.0000000000000000e+00,0.0000000000000000e+00,0.0000000000000000e+00,0.0000000000000000e+00,0.0000000000000000e+00,0.0000000000000000e+00,0.0000000000000000e+00,0.0000000000000000e+00,0.0000000000000000e+00,0.0000000000000000e+00,0.0000000000000000e+00,0.0000000000000000e+00,0.0000000000000000e+00,0.0000000000000000e+00,0.0000000000000000e+00,0.0000000000000000e+00,0.0000000000000000e+00,0.0000000000000000e+00,0.0000000000000000e+00,0.0000000000000000e+00,0.0000000000000000e+00,0.0000000000000000e+00,0.0000000000000000e+00,0.0000000000000000e+00,0.0000000000000000e+00,0.0000000000000000e+00,0.0000000000000000e+00,0.0000000000000000e+00,0.0000000000000000e+00,0.0000000000000000e+00,0.0000000000000000e+00,0.0000000000000000e+00,0.0000000000000000e+00,0.0000000000000000e+00,0.0000000000000000e+00,0.0000000000000000e+00,0.0000000000000000e+00,0.0000000000000000e+00,0.0000000000000000e+00,0.0000000000000000e+00,0.0000000000000000e+00,0.0000000000000000e+00,0.0000000000000000e+00,0.0000000000000000e+00,0.0000000000000000e+00,0.0000000000000000e+00,0.0000000000000000e+00,0.0000000000000000e+00,0.0000000000000000e+00,0.0000000000000000e+00,0.0000000000000000e+00,0.0000000000000000e+00,0.0000000000000000e+00,0.0000000000000000e+00,0.0000000000000000e+00,0.0000000000000000e+00,0.0000000000000000e+00,0.0000000000000000e+00,0.0000000000000000e+00,0.0000000000000000e+00,0.0000000000000000e+00,0.0000000000000000e+00,0.0000000000000000e+00,0.0000000000000000e+00,0.0000000000000000e+00,0.0000000000000000e+00,0.0000000000000000e+00,0.0000000000000000e+00,0.0000000000000000e+00,0.0000000000000000e+00,0.0000000000000000e+00,0.0000000000000000e+00,0.0000000000000000e+00,0.0000000000000000e+00,0.0000000000000000e+00,0.0000000000000000e+00,0.0000000000000000e+00,0.0000000000000000e+00,0.0000000000000000e+00,0.0000000000000000e+00,0.0000000000000000e+00,0.0000000000000000e+00,0.0000000000000000e+00,0.0000000000000000e+00,0.0000000000000000e+00,0.0000000000000000e+00,0.0000000000000000e+00,0.0000000000000000e+00,0.0000000000000000e+00,0.0000000000000000e+00,0.0000000000000000e+00,0.0000000000000000e+00,0.0000000000000000e+00,0.0000000000000000e+00,0.0000000000000000e+00,0.0000000000000000e+00,0.0000000000000000e+00,0.0000000000000000e+00,0.0000000000000000e+00,0.0000000000000000e+00,0.0000000000000000e+00,0.0000000000000000e+00,0.0000000000000000e+00,0.0000000000000000e+00,0.0000000000000000e+00,0.0000000000000000e+00,0.0000000000000000e+00,0.0000000000000000e+00,0.0000000000000000e+00,0.0000000000000000e+00,0.0000000000000000e+00,0.0000000000000000e+00,0.0000000000000000e+00,0.0000000000000000e+00,0.0000000000000000e+00,0.0000000000000000e+00,0.0000000000000000e+00,0.0000000000000000e+00,0.0000000000000000e+00,0.0000000000000000e+00,0.0000000000000000e+00,0.0000000000000000e+00,0.0000000000000000e+00,0.0000000000000000e+00,0.0000000000000000e+00,0.0000000000000000e+00,0.0000000000000000e+00,0.0000000000000000e+00,0.0000000000000000e+00,0.0000000000000000e+00,0.0000000000000000e+00,0.0000000000000000e+00,0.0000000000000000e+00,0.0000000000000000e+00,0.0000000000000000e+00,0.0000000000000000e+00,0.0000000000000000e+00,0.0000000000000000e+00,0.0000000000000000e+00,0.0000000000000000e+00,0.0000000000000000e+00,0.0000000000000000e+00,0.0000000000000000e+00,0.0000000000000000e+00,0.0000000000000000e+00,0.0000000000000000e+00,0.0000000000000000e+00,0.0000000000000000e+00,0.0000000000000000e+00,0.0000000000000000e+00,0.0000000000000000e+00,0.0000000000000000e+00,0.0000000000000000e+00,0.0000000000000000e+00,0.0000000000000000e+00,0.0000000000000000e+00,0.0000000000000000e+00,0.0000000000000000e+00,0.0000000000000000e+00,0.0000000000000000e+00,0.0000000000000000e+00,0.0000000000000000e+00,0.0000000000000000e+00,0.0000000000000000e+00,0.0000000000000000e+00,0.0000000000000000e+00,0.0000000000000000e+00,0.0000000000000000e+00,0.0000000000000000e+00,0.0000000000000000e+00,0.0000000000000000e+00,0.0000000000000000e+00,0.0000000000000000e+00,0.0000000000000000e+00,0.0000000000000000e+00,0.0000000000000000e+00,0.0000000000000000e+00,0.0000000000000000e+00,0.0000000000000000e+00,0.0000000000000000e+00,0.0000000000000000e+00,0.0000000000000000e+00,0.0000000000000000e+00,0.0000000000000000e+00,0.0000000000000000e+00,0.0000000000000000e+00,0.0000000000000000e+00,0.0000000000000000e+00,0.0000000000000000e+00,0.0000000000000000e+00,0.0000000000000000e+00,0.0000000000000000e+00,0.0000000000000000e+00,0.0000000000000000e+00,0.0000000000000000e+00,0.0000000000000000e+00,0.0000000000000000e+00,0.0000000000000000e+00,0.0000000000000000e+00,0.0000000000000000e+00,0.0000000000000000e+00,0.0000000000000000e+00,0.0000000000000000e+00,0.0000000000000000e+00,0.0000000000000000e+00,0.0000000000000000e+00,0.0000000000000000e+00,0.0000000000000000e+00,0.0000000000000000e+00,0.0000000000000000e+00,0.0000000000000000e+00,0.0000000000000000e+00,0.0000000000000000e+00,0.0000000000000000e+00,0.0000000000000000e+00,0.0000000000000000e+00,0.0000000000000000e+00,0.0000000000000000e+00,0.0000000000000000e+00,0.0000000000000000e+00,0.0000000000000000e+00,0.0000000000000000e+00,0.0000000000000000e+00,0.0000000000000000e+00,0.0000000000000000e+00,0.0000000000000000e+00,0.0000000000000000e+00,0.0000000000000000e+00,0.0000000000000000e+00,0.0000000000000000e+00,0.0000000000000000e+00,0.0000000000000000e+00,0.0000000000000000e+00,0.0000000000000000e+00,0.0000000000000000e+00,0.0000000000000000e+00,0.0000000000000000e+00,0.0000000000000000e+00,0.0000000000000000e+00,0.0000000000000000e+00,0.0000000000000000e+00,0.0000000000000000e+00,0.0000000000000000e+00,0.0000000000000000e+00,0.0000000000000000e+00,0.0000000000000000e+00,0.0000000000000000e+00,0.0000000000000000e+00,0.0000000000000000e+00,0.0000000000000000e+00,0.0000000000000000e+00,0.0000000000000000e+00,0.0000000000000000e+00,0.0000000000000000e+00,0.0000000000000000e+00,0.0000000000000000e+00,0.0000000000000000e+00,0.0000000000000000e+00,0.0000000000000000e+00,0.0000000000000000e+00,0.0000000000000000e+00,0.0000000000000000e+00,0.0000000000000000e+00,0.0000000000000000e+00,0.0000000000000000e+00,0.0000000000000000e+00,0.0000000000000000e+00,0.0000000000000000e+00,0.0000000000000000e+00,0.0000000000000000e+00,0.0000000000000000e+00,0.0000000000000000e+00,0.0000000000000000e+00,0.0000000000000000e+00,0.0000000000000000e+00,0.0000000000000000e+00,0.0000000000000000e+00,0.0000000000000000e+00,0.0000000000000000e+00,0.0000000000000000e+00,0.0000000000000000e+00,0.0000000000000000e+00,0.0000000000000000e+00,0.0000000000000000e+00,0.0000000000000000e+00,0.0000000000000000e+00,0.0000000000000000e+00,0.0000000000000000e+00,0.0000000000000000e+00,0.0000000000000000e+00,0.0000000000000000e+00,0.0000000000000000e+00,0.0000000000000000e+00,0.0000000000000000e+00,0.0000000000000000e+00,0.0000000000000000e+00,0.0000000000000000e+00,0.0000000000000000e+00,0.0000000000000000e+00,0.0000000000000000e+00,0.0000000000000000e+00,0.0000000000000000e+00,0.0000000000000000e+00,0.0000000000000000e+00,0.0000000000000000e+00,0.0000000000000000e+00,0.0000000000000000e+00,0.0000000000000000e+00,0.0000000000000000e+00,0.0000000000000000e+00,0.0000000000000000e+00,0.0000000000000000e+00,0.0000000000000000e+00,0.0000000000000000e+00,0.0000000000000000e+00,0.0000000000000000e+00,0.0000000000000000e+00,0.0000000000000000e+00,0.0000000000000000e+00,0.0000000000000000e+00,0.0000000000000000e+00,0.0000000000000000e+00,0.0000000000000000e+00,0.0000000000000000e+00,0.0000000000000000e+00,0.0000000000000000e+00,0.0000000000000000e+00,0.0000000000000000e+00,0.0000000000000000e+00,0.0000000000000000e+00,0.0000000000000000e+00,0.0000000000000000e+00,0.0000000000000000e+00,0.0000000000000000e+00,0.0000000000000000e+00,0.0000000000000000e+00,0.0000000000000000e+00,0.0000000000000000e+00,0.0000000000000000e+00,0.0000000000000000e+00,0.0000000000000000e+00,0.0000000000000000e+00,0.0000000000000000e+00,0.0000000000000000e+00,0.0000000000000000e+00,0.0000000000000000e+00,0.0000000000000000e+00,0.0000000000000000e+00,0.0000000000000000e+00,0.0000000000000000e+00,0.0000000000000000e+00,0.0000000000000000e+00,0.0000000000000000e+00,0.0000000000000000e+00,0.0000000000000000e+00,0.0000000000000000e+00,0.0000000000000000e+00,0.0000000000000000e+00,0.0000000000000000e+00,0.0000000000000000e+00,0.0000000000000000e+00,0.0000000000000000e+00,0.0000000000000000e+00,0.0000000000000000e+00,0.0000000000000000e+00,0.0000000000000000e+00,0.0000000000000000e+00,0.0000000000000000e+00,0.0000000000000000e+00,0.0000000000000000e+00,0.0000000000000000e+00,0.0000000000000000e+00,0.0000000000000000e+00,0.0000000000000000e+00,0.0000000000000000e+00,0.0000000000000000e+00,0.0000000000000000e+00,0.0000000000000000e+00,0.0000000000000000e+00,0.0000000000000000e+00,0.0000000000000000e+00,0.0000000000000000e+00,0.0000000000000000e+00,0.0000000000000000e+00,0.0000000000000000e+00,0.0000000000000000e+00,0.0000000000000000e+00,0.0000000000000000e+00,0.0000000000000000e+00,0.0000000000000000e+00,0.0000000000000000e+00,0.0000000000000000e+00,0.0000000000000000e+00,0.0000000000000000e+00,0.0000000000000000e+00,0.0000000000000000e+00,0.0000000000000000e+00,0.0000000000000000e+00,0.0000000000000000e+00,0.0000000000000000e+00,0.0000000000000000e+00,0.0000000000000000e+00,0.0000000000000000e+00,0.0000000000000000e+00,0.0000000000000000e+00,0.0000000000000000e+00,0.0000000000000000e+00,0.0000000000000000e+00,0.0000000000000000e+00,0.0000000000000000e+00,0.0000000000000000e+00,0.0000000000000000e+00,0.0000000000000000e+00,0.0000000000000000e+00,0.0000000000000000e+00,0.0000000000000000e+00,0.0000000000000000e+00,0.0000000000000000e+00,0.0000000000000000e+00,0.0000000000000000e+00,0.0000000000000000e+00,0.0000000000000000e+00,0.0000000000000000e+00,0.0000000000000000e+00,0.0000000000000000e+00,0.0000000000000000e+00,0.0000000000000000e+00,0.0000000000000000e+00,0.0000000000000000e+00,0.0000000000000000e+00,0.0000000000000000e+00,0.0000000000000000e+00,0.0000000000000000e+00,0.0000000000000000e+00,0.0000000000000000e+00,0.0000000000000000e+00,0.0000000000000000e+00,0.0000000000000000e+00,0.0000000000000000e+00,0.0000000000000000e+00,0.0000000000000000e+00,0.0000000000000000e+00,0.0000000000000000e+00,0.0000000000000000e+00,0.0000000000000000e+00,0.0000000000000000e+00,0.0000000000000000e+00,0.0000000000000000e+00,0.0000000000000000e+00,0.0000000000000000e+00,0.0000000000000000e+00,0.0000000000000000e+00,0.0000000000000000e+00,0.0000000000000000e+00,0.0000000000000000e+00,0.0000000000000000e+00,0.0000000000000000e+00,0.0000000000000000e+00,0.0000000000000000e+00,0.0000000000000000e+00,0.0000000000000000e+00,0.0000000000000000e+00,0.0000000000000000e+00,0.0000000000000000e+00,0.0000000000000000e+00,0.0000000000000000e+00,0.0000000000000000e+00,0.0000000000000000e+00,0.0000000000000000e+00,0.0000000000000000e+00,0.0000000000000000e+00,0.0000000000000000e+00,0.0000000000000000e+00,0.0000000000000000e+00,0.0000000000000000e+00,0.0000000000000000e+00,0.0000000000000000e+00,0.0000000000000000e+00,0.0000000000000000e+00,0.0000000000000000e+00,0.0000000000000000e+00,0.0000000000000000e+00,0.0000000000000000e+00,0.0000000000000000e+00,0.0000000000000000e+00,0.0000000000000000e+00,0.0000000000000000e+00,0.0000000000000000e+00,0.0000000000000000e+00,0.0000000000000000e+00,0.0000000000000000e+00,0.0000000000000000e+00,0.0000000000000000e+00,0.0000000000000000e+00,0.0000000000000000e+00,0.0000000000000000e+00,0.0000000000000000e+00,0.0000000000000000e+00,0.0000000000000000e+00,0.0000000000000000e+00,0.0000000000000000e+00,0.0000000000000000e+00,0.0000000000000000e+00,0.0000000000000000e+00,0.0000000000000000e+00,0.0000000000000000e+00,0.0000000000000000e+00,0.0000000000000000e+00,0.0000000000000000e+00,0.0000000000000000e+00,0.0000000000000000e+00,0.0000000000000000e+00,0.0000000000000000e+00,0.0000000000000000e+00,0.0000000000000000e+00,0.0000000000000000e+00,0.0000000000000000e+00,0.0000000000000000e+00,0.0000000000000000e+00,0.0000000000000000e+00,0.0000000000000000e+00,0.0000000000000000e+00,0.0000000000000000e+00,0.0000000000000000e+00,0.0000000000000000e+00,0.0000000000000000e+00,0.0000000000000000e+00,0.0000000000000000e+00,0.0000000000000000e+00,0.0000000000000000e+00,0.0000000000000000e+00,0.0000000000000000e+00,0.0000000000000000e+00,0.0000000000000000e+00,0.0000000000000000e+00,0.0000000000000000e+00,0.0000000000000000e+00,0.0000000000000000e+00,0.0000000000000000e+00,0.0000000000000000e+00,0.0000000000000000e+00,0.0000000000000000e+00,0.0000000000000000e+00,0.0000000000000000e+00,0.0000000000000000e+00,0.0000000000000000e+00,0.0000000000000000e+00,0.0000000000000000e+00,0.0000000000000000e+00,0.0000000000000000e+00,0.0000000000000000e+00,0.0000000000000000e+00,0.0000000000000000e+00,0.0000000000000000e+00,0.0000000000000000e+00,0.0000000000000000e+00,0.0000000000000000e+00,0.0000000000000000e+00,0.0000000000000000e+00,0.0000000000000000e+00,0.0000000000000000e+00,0.0000000000000000e+00,0.0000000000000000e+00,0.0000000000000000e+00,0.0000000000000000e+00,0.0000000000000000e+00,0.0000000000000000e+00,0.0000000000000000e+00,0.0000000000000000e+00,0.0000000000000000e+00,0.0000000000000000e+00,0.0000000000000000e+00,0.0000000000000000e+00,0.0000000000000000e+00,0.0000000000000000e+00,0.0000000000000000e+00,0.0000000000000000e+00,0.0000000000000000e+00,0.0000000000000000e+00,0.0000000000000000e+00,0.0000000000000000e+00,0.0000000000000000e+00,0.0000000000000000e+00,0.0000000000000000e+00,0.0000000000000000e+00,0.0000000000000000e+00,0.0000000000000000e+00,0.0000000000000000e+00,0.0000000000000000e+00,0.0000000000000000e+00,0.0000000000000000e+00,0.0000000000000000e+00,0.0000000000000000e+00,0.0000000000000000e+00,0.0000000000000000e+00,0.0000000000000000e+00,0.0000000000000000e+00,0.0000000000000000e+00,0.0000000000000000e+00,0.0000000000000000e+00,0.0000000000000000e+00,0.0000000000000000e+00,0.0000000000000000e+00,0.0000000000000000e+00,0.0000000000000000e+00,0.0000000000000000e+00,0.0000000000000000e+00,0.0000000000000000e+00,0.0000000000000000e+00,0.0000000000000000e+00,0.0000000000000000e+00,0.0000000000000000e+00,0.0000000000000000e+00,0.0000000000000000e+00,0.0000000000000000e+00,0.0000000000000000e+00,0.0000000000000000e+00,0.0000000000000000e+00,0.0000000000000000e+00,0.0000000000000000e+00,0.0000000000000000e+00,0.0000000000000000e+00,0.0000000000000000e+00,0.0000000000000000e+00,0.0000000000000000e+00,0.0000000000000000e+00,0.0000000000000000e+00,0.0000000000000000e+00,0.0000000000000000e+00,0.0000000000000000e+00,0.0000000000000000e+00,0.0000000000000000e+00,0.0000000000000000e+00,0.0000000000000000e+00,0.0000000000000000e+00,0.0000000000000000e+00,0.0000000000000000e+00,0.0000000000000000e+00,0.0000000000000000e+00,0.0000000000000000e+00,0.0000000000000000e+00,0.0000000000000000e+00,0.0000000000000000e+00,0.0000000000000000e+00,0.0000000000000000e+00,0.0000000000000000e+00,0.0000000000000000e+00,0.0000000000000000e+00,0.0000000000000000e+00,0.0000000000000000e+00,0.0000000000000000e+00,0.0000000000000000e+00,0.0000000000000000e+00,0.0000000000000000e+00,0.0000000000000000e+00,0.0000000000000000e+00,0.0000000000000000e+00,0.0000000000000000e+00,0.0000000000000000e+00,0.0000000000000000e+00,0.0000000000000000e+00,0.0000000000000000e+00,0.0000000000000000e+00,0.0000000000000000e+00,0.0000000000000000e+00,0.0000000000000000e+00,0.0000000000000000e+00,0.0000000000000000e+00,0.0000000000000000e+00,0.0000000000000000e+00,0.0000000000000000e+00,0.0000000000000000e+00,0.0000000000000000e+00,0.0000000000000000e+00,0.0000000000000000e+00,0.0000000000000000e+00,0.0000000000000000e+00,0.0000000000000000e+00,0.0000000000000000e+00,0.0000000000000000e+00,0.0000000000000000e+00,0.0000000000000000e+00,0.0000000000000000e+00,0.0000000000000000e+00,0.0000000000000000e+00,0.0000000000000000e+00,0.0000000000000000e+00,0.0000000000000000e+00,0.0000000000000000e+00,0.0000000000000000e+00,0.0000000000000000e+00,0.0000000000000000e+00,0.0000000000000000e+00,0.0000000000000000e+00,0.0000000000000000e+00,0.0000000000000000e+00,0.0000000000000000e+00,0.0000000000000000e+00,0.0000000000000000e+00,0.0000000000000000e+00,0.0000000000000000e+00,0.0000000000000000e+00,0.0000000000000000e+00,0.0000000000000000e+00,0.0000000000000000e+00,0.0000000000000000e+00,0.0000000000000000e+00,0.0000000000000000e+00,0.0000000000000000e+00,0.0000000000000000e+00,0.0000000000000000e+00,0.0000000000000000e+00,0.0000000000000000e+00,0.0000000000000000e+00,0.0000000000000000e+00,0.0000000000000000e+00,0.0000000000000000e+00,0.0000000000000000e+00,0.0000000000000000e+00,0.0000000000000000e+00,0.0000000000000000e+00,0.0000000000000000e+00,0.0000000000000000e+00,0.0000000000000000e+00,0.0000000000000000e+00,0.0000000000000000e+00,0.0000000000000000e+00,0.0000000000000000e+00,0.0000000000000000e+00,0.0000000000000000e+00,0.0000000000000000e+00,0.0000000000000000e+00,0.0000000000000000e+00,0.0000000000000000e+00,0.0000000000000000e+00,0.0000000000000000e+00,0.0000000000000000e+00,0.0000000000000000e+00,0.0000000000000000e+00,0.0000000000000000e+00,0.0000000000000000e+00,0.0000000000000000e+00,0.0000000000000000e+00,0.0000000000000000e+00,0.0000000000000000e+00,0.0000000000000000e+00,0.0000000000000000e+00,0.0000000000000000e+00,0.0000000000000000e+00,0.0000000000000000e+00,0.0000000000000000e+00,0.0000000000000000e+00,0.0000000000000000e+00,0.0000000000000000e+00,0.0000000000000000e+00,0.0000000000000000e+00,0.0000000000000000e+00,0.0000000000000000e+00,0.0000000000000000e+00,0.0000000000000000e+00,0.0000000000000000e+00,0.0000000000000000e+00,0.0000000000000000e+00,0.0000000000000000e+00,0.0000000000000000e+00,0.0000000000000000e+00,0.0000000000000000e+00,0.0000000000000000e+00,0.0000000000000000e+00,0.0000000000000000e+00,0.0000000000000000e+00,0.0000000000000000e+00,0.0000000000000000e+00,0.0000000000000000e+00,0.0000000000000000e+00,0.0000000000000000e+00
4.4125489196156176e+00,2.8795289157606341e+00,3.9884508934256919e+00,2.4836021079503943e+00,1.7694719327289214e+00,3.9884508934256919e+00,2.8795289157606341e+00,2.8795289157606341e+00,2.4836021079503943e+00,0.0000000000000000e+00,3.9884508934256919e+00,3.9884508934256919e+00,3.9884508934256919e+00,3.9884508934256919e+00,2.4836021079503943e+00,2.4836021079503943e+00,2.8795289157606341e+00,3.9884508934256919e+00,2.4836021079503943e+00,2.8795289157606341e+00,3.9884508934256919e+00,3.9884508934256919e+00,2.4836021079503943e+00,2.4836021079503943e+00,2.8795289157606341e+00,3.9884508934256919e+00,7.6150848321131959e-01,0.0000000000000000e+00,5.7702340943841683e+00,0.0000000000000000e+00,0.0000000000000000e+00,2.4836021079503943e+00,3.9884508934256919e+00,2.4836021079503943e+00,1.7694719327289214e+00,3.9884508934256919e+00,3.9884508934256919e+00,5.7702340943841683e+00,5.7702340943841683e+00,2.4836021079503943e+00,2.8795289157606341e+00,2.4836021079503943e+00,7.6150848321131959e-01,1.7694719327289214e+00,3.9884508934256919e+00,1.7694719327289214e+00,3.9884508934256919e+00,4.4125489196156176e+00,1.7694719327289214e+00,2.4836021079503943e+00,7.6150848321131959e-01,2.4836021079503943e+00,3.9884508934256919e+00,5.7702340943841683e+00,5.7702340943841683e+00,1.7694719327289214e+00,3.9884508934256919e+00,0.0000000000000000e+00,3.9884508934256919e+00,3.9884508934256919e+00,3.9884508934256919e+00,1.7694719327289214e+00,3.9884508934256919e+00,3.9884508934256919e+00,3.9884508934256919e+00,5.7702340943841683e+00,5.7702340943841683e+00,4.4125489196156176e+00,2.8795289157606341e+00,3.9884508934256919e+00,2.4836021079503943e+00,2.4836021079503943e+00,2.4836021079503943e+00,2.4836021079503943e+00,5.7702340943841683e+00,5.7702340943841683e+00,2.4836021079503943e+00,2.4836021079503943e+00,3.9884508934256919e+00,0.0000000000000000e+00,0.0000000000000000e+00,3.9884508934256919e+00,2.4836021079503943e+00,0.0000000000000000e+00,3.9884508934256919e+00,5.7702340943841683e+00,5.7702340943841683e+00,1.7694719327289214e+00,7.6150848321131959e-01,2.4836021079503943e+00,5.7702340943841683e+00,7.6150848321131959e-01,1.7694719327289214e+00,3.9884508934256919e+00,0.0000000000000000e+00,2.4836021079503943e+00,7.6150848321131959e-01,5.7702340943841683e+00,2.8795289157606341e+00,5.7702340943841683e+00,2.4836021079503943e+00,7.6150848321131959e-01,3.9884508934256919e+00,7.6150848321131959e-01,5.7702340943841683e+00,4.4125489196156176e+00,2.8795289157606341e+00,4.4125489196156176e+00,4.4125489196156176e+00,7.6150848321131959e-01,2.4836021079503943e+00,2.4836021079503943e+00,1.7694719327289214e+00,1.7694719327289214e+00,1.7694719327289214e+00,5.7702340943841683e+00,5.7702340943841683e+00,2.8795289157606341e+00,5.7702340943841683e+00,2.4836021079503943e+00,2.4836021079503943e+00,5.7702340943841683e+00,2.4836021079503943e+00,2.4836021079503943e+00,2.4836021079503943e+00,1.7694719327289214e+00,1.7694719327289214e+00,1.7694719327289214e+00,1.7694719327289214e+00,2.4836021079503943e+00,3.9884508934256919e+00,2.8795289157606341e+00,3.9884508934256919e+00,2.8795289157606341e+00,2.8795289157606341e+00,3.9884508934256919e+00,5.7702340943841683e+00,2.4836021079503943e+00,2.4836021079503943e+00,1.7694719327289214e+00,2.8795289157606341e+00,2.8795289157606341e+00,1.7694719327289214e+00,3.9884508934256919e+00,5.7702340943841683e+00,3.9884508934256919e+00,5.7702340943841683e+00,2.4836021079503943e+00,5.7702340943841683e+00,5.7702340943841683e+00,2.8795289157606341e+00,2.8795289157606341e+00,5.7702340943841683e+00,3.9884508934256919e+00,5.7702340943841683e+00,5.7702340943841683e+00,5.7702340943841683e+00,5.7702340943841683e+00,2.4836021079503943e+00,5.7702340943841683e+00,5.7702340943841683e+00,2.4836021079503943e+00,1.7694719327289214e+00,5.7702340943841683e+00,2.8795289157606341e+00,7.6150848321131959e-01,2.8795289157606341e+00,0.0000000000000000e+00,3.9884508934256919e+00,2.4836021079503943e+00,2.4836021079503943e+00,5.7702340943841683e+00,5.7702340943841683e+00,2.4836021079503943e+00,5.7702340943841683e+00,5.7702340943841683e+00,2.8795289157606341e+00,5.7702340943841683e+00,3.9884508934256919e+00,4.4125489196156176e+00,4.4125489196156176e+00,1.7694719327289214e+00,1.7694719327289214e+00,3.9884508934256919e+00,5.7702340943841683e+00,2.4836021079503943e+00,4.4125489196156176e+00,2.4836021079503943e+00,3.9884508934256919e+00,2.8795289157606341e+00,2.4836021079503943e+00,2.8795289157606341e+00,2.8795289157606341e+00,1.7694719327289214e+00,5.7702340943841683e+00,2.8795289157606341e+00,2.4836021079503943e+00,5.7702340943841683e+00,2.4836021079503943e+00,2.8795289157606341e+00,2.8795289157606341e+00,5.7702340943841683e+00,5.7702340943841683e+00,3.9884508934256919e+00,3.9884508934256919e+00,2.4836021079503943e+00,2.4836021079503943e+00,2.8795289157606341e+00,1.7694719327289214e+00,1.7694719327289214e+00,5.7702340943841683e+00,2.8795289157606341e+00,2.8795289157606341e+00,5.7702340943841683e+00,0.0000000000000000e+00,1.7694719327289214e+00,5.7702340943841683e+00,2.4836021079503943e+00,5.7702340943841683e+00,3.9884508934256919e+00,5.7702340943841683e+00,4.4125489196156176e+00,5.7702340943841683e+00,1.7694719327289214e+00,3.9884508934256919e+00,3.9884508934256919e+00,2.8795289157606341e+00,2.4836021079503943e+00,7.6150848321131959e-01,3.9884508934256919e+00,4.4125489196156176e+00,2.8795289157606341e+00,4.4125489196156176e+00,5.7702340943841683e+00,5.7702340943841683e+00,2.4836021079503943e+00,5.7702340943841683e+00,5.7702340943841683e+00,2.8795289157606341e+00,5.7702340943841683e+00,2.8795289157606341e+00,5.7702340943841683e+00,5.7702340943841683e+00,7.6150848321131959e-01,4.4125489196156176e+00,2.8795289157606341e+00,2.8795289157606341e+00,2.8795289157606341e+00,7.6150848321131959e-01,2.8795289157606341e+00,2.4836021079503943e+00,1.7694719327289214e+00,1.7694719327289214e+00,2.8795289157606341e+00,5.7702340943841683e+00,2.8795289157606341e+00,2.4836021079503943e+00,1.7694719327289214e+00,4.4125489196156176e+00,4.4125489196156176e+00,4.4125489196156176e+00,5.7702340943841683e+00,4.4125489196156176e+00,1.7694719327289214e+00,2.8795289157606341e+00,5.7702340943841683e+00,2.4836021079503943e+00,7.6150848321131959e-01,5.7702340943841683e+00,5.7702340943841683e+00,2.8795289157606341e+00,1.7694719327289214e+00,2.4836021079503943e+00,2.4836021079503943e+00,4.4125489196156176e+00,4.4125489196156176e+00,4.4125489196156176e+00,4.4125489196156176e+00,2.4836021079503943e+00,4.4125489196156176e+00,2.8795289157606341e+00,3.9884508934256919e+00,1.7694719327289214e+00,5.7702340943841683e+00,2.4836021079503943e+00,5.7702340943841683e+00,2.4836021079503943e+00,2.4836021079503943e+00,2.4836021079503943e+00,2.8795289157606341e+00,3.9884508934256919e+00,3.9884508934256919e+00,4.4125489196156176e+00,0.0000000000000000e+00,4.4125489196156176e+00,2.4836021079503943e+00,1.7694719327289214e+00,4.4125489196156176e+00,0.0000000000000000e+00,3.9884508934256919e+00,5.7702340943841683e+00,2.4836021079503943e+00,4.4125489196156176e+00,1.7694719327289214e+00,4.4125489196156176e+00,3.9884508934256919e+00,5.7702340943841683e+00,3.9884508934256919e+00,3.9884508934256919e+00,4.4125489196156176e+00,5.7702340943841683e+00,0.0000000000000000e+00,5.7702340943841683e+00,5.7702340943841683e+00,5.7702340943841683e+00,2.4836021079503943e+00,5.7702340943841683e+00,2.4836021079503943e+00,4.4125489196156176e+00,4.4125489196156176e+00,2.4836021079503943e+00,2.4836021079503943e+00,4.4125489196156176e+00,3.9884508934256919e+00,3.9884508934256919e+00,7.6150848321131959e-01,1.7694719327289214e+00,2.4836021079503943e+00,3.9884508934256919e+00,1.7694719327289214e+00,4.4125489196156176e+00,5.7702340943841683e+00,2.4836021079503943e+00,5.7702340943841683e+00,7.6150848321131959e-01,1.7694719327289214e+00,5.7702340943841683e+00,2.8795289157606341e+00,7.6150848321131959e-01,0.0000000000000000e+00,2.4836021079503943e+00,5.7702340943841683e+00,5.7702340943841683e+00,5.7702340943841683e+00,1.7694719327289214e+00,5.7702340943841683e+00,2.4836021079503943e+00,7.6150848321131959e-01,2.4836021079503943e+00,2.8795289157606341e+00,5.7702340943841683e+00,0.0000000000000000e+00,0.0000000000000000e+00,2.8795289157606341e+00,7.6150848321131959e-01,2.4836021079503943e+00,3.9884508934256919e+00,7.6150848321131959e-01,0.0000000000000000e+00,3.9884508934256919e+00,5.7702340943841683e+00,5.7702340943841683e+00,5.7702340943841683e+00,5.7702340943841683e+00,1.7694719327289214e+00,2.4836021079503943e+00,2.4836021079503943e+00,5.7702340943841683e+00,5.7702340943841683e+00,1.7694719327289214e+00,7.6150848321131959e-01,5.7702340943841683e+00,2.4836021079503943e+00,2.8795289157606341e+00,5.7702340943841683e+00,4.4125489196156176e+00,5.7702340943841683e+00,0.0000000000000000e+00,5.7702340943841683e+00,2.4836021079503943e+00,2.4836021079503943e+00,2.4836021079503943e+00,5.7702340943841683e+00,4.4125489196156176e+00,5.7702340943841683e+00,2.8795289157606341e+00,0.0000000000000000e+00,2.8795289157606341e+00,2.8795289157606341e+00,5.7702340943841683e+00,2.4836021079503943e+00,5.7702340943841683e+00,4.4125489196156176e+00,3.9884508934256919e+00,4.4125489196156176e+00,2.4836021079503943e+00,4.4125489196156176e+00,3.9884508934256919e+00,1.7694719327289214e+00,5.7702340943841683e+00,5.7702340943841683e+00,5.7702340943841683e+00,0.0000000000000000e+00,4.4125489196156176e+00,5.7702340943841683e+00,7.6150848321131959e-01,3.9884508934256919e+00,3.9884508934256919e+00,5.7702340943841683e+00,4.4125489196156176e+00,0.0000000000000000e+00,2.8795289157606341e+00,5.7702340943841683e+00,5.7702340943841683e+00,7.6150848321131959e-01,0.0000000000000000e+00,2.4836021079503943e+00,5.7702340943841683e+00,5.7702340943841683e+00,5.7702340943841683e+00,0.0000000000000000e+00,1.7694719327289214e+00,2.4836021079503943e+00,5.7702340943841683e+00,2.8795289157606341e+00,1.7694719327289214e+00,2.4836021079503943e+00,7.6150848321131959e-01,1.7694719327289214e+00,2.8795289157606341e+00,3.9884508934256919e+00,1.7694719327289214e+00,4.4125489196156176e+00,4.4125489196156176e+00,2.8795289157606341e+00,1.7694719327289214e+00,0.0000000000000000e+00,4.4125489196156176e+00,4.4125489196156176e+00,4.4125489196156176e+00,4.4125489196156176e+00,1.7694719327289214e+00,2.8795289157606341e+00,5.7702340943841683e+00,7.6150848321131959e-01,4.4125489196156176e+00,4.4125489196156176e+00,7.6150848321131959e-01,3.9884508934256919e+00,4.4125489196156176e+00,2.4836021079503943e+00,3.9884508934256919e+00,2.8795289157606341e+00,5.7702340943841683e+00,2.4836021079503943e+00,7.6150848321131959e-01,5.7702340943841683e+00,5.7702340943841683e+00,5.7702340943841683e+00,2.8795289157606341e+00,5.7702340943841683e+00,5.7702340943841683e+00,1.7694719327289214e+00,5.7702340943841683e+00,2.4836021079503943e+00,7.6150848321131959e-01,3.9884508934256919e+00,3.9884508934256919e+00,2.4836021079503943e+00,3.9884508934256919e+00,5.7702340943841683e+00,5.7702340943841683e+00,3.9884508934256919e+00,3.9884508934256919e+00,2.4836021079503943e+00,5.7702340943841683e+00,0.0000000000000000e+00,1.7694719327289214e+00,5.7702340943841683e+00,5.7702340943841683e+00,3.9884508934256919e+00,4.4125489196156176e+00,4.4125489196156176e+00,2.8795289157606341e+00,5.7702340943841683e+00,4.4125489196156176e+00,5.7702340943841683e+00,7.6150848321131959e-01,5.7702340943841683e+00,5.7702340943841683e+00,5.7702340943841683e+00,7.6150848321131959e-01,2.8795289157606341e+00,3.9884508934256919e+00,4.4125489196156176e+00,5.7702340943841683e+00,4.4125489196156176e+00,3.9884508934256919e+00,3.9884508934256919e+00,3.9884508934256919e+00,3.9884508934256919e+00,4.4125489196156176e+00,2.4836021079503943e+00,4.4125489196156176e+00,2.8795289157606341e+00,4.4125489196156176e+00,5.7702340943841683e+00,4.4125489196156176e+00,2.4836021079503943e+00,1.7694719327289214e+00,3.9884508934256919e+00,2.4836021079503943e+00,2.8795289157606341e+00,5.7702340943841683e+00,1.7694719327289214e+00,0.0000000000000000e+00,3.9884508934256919e+00,5.7702340943841683e+00,5.7702340943841683e+00,4.4125489196156176e+00,3.9884508934256919e+00,2.8795289157606341e+00,2.4836021079503943e+00,3.9884508934256919e+00,2.4836021079503943e+00,7.6150848321131959e-01,7.6150848321131959e-01,3.9884508934256919e+00,2.8795289157606341e+00,2.4836021079503943e+00,4.4125489196156176e+00,1.7694719327289214e+00,2.4836021079503943e+00,4.4125489196156176e+00,4.4125489196156176e+00,0.0000000000000000e+00,2.8795289157606341e+00,5.7702340943841683e+00,2.4836021079503943e+00,5.7702340943841683e+00,2.8795289157606341e+00,2.4836021079503943e+00,5.7702340943841683e+00,2.4836021079503943e+00,7.6150848321131959e-01,5.7702340943841683e+00,5.7702340943841683e+00,4.4125489196156176e+00,3.9884508934256919e+00,2.8795289157606341e+00,5.7702340943841683e+00,5.7702340943841683e+00,3.9884508934256919e+00,5.7702340943841683e+00,3.9884508934256919e+00,3.9884508934256919e+00,5.7702340943841683e+00,3.9884508934256919e+00,4.4125489196156176e+00,4.4125489196156176e+00,2.4836021079503943e+00,1.7694719327289214e+00,5.7702340943841683e+00,4.4125489196156176e+00,2.8795289157606341e+00,0.0000000000000000e+00,4.4125489196156176e+00,0.0000000000000000e+00,5.7702340943841683e+00,3.9884508934256919e+00,3.9884508934256919e+00,3.9884508934256919e+00,1.7694719327289214e+00,1.7694719327289214e+00,2.8795289157606341e+00,5.7702340943841683e+00,5.7702340943841683e+00,3.9884508934256919e+00,1.7694719327289214e+00,3.9884508934256919e+00,2.4836021079503943e+00,4.4125489196156176e+00,4.4125489196156176e+00,2.4836021079503943e+00,3.9884508934256919e+00,1.7694719327289214e+00,4.4125489196156176e+00,3.9884508934256919e+00,4.4125489196156176e+00,2.8795289157606341e+00,2.4836021079503943e+00,5.7702340943841683e+00,4.4125489196156176e+00,1.7694719327289214e+00,1.7694719327289214e+00,2.8795289157606341e+00,3.9884508934256919e+00,2.4836021079503943e+00,0.0000000000000000e+00,1.7694719327289214e+00,5.7702340943841683e+00,5.7702340943841683e+00,1.7694719327289214e+00,5.7702340943841683e+00,5.7702340943841683e+00,2.4836021079503943e+00,4.4125489196156176e+00,2.8795289157606341e+00,5.7702340943841683e+00,5.7702340943841683e+00,1.7694719327289214e+00,7.6150848321131959e-01,3.9884508934256919e+00,5.7702340943841683e+00,4.4125489196156176e+00,5.7702340943841683e+00,1.7694719327289214e+00,5.7702340943841683e+00,2.8795289157606341e+00,4.4125489196156176e+00,4.4125489196156176e+00,1.7694719327289214e+00,4.4125489196156176e+00,2.4836021079503943e+00,3.9884508934256919e+00,0.0000000000000000e+00,0.0000000000000000e+00,3.9884508934256919e+00,5.7702340943841683e+00,1.7694719327289214e+00,0.0000000000000000e+00,1.7694719327289214e+00,2.4836021079503943e+00,3.9884508934256919e+00,7.6150848321131959e-01,4.4125489196156176e+00,3.9884508934256919e+00,3.9884508934256919e+00,7.6150848321131959e-01,5.7702340943841683e+00,5.7702340943841683e+00,3.9884508934256919e+00,2.4836021079503943e+00,2.4836021079503943e+00,2.4836021079503943e+00,3.9884508934256919e+00,7.6150848321131959e-01,3.9884508934256919e+00,4.4125489196156176e+00,7.6150848321131959e-01,2.8795289157606341e+00,2.8795289157606341e+00,2.8795289157606341e+00,7.6150848321131959e-01,2.8795289157606341e+00,0.0000000000000000e+00,5.7702340943841683e+00,5.7702340943841683e+00,5.7702340943841683e+00,4.4125489196156176e+00,3.9884508934256919e+00,1.7694719327289214e+00,1.7694719327289214e+00,1.7694719327289214e+00,1.7694719327289214e+00,7.6150848321131959e-01,3.9884508934256919e+00,3.9884508934256919e+00,5.7702340943841683e+00,3.9884508934256919e+00,2.8795289157606341e+00,3.9884508934256919e+00,2.8795289157606341e+00,2.8795289157606341e+00,2.8795289157606341e+00,4.4125489196156176e+00,0.0000000000000000e+00,2.4836021079503943e+00,0.0000000000000000e+00,3.9884508934256919e+00,3.9884508934256919e+00,2.4836021079503943e+00,5.7702340943841683e+00,7.6150848321131959e-01,2.4836021079503943e+00,2.4836021079503943e+00,2.8795289157606341e+00,1.7694719327289214e+00,2.8795289157606341e+00,5.7702340943841683e+00,2.8795289157606341e+00,1.7694719327289214e+00,7.6150848321131959e-01,3.9884508934256919e+00,2.4836021079503943e+00,1.7694719327289214e+00,3.9884508934256919e+00,3.9884508934256919e+00,5.7702340943841683e+00,5.7702340943841683e+00,2.8795289157606341e+00,4.4125489196156176e+00,4.4125489196156176e+00,2.8795289157606341e+00,5.7702340943841683e+00,0.0000000000000000e+00,2.4836021079503943e+00,1.7694719327289214e+00,2.4836021079503943e+00,2.4836021079503943e+00,5.7702340943841683e+00,5.7702340943841683e+00,7.6150848321131959e-01,3.9884508934256919e+00,5.7702340943841683e+00,7.6150848321131959e-01,3.9884508934256919e+00,1.7694719327289214e+00,3.9884508934256919e+00,3.9884508934256919e+00,5.7702340943841683e+00,3.9884508934256919e+00,2.8795289157606341e+00,2.8795289157606341e+00,1.7694719327289214e+00,0.0000000000000000e+00,5.7702340943841683e+00,7.6150848321131959e-01,0.0000000000000000e+00,3.9884508934256919e+00,5.7702340943841683e+00,1.7694719327289214e+00,3.9884508934256919e+00,4.4125489196156176e+00,1.7694719327289214e+00,2.4836021079503943e+00,2.4836021079503943e+00,7.6150848321131959e-01,7.6150848321131959e-01,1.7694719327289214e+00,3.9884508934256919e+00,0.0000000000000000e+00,7.6150848321131959e-01,4.4125489196156176e+00,0.0000000000000000e+00,4.4125489196156176e+00,3.9884508934256919e+00,2.8795289157606341e+00,5.7702340943841683e+00,2.4836021079503943e+00,2.4836021079503943e+00,2.4836021079503943e+00,5.7702340943841683e+00,2.4836021079503943e+00,2.8795289157606341e+00,0.0000000000000000e+00,5.7702340943841683e+00,5.7702340943841683e+00,5.7702340943841683e+00,0.0000000000000000e+00,0.0000000000000000e+00,5.7702340943841683e+00,2.8795289157606341e+00,2.8795289157606341e+00,2.8795289157606341e+00,2.4836021079503943e+00,1.7694719327289214e+00,5.7702340943841683e+00,3.9884508934256919e+00,7.6150848321131959e-01,5.7702340943841683e+00,2.4836021079503943e+00,2.8795289157606341e+00,2.8795289157606341e+00,2.8795289157606341e+00,5.7702340943841683e+00,0.0000000000000000e+00,2.4836021079503943e+00,2.8795289157606341e+00,1.7694719327289214e+00,1.7694719327289214e+00,3.9884508934256919e+00,3.9884508934256919e+00,3.9884508934256919e+00,1.7694719327289214e+00,7.6150848321131959e-01,4.4125489196156176e+00,7.6150848321131959e-01,7.6150848321131959e-01,0.0000000000000000e+00,2.8795289157606341e+00,0.0000000000000000e+00,2.8795289157606341e+00,4.4125489196156176e+00,7.6150848321131959e-01,7.6150848321131959e-01,5.7702340943841683e+00,4.4125489196156176e+00,3.9884508934256919e+00,5.7702340943841683e+00,3.9884508934256919e+00,1.7694719327289214e+00,3.9884508934256919e+00,2.8795289157606341e+00,2.8795289157606341e+00,3.9884508934256919e+00,2.8795289157606341e+00,3.9884508934256919e+00,5.7702340943841683e+00,1.7694719327289214e+00,0.0000000000000000e+00,7.6150848321131959e-01,1.7694719327289214e+00,3.9884508934256919e+00,5.7702340943841683e+00,2.8795289157606341e+00,3.9884508934256919e+00,3.9884508934256919e+00,7.6150848321131959e-01,0.0000000000000000e+00,3.9884508934256919e+00,0.0000000000000000e+00,2.4836021079503943e+00,7.6150848321131959e-01,2.8795289157606341e+00,2.8795289157606341e+00,1.7694719327289214e+00,0.0000000000000000e+00,5.7702340943841683e+00,3.9884508934256919e+00,2.8795289157606341e+00,4.4125489196156176e+00,4.4125489196156176e+00,5.7702340943841683e+00,3.9884508934256919e+00,5.7702340943841683e+00,2.8795289157606341e+00,5.7702340943841683e+00,4.4125489196156176e+00,4.4125489196156176e+00,4.4125489196156176e+00,1.7694719327289214e+00,4.4125489196156176e+00,5.7702340943841683e+00,3.9884508934256919e+00,2.4836021079503943e+00,5.7702340943841683e+00,7.6150848321131959e-01,5.7702340943841683e+00,5.7702340943841683e+00,7.6150848321131959e-01,5.7702340943841683e+00,3.9884508934256919e+00,1.7694719327289214e+00,2.4836021079503943e+00,5.7702340943841683e+00,5.7702340943841683e+00,1.7694719327289214e+00,2.4836021079503943e+00,2.8795289157606341e+00,5.7702340943841683e+00,5.7702340943841683e+00,3.9884508934256919e+00,4.4125489196156176e+00,5.7702340943841683e+00,0.0000000000000000e+00,4.4125489196156176e+00,4.4125489196156176e+00,2.4836021079503943e+00,3.9884508934256919e+00,0.0000000000000000e+00,1.7694719327289214e+00,3.9884508934256919e+00,7.6150848321131959e-01,5.7702340943841683e+00,2.4836021079503943e+00,7.6150848321131959e-01,5.7702340943841683e+00,5.7702340943841683e+00,3.9884508934256919e+00,7.6150848321131959e-01,5.7702340943841683e+00,2.8795289157606341e+00,3.9884508934256919e+00,5.7702340943841683e+00,2.4836021079503943e+00,2.8795289157606341e+00,3.9884508934256919e+00,7.6150848321131959e-01,3.9884508934256919e+00,4.4125489196156176e+00,5.7702340943841683e+00,3.9884508934256919e+00,0.0000000000000000e+00,4.4125489196156176e+00,5.7702340943841683e+00,3.9884508934256919e+00,3.9884508934256919e+00,2.4836021079503943e+00,3.9884508934256919e+00,3.9884508934256919e+00,3.9884508934256919e+00,4.4125489196156176e+00,2.8795289157606341e+00,2.4836021079503943e+00,3.9884508934256919e+00,7.6150848321131959e-01,4.4125489196156176e+00,5.7702340943841683e+00,4.4125489196156176e+00,4.4125489196156176e+00,4.4125489196156176e+00,4.4125489196156176e+00,2.8795289157606341e+00,0.0000000000000000e+00,1.7694719327289214e+00,3.9884508934256919e+00,5.7702340943841683e+00,4.4125489196156176e+00,3.9884508934256919e+00,1.7694719327289214e+00,4.4125489196156176e+00,2.8795289157606341e+00,7.6150848321131959e-01,2.4836021079503943e+00,2.8795289157606341e+00,4.4125489196156176e+00,7.6150848321131959e-01,2.8795289157606341e+00,1.7694719327289214e+00,5.7702340943841683e+00,4.4125489196156176e+00,4.4125489196156176e+00,3.9884508934256919e+00,4.4125489196156176e+00,4.4125489196156176e+00,3.9884508934256919e+00,5.7702340943841683e+00,4.4125489196156176e+00,4.4125489196156176e+00,2.8795289157606341e+00,2.8795289157606341e+00,2.4836021079503943e+00,2.8795289157606341e+00,2.8795289157606341e+00,2.4836021079503943e+00,2.4836021079503943e+00,5.7702340943841683e+00,0.0000000000000000e+00,3.9884508934256919e+00,1.7694719327289214e+00,0.0000000000000000e+00,2.8795289157606341e+00,5.7702340943841683e+00,2.8795289157606341e+00,3.9884508934256919e+00,5.7702340943841683e+00,7.6150848321131959e-01,0.0000000000000000e+00,3.9884508934256919e+00,3.9884508934256919e+00,5.7702340943841683e+00,3.9884508934256919e+00,5.7702340943841683e+00,5.7702340943841683e+00,5.7702340943841683e+00,5.7702340943841683e+00,5.7702340943841683e+00,2.4836021079503943e+00,3.9884508934256919e+00,5.7702340943841683e+00,4.4125489196156176e+00,2.4836021079503943e+00,0.0000000000000000e+00,3.9884508934256919e+00,3.9884508934256919e+00,5.7702340943841683e+00,3.9884508934256919e+00,3.9884508934256919e+00,4.4125489196156176e+00,4.4125489196156176e+00,4.4125489196156176e+00,5.7702340943841683e+00,4.4125489196156176e+00,7.6150848321131959e-01,3.9884508934256919e+00,4.4125489196156176e+00,2.8795289157606341e+00,5.7702340943841683e+00,3.9884508934256919e+00,2.8795289157606341e+00,7.6150848321131959e-01,2.4836021079503943e+00,3.9884508934256919e+00,4.4125489196156176e+00,2.4836021079503943e+00,5.7702340943841683e+00,4.4125489196156176e+00,7.6150848321131959e-01,3.9884508934256919e+00
4.1909639723209686e+00,4.1909639723209686e+00,0.0000000000000000e+00,4.1909639723209686e+00,4.1909639723209686e+00,4.1909639723209686e+00,4.1909639723209686e+00,4.1909639723209686e+00,3.2507647234097532e+00,3.2507647234097532e+00,3.2507647234097532e+00,3.2507647234097532e+00,5.0425926774629950e+00,4.1909639723209686e+00,3.2507647234097532e+00,3.2507647234097532e+00,0.0000000000000000e+00,3.2507647234097532e+00,3.2507647234097532e+00,0.0000000000000000e+00,3.2507647234097532e+00,7.5671556469965540e-01,2.3024661989827093e+00,5.0425926774629950e+00,2.3024661989827093e+00,3.2507647234097532e+00,3.2507647234097532e+00,2.3024661989827093e+00,2.3024661989827093e+00,3.2507647234097532e+00,7.5671556469965540e-01,5.0425926774629950e+00,5.0425926774629950e+00,0.0000000000000000e+00,4.1909639723209686e+00,5.0425926774629950e+00,5.0425926774629950e+00,3.2507647234097532e+00,4.1909639723209686e+00,4.1909639723209686e+00,5.0425926774629950e+00,4.1909639723209686e+00,4.1909639723209686e+00,4.1909639723209686e+00,4.1909639723209686e+00,4.1909639723209686e+00,4.1909639723209686e+00,7.5671556469965540e-01,0.0000000000000000e+00,2.3024661989827093e+00,2.3024661989827093e+00,5.0425926774629950e+00,5.0425926774629950e+00,5.0425926774629950e+00,2.3024661989827093e+00,4.1909639723209686e+00,5.2788646076017587e+00,5.0425926774629950e+00,1.5293935223521746e+00,4.1909639723209686e+00,5.2788646076017587e+00,5.2788646076017587e+00,5.2788646076017587e+00,3.2507647234097532e+00,5.2788646076017587e+00,5.0425926774629950e+00,5.0425926774629950e+00,5.0425926774629950e+00,0.0000000000000000e+00,5.0425926774629950e+00,5.0425926774629950e+00,7.5671556469965540e-01,5.0425926774629950e+00,7.5671556469965540e-01,7.5671556469965540e-01,5.2788646076017587e+00,4.1909639723209686e+00,7.5671556469965540e-01,7.5671556469965540e-01,5.2788646076017587e+00,5.2788646076017587e+00,4.1909639723209686e+00,5.2788646076017587e+00,1.5293935223521746e+00,7.5671556469965540e-01,5.0425926774629950e+00,4.1909639723209686e+00,0.0000000000000000e+00,7.5671556469965540e-01,4.1909639723209686e+00,5.0425926774629950e+00,0.0000000000000000e+00,3.2507647234097532e+00,3.2507647234097532e+00,5.0425926774629950e+00,4.1909639723209686e+00,3.2507647234097532e+00,4.1909639723209686e+00,2.3024661989827093e+00,4.1909639723209686e+00,7.5671556469965540e-01,1.5293935223521746e+00,3.2507647234097532e+00,3.2507647234097532e+00,5.0425926774629950e+00,4.1909639723209686e+00,5.2788646076017587e+00,5.2788646076017587e+00,5.2788646076017587e+00,5.0425926774629950e+00,3.2507647234097532e+00,5.2788646076017587e+00,7.5671556469965540e-01,5.2788646076017587e+00,3.2507647234097532e+00,5.0425926774629950e+00,1.5293935223521746e+00,5.0425926774629950e+00,5.0425926774629950e+00,5.0425926774629950e+00,4.1909639723209686e+00,1.5293935223521746e+00,3.2507647234097532e+00,5.0425926774629950e+00,2.3024661989827093e+00,5.0425926774629950e+00,3.2507647234097532e+00,3.2507647234097532e+00,5.2788646076017587e+00,5.0425926774629950e+00,7.5671556469965540e-01,5.0425926774629950e+00,7.5671556469965540e-01,1.5293935223521746e+00,3.2507647234097532e+00,4.1909639723209686e+00,4.1909639723209686e+00,1.5293935223521746e+00,3.2507647234097532e+00,5.2788646076017587e+00,5.0425926774629950e+00,5.0425926774629950e+00,5.2788646076017587e+00,5.0425926774629950e+00,5.2788646076017587e+00,0.0000000000000000e+00,5.0425926774629950e+00,3.2507647234097532e+00,4.1909639723209686e+00,5.2788646076017587e+00,5.0425926774629950e+00,3.2507647234097532e+00,5.0425926774629950e+00,4.1909639723209686e+00,5.0425926774629950e+00,4.1909639723209686e+00,4.1909639723209686e+00,3.2507647234097532e+00,3.2507647234097532e+00,3.2507647234097532e+00,2.3024661989827093e+00,0.0000000000000000e+00,3.2507647234097532e+00,4.1909639723209686e+00,2.3024661989827093e+00,3.2507647234097532e+00,4.1909639723209686e+00,7.5671556469965540e-01,5.0425926774629950e+00,4.1909639723209686e+00,4.1909639723209686e+00,7.5671556469965540e-01,5.2788646076017587e+00,7.5671556469965540e-01,1.5293935223521746e+00,5.0425926774629950e+00,5.2788646076017587e+00,4.1909639723209686e+00,5.2788646076017587e+00,4.1909639723209686e+00,5.0425926774629950e+00,5.0425926774629950e+00,4.1909639723209686e+00,3.2507647234097532e+00,3.2507647234097532e+00,3.2507647234097532e+00,4.1909639723209686e+00,5.0425926774629950e+00,5.2788646076017587e+00,5.2788646076017587e+00,5.0425926774629950e+00,4.1909639723209686e+00,1.5293935223521746e+00,2.3024661989827093e+00,3.2507647234097532e+00,0.0000000000000000e+00,5.0425926774629950e+00,4.1909639723209686e+00,2.3024661989827093e+00,2.3024661989827093e+00,2.3024661989827093e+00,4.1909639723209686e+00,7.5671556469965540e-01,3.2507647234097532e+00,1.5293935223521746e+00,4.1909639723209686e+00,4.1909639723209686e+00,5.0425926774629950e+00,4.1909639723209686e+00,4.1909639723209686e+00,1.5293935223521746e+00,4.1909639723209686e+00,1.5293935223521746e+00,5.0425926774629950e+00,0.0000000000000000e+00,2.3024661989827093e+00,4.1909639723209686e+00,5.0425926774629950e+00,1.5293935223521746e+00,1.5293935223521746e+00,0.0000000000000000e+00,5.0425926774629950e+00,5.2788646076017587e+00,4.1909639723209686e+00,5.0425926774629950e+00,2.3024661989827093e+00,4.1909639723209686e+00,5.2788646076017587e+00,4.1909639723209686e+00,7.5671556469965540e-01,5.2788646076017587e+00,2.3024661989827093e+00,5.2788646076017587e+00,5.2788646076017587e+00,5.2788646076017587e+00,5.2788646076017587e+00,7.5671556469965540e-01,5.2788646076017587e+00,2.3024661989827093e+00,5.2788646076017587e+00,3.2507647234097532e+00,1.5293935223521746e+00,4.1909639723209686e+00,5.0425926774629950e+00,5.0425926774629950e+00,5.0425926774629950e+00,5.0425926774629950e+00,4.1909639723209686e+00,5.2788646076017587e+00,5.0425926774629950e+00,7.5671556469965540e-01,5.0425926774629950e+00,4.1909639723209686e+00,4.1909639723209686e+00,5.0425926774629950e+00,7.5671556469965540e-01,3.2507647234097532e+00,0.0000000000000000e+00,5.0425926774629950e+00,1.5293935223521746e+00,0.0000000000000000e+00,4.1909639723209686e+00,4.1909639723209686e+00,7.5671556469965540e-01,5.2788646076017587e+00,5.0425926774629950e+00,5.0425926774629950e+00,5.0425926774629950e+00,5.0425926774629950e+00,0.0000000000000000e+00,5.0425926774629950e+00,5.2788646076017587e+00,4.1909639723209686e+00,5.0425926774629950e+00,4.1909639723209686e+00,2.3024661989827093e+00,5.2788646076017587e+00,5.2788646076017587e+00,1.5293935223521746e+00,5.0425926774629950e+00,0.0000000000000000e+00,4.1909639723209686e+00,7.5671556469965540e-01,5.0425926774629950e+00,5.0425926774629950e+00,2.3024661989827093e+00,4.1909639723209686e+00,2.3024661989827093e+00,4.1909639723209686e+00,5.2788646076017587e+00,5.0425926774629950e+00,5.0425926774629950e+00,3.2507647234097532e+00,5.0425926774629950e+00,5.0425926774629950e+00,5.2788646076017587e+00,1.5293935223521746e+00,5.0425926774629950e+00,5.0425926774629950e+00,1.5293935223521746e+00,2.3024661989827093e+00,5.0425926774629950e+00,7.5671556469965540e-01,4.1909639723209686e+00,5.2788646076017587e+00,5.0425926774629950e+00,4.1909639723209686e+00,5.2788646076017587e+00,1.5293935223521746e+00,4.1909639723209686e+00,3.2507647234097532e+00,4.1909639723209686e+00,1.5293935223521746e+00,2.3024661989827093e+00,5.2788646076017587e+00,3.2507647234097532e+00,5.0425926774629950e+00,4.1909639723209686e+00,0.0000000000000000e+00,4.1909639723209686e+00,5.2788646076017587e+00,5.2788646076017587e+00,3.2507647234097532e+00,4.1909639723209686e+00,5.0425926774629950e+00,3.2507647234097532e+00,3.2507647234097532e+00,5.2788646076017587e+00,3.2507647234097532e+00,7.5671556469965540e-01,5.0425926774629950e+00,1.5293935223521746e+00,5.0425926774629950e+00,2.3024661989827093e+00,5.2788646076017587e+00,5.2788646076017587e+00,1.5293935223521746e+00,3.2507647234097532e+00,5.0425926774629950e+00,3.2507647234097532e+00,4.1909639723209686e+00,4.1909639723209686e+00,5.2788646076017587e+00,5.2788646076017587e+00,5.2788646076017587e+00,1.5293935223521746e+00,1.5293935223521746e+00,5.0425926774629950e+00,1.5293935223521746e+00,2.3024661989827093e+00,5.0425926774629950e+00,3.2507647234097532e+00,5.2788646076017587e+00,3.2507647234097532e+00,5.0425926774629950e+00,4.1909639723209686e+00,3.2507647234097532e+00,5.0425926774629950e+00,5.2788646076017587e+00,5.2788646076017587e+00,5.2788646076017587e+00,4.1909639723209686e+00,5.0425926774629950e+00,4.1909639723209686e+00,5.2788646076017587e+00,5.2788646076017587e+00,5.0425926774629950e+00,5.2788646076017587e+00,5.0425926774629950e+00,5.0425926774629950e+00,5.2788646076017587e+00,3.2507647234097532e+00,5.0425926774629950e+00,4.1909639723209686e+00,5.0425926774629950e+00,4.1909639723209686e+00,5.2788646076017587e+00,5.2788646076017587e+00,5.0425926774629950e+00,5.0425926774629950e+00,7.5671556469965540e-01,0.0000000000000000e+00,5.2788646076017587e+00,7.5671556469965540e-01,4.1909639723209686e+00,5.2788646076017587e+00,5.2788646076017587e+00,5.2788646076017587e+00,7.5671556469965540e-01,3.2507647234097532e+00,0.0000000000000000e+00,2.3024661989827093e+00,5.0425926774629950e+00,7.5671556469965540e-01,5.2788646076017587e+00,5.0425926774629950e+00,4.1909639723209686e+00,5.0425926774629950e+00,5.0425926774629950e+00,4.1909639723209686e+00,4.1909639723209686e+00,5.0425926774629950e+00,3.2507647234097532e+00,5.0425926774629950e+00,4.1909639723209686e+00,3.2507647234097532e+00,5.0425926774629950e+00,3.2507647234097532e+00,3.2507647234097532e+00,5.2788646076017587e+00,3.2507647234097532e+00,5.0425926774629950e+00,4.1909639723209686e+00,7.5671556469965540e-01,5.2788646076017587e+00,4.1909639723209686e+00,2.3024661989827093e+00,4.1909639723209686e+00,5.0425926774629950e+00,0.0000000000000000e+00,5.2788646076017587e+00,5.2788646076017587e+00,5.2788646076017587e+00,0.0000000000000000e+00,5.0425926774629950e+00,4.1909639723209686e+00,2.3024661989827093e+00,5.0425926774629950e+00,2.3024661989827093e+00,7.5671556469965540e-01,7.5671556469965540e-01,5.2788646076017587e+00,5.0425926774629950e+00,0.0000000000000000e+00,0.0000000000000000e+00,7.5671556469965540e-01,7.5671556469965540e-01,5.2788646076017587e+00,4.1909639723209686e+00,4.1909639723209686e+00,5.2788646076017587e+00,5.2788646076017587e+00,4.1909639723209686e+00,4.1909639723209686e+00,3.2507647234097532e+00,1.5293935223521746e+00,4.1909639723209686e+00,1.5293935223521746e+00,5.2788646076017587e+00,5.2788646076017587e+00,5.2788646076017587e+00,2.3024661989827093e+00,4.1909639723209686e+00,3.2507647234097532e+00,5.2788646076017587e+00,2.3024661989827093e+00,5.0425926774629950e+00,4.1909639723209686e+00,7.5671556469965540e-01,5.0425926774629950e+00,7.5671556469965540e-01,4.1909639723209686e+00,5.2788646076017587e+00,5.2788646076017587e+00,3.2507647234097532e+00,7.5671556469965540e-01,4.1909639723209686e+00,7.5671556469965540e-01,3.2507647234097532e+00,5.0425926774629950e+00,5.0425926774629950e+00,5.2788646076017587e+00,2.3024661989827093e+00,1.5293935223521746e+00,1.5293935223521746e+00,5.0425926774629950e+00,5.0425926774629950e+00,3.2507647234097532e+00,1.5293935223521746e+00,4.1909639723209686e+00,5.2788646076017587e+00,5.2788646076017587e+00,4.1909639723209686e+00,4.1909639723209686e+00,4.1909639723209686e+00,5.0425926774629950e+00,7.5671556469965540e-01,1.5293935223521746e+00,5.2788646076017587e+00,5.2788646076017587e+00,5.0425926774629950e+00,0.0000000000000000e+00,4.1909639723209686e+00,5.2788646076017587e+00,0.0000000000000000e+00,3.2507647234097532e+00,5.2788646076017587e+00,1.5293935223521746e+00,5.0425926774629950e+00,4.1909639723209686e+00,4.1909639723209686e+00,3.2507647234097532e+00,4.1909639723209686e+00,2.3024661989827093e+00,4.1909639723209686e+00,4.1909639723209686e+00,4.1909639723209686e+00,4.1909639723209686e+00,2.3024661989827093e+00,5.0425926774629950e+00,4.1909639723209686e+00,4.1909639723209686e+00,2.3024661989827093e+00,2.3024661989827093e+00,4.1909639723209686e+00,4.1909639723209686e+00,5.2788646076017587e+00,5.0425926774629950e+00,5.0425926774629950e+00,5.0425926774629950e+00,3.2507647234097532e+00,4.1909639723209686e+00,2.3024661989827093e+00,2.3024661989827093e+00,4.1909639723209686e+00,4.1909639723209686e+00,2.3024661989827093e+00,5.2788646076017587e+00,2.3024661989827093e+00,2.3024661989827093e+00,2.3024661989827093e+00,4.1909639723209686e+00,5.2788646076017587e+00,2.3024661989827093e+00,4.1909639723209686e+00,0.0000000000000000e+00,3.2507647234097532e+00,5.0425926774629950e+00,4.1909639723209686e+00,5.0425926774629950e+00,5.2788646076017587e+00,2.3024661989827093e+00,0.0000000000000000e+00,5.0425926774629950e+00,1.5293935223521746e+00,5.0425926774629950e+00,3.2507647234097532e+00,5.0425926774629950e+00,1.5293935223521746e+00,0.0000000000000000e+00,2.3024661989827093e+00,5.2788646076017587e+00,0.0000000000000000e+00,1.5293935223521746e+00,5.0425926774629950e+00,2.3024661989827093e+00,0.0000000000000000e+00,4.1909639723209686e+00,2.3024661989827093e+00,4.1909639723209686e+00,0.0000000000000000e+00,5.0425926774629950e+00,5.2788646076017587e+00,3.2507647234097532e+00,5.0425926774629950e+00,0.0000000000000000e+00,3.2507647234097532e+00,7.5671556469965540e-01,2.3024661989827093e+00,2.3024661989827093e+00,2.3024661989827093e+00,2.3024661989827093e+00,5.2788646076017587e+00,1.5293935223521746e+00,4.1909639723209686e+00,5.2788646076017587e+00,5.0425926774629950e+00,4.1909639723209686e+00,3.2507647234097532e+00,3.2507647234097532e+00,5.2788646076017587e+00,4.1909639723209686e+00,5.2788646076017587e+00,5.0425926774629950e+00,1.5293935223521746e+00,2.3024661989827093e+00,4.1909639723209686e+00,5.2788646076017587e+00,2.3024661989827093e+00,4.1909639723209686e+00,5.2788646076017587e+00,2.3024661989827093e+00,2.3024661989827093e+00,0.0000000000000000e+00,5.2788646076017587e+00,5.0425926774629950e+00,4.1909639723209686e+00,2.3024661989827093e+00,1.5293935223521746e+00,3.2507647234097532e+00,0.0000000000000000e+00,5.0425926774629950e+00,5.0425926774629950e+00,3.2507647234097532e+00,3.2507647234097532e+00,7.5671556469965540e-01,1.5293935223521746e+00,1.5293935223521746e+00,5.2788646076017587e+00,4.1909639723209686e+00,7.5671556469965540e-01,5.2788646076017587e+00,5.2788646076017587e+00,5.0425926774629950e+00,5.0425926774629950e+00,4.1909639723209686e+00,2.3024661989827093e+00,5.2788646076017587e+00,2.3024661989827093e+00,5.0425926774629950e+00,1.5293935223521746e+00,0.0000000000000000e+00,5.0425926774629950e+00,3.2507647234097532e+00,3.2507647234097532e+00,5.0425926774629950e+00,2.3024661989827093e+00,2.3024661989827093e+00,5.0425926774629950e+00,3.2507647234097532e+00,2.3024661989827093e+00,4.1909639723209686e+00,5.0425926774629950e+00,5.2788646076017587e+00,4.1909639723209686e+00,4.1909639723209686e+00,3.2507647234097532e+00,5.0425926774629950e+00,5.0425926774629950e+00,1.5293935223521746e+00,5.0425926774629950e+00,5.2788646076017587e+00,5.0425926774629950e+00,5.2788646076017587e+00,2.3024661989827093e+00,5.0425926774629950e+00,5.0425926774629950e+00,5.0425926774629950e+00,5.0425926774629950e+00,5.2788646076017587e+00,5.2788646076017587e+00,4.1909639723209686e+00,0.0000000000000000e+00,5.2788646076017587e+00,2.3024661989827093e+00,5.2788646076017587e+00,0.0000000000000000e+00,5.0425926774629950e+00,5.0425926774629950e+00,7.5671556469965540e-01,4.1909639723209686e+00,1.5293935223521746e+00,3.2507647234097532e+00,4.1909639723209686e+00,2.3024661989827093e+00,4.1909639723209686e+00,0.0000000000000000e+00,5.2788646076017587e+00,7.5671556469965540e-01,5.2788646076017587e+00,5.0425926774629950e+00,5.2788646076017587e+00,0.0000000000000000e+00,5.2788646076017587e+00,4.1909639723209686e+00,1.5293935223521746e+00,5.2788646076017587e+00,4.1909639723209686e+00,5.2788646076017587e+00,2.3024661989827093e+00,1.5293935223521746e+00,7.5671556469965540e-01,1.5293935223521746e+00,0.0000000000000000e+00,3.2507647234097532e+00,4.1909639723209686e+00,5.2788646076017587e+00,5.2788646076017587e+00,5.0425926774629950e+00,7.5671556469965540e-01,1.5293935223521746e+00,5.2788646076017587e+00,5.2788646076017587e+00,5.2788646076017587e+00,1.5293935223521746e+00,7.5671556469965540e-01,5.2788646076017587e+00,7.5671556469965540e-01,7.5671556469965540e-01,7.5671556469965540e-01,5.2788646076017587e+00,5.0425926774629950e+00,5.2788646076017587e+00,5.2788646076017587e+00,2.3024661989827093e+00,0.0000000000000000e+00,0.0000000000000000e+00,4.1909639723209686e+00,3.2507647234097532e+00,4.1909639723209686e+00,5.0425926774629950e+00,5.2788646076017587e+00,0.0000000000000000e+00,1.5293935223521746e+00,4.1909639723209686e+00,5.2788646076017587e+00,7.5671556469965540e-01,5.0425926774629950e+00,4.1909639723209686e+00,5.2788646076017587e+00,5.0425926774629950e+00,5.2788646076017587e+00,5.2788646076017587e+00,0.0000000000000000e+00,0.0000000000000000e+00,4.1909639723209686e+00,3.2507647234097532e+00,4.1909639723209686e+00,3.2507647234097532e+00,3.2507647234097532e+00,3.2507647234097532e+00,3.2507647234097532e+00,5.2788646076017587e+00,4.1909639723209686e+00,5.2788646076017587e+00,5.2788646076017587e+00,5.2788646076017587e+00,0.0000000000000000e+00,4.1909639723209686e+00,5.2788646076017587e+00,5.2788646076017587e+00,5.0425926774629950e+00,7.5671556469965540e-01,4.1909639723209686e+00,0.0000000000000000e+00,5.2788646076017587e+00,5.2788646076017587e+00,4.1909639723209686e+00,4.1909639723209686e+00,5.2788646076017587e+00,5.0425926774629950e+00,4.1909639723209686e+00,4.1909639723209686e+00,2.3024661989827093e+00,5.2788646076017587e+00,3.2507647234097532e+00,2.3024661989827093e+00,5.0425926774629950e+00,5.0425926774629950e+00,5.2788646076017587e+00,5.2788646076017587e+00,4.1909639723209686e+00,5.2788646076017587e+00,5.2788646076017587e+00,2.3024661989827093e+00,5.2788646076017587e+00,5.2788646076017587e+00,1.5293935223521746e+00,3.2507647234097532e+00,3.2507647234097532e+00,4.1909639723209686e+00,0.0000000000000000e+00,5.0425926774629950e+00,4.1909639723209686e+00,4.1909639723209686e+00,7.5671556469965540e-01,5.0425926774629950e+00,4.1909639723209686e+00,2.3024661989827093e+00,2.3024661989827093e+00,1.5293935223521746e+00,5.2788646076017587e+00,7.5671556469965540e-01,5.2788646076017587e+00,1.5293935223521746e+00,5.2788646076017587e+00,3.2507647234097532e+00,4.1909639723209686e+00,4.1909639723209686e+00,4.1909639723209686e+00,5.0425926774629950e+00,3.2507647234097532e+00,5.2788646076017587e+00,5.2788646076017587e+00,4.1909639723209686e+00,1.5293935223521746e+00,5.2788646076017587e+00,1.5293935223521746e+00,3.2507647234097532e+00,5.0425926774629950e+00,5.0425926774629950e+00,1.5293935223521746e+00,1.5293935223521746e+00,3.2507647234097532e+00,3.2507647234097532e+00,5.0425926774629950e+00,1.5293935223521746e+00,5.2788646076017587e+00,4.1909639723209686e+00,4.1909639723209686e+00,2.3024661989827093e+00,0.0000000000000000e+00,4.1909639723209686e+00,5.2788646076017587e+00,5.2788646076017587e+00,4.1909639723209686e+00,3.2507647234097532e+00,4.1909639723209686e+00,4.1909639723209686e+00,1.5293935223521746e+00,4.1909639723209686e+00,4.1909639723209686e+00,2.3024661989827093e+00,0.0000000000000000e+00,2.3024661989827093e+00,5.0425926774629950e+00,4.1909639723209686e+00,4.1909639723209686e+00,1.5293935223521746e+00,5.0425926774629950e+00,5.2788646076017587e+00,3.2507647234097532e+00,3.2507647234097532e+00,5.2788646076017587e+00,5.2788646076017587e+00,7.5671556469965540e-01,5.0425926774629950e+00,4.1909639723209686e+00,4.1909639723209686e+00,0.0000000000000000e+00,2.3024661989827093e+00,2.3024661989827093e+00,5.2788646076017587e+00,7.5671556469965540e-01,2.3024661989827093e+00,4.1909639723209686e+00,5.0425926774629950e+00,2.3024661989827093e+00,5.0425926774629950e+00,5.2788646076017587e+00,5.0425926774629950e+00,5.2788646076017587e+00,2.3024661989827093e+00,4.1909639723209686e+00,5.0425926774629950e+00,0.0000000000000000e+00,4.1909639723209686e+00,5.2788646076017587e+00,2.3024661989827093e+00,4.1909639723209686e+00,5.0425926774629950e+00,5.0425926774629950e+00,7.5671556469965540e-01,3.2507647234097532e+00,5.2788646076017587e+00,5.2788646076017587e+00,4.1909639723209686e+00,5.2788646076017587e+00,4.1909639723209686e+00,7.5671556469965540e-01,3.2507647234097532e+00,7.5671556469965540e-01,5.0425926774629950e+00,1.5293935223521746e+00,5.2788646076017587e+00,5.2788646076017587e+00,1.5293935223521746e+00,5.0425926774629950e+00,5.2788646076017587e+00,5.2788646076017587e+00,2.3024661989827093e+00,5.2788646076017587e+00,3.2507647234097532e+00,3.2507647234097532e+00,5.2788646076017587e+00,2.3024661989827093e+00,5.2788646076017587e+00,3.2507647234097532e+00,3.2507647234097532e+00,5.2788646076017587e+00,2.3024661989827093e+00,5.2788646076017587e+00,2.3024661989827093e+00,2.3024661989827093e+00,2.3024661989827093e+00,0.0000000000000000e+00,5.2788646076017587e+00,2.3024661989827093e+00,3.2507647234097532e+00,5.2788646076017587e+00,4.1909639723209686e+00,4.1909639723209686e+00,5.0425926774629950e+00,5.0425926774629950e+00,5.0425926774629950e+00,2.3024661989827093e+00,3.2507647234097532e+00,5.0425926774629950e+00,5.2788646076017587e+00,1.5293935223521746e+00,0.0000000000000000e+00,4.1909639723209686e+00,5.0425926774629950e+00,5.0425926774629950e+00,5.0425926774629950e+00,2.3024661989827093e+00,4.1909639723209686e+00,2.3024661989827093e+00,5.0425926774629950e+00,5.0425926774629950e+00,4.1909639723209686e+00,5.2788646076017587e+00,1.5293935223521746e+00,7.5671556469965540e-01,0.0000000000000000e+00,5.2788646076017587e+00,4.1909639723209686e+00,2.3024661989827093e+00,0.0000000000000000e+00,7.5671556469965540e-01,4.1909639723209686e+00,2.3024661989827093e+00,3.2507647234097532e+00,4.1909639723209686e+00,2.3024661989827093e+00,5.2788646076017587e+00,5.0425926774629950e+00,1.5293935223521746e+00,5.2788646076017587e+00,5.0425926774629950e+00,5.0425926774629950e+00,5.2788646076017587e+00,3.2507647234097532e+00,1.5293935223521746e+00,1.5293935223521746e+00,5.2788646076017587e+00,5.2788646076017587e+00,5.2788646076017587e+00,7.5671556469965540e-01,5.2788646076017587e+00,2.3024661989827093e+00,5.2788646076017587e+00,5.2788646076017587e+00,5.0425926774629950e+00,2.3024661989827093e+00,3.2507647234097532e+00,3.2507647234097532e+00,3.2507647234097532e+00,5.2788646076017587e+00,5.2788646076017587e+00,4.1909639723209686e+00,5.2788646076017587e+00,5.2788646076017587e+00,5.2788646076017587e+00,3.2507647234097532e+00,3.2507647234097532e+00,5.2788646076017587e+00,0.0000000000000000e+00,5.2788646076017587e+00,7.5671556469965540e-01,4.1909639723209686e+00,2.3024661989827093e+00,2.3024661989827093e+00,2.3024661989827093e+00,1.5293935223521746e+00,4.1909639723209686e+00,3.2507647234097532e+00,4.1909639723209686e+00,4.1909639723209686e+00,7.5671556469965540e-01,1.5293935223521746e+00,2.3024661989827093e+00,5.2788646076017587e+00,0.0000000000000000e+00,3.2507647234097532e+00,5.0425926774629950e+00,3.2507647234097532e+00,5.0425926774629950e+00,3.2507647234097532e+00,3.2507647234097532e+00,1.5293935223521746e+00,2.3024661989827093e+00,0.0000000000000000e+00,1.5293935223521746e+00,7.5671556469965540e-01,5.0425926774629950e+00,4.1909639723209686e+00,4.1909639723209686e+00,5.0425926774629950e+00,0.0000000000000000e+00
4.3648389756146520e+00,4.3648389756146520e+00,4.3648389756146520e+00,3.1007121966099969e+00,4.3648389756146520e+00,4.3648389756146520e+00,3.1007121966099969e+00,3.1007121966099969e+00,4.3648389756146520e+00,1.4861482945740068e+00,4.3648389756146520e+00,1.4861482945740068e+00,0.0000000000000000e+00,0.0000000000000000e+00,3.1007121966099969e+00,3.1007121966099969e+00,3.1007121966099969e+00,3.1007121966099969e+00,5.2065001800411075e+00,6.0999785641678343e+00,3.1007121966099969e+00,5.2065001800411075e+00,4.3648389756146520e+00,1.4861482945740068e+00,5.2065001800411075e+00,3.1007121966099969e+00,3.1007121966099969e+00,6.0999785641678343e+00,6.0999785641678343e+00,4.3648389756146520e+00,5.2065001800411075e+00,1.4861482945740068e+00,0.0000000000000000e+00,5.2065001800411075e+00,4.3648389756146520e+00,4.3648389756146520e+00,3.1007121966099969e+00,4.3648389756146520e+00,3.1007121966099969e+00,1.4861482945740068e+00,5.2065001800411075e+00,5.2065001800411075e+00,5.2065001800411075e+00,4.3648389756146520e+00,4.3648389756146520e+00,2.4070571568992412e+00,3.1007121966099969e+00,3.1007121966099969e+00,4.3648389756146520e+00,1.4861482945740068e+00,6.0999785641678343e+00,6.0999785641678343e+00,6.0999785641678343e+00,1.4861482945740068e+00,6.0999785641678343e+00,0.0000000000000000e+00,4.3648389756146520e+00,5.2065001800411075e+00,3.1007121966099969e+00,5.2065001800411075e+00,2.4070571568992412e+00,4.3648389756146520e+00,2.4070571568992412e+00,2.4070571568992412e+00,5.2065001800411075e+00,1.4861482945740068e+00,4.3648389756146520e+00,5.2065001800411075e+00,4.3648389756146520e+00,5.2065001800411075e+00,5.2065001800411075e+00,5.2065001800411075e+00,5.2065001800411075e+00,5.2065001800411075e+00,8.2804648280153770e-01,6.0999785641678343e+00,5.2065001800411075e+00,5.2065001800411075e+00,4.3648389756146520e+00,6.0999785641678343e+00,6.0999785641678343e+00,5.2065001800411075e+00,0.0000000000000000e+00,0.0000000000000000e+00,5.2065001800411075e+00,6.0999785641678343e+00,5.2065001800411075e+00,8.2804648280153770e-01,0.0000000000000000e+00,0.0000000000000000e+00,5.2065001800411075e+00,1.4861482945740068e+00,2.4070571568992412e+00,2.4070571568992412e+00,0.0000000000000000e+00,5.2065001800411075e+00,6.0999785641678343e+00,5.2065001800411075e+00,6.0999785641678343e+00,4.3648389756146520e+00,0.0000000000000000e+00,6.0999785641678343e+00,3.1007121966099969e+00,1.4861482945740068e+00,2.4070571568992412e+00,6.0999785641678343e+00,4.3648389756146520e+00,5.2065001800411075e+00,2.4070571568992412e+00,6.0999785641678343e+00,8.2804648280153770e-01,4.3648389756146520e+00,2.4070571568992412e+00,1.4861482945740068e+00,0.0000000000000000e+00,4.3648389756146520e+00,6.0999785641678343e+00,1.4861482945740068e+00,2.4070571568992412e+00,6.0999785641678343e+00,1.4861482945740068e+00,6.0999785641678343e+00,6.0999785641678343e+00,3.1007121966099969e+00,6.0999785641678343e+00,4.3648389756146520e+00,4.3648389756146520e+00,8.2804648280153770e-01,4.3648389756146520e+00,5.2065001800411075e+00,8.2804648280153770e-01,3.1007121966099969e+00,3.1007121966099969e+00,4.3648389756146520e+00,3.1007121966099969e+00,3.1007121966099969e+00,6.0999785641678343e+00,2.4070571568992412e+00,8.2804648280153770e-01,3.1007121966099969e+00,8.2804648280153770e-01,0.0000000000000000e+00,2.4070571568992412e+00,1.4861482945740068e+00,4.3648389756146520e+00,8.2804648280153770e-01,4.3648389756146520e+00,3.1007121966099969e+00,4.3648389756146520e+00,4.3648389756146520e+00,4.3648389756146520e+00,8.2804648280153770e-01,0.0000000000000000e+00,2.4070571568992412e+00,6.0999785641678343e+00,4.3648389756146520e+00,1.4861482945740068e+00,4.3648389756146520e+00,3.1007121966099969e+00,3.1007121966099969e+00,6.0999785641678343e+00,4.3648389756146520e+00,0.0000000000000000e+00,3.1007121966099969e+00,6.0999785641678343e+00,5.2065001800411075e+00,1.4861482945740068e+00,4.3648389756146520e+00,4.3648389756146520e+00,6.0999785641678343e+00,3.1007121966099969e+00,2.4070571568992412e+00,5.2065001800411075e+00,3.1007121966099969e+00,4.3648389756146520e+00,6.0999785641678343e+00,4.3648389756146520e+00,4.3648389756146520e+00,6.0999785641678343e+00,4.3648389756146520e+00,4.3648389756146520e+00,6.0999785641678343e+00,4.3648389756146520e+00,6.0999785641678343e+00,2.4070571568992412e+00,3.1007121966099969e+00,3.1007121966099969e+00,3.1007121966099969e+00,5.2065001800411075e+00,5.2065001800411075e+00,0.0000000000000000e+00,5.2065001800411075e+00,1.4861482945740068e+00,5.2065001800411075e+00,6.0999785641678343e+00,6.0999785641678343e+00,1.4861482945740068e+00,6.0999785641678343e+00,6.0999785641678343e+00,2.4070571568992412e+00,5.2065001800411075e+00,3.1007121966099969e+00,8.2804648280153770e-01,1.4861482945740068e+00,6.0999785641678343e+00,2.4070571568992412e+00,2.4070571568992412e+00,5.2065001800411075e+00,4.3648389756146520e+00,4.3648389756146520e+00,5.2065001800411075e+00,1.4861482945740068e+00,8.2804648280153770e-01,5.2065001800411075e+00,5.2065001800411075e+00,1.4861482945740068e+00,4.3648389756146520e+00,4.3648389756146520e+00,5.2065001800411075e+00,4.3648389756146520e+00,4.3648389756146520e+00,2.4070571568992412e+00,5.2065001800411075e+00,5.2065001800411075e+00,6.0999785641678343e+00,4.3648389756146520e+00,1.4861482945740068e+00,6.0999785641678343e+00,4.3648389756146520e+00,8.2804648280153770e-01,5.2065001800411075e+00,4.3648389756146520e+00,5.2065001800411075e+00,3.1007121966099969e+00,4.3648389756146520e+00,6.0999785641678343e+00,3.1007121966099969e+00,4.3648389756146520e+00,8.2804648280153770e-01,0.0000000000000000e+00,4.3648389756146520e+00,5.2065001800411075e+00,4.3648389756146520e+00,5.2065001800411075e+00,1.4861482945740068e+00,4.3648389756146520e+00,8.2804648280153770e-01,4.3648389756146520e+00,8.2804648280153770e-01,3.1007121966099969e+00,5.2065001800411075e+00,8.2804648280153770e-01,4.3648389756146520e+00,0.0000000000000000e+00,4.3648389756146520e+00,6.0999785641678343e+00,5.2065001800411075e+00,6.0999785641678343e+00,5.2065001800411075e+00,5.2065001800411075e+00,3.1007121966099969e+00,4.3648389756146520e+00,5.2065001800411075e+00,4.3648389756146520e+00,5.2065001800411075e+00,4.3648389756146520e+00,4.3648389756146520e+00,6.0999785641678343e+00,5.2065001800411075e+00,0.0000000000000000e+00,5.2065001800411075e+00,8.2804648280153770e-01,6.0999785641678343e+00,4.3648389756146520e+00,6.0999785641678343e+00,1.4861482945740068e+00,1.4861482945740068e+00,0.0000000000000000e+00,5.2065001800411075e+00,0.0000000000000000e+00,1.4861482945740068e+00,1.4861482945740068e+00,5.2065001800411075e+00,1.4861482945740068e+00,5.2065001800411075e+00,8.2804648280153770e-01,4.3648389756146520e+00,6.0999785641678343e+00,3.1007121966099969e+00,0.0000000000000000e+00,5.2065001800411075e+00,1.4861482945740068e+00,1.4861482945740068e+00,8.2804648280153770e-01,5.2065001800411075e+00,2.4070571568992412e+00,5.2065001800411075e+00,5.2065001800411075e+00,8.2804648280153770e-01,1.4861482945740068e+00,5.2065001800411075e+00,5.2065001800411075e+00,5.2065001800411075e+00,5.2065001800411075e+00,5.2065001800411075e+00,2.4070571568992412e+00,1.4861482945740068e+00,5.2065001800411075e+00,1.4861482945740068e+00,5.2065001800411075e+00,5.2065001800411075e+00,5.2065001800411075e+00,2.4070571568992412e+00,5.2065001800411075e+00,5.2065001800411075e+00,4.3648389756146520e+00,8.2804648280153770e-01,5.2065001800411075e+00,3.1007121966099969e+00,5.2065001800411075e+00,5.2065001800411075e+00,5.2065001800411075e+00,4.3648389756146520e+00,5.2065001800411075e+00,5.2065001800411075e+00,5.2065001800411075e+00,4.3648389756146520e+00,5.2065001800411075e+00,5.2065001800411075e+00,5.2065001800411075e+00,5.2065001800411075e+00,4.3648389756146520e+00,5.2065001800411075e+00,6.0999785641678343e+00,1.4861482945740068e+00,5.2065001800411075e+00,6.0999785641678343e+00,4.3648389756146520e+00,6.0999785641678343e+00,5.2065001800411075e+00,6.0999785641678343e+00,1.4861482945740068e+00,5.2065001800411075e+00,4.3648389756146520e+00,4.3648389756146520e+00,3.1007121966099969e+00,1.4861482945740068e+00,4.3648389756146520e+00,4.3648389756146520e+00,6.0999785641678343e+00,6.0999785641678343e+00,2.4070571568992412e+00,4.3648389756146520e+00,5.2065001800411075e+00,6.0999785641678343e+00,1.4861482945740068e+00,5.2065001800411075e+00,6.0999785641678343e+00,0.0000000000000000e+00,5.2065001800411075e+00,6.0999785641678343e+00,6.0999785641678343e+00,5.2065001800411075e+00,5.2065001800411075e+00,5.2065001800411075e+00,1.4861482945740068e+00,5.2065001800411075e+00,0.0000000000000000e+00,5.2065001800411075e+00,6.0999785641678343e+00,6.0999785641678343e+00,5.2065001800411075e+00,2.4070571568992412e+00,2.4070571568992412e+00,5.2065001800411075e+00,5.2065001800411075e+00,4.3648389756146520e+00,1.4861482945740068e+00,5.2065001800411075e+00,4.3648389756146520e+00,5.2065001800411075e+00,6.0999785641678343e+00,5.2065001800411075e+00,6.0999785641678343e+00,5.2065001800411075e+00,0.0000000000000000e+00,6.0999785641678343e+00,6.0999785641678343e+00,6.0999785641678343e+00,4.3648389756146520e+00,8.2804648280153770e-01,5.2065001800411075e+00,5.2065001800411075e+00,1.4861482945740068e+00,4.3648389756146520e+00,5.2065001800411075e+00,4.3648389756146520e+00,4.3648389756146520e+00,0.0000000000000000e+00,1.4861482945740068e+00,8.2804648280153770e-01,4.3648389756146520e+00,6.0999785641678343e+00,4.3648389756146520e+00,5.2065001800411075e+00,5.2065001800411075e+00,4.3648389756146520e+00,6.0999785641678343e+00,3.1007121966099969e+00,4.3648389756146520e+00,4.3648389756146520e+00,6.0999785641678343e+00,6.0999785641678343e+00,4.3648389756146520e+00,2.4070571568992412e+00,4.3648389756146520e+00,0.0000000000000000e+00,4.3648389756146520e+00,1.4861482945740068e+00,5.2065001800411075e+00,5.2065001800411075e+00,8.2804648280153770e-01,3.1007121966099969e+00,5.2065001800411075e+00,6.0999785641678343e+00,5.2065001800411075e+00,5.2065001800411075e+00,3.1007121966099969e+00,4.3648389756146520e+00,4.3648389756146520e+00,5.2065001800411075e+00,6.0999785641678343e+00,6.0999785641678343e+00,4.3648389756146520e+00,6.0999785641678343e+00,5.2065001800411075e+00,0.0000000000000000e+00,0.0000000000000000e+00,5.2065001800411075e+00,6.0999785641678343e+00,4.3648389756146520e+00,5.2065001800411075e+00,5.2065001800411075e+00,6.0999785641678343e+00,5.2065001800411075e+00,0.0000000000000000e+00,6.0999785641678343e+00,6.0999785641678343e+00,6.0999785641678343e+00,6.0999785641678343e+00,1.4861482945740068e+00,0.0000000000000000e+00,6.0999785641678343e+00,3.1007121966099969e+00,5.2065001800411075e+00,5.2065001800411075e+00,6.0999785641678343e+00,3.1007121966099969e+00,0.0000000000000000e+00,8.2804648280153770e-01,1.4861482945740068e+00,1.4861482945740068e+00,0.0000000000000000e+00,4.3648389756146520e+00,2.4070571568992412e+00,5.2065001800411075e+00,1.4861482945740068e+00,3.1007121966099969e+00,1.4861482945740068e+00,6.0999785641678343e+00,6.0999785641678343e+00,3.1007121966099969e+00,6.0999785641678343e+00,8.2804648280153770e-01,8.2804648280153770e-01,6.0999785641678343e+00,6.0999785641678343e+00,6.0999785641678343e+00,6.0999785641678343e+00,3.1007121966099969e+00,8.2804648280153770e-01,5.2065001800411075e+00,2.4070571568992412e+00,6.0999785641678343e+00,6.0999785641678343e+00,1.4861482945740068e+00,6.0999785641678343e+00,4.3648389756146520e+00,3.1007121966099969e+00,6.0999785641678343e+00,0.0000000000000000e+00,4.3648389756146520e+00,8.2804648280153770e-01,3.1007121966099969e+00,3.1007121966099969e+00,5.2065001800411075e+00,1.4861482945740068e+00,5.2065001800411075e+00,5.2065001800411075e+00,6.0999785641678343e+00,1.4861482945740068e+00,4.3648389756146520e+00,8.2804648280153770e-01,8.2804648280153770e-01,3.1007121966099969e+00,6.0999785641678343e+00,1.4861482945740068e+00,2.4070571568992412e+00,6.0999785641678343e+00,8.2804648280153770e-01,3.1007121966099969e+00,2.4070571568992412e+00,5.2065001800411075e+00,2.4070571568992412e+00,4.3648389756146520e+00,3.1007121966099969e+00,5.2065001800411075e+00,5.2065001800411075e+00,8.2804648280153770e-01,5.2065001800411075e+00,5.2065001800411075e+00,1.4861482945740068e+00,6.0999785641678343e+00,5.2065001800411075e+00,5.2065001800411075e+00,5.2065001800411075e+00,8.2804648280153770e-01,2.4070571568992412e+00,5.2065001800411075e+00,6.0999785641678343e+00,1.4861482945740068e+00,5.2065001800411075e+00,5.2065001800411075e+00,0.0000000000000000e+00,5.2065001800411075e+00,1.4861482945740068e+00,4.3648389756146520e+00,3.1007121966099969e+00,6.0999785641678343e+00,5.2065001800411075e+00,5.2065001800411075e+00,3.1007121966099969e+00,2.4070571568992412e+00,6.0999785641678343e+00,0.0000000000000000e+00,6.0999785641678343e+00,2.4070571568992412e+00,3.1007121966099969e+00,3.1007121966099969e+00,5.2065001800411075e+00,5.2065001800411075e+00,1.4861482945740068e+00,5.2065001800411075e+00,5.2065001800411075e+00,2.4070571568992412e+00,6.0999785641678343e+00,2.4070571568992412e+00,6.0999785641678343e+00,1.4861482945740068e+00,3.1007121966099969e+00,4.3648389756146520e+00,3.1007121966099969e+00,5.2065001800411075e+00,5.2065001800411075e+00,5.2065001800411075e+00,2.4070571568992412e+00,1.4861482945740068e+00,0.0000000000000000e+00,5.2065001800411075e+00,3.1007121966099969e+00,6.0999785641678343e+00,8.2804648280153770e-01,5.2065001800411075e+00,5.2065001800411075e+00,6.0999785641678343e+00,1.4861482945740068e+00,1.4861482945740068e+00,2.4070571568992412e+00,4.3648389756146520e+00,0.0000000000000000e+00,6.0999785641678343e+00,3.1007121966099969e+00,3.1007121966099969e+00,1.4861482945740068e+00,4.3648389756146520e+00,6.0999785641678343e+00,6.0999785641678343e+00,2.4070571568992412e+00,3.1007121966099969e+00,4.3648389756146520e+00,6.0999785641678343e+00,5.2065001800411075e+00,1.4861482945740068e+00,5.2065001800411075e+00,6.0999785641678343e+00,6.0999785641678343e+00,6.0999785641678343e+00,4.3648389756146520e+00,6.0999785641678343e+00,2.4070571568992412e+00,2.4070571568992412e+00,0.0000000000000000e+00,6.0999785641678343e+00,3.1007121966099969e+00,5.2065001800411075e+00,4.3648389756146520e+00,6.0999785641678343e+00,6.0999785641678343e+00,6.0999785641678343e+00,8.2804648280153770e-01,4.3648389756146520e+00,2.4070571568992412e+00,6.0999785641678343e+00,5.2065001800411075e+00,0.0000000000000000e+00,3.1007121966099969e+00,6.0999785641678343e+00,5.2065001800411075e+00,5.2065001800411075e+00,6.0999785641678343e+00,5.2065001800411075e+00,5.2065001800411075e+00,2.4070571568992412e+00,5.2065001800411075e+00,8.2804648280153770e-01,5.2065001800411075e+00,0.0000000000000000e+00,6.0999785641678343e+00,5.2065001800411075e+00,0.0000000000000000e+00,5.2065001800411075e+00,3.1007121966099969e+00,5.2065001800411075e+00,6.0999785641678343e+00,4.3648389756146520e+00,5.2065001800411075e+00,8.2804648280153770e-01,3.1007121966099969e+00,6.0999785641678343e+00,6.0999785641678343e+00,4.3648389756146520e+00,6.0999785641678343e+00,5.2065001800411075e+00,6.0999785641678343e+00,4.3648389756146520e+00,6.0999785641678343e+00,6.0999785641678343e+00,2.4070571568992412e+00,5.2065001800411075e+00,2.4070571568992412e+00,0.0000000000000000e+00,1.4861482945740068e+00,5.2065001800411075e+00,6.0999785641678343e+00,6.0999785641678343e+00,6.0999785641678343e+00,6.0999785641678343e+00,5.2065001800411075e+00,5.2065001800411075e+00,5.2065001800411075e+00,4.3648389756146520e+00,4.3648389756146520e+00,6.0999785641678343e+00,2.4070571568992412e+00,8.2804648280153770e-01,6.0999785641678343e+00,5.2065001800411075e+00,5.2065001800411075e+00,6.0999785641678343e+00,4.3648389756146520e+00,6.0999785641678343e+00,6.0999785641678343e+00,1.4861482945740068e+00,6.0999785641678343e+00,5.2065001800411075e+00,4.3648389756146520e+00,5.2065001800411075e+00,6.0999785641678343e+00,5.2065001800411075e+00,2.4070571568992412e+00,0.0000000000000000e+00,5.2065001800411075e+00,6.0999785641678343e+00,6.0999785641678343e+00,6.0999785641678343e+00,0.0000000000000000e+00,6.0999785641678343e+00,2.4070571568992412e+00,6.0999785641678343e+00,5.2065001800411075e+00,6.0999785641678343e+00,2.4070571568992412e+00,5.2065001800411075e+00,8.2804648280153770e-01,6.0999785641678343e+00,1.4861482945740068e+00,3.1007121966099969e+00,5.2065001800411075e+00,6.0999785641678343e+00,3.1007121966099969e+00,8.2804648280153770e-01,4.3648389756146520e+00,3.1007121966099969e+00,6.0999785641678343e+00,8.2804648280153770e-01,8.2804648280153770e-01,8.2804648280153770e-01,6.0999785641678343e+00,6.0999785641678343e+00,6.0999785641678343e+00,5.2065001800411075e+00,1.4861482945740068e+00,2.4070571568992412e+00,1.4861482945740068e+00,5.2065001800411075e+00,5.2065001800411075e+00,6.0999785641678343e+00,5.2065001800411075e+00,5.2065001800411075e+00,1.4861482945740068e+00,6.0999785641678343e+00,4.3648389756146520e+00,4.3648389756146520e+00,4.3648389756146520e+00,4.3648389756146520e+00,1.4861482945740068e+00,5.2065001800411075e+00,6.0999785641678343e+00,5.2065001800411075e+00,5.2065001800411075e+00,6.0999785641678343e+00,5.2065001800411075e+00,2.4070571568992412e+00,4.3648389756146520e+00,8.2804648280153770e-01,6.0999785641678343e+00,6.0999785641678343e+00,2.4070571568992412e+00,5.2065001800411075e+00,3.1007121966099969e+00,5.2065001800411075e+00,3.1007121966099969e+00,8.2804648280153770e-01,5.2065001800411075e+00,5.2065001800411075e+00,5.2065001800411075e+00,8.2804648280153770e-01,8.2804648280153770e-01,5.2065001800411075e+00,5.2065001800411075e+00,8.2804648280153770e-01,3.1007121966099969e+00,3.1007121966099969e+00,3.1007121966099969e+00,2.4070571568992412e+00,3.1007121966099969e+00,3.1007121966099969e+00,2.4070571568992412e+00,3.1007121966099969e+00,3.1007121966099969e+00,5.2065001800411075e+00,4.3648389756146520e+00,5.2065001800411075e+00,5.2065001800411075e+00,2.4070571568992412e+00,3.1007121966099969e+00,5.2065001800411075e+00,4.3648389756146520e+00,6.0999785641678343e+00,1.4861482945740068e+00,5.2065001800411075e+00,8.2804648280153770e-01,5.2065001800411075e+00,3.1007121966099969e+00,2.4070571568992412e+00,4.3648389756146520e+00,2.4070571568992412e+00,1.4861482945740068e+00,6.0999785641678343e+00,5.2065001800411075e+00,5.2065001800411075e+00,5.2065001800411075e+00,6.0999785641678343e+00,3.1007121966099969e+00,6.0999785641678343e+00,4.3648389756146520e+00,3.1007121966099969e+00,3.1007121966099969e+00,6.0999785641678343e+00,3.1007121966099969e+00,6.0999785641678343e+00,5.2065001800411075e+00,1.4861482945740068e+00,4.3648389756146520e+00,1.4861482945740068e+00,4.3648389756146520e+00,4.3648389756146520e+00,4.3648389756146520e+00,6.0999785641678343e+00,5.2065001800411075e+00,6.0999785641678343e+00,6.0999785641678343e+00,1.4861482945740068e+00,4.3648389756146520e+00,6.0999785641678343e+00,6.0999785641678343e+00,5.2065001800411075e+00,5.2065001800411075e+00,4.3648389756146520e+00,3.1007121966099969e+00,5.2065001800411075e+00,8.2804648280153770e-01,8.2804648280153770e-01,4.3648389756146520e+00,4.3648389756146520e+00,3.1007121966099969e+00,3.1007121966099969e+00,6.0999785641678343e+00,3.1007121966099969e+00,2.4070571568992412e+00,2.4070571568992412e+00,0.0000000000000000e+00,0.0000000000000000e+00,5.2065001800411075e+00,5.2065001800411075e+00,6.0999785641678343e+00,1.4861482945740068e+00,4.3648389756146520e+00,4.3648389756146520e+00,4.3648389756146520e+00,6.0999785641678343e+00,6.0999785641678343e+00,5.2065001800411075e+00,6.0999785641678343e+00,1.4861482945740068e+00,5.2065001800411075e+00,5.2065001800411075e+00,5.2065001800411075e+00,8.2804648280153770e-01,6.0999785641678343e+00,1.4861482945740068e+00,5.2065001800411075e+00,8.2804648280153770e-01,5.2065001800411075e+00,2.4070571568992412e+00,5.2065001800411075e+00,5.2065001800411075e+00,6.0999785641678343e+00,0.0000000000000000e+00,6.0999785641678343e+00,5.2065001800411075e+00,4.3648389756146520e+00,6.0999785641678343e+00,2.4070571568992412e+00,5.2065001800411075e+00,4.3648389756146520e+00,6.0999785641678343e+00,3.1007121966099969e+00,5.2065001800411075e+00,5.2065001800411075e+00,4.3648389756146520e+00,1.4861482945740068e+00,6.0999785641678343e+00,4.3648389756146520e+00,2.4070571568992412e+00,0.0000000000000000e+00,0.0000000000000000e+00,8.2804648280153770e-01,6.0999785641678343e+00,6.0999785641678343e+00,6.0999785641678343e+00,6.0999785641678343e+00,8.2804648280153770e-01,6.0999785641678343e+00,6.0999785641678343e+00,1.4861482945740068e+00,4.3648389756146520e+00,6.0999785641678343e+00,3.1007121966099969e+00,6.0999785641678343e+00,4.3648389756146520e+00,4.3648389756146520e+00,6.0999785641678343e+00,0.0000000000000000e+00,8.2804648280153770e-01,3.1007121966099969e+00,5.2065001800411075e+00,5.2065001800411075e+00,5.2065001800411075e+00,1.4861482945740068e+00,6.0999785641678343e+00,1.4861482945740068e+00,4.3648389756146520e+00,6.0999785641678343e+00,6.0999785641678343e+00,4.3648389756146520e+00,4.3648389756146520e+00,6.0999785641678343e+00,6.0999785641678343e+00,1.4861482945740068e+00,4.3648389756146520e+00,1.4861482945740068e+00,6.0999785641678343e+00,4.3648389756146520e+00,6.0999785641678343e+00,4.3648389756146520e+00,5.2065001800411075e+00,1.4861482945740068e+00,2.4070571568992412e+00,2.4070571568992412e+00,1.4861482945740068e+00,4.3648389756146520e+00,6.0999785641678343e+00,4.3648389756146520e+00,3.1007121966099969e+00,6.0999785641678343e+00,5.2065001800411075e+00,5.2065001800411075e+00,5.2065001800411075e+00,3.1007121966099969e+00,1.4861482945740068e+00,6.0999785641678343e+00,4.3648389756146520e+00,2.4070571568992412e+00,6.0999785641678343e+00,0.0000000000000000e+00,2.4070571568992412e+00,4.3648389756146520e+00,6.0999785641678343e+00,4.3648389756146520e+00,6.0999785641678343e+00,6.0999785641678343e+00,2.4070571568992412e+00,2.4070571568992412e+00,6.0999785641678343e+00,2.4070571568992412e+00,6.0999785641678343e+00,2.4070571568992412e+00,4.3648389756146520e+00,2.4070571568992412e+00,1.4861482945740068e+00,5.2065001800411075e+00,8.2804648280153770e-01,4.3648389756146520e+00,5.2065001800411075e+00,6.0999785641678343e+00,0.0000000000000000e+00,4.3648389756146520e+00,1.4861482945740068e+00,6.0999785641678343e+00,6.0999785641678343e+00,5.2065001800411075e+00,3.1007121966099969e+00,2.4070571568992412e+00,8.2804648280153770e-01,3.1007121966099969e+00,3.1007121966099969e+00,3.1007121966099969e+00,6.0999785641678343e+00,3.1007121966099969e+00,1.4861482945740068e+00,3.1007121966099969e+00,5.2065001800411075e+00,6.0999785641678343e+00,6.0999785641678343e+00,8.2804648280153770e-01,5.2065001800411075e+00,1.4861482945740068e+00,0.0000000000000000e+00,5.2065001800411075e+00,2.4070571568992412e+00,6.0999785641678343e+00,6.0999785641678343e+00,6.0999785641678343e+00,3.1007121966099969e+00,6.0999785641678343e+00,3.1007121966099969e+00,1.4861482945740068e+00,6.0999785641678343e+00,3.1007121966099969e+00,4.3648389756146520e+00,8.2804648280153770e-01,3.1007121966099969e+00,0.0000000000000000e+00,4.3648389756146520e+00,6.0999785641678343e+00,6.0999785641678343e+00,6.0999785641678343e+00,6.0999785641678343e+00,3.1007121966099969e+00,6.0999785641678343e+00,0.0000000000000000e+00,6.0999785641678343e+00,0.0000000000000000e+00,6.0999785641678343e+00,3.1007121966099969e+00,6.0999785641678343e+00,5.2065001800411075e+00,8.2804648280153770e-01,1.4861482945740068e+00
4.6254361317248520e+00,4.6254361317248520e+00,4.6254361317248520e+00,4.6254361317248520e+00,0.0000000000000000e+00,4.6254361317248520e+00,4.6254361317248520e+00,0.0000000000000000e+00,4.6254361317248520e+00,4.9164668671551333e+00,4.6254361317248520e+00,2.8966341915984679e+00,4.9164668671551333e+00,4.9164668671551333e+00,4.9164668671551333e+00,8.2024807637688790e-01,4.9164668671551333e+00,4.9164668671551333e+00,1.6258350395840271e+00,4.6254361317248520e+00,4.6254361317248520e+00,4.6254361317248520e+00,4.6254361317248520e+00,4.6254361317248520e+00,4.6254361317248520e+00,4.9164668671551333e+00,1.6258350395840271e+00,4.9164668671551333e+00,2.8966341915984679e+00,4.9164668671551333e+00,4.9164668671551333e+00,4.6254361317248520e+00,4.9164668671551333e+00,4.6254361317248520e+00,6.1658331002103459e+00,8.2024807637688790e-01,4.6254361317248520e+00,4.9164668671551333e+00,4.6254361317248520e+00,4.9164668671551333e+00,2.6200361798454681e+00,4.9164668671551333e+00,0.0000000000000000e+00,4.9164668671551333e+00,4.9164668671551333e+00,4.9164668671551333e+00,4.9164668671551333e+00,1.6258350395840271e+00,2.8966341915984679e+00,4.9164668671551333e+00,4.9164668671551333e+00,6.1658331002103459e+00,2.8966341915984679e+00,4.6254361317248520e+00,2.8966341915984679e+00,6.1658331002103459e+00,6.1658331002103459e+00,4.9164668671551333e+00,1.6258350395840271e+00,4.6254361317248520e+00,6.1658331002103459e+00,4.6254361317248520e+00,4.9164668671551333e+00,4.9164668671551333e+00,4.9164668671551333e+00,4.6254361317248520e+00,0.0000000000000000e+00,4.6254361317248520e+00,2.6200361798454681e+00,2.6200361798454681e+00,2.6200361798454681e+00,4.9164668671551333e+00,2.8966341915984679e+00,2.8966341915984679e+00,2.6200361798454681e+00,8.2024807637688790e-01,4.6254361317248520e+00,4.9164668671551333e+00,4.9164668671551333e+00,4.9164668671551333e+00,4.9164668671551333e+00,4.6254361317248520e+00,1.6258350395840271e+00,4.6254361317248520e+00,1.6258350395840271e+00,1.6258350395840271e+00,4.9164668671551333e+00,1.6258350395840271e+00,0.0000000000000000e+00,4.6254361317248520e+00,0.0000000000000000e+00,4.6254361317248520e+00,4.9164668671551333e+00,4.6254361317248520e+00,4.9164668671551333e+00,4.6254361317248520e+00,4.6254361317248520e+00,4.6254361317248520e+00,4.6254361317248520e+00,4.9164668671551333e+00,4.9164668671551333e+00,0.0000000000000000e+00,1.6258350395840271e+00,4.9164668671551333e+00,4.9164668671551333e+00,4.9164668671551333e+00,1.6258350395840271e+00,6.1658331002103459e+00,2.6200361798454681e+00,2.6200361798454681e+00,4.6254361317248520e+00,2.8966341915984679e+00,4.6254361317248520e+00,8.2024807637688790e-01,4.6254361317248520e+00,2.8966341915984679e+00,4.6254361317248520e+00,4.6254361317248520e+00,2.8966341915984679e+00,4.6254361317248520e+00,4.6254361317248520e+00,1.6258350395840271e+00,4.9164668671551333e+00,1.6258350395840271e+00,2.8966341915984679e+00,4.9164668671551333e+00,2.6200361798454681e+00,0.0000000000000000e+00,4.9164668671551333e+00,4.9164668671551333e+00,2.8966341915984679e+00,4.6254361317248520e+00,6.1658331002103459e+00,4.9164668671551333e+00,1.6258350395840271e+00,2.8966341915984679e+00,4.9164668671551333e+00,4.6254361317248520e+00,4.6254361317248520e+00,6.1658331002103459e+00,4.6254361317248520e+00,4.6254361317248520e+00,6.1658331002103459e+00,6.1658331002103459e+00,4.9164668671551333e+00,4.6254361317248520e+00,0.0000000000000000e+00,2.8966341915984679e+00,2.6200361798454681e+00,6.1658331002103459e+00,2.8966341915984679e+00,2.8966341915984679e+00,2.8966341915984679e+00,0.0000000000000000e+00,2.8966341915984679e+00,0.0000000000000000e+00,1.6258350395840271e+00,2.8966341915984679e+00,4.6254361317248520e+00,2.8966341915984679e+00,8.2024807637688790e-01,8.2024807637688790e-01,2.8966341915984679e+00,4.9164668671551333e+00,4.9164668671551333e+00,4.9164668671551333e+00,0.0000000000000000e+00,0.0000000000000000e+00,8.2024807637688790e-01,4.9164668671551333e+00,4.6254361317248520e+00,8.2024807637688790e-01,4.6254361317248520e+00,0.0000000000000000e+00,6.1658331002103459e+00,6.1658331002103459e+00,4.6254361317248520e+00,2.6200361798454681e+00,4.9164668671551333e+00,4.9164668671551333e+00,1.6258350395840271e+00,2.8966341915984679e+00,4.9164668671551333e+00,4.9164668671551333e+00,4.9164668671551333e+00,4.6254361317248520e+00,4.6254361317248520e+00,4.6254361317248520e+00,1.6258350395840271e+00,1.6258350395840271e+00,4.9164668671551333e+00,6.1658331002103459e+00,4.6254361317248520e+00,4.9164668671551333e+00,6.1658331002103459e+00,6.1658331002103459e+00,6.1658331002103459e+00,6.1658331002103459e+00,4.9164668671551333e+00,4.9164668671551333e+00,1.6258350395840271e+00,6.1658331002103459e+00,2.6200361798454681e+00,2.8966341915984679e+00,4.6254361317248520e+00,6.1658331002103459e+00,4.9164668671551333e+00,4.9164668671551333e+00,4.9164668671551333e+00,4.9164668671551333e+00,4.9164668671551333e+00,4.9164668671551333e+00,4.9164668671551333e+00,8.2024807637688790e-01,4.9164668671551333e+00,4.9164668671551333e+00,1.6258350395840271e+00,2.6200361798454681e+00,4.6254361317248520e+00,4.6254361317248520e+00,4.9164668671551333e+00,8.2024807637688790e-01,4.6254361317248520e+00,4.6254361317248520e+00,4.6254361317248520e+00,8.2024807637688790e-01,4.6254361317248520e+00,0.0000000000000000e+00,2.6200361798454681e+00,1.6258350395840271e+00,2.6200361798454681e+00,1.6258350395840271e+00,1.6258350395840271e+00,0.0000000000000000e+00,2.8966341915984679e+00,4.6254361317248520e+00,6.1658331002103459e+00,1.6258350395840271e+00,1.6258350395840271e+00,0.0000000000000000e+00,4.6254361317248520e+00,0.0000000000000000e+00,4.6254361317248520e+00,2.8966341915984679e+00,6.1658331002103459e+00,6.1658331002103459e+00,0.0000000000000000e+00,4.9164668671551333e+00,0.0000000000000000e+00,4.9164668671551333e+00,4.9164668671551333e+00,4.9164668671551333e+00,2.6200361798454681e+00,1.6258350395840271e+00,4.9164668671551333e+00,0.0000000000000000e+00,6.1658331002103459e+00,4.9164668671551333e+00,2.8966341915984679e+00,4.6254361317248520e+00,2.8966341915984679e+00,4.6254361317248520e+00,6.1658331002103459e+00,2.6200361798454681e+00,6.1658331002103459e+00,4.6254361317248520e+00,4.6254361317248520e+00,6.1658331002103459e+00,0.0000000000000000e+00,6.1658331002103459e+00,2.6200361798454681e+00,4.6254361317248520e+00,1.6258350395840271e+00,2.6200361798454681e+00,4.6254361317248520e+00,4.9164668671551333e+00,1.6258350395840271e+00,2.6200361798454681e+00,2.6200361798454681e+00,4.6254361317248520e+00,4.9164668671551333e+00,4.6254361317248520e+00,4.6254361317248520e+00,2.6200361798454681e+00,4.6254361317248520e+00,2.6200361798454681e+00,8.2024807637688790e-01,4.6254361317248520e+00,4.9164668671551333e+00,4.9164668671551333e+00,4.6254361317248520e+00,4.9164668671551333e+00,4.9164668671551333e+00,1.6258350395840271e+00,4.9164668671551333e+00,4.9164668671551333e+00,4.6254361317248520e+00,1.6258350395840271e+00,0.0000000000000000e+00,4.6254361317248520e+00,2.8966341915984679e+00,2.6200361798454681e+00,2.6200361798454681e+00,1.6258350395840271e+00,2.6200361798454681e+00,0.0000000000000000e+00,1.6258350395840271e+00,4.6254361317248520e+00,0.0000000000000000e+00,4.6254361317248520e+00,2.8966341915984679e+00,0.0000000000000000e+00,4.6254361317248520e+00,4.6254361317248520e+00,6.1658331002103459e+00,8.2024807637688790e-01,1.6258350395840271e+00,4.9164668671551333e+00,1.6258350395840271e+00,4.6254361317248520e+00,4.6254361317248520e+00,4.6254361317248520e+00,1.6258350395840271e+00,6.1658331002103459e+00,2.8966341915984679e+00,4.6254361317248520e+00,6.1658331002103459e+00,4.9164668671551333e+00,4.9164668671551333e+00,4.9164668671551333e+00,4.6254361317248520e+00,4.6254361317248520e+00,6.1658331002103459e+00,0.0000000000000000e+00,2.6200361798454681e+00,4.6254361317248520e+00,4.9164668671551333e+00,2.8966341915984679e+00,4.6254361317248520e+00,6.1658331002103459e+00,2.6200361798454681e+00,2.6200361798454681e+00,4.9164668671551333e+00,4.9164668671551333e+00,8.2024807637688790e-01,1.6258350395840271e+00,4.9164668671551333e+00,2.8966341915984679e+00,2.8966341915984679e+00,4.6254361317248520e+00,4.9164668671551333e+00,8.2024807637688790e-01,8.2024807637688790e-01,4.9164668671551333e+00,0.0000000000000000e+00,4.6254361317248520e+00,2.8966341915984679e+00,4.9164668671551333e+00,2.8966341915984679e+00,6.1658331002103459e+00,2.8966341915984679e+00,4.9164668671551333e+00,8.2024807637688790e-01,1.6258350395840271e+00,4.6254361317248520e+00,8.2024807637688790e-01,6.1658331002103459e+00,6.1658331002103459e+00,4.9164668671551333e+00,4.6254361317248520e+00,6.1658331002103459e+00,4.6254361317248520e+00,4.6254361317248520e+00,2.8966341915984679e+00,4.6254361317248520e+00,0.0000000000000000e+00,4.6254361317248520e+00,1.6258350395840271e+00,4.9164668671551333e+00,2.8966341915984679e+00,4.6254361317248520e+00,1.6258350395840271e+00,0.0000000000000000e+00,4.6254361317248520e+00,1.6258350395840271e+00,4.6254361317248520e+00,6.1658331002103459e+00,4.9164668671551333e+00,4.9164668671551333e+00,4.9164668671551333e+00,8.2024807637688790e-01,8.2024807637688790e-01,2.6200361798454681e+00,4.9164668671551333e+00,0.0000000000000000e+00,8.2024807637688790e-01,4.9164668671551333e+00,4.9164668671551333e+00,6.1658331002103459e+00,4.9164668671551333e+00,1.6258350395840271e+00,0.0000000000000000e+00,4.9164668671551333e+00,4.6254361317248520e+00,4.6254361317248520e+00,4.9164668671551333e+00,6.1658331002103459e+00,4.6254361317248520e+00,6.1658331002103459e+00,4.6254361317248520e+00,4.9164668671551333e+00,4.9164668671551333e+00,4.9164668671551333e+00,4.6254361317248520e+00,4.9164668671551333e+00,2.6200361798454681e+00,6.1658331002103459e+00,2.6200361798454681e+00,2.8966341915984679e+00,6.1658331002103459e+00,4.9164668671551333e+00,4.6254361317248520e+00,4.6254361317248520e+00,4.6254361317248520e+00,0.0000000000000000e+00,2.8966341915984679e+00,1.6258350395840271e+00,2.8966341915984679e+00,4.9164668671551333e+00,0.0000000000000000e+00,2.6200361798454681e+00,0.0000000000000000e+00,2.6200361798454681e+00,2.8966341915984679e+00,6.1658331002103459e+00,1.6258350395840271e+00,2.8966341915984679e+00,6.1658331002103459e+00,6.1658331002103459e+00,6.1658331002103459e+00,2.8966341915984679e+00,2.6200361798454681e+00,4.6254361317248520e+00,4.6254361317248520e+00,4.6254361317248520e+00,4.6254361317248520e+00,4.6254361317248520e+00,4.9164668671551333e+00,4.6254361317248520e+00,4.6254361317248520e+00,2.8966341915984679e+00,4.6254361317248520e+00,8.2024807637688790e-01,8.2024807637688790e-01,4.6254361317248520e+00,2.6200361798454681e+00,6.1658331002103459e+00,2.8966341915984679e+00,6.1658331002103459e+00,4.9164668671551333e+00,6.1658331002103459e+00,8.2024807637688790e-01,1.6258350395840271e+00,4.9164668671551333e+00,6.1658331002103459e+00,2.6200361798454681e+00,0.0000000000000000e+00,1.6258350395840271e+00,4.9164668671551333e+00,4.9164668671551333e+00,0.0000000000000000e+00,4.9164668671551333e+00,4.9164668671551333e+00,8.2024807637688790e-01,4.9164668671551333e+00,2.8966341915984679e+00,4.9164668671551333e+00,1.6258350395840271e+00,2.8966341915984679e+00,6.1658331002103459e+00,4.6254361317248520e+00,4.9164668671551333e+00,2.8966341915984679e+00,4.9164668671551333e+00,4.9164668671551333e+00,2.8966341915984679e+00,4.6254361317248520e+00,4.9164668671551333e+00,4.9164668671551333e+00,4.6254361317248520e+00,4.9164668671551333e+00,6.1658331002103459e+00,4.6254361317248520e+00,4.6254361317248520e+00,4.6254361317248520e+00,2.6200361798454681e+00,4.9164668671551333e+00,4.9164668671551333e+00,0.0000000000000000e+00,1.6258350395840271e+00,6.1658331002103459e+00,6.1658331002103459e+00,6.1658331002103459e+00,4.6254361317248520e+00,6.1658331002103459e+00,4.6254361317248520e+00,1.6258350395840271e+00,4.6254361317248520e+00,2.6200361798454681e+00,2.8966341915984679e+00,4.6254361317248520e+00,4.9164668671551333e+00,0.0000000000000000e+00,2.8966341915984679e+00,0.0000000000000000e+00,6.1658331002103459e+00,6.1658331002103459e+00,4.6254361317248520e+00,4.9164668671551333e+00,2.6200361798454681e+00,4.6254361317248520e+00,4.9164668671551333e+00,6.1658331002103459e+00,2.8966341915984679e+00,6.1658331002103459e+00,4.6254361317248520e+00,4.6254361317248520e+00,2.6200361798454681e+00,4.6254361317248520e+00,2.8966341915984679e+00,2.8966341915984679e+00,8.2024807637688790e-01,2.6200361798454681e+00,2.6200361798454681e+00,4.9164668671551333e+00,4.9164668671551333e+00,0.0000000000000000e+00,1.6258350395840271e+00,0.0000000000000000e+00,2.8966341915984679e+00,0.0000000000000000e+00,6.1658331002103459e+00,4.6254361317248520e+00,6.1658331002103459e+00,0.0000000000000000e+00,4.9164668671551333e+00,0.0000000000000000e+00,1.6258350395840271e+00,2.8966341915984679e+00,2.8966341915984679e+00,2.8966341915984679e+00,2.6200361798454681e+00,4.6254361317248520e+00,2.6200361798454681e+00,4.9164668671551333e+00,4.6254361317248520e+00,6.1658331002103459e+00,2.6200361798454681e+00,2.6200361798454681e+00,6.1658331002103459e+00,6.1658331002103459e+00,4.9164668671551333e+00,4.6254361317248520e+00,6.1658331002103459e+00,6.1658331002103459e+00,4.9164668671551333e+00,2.6200361798454681e+00,8.2024807637688790e-01,6.1658331002103459e+00,4.6254361317248520e+00,4.9164668671551333e+00,1.6258350395840271e+00,1.6258350395840271e+00,4.6254361317248520e+00,2.6200361798454681e+00,4.6254361317248520e+00,4.9164668671551333e+00,2.8966341915984679e+00,4.6254361317248520e+00,4.6254361317248520e+00,4.6254361317248520e+00,4.6254361317248520e+00,4.9164668671551333e+00,2.8966341915984679e+00,1.6258350395840271e+00,6.1658331002103459e+00,2.6200361798454681e+00,4.9164668671551333e+00,4.9164668671551333e+00,4.9164668671551333e+00,6.1658331002103459e+00,4.6254361317248520e+00,2.6200361798454681e+00,0.0000000000000000e+00,4.6254361317248520e+00,2.6200361798454681e+00,4.9164668671551333e+00,1.6258350395840271e+00,0.0000000000000000e+00,2.8966341915984679e+00,4.9164668671551333e+00,4.9164668671551333e+00,2.8966341915984679e+00,6.1658331002103459e+00,1.6258350395840271e+00,4.9164668671551333e+00,4.6254361317248520e+00,6.1658331002103459e+00,4.6254361317248520e+00,6.1658331002103459e+00,2.6200361798454681e+00,6.1658331002103459e+00,1.6258350395840271e+00,4.9164668671551333e+00,2.6200361798454681e+00,2.6200361798454681e+00,6.1658331002103459e+00,4.9164668671551333e+00,4.9164668671551333e+00,4.9164668671551333e+00,4.9164668671551333e+00,6.1658331002103459e+00,4.9164668671551333e+00,2.6200361798454681e+00,2.6200361798454681e+00,2.6200361798454681e+00,6.1658331002103459e+00,1.6258350395840271e+00,6.1658331002103459e+00,6.1658331002103459e+00,6.1658331002103459e+00,4.9164668671551333e+00,4.9164668671551333e+00,2.8966341915984679e+00,6.1658331002103459e+00,4.9164668671551333e+00,2.6200361798454681e+00,6.1658331002103459e+00,4.9164668671551333e+00,2.6200361798454681e+00,4.6254361317248520e+00,2.6200361798454681e+00,6.1658331002103459e+00,0.0000000000000000e+00,6.1658331002103459e+00,4.6254361317248520e+00,2.6200361798454681e+00,2.6200361798454681e+00,6.1658331002103459e+00,6.1658331002103459e+00,6.1658331002103459e+00,2.8966341915984679e+00,6.1658331002103459e+00,4.9164668671551333e+00,8.2024807637688790e-01,6.1658331002103459e+00,6.1658331002103459e+00,0.0000000000000000e+00,6.1658331002103459e+00,1.6258350395840271e+00,6.1658331002103459e+00,8.2024807637688790e-01,6.1658331002103459e+00,4.6254361317248520e+00,2.8966341915984679e+00,6.1658331002103459e+00,2.8966341915984679e+00,6.1658331002103459e+00,2.6200361798454681e+00,1.6258350395840271e+00,6.1658331002103459e+00,6.1658331002103459e+00,4.9164668671551333e+00,4.6254361317248520e+00,2.8966341915984679e+00,6.1658331002103459e+00,4.6254361317248520e+00,2.6200361798454681e+00,6.1658331002103459e+00,0.0000000000000000e+00,4.9164668671551333e+00,8.2024807637688790e-01,4.9164668671551333e+00,6.1658331002103459e+00,8.2024807637688790e-01,6.1658331002103459e+00,2.8966341915984679e+00,2.8966341915984679e+00,4.6254361317248520e+00,0.0000000000000000e+00,6.1658331002103459e+00,8.2024807637688790e-01,6.1658331002103459e+00,2.8966341915984679e+00,4.6254361317248520e+00,6.1658331002103459e+00,6.1658331002103459e+00,6.1658331002103459e+00,6.1658331002103459e+00,0.0000000000000000e+00,6.1658331002103459e+00,2.6200361798454681e+00,6.1658331002103459e+00,6.1658331002103459e+00,2.6200361798454681e+00,2.8966341915984679e+00,6.1658331002103459e+00,6.1658331002103459e+00,6.1658331002103459e+00,6.1658331002103459e+00,6.1658331002103459e+00,6.1658331002103459e+00,4.9164668671551333e+00,4.9164668671551333e+00,6.1658331002103459e+00,6.1658331002103459e+00,1.6258350395840271e+00,4.9164668671551333e+00,4.6254361317248520e+00,0.0000000000000000e+00,1.6258350395840271e+00,4.9164668671551333e+00,4.6254361317248520e+00,4.6254361317248520e+00,4.6254361317248520e+00,4.6254361317248520e+00,2.6200361798454681e+00,6.1658331002103459e+00,2.8966341915984679e+00,2.8966341915984679e+00,8.2024807637688790e-01,2.8966341915984679e+00,6.1658331002103459e+00,4.6254361317248520e+00,6.1658331002103459e+00,1.6258350395840271e+00,4.6254361317248520e+00,6.1658331002103459e+00,2.8966341915984679e+00,2.8966341915984679e+00,4.6254361317248520e+00,4.6254361317248520e+00,4.6254361317248520e+00,1.6258350395840271e+00,6.1658331002103459e+00,4.6254361317248520e+00,6.1658331002103459e+00,4.9164668671551333e+00,4.9164668671551333e+00,0.0000000000000000e+00,4.9164668671551333e+00,8.2024807637688790e-01,8.2024807637688790e-01,4.6254361317248520e+00,6.1658331002103459e+00,4.9164668671551333e+00,8.2024807637688790e-01,8.2024807637688790e-01,6.1658331002103459e+00,6.1658331002103459e+00,2.8966341915984679e+00,4.9164668671551333e+00,4.6254361317248520e+00,8.2024807637688790e-01,4.6254361317248520e+00,4.9164668671551333e+00,4.6254361317248520e+00,2.8966341915984679e+00,2.6200361798454681e+00,1.6258350395840271e+00,2.8966341915984679e+00,1.6258350395840271e+00,2.6200361798454681e+00,6.1658331002103459e+00,2.6200361798454681e+00,2.6200361798454681e+00,4.9164668671551333e+00,6.1658331002103459e+00,4.6254361317248520e+00,4.6254361317248520e+00,6.1658331002103459e+00,4.6254361317248520e+00,8.2024807637688790e-01,1.6258350395840271e+00,8.2024807637688790e-01,1.6258350395840271e+00,8.2024807637688790e-01,2.8966341915984679e+00,2.8966341915984679e+00,4.9164668671551333e+00,1.6258350395840271e+00,4.9164668671551333e+00,8.2024807637688790e-01,2.8966341915984679e+00,4.6254361317248520e+00,6.1658331002103459e+00,6.1658331002103459e+00,6.1658331002103459e+00,8.2024807637688790e-01,4.6254361317248520e+00,4.6254361317248520e+00,2.6200361798454681e+00,2.8966341915984679e+00,4.9164668671551333e+00,4.6254361317248520e+00,6.1658331002103459e+00,1.6258350395840271e+00,6.1658331002103459e+00,6.1658331002103459e+00,6.1658331002103459e+00,1.6258350395840271e+00,2.6200361798454681e+00,4.6254361317248520e+00,2.8966341915984679e+00,2.8966341915984679e+00,4.6254361317248520e+00,6.1658331002103459e+00,0.0000000000000000e+00,0.0000000000000000e+00,2.6200361798454681e+00,4.6254361317248520e+00,1.6258350395840271e+00,6.1658331002103459e+00,4.6254361317248520e+00,6.1658331002103459e+00,4.9164668671551333e+00,2.6200361798454681e+00,2.8966341915984679e+00,0.0000000000000000e+00,4.6254361317248520e+00,0.0000000000000000e+00,1.6258350395840271e+00,4.6254361317248520e+00,4.6254361317248520e+00,6.1658331002103459e+00,4.6254361317248520e+00,2.8966341915984679e+00,6.1658331002103459e+00,6.1658331002103459e+00,4.9164668671551333e+00,1.6258350395840271e+00,4.6254361317248520e+00,6.1658331002103459e+00,4.9164668671551333e+00,6.1658331002103459e+00,6.1658331002103459e+00,8.2024807637688790e-01,2.8966341915984679e+00,6.1658331002103459e+00,8.2024807637688790e-01,8.2024807637688790e-01,6.1658331002103459e+00,6.1658331002103459e+00,4.6254361317248520e+00,1.6258350395840271e+00,8.2024807637688790e-01,4.9164668671551333e+00,6.1658331002103459e+00,8.2024807637688790e-01,6.1658331002103459e+00,1.6258350395840271e+00,6.1658331002103459e+00,4.9164668671551333e+00,4.6254361317248520e+00,6.1658331002103459e+00,4.6254361317248520e+00,4.9164668671551333e+00,6.1658331002103459e+00,4.9164668671551333e+00,6.1658331002103459e+00,4.9164668671551333e+00,6.1658331002103459e+00,0.0000000000000000e+00,6.1658331002103459e+00,4.9164668671551333e+00,0.0000000000000000e+00,4.9164668671551333e+00,6.1658331002103459e+00,4.6254361317248520e+00,6.1658331002103459e+00,4.6254361317248520e+00,2.6200361798454681e+00,2.8966341915984679e+00,4.9164668671551333e+00,4.6254361317248520e+00,8.2024807637688790e-01,2.8966341915984679e+00,4.6254361317248520e+00,2.8966341915984679e+00,8.2024807637688790e-01,4.9164668671551333e+00,4.9164668671551333e+00,0.0000000000000000e+00,8.2024807637688790e-01,4.6254361317248520e+00,1.6258350395840271e+00,2.6200361798454681e+00,6.1658331002103459e+00,6.1658331002103459e+00,2.6200361798454681e+00,1.6258350395840271e+00,6.1658331002103459e+00,6.1658331002103459e+00,6.1658331002103459e+00,4.6254361317248520e+00,6.1658331002103459e+00,0.0000000000000000e+00,2.8966341915984679e+00,2.8966341915984679e+00,2.6200361798454681e+00,6.1658331002103459e+00,6.1658331002103459e+00,6.1658331002103459e+00,6.1658331002103459e+00,0.0000000000000000e+00,6.1658331002103459e+00,4.6254361317248520e+00,0.0000000000000000e+00,6.1658331002103459e+00,6.1658331002103459e+00,6.1658331002103459e+00,6.1658331002103459e+00,4.9164668671551333e+00,0.0000000000000000e+00,6.1658331002103459e+00,1.6258350395840271e+00,2.6200361798454681e+00,4.9164668671551333e+00,8.2024807637688790e-01,2.6200361798454681e+00,4.6254361317248520e+00,8.2024807637688790e-01,1.6258350395840271e+00,4.9164668671551333e+00,8.2024807637688790e-01,2.8966341915984679e+00,2.8966341915984679e+00,2.8966341915984679e+00,6.1658331002103459e+00,4.9164668671551333e+00,2.8966341915984679e+00,2.8966341915984679e+00,6.1658331002103459e+00,2.8966341915984679e+00,4.6254361317248520e+00,6.1658331002103459e+00,8.2024807637688790e-01,4.6254361317248520e+00,4.6254361317248520e+00,6.1658331002103459e+00,6.1658331002103459e+00,2.8966341915984679e+00,0.0000000000000000e+00,8.2024807637688790e-01,1.6258350395840271e+00,4.6254361317248520e+00,4.6254361317248520e+00,4.6254361317248520e+00,6.1658331002103459e+00,2.8966341915984679e+00,6.1658331002103459e+00,2.6200361798454681e+00,4.9164668671551333e+00,6.1658331002103459e+00,8.2024807637688790e-01,2.8966341915984679e+00,4.6254361317248520e+00,4.9164668671551333e+00,6.1658331002103459e+00,4.6254361317248520e+00,8.2024807637688790e-01,6.1658331002103459e+00,6.1658331002103459e+00,1.6258350395840271e+00,4.6254361317248520e+00,4.9164668671551333e+00,4.9164668671551333e+00,2.6200361798454681e+00,6.1658331002103459e+00,2.6200361798454681e+00,0.0000000000000000e+00,4.6254361317248520e+00,8.2024807637688790e-01,2.8966341915984679e+00,2.8966341915984679e+00,4.6254361317248520e+00,6.1658331002103459e+00,4.6254361317248520e+00,0.0000000000000000e+00,4.6254361317248520e+00,2.8966341915984679e+00,4.6254361317248520e+00,2.8966341915984679e+00,4.6254361317248520e+00,8.2024807637688790e-01,4.6254361317248520e+00,2.6200361798454681e+00,4.6254361317248520e+00,2.8966341915984679e+00,4.9164668671551333e+00
3.1606164466107218e+00,4.4665737077402952e+00,4.4665737077402952e+00,3.1606164466107218e+00,3.1606164466107218e+00,5.5169271429634597e+00,3.1606164466107218e+00,3.1606164466107218e+00,5.5169271429634597e+00,3.1606164466107218e+00,4.4665737077402952e+00,5.5169271429634597e+00,5.5169271429634597e+00,5.5169271429634597e+00,3.1606164466107218e+00,5.5169271429634597e+00,4.4665737077402952e+00,2.4422332951715697e+00,4.4665737077402952e+00,3.1606164466107218e+00,4.4665737077402952e+00,3.1606164466107218e+00,4.4665737077402952e+00,1.7646249241317364e+00,4.4665737077402952e+00,0.0000000000000000e+00,3.1606164466107218e+00,1.7646249241317364e+00,1.7646249241317364e+00,1.7646249241317364e+00,1.7646249241317364e+00,4.4665737077402952e+00,4.4665737077402952e+00,4.4665737077402952e+00,2.4422332951715697e+00,4.4665737077402952e+00,2.4422332951715697e+00,4.4665737077402952e+00,8.8134008419692744e-01,4.4665737077402952e+00,3.1606164466107218e+00,3.1606164466107218e+00,0.0000000000000000e+00,4.4665737077402952e+00,1.7646249241317364e+00,3.1606164466107218e+00,0.0000000000000000e+00,3.1606164466107218e+00,4.4665737077402952e+00,0.0000000000000000e+00,8.8134008419692744e-01,3.1606164466107218e+00,3.1606164466107218e+00,3.9618512615646777e+00,3.1606164466107218e+00,3.1606164466107218e+00,3.1606164466107218e+00,3.1606164466107218e+00,4.4665737077402952e+00,4.4665737077402952e+00,3.1606164466107218e+00,2.4422332951715697e+00,4.4665737077402952e+00,4.4665737077402952e+00,5.5169271429634597e+00,3.9618512615646777e+00,4.4665737077402952e+00,0.0000000000000000e+00,5.5169271429634597e+00,4.4665737077402952e+00,4.4665737077402952e+00,5.5169271429634597e+00,2.4422332951715697e+00,4.4665737077402952e+00,4.4665737077402952e+00,5.5169271429634597e+00,3.9618512615646777e+00,4.4665737077402952e+00,4.4665737077402952e+00,3.1606164466107218e+00,8.8134008419692744e-01,3.9618512615646777e+00,3.9618512615646777e+00,0.0000000000000000e+00,3.9618512615646777e+00,5.5169271429634597e+00,3.9618512615646777e+00,3.9618512615646777e+00,3.9618512615646777e+00,3.9618512615646777e+00,3.1606164466107218e+00,4.4665737077402952e+00,1.7646249241317364e+00,3.9618512615646777e+00,3.9618512615646777e+00,3.1606164466107218e+00,3.1606164466107218e+00,3.9618512615646777e+00,3.9618512615646777e+00,3.1606164466107218e+00,3.1606164466107218e+00,1.7646249241317364e+00,3.1606164466107218e+00,0.0000000000000000e+00,8.8134008419692744e-01,3.9618512615646777e+00,3.9618512615646777e+00,8.8134008419692744e-01,4.4665737077402952e+00,2.4422332951715697e+00,1.7646249241317364e+00,1.7646249241317364e+00,1.7646249241317364e+00,3.9618512615646777e+00,3.1606164466107218e+00,1.7646249241317364e+00,0.0000000000000000e+00,3.9618512615646777e+00,1.7646249241317364e+00,4.4665737077402952e+00,1.7646249241317364e+00,1.7646249241317364e+00,0.0000000000000000e+00,3.9618512615646777e+00,0.0000000000000000e+00,5.5169271429634597e+00,3.1606164466107218e+00,4.4665737077402952e+00,0.0000000000000000e+00,3.1606164466107218e+00,0.0000000000000000e+00,3.1606164466107218e+00,3.1606164466107218e+00,8.8134008419692744e-01,0.0000000000000000e+00,2.4422332951715697e+00,4.4665737077402952e+00,1.7646249241317364e+00,5.5169271429634597e+00,5.5169271429634597e+00,5.5169271429634597e+00,1.7646249241317364e+00,1.7646249241317364e+00,1.7646249241317364e+00,4.4665737077402952e+00,4.4665737077402952e+00,5.5169271429634597e+00,5.5169271429634597e+00,4.4665737077402952e+00,8.8134008419692744e-01,0.0000000000000000e+00,3.1606164466107218e+00,3.1606164466107218e+00,5.5169271429634597e+00,2.4422332951715697e+00,3.1606164466107218e+00,5.5169271429634597e+00,5.5169271429634597e+00,1.7646249241317364e+00,5.5169271429634597e+00,3.1606164466107218e+00,5.5169271429634597e+00,3.1606164466107218e+00,0.0000000000000000e+00,4.4665737077402952e+00,2.4422332951715697e+00,5.5169271429634597e+00,0.0000000000000000e+00,4.4665737077402952e+00,2.4422332951715697e+00,2.4422332951715697e+00,3.1606164466107218e+00,8.8134008419692744e-01,2.4422332951715697e+00,8.8134008419692744e-01,3.1606164466107218e+00,3.9618512615646777e+00,2.4422332951715697e+00,8.8134008419692744e-01,1.7646249241317364e+00,4.4665737077402952e+00,4.4665737077402952e+00,8.8134008419692744e-01,4.4665737077402952e+00,5.5169271429634597e+00,3.9618512615646777e+00,5.5169271429634597e+00,8.8134008419692744e-01,1.7646249241317364e+00,1.7646249241317364e+00,5.5169271429634597e+00,5.5169271429634597e+00,5.5169271429634597e+00,4.4665737077402952e+00,3.9618512615646777e+00,2.4422332951715697e+00,2.4422332951715697e+00,3.9618512615646777e+00,4.4665737077402952e+00,3.9618512615646777e+00,4.4665737077402952e+00,1.7646249241317364e+00,5.5169271429634597e+00,4.4665737077402952e+00,4.4665737077402952e+00,8.8134008419692744e-01,3.9618512615646777e+00,3.9618512615646777e+00,3.9618512615646777e+00,1.7646249241317364e+00,5.5169271429634597e+00,4.4665737077402952e+00,8.8134008419692744e-01,0.0000000000000000e+00,0.0000000000000000e+00,2.4422332951715697e+00,5.5169271429634597e+00,5.5169271429634597e+00,5.5169271429634597e+00,3.9618512615646777e+00,3.1606164466107218e+00,3.1606164466107218e+00,3.1606164466107218e+00,1.7646249241317364e+00,5.5169271429634597e+00,4.4665737077402952e+00,4.4665737077402952e+00,3.1606164466107218e+00,8.8134008419692744e-01,3.1606164466107218e+00,8.8134008419692744e-01,1.7646249241317364e+00,1.7646249241317364e+00,1.7646249241317364e+00,8.8134008419692744e-01,3.1606164466107218e+00,3.1606164466107218e+00,0.0000000000000000e+00,2.4422332951715697e+00,0.0000000000000000e+00,4.4665737077402952e+00,3.1606164466107218e+00,3.9618512615646777e+00,1.7646249241317364e+00,2.4422332951715697e+00,8.8134008419692744e-01,4.4665737077402952e+00,4.4665737077402952e+00,5.5169271429634597e+00,5.5169271429634597e+00,4.4665737077402952e+00,5.5169271429634597e+00,4.4665737077402952e+00,1.7646249241317364e+00,4.4665737077402952e+00,0.0000000000000000e+00,5.5169271429634597e+00,4.4665737077402952e+00,3.9618512615646777e+00,5.5169271429634597e+00,2.4422332951715697e+00,5.5169271429634597e+00,3.1606164466107218e+00,3.9618512615646777e+00,2.4422332951715697e+00,4.4665737077402952e+00,3.9618512615646777e+00,4.4665737077402952e+00,4.4665737077402952e+00,4.4665737077402952e+00,4.4665737077402952e+00,4.4665737077402952e+00,4.4665737077402952e+00,2.4422332951715697e+00,4.4665737077402952e+00,3.9618512615646777e+00,3.9618512615646777e+00,1.7646249241317364e+00,1.7646249241317364e+00,3.1606164466107218e+00,2.4422332951715697e+00,2.4422332951715697e+00,5.5169271429634597e+00,5.5169271429634597e+00,5.5169271429634597e+00,5.5169271429634597e+00,5.5169271429634597e+00,2.4422332951715697e+00,5.5169271429634597e+00,5.5169271429634597e+00,3.9618512615646777e+00,3.1606164466107218e+00,3.1606164466107218e+00,3.1606164466107218e+00,5.5169271429634597e+00,4.4665737077402952e+00,3.9618512615646777e+00,5.5169271429634597e+00,5.5169271429634597e+00,3.1606164466107218e+00,5.5169271429634597e+00,5.5169271429634597e+00,4.4665737077402952e+00,4.4665737077402952e+00,4.4665737077402952e+00,1.7646249241317364e+00,1.7646249241317364e+00,4.4665737077402952e+00,5.5169271429634597e+00,2.4422332951715697e+00,2.4422332951715697e+00,4.4665737077402952e+00,2.4422332951715697e+00,4.4665737077402952e+00,5.5169271429634597e+00,5.5169271429634597e+00,3.1606164466107218e+00,5.5169271429634597e+00,2.4422332951715697e+00,8.8134008419692744e-01,1.7646249241317364e+00,4.4665737077402952e+00,1.7646249241317364e+00,3.1606164466107218e+00,3.1606164466107218e+00,8.8134008419692744e-01,3.9618512615646777e+00,3.1606164466107218e+00,4.4665737077402952e+00,5.5169271429634597e+00,8.8134008419692744e-01,4.4665737077402952e+00,5.5169271429634597e+00,2.4422332951715697e+00,3.9618512615646777e+00,2.4422332951715697e+00,3.9618512615646777e+00,2.4422332951715697e+00,4.4665737077402952e+00,5.5169271429634597e+00,1.7646249241317364e+00,3.9618512615646777e+00,3.9618512615646777e+00,4.4665737077402952e+00,0.0000000000000000e+00,4.4665737077402952e+00,3.1606164466107218e+00,3.9618512615646777e+00,3.1606164466107218e+00,3.1606164466107218e+00,3.1606164466107218e+00,1.7646249241317364e+00,3.1606164466107218e+00,5.5169271429634597e+00,3.9618512615646777e+00,3.9618512615646777e+00,0.0000000000000000e+00,3.1606164466107218e+00,3.9618512615646777e+00,3.1606164466107218e+00,8.8134008419692744e-01,3.1606164466107218e+00,3.1606164466107218e+00,8.8134008419692744e-01,1.7646249241317364e+00,5.5169271429634597e+00,2.4422332951715697e+00,2.4422332951715697e+00,4.4665737077402952e+00,1.7646249241317364e+00,1.7646249241317364e+00,3.1606164466107218e+00,2.4422332951715697e+00,5.5169271429634597e+00,3.9618512615646777e+00,3.9618512615646777e+00,3.1606164466107218e+00,3.9618512615646777e+00,3.9618512615646777e+00,2.4422332951715697e+00,3.1606164466107218e+00,5.5169271429634597e+00,2.4422332951715697e+00,3.9618512615646777e+00,5.5169271429634597e+00,5.5169271429634597e+00,3.9618512615646777e+00,5.5169271429634597e+00,5.5169271429634597e+00,2.4422332951715697e+00,0.0000000000000000e+00,3.9618512615646777e+00,5.5169271429634597e+00,3.1606164466107218e+00,2.4422332951715697e+00,5.5169271429634597e+00,5.5169271429634597e+00,5.5169271429634597e+00,5.5169271429634597e+00,5.5169271429634597e+00,3.1606164466107218e+00,3.9618512615646777e+00,3.1606164466107218e+00,8.8134008419692744e-01,5.5169271429634597e+00,3.1606164466107218e+00,8.8134008419692744e-01,5.5169271429634597e+00,5.5169271429634597e+00,5.5169271429634597e+00,8.8134008419692744e-01,4.4665737077402952e+00,4.4665737077402952e+00,3.1606164466107218e+00,4.4665737077402952e+00,3.9618512615646777e+00,3.9618512615646777e+00,3.1606164466107218e+00,3.9618512615646777e+00,4.4665737077402952e+00,5.5169271429634597e+00,3.1606164466107218e+00,4.4665737077402952e+00,1.7646249241317364e+00,5.5169271429634597e+00,5.5169271429634597e+00,4.4665737077402952e+00,5.5169271429634597e+00,8.8134008419692744e-01,8.8134008419692744e-01,3.1606164466107218e+00,3.1606164466107218e+00,4.4665737077402952e+00,1.7646249241317364e+00,3.1606164466107218e+00,3.1606164466107218e+00,3.1606164466107218e+00,5.5169271429634597e+00,5.5169271429634597e+00,2.4422332951715697e+00,5.5169271429634597e+00,5.5169271429634597e+00,5.5169271429634597e+00,5.5169271429634597e+00,4.4665737077402952e+00,2.4422332951715697e+00,8.8134008419692744e-01,4.4665737077402952e+00,0.0000000000000000e+00,1.7646249241317364e+00,3.9618512615646777e+00,3.1606164466107218e+00,0.0000000000000000e+00,3.9618512615646777e+00,2.4422332951715697e+00,3.1606164466107218e+00,5.5169271429634597e+00,5.5169271429634597e+00,5.5169271429634597e+00,3.9618512615646777e+00,3.1606164466107218e+00,5.5169271429634597e+00,5.5169271429634597e+00,8.8134008419692744e-01,4.4665737077402952e+00,3.1606164466107218e+00,1.7646249241317364e+00,1.7646249241317364e+00,1.7646249241317364e+00,3.1606164466107218e+00,3.9618512615646777e+00,5.5169271429634597e+00,5.5169271429634597e+00,3.9618512615646777e+00,3.9618512615646777e+00,4.4665737077402952e+00,3.9618512615646777e+00,8.8134008419692744e-01,4.4665737077402952e+00,3.1606164466107218e+00,3.9618512615646777e+00,5.5169271429634597e+00,3.1606164466107218e+00,1.7646249241317364e+00,4.4665737077402952e+00,5.5169271429634597e+00,0.0000000000000000e+00,8.8134008419692744e-01,5.5169271429634597e+00,5.5169271429634597e+00,0.0000000000000000e+00,4.4665737077402952e+00,5.5169271429634597e+00,3.9618512615646777e+00,4.4665737077402952e+00,3.1606164466107218e+00,5.5169271429634597e+00,5.5169271429634597e+00,4.4665737077402952e+00,5.5169271429634597e+00,2.4422332951715697e+00,4.4665737077402952e+00,3.1606164466107218e+00,1.7646249241317364e+00,8.8134008419692744e-01,3.1606164466107218e+00,0.0000000000000000e+00,1.7646249241317364e+00,3.1606164466107218e+00,4.4665737077402952e+00,4.4665737077402952e+00,1.7646249241317364e+00,4.4665737077402952e+00,3.9618512615646777e+00,3.9618512615646777e+00,8.8134008419692744e-01,8.8134008419692744e-01,3.1606164466107218e+00,2.4422332951715697e+00,5.5169271429634597e+00,1.7646249241317364e+00,3.9618512615646777e+00,8.8134008419692744e-01,3.1606164466107218e+00,5.5169271429634597e+00,3.9618512615646777e+00,3.9618512615646777e+00,1.7646249241317364e+00,3.1606164466107218e+00,3.9618512615646777e+00,8.8134008419692744e-01,5.5169271429634597e+00,3.9618512615646777e+00,3.9618512615646777e+00,2.4422332951715697e+00,1.7646249241317364e+00,0.0000000000000000e+00,3.9618512615646777e+00,4.4665737077402952e+00,3.9618512615646777e+00,3.1606164466107218e+00,3.9618512615646777e+00,3.9618512615646777e+00,5.5169271429634597e+00,2.4422332951715697e+00,3.1606164466107218e+00,5.5169271429634597e+00,5.5169271429634597e+00,5.5169271429634597e+00,1.7646249241317364e+00,3.1606164466107218e+00,3.1606164466107218e+00,5.5169271429634597e+00,3.9618512615646777e+00,8.8134008419692744e-01,3.9618512615646777e+00,5.5169271429634597e+00,3.1606164466107218e+00,8.8134008419692744e-01,4.4665737077402952e+00,3.9618512615646777e+00,5.5169271429634597e+00,5.5169271429634597e+00,5.5169271429634597e+00,2.4422332951715697e+00,8.8134008419692744e-01,3.9618512615646777e+00,2.4422332951715697e+00,3.1606164466107218e+00,3.9618512615646777e+00,5.5169271429634597e+00,4.4665737077402952e+00,4.4665737077402952e+00,3.9618512615646777e+00,3.1606164466107218e+00,4.4665737077402952e+00,3.1606164466107218e+00,2.4422332951715697e+00,5.5169271429634597e+00,1.7646249241317364e+00,1.7646249241317364e+00,3.1606164466107218e+00,3.9618512615646777e+00,2.4422332951715697e+00,3.9618512615646777e+00,5.5169271429634597e+00,5.5169271429634597e+00,1.7646249241317364e+00,3.1606164466107218e+00,5.5169271429634597e+00,4.4665737077402952e+00,8.8134008419692744e-01,1.7646249241317364e+00,3.9618512615646777e+00,5.5169271429634597e+00,2.4422332951715697e+00,4.4665737077402952e+00,4.4665737077402952e+00,5.5169271429634597e+00,3.1606164466107218e+00,4.4665737077402952e+00,2.4422332951715697e+00,5.5169271429634597e+00,3.9618512615646777e+00,4.4665737077402952e+00,5.5169271429634597e+00,3.9618512615646777e+00,0.0000000000000000e+00,5.5169271429634597e+00,0.0000000000000000e+00,4.4665737077402952e+00,5.5169271429634597e+00,5.5169271429634597e+00,5.5169271429634597e+00,4.4665737077402952e+00,5.5169271429634597e+00,8.8134008419692744e-01,5.5169271429634597e+00,1.7646249241317364e+00,3.9618512615646777e+00,4.4665737077402952e+00,5.5169271429634597e+00,8.8134008419692744e-01,5.5169271429634597e+00,2.4422332951715697e+00,5.5169271429634597e+00,3.9618512615646777e+00,5.5169271429634597e+00,3.9618512615646777e+00,2.4422332951715697e+00,4.4665737077402952e+00,4.4665737077402952e+00,5.5169271429634597e+00,4.4665737077402952e+00,4.4665737077402952e+00,3.1606164466107218e+00,0.0000000000000000e+00,4.4665737077402952e+00,3.1606164466107218e+00,0.0000000000000000e+00,5.5169271429634597e+00,4.4665737077402952e+00,1.7646249241317364e+00,5.5169271429634597e+00,5.5169271429634597e+00,0.0000000000000000e+00,8.8134008419692744e-01,3.9618512615646777e+00,2.4422332951715697e+00,5.5169271429634597e+00,4.4665737077402952e+00,2.4422332951715697e+00,0.0000000000000000e+00,2.4422332951715697e+00,3.9618512615646777e+00,2.4422332951715697e+00,5.5169271429634597e+00,3.9618512615646777e+00,3.1606164466107218e+00,1.7646249241317364e+00,3.9618512615646777e+00,3.1606164466107218e+00,5.5169271429634597e+00,3.1606164466107218e+00,3.9618512615646777e+00,1.7646249241317364e+00,4.4665737077402952e+00,4.4665737077402952e+00,4.4665737077402952e+00,4.4665737077402952e+00,0.0000000000000000e+00,3.9618512615646777e+00,2.4422332951715697e+00,1.7646249241317364e+00,3.9618512615646777e+00,0.0000000000000000e+00,8.8134008419692744e-01,3.1606164466107218e+00,4.4665737077402952e+00,2.4422332951715697e+00,3.9618512615646777e+00,4.4665737077402952e+00,4.4665737077402952e+00,3.9618512615646777e+00,8.8134008419692744e-01,0.0000000000000000e+00,4.4665737077402952e+00,8.8134008419692744e-01,3.9618512615646777e+00,3.9618512615646777e+00,2.4422332951715697e+00,3.1606164466107218e+00,4.4665737077402952e+00,3.1606164466107218e+00,3.1606164466107218e+00,4.4665737077402952e+00,8.8134008419692744e-01,3.9618512615646777e+00,8.8134008419692744e-01,3.9618512615646777e+00,5.5169271429634597e+00,2.4422332951715697e+00,3.1606164466107218e+00,4.4665737077402952e+00,3.9618512615646777e+00,5.5169271429634597e+00,5.5169271429634597e+00,3.1606164466107218e+00,3.9618512615646777e+00,5.5169271429634597e+00,5.5169271429634597e+00,5.5169271429634597e+00,5.5169271429634597e+00,3.9618512615646777e+00,2.4422332951715697e+00,1.7646249241317364e+00,3.9618512615646777e+00,3.1606164466107218e+00,4.4665737077402952e+00,4.4665737077402952e+00,4.4665737077402952e+00,4.4665737077402952e+00,5.5169271429634597e+00,3.1606164466107218e+00,3.9618512615646777e+00,2.4422332951715697e+00,1.7646249241317364e+00,4.4665737077402952e+00,3.1606164466107218e+00,3.1606164466107218e+00,1.7646249241317364e+00,4.4665737077402952e+00,3.1606164466107218e+00,1.7646249241317364e+00,3.1606164466107218e+00,3.1606164466107218e+00,8.8134008419692744e-01,1.7646249241317364e+00,2.4422332951715697e+00,8.8134008419692744e-01,4.4665737077402952e+00,4.4665737077402952e+00,4.4665737077402952e+00,3.1606164466107218e+00,4.4665737077402952e+00,4.4665737077402952e+00,3.9618512615646777e+00,2.4422332951715697e+00,0.0000000000000000e+00,4.4665737077402952e+00,4.4665737077402952e+00,5.5169271429634597e+00,5.5169271429634597e+00,2.4422332951715697e+00,5.5169271429634597e+00,5.5169271429634597e+00,5.5169271429634597e+00,4.4665737077402952e+00,5.5169271429634597e+00,1.7646249241317364e+00,5.5169271429634597e+00,4.4665737077402952e+00,5.5169271429634597e+00,5.5169271429634597e+00,1.7646249241317364e+00,3.1606164466107218e+00,5.5169271429634597e+00,5.5169271429634597e+00,5.5169271429634597e+00,5.5169271429634597e+00,5.5169271429634597e+00,4.4665737077402952e+00,0.0000000000000000e+00,3.1606164466107218e+00,5.5169271429634597e+00,8.8134008419692744e-01,8.8134008419692744e-01,8.8134008419692744e-01,5.5169271429634597e+00,5.5169271429634597e+00,4.4665737077402952e+00,3.1606164466107218e+00,3.9618512615646777e+00,3.9618512615646777e+00,3.9618512615646777e+00,3.1606164466107218e+00,4.4665737077402952e+00,3.1606164466107218e+00,2.4422332951715697e+00,3.9618512615646777e+00,1.7646249241317364e+00,3.1606164466107218e+00,4.4665737077402952e+00,3.1606164466107218e+00,5.5169271429634597e+00,5.5169271429634597e+00,5.5169271429634597e+00,5.5169271429634597e+00,1.7646249241317364e+00,5.5169271429634597e+00,5.5169271429634597e+00,5.5169271429634597e+00,5.5169271429634597e+00,4.4665737077402952e+00,5.5169271429634597e+00,5.5169271429634597e+00,3.1606164466107218e+00,2.4422332951715697e+00,3.9618512615646777e+00,3.9618512615646777e+00,4.4665737077402952e+00,5.5169271429634597e+00,8.8134008419692744e-01,2.4422332951715697e+00,5.5169271429634597e+00,3.9618512615646777e+00,3.9618512615646777e+00,4.4665737077402952e+00,8.8134008419692744e-01,3.9618512615646777e+00,4.4665737077402952e+00,2.4422332951715697e+00,5.5169271429634597e+00,3.9618512615646777e+00,5.5169271429634597e+00,1.7646249241317364e+00,4.4665737077402952e+00,8.8134008419692744e-01,4.4665737077402952e+00,3.1606164466107218e+00,5.5169271429634597e+00,3.1606164466107218e+00,5.5169271429634597e+00,4.4665737077402952e+00,3.9618512615646777e+00,8.8134008419692744e-01,4.4665737077402952e+00,5.5169271429634597e+00,4.4665737077402952e+00,5.5169271429634597e+00,5.5169271429634597e+00,8.8134008419692744e-01,3.1606164466107218e+00,5.5169271429634597e+00,5.5169271429634597e+00,5.5169271429634597e+00,0.0000000000000000e+00,5.5169271429634597e+00,1.7646249241317364e+00,4.4665737077402952e+00,5.5169271429634597e+00,2.4422332951715697e+00,4.4665737077402952e+00,4.4665737077402952e+00,5.5169271429634597e+00,5.5169271429634597e+00,3.9618512615646777e+00,4.4665737077402952e+00,4.4665737077402952e+00,5.5169271429634597e+00,5.5169271429634597e+00,3.1606164466107218e+00,5.5169271429634597e+00,3.1606164466107218e+00,4.4665737077402952e+00,3.1606164466107218e+00,3.1606164466107218e+00,5.5169271429634597e+00,3.1606164466107218e+00,1.7646249241317364e+00,5.5169271429634597e+00,4.4665737077402952e+00,0.0000000000000000e+00,3.1606164466107218e+00,5.5169271429634597e+00,5.5169271429634597e+00,4.4665737077402952e+00,8.8134008419692744e-01,4.4665737077402952e+00,2.4422332951715697e+00,4.4665737077402952e+00,1.7646249241317364e+00,5.5169271429634597e+00,0.0000000000000000e+00,8.8134008419692744e-01,4.4665737077402952e+00,0.0000000000000000e+00,5.5169271429634597e+00,5.5169271429634597e+00,1.7646249241317364e+00,5.5169271429634597e+00,3.9618512615646777e+00,3.9618512615646777e+00,0.0000000000000000e+00,4.4665737077402952e+00,3.1606164466107218e+00,5.5169271429634597e+00,2.4422332951715697e+00,0.0000000000000000e+00,4.4665737077402952e+00,3.9618512615646777e+00,5.5169271429634597e+00,5.5169271429634597e+00,5.5169271429634597e+00,4.4665737077402952e+00,4.4665737077402952e+00,5.5169271429634597e+00,3.9618512615646777e+00,5.5169271429634597e+00,4.4665737077402952e+00,4.4665737077402952e+00,5.5169271429634597e+00,5.5169271429634597e+00,4.4665737077402952e+00,0.0000000000000000e+00,3.1606164466107218e+00,3.1606164466107218e+00,5.5169271429634597e+00,5.5169271429634597e+00,2.4422332951715697e+00,8.8134008419692744e-01,5.5169271429634597e+00,3.9618512615646777e+00,3.9618512615646777e+00,3.9618512615646777e+00,3.9618512615646777e+00,3.9618512615646777e+00,4.4665737077402952e+00,2.4422332951715697e+00,4.4665737077402952e+00,5.5169271429634597e+00,4.4665737077402952e+00,3.1606164466107218e+00,5.5169271429634597e+00,5.5169271429634597e+00,4.4665737077402952e+00,5.5169271429634597e+00,3.9618512615646777e+00,3.9618512615646777e+00,3.9618512615646777e+00,3.9618512615646777e+00,4.4665737077402952e+00,5.5169271429634597e+00,4.4665737077402952e+00,4.4665737077402952e+00,5.5169271429634597e+00,3.9618512615646777e+00,5.5169271429634597e+00,4.4665737077402952e+00,2.4422332951715697e+00,3.9618512615646777e+00,4.4665737077402952e+00,3.9618512615646777e+00,5.5169271429634597e+00,5.5169271429634597e+00,4.4665737077402952e+00,0.0000000000000000e+00,1.7646249241317364e+00,3.1606164466107218e+00,4.4665737077402952e+00,2.4422332951715697e+00,4.4665737077402952e+00,1.7646249241317364e+00,3.1606164466107218e+00,4.4665737077402952e+00,4.4665737077402952e+00,8.8134008419692744e-01,3.1606164466107218e+00,3.9618512615646777e+00,4.4665737077402952e+00,4.4665737077402952e+00,3.1606164466107218e+00,8.8134008419692744e-01,5.5169271429634597e+00,4.4665737077402952e+00,5.5169271429634597e+00,4.4665737077402952e+00,1.7646249241317364e+00,2.4422332951715697e+00,4.4665737077402952e+00,4.4665737077402952e+00,5.5169271429634597e+00,4.4665737077402952e+00,4.4665737077402952e+00,5.5169271429634597e+00,5.5169271429634597e+00,5.5169271429634597e+00,1.7646249241317364e+00,5.5169271429634597e+00,5.5169271429634597e+00,4.4665737077402952e+00,5.5169271429634597e+00,3.9618512615646777e+00,8.8134008419692744e-01,4.4665737077402952e+00,4.4665737077402952e+00,4.4665737077402952e+00,3.1606164466107218e+00,5.5169271429634597e+00,3.9618512615646777e+00
1.5571206472265144e+00,0.0000000000000000e+00,1.5571206472265144e+00,3.8575079818575060e+00,7.8666191517208517e-01,3.0737846377761038e+00,2.6787958113394597e+00,3.0737846377761038e+00,2.6787958113394597e+00,4.6828285627473187e+00,3.8575079818575060e+00,3.8575079818575060e+00,5.3209618475891585e+00,5.3209618475891585e+00,5.3209618475891585e+00,5.3209618475891585e+00,3.8575079818575060e+00,3.8575079818575060e+00,5.3209618475891585e+00,7.8666191517208517e-01,5.3209618475891585e+00,1.5571206472265144e+00,2.6787958113394597e+00,3.8575079818575060e+00,7.8666191517208517e-01,3.8575079818575060e+00,5.3209618475891585e+00,3.8575079818575060e+00,5.3209618475891585e+00,5.3209618475891585e+00,0.0000000000000000e+00,5.3209618475891585e+00,5.3209618475891585e+00,5.3209618475891585e+00,5.3209618475891585e+00,3.8575079818575060e+00,3.0737846377761038e+00,4.6828285627473187e+00,3.8575079818575060e+00,5.3209618475891585e+00,1.5571206472265144e+00,5.3209618475891585e+00,5.3209618475891585e+00,2.6787958113394597e+00,5.3209618475891585e+00,4.6828285627473187e+00,0.0000000000000000e+00,7.8666191517208517e-01,4.6828285627473187e+00,5.3209618475891585e+00,1.5571206472265144e+00,7.8666191517208517e-01,4.6828285627473187e+00,5.3209618475891585e+00,4.6828285627473187e+00,4.6828285627473187e+00,4.6828285627473187e+00,4.6828285627473187e+00,1.5571206472265144e+00,4.6828285627473187e+00,7.8666191517208517e-01,4.6828285627473187e+00,4.6828285627473187e+00,4.6828285627473187e+00,4.6828285627473187e+00,7.8666191517208517e-01,7.8666191517208517e-01,5.3209618475891585e+00,5.3209618475891585e+00,2.6787958113394597e+00,2.6787958113394597e+00,5.3209618475891585e+00,7.8666191517208517e-01,1.5571206472265144e+00,1.5571206472265144e+00,1.5571206472265144e+00,5.3209618475891585e+00,7.8666191517208517e-01,2.6787958113394597e+00,7.8666191517208517e-01,4.6828285627473187e+00,4.6828285627473187e+00,4.6828285627473187e+00,0.0000000000000000e+00,7.8666191517208517e-01,4.6828285627473187e+00,5.3209618475891585e+00,4.6828285627473187e+00,2.6787958113394597e+00,2.6787958113394597e+00,4.6828285627473187e+00,5.3209618475891585e+00,4.6828285627473187e+00,5.3209618475891585e+00,0.0000000000000000e+00,5.3209618475891585e+00,4.6828285627473187e+00,5.3209618475891585e+00,5.3209618475891585e+00,1.5571206472265144e+00,3.8575079818575060e+00,1.5571206472265144e+00,5.3209618475891585e+00,7.8666191517208517e-01,5.3209618475891585e+00,5.3209618475891585e+00,4.6828285627473187e+00,1.5571206472265144e+00,5.3209618475891585e+00,4.6828285627473187e+00,3.8575079818575060e+00,3.8575079818575060e+00,3.8575079818575060e+00,5.3209618475891585e+00,5.3209618475891585e+00,4.6828285627473187e+00,5.3209618475891585e+00,4.6828285627473187e+00,3.8575079818575060e+00,5.3209618475891585e+00,2.6787958113394597e+00,3.0737846377761038e+00,0.0000000000000000e+00,5.3209618475891585e+00,5.3209618475891585e+00,4.6828285627473187e+00,4.6828285627473187e+00,7.8666191517208517e-01,2.6787958113394597e+00,5.3209618475891585e+00,4.6828285627473187e+00,4.6828285627473187e+00,3.0737846377761038e+00,7.8666191517208517e-01,5.3209618475891585e+00,4.6828285627473187e+00,4.6828285627473187e+00,4.6828285627473187e+00,4.6828285627473187e+00,5.3209618475891585e+00,5.3209618475891585e+00,4.6828285627473187e+00,5.3209618475891585e+00,7.8666191517208517e-01,3.0737846377761038e+00,5.3209618475891585e+00,5.3209618475891585e+00,4.6828285627473187e+00,3.8575079818575060e+00,7.8666191517208517e-01,5.3209618475891585e+00,2.6787958113394597e+00,5.3209618475891585e+00,4.6828285627473187e+00,3.0737846377761038e+00,5.3209618475891585e+00,3.8575079818575060e+00,3.8575079818575060e+00,1.5571206472265144e+00,3.8575079818575060e+00,3.8575079818575060e+00,7.8666191517208517e-01,4.6828285627473187e+00,4.6828285627473187e+00,3.0737846377761038e+00,7.8666191517208517e-01,3.8575079818575060e+00,3.8575079818575060e+00,3.8575079818575060e+00,5.3209618475891585e+00,4.6828285627473187e+00,0.0000000000000000e+00,4.6828285627473187e+00,1.5571206472265144e+00,3.8575079818575060e+00,3.8575079818575060e+00,5.3209618475891585e+00,2.6787958113394597e+00,0.0000000000000000e+00,2.6787958113394597e+00,1.5571206472265144e+00,4.6828285627473187e+00,2.6787958113394597e+00,5.3209618475891585e+00,5.3209618475891585e+00,5.3209618475891585e+00,0.0000000000000000e+00,5.3209618475891585e+00,0.0000000000000000e+00,3.0737846377761038e+00,1.5571206472265144e+00,3.8575079818575060e+00,3.0737846377761038e+00,7.8666191517208517e-01,3.0737846377761038e+00,3.0737846377761038e+00,1.5571206472265144e+00,3.8575079818575060e+00,3.8575079818575060e+00,5.3209618475891585e+00,5.3209618475891585e+00,2.6787958113394597e+00,3.0737846377761038e+00,5.3209618475891585e+00,5.3209618475891585e+00,2.6787958113394597e+00,3.8575079818575060e+00,2.6787958113394597e+00,5.3209618475891585e+00,5.3209618475891585e+00,5.3209618475891585e+00,5.3209618475891585e+00,2.6787958113394597e+00,2.6787958113394597e+00,5.3209618475891585e+00,4.6828285627473187e+00,3.8575079818575060e+00,3.8575079818575060e+00,1.5571206472265144e+00,5.3209618475891585e+00,3.0737846377761038e+00,1.5571206472265144e+00,5.3209618475891585e+00,3.0737846377761038e+00,2.6787958113394597e+00,1.5571206472265144e+00,2.6787958113394597e+00,5.3209618475891585e+00,2.6787958113394597e+00,3.0737846377761038e+00,5.3209618475891585e+00,5.3209618475891585e+00,4.6828285627473187e+00,5.3209618475891585e+00,5.3209618475891585e+00,3.8575079818575060e+00,4.6828285627473187e+00,4.6828285627473187e+00,4.6828285627473187e+00,5.3209618475891585e+00,4.6828285627473187e+00,3.8575079818575060e+00,3.8575079818575060e+00,7.8666191517208517e-01,5.3209618475891585e+00,2.6787958113394597e+00,7.8666191517208517e-01,5.3209618475891585e+00,5.3209618475891585e+00,5.3209618475891585e+00,2.6787958113394597e+00,1.5571206472265144e+00,4.6828285627473187e+00,1.5571206472265144e+00,4.6828285627473187e+00,4.6828285627473187e+00,5.3209618475891585e+00,0.0000000000000000e+00,5.3209618475891585e+00,1.5571206472265144e+00,4.6828285627473187e+00,4.6828285627473187e+00,5.3209618475891585e+00,1.5571206472265144e+00,4.6828285627473187e+00,4.6828285627473187e+00,2.6787958113394597e+00,0.0000000000000000e+00,2.6787958113394597e+00,5.3209618475891585e+00,3.8575079818575060e+00,4.6828285627473187e+00,2.6787958113394597e+00,2.6787958113394597e+00,5.3209618475891585e+00,5.3209618475891585e+00,5.3209618475891585e+00,5.3209618475891585e+00,5.3209618475891585e+00,4.6828285627473187e+00,2.6787958113394597e+00,7.8666191517208517e-01,2.6787958113394597e+00,5.3209618475891585e+00,0.0000000000000000e+00,3.8575079818575060e+00,5.3209618475891585e+00,5.3209618475891585e+00,5.3209618475891585e+00,5.3209618475891585e+00,0.0000000000000000e+00,5.3209618475891585e+00,5.3209618475891585e+00,0.0000000000000000e+00,4.6828285627473187e+00,4.6828285627473187e+00,4.6828285627473187e+00,1.5571206472265144e+00,4.6828285627473187e+00,4.6828285627473187e+00,4.6828285627473187e+00,4.6828285627473187e+00,4.6828285627473187e+00,5.3209618475891585e+00,3.8575079818575060e+00,5.3209618475891585e+00,0.0000000000000000e+00,4.6828285627473187e+00,5.3209618475891585e+00,7.8666191517208517e-01,5.3209618475891585e+00,5.3209618475891585e+00,4.6828285627473187e+00,7.8666191517208517e-01,3.8575079818575060e+00,5.3209618475891585e+00,7.8666191517208517e-01,5.3209618475891585e+00,3.8575079818575060e+00,5.3209618475891585e+00,7.8666191517208517e-01,7.8666191517208517e-01,4.6828285627473187e+00,0.0000000000000000e+00,7.8666191517208517e-01,3.8575079818575060e+00,5.3209618475891585e+00,4.6828285627473187e+00,5.3209618475891585e+00,5.3209618475891585e+00,4.6828285627473187e+00,2.6787958113394597e+00,5.3209618475891585e+00,2.6787958113394597e+00,4.6828285627473187e+00,0.0000000000000000e+00,7.8666191517208517e-01,3.0737846377761038e+00,3.0737846377761038e+00,3.0737846377761038e+00,3.8575079818575060e+00,3.0737846377761038e+00,3.0737846377761038e+00,4.6828285627473187e+00,3.8575079818575060e+00,3.8575079818575060e+00,3.0737846377761038e+00,3.8575079818575060e+00,3.8575079818575060e+00,3.8575079818575060e+00,5.3209618475891585e+00,4.6828285627473187e+00,3.8575079818575060e+00,3.0737846377761038e+00,2.6787958113394597e+00,4.6828285627473187e+00,4.6828285627473187e+00,4.6828285627473187e+00,4.6828285627473187e+00,5.3209618475891585e+00,3.8575079818575060e+00,5.3209618475891585e+00,5.3209618475891585e+00,5.3209618475891585e+00,3.0737846377761038e+00,4.6828285627473187e+00,4.6828285627473187e+00,3.0737846377761038e+00,5.3209618475891585e+00,3.0737846377761038e+00,2.6787958113394597e+00,5.3209618475891585e+00,4.6828285627473187e+00,3.0737846377761038e+00,4.6828285627473187e+00,7.8666191517208517e-01,5.3209618475891585e+00,5.3209618475891585e+00,5.3209618475891585e+00,2.6787958113394597e+00,5.3209618475891585e+00,3.0737846377761038e+00,2.6787958113394597e+00,5.3209618475891585e+00,5.3209618475891585e+00,5.3209618475891585e+00,1.5571206472265144e+00,2.6787958113394597e+00,5.3209618475891585e+00,5.3209618475891585e+00,5.3209618475891585e+00,0.0000000000000000e+00,5.3209618475891585e+00,4.6828285627473187e+00,4.6828285627473187e+00,5.3209618475891585e+00,4.6828285627473187e+00,5.3209618475891585e+00,1.5571206472265144e+00,0.0000000000000000e+00,3.8575079818575060e+00,3.8575079818575060e+00,0.0000000000000000e+00,5.3209618475891585e+00,4.6828285627473187e+00,5.3209618475891585e+00,5.3209618475891585e+00,5.3209618475891585e+00,3.0737846377761038e+00,4.6828285627473187e+00,4.6828285627473187e+00,2.6787958113394597e+00,2.6787958113394597e+00,1.5571206472265144e+00,3.0737846377761038e+00,1.5571206472265144e+00,5.3209618475891585e+00,2.6787958113394597e+00,5.3209618475891585e+00,3.8575079818575060e+00,5.3209618475891585e+00,2.6787958113394597e+00,3.0737846377761038e+00,3.8575079818575060e+00,5.3209618475891585e+00,3.8575079818575060e+00,2.6787958113394597e+00,7.8666191517208517e-01,2.6787958113394597e+00,7.8666191517208517e-01,5.3209618475891585e+00,4.6828285627473187e+00,3.8575079818575060e+00,2.6787958113394597e+00,7.8666191517208517e-01,3.0737846377761038e+00,7.8666191517208517e-01,3.8575079818575060e+00,4.6828285627473187e+00,1.5571206472265144e+00,3.0737846377761038e+00,2.6787958113394597e+00,5.3209618475891585e+00,5.3209618475891585e+00,5.3209618475891585e+00,4.6828285627473187e+00,5.3209618475891585e+00,5.3209618475891585e+00,4.6828285627473187e+00,5.3209618475891585e+00,5.3209618475891585e+00,5.3209618475891585e+00,5.3209618475891585e+00,3.0737846377761038e+00,5.3209618475891585e+00,1.5571206472265144e+00,5.3209618475891585e+00,5.3209618475891585e+00,4.6828285627473187e+00,3.0737846377761038e+00,5.3209618475891585e+00,5.3209618475891585e+00,3.8575079818575060e+00,5.3209618475891585e+00,4.6828285627473187e+00,2.6787958113394597e+00,5.3209618475891585e+00,3.0737846377761038e+00,4.6828285627473187e+00,0.0000000000000000e+00,5.3209618475891585e+00,3.0737846377761038e+00,5.3209618475891585e+00,5.3209618475891585e+00,4.6828285627473187e+00,5.3209618475891585e+00,4.6828285627473187e+00,0.0000000000000000e+00,3.0737846377761038e+00,3.8575079818575060e+00,0.0000000000000000e+00,3.8575079818575060e+00,1.5571206472265144e+00,5.3209618475891585e+00,4.6828285627473187e+00,3.8575079818575060e+00,5.3209618475891585e+00,5.3209618475891585e+00,0.0000000000000000e+00,5.3209618475891585e+00,3.8575079818575060e+00,3.0737846377761038e+00,3.8575079818575060e+00,3.8575079818575060e+00,4.6828285627473187e+00,4.6828285627473187e+00,5.3209618475891585e+00,7.8666191517208517e-01,7.8666191517208517e-01,5.3209618475891585e+00,3.8575079818575060e+00,2.6787958113394597e+00,5.3209618475891585e+00,3.0737846377761038e+00,5.3209618475891585e+00,5.3209618475891585e+00,3.0737846377761038e+00,3.0737846377761038e+00,0.0000000000000000e+00,5.3209618475891585e+00,3.8575079818575060e+00,5.3209618475891585e+00,5.3209618475891585e+00,3.8575079818575060e+00,2.6787958113394597e+00,7.8666191517208517e-01,2.6787958113394597e+00,2.6787958113394597e+00,3.8575079818575060e+00,5.3209618475891585e+00,3.0737846377761038e+00,2.6787958113394597e+00,3.8575079818575060e+00,0.0000000000000000e+00,5.3209618475891585e+00,2.6787958113394597e+00,0.0000000000000000e+00,5.3209618475891585e+00,7.8666191517208517e-01,0.0000000000000000e+00,0.0000000000000000e+00,4.6828285627473187e+00,3.8575079818575060e+00,3.0737846377761038e+00,3.0737846377761038e+00,1.5571206472265144e+00,3.8575079818575060e+00,5.3209618475891585e+00,3.0737846377761038e+00,3.8575079818575060e+00,5.3209618475891585e+00,3.0737846377761038e+00,5.3209618475891585e+00,5.3209618475891585e+00,5.3209618475891585e+00,2.6787958113394597e+00,2.6787958113394597e+00,4.6828285627473187e+00,5.3209618475891585e+00,5.3209618475891585e+00,5.3209618475891585e+00,1.5571206472265144e+00,4.6828285627473187e+00,3.0737846377761038e+00,4.6828285627473187e+00,4.6828285627473187e+00,4.6828285627473187e+00,3.0737846377761038e+00,3.0737846377761038e+00,1.5571206472265144e+00,4.6828285627473187e+00,4.6828285627473187e+00,5.3209618475891585e+00,7.8666191517208517e-01,5.3209618475891585e+00,1.5571206472265144e+00,3.8575079818575060e+00,3.0737846377761038e+00,3.0737846377761038e+00,2.6787958113394597e+00,2.6787958113394597e+00,5.3209618475891585e+00,1.5571206472265144e+00,1.5571206472265144e+00,1.5571206472265144e+00,5.3209618475891585e+00,5.3209618475891585e+00,0.0000000000000000e+00,4.6828285627473187e+00,5.3209618475891585e+00,5.3209618475891585e+00,5.3209618475891585e+00,5.3209618475891585e+00,5.3209618475891585e+00,2.6787958113394597e+00,3.8575079818575060e+00,4.6828285627473187e+00,4.6828285627473187e+00,3.8575079818575060e+00,7.8666191517208517e-01,5.3209618475891585e+00,5.3209618475891585e+00,2.6787958113394597e+00,5.3209618475891585e+00,1.5571206472265144e+00,2.6787958113394597e+00,5.3209618475891585e+00,3.8575079818575060e+00,3.8575079818575060e+00,3.8575079818575060e+00,3.8575079818575060e+00,4.6828285627473187e+00,4.6828285627473187e+00,4.6828285627473187e+00,4.6828285627473187e+00,3.8575079818575060e+00,4.6828285627473187e+00,0.0000000000000000e+00,4.6828285627473187e+00,3.8575079818575060e+00,4.6828285627473187e+00,4.6828285627473187e+00,2.6787958113394597e+00,3.0737846377761038e+00,1.5571206472265144e+00,4.6828285627473187e+00,7.8666191517208517e-01,7.8666191517208517e-01,3.8575079818575060e+00,3.8575079818575060e+00,7.8666191517208517e-01,3.8575079818575060e+00,4.6828285627473187e+00,5.3209618475891585e+00,7.8666191517208517e-01,5.3209618475891585e+00,4.6828285627473187e+00,4.6828285627473187e+00,1.5571206472265144e+00,2.6787958113394597e+00,5.3209618475891585e+00,7.8666191517208517e-01,5.3209618475891585e+00,5.3209618475891585e+00,3.0737846377761038e+00,5.3209618475891585e+00,5.3209618475891585e+00,5.3209618475891585e+00,5.3209618475891585e+00,0.0000000000000000e+00,2.6787958113394597e+00,0.0000000000000000e+00,4.6828285627473187e+00,4.6828285627473187e+00,0.0000000000000000e+00,2.6787958113394597e+00,0.0000000000000000e+00,4.6828285627473187e+00,4.6828285627473187e+00,4.6828285627473187e+00,5.3209618475891585e+00,5.3209618475891585e+00,5.3209618475891585e+00,5.3209618475891585e+00,0.0000000000000000e+00,5.3209618475891585e+00,5.3209618475891585e+00,3.8575079818575060e+00,5.3209618475891585e+00,5.3209618475891585e+00,4.6828285627473187e+00,7.8666191517208517e-01,5.3209618475891585e+00,3.8575079818575060e+00,7.8666191517208517e-01,3.8575079818575060e+00,7.8666191517208517e-01,1.5571206472265144e+00,1.5571206472265144e+00,2.6787958113394597e+00,3.0737846377761038e+00,4.6828285627473187e+00,2.6787958113394597e+00,3.0737846377761038e+00,2.6787958113394597e+00,1.5571206472265144e+00,5.3209618475891585e+00,4.6828285627473187e+00,1.5571206472265144e+00,5.3209618475891585e+00,5.3209618475891585e+00,5.3209618475891585e+00,5.3209618475891585e+00,3.8575079818575060e+00,1.5571206472265144e+00,5.3209618475891585e+00,4.6828285627473187e+00,4.6828285627473187e+00,4.6828285627473187e+00,4.6828285627473187e+00,5.3209618475891585e+00,5.3209618475891585e+00,5.3209618475891585e+00,5.3209618475891585e+00,5.3209618475891585e+00,4.6828285627473187e+00,2.6787958113394597e+00,3.0737846377761038e+00,4.6828285627473187e+00,3.0737846377761038e+00,2.6787958113394597e+00,3.0737846377761038e+00,5.3209618475891585e+00,4.6828285627473187e+00,4.6828285627473187e+00,7.8666191517208517e-01,4.6828285627473187e+00,5.3209618475891585e+00,4.6828285627473187e+00,7.8666191517208517e-01,0.0000000000000000e+00,7.8666191517208517e-01,5.3209618475891585e+00,4.6828285627473187e+00,1.5571206472265144e+00,3.8575079818575060e+00,3.0737846377761038e+00,3.8575079818575060e+00,3.0737846377761038e+00,3.0737846377761038e+00,4.6828285627473187e+00,4.6828285627473187e+00,4.6828285627473187e+00,3.8575079818575060e+00,7.8666191517208517e-01,3.0737846377761038e+00,2.6787958113394597e+00,0.0000000000000000e+00,3.0737846377761038e+00,5.3209618475891585e+00,1.5571206472265144e+00,3.8575079818575060e+00,1.5571206472265144e+00,3.0737846377761038e+00,7.8666191517208517e-01,5.3209618475891585e+00,3.8575079818575060e+00,7.8666191517208517e-01,4.6828285627473187e+00,3.0737846377761038e+00,3.0737846377761038e+00,3.0737846377761038e+00,5.3209618475891585e+00,2.6787958113394597e+00,3.0737846377761038e+00,2.6787958113394597e+00,4.6828285627473187e+00,4.6828285627473187e+00,3.0737846377761038e+00,1.5571206472265144e+00,3.0737846377761038e+00,4.6828285627473187e+00,3.0737846377761038e+00,0.0000000000000000e+00,5.3209618475891585e+00,5.3209618475891585e+00,1.5571206472265144e+00,2.6787958113394597e+00,7.8666191517208517e-01,3.0737846377761038e+00,3.0737846377761038e+00,5.3209618475891585e+00,5.3209618475891585e+00,4.6828285627473187e+00,4.6828285627473187e+00,5.3209618475891585e+00,3.0737846377761038e+00,0.0000000000000000e+00,5.3209618475891585e+00,5.3209618475891585e+00,4.6828285627473187e+00,4.6828285627473187e+00,5.3209618475891585e+00,4.6828285627473187e+00,4.6828285627473187e+00,5.3209618475891585e+00,0.0000000000000000e+00,5.3209618475891585e+00,1.5571206472265144e+00,5.3209618475891585e+00,5.3209618475891585e+00,7.8666191517208517e-01,5.3209618475891585e+00,5.3209618475891585e+00,5.3209618475891585e+00,2.6787958113394597e+00,1.5571206472265144e+00,7.8666191517208517e-01,5.3209618475891585e+00,2.6787958113394597e+00,3.0737846377761038e+00,5.3209618475891585e+00,5.3209618475891585e+00,4.6828285627473187e+00,4.6828285627473187e+00,3.0737846377761038e+00,0.0000000000000000e+00,7.8666191517208517e-01,4.6828285627473187e+00,4.6828285627473187e+00,0.0000000000000000e+00,4.6828285627473187e+00,0.0000000000000000e+00,3.0737846377761038e+00,1.5571206472265144e+00,5.3209618475891585e+00,4.6828285627473187e+00,2.6787958113394597e+00,4.6828285627473187e+00,5.3209618475891585e+00,2.6787958113394597e+00,2.6787958113394597e+00,4.6828285627473187e+00,3.8575079818575060e+00,1.5571206472265144e+00,4.6828285627473187e+00,5.3209618475891585e+00,5.3209618475891585e+00,2.6787958113394597e+00,5.3209618475891585e+00,5.3209618475891585e+00,3.8575079818575060e+00,0.0000000000000000e+00,4.6828285627473187e+00,3.8575079818575060e+00,3.0737846377761038e+00,7.8666191517208517e-01,1.5571206472265144e+00,2.6787958113394597e+00,4.6828285627473187e+00,5.3209618475891585e+00,5.3209618475891585e+00,4.6828285627473187e+00,4.6828285627473187e+00,4.6828285627473187e+00,2.6787958113394597e+00,2.6787958113394597e+00,4.6828285627473187e+00,4.6828285627473187e+00,4.6828285627473187e+00,3.8575079818575060e+00,1.5571206472265144e+00,3.8575079818575060e+00,3.8575079818575060e+00,0.0000000000000000e+00,4.6828285627473187e+00,4.6828285627473187e+00,4.6828285627473187e+00,0.0000000000000000e+00,3.8575079818575060e+00,4.6828285627473187e+00,5.3209618475891585e+00,3.0737846377761038e+00,5.3209618475891585e+00,3.0737846377761038e+00,1.5571206472265144e+00,4.6828285627473187e+00,2.6787958113394597e+00,3.8575079818575060e+00,3.8575079818575060e+00,2.6787958113394597e+00,5.3209618475891585e+00,3.8575079818575060e+00,2.6787958113394597e+00,3.8575079818575060e+00,5.3209618475891585e+00,4.6828285627473187e+00,4.6828285627473187e+00,0.0000000000000000e+00,0.0000000000000000e+00,4.6828285627473187e+00,5.3209618475891585e+00,5.3209618475891585e+00,4.6828285627473187e+00,3.0737846377761038e+00,7.8666191517208517e-01,3.0737846377761038e+00,7.8666191517208517e-01,5.3209618475891585e+00,3.8575079818575060e+00,4.6828285627473187e+00,3.0737846377761038e+00,1.5571206472265144e+00,5.3209618475891585e+00,2.6787958113394597e+00,2.6787958113394597e+00,5.3209618475891585e+00,3.8575079818575060e+00,3.0737846377761038e+00,7.8666191517208517e-01,3.0737846377761038e+00,1.5571206472265144e+00,3.8575079818575060e+00,4.6828285627473187e+00,0.0000000000000000e+00,7.8666191517208517e-01,5.3209618475891585e+00,7.8666191517208517e-01,5.3209618475891585e+00,4.6828285627473187e+00,4.6828285627473187e+00,4.6828285627473187e+00,2.6787958113394597e+00,3.0737846377761038e+00,4.6828285627473187e+00,2.6787958113394597e+00,2.6787958113394597e+00,2.6787958113394597e+00,2.6787958113394597e+00,0.0000000000000000e+00,3.8575079818575060e+00,3.8575079818575060e+00,3.8575079818575060e+00,0.0000000000000000e+00,7.8666191517208517e-01,0.0000000000000000e+00,0.0000000000000000e+00,2.6787958113394597e+00,7.8666191517208517e-01,4.6828285627473187e+00,2.6787958113394597e+00,5.3209618475891585e+00,2.6787958113394597e+00,4.6828285627473187e+00,2.6787958113394597e+00,5.3209618475891585e+00,5.3209618475891585e+00,5.3209618475891585e+00,5.3209618475891585e+00,0.0000000000000000e+00,7.8666191517208517e-01,5.3209618475891585e+00,5.3209618475891585e+00,4.6828285627473187e+00,2.6787958113394597e+00,5.3209618475891585e+00,5.3209618475891585e+00,4.6828285627473187e+00,0.0000000000000000e+00,2.6787958113394597e+00,3.8575079818575060e+00,4.6828285627473187e+00,5.3209618475891585e+00,5.3209618475891585e+00,1.5571206472265144e+00,5.3209618475891585e+00,3.0737846377761038e+00,2.6787958113394597e+00,7.8666191517208517e-01,1.5571206472265144e+00,3.8575079818575060e+00,7.8666191517208517e-01,3.0737846377761038e+00,3.8575079818575060e+00,7.8666191517208517e-01,5.3209618475891585e+00,5.3209618475891585e+00,4.6828285627473187e+00,5.3209618475891585e+00,0.0000000000000000e+00,1.5571206472265144e+00,5.3209618475891585e+00,1.5571206472265144e+00,5.3209618475891585e+00,4.6828285627473187e+00,7.8666191517208517e-01,2.6787958113394597e+00,5.3209618475891585e+00,5.3209618475891585e+00,3.0737846377761038e+00,2.6787958113394597e+00,5.3209618475891585e+00,5.3209618475891585e+00,1.5571206472265144e+00,4.6828285627473187e+00,2.6787958113394597e+00,4.6828285627473187e+00,0.0000000000000000e+00,3.0737846377761038e+00,3.0737846377761038e+00,5.3209618475891585e+00,1.5571206472265144e+00,3.0737846377761038e+00,3.0737846377761038e+00,0.0000000000000000e+00,5.3209618475891585e+00,4.6828285627473187e+00,5.3209618475891585e+00,4.6828285627473187e+00,7.8666191517208517e-01,3.8575079818575060e+00,2.6787958113394597e+00,2.6787958113394597e+00,0.0000000000000000e+00,5.3209618475891585e+00,1.5571206472265144e+00,2.6787958113394597e+00,5.3209618475891585e+00,5.3209618475891585e+00,5.3209618475891585e+00
0.0000000000000000e+00,0.0000000000000000e+00,0.0000000000000000e+00,0.0000000000000000e+00,0.0000000000000000e+00,0.0000000000000000e+00,0.0000000000000000e+00,0.0000000000000000e+00,0.0000000000000000e+00,0.0000000000000000e+00,0.0000000000000000e+00,0.0000000000000000e+00,0.0000000000000000e+00,0.0000000000000000e+00,0.0000000000000000e+00,0.0000000000000000e+00,0.0000000000000000e+00,0.0000000000000000e+00,0.0000000000000000e+00,0.0000000000000000e+00,0.0000000000000000e+00,0.0000000000000000e+00,0.0000000000000000e+00,0.0000000000000000e+00,0.0000000000000000e+00,0.0000000000000000e+00,0.0000000000000000e+00,0.0000000000000000e+00,0.0000000000000000e+00,0.0000000000000000e+00,0.0000000000000000e+00,0.0000000000000000e+00,0.0000000000000000e+00,0.0000000000000000e+00,0.0000000000000000e+00,0.0000000000000000e+00,0.0000000000000000e+00,0.0000000000000000e+00,0.0000000000000000e+00,0.0000000000000000e+00,0.0000000000000000e+00,0.0000000000000000e+00,0.0000000000000000e+00,0.0000000000000000e+00,0.0000000000000000e+00,0.0000000000000000e+00,0.0000000000000000e+00,0.0000000000000000e+00,0.0000000000000000e+00,0.0000000000000000e+00,0.0000000000000000e+00,0.0000000000000000e+00,0.0000000000000000e+00,0.0000000000000000e+00,0.0000000000000000e+00,0.0000000000000000e+00,0.0000000000000000e+00,0.0000000000000000e+00,0.0000000000000000e+00,0.0000000000000000e+00,0.0000000000000000e+00,0.0000000000000000e+00,0.0000000000000000e+00,0.0000000000000000e+00,0.0000000000000000e+00,0.0000000000000000e+00,0.0000000000000000e+00,0.0000000000000000e+00,0.0000000000000000e+00,0.0000000000000000e+00,0.0000000000000000e+00,0.0000000000000000e+00,0.0000000000000000e+00,0.0000000000000000e+00,0.0000000000000000e+00,0.0000000000000000e+00,0.0000000000000000e+00,0.0000000000000000e+00,0.0000000000000000e+00,0.0000000000000000e+00,0.0000000000000000e+00,0.0000000000000000e+00,0.0000000000000000e+00,0.0000000000000000e+00,0.0000000000000000e+00,0.0000000000000000e+00,0.0000000000000000e+00,0.0000000000000000e+00,0.0000000000000000e+00,0.0000000000000000e+00,0.0000000000000000e+00,0.0000000000000000e+00,0.0000000000000000e+00,0.0000000000000000e+00,0.0000000000000000e+00,0.0000000000000000e+00,0.0000000000000000e+00,0.0000000000000000e+00,0.0000000000000000e+00,0.0000000000000000e+00,0.0000000000000000e+00,0.0000000000000000e+00,0.0000000000000000e+00,0.0000000000000000e+00,0.0000000000000000e+00,0.0000000000000000e+00,0.0000000000000000e+00,0.0000000000000000e+00,0.0000000000000000e+00,0.0000000000000000e+00,0.0000000000000000e+00,0.0000000000000000e+00,0.0000000000000000e+00,0.0000000000000000e+00,0.0000000000000000e+00,0.0000000000000000e+00,0.0000000000000000e+00,0.0000000000000000e+00,0.0000000000000000e+00,0.0000000000000000e+00,0.0000000000000000e+00,0.0000000000000000e+00,0.0000000000000000e+00,0.0000000000000000e+00,0.0000000000000000e+00,0.0000000000000000e+00,0.0000000000000000e+00,0.0000000000000000e+00,0.0000000000000000e+00,0.0000000000000000e+00,0.0000000000000000e+00,0.0000000000000000e+00,0.0000000000000000e+00,0.0000000000000000e+00,0.0000000000000000e+00,0.0000000000000000e+00,0.0000000000000000e+00,0.0000000000000000e+00,0.0000000000000000e+00,0.0000000000000000e+00,0.0000000000000000e+00,0.0000000000000000e+00,0.0000000000000000e+00,0.0000000000000000e+00,0.0000000000000000e+00,0.0000000000000000e+00,0.0000000000000000e+00,0.0000000000000000e+00,0.0000000000000000e+00,0.0000000000000000e+00,0.0000000000000000e+00,0.0000000000000000e+00,0.0000000000000000e+00,0.0000000000000000e+00,0.0000000000000000e+00,0.0000000000000000e+00,0.0000000000000000e+00,0.0000000000000000e+00,0.0000000000000000e+00,0.0000000000000000e+00,0.0000000000000000e+00,0.0000000000000000e+00,0.0000000000000000e+00,0.0000000000000000e+00,0.0000000000000000e+00,0.0000000000000000e+00,0.0000000000000000e+00,0.0000000000000000e+00,0.0000000000000000e+00,0.0000000000000000e+00,0.0000000000000000e+00,0.0000000000000000e+00,0.0000000000000000e+00,0.0000000000000000e+00,0.0000000000000000e+00,0.0000000000000000e+00,0.0000000000000000e+00,0.0000000000000000e+00,0.0000000000000000e+00,0.0000000000000000e+00,0.0000000000000000e+00,0.0000000000000000e+00,0.0000000000000000e+00,0.0000000000000000e+00,0.0000000000000000e+00,0.0000000000000000e+00,0.0000000000000000e+00,0.0000000000000000e+00,0.0000000000000000e+00,0.0000000000000000e+00,0.0000000000000000e+00,0.0000000000000000e+00,0.0000000000000000e+00,0.0000000000000000e+00,0.0000000000000000e+00,0.0000000000000000e+00,0.0000000000000000e+00,0.0000000000000000e+00,0.0000000000000000e+00,0.0000000000000000e+00,0.0000000000000000e+00,0.0000000000000000e+00,0.0000000000000000e+00,0.0000000000000000e+00,0.0000000000000000e+00,0.0000000000000000e+00,0.0000000000000000e+00,0.0000000000000000e+00,0.0000000000000000e+00,0.0000000000000000e+00,0.0000000000000000e+00,0.0000000000000000e+00,0.0000000000000000e+00,0.0000000000000000e+00,0.0000000000000000e+00,0.0000000000000000e+00,0.0000000000000000e+00,0.0000000000000000e+00,0.0000000000000000e+00,0.0000000000000000e+00,0.0000000000000000e+00,0.0000000000000000e+00,0.0000000000000000e+00,0.0000000000000000e+00,0.0000000000000000e+00,0.0000000000000000e+00,0.0000000000000000e+00,0.0000000000000000e+00,0.0000000000000000e+00,0.0000000000000000e+00,0.0000000000000000e+00,0.0000000000000000e+00,0.0000000000000000e+00,0.0000000000000000e+00,0.0000000000000000e+00,0.0000000000000000e+00,0.0000000000000000e+00,0.0000000000000000e+00,0.0000000000000000e+00,0.0000000000000000e+00,0.0000000000000000e+00,0.0000000000000000e+00,0.0000000000000000e+00,0.0000000000000000e+00,0.0000000000000000e+00,0.0000000000000000e+00,0.0000000000000000e+00,0.0000000000000000e+00,0.0000000000000000e+00,0.0000000000000000e+00,0.0000000000000000e+00,0.0000000000000000e+00,0.0000000000000000e+00,0.0000000000000000e+00,0.0000000000000000e+00,0.0000000000000000e+00,0.0000000000000000e+00,0.0000000000000000e+00,0.0000000000000000e+00,0.0000000000000000e+00,0.0000000000000000e+00,0.0000000000000000e+00,0.0000000000000000e+00,0.0000000000000000e+00,0.0000000000000000e+00,0.0000000000000000e+00,0.0000000000000000e+00,0.0000000000000000e+00,0.0000000000000000e+00,0.0000000000000000e+00,0.0000000000000000e+00,0.0000000000000000e+00,0.0000000000000000e+00,0.0000000000000000e+00,0.0000000000000000e+00,0.0000000000000000e+00,0.0000000000000000e+00,0.0000000000000000e+00,0.0000000000000000e+00,0.0000000000000000e+00,0.0000000000000000e+00,0.0000000000000000e+00,0.0000000000000000e+00,0.0000000000000000e+00,0.0000000000000000e+00,0.0000000000000000e+00,0.0000000000000000e+00,0.0000000000000000e+00,0.0000000000000000e+00,0.0000000000000000e+00,0.0000000000000000e+00,0.0000000000000000e+00,0.0000000000000000e+00,0.0000000000000000e+00,0.0000000000000000e+00,0.0000000000000000e+00,0.0000000000000000e+00,0.0000000000000000e+00,0.0000000000000000e+00,0.0000000000000000e+00,0.0000000000000000e+00,0.0000000000000000e+00,0.0000000000000000e+00,0.0000000000000000e+00,0.0000000000000000e+00,0.0000000000000000e+00,0.0000000000000000e+00,0.0000000000000000e+00,0.0000000000000000e+00,0.0000000000000000e+00,0.0000000000000000e+00,0.0000000000000000e+00,0.0000000000000000e+00,0.0000000000000000e+00,0.0000000000000000e+00,0.0000000000000000e+00,0.0000000000000000e+00,0.0000000000000000e+00,0.0000000000000000e+00,0.0000000000000000e+00,0.0000000000000000e+00,0.0000000000000000e+00,0.0000000000000000e+00,0.0000000000000000e+00,0.0000000000000000e+00,0.0000000000000000e+00,0.0000000000000000e+00,0.0000000000000000e+00,0.0000000000000000e+00,0.0000000000000000e+00,0.0000000000000000e+00,0.0000000000000000e+00,0.0000000000000000e+00,0.0000000000000000e+00,0.0000000000000000e+00,0.0000000000000000e+00,0.0000000000000000e+00,0.0000000000000000e+00,0.0000000000000000e+00,0.0000000000000000e+00,0.0000000000000000e+00,0.0000000000000000e+00,0.0000000000000000e+00,0.0000000000000000e+00,0.0000000000000000e+00,0.0000000000000000e+00,0.0000000000000000e+00,0.0000000000000000e+00,0.0000000000000000e+00,0.0000000000000000e+00,0.0000000000000000e+00,0.0000000000000000e+00,0.0000000000000000e+00,0.0000000000000000e+00,0.0000000000000000e+00,0.0000000000000000e+00,0.0000000000000000e+00,0.0000000000000000e+00,0.0000000000000000e+00,0.0000000000000000e+00,0.0000000000000000e+00,0.0000000000000000e+00,0.0000000000000000e+00,0.0000000000000000e+00,0.0000000000000000e+00,0.0000000000000000e+00,0.0000000000000000e+00,0.0000000000000000e+00,0.0000000000000000e+00,0.0000000000000000e+00,0.0000000000000000e+00,0.0000000000000000e+00,0.0000000000000000e+00,0.0000000000000000e+00,0.0000000000000000e+00,0.0000000000000000e+00,0.0000000000000000e+00,0.0000000000000000e+00,0.0000000000000000e+00,0.0000000000000000e+00,0.0000000000000000e+00,0.0000000000000000e+00,0.0000000000000000e+00,0.0000000000000000e+00,0.0000000000000000e+00,0.0000000000000000e+00,0.0000000000000000e+00,0.0000000000000000e+00,0.0000000000000000e+00,0.0000000000000000e+00,0.0000000000000000e+00,0.0000000000000000e+00,0.0000000000000000e+00,0.0000000000000000e+00,0.0000000000000000e+00,0.0000000000000000e+00,0.0000000000000000e+00,0.0000000000000000e+00,0.0000000000000000e+00,0.0000000000000000e+00,0.0000000000000000e+00,0.0000000000000000e+00,0.0000000000000000e+00,0.0000000000000000e+00,0.0000000000000000e+00,0.0000000000000000e+00,0.0000000000000000e+00,0.0000000000000000e+00,0.0000000000000000e+00,0.0000000000000000e+00,0.0000000000000000e+00,0.0000000000000000e+00,0.0000000000000000e+00,0.0000000000000000e+00,0.0000000000000000e+00,0.0000000000000000e+00,0.0000000000000000e+00,0.0000000000000000e+00,0.0000000000000000e+00,0.0000000000000000e+00,0.0000000000000000e+00,0.0000000000000000e+00,0.0000000000000000e+00,0.0000000000000000e+00,0.0000000000000000e+00,0.0000000000000000e+00,0.0000000000000000e+00,0.0000000000000000e+00,0.0000000000000000e+00,0.0000000000000000e+00,0.0000000000000000e+00,0.0000000000000000e+00,0.0000000000000000e+00,0.0000000000000000e+00,0.0000000000000000e+00,0.0000000000000000e+00,0.0000000000000000e+00,0.0000000000000000e+00,0.0000000000000000e+00,0.0000000000000000e+00,0.0000000000000000e+00,0.0000000000000000e+00,0.0000000000000000e+00,0.0000000000000000e+00,0.0000000000000000e+00,0.0000000000000000e+00,0.0000000000000000e+00,0.0000000000000000e+00,0.0000000000000000e+00,0.0000000000000000e+00,0.0000000000000000e+00,0.0000000000000000e+00,0.0000000000000000e+00,0.0000000000000000e+00,0.0000000000000000e+00,0.0000000000000000e+00,0.0000000000000000e+00,0.0000000000000000e+00,0.0000000000000000e+00,0.0000000000000000e+00,0.0000000000000000e+00,0.0000000000000000e+00,0.0000000000000000e+00,0.0000000000000000e+00,0.0000000000000000e+00,0.0000000000000000e+00,0.0000000000000000e+00,0.0000000000000000e+00,0.0000000000000000e+00,0.0000000000000000e+00,0.0000000000000000e+00,0.0000000000000000e+00,0.0000000000000000e+00,0.0000000000000000e+00,0.0000000000000000e+00,0.0000000000000000e+00,0.0000000000000000e+00,0.0000000000000000e+00,0.0000000000000000e+00,0.0000000000000000e+00,0.0000000000000000e+00,0.0000000000000000e+00,0.0000000000000000e+00,0.0000000000000000e+00,0.0000000000000000e+00,0.0000000000000000e+00,0.0000000000000000e+00,0.0000000000000000e+00,0.0000000000000000e+00,0.0000000000000000e+00,0.0000000000000000e+00,0.0000000000000000e+00,0.0000000000000000e+00,0.0000000000000000e+00,0.0000000000000000e+00,0.0000000000000000e+00,0.0000000000000000e+00,0.0000000000000000e+00,0.0000000000000000e+00,0.0000000000000000e+00,0.0000000000000000e+00,0.0000000000000000e+00,0.0000000000000000e+00,0.0000000000000000e+00,0.0000000000000000e+00,0.0000000000000000e+00,0.0000000000000000e+00,0.0000000000000000e+00,0.0000000000000000e+00,0.0000000000000000e+00,0.0000000000000000e+00,0.0000000000000000e+00,0.0000000000000000e+00,0.0000000000000000e+00,0.0000000000000000e+00,0.0000000000000000e+00,0.0000000000000000e+00,0.0000000000000000e+00,0.0000000000000000e+00,0.0000000000000000e+00,0.0000000000000000e+00,0.0000000000000000e+00,0.0000000000000000e+00,0.0000000000000000e+00,0.0000000000000000e+00,0.0000000000000000e+00,0.0000000000000000e+00,0.0000000000000000e+00,0.0000000000000000e+00,0.0000000000000000e+00,0.0000000000000000e+00,0.0000000000000000e+00,0.0000000000000000e+00,0.0000000000000000e+00,0.0000000000000000e+00,0.0000000000000000e+00,0.0000000000000000e+00,0.0000000000000000e+00,0.0000000000000000e+00,0.0000000000000000e+00,0.0000000000000000e+00,0.0000000000000000e+00,0.0000000000000000e+00,0.0000000000000000e+00,0.0000000000000000e+00,0.0000000000000000e+00,0.0000000000000000e+00,0.0000000000000000e+00,0.0000000000000000e+00,0.0000000000000000e+00,0.0000000000000000e+00,0.0000000000000000e+00,0.0000000000000000e+00,0.0000000000000000e+00,0.0000000000000000e+00,0.0000000000000000e+00,0.0000000000000000e+00,0.0000000000000000e+00,0.0000000000000000e+00,0.0000000000000000e+00,0.0000000000000000e+00,0.0000000000000000e+00,0.0000000000000000e+00,0.0000000000000000e+00,0.0000000000000000e+00,0.0000000000000000e+00,0.0000000000000000e+00,0.0000000000000000e+00,0.0000000000000000e+00,0.0000000000000000e+00,0.0000000000000000e+00,0.0000000000000000e+00,0.0000000000000000e+00,0.0000000000000000e+00,0.0000000000000000e+00,0.0000000000000000e+00,0.0000000000000000e+00,0.0000000000000000e+00,0.0000000000000000e+00,0.0000000000000000e+00,0.0000000000000000e+00,0.0000000000000000e+00,0.0000000000000000e+00,0.0000000000000000e+00,0.0000000000000000e+00,0.0000000000000000e+00,0.0000000000000000e+00,0.0000000000000000e+00,0.0000000000000000e+00,0.0000000000000000e+00,0.0000000000000000e+00,0.0000000000000000e+00,0.0000000000000000e+00,0.0000000000000000e+00,0.0000000000000000e+00,0.0000000000000000e+00,0.0000000000000000e+00,0.0000000000000000e+00,0.0000000000000000e+00,0.0000000000000000e+00,0.0000000000000000e+00,0.0000000000000000e+00,0.0000000000000000e+00,0.0000000000000000e+00,0.0000000000000000e+00,0.0000000000000000e+00,0.0000000000000000e+00,0.0000000000000000e+00,0.0000000000000000e+00,0.0000000000000000e+00,0.0000000000000000e+00,0.0000000000000000e+00,0.0000000000000000e+00,0.0000000000000000e+00,0.0000000000000000e+00,0.0000000000000000e+00,0.0000000000000000e+00,0.0000000000000000e+00,0.0000000000000000e+00,0.0000000000000000e+00,0.0000000000000000e+00,0.0000000000000000e+00,0.0000000000000000e+00,0.0000000000000000e+00,0.0000000000000000e+00,0.0000000000000000e+00,0.0000000000000000e+00,0.0000000000000000e+00,0.0000000000000000e+00,0.0000000000000000e+00,0.0000000000000000e+00,0.0000000000000000e+00,0.0000000000000000e+00,0.0000000000000000e+00,0.0000000000000000e+00,0.0000000000000000e+00,0.0000000000000000e+00,0.0000000000000000e+00,0.0000000000000000e+00,0.0000000000000000e+00,0.0000000000000000e+00,0.0000000000000000e+00,0.0000000000000000e+00,0.0000000000000000e+00,0.0000000000000000e+00,0.0000000000000000e+00,0.0000000000000000e+00,0.0000000000000000e+00,0.0000000000000000e+00,0.0000000000000000e+00,0.0000000000000000e+00,0.0000000000000000e+00,0.0000000000000000e+00,0.0000000000000000e+00,0.0000000000000000e+00,0.0000000000000000e+00,0.0000000000000000e+00,0.0000000000000000e+00,0.0000000000000000e+00,0.0000000000000000e+00,0.0000000000000000e+00,0.0000000000000000e+00,0.0000000000000000e+00,0.0000000000000000e+00,0.0000000000000000e+00,0.0000000000000000e+00,0.0000000000000000e+00,0.0000000000000000e+00,0.0000000000000000e+00,0.0000000000000000e+00,0.0000000000000000e+00,0.0000000000000000e+00,0.0000000000000000e+00,0.0000000000000000e+00,0.0000000000000000e+00,0.0000000000000000e+00,0.0000000000000000e+00,0.0000000000000000e+00,0.0000000000000000e+00,0.0000000000000000e+00,0.0000000000000000e+00,0.0000000000000000e+00,0.0000000000000000e+00,0.0000000000000000e+00,0.0000000000000000e+00,0.0000000000000000e+00,0.0000000000000000e+00,0.0000000000000000e+00,0.0000000000000000e+00,0.0000000000000000e+00,0.0000000000000000e+00,0.0000000000000000e+00,0.0000000000000000e+00,0.0000000000000000e+00,0.0000000000000000e+00,0.0000000000000000e+00,0.0000000000000000e+00,0.0000000000000000e+00,0.0000000000000000e+00,0.0000000000000000e+00,0.0000000000000000e+00,0.0000000000000000e+00,0.0000000000000000e+00,0.0000000000000000e+00,0.0000000000000000e+00,0.0000000000000000e+00,0.0000000000000000e+00,0.0000000000000000e+00,0.0000000000000000e+00,0.0000000000000000e+00,0.0000000000000000e+00,0.0000000000000000e+00,0.0000000000000000e+00,0.0000000000000000e+00,0.0000000000000000e+00,0.0000000000000000e+00,0.0000000000000000e+00,0.0000000000000000e+00,0.0000000000000000e+00,0.0000000000000000e+00,0.0000000000000000e+00,0.0000000000000000e+00,0.0000000000000000e+00,0.0000000000000000e+00,0.0000000000000000e+00,0.0000000000000000e+00,0.0000000000000000e+00,0.0000000000000000e+00,0.0000000000000000e+00,0.0000000000000000e+00,0.0000000000000000e+00,0.0000000000000000e+00,0.0000000000000000e+00,0.0000000000000000e+00,0.0000000000000000e+00,0.0000000000000000e+00,0.0000000000000000e+00,0.0000000000000000e+00,0.0000000000000000e+00,0.0000000000000000e+00,0.0000000000000000e+00,0.0000000000000000e+00,0.0000000000000000e+00,0.0000000000000000e+00,0.0000000000000000e+00,0.0000000000000000e+00,0.0000000000000000e+00,0.0000000000000000e+00,0.0000000000000000e+00,0.0000000000000000e+00,0.0000000000000000e+00,0.0000000000000000e+00,0.0000000000000000e+00,0.0000000000000000e+00,0.0000000000000000e+00,0.0000000000000000e+00,0.0000000000000000e+00,0.0000000000000000e+00,0.0000000000000000e+00,0.0000000000000000e+00,0.0000000000000000e+00,0.0000000000000000e+00,0.0000000000000000e+00,0.0000000000000000e+00,0.0000000000000000e+00,0.0000000000000000e+00,0.0000000000000000e+00,0.0000000000000000e+00,0.0000000000000000e+00,0.0000000000000000e+00,0.0000000000000000e+00,0.0000000000000000e+00,0.0000000000000000e+00,0.0000000000000000e+00,0.0000000000000000e+00,0.0000000000000000e+00,0.0000000000000000e+00,0.0000000000000000e+00,0.0000000000000000e+00,0.0000000000000000e+00,0.0000000000000000e+00,0.0000000000000000e+00,0.0000000000000000e+00,0.0000000000000000e+00,0.0000000000000000e+00,0.0000000000000000e+00,0.0000000000000000e+00,0.0000000000000000e+00,0.0000000000000000e+00,0.0000000000000000e+00,0.0000000000000000e+00,0.0000000000000000e+00,0.0000000000000000e+00,0.0000000000000000e+00,0.0000000000000000e+00,0.0000000000000000e+00,0.0000000000000000e+00,0.0000000000000000e+00,0.0000000000000000e+00,0.0000000000000000e+00,0.0000000000000000e+00,0.0000000000000000e+00,0.0000000000000000e+00,0.0000000000000000e+00,0.0000000000000000e+00,0.0000000000000000e+00,0.0000000000000000e+00,0.0000000000000000e+00,0.0000000000000000e+00,0.0000000000000000e+00,0.0000000000000000e+00,0.0000000000000000e+00,0.0000000000000000e+00,0.0000000000000000e+00,0.0000000000000000e+00,0.0000000000000000e+00,0.0000000000000000e+00,0.0000000000000000e+00,0.0000000000000000e+00,0.0000000000000000e+00,0.0000000000000000e+00,0.0000000000000000e+00,0.0000000000000000e+00,0.0000000000000000e+00,0.0000000000000000e+00,0.0000000000000000e+00,0.0000000000000000e+00,0.0000000000000000e+00,0.0000000000000000e+00,0.0000000000000000e+00,0.0000000000000000e+00,0.0000000000000000e+00,0.0000000000000000e+00,0.0000000000000000e+00,0.0000000000000000e+00,0.0000000000000000e+00,0.0000000000000000e+00,0.0000000000000000e+00,0.0000000000000000e+00,0.0000000000000000e+00,0.0000000000000000e+00,0.0000000000000000e+00,0.0000000000000000e+00,0.0000000000000000e+00,0.0000000000000000e+00,0.0000000000000000e+00,0.0000000000000000e+00,0.0000000000000000e+00,0.0000000000000000e+00,0.0000000000000000e+00,0.0000000000000000e+00,0.0000000000000000e+00,0.0000000000000000e+00,0.0000000000000000e+00,0.0000000000000000e+00,0.0000000000000000e+00,0.0000000000000000e+00,0.0000000000000000e+00,0.0000000000000000e+00,0.0000000000000000e+00,0.0000000000000000e+00,0.0000000000000000e+00,0.0000000000000000e+00,0.0000000000000000e+00,0.0000000000000000e+00,0.0000000000000000e+00,0.0000000000000000e+00,0.0000000000000000e+00,0.0000000000000000e+00,0.0000000000000000e+00,0.0000000000000000e+00,0.0000000000000000e+00,0.0000000000000000e+00,0.0000000000000000e+00,0.0000000000000000e+00,0.0000000000000000e+00,0.0000000000000000e+00,0.0000000000000000e+00,0.0000000000000000e+00,0.0000000000000000e+00,0.0000000000000000e+00,0.0000000000000000e+00,0.0000000000000000e+00,0.0000000000000000e+00,0.0000000000000000e+00,0.0000000000000000e+00,0.0000000000000000e+00,0.0000000000000000e+00,0.0000000000000000e+00,0.0000000000000000e+00,0.0000000000000000e+00,0.0000000000000000e+00,0.0000000000000000e+00,0.0000000000000000e+00,0.0000000000000000e+00,0.0000000000000000e+00,0.0000000000000000e+00,0.0000000000000000e+00,0.0000000000000000e+00,0.0000000000000000e+00,0.0000000000000000e+00,0.0000000000000000e+00,0.0000000000000000e+00,0.0000000000000000e+00,0.0000000000000000e+00,0.0000000000000000e+00,0.0000000000000000e+00,0.0000000000000000e+00,0.0000000000000000e+00,0.0000000000000000e+00,0.0000000000000000e+00,0.0000000000000000e+00,0.0000000000000000e+00,0.0000000000000000e+00,0.0000000000000000e+00,0.0000000000000000e+00,0.0000000000000000e+00,0.0000000000000000e+00,0.0000000000000000e+00,0.0000000000000000e+00,0.0000000000000000e+00,0.0000000000000000e+00,0.0000000000000000e+00,0.0000000000000000e+00,0.0000000000000000e+00,0.0000000000000000e+00,0.0000000000000000e+00,0.0000000000000000e+00,0.0000000000000000e+00,0.0000000000000000e+00,0.0000000000000000e+00,0.0000000000000000e+00,0.0000000000000000e+00,0.0000000000000000e+00,0.0000000000000000e+00,0.0000000000000000e+00,0.0000000000000000e+00,0.0000000000000000e+00,0.0000000000000000e+00,0.0000000000000000e+00,0.0000000000000000e+00,0.0000000000000000e+00,0.0000000000000000e+00,0.0000000000000000e+00,0.0000000000000000e+00,0.0000000000000000e+00,0.0000000000000000e+00,0.0000000000000000e+00,0.0000000000000000e+00,0.0000000000000000e+00,0.0000000000000000e+00,0.0000000000000000e+00,0.0000000000000000e+00,0.0000000000000000e+00,0.0000000000000000e+00,0.0000000000000000e+00,0.0000000000000000e+00,0.0000000000000000e+00,0.0000000000000000e+00,0.0000000000000000e+00,0.0000000000000000e+00,0.0000000000000000e+00,0.0000000000000000e+00,0.0000000000000000e+00,0.0000000000000000e+00,0.0000000000000000e+00,0.0000000000000000e+00,0.0000000000000000e+00,0.0000000000000000e+00,0.0000000000000000e+00,0.0000000000000000e+00,0.0000000000000000e+00,0.0000000000000000e+00,0.0000000000000000e+00,0.0000000000000000e+00,0.0000000000000000e+00,0.0000000000000000e+00,0.0000000000000000e+00,0.0000000000000000e+00,0.0000000000000000e+00,0.0000000000000000e+00,0.0000000000000000e+00,0.0000000000000000e+00,0.0000000000000000e+00,0.0000000000000000e+00,0.0000000000000000e+00,0.0000000000000000e+00,0.0000000000000000e+00,0.0000000000000000e+00,0.0000000000000000e+00,0.0000000000000000e+00,0.0000000000000000e+00,0.0000000000000000e+00,0.0000000000000000e+00,0.0000000000000000e+00,0.0000000000000000e+00,0.0000000000000000e+00,0.0000000000000000e+00,0.0000000000000000e+00,0.0000000000000000e+00
3.3217663415964593e+00,3.3217663415964593e+00,3.3217663415964593e+00,3.3217663415964593e+00,1.5089951459353670e+00,3.3217663415964593e+00,8.0610799887411544e-01,2.5015856435529757e+00,1.5089951459353670e+00,3.3217663415964593e+00,0.0000000000000000e+00,8.0610799887411544e-01,5.8146702511350989e+00,1.5089951459353670e+00,4.5349515993705412e+00,5.8146702511350989e+00,5.8146702511350989e+00,4.5349515993705412e+00,4.5349515993705412e+00,4.5349515993705412e+00,5.8146702511350989e+00,8.0610799887411544e-01,5.8146702511350989e+00,4.0755126161260149e+00,8.0610799887411544e-01,0.0000000000000000e+00,4.5349515993705412e+00,4.5349515993705412e+00,3.3217663415964593e+00,5.8146702511350989e+00,8.0610799887411544e-01,4.5349515993705412e+00,5.8146702511350989e+00,5.8146702511350989e+00,1.5089951459353670e+00,5.8146702511350989e+00,0.0000000000000000e+00,5.8146702511350989e+00,4.5349515993705412e+00,5.8146702511350989e+00,1.5089951459353670e+00,2.5015856435529757e+00,5.8146702511350989e+00,4.5349515993705412e+00,5.8146702511350989e+00,4.0755126161260149e+00,5.8146702511350989e+00,5.8146702511350989e+00,5.8146702511350989e+00,5.8146702511350989e+00,5.8146702511350989e+00,4.0755126161260149e+00,3.3217663415964593e+00,4.5349515993705412e+00,5.8146702511350989e+00,5.8146702511350989e+00,4.0755126161260149e+00,1.5089951459353670e+00,4.0755126161260149e+00,4.0755126161260149e+00,4.5349515993705412e+00,4.5349515993705412e+00,4.5349515993705412e+00,1.5089951459353670e+00,4.5349515993705412e+00,4.5349515993705412e+00,4.5349515993705412e+00,4.0755126161260149e+00,4.5349515993705412e+00,4.5349515993705412e+00,4.5349515993705412e+00,0.0000000000000000e+00,5.8146702511350989e+00,5.8146702511350989e+00,5.8146702511350989e+00,5.8146702511350989e+00,4.5349515993705412e+00,1.5089951459353670e+00,1.5089951459353670e+00,1.5089951459353670e+00,5.8146702511350989e+00,2.5015856435529757e+00,4.5349515993705412e+00,4.5349515993705412e+00,5.8146702511350989e+00,5.8146702511350989e+00,4.0755126161260149e+00,5.8146702511350989e+00,5.8146702511350989e+00,3.3217663415964593e+00,4.0755126161260149e+00,5.8146702511350989e+00,5.8146702511350989e+00,5.8146702511350989e+00,5.8146702511350989e+00,0.0000000000000000e+00,5.8146702511350989e+00,5.8146702511350989e+00,5.8146702511350989e+00,4.5349515993705412e+00,5.8146702511350989e+00,8.0610799887411544e-01,4.5349515993705412e+00,3.3217663415964593e+00,2.5015856435529757e+00,3.3217663415964593e+00,4.5349515993705412e+00,5.8146702511350989e+00,4.5349515993705412e+00,4.0755126161260149e+00,4.0755126161260149e+00,3.3217663415964593e+00,5.8146702511350989e+00,4.0755126161260149e+00,3.3217663415964593e+00,2.5015856435529757e+00,4.5349515993705412e+00,4.0755126161260149e+00,5.8146702511350989e+00,4.5349515993705412e+00,4.5349515993705412e+00,4.5349515993705412e+00,4.5349515993705412e+00,4.5349515993705412e+00,4.0755126161260149e+00,8.0610799887411544e-01,5.8146702511350989e+00,5.8146702511350989e+00,1.5089951459353670e+00,5.8146702511350989e+00,3.3217663415964593e+00,1.5089951459353670e+00,4.5349515993705412e+00,4.5349515993705412e+00,4.0755126161260149e+00,3.3217663415964593e+00,3.3217663415964593e+00,3.3217663415964593e+00,8.0610799887411544e-01,4.0755126161260149e+00,3.3217663415964593e+00,5.8146702511350989e+00,3.3217663415964593e+00,5.8146702511350989e+00,4.5349515993705412e+00,4.5349515993705412e+00,3.3217663415964593e+00,4.5349515993705412e+00,3.3217663415964593e+00,5.8146702511350989e+00,5.8146702511350989e+00,3.3217663415964593e+00,2.5015856435529757e+00,2.5015856435529757e+00,3.3217663415964593e+00,4.5349515993705412e+00,4.0755126161260149e+00,0.0000000000000000e+00,2.5015856435529757e+00,0.0000000000000000e+00,4.5349515993705412e+00,3.3217663415964593e+00,3.3217663415964593e+00,3.3217663415964593e+00,3.3217663415964593e+00,4.0755126161260149e+00,3.3217663415964593e+00,4.5349515993705412e+00,4.0755126161260149e+00,4.5349515993705412e+00,2.5015856435529757e+00,4.0755126161260149e+00,1.5089951459353670e+00,5.8146702511350989e+00,5.8146702511350989e+00,5.8146702511350989e+00,5.8146702511350989e+00,1.5089951459353670e+00,4.0755126161260149e+00,4.5349515993705412e+00,4.5349515993705412e+00,4.5349515993705412e+00,4.0755126161260149e+00,2.5015856435529757e+00,3.3217663415964593e+00,3.3217663415964593e+00,4.0755126161260149e+00,8.0610799887411544e-01,3.3217663415964593e+00,4.5349515993705412e+00,3.3217663415964593e+00,3.3217663415964593e+00,3.3217663415964593e+00,1.5089951459353670e+00,1.5089951459353670e+00,3.3217663415964593e+00,4.5349515993705412e+00,0.0000000000000000e+00,1.5089951459353670e+00,4.5349515993705412e+00,3.3217663415964593e+00,3.3217663415964593e+00,1.5089951459353670e+00,4.5349515993705412e+00,4.5349515993705412e+00,4.5349515993705412e+00,4.0755126161260149e+00,4.5349515993705412e+00,5.8146702511350989e+00,8.0610799887411544e-01,5.8146702511350989e+00,3.3217663415964593e+00,4.0755126161260149e+00,8.0610799887411544e-01,4.0755126161260149e+00,4.5349515993705412e+00,5.8146702511350989e+00,4.0755126161260149e+00,4.5349515993705412e+00,4.5349515993705412e+00,4.5349515993705412e+00,3.3217663415964593e+00,2.5015856435529757e+00,4.5349515993705412e+00,0.0000000000000000e+00,5.8146702511350989e+00,4.5349515993705412e+00,5.8146702511350989e+00,5.8146702511350989e+00,4.5349515993705412e+00,4.0755126161260149e+00,4.0755126161260149e+00,4.0755126161260149e+00,5.8146702511350989e+00,5.8146702511350989e+00,4.0755126161260149e+00,5.8146702511350989e+00,4.0755126161260149e+00,4.0755126161260149e+00,4.5349515993705412e+00,4.5349515993705412e+00,4.5349515993705412e+00,1.5089951459353670e+00,4.5349515993705412e+00,5.8146702511350989e+00,5.8146702511350989e+00,2.5015856435529757e+00,2.5015856435529757e+00,1.5089951459353670e+00,0.0000000000000000e+00,5.8146702511350989e+00,5.8146702511350989e+00,8.0610799887411544e-01,1.5089951459353670e+00,8.0610799887411544e-01,8.0610799887411544e-01,1.5089951459353670e+00,8.0610799887411544e-01,3.3217663415964593e+00,4.0755126161260149e+00,4.0755126161260149e+00,4.0755126161260149e+00,8.0610799887411544e-01,2.5015856435529757e+00,4.5349515993705412e+00,4.5349515993705412e+00,5.8146702511350989e+00,4.5349515993705412e+00,2.5015856435529757e+00,4.5349515993705412e+00,4.5349515993705412e+00,4.5349515993705412e+00,1.5089951459353670e+00,4.5349515993705412e+00,2.5015856435529757e+00,5.8146702511350989e+00,3.3217663415964593e+00,1.5089951459353670e+00,4.5349515993705412e+00,5.8146702511350989e+00,4.0755126161260149e+00,1.5089951459353670e+00,2.5015856435529757e+00,5.8146702511350989e+00,1.5089951459353670e+00,2.5015856435529757e+00,5.8146702511350989e+00,5.8146702511350989e+00,1.5089951459353670e+00,4.0755126161260149e+00,4.0755126161260149e+00,4.0755126161260149e+00,1.5089951459353670e+00,4.0755126161260149e+00,4.0755126161260149e+00,5.8146702511350989e+00,3.3217663415964593e+00,3.3217663415964593e+00,5.8146702511350989e+00,1.5089951459353670e+00,5.8146702511350989e+00,4.0755126161260149e+00,1.5089951459353670e+00,2.5015856435529757e+00,5.8146702511350989e+00,4.5349515993705412e+00,5.8146702511350989e+00,1.5089951459353670e+00,1.5089951459353670e+00,1.5089951459353670e+00,5.8146702511350989e+00,3.3217663415964593e+00,3.3217663415964593e+00,4.5349515993705412e+00,3.3217663415964593e+00,0.0000000000000000e+00,8.0610799887411544e-01,5.8146702511350989e+00,4.5349515993705412e+00,1.5089951459353670e+00,0.0000000000000000e+00,4.5349515993705412e+00,3.3217663415964593e+00,4.0755126161260149e+00,8.0610799887411544e-01,4.0755126161260149e+00,4.0755126161260149e+00,4.5349515993705412e+00,4.5349515993705412e+00,4.0755126161260149e+00,4.0755126161260149e+00,8.0610799887411544e-01,4.0755126161260149e+00,8.0610799887411544e-01,8.0610799887411544e-01,2.5015856435529757e+00,1.5089951459353670e+00,5.8146702511350989e+00,1.5089951459353670e+00,4.0755126161260149e+00,0.0000000000000000e+00,4.5349515993705412e+00,1.5089951459353670e+00,4.0755126161260149e+00,4.5349515993705412e+00,3.3217663415964593e+00,4.0755126161260149e+00,0.0000000000000000e+00,4.5349515993705412e+00,4.0755126161260149e+00,4.0755126161260149e+00,4.0755126161260149e+00,5.8146702511350989e+00,4.0755126161260149e+00,8.0610799887411544e-01,1.5089951459353670e+00,0.0000000000000000e+00,4.0755126161260149e+00,4.0755126161260149e+00,1.5089951459353670e+00,4.0755126161260149e+00,4.0755126161260149e+00,8.0610799887411544e-01,4.0755126161260149e+00,4.0755126161260149e+00,8.0610799887411544e-01,5.8146702511350989e+00,5.8146702511350989e+00,3.3217663415964593e+00,5.8146702511350989e+00,0.0000000000000000e+00,4.0755126161260149e+00,4.5349515993705412e+00,2.5015856435529757e+00,4.0755126161260149e+00,8.0610799887411544e-01,1.5089951459353670e+00,8.0610799887411544e-01,0.0000000000000000e+00,4.0755126161260149e+00,4.5349515993705412e+00,4.5349515993705412e+00,1.5089951459353670e+00,2.5015856435529757e+00,8.0610799887411544e-01,0.0000000000000000e+00,4.0755126161260149e+00,4.5349515993705412e+00,8.0610799887411544e-01,4.5349515993705412e+00,4.0755126161260149e+00,2.5015856435529757e+00,5.8146702511350989e+00,5.8146702511350989e+00,5.8146702511350989e+00,1.5089951459353670e+00,5.8146702511350989e+00,5.8146702511350989e+00,5.8146702511350989e+00,3.3217663415964593e+00,2.5015856435529757e+00,4.5349515993705412e+00,3.3217663415964593e+00,2.5015856435529757e+00,4.0755126161260149e+00,5.8146702511350989e+00,4.0755126161260149e+00,5.8146702511350989e+00,1.5089951459353670e+00,5.8146702511350989e+00,1.5089951459353670e+00,5.8146702511350989e+00,2.5015856435529757e+00,5.8146702511350989e+00,4.0755126161260149e+00,0.0000000000000000e+00,5.8146702511350989e+00,4.5349515993705412e+00,4.0755126161260149e+00,2.5015856435529757e+00,4.5349515993705412e+00,5.8146702511350989e+00,3.3217663415964593e+00,8.0610799887411544e-01,4.0755126161260149e+00,4.0755126161260149e+00,4.0755126161260149e+00,2.5015856435529757e+00,4.0755126161260149e+00,4.5349515993705412e+00,5.8146702511350989e+00,5.8146702511350989e+00,4.5349515993705412e+00,2.5015856435529757e+00,3.3217663415964593e+00,2.5015856435529757e+00,3.3217663415964593e+00,3.3217663415964593e+00,4.5349515993705412e+00,8.0610799887411544e-01,0.0000000000000000e+00,2.5015856435529757e+00,5.8146702511350989e+00,4.0755126161260149e+00,3.3217663415964593e+00,4.5349515993705412e+00,4.5349515993705412e+00,2.5015856435529757e+00,4.0755126161260149e+00,5.8146702511350989e+00,5.8146702511350989e+00,3.3217663415964593e+00,4.5349515993705412e+00,8.0610799887411544e-01,5.8146702511350989e+00,2.5015856435529757e+00,5.8146702511350989e+00,0.0000000000000000e+00,5.8146702511350989e+00,3.3217663415964593e+00,8.0610799887411544e-01,1.5089951459353670e+00,5.8146702511350989e+00,4.5349515993705412e+00,5.8146702511350989e+00,4.5349515993705412e+00,0.0000000000000000e+00,8.0610799887411544e-01,5.8146702511350989e+00,3.3217663415964593e+00,5.8146702511350989e+00,4.0755126161260149e+00,5.8146702511350989e+00,4.5349515993705412e+00,4.5349515993705412e+00,0.0000000000000000e+00,3.3217663415964593e+00,4.5349515993705412e+00,4.5349515993705412e+00,4.5349515993705412e+00,8.0610799887411544e-01,4.5349515993705412e+00,5.8146702511350989e+00,4.0755126161260149e+00,5.8146702511350989e+00,0.0000000000000000e+00,5.8146702511350989e+00,5.8146702511350989e+00,4.5349515993705412e+00,5.8146702511350989e+00,0.0000000000000000e+00,4.5349515993705412e+00,5.8146702511350989e+00,5.8146702511350989e+00,8.0610799887411544e-01,5.8146702511350989e+00,3.3217663415964593e+00,5.8146702511350989e+00,5.8146702511350989e+00,4.0755126161260149e+00,0.0000000000000000e+00,3.3217663415964593e+00,8.0610799887411544e-01,4.0755126161260149e+00,4.5349515993705412e+00,8.0610799887411544e-01,5.8146702511350989e+00,5.8146702511350989e+00,5.8146702511350989e+00,4.0755126161260149e+00,4.0755126161260149e+00,4.0755126161260149e+00,3.3217663415964593e+00,5.8146702511350989e+00,5.8146702511350989e+00,4.5349515993705412e+00,2.5015856435529757e+00,5.8146702511350989e+00,3.3217663415964593e+00,5.8146702511350989e+00,4.0755126161260149e+00,3.3217663415964593e+00,5.8146702511350989e+00,5.8146702511350989e+00,8.0610799887411544e-01,5.8146702511350989e+00,3.3217663415964593e+00,8.0610799887411544e-01,5.8146702511350989e+00,5.8146702511350989e+00,8.0610799887411544e-01,4.5349515993705412e+00,3.3217663415964593e+00,1.5089951459353670e+00,5.8146702511350989e+00,8.0610799887411544e-01,0.0000000000000000e+00,3.3217663415964593e+00,2.5015856435529757e+00,5.8146702511350989e+00,3.3217663415964593e+00,4.0755126161260149e+00,5.8146702511350989e+00,5.8146702511350989e+00,4.5349515993705412e+00,5.8146702511350989e+00,0.0000000000000000e+00,2.5015856435529757e+00,1.5089951459353670e+00,4.5349515993705412e+00,8.0610799887411544e-01,2.5015856435529757e+00,5.8146702511350989e+00,4.5349515993705412e+00,5.8146702511350989e+00,1.5089951459353670e+00,2.5015856435529757e+00,4.0755126161260149e+00,5.8146702511350989e+00,8.0610799887411544e-01,1.5089951459353670e+00,0.0000000000000000e+00,8.0610799887411544e-01,1.5089951459353670e+00,5.8146702511350989e+00,0.0000000000000000e+00,4.0755126161260149e+00,3.3217663415964593e+00,0.0000000000000000e+00,5.8146702511350989e+00,2.5015856435529757e+00,3.3217663415964593e+00,1.5089951459353670e+00,4.0755126161260149e+00,3.3217663415964593e+00,4.0755126161260149e+00,5.8146702511350989e+00,5.8146702511350989e+00,8.0610799887411544e-01,2.5015856435529757e+00,4.0755126161260149e+00,2.5015856435529757e+00,4.0755126161260149e+00,4.0755126161260149e+00,4.0755126161260149e+00,4.5349515993705412e+00,4.0755126161260149e+00,4.5349515993705412e+00,8.0610799887411544e-01,4.0755126161260149e+00,0.0000000000000000e+00,4.0755126161260149e+00,5.8146702511350989e+00,4.5349515993705412e+00,4.5349515993705412e+00,5.8146702511350989e+00,1.5089951459353670e+00,1.5089951459353670e+00,0.0000000000000000e+00,4.5349515993705412e+00,2.5015856435529757e+00,4.0755126161260149e+00,3.3217663415964593e+00,5.8146702511350989e+00,4.0755126161260149e+00,4.0755126161260149e+00,1.5089951459353670e+00,5.8146702511350989e+00,1.5089951459353670e+00,5.8146702511350989e+00,2.5015856435529757e+00,0.0000000000000000e+00,1.5089951459353670e+00,0.0000000000000000e+00,5.8146702511350989e+00,5.8146702511350989e+00,8.0610799887411544e-01,1.5089951459353670e+00,3.3217663415964593e+00,1.5089951459353670e+00,1.5089951459353670e+00,4.0755126161260149e+00,4.0755126161260149e+00,1.5089951459353670e+00,2.5015856435529757e+00,5.8146702511350989e+00,4.0755126161260149e+00,4.0755126161260149e+00,4.5349515993705412e+00,3.3217663415964593e+00,8.0610799887411544e-01,4.0755126161260149e+00,4.0755126161260149e+00,4.0755126161260149e+00,5.8146702511350989e+00,4.0755126161260149e+00,5.8146702511350989e+00,5.8146702511350989e+00,8.0610799887411544e-01,4.0755126161260149e+00,4.0755126161260149e+00,4.0755126161260149e+00,5.8146702511350989e+00,4.5349515993705412e+00,2.5015856435529757e+00,5.8146702511350989e+00,8.0610799887411544e-01,4.5349515993705412e+00,2.5015856435529757e+00,1.5089951459353670e+00,1.5089951459353670e+00,0.0000000000000000e+00,2.5015856435529757e+00,1.5089951459353670e+00,2.5015856435529757e+00,5.8146702511350989e+00,5.8146702511350989e+00,2.5015856435529757e+00,5.8146702511350989e+00,5.8146702511350989e+00,2.5015856435529757e+00,5.8146702511350989e+00,3.3217663415964593e+00,3.3217663415964593e+00,4.0755126161260149e+00,4.0755126161260149e+00,4.0755126161260149e+00,4.0755126161260149e+00,4.0755126161260149e+00,5.8146702511350989e+00,4.0755126161260149e+00,4.0755126161260149e+00,4.0755126161260149e+00,3.3217663415964593e+00,4.0755126161260149e+00,5.8146702511350989e+00,3.3217663415964593e+00,5.8146702511350989e+00,5.8146702511350989e+00,5.8146702511350989e+00,5.8146702511350989e+00,5.8146702511350989e+00,4.0755126161260149e+00,4.0755126161260149e+00,4.0755126161260149e+00,0.0000000000000000e+00,5.8146702511350989e+00,5.8146702511350989e+00,2.5015856435529757e+00,1.5089951459353670e+00,4.5349515993705412e+00,5.8146702511350989e+00,5.8146702511350989e+00,2.5015856435529757e+00,5.8146702511350989e+00,4.0755126161260149e+00,4.0755126161260149e+00,0.0000000000000000e+00,4.0755126161260149e+00,5.8146702511350989e+00,4.0755126161260149e+00,0.0000000000000000e+00,5.8146702511350989e+00,3.3217663415964593e+00,4.0755126161260149e+00,3.3217663415964593e+00,4.0755126161260149e+00,8.0610799887411544e-01,1.5089951459353670e+00,1.5089951459353670e+00,3.3217663415964593e+00,4.5349515993705412e+00,0.0000000000000000e+00,4.5349515993705412e+00,4.0755126161260149e+00,5.8146702511350989e+00,3.3217663415964593e+00,2.5015856435529757e+00,4.5349515993705412e+00,4.5349515993705412e+00,0.0000000000000000e+00,4.5349515993705412e+00,1.5089951459353670e+00,1.5089951459353670e+00,5.8146702511350989e+00,5.8146702511350989e+00,5.8146702511350989e+00,2.5015856435529757e+00,1.5089951459353670e+00,3.3217663415964593e+00,5.8146702511350989e+00,3.3217663415964593e+00,5.8146702511350989e+00,4.5349515993705412e+00,4.5349515993705412e+00,3.3217663415964593e+00,2.5015856435529757e+00,5.8146702511350989e+00,4.0755126161260149e+00,3.3217663415964593e+00,1.5089951459353670e+00,8.0610799887411544e-01,8.0610799887411544e-01,3.3217663415964593e+00,3.3217663415964593e+00,3.3217663415964593e+00,2.5015856435529757e+00,5.8146702511350989e+00,4.5349515993705412e+00,2.5015856435529757e+00,2.5015856435529757e+00,2.5015856435529757e+00,0.0000000000000000e+00,2.5015856435529757e+00,4.5349515993705412e+00,2.5015856435529757e+00,4.5349515993705412e+00,8.0610799887411544e-01,0.0000000000000000e+00,5.8146702511350989e+00,4.5349515993705412e+00,3.3217663415964593e+00,5.8146702511350989e+00,5.8146702511350989e+00,4.5349515993705412e+00,3.3217663415964593e+00,8.0610799887411544e-01,5.8146702511350989e+00,3.3217663415964593e+00,5.8146702511350989e+00,0.0000000000000000e+00,3.3217663415964593e+00,4.0755126161260149e+00,3.3217663415964593e+00,8.0610799887411544e-01,4.5349515993705412e+00,4.0755126161260149e+00,4.0755126161260149e+00,4.0755126161260149e+00,8.0610799887411544e-01,0.0000000000000000e+00,4.0755126161260149e+00,4.5349515993705412e+00,5.8146702511350989e+00,5.8146702511350989e+00,5.8146702511350989e+00,2.5015856435529757e+00,4.5349515993705412e+00,5.8146702511350989e+00,3.3217663415964593e+00,5.8146702511350989e+00,2.5015856435529757e+00,2.5015856435529757e+00,5.8146702511350989e+00,5.8146702511350989e+00,4.0755126161260149e+00,2.5015856435529757e+00,4.5349515993705412e+00,0.0000000000000000e+00,4.5349515993705412e+00,3.3217663415964593e+00,4.5349515993705412e+00,0.0000000000000000e+00,4.5349515993705412e+00,4.5349515993705412e+00,5.8146702511350989e+00,4.0755126161260149e+00,5.8146702511350989e+00,2.5015856435529757e+00,8.0610799887411544e-01,3.3217663415964593e+00,2.5015856435529757e+00,2.5015856435529757e+00,4.5349515993705412e+00,8.0610799887411544e-01,4.5349515993705412e+00,4.0755126161260149e+00,4.0755126161260149e+00,5.8146702511350989e+00,4.0755126161260149e+00,4.0755126161260149e+00,3.3217663415964593e+00,5.8146702511350989e+00,3.3217663415964593e+00,3.3217663415964593e+00,2.5015856435529757e+00,4.5349515993705412e+00,2.5015856435529757e+00,4.5349515993705412e+00,4.5349515993705412e+00,5.8146702511350989e+00,0.0000000000000000e+00,3.3217663415964593e+00,2.5015856435529757e+00,0.0000000000000000e+00,4.0755126161260149e+00,4.5349515993705412e+00,5.8146702511350989e+00,5.8146702511350989e+00,8.0610799887411544e-01,5.8146702511350989e+00,5.8146702511350989e+00,5.8146702511350989e+00,4.5349515993705412e+00,1.5089951459353670e+00,2.5015856435529757e+00,5.8146702511350989e+00,3.3217663415964593e+00,8.0610799887411544e-01,3.3217663415964593e+00,5.8146702511350989e+00,5.8146702511350989e+00,5.8146702511350989e+00,8.0610799887411544e-01,5.8146702511350989e+00,2.5015856435529757e+00,5.8146702511350989e+00,4.5349515993705412e+00,4.5349515993705412e+00,4.0755126161260149e+00,4.5349515993705412e+00,4.5349515993705412e+00,0.0000000000000000e+00,4.0755126161260149e+00,4.0755126161260149e+00,2.5015856435529757e+00,4.5349515993705412e+00,0.0000000000000000e+00,5.8146702511350989e+00,8.0610799887411544e-01,2.5015856435529757e+00,2.5015856435529757e+00,2.5015856435529757e+00,4.5349515993705412e+00,4.5349515993705412e+00,4.0755126161260149e+00,2.5015856435529757e+00,0.0000000000000000e+00,5.8146702511350989e+00,4.5349515993705412e+00,4.0755126161260149e+00,5.8146702511350989e+00,1.5089951459353670e+00,1.5089951459353670e+00,5.8146702511350989e+00,1.5089951459353670e+00,4.0755126161260149e+00,4.5349515993705412e+00,1.5089951459353670e+00,4.0755126161260149e+00,4.5349515993705412e+00,4.5349515993705412e+00,2.5015856435529757e+00,4.0755126161260149e+00,4.0755126161260149e+00,4.5349515993705412e+00,3.3217663415964593e+00,8.0610799887411544e-01,3.3217663415964593e+00,5.8146702511350989e+00,5.8146702511350989e+00,5.8146702511350989e+00,4.5349515993705412e+00,8.0610799887411544e-01,5.8146702511350989e+00,3.3217663415964593e+00,1.5089951459353670e+00,5.8146702511350989e+00,5.8146702511350989e+00,1.5089951459353670e+00,4.5349515993705412e+00,5.8146702511350989e+00,1.5089951459353670e+00,0.0000000000000000e+00,5.8146702511350989e+00,5.8146702511350989e+00,5.8146702511350989e+00,5.8146702511350989e+00,4.5349515993705412e+00,8.0610799887411544e-01,8.0610799887411544e-01,4.5349515993705412e+00,4.5349515993705412e+00,5.8146702511350989e+00,0.0000000000000000e+00,5.8146702511350989e+00,5.8146702511350989e+00,1.5089951459353670e+00,0.0000000000000000e+00,5.8146702511350989e+00,1.5089951459353670e+00,4.5349515993705412e+00,4.5349515993705412e+00,0.0000000000000000e+00,2.5015856435529757e+00,1.5089951459353670e+00,4.0755126161260149e+00,5.8146702511350989e+00,0.0000000000000000e+00,1.5089951459353670e+00,3.3217663415964593e+00,3.3217663415964593e+00,5.8146702511350989e+00,4.0755126161260149e+00,2.5015856435529757e+00,4.0755126161260149e+00,3.3217663415964593e+00,8.0610799887411544e-01,4.0755126161260149e+00,8.0610799887411544e-01,5.8146702511350989e+00,4.0755126161260149e+00,4.5349515993705412e+00,4.5349515993705412e+00,8.0610799887411544e-01,1.5089951459353670e+00,4.5349515993705412e+00,4.0755126161260149e+00,5.8146702511350989e+00,4.0755126161260149e+00,3.3217663415964593e+00,4.5349515993705412e+00,5.8146702511350989e+00,4.5349515993705412e+00,0.0000000000000000e+00,1.5089951459353670e+00,4.5349515993705412e+00,4.5349515993705412e+00,2.5015856435529757e+00,5.8146702511350989e+00,8.0610799887411544e-01,5.8146702511350989e+00,8.0610799887411544e-01,5.8146702511350989e+00,4.0755126161260149e+00,5.8146702511350989e+00,0.0000000000000000e+00,0.0000000000000000e+00,4.5349515993705412e+00,3.3217663415964593e+00,4.0755126161260149e+00,5.8146702511350989e+00,4.5349515993705412e+00,2.5015856435529757e+00,5.8146702511350989e+00,5.8146702511350989e+00,5.8146702511350989e+00,4.5349515993705412e+00,4.0755126161260149e+00,1.5089951459353670e+00,5.8146702511350989e+00,5.8146702511350989e+00,5.8146702511350989e+00,4.5349515993705412e+00,8.0610799887411544e-01,0.0000000000000000e+00,1.5089951459353670e+00,4.5349515993705412e+00,4.5349515993705412e+00,8.0610799887411544e-01
4.0933801507989376e+00,3.1788913124231493e+00,3.1788913124231493e+00,4.0933801507989376e+00,0.0000000000000000e+00,4.0933801507989376e+00,4.0933801507989376e+00,2.5327553943138699e+00,2.5327553943138699e+00,4.0933801507989376e+00,2.5327553943138699e+00,4.0933801507989376e+00,3.1788913124231493e+00,3.1788913124231493e+00,2.5327553943138699e+00,2.5327553943138699e+00,2.5327553943138699e+00,2.5327553943138699e+00,2.5327553943138699e+00,4.0933801507989376e+00,4.8838178340722811e+00,1.5735540574386628e+00,3.1788913124231493e+00,4.8838178340722811e+00,3.1788913124231493e+00,0.0000000000000000e+00,4.0933801507989376e+00,4.0933801507989376e+00,4.0933801507989376e+00,1.5735540574386628e+00,2.5327553943138699e+00,1.5735540574386628e+00,3.1788913124231493e+00,1.5735540574386628e+00,2.5327553943138699e+00,2.5327553943138699e+00,0.0000000000000000e+00,5.3419044775042126e+00,2.5327553943138699e+00,2.5327553943138699e+00,0.0000000000000000e+00,7.1761470739461219e-01,7.1761470739461219e-01,2.5327553943138699e+00,1.5735540574386628e+00,0.0000000000000000e+00,2.5327553943138699e+00,2.5327553943138699e+00,4.8838178340722811e+00,3.1788913124231493e+00,5.3419044775042126e+00,7.1761470739461219e-01,5.3419044775042126e+00,3.1788913124231493e+00,4.8838178340722811e+00,3.1788913124231493e+00,4.8838178340722811e+00,7.1761470739461219e-01,5.3419044775042126e+00,5.3419044775042126e+00,1.5735540574386628e+00,1.5735540574386628e+00,7.1761470739461219e-01,1.5735540574386628e+00,3.1788913124231493e+00,3.1788913124231493e+00,2.5327553943138699e+00,3.1788913124231493e+00,5.3419044775042126e+00,5.3419044775042126e+00,5.3419044775042126e+00,1.5735540574386628e+00,4.8838178340722811e+00,4.8838178340722811e+00,4.8838178340722811e+00,4.8838178340722811e+00,4.0933801507989376e+00,5.3419044775042126e+00,4.8838178340722811e+00,7.1761470739461219e-01,4.8838178340722811e+00,5.3419044775042126e+00,4.8838178340722811e+00,5.3419044775042126e+00,4.0933801507989376e+00,4.8838178340722811e+00,4.0933801507989376e+00,5.3419044775042126e+00,5.3419044775042126e+00,4.8838178340722811e+00,2.5327553943138699e+00,2.5327553943138699e+00,1.5735540574386628e+00,1.5735540574386628e+00,3.1788913124231493e+00,1.5735540574386628e+00,4.8838178340722811e+00,1.5735540574386628e+00,2.5327553943138699e+00,5.3419044775042126e+00,4.8838178340722811e+00,2.5327553943138699e+00,1.5735540574386628e+00,4.8838178340722811e+00,1.5735540574386628e+00,2.5327553943138699e+00,2.5327553943138699e+00,4.0933801507989376e+00,4.0933801507989376e+00,0.0000000000000000e+00,4.0933801507989376e+00,4.0933801507989376e+00,2.5327553943138699e+00,4.8838178340722811e+00,5.3419044775042126e+00,1.5735540574386628e+00,4.0933801507989376e+00,1.5735540574386628e+00,0.0000000000000000e+00,0.0000000000000000e+00,7.1761470739461219e-01,3.1788913124231493e+00,4.0933801507989376e+00,2.5327553943138699e+00,4.0933801507989376e+00,4.0933801507989376e+00,4.0933801507989376e+00,3.1788913124231493e+00,4.0933801507989376e+00,4.0933801507989376e+00,4.8838178340722811e+00,7.1761470739461219e-01,1.5735540574386628e+00,1.5735540574386628e+00,2.5327553943138699e+00,2.5327553943138699e+00,2.5327553943138699e+00,2.5327553943138699e+00,3.1788913124231493e+00,4.0933801507989376e+00,2.5327553943138699e+00,2.5327553943138699e+00,2.5327553943138699e+00,2.5327553943138699e+00,7.1761470739461219e-01,1.5735540574386628e+00,1.5735540574386628e+00,2.5327553943138699e+00,2.5327553943138699e+00,2.5327553943138699e+00,4.8838178340722811e+00,4.8838178340722811e+00,4.0933801507989376e+00,2.5327553943138699e+00,1.5735540574386628e+00,7.1761470739461219e-01,2.5327553943138699e+00,4.8838178340722811e+00,4.0933801507989376e+00,2.5327553943138699e+00,7.1761470739461219e-01,1.5735540574386628e+00,2.5327553943138699e+00,4.0933801507989376e+00,1.5735540574386628e+00,4.8838178340722811e+00,2.5327553943138699e+00,4.8838178340722811e+00,2.5327553943138699e+00,1.5735540574386628e+00,4.0933801507989376e+00,2.5327553943138699e+00,7.1761470739461219e-01,4.0933801507989376e+00,5.3419044775042126e+00,4.0933801507989376e+00,5.3419044775042126e+00,5.3419044775042126e+00,0.0000000000000000e+00,7.1761470739461219e-01,5.3419044775042126e+00,2.5327553943138699e+00,2.5327553943138699e+00,2.5327553943138699e+00,4.0933801507989376e+00,4.0933801507989376e+00,4.0933801507989376e+00,4.0933801507989376e+00,4.0933801507989376e+00,4.0933801507989376e+00,5.3419044775042126e+00,1.5735540574386628e+00,7.1761470739461219e-01,2.5327553943138699e+00,2.5327553943138699e+00,2.5327553943138699e+00,2.5327553943138699e+00,2.5327553943138699e+00,2.5327553943138699e+00,2.5327553943138699e+00,2.5327553943138699e+00,2.5327553943138699e+00,0.0000000000000000e+00,4.0933801507989376e+00,4.0933801507989376e+00,2.5327553943138699e+00,7.1761470739461219e-01,7.1761470739461219e-01,7.1761470739461219e-01,4.0933801507989376e+00,4.0933801507989376e+00,4.0933801507989376e+00,4.0933801507989376e+00,4.0933801507989376e+00,3.1788913124231493e+00,3.1788913124231493e+00,4.0933801507989376e+00,5.3419044775042126e+00,5.3419044775042126e+00,3.1788913124231493e+00,4.8838178340722811e+00,5.3419044775042126e+00,4.0933801507989376e+00,7.1761470739461219e-01,3.1788913124231493e+00,3.1788913124231493e+00,5.3419044775042126e+00,5.3419044775042126e+00,4.0933801507989376e+00,4.0933801507989376e+00,1.5735540574386628e+00,3.1788913124231493e+00,5.3419044775042126e+00,4.0933801507989376e+00,0.0000000000000000e+00,5.3419044775042126e+00,7.1761470739461219e-01,4.0933801507989376e+00,5.3419044775042126e+00,5.3419044775042126e+00,5.3419044775042126e+00,5.3419044775042126e+00,4.0933801507989376e+00,2.5327553943138699e+00,4.0933801507989376e+00,7.1761470739461219e-01,3.1788913124231493e+00,5.3419044775042126e+00,0.0000000000000000e+00,1.5735540574386628e+00,4.8838178340722811e+00,4.8838178340722811e+00,7.1761470739461219e-01,4.8838178340722811e+00,1.5735540574386628e+00,3.1788913124231493e+00,3.1788913124231493e+00,4.0933801507989376e+00,4.8838178340722811e+00,3.1788913124231493e+00,5.3419044775042126e+00,5.3419044775042126e+00,5.3419044775042126e+00,1.5735540574386628e+00,5.3419044775042126e+00,1.5735540574386628e+00,7.1761470739461219e-01,4.8838178340722811e+00,4.8838178340722811e+00,4.8838178340722811e+00,5.3419044775042126e+00,3.1788913124231493e+00,5.3419044775042126e+00,5.3419044775042126e+00,1.5735540574386628e+00,5.3419044775042126e+00,3.1788913124231493e+00,5.3419044775042126e+00,5.3419044775042126e+00,2.5327553943138699e+00,4.8838178340722811e+00,2.5327553943138699e+00,2.5327553943138699e+00,7.1761470739461219e-01,4.0933801507989376e+00,5.3419044775042126e+00,4.0933801507989376e+00,1.5735540574386628e+00,4.8838178340722811e+00,7.1761470739461219e-01,0.0000000000000000e+00,5.3419044775042126e+00,5.3419044775042126e+00,4.8838178340722811e+00,3.1788913124231493e+00,5.3419044775042126e+00,2.5327553943138699e+00,7.1761470739461219e-01,5.3419044775042126e+00,4.8838178340722811e+00,3.1788913124231493e+00,5.3419044775042126e+00,4.8838178340722811e+00,5.3419044775042126e+00,1.5735540574386628e+00,2.5327553943138699e+00,1.5735540574386628e+00,4.0933801507989376e+00,4.0933801507989376e+00,4.0933801507989376e+00,5.3419044775042126e+00,2.5327553943138699e+00,3.1788913124231493e+00,5.3419044775042126e+00,4.8838178340722811e+00,4.8838178340722811e+00,4.8838178340722811e+00,3.1788913124231493e+00,4.8838178340722811e+00,7.1761470739461219e-01,1.5735540574386628e+00,4.8838178340722811e+00,4.8838178340722811e+00,1.5735540574386628e+00,4.0933801507989376e+00,3.1788913124231493e+00,4.8838178340722811e+00,5.3419044775042126e+00,5.3419044775042126e+00,5.3419044775042126e+00,0.0000000000000000e+00,3.1788913124231493e+00,5.3419044775042126e+00,3.1788913124231493e+00,7.1761470739461219e-01,4.8838178340722811e+00,1.5735540574386628e+00,5.3419044775042126e+00,3.1788913124231493e+00,4.8838178340722811e+00,3.1788913124231493e+00,3.1788913124231493e+00,5.3419044775042126e+00,4.0933801507989376e+00,4.0933801507989376e+00,3.1788913124231493e+00,7.1761470739461219e-01,7.1761470739461219e-01,2.5327553943138699e+00,4.0933801507989376e+00,4.8838178340722811e+00,3.1788913124231493e+00,3.1788913124231493e+00,5.3419044775042126e+00,0.0000000000000000e+00,1.5735540574386628e+00,4.8838178340722811e+00,7.1761470739461219e-01,7.1761470739461219e-01,3.1788913124231493e+00,2.5327553943138699e+00,1.5735540574386628e+00,5.3419044775042126e+00,4.8838178340722811e+00,1.5735540574386628e+00,0.0000000000000000e+00,2.5327553943138699e+00,1.5735540574386628e+00,1.5735540574386628e+00,1.5735540574386628e+00,7.1761470739461219e-01,1.5735540574386628e+00,5.3419044775042126e+00,4.8838178340722811e+00,3.1788913124231493e+00,5.3419044775042126e+00,4.0933801507989376e+00,2.5327553943138699e+00,2.5327553943138699e+00,4.0933801507989376e+00,3.1788913124231493e+00,5.3419044775042126e+00,5.3419044775042126e+00,1.5735540574386628e+00,5.3419044775042126e+00,7.1761470739461219e-01,4.0933801507989376e+00,5.3419044775042126e+00,7.1761470739461219e-01,4.8838178340722811e+00,0.0000000000000000e+00,4.0933801507989376e+00,5.3419044775042126e+00,4.0933801507989376e+00,2.5327553943138699e+00,5.3419044775042126e+00,4.0933801507989376e+00,0.0000000000000000e+00,0.0000000000000000e+00,3.1788913124231493e+00,5.3419044775042126e+00,5.3419044775042126e+00,7.1761470739461219e-01,3.1788913124231493e+00,3.1788913124231493e+00,5.3419044775042126e+00,4.8838178340722811e+00,4.8838178340722811e+00,4.0933801507989376e+00,2.5327553943138699e+00,4.0933801507989376e+00,1.5735540574386628e+00,4.0933801507989376e+00,2.5327553943138699e+00,3.1788913124231493e+00,3.1788913124231493e+00,4.8838178340722811e+00,0.0000000000000000e+00,4.8838178340722811e+00,4.8838178340722811e+00,5.3419044775042126e+00,0.0000000000000000e+00,4.0933801507989376e+00,4.0933801507989376e+00,5.3419044775042126e+00,4.0933801507989376e+00,5.3419044775042126e+00,1.5735540574386628e+00,4.0933801507989376e+00,2.5327553943138699e+00,4.0933801507989376e+00,2.5327553943138699e+00,2.5327553943138699e+00,2.5327553943138699e+00,4.8838178340722811e+00,2.5327553943138699e+00,2.5327553943138699e+00,4.0933801507989376e+00,4.0933801507989376e+00,0.0000000000000000e+00,1.5735540574386628e+00,5.3419044775042126e+00,4.8838178340722811e+00,5.3419044775042126e+00,4.8838178340722811e+00,4.8838178340722811e+00,0.0000000000000000e+00,5.3419044775042126e+00,4.0933801507989376e+00,5.3419044775042126e+00,7.1761470739461219e-01,0.0000000000000000e+00,7.1761470739461219e-01,2.5327553943138699e+00,2.5327553943138699e+00,2.5327553943138699e+00,4.8838178340722811e+00,4.0933801507989376e+00,1.5735540574386628e+00,4.8838178340722811e+00,4.0933801507989376e+00,1.5735540574386628e+00,4.0933801507989376e+00,4.0933801507989376e+00,4.8838178340722811e+00,4.8838178340722811e+00,7.1761470739461219e-01,5.3419044775042126e+00,0.0000000000000000e+00,4.8838178340722811e+00,5.3419044775042126e+00,2.5327553943138699e+00,5.3419044775042126e+00,3.1788913124231493e+00,1.5735540574386628e+00,7.1761470739461219e-01,5.3419044775042126e+00,3.1788913124231493e+00,2.5327553943138699e+00,1.5735540574386628e+00,0.0000000000000000e+00,7.1761470739461219e-01,4.8838178340722811e+00,4.0933801507989376e+00,4.0933801507989376e+00,4.0933801507989376e+00,3.1788913124231493e+00,5.3419044775042126e+00,5.3419044775042126e+00,5.3419044775042126e+00,5.3419044775042126e+00,5.3419044775042126e+00,5.3419044775042126e+00,5.3419044775042126e+00,5.3419044775042126e+00,4.8838178340722811e+00,5.3419044775042126e+00,5.3419044775042126e+00,5.3419044775042126e+00,1.5735540574386628e+00,5.3419044775042126e+00,5.3419044775042126e+00,4.8838178340722811e+00,4.8838178340722811e+00,3.1788913124231493e+00,5.3419044775042126e+00,5.3419044775042126e+00,4.8838178340722811e+00,5.3419044775042126e+00,5.3419044775042126e+00,5.3419044775042126e+00,7.1761470739461219e-01,2.5327553943138699e+00,5.3419044775042126e+00,7.1761470739461219e-01,5.3419044775042126e+00,5.3419044775042126e+00,4.0933801507989376e+00,7.1761470739461219e-01,4.8838178340722811e+00,3.1788913124231493e+00,4.0933801507989376e+00,3.1788913124231493e+00,3.1788913124231493e+00,7.1761470739461219e-01,5.3419044775042126e+00,3.1788913124231493e+00,2.5327553943138699e+00,5.3419044775042126e+00,4.0933801507989376e+00,4.8838178340722811e+00,5.3419044775042126e+00,4.0933801507989376e+00,5.3419044775042126e+00,5.3419044775042126e+00,5.3419044775042126e+00,4.0933801507989376e+00,5.3419044775042126e+00,1.5735540574386628e+00,2.5327553943138699e+00,5.3419044775042126e+00,4.0933801507989376e+00,5.3419044775042126e+00,1.5735540574386628e+00,2.5327553943138699e+00,3.1788913124231493e+00,3.1788913124231493e+00,4.8838178340722811e+00,5.3419044775042126e+00,4.8838178340722811e+00,4.0933801507989376e+00,4.8838178340722811e+00,4.8838178340722811e+00,4.8838178340722811e+00,4.0933801507989376e+00,4.8838178340722811e+00,3.1788913124231493e+00,0.0000000000000000e+00,2.5327553943138699e+00,2.5327553943138699e+00,5.3419044775042126e+00,4.8838178340722811e+00,2.5327553943138699e+00,1.5735540574386628e+00,3.1788913124231493e+00,0.0000000000000000e+00,7.1761470739461219e-01,7.1761470739461219e-01,4.0933801507989376e+00,4.8838178340722811e+00,4.0933801507989376e+00,7.1761470739461219e-01,4.0933801507989376e+00,0.0000000000000000e+00,4.0933801507989376e+00,4.0933801507989376e+00,4.0933801507989376e+00,3.1788913124231493e+00,4.8838178340722811e+00,7.1761470739461219e-01,4.8838178340722811e+00,4.0933801507989376e+00,4.8838178340722811e+00,4.8838178340722811e+00,4.0933801507989376e+00,4.0933801507989376e+00,4.0933801507989376e+00,0.0000000000000000e+00,3.1788913124231493e+00,2.5327553943138699e+00,2.5327553943138699e+00,2.5327553943138699e+00,0.0000000000000000e+00,4.8838178340722811e+00,2.5327553943138699e+00,4.8838178340722811e+00,4.0933801507989376e+00,4.0933801507989376e+00,4.0933801507989376e+00,4.0933801507989376e+00,4.0933801507989376e+00,5.3419044775042126e+00,5.3419044775042126e+00,4.0933801507989376e+00,2.5327553943138699e+00,4.8838178340722811e+00,5.3419044775042126e+00,5.3419044775042126e+00,2.5327553943138699e+00,4.8838178340722811e+00,4.8838178340722811e+00,5.3419044775042126e+00,4.8838178340722811e+00,4.8838178340722811e+00,1.5735540574386628e+00,2.5327553943138699e+00,5.3419044775042126e+00,5.3419044775042126e+00,4.8838178340722811e+00,4.8838178340722811e+00,3.1788913124231493e+00,3.1788913124231493e+00,4.8838178340722811e+00,4.0933801507989376e+00,0.0000000000000000e+00,4.8838178340722811e+00,5.3419044775042126e+00,7.1761470739461219e-01,5.3419044775042126e+00,5.3419044775042126e+00,5.3419044775042126e+00,4.0933801507989376e+00,4.8838178340722811e+00,5.3419044775042126e+00,5.3419044775042126e+00,5.3419044775042126e+00,4.8838178340722811e+00,3.1788913124231493e+00,5.3419044775042126e+00,5.3419044775042126e+00,1.5735540574386628e+00,4.8838178340722811e+00,4.8838178340722811e+00,4.0933801507989376e+00,0.0000000000000000e+00,1.5735540574386628e+00,1.5735540574386628e+00,3.1788913124231493e+00,4.8838178340722811e+00,4.0933801507989376e+00,3.1788913124231493e+00,4.8838178340722811e+00,5.3419044775042126e+00,4.8838178340722811e+00,4.8838178340722811e+00,4.8838178340722811e+00,2.5327553943138699e+00,4.0933801507989376e+00,5.3419044775042126e+00,0.0000000000000000e+00,5.3419044775042126e+00,7.1761470739461219e-01,4.8838178340722811e+00,4.8838178340722811e+00,1.5735540574386628e+00,3.1788913124231493e+00,4.0933801507989376e+00,3.1788913124231493e+00,3.1788913124231493e+00,5.3419044775042126e+00,3.1788913124231493e+00,4.8838178340722811e+00,7.1761470739461219e-01,4.8838178340722811e+00,4.0933801507989376e+00,5.3419044775042126e+00,4.8838178340722811e+00,0.0000000000000000e+00,7.1761470739461219e-01,4.8838178340722811e+00,2.5327553943138699e+00,4.0933801507989376e+00,2.5327553943138699e+00,2.5327553943138699e+00,5.3419044775042126e+00,4.0933801507989376e+00,5.3419044775042126e+00,4.8838178340722811e+00,0.0000000000000000e+00,7.1761470739461219e-01,5.3419044775042126e+00,1.5735540574386628e+00,0.0000000000000000e+00,1.5735540574386628e+00,5.3419044775042126e+00,7.1761470739461219e-01,5.3419044775042126e+00,4.0933801507989376e+00,7.1761470739461219e-01,4.8838178340722811e+00,5.3419044775042126e+00,5.3419044775042126e+00,7.1761470739461219e-01,4.8838178340722811e+00,2.5327553943138699e+00,1.5735540574386628e+00,5.3419044775042126e+00,4.8838178340722811e+00,4.8838178340722811e+00,4.8838178340722811e+00,4.8838178340722811e+00,4.8838178340722811e+00,4.8838178340722811e+00,7.1761470739461219e-01,5.3419044775042126e+00,5.3419044775042126e+00,1.5735540574386628e+00,7.1761470739461219e-01,4.8838178340722811e+00,5.3419044775042126e+00,5.3419044775042126e+00,0.0000000000000000e+00,5.3419044775042126e+00,5.3419044775042126e+00,3.1788913124231493e+00,5.3419044775042126e+00,3.1788913124231493e+00,5.3419044775042126e+00,4.8838178340722811e+00,5.3419044775042126e+00,4.0933801507989376e+00,2.5327553943138699e+00,2.5327553943138699e+00,4.0933801507989376e+00,7.1761470739461219e-01,2.5327553943138699e+00,2.5327553943138699e+00,5.3419044775042126e+00,0.0000000000000000e+00,5.3419044775042126e+00,5.3419044775042126e+00,4.8838178340722811e+00,4.0933801507989376e+00,0.0000000000000000e+00,4.0933801507989376e+00,4.8838178340722811e+00,5.3419044775042126e+00,0.0000000000000000e+00,5.3419044775042126e+00,4.0933801507989376e+00,2.5327553943138699e+00,5.3419044775042126e+00,2.5327553943138699e+00,4.8838178340722811e+00,2.5327553943138699e+00,4.0933801507989376e+00,1.5735540574386628e+00,1.5735540574386628e+00,4.8838178340722811e+00,5.3419044775042126e+00,4.0933801507989376e+00,4.0933801507989376e+00,5.3419044775042126e+00,2.5327553943138699e+00,4.0933801507989376e+00,2.5327553943138699e+00,4.0933801507989376e+00,0.0000000000000000e+00,5.3419044775042126e+00,1.5735540574386628e+00,4.8838178340722811e+00,4.8838178340722811e+00,4.8838178340722811e+00,4.0933801507989376e+00,1.5735540574386628e+00,7.1761470739461219e-01,4.8838178340722811e+00,4.0933801507989376e+00,5.3419044775042126e+00,4.8838178340722811e+00,3.1788913124231493e+00,4.8838178340722811e+00,4.0933801507989376e+00,4.8838178340722811e+00,4.0933801507989376e+00,3.1788913124231493e+00,1.5735540574386628e+00,5.3419044775042126e+00,4.8838178340722811e+00,1.5735540574386628e+00,5.3419044775042126e+00,4.0933801507989376e+00,4.8838178340722811e+00,5.3419044775042126e+00,1.5735540574386628e+00,4.8838178340722811e+00,0.0000000000000000e+00,4.0933801507989376e+00,5.3419044775042126e+00,5.3419044775042126e+00,5.3419044775042126e+00,3.1788913124231493e+00,5.3419044775042126e+00,5.3419044775042126e+00,7.1761470739461219e-01,4.8838178340722811e+00,4.8838178340722811e+00,5.3419044775042126e+00,5.3419044775042126e+00,4.0933801507989376e+00,7.1761470739461219e-01,0.0000000000000000e+00,7.1761470739461219e-01,4.8838178340722811e+00,4.0933801507989376e+00,4.8838178340722811e+00,4.8838178340722811e+00,7.1761470739461219e-01,4.8838178340722811e+00,0.0000000000000000e+00,0.0000000000000000e+00,4.0933801507989376e+00,5.3419044775042126e+00,7.1761470739461219e-01,5.3419044775042126e+00,1.5735540574386628e+00,2.5327553943138699e+00,5.3419044775042126e+00,1.5735540574386628e+00,0.0000000000000000e+00,2.5327553943138699e+00,1.5735540574386628e+00,5.3419044775042126e+00,4.0933801507989376e+00,1.5735540574386628e+00,4.8838178340722811e+00,4.0933801507989376e+00,2.5327553943138699e+00,4.8838178340722811e+00,0.0000000000000000e+00,5.3419044775042126e+00,3.1788913124231493e+00,4.8838178340722811e+00,4.0933801507989376e+00,4.0933801507989376e+00,7.1761470739461219e-01,4.0933801507989376e+00,1.5735540574386628e+00,3.1788913124231493e+00,3.1788913124231493e+00,3.1788913124231493e+00,5.3419044775042126e+00,3.1788913124231493e+00,5.3419044775042126e+00,3.1788913124231493e+00,5.3419044775042126e+00,5.3419044775042126e+00,3.1788913124231493e+00,4.0933801507989376e+00,0.0000000000000000e+00,5.3419044775042126e+00,4.8838178340722811e+00,3.1788913124231493e+00,3.1788913124231493e+00,5.3419044775042126e+00,5.3419044775042126e+00,3.1788913124231493e+00,4.0933801507989376e+00,4.8838178340722811e+00,4.0933801507989376e+00,4.0933801507989376e+00,5.3419044775042126e+00,2.5327553943138699e+00,7.1761470739461219e-01,0.0000000000000000e+00,7.1761470739461219e-01,5.3419044775042126e+00,5.3419044775042126e+00,5.3419044775042126e+00,4.0933801507989376e+00,5.3419044775042126e+00,5.3419044775042126e+00,5.3419044775042126e+00,5.3419044775042126e+00,4.0933801507989376e+00,5.3419044775042126e+00,7.1761470739461219e-01,5.3419044775042126e+00,5.3419044775042126e+00,5.3419044775042126e+00,0.0000000000000000e+00,4.0933801507989376e+00,4.0933801507989376e+00,5.3419044775042126e+00,5.3419044775042126e+00,4.0933801507989376e+00,4.0933801507989376e+00,3.1788913124231493e+00,1.5735540574386628e+00,4.8838178340722811e+00,0.0000000000000000e+00,4.8838178340722811e+00,1.5735540574386628e+00,5.3419044775042126e+00,5.3419044775042126e+00,1.5735540574386628e+00,5.3419044775042126e+00,5.3419044775042126e+00,4.0933801507989376e+00,5.3419044775042126e+00,0.0000000000000000e+00,2.5327553943138699e+00,4.0933801507989376e+00,4.8838178340722811e+00,4.0933801507989376e+00,4.8838178340722811e+00,5.3419044775042126e+00,5.3419044775042126e+00,5.3419044775042126e+00,1.5735540574386628e+00,7.1761470739461219e-01,2.5327553943138699e+00,5.3419044775042126e+00,3.1788913124231493e+00,1.5735540574386628e+00,5.3419044775042126e+00,2.5327553943138699e+00,5.3419044775042126e+00,2.5327553943138699e+00,4.0933801507989376e+00,4.8838178340722811e+00,5.3419044775042126e+00,5.3419044775042126e+00,5.3419044775042126e+00,4.0933801507989376e+00,5.3419044775042126e+00,4.0933801507989376e+00,5.3419044775042126e+00,3.1788913124231493e+00,5.3419044775042126e+00,5.3419044775042126e+00,4.8838178340722811e+00,4.0933801507989376e+00,3.1788913124231493e+00,4.0933801507989376e+00,5.3419044775042126e+00,5.3419044775042126e+00,4.0933801507989376e+00,4.0933801507989376e+00,4.0933801507989376e+00,5.3419044775042126e+00,4.0933801507989376e+00,5.3419044775042126e+00,7.1761470739461219e-01,3.1788913124231493e+00,5.3419044775042126e+00,4.0933801507989376e+00,5.3419044775042126e+00,4.8838178340722811e+00,5.3419044775042126e+00,5.3419044775042126e+00,1.5735540574386628e+00,5.3419044775042126e+00,5.3419044775042126e+00,5.3419044775042126e+00,4.8838178340722811e+00,4.0933801507989376e+00,1.5735540574386628e+00,3.1788913124231493e+00,4.0933801507989376e+00,4.0933801507989376e+00,4.0933801507989376e+00,4.0933801507989376e+00,5.3419044775042126e+00,4.0933801507989376e+00,4.8838178340722811e+00,4.8838178340722811e+00,4.8838178340722811e+00,1.5735540574386628e+00,4.8838178340722811e+00,0.0000000000000000e+00,5.3419044775042126e+00,1.5735540574386628e+00,4.0933801507989376e+00,5.3419044775042126e+00,5.3419044775042126e+00,7.1761470739461219e-01,4.8838178340722811e+00,1.5735540574386628e+00,4.0933801507989376e+00,7.1761470739461219e-01,3.1788913124231493e+00,4.8838178340722811e+00,4.0933801507989376e+00,4.8838178340722811e+00,0.0000000000000000e+00,4.0933801507989376e+00,4.0933801507989376e+00,5.3419044775042126e+00,5.3419044775042126e+00
3.1658847873005254e+00,2.4971611889284446e+00,3.7834194168396147e+00,8.4226259813321924e-01,3.7834194168396147e+00,3.7834194168396147e+00,1.6198889949975275e+00,1.6198889949975275e+00,3.7834194168396147e+00,4.8765675312795809e+00,2.4971611889284446e+00,5.5376119268037476e+00,2.4971611889284446e+00,2.4971611889284446e+00,3.7834194168396147e+00,5.5376119268037476e+00,5.5376119268037476e+00,1.6198889949975275e+00,5.5376119268037476e+00,5.5376119268037476e+00,5.5376119268037476e+00,5.5376119268037476e+00,3.7834194168396147e+00,3.1658847873005254e+00,0.0000000000000000e+00,0.0000000000000000e+00,3.7834194168396147e+00,3.7834194168396147e+00,2.4971611889284446e+00,0.0000000000000000e+00,5.5376119268037476e+00,5.5376119268037476e+00,5.5376119268037476e+00,5.5376119268037476e+00,3.7834194168396147e+00,3.7834194168396147e+00,3.7834194168396147e+00,3.7834194168396147e+00,2.4971611889284446e+00,8.4226259813321924e-01,4.8765675312795809e+00,5.5376119268037476e+00,5.5376119268037476e+00,3.7834194168396147e+00,2.4971611889284446e+00,8.4226259813321924e-01,3.7834194168396147e+00,3.7834194168396147e+00,5.5376119268037476e+00,3.7834194168396147e+00,3.7834194168396147e+00,2.4971611889284446e+00,1.6198889949975275e+00,5.5376119268037476e+00,2.4971611889284446e+00,2.4971611889284446e+00,3.7834194168396147e+00,3.7834194168396147e+00,3.7834194168396147e+00,3.7834194168396147e+00,0.0000000000000000e+00,3.7834194168396147e+00,8.4226259813321924e-01,2.4971611889284446e+00,4.8765675312795809e+00,3.7834194168396147e+00,5.5376119268037476e+00,4.8765675312795809e+00,3.7834194168396147e+00,4.8765675312795809e+00,8.4226259813321924e-01,1.6198889949975275e+00,1.6198889949975275e+00,2.4971611889284446e+00,0.0000000000000000e+00,8.4226259813321924e-01,4.8765675312795809e+00,4.8765675312795809e+00,4.8765675312795809e+00,4.8765675312795809e+00,1.6198889949975275e+00,3.7834194168396147e+00,3.7834194168396147e+00,3.7834194168396147e+00,3.7834194168396147e+00,8.4226259813321924e-01,3.7834194168396147e+00,3.7834194168396147e+00,4.8765675312795809e+00,8.4226259813321924e-01,4.8765675312795809e+00,3.7834194168396147e+00,5.5376119268037476e+00,4.8765675312795809e+00,5.5376119268037476e+00,3.7834194168396147e+00,0.0000000000000000e+00,2.4971611889284446e+00,3.7834194168396147e+00,2.4971611889284446e+00,8.4226259813321924e-01,1.6198889949975275e+00,1.6198889949975275e+00,5.5376119268037476e+00,3.1658847873005254e+00,3.7834194168396147e+00,3.7834194168396147e+00,3.7834194168396147e+00,1.6198889949975275e+00,3.7834194168396147e+00,1.6198889949975275e+00,8.4226259813321924e-01,1.6198889949975275e+00,5.5376119268037476e+00,1.6198889949975275e+00,1.6198889949975275e+00,1.6198889949975275e+00,3.7834194168396147e+00,0.0000000000000000e+00,0.0000000000000000e+00,4.8765675312795809e+00,3.1658847873005254e+00,8.4226259813321924e-01,5.5376119268037476e+00,2.4971611889284446e+00,2.4971611889284446e+00,2.4971611889284446e+00,2.4971611889284446e+00,2.4971611889284446e+00,2.4971611889284446e+00,4.8765675312795809e+00,5.5376119268037476e+00,3.7834194168396147e+00,5.5376119268037476e+00,2.4971611889284446e+00,2.4971611889284446e+00,5.5376119268037476e+00,3.7834194168396147e+00,5.5376119268037476e+00,4.8765675312795809e+00,3.7834194168396147e+00,1.6198889949975275e+00,5.5376119268037476e+00,3.1658847873005254e+00,3.1658847873005254e+00,1.6198889949975275e+00,1.6198889949975275e+00,4.8765675312795809e+00,3.1658847873005254e+00,5.5376119268037476e+00,5.5376119268037476e+00,5.5376119268037476e+00,8.4226259813321924e-01,1.6198889949975275e+00,1.6198889949975275e+00,5.5376119268037476e+00,5.5376119268037476e+00,8.4226259813321924e-01,2.4971611889284446e+00,2.4971611889284446e+00,2.4971611889284446e+00,5.5376119268037476e+00,3.1658847873005254e+00,5.5376119268037476e+00,5.5376119268037476e+00,5.5376119268037476e+00,8.4226259813321924e-01,4.8765675312795809e+00,5.5376119268037476e+00,1.6198889949975275e+00,3.1658847873005254e+00,4.8765675312795809e+00,2.4971611889284446e+00,5.5376119268037476e+00,2.4971611889284446e+00,0.0000000000000000e+00,2.4971611889284446e+00,5.5376119268037476e+00,3.7834194168396147e+00,3.1658847873005254e+00,4.8765675312795809e+00,5.5376119268037476e+00,5.5376119268037476e+00,5.5376119268037476e+00,5.5376119268037476e+00,3.7834194168396147e+00,8.4226259813321924e-01,8.4226259813321924e-01,5.5376119268037476e+00,4.8765675312795809e+00,5.5376119268037476e+00,8.4226259813321924e-01,5.5376119268037476e+00,3.1658847873005254e+00,4.8765675312795809e+00,8.4226259813321924e-01,4.8765675312795809e+00,2.4971611889284446e+00,8.4226259813321924e-01,2.4971611889284446e+00,2.4971611889284446e+00,5.5376119268037476e+00,3.1658847873005254e+00,2.4971611889284446e+00,0.0000000000000000e+00,2.4971611889284446e+00,3.7834194168396147e+00,3.7834194168396147e+00,5.5376119268037476e+00,3.7834194168396147e+00,5.5376119268037476e+00,0.0000000000000000e+00,1.6198889949975275e+00,3.7834194168396147e+00,3.7834194168396147e+00,1.6198889949975275e+00,3.1658847873005254e+00,8.4226259813321924e-01,1.6198889949975275e+00,3.1658847873005254e+00,5.5376119268037476e+00,8.4226259813321924e-01,1.6198889949975275e+00,1.6198889949975275e+00,3.7834194168396147e+00,1.6198889949975275e+00,0.0000000000000000e+00,3.1658847873005254e+00,3.7834194168396147e+00,4.8765675312795809e+00,3.1658847873005254e+00,1.6198889949975275e+00,5.5376119268037476e+00,4.8765675312795809e+00,4.8765675312795809e+00,4.8765675312795809e+00,0.0000000000000000e+00,0.0000000000000000e+00,5.5376119268037476e+00,0.0000000000000000e+00,0.0000000000000000e+00,4.8765675312795809e+00,2.4971611889284446e+00,5.5376119268037476e+00,2.4971611889284446e+00,2.4971611889284446e+00,5.5376119268037476e+00,4.8765675312795809e+00,5.5376119268037476e+00,0.0000000000000000e+00,4.8765675312795809e+00,0.0000000000000000e+00,5.5376119268037476e+00,3.7834194168396147e+00,5.5376119268037476e+00,5.5376119268037476e+00,2.4971611889284446e+00,2.4971611889284446e+00,2.4971611889284446e+00,3.1658847873005254e+00,0.0000000000000000e+00,8.4226259813321924e-01,3.1658847873005254e+00,1.6198889949975275e+00,5.5376119268037476e+00,3.1658847873005254e+00,5.5376119268037476e+00,5.5376119268037476e+00,5.5376119268037476e+00,2.4971611889284446e+00,0.0000000000000000e+00,4.8765675312795809e+00,3.7834194168396147e+00,3.7834194168396147e+00,3.7834194168396147e+00,3.7834194168396147e+00,5.5376119268037476e+00,5.5376119268037476e+00,5.5376119268037476e+00,1.6198889949975275e+00,5.5376119268037476e+00,1.6198889949975275e+00,4.8765675312795809e+00,5.5376119268037476e+00,4.8765675312795809e+00,5.5376119268037476e+00,1.6198889949975275e+00,5.5376119268037476e+00,5.5376119268037476e+00,5.5376119268037476e+00,3.7834194168396147e+00,3.1658847873005254e+00,5.5376119268037476e+00,8.4226259813321924e-01,5.5376119268037476e+00,3.7834194168396147e+00,0.0000000000000000e+00,3.7834194168396147e+00,1.6198889949975275e+00,2.4971611889284446e+00,5.5376119268037476e+00,8.4226259813321924e-01,5.5376119268037476e+00,2.4971611889284446e+00,1.6198889949975275e+00,5.5376119268037476e+00,1.6198889949975275e+00,3.1658847873005254e+00,0.0000000000000000e+00,1.6198889949975275e+00,3.1658847873005254e+00,1.6198889949975275e+00,3.1658847873005254e+00,3.1658847873005254e+00,1.6198889949975275e+00,3.1658847873005254e+00,5.5376119268037476e+00,8.4226259813321924e-01,1.6198889949975275e+00,3.1658847873005254e+00,1.6198889949975275e+00,4.8765675312795809e+00,8.4226259813321924e-01,1.6198889949975275e+00,0.0000000000000000e+00,1.6198889949975275e+00,3.7834194168396147e+00,3.7834194168396147e+00,5.5376119268037476e+00,3.1658847873005254e+00,1.6198889949975275e+00,5.5376119268037476e+00,8.4226259813321924e-01,3.1658847873005254e+00,3.1658847873005254e+00,1.6198889949975275e+00,1.6198889949975275e+00,3.7834194168396147e+00,2.4971611889284446e+00,3.1658847873005254e+00,3.1658847873005254e+00,3.7834194168396147e+00,8.4226259813321924e-01,3.1658847873005254e+00,3.7834194168396147e+00,2.4971611889284446e+00,2.4971611889284446e+00,2.4971611889284446e+00,3.1658847873005254e+00,5.5376119268037476e+00,5.5376119268037476e+00,2.4971611889284446e+00,5.5376119268037476e+00,3.1658847873005254e+00,3.7834194168396147e+00,3.7834194168396147e+00,3.7834194168396147e+00,3.1658847873005254e+00,5.5376119268037476e+00,3.1658847873005254e+00,5.5376119268037476e+00,3.7834194168396147e+00,3.7834194168396147e+00,0.0000000000000000e+00,4.8765675312795809e+00,5.5376119268037476e+00,5.5376119268037476e+00,5.5376119268037476e+00,4.8765675312795809e+00,3.7834194168396147e+00,5.5376119268037476e+00,5.5376119268037476e+00,5.5376119268037476e+00,4.8765675312795809e+00,5.5376119268037476e+00,3.7834194168396147e+00,1.6198889949975275e+00,3.7834194168396147e+00,4.8765675312795809e+00,4.8765675312795809e+00,4.8765675312795809e+00,4.8765675312795809e+00,4.8765675312795809e+00,5.5376119268037476e+00,5.5376119268037476e+00,3.7834194168396147e+00,1.6198889949975275e+00,3.7834194168396147e+00,3.7834194168396147e+00,3.1658847873005254e+00,5.5376119268037476e+00,1.6198889949975275e+00,4.8765675312795809e+00,5.5376119268037476e+00,4.8765675312795809e+00,2.4971611889284446e+00,3.1658847873005254e+00,3.1658847873005254e+00,5.5376119268037476e+00,8.4226259813321924e-01,2.4971611889284446e+00,3.1658847873005254e+00,5.5376119268037476e+00,4.8765675312795809e+00,5.5376119268037476e+00,2.4971611889284446e+00,1.6198889949975275e+00,5.5376119268037476e+00,4.8765675312795809e+00,8.4226259813321924e-01,3.7834194168396147e+00,1.6198889949975275e+00,5.5376119268037476e+00,5.5376119268037476e+00,1.6198889949975275e+00,5.5376119268037476e+00,5.5376119268037476e+00,4.8765675312795809e+00,0.0000000000000000e+00,1.6198889949975275e+00,0.0000000000000000e+00,3.1658847873005254e+00,2.4971611889284446e+00,3.1658847873005254e+00,4.8765675312795809e+00,2.4971611889284446e+00,3.7834194168396147e+00,3.7834194168396147e+00,3.1658847873005254e+00,0.0000000000000000e+00,5.5376119268037476e+00,3.7834194168396147e+00,5.5376119268037476e+00,3.7834194168396147e+00,8.4226259813321924e-01,3.7834194168396147e+00,4.8765675312795809e+00,5.5376119268037476e+00,4.8765675312795809e+00,4.8765675312795809e+00,5.5376119268037476e+00,2.4971611889284446e+00,5.5376119268037476e+00,5.5376119268037476e+00,5.5376119268037476e+00,5.5376119268037476e+00,5.5376119268037476e+00,4.8765675312795809e+00,5.5376119268037476e+00,5.5376119268037476e+00,3.1658847873005254e+00,1.6198889949975275e+00,5.5376119268037476e+00,5.5376119268037476e+00,5.5376119268037476e+00,4.8765675312795809e+00,2.4971611889284446e+00,5.5376119268037476e+00,0.0000000000000000e+00,3.1658847873005254e+00,4.8765675312795809e+00,5.5376119268037476e+00,3.7834194168396147e+00,3.7834194168396147e+00,2.4971611889284446e+00,4.8765675312795809e+00,1.6198889949975275e+00,3.1658847873005254e+00,4.8765675312795809e+00,2.4971611889284446e+00,0.0000000000000000e+00,3.7834194168396147e+00,3.7834194168396147e+00,4.8765675312795809e+00,4.8765675312795809e+00,3.1658847873005254e+00,8.4226259813321924e-01,3.7834194168396147e+00,0.0000000000000000e+00,1.6198889949975275e+00,1.6198889949975275e+00,0.0000000000000000e+00,3.7834194168396147e+00,2.4971611889284446e+00,4.8765675312795809e+00,4.8765675312795809e+00,2.4971611889284446e+00,3.1658847873005254e+00,1.6198889949975275e+00,0.0000000000000000e+00,3.1658847873005254e+00,3.1658847873005254e+00,4.8765675312795809e+00,1.6198889949975275e+00,5.5376119268037476e+00,1.6198889949975275e+00,5.5376119268037476e+00,4.8765675312795809e+00,3.7834194168396147e+00,1.6198889949975275e+00,5.5376119268037476e+00,2.4971611889284446e+00,5.5376119268037476e+00,5.5376119268037476e+00,5.5376119268037476e+00,3.7834194168396147e+00,5.5376119268037476e+00,4.8765675312795809e+00,3.7834194168396147e+00,5.5376119268037476e+00,3.7834194168396147e+00,2.4971611889284446e+00,8.4226259813321924e-01,4.8765675312795809e+00,5.5376119268037476e+00,5.5376119268037476e+00,3.7834194168396147e+00,5.5376119268037476e+00,8.4226259813321924e-01,3.7834194168396147e+00,5.5376119268037476e+00,3.7834194168396147e+00,4.8765675312795809e+00,5.5376119268037476e+00,3.7834194168396147e+00,4.8765675312795809e+00,4.8765675312795809e+00,5.5376119268037476e+00,0.0000000000000000e+00,4.8765675312795809e+00,5.5376119268037476e+00,3.1658847873005254e+00,0.0000000000000000e+00,1.6198889949975275e+00,3.1658847873005254e+00,3.7834194168396147e+00,3.7834194168396147e+00,5.5376119268037476e+00,8.4226259813321924e-01,5.5376119268037476e+00,8.4226259813321924e-01,3.7834194168396147e+00,5.5376119268037476e+00,5.5376119268037476e+00,0.0000000000000000e+00,5.5376119268037476e+00,3.7834194168396147e+00,3.7834194168396147e+00,3.7834194168396147e+00,4.8765675312795809e+00,3.7834194168396147e+00,3.7834194168396147e+00,3.7834194168396147e+00,3.7834194168396147e+00,8.4226259813321924e-01,3.7834194168396147e+00,3.7834194168396147e+00,3.1658847873005254e+00,4.8765675312795809e+00,3.1658847873005254e+00,5.5376119268037476e+00,3.1658847873005254e+00,3.1658847873005254e+00,5.5376119268037476e+00,0.0000000000000000e+00,4.8765675312795809e+00,4.8765675312795809e+00,4.8765675312795809e+00,0.0000000000000000e+00,3.7834194168396147e+00,3.1658847873005254e+00,5.5376119268037476e+00,2.4971611889284446e+00,2.4971611889284446e+00,3.7834194168396147e+00,5.5376119268037476e+00,4.8765675312795809e+00,4.8765675312795809e+00,4.8765675312795809e+00,3.1658847873005254e+00,5.5376119268037476e+00,4.8765675312795809e+00,4.8765675312795809e+00,3.7834194168396147e+00,2.4971611889284446e+00,3.7834194168396147e+00,8.4226259813321924e-01,1.6198889949975275e+00,4.8765675312795809e+00,8.4226259813321924e-01,1.6198889949975275e+00,5.5376119268037476e+00,3.7834194168396147e+00,5.5376119268037476e+00,3.7834194168396147e+00,3.7834194168396147e+00,5.5376119268037476e+00,5.5376119268037476e+00,2.4971611889284446e+00,8.4226259813321924e-01,5.5376119268037476e+00,0.0000000000000000e+00,4.8765675312795809e+00,3.1658847873005254e+00,3.1658847873005254e+00,3.1658847873005254e+00,1.6198889949975275e+00,5.5376119268037476e+00,8.4226259813321924e-01,8.4226259813321924e-01,0.0000000000000000e+00,3.1658847873005254e+00,0.0000000000000000e+00,5.5376119268037476e+00,1.6198889949975275e+00,8.4226259813321924e-01,0.0000000000000000e+00,3.7834194168396147e+00,8.4226259813321924e-01,2.4971611889284446e+00,3.7834194168396147e+00,3.1658847873005254e+00,3.1658847873005254e+00,0.0000000000000000e+00,4.8765675312795809e+00,3.7834194168396147e+00,3.7834194168396147e+00,3.7834194168396147e+00,1.6198889949975275e+00,4.8765675312795809e+00,5.5376119268037476e+00,4.8765675312795809e+00,4.8765675312795809e+00,3.7834194168396147e+00,3.7834194168396147e+00,3.7834194168396147e+00,5.5376119268037476e+00,5.5376119268037476e+00,4.8765675312795809e+00,3.7834194168396147e+00,3.7834194168396147e+00,3.7834194168396147e+00,0.0000000000000000e+00,3.7834194168396147e+00,0.0000000000000000e+00,3.1658847873005254e+00,1.6198889949975275e+00,3.7834194168396147e+00,4.8765675312795809e+00,2.4971611889284446e+00,2.4971611889284446e+00,8.4226259813321924e-01,0.0000000000000000e+00,4.8765675312795809e+00,3.1658847873005254e+00,0.0000000000000000e+00,5.5376119268037476e+00,5.5376119268037476e+00,5.5376119268037476e+00,4.8765675312795809e+00,4.8765675312795809e+00,3.1658847873005254e+00,1.6198889949975275e+00,5.5376119268037476e+00,2.4971611889284446e+00,4.8765675312795809e+00,4.8765675312795809e+00,1.6198889949975275e+00,3.7834194168396147e+00,1.6198889949975275e+00,2.4971611889284446e+00,1.6198889949975275e+00,5.5376119268037476e+00,3.7834194168396147e+00,3.7834194168396147e+00,4.8765675312795809e+00,3.1658847873005254e+00,5.5376119268037476e+00,8.4226259813321924e-01,2.4971611889284446e+00,3.1658847873005254e+00,1.6198889949975275e+00,2.4971611889284446e+00,0.0000000000000000e+00,8.4226259813321924e-01,3.1658847873005254e+00,8.4226259813321924e-01,3.1658847873005254e+00,4.8765675312795809e+00,4.8765675312795809e+00,2.4971611889284446e+00,4.8765675312795809e+00,3.7834194168396147e+00,3.7834194168396147e+00,8.4226259813321924e-01,4.8765675312795809e+00,3.7834194168396147e+00,5.5376119268037476e+00,5.5376119268037476e+00,5.5376119268037476e+00,5.5376119268037476e+00,0.0000000000000000e+00,3.7834194168396147e+00,5.5376119268037476e+00,5.5376119268037476e+00,5.5376119268037476e+00,4.8765675312795809e+00,3.7834194168396147e+00,5.5376119268037476e+00,4.8765675312795809e+00,4.8765675312795809e+00,3.7834194168396147e+00,4.8765675312795809e+00,4.8765675312795809e+00,4.8765675312795809e+00,3.7834194168396147e+00,8.4226259813321924e-01,4.8765675312795809e+00,1.6198889949975275e+00,3.7834194168396147e+00,0.0000000000000000e+00,2.4971611889284446e+00,3.7834194168396147e+00,4.8765675312795809e+00,1.6198889949975275e+00,5.5376119268037476e+00,4.8765675312795809e+00,2.4971611889284446e+00,3.7834194168396147e+00,8.4226259813321924e-01,3.7834194168396147e+00,4.8765675312795809e+00,3.7834194168396147e+00,2.4971611889284446e+00,8.4226259813321924e-01,2.4971611889284446e+00,2.4971611889284446e+00,0.0000000000000000e+00,1.6198889949975275e+00,1.6198889949975275e+00,3.7834194168396147e+00,0.0000000000000000e+00,5.5376119268037476e+00,2.4971611889284446e+00,2.4971611889284446e+00,3.1658847873005254e+00,3.1658847873005254e+00,2.4971611889284446e+00,3.7834194168396147e+00,1.6198889949975275e+00,8.4226259813321924e-01,2.4971611889284446e+00,2.4971611889284446e+00,3.1658847873005254e+00,3.7834194168396147e+00,1.6198889949975275e+00,2.4971611889284446e+00,8.4226259813321924e-01,3.7834194168396147e+00,1.6198889949975275e+00,8.4226259813321924e-01,5.5376119268037476e+00,1.6198889949975275e+00,3.7834194168396147e+00,5.5376119268037476e+00,5.5376119268037476e+00,4.8765675312795809e+00,0.0000000000000000e+00,2.4971611889284446e+00,1.6198889949975275e+00,1.6198889949975275e+00,3.1658847873005254e+00,3.7834194168396147e+00,3.7834194168396147e+00,3.7834194168396147e+00,3.7834194168396147e+00,3.7834194168396147e+00,2.4971611889284446e+00,4.8765675312795809e+00,3.1658847873005254e+00,3.1658847873005254e+00,2.4971611889284446e+00,2.4971611889284446e+00,3.1658847873005254e+00,2.4971611889284446e+00,1.6198889949975275e+00,4.8765675312795809e+00,4.8765675312795809e+00,3.7834194168396147e+00,3.7834194168396147e+00,5.5376119268037476e+00,5.5376119268037476e+00,5.5376119268037476e+00,3.1658847873005254e+00,3.7834194168396147e+00,4.8765675312795809e+00,3.1658847873005254e+00,0.0000000000000000e+00,0.0000000000000000e+00,3.7834194168396147e+00,2.4971611889284446e+00,5.5376119268037476e+00,0.0000000000000000e+00,5.5376119268037476e+00,3.7834194168396147e+00,3.1658847873005254e+00,3.1658847873005254e+00,3.1658847873005254e+00,0.0000000000000000e+00,8.4226259813321924e-01,3.7834194168396147e+00,0.0000000000000000e+00,2.4971611889284446e+00,3.7834194168396147e+00,3.1658847873005254e+00,1.6198889949975275e+00,4.8765675312795809e+00,1.6198889949975275e+00,8.4226259813321924e-01,3.7834194168396147e+00,5.5376119268037476e+00,3.7834194168396147e+00,3.7834194168396147e+00,3.1658847873005254e+00,3.7834194168396147e+00,3.7834194168396147e+00,3.7834194168396147e+00,5.5376119268037476e+00,5.5376119268037476e+00,5.5376119268037476e+00,1.6198889949975275e+00,5.5376119268037476e+00,8.4226259813321924e-01,5.5376119268037476e+00,1.6198889949975275e+00,4.8765675312795809e+00,3.1658847873005254e+00,0.0000000000000000e+00,4.8765675312795809e+00,4.8765675312795809e+00,2.4971611889284446e+00,4.8765675312795809e+00,5.5376119268037476e+00,4.8765675312795809e+00,4.8765675312795809e+00,4.8765675312795809e+00,5.5376119268037476e+00,0.0000000000000000e+00,3.1658847873005254e+00,5.5376119268037476e+00,2.4971611889284446e+00,2.4971611889284446e+00,5.5376119268037476e+00,3.1658847873005254e+00,0.0000000000000000e+00,5.5376119268037476e+00,5.5376119268037476e+00,1.6198889949975275e+00,5.5376119268037476e+00,2.4971611889284446e+00,3.7834194168396147e+00,5.5376119268037476e+00,3.7834194168396147e+00,3.7834194168396147e+00,3.1658847873005254e+00,4.8765675312795809e+00,1.6198889949975275e+00,2.4971611889284446e+00,3.1658847873005254e+00,5.5376119268037476e+00,5.5376119268037476e+00,3.7834194168396147e+00,4.8765675312795809e+00,2.4971611889284446e+00,3.1658847873005254e+00,1.6198889949975275e+00,8.4226259813321924e-01,8.4226259813321924e-01,0.0000000000000000e+00,0.0000000000000000e+00,5.5376119268037476e+00,4.8765675312795809e+00,0.0000000000000000e+00,2.4971611889284446e+00,2.4971611889284446e+00,2.4971611889284446e+00,2.4971611889284446e+00,2.4971611889284446e+00,2.4971611889284446e+00,1.6198889949975275e+00,1.6198889949975275e+00,5.5376119268037476e+00,5.5376119268037476e+00,3.7834194168396147e+00,5.5376119268037476e+00,4.8765675312795809e+00,3.1658847873005254e+00,5.5376119268037476e+00,5.5376119268037476e+00,5.5376119268037476e+00,8.4226259813321924e-01,5.5376119268037476e+00,8.4226259813321924e-01,1.6198889949975275e+00,5.5376119268037476e+00,3.7834194168396147e+00,3.7834194168396147e+00,5.5376119268037476e+00,3.7834194168396147e+00,3.7834194168396147e+00,3.7834194168396147e+00,3.7834194168396147e+00,2.4971611889284446e+00,3.7834194168396147e+00,2.4971611889284446e+00,3.7834194168396147e+00,3.7834194168396147e+00,5.5376119268037476e+00,2.4971611889284446e+00,3.1658847873005254e+00,4.8765675312795809e+00,4.8765675312795809e+00,3.7834194168396147e+00,5.5376119268037476e+00,4.8765675312795809e+00,2.4971611889284446e+00,3.7834194168396147e+00,3.1658847873005254e+00,3.7834194168396147e+00,3.1658847873005254e+00,3.7834194168396147e+00,3.7834194168396147e+00,2.4971611889284446e+00,5.5376119268037476e+00,5.5376119268037476e+00,5.5376119268037476e+00,1.6198889949975275e+00,1.6198889949975275e+00,8.4226259813321924e-01,8.4226259813321924e-01,4.8765675312795809e+00,5.5376119268037476e+00,4.8765675312795809e+00,5.5376119268037476e+00,5.5376119268037476e+00,5.5376119268037476e+00,5.5376119268037476e+00,3.7834194168396147e+00,5.5376119268037476e+00,5.5376119268037476e+00,5.5376119268037476e+00,4.8765675312795809e+00,4.8765675312795809e+00,5.5376119268037476e+00,5.5376119268037476e+00,5.5376119268037476e+00,4.8765675312795809e+00,4.8765675312795809e+00,5.5376119268037476e+00,4.8765675312795809e+00,4.8765675312795809e+00,3.1658847873005254e+00,5.5376119268037476e+00,0.0000000000000000e+00,4.8765675312795809e+00,3.1658847873005254e+00,0.0000000000000000e+00,4.8765675312795809e+00,2.4971611889284446e+00,2.4971611889284446e+00,3.1658847873005254e+00,5.5376119268037476e+00,4.8765675312795809e+00,3.7834194168396147e+00,3.7834194168396147e+00,3.7834194168396147e+00,4.8765675312795809e+00,2.4971611889284446e+00,0.0000000000000000e+00,2.4971611889284446e+00,3.7834194168396147e+00,8.4226259813321924e-01,4.8765675312795809e+00,5.5376119268037476e+00,3.7834194168396147e+00,3.1658847873005254e+00,4.8765675312795809e+00,4.8765675312795809e+00,8.4226259813321924e-01,1.6198889949975275e+00,4.8765675312795809e+00,5.5376119268037476e+00,1.6198889949975275e+00,3.1658847873005254e+00,5.5376119268037476e+00,3.7834194168396147e+00,5.5376119268037476e+00,3.1658847873005254e+00,2.4971611889284446e+00,5.5376119268037476e+00
8.0838633230113066e-01,8.0838633230113066e-01,8.0838633230113066e-01,8.0838633230113066e-01,3.2514065243025692e+00,4.0823077566288433e+00,3.2514065243025692e+00,3.2514065243025692e+00,5.3426209280749761e+00,5.3426209280749761e+00,4.0823077566288433e+00,4.0823077566288433e+00,5.3426209280749761e+00,5.3426209280749761e+00,5.3426209280749761e+00,5.3426209280749761e+00,4.0823077566288433e+00,4.0823077566288433e+00,4.0823077566288433e+00,4.8827239808290228e+00,5.3426209280749761e+00,2.5563030037799339e+00,5.3426209280749761e+00,5.3426209280749761e+00,5.3426209280749761e+00,5.3426209280749761e+00,4.0823077566288433e+00,5.3426209280749761e+00,4.0823077566288433e+00,3.2514065243025692e+00,3.2514065243025692e+00,4.8827239808290228e+00,3.2514065243025692e+00,5.3426209280749761e+00,5.3426209280749761e+00,3.2514065243025692e+00,3.2514065243025692e+00,4.8827239808290228e+00,4.8827239808290228e+00,4.8827239808290228e+00,4.8827239808290228e+00,4.8827239808290228e+00,4.0823077566288433e+00,4.8827239808290228e+00,4.0823077566288433e+00,4.8827239808290228e+00,4.0823077566288433e+00,8.0838633230113066e-01,3.2514065243025692e+00,8.0838633230113066e-01,5.3426209280749761e+00,3.2514065243025692e+00,5.3426209280749761e+00,8.0838633230113066e-01,4.8827239808290228e+00,0.0000000000000000e+00,4.8827239808290228e+00,3.2514065243025692e+00,8.0838633230113066e-01,3.2514065243025692e+00,4.0823077566288433e+00,4.0823077566288433e+00,3.2514065243025692e+00,0.0000000000000000e+00,5.3426209280749761e+00,4.8827239808290228e+00,4.8827239808290228e+00,5.3426209280749761e+00,3.2514065243025692e+00,2.5563030037799339e+00,8.0838633230113066e-01,3.2514065243025692e+00,3.2514065243025692e+00,0.0000000000000000e+00,1.7497797605053462e+00,8.0838633230113066e-01,4.8827239808290228e+00,4.8827239808290228e+00,4.8827239808290228e+00,4.8827239808290228e+00,4.8827239808290228e+00,3.2514065243025692e+00,4.0823077566288433e+00,5.3426209280749761e+00,4.0823077566288433e+00,8.0838633230113066e-01,3.2514065243025692e+00,3.2514065243025692e+00,1.7497797605053462e+00,3.2514065243025692e+00,5.3426209280749761e+00,8.0838633230113066e-01,3.2514065243025692e+00,0.0000000000000000e+00,3.2514065243025692e+00,3.2514065243025692e+00,2.5563030037799339e+00,3.2514065243025692e+00,3.2514065243025692e+00,8.0838633230113066e-01,5.3426209280749761e+00,3.2514065243025692e+00,3.2514065243025692e+00,5.3426209280749761e+00,2.5563030037799339e+00,3.2514065243025692e+00,5.3426209280749761e+00,4.0823077566288433e+00,5.3426209280749761e+00,3.2514065243025692e+00,3.2514065243025692e+00,5.3426209280749761e+00,5.3426209280749761e+00,5.3426209280749761e+00,5.3426209280749761e+00,5.3426209280749761e+00,3.2514065243025692e+00,5.3426209280749761e+00,3.2514065243025692e+00,3.2514065243025692e+00,0.0000000000000000e+00,8.0838633230113066e-01,0.0000000000000000e+00,5.3426209280749761e+00,3.2514065243025692e+00,5.3426209280749761e+00,5.3426209280749761e+00,3.2514065243025692e+00,3.2514065243025692e+00,3.2514065243025692e+00,4.8827239808290228e+00,3.2514065243025692e+00,4.8827239808290228e+00,4.8827239808290228e+00,3.2514065243025692e+00,4.8827239808290228e+00,3.2514065243025692e+00,3.2514065243025692e+00,0.0000000000000000e+00,4.8827239808290228e+00,3.2514065243025692e+00,0.0000000000000000e+00,4.8827239808290228e+00,4.0823077566288433e+00,5.3426209280749761e+00,4.8827239808290228e+00,8.0838633230113066e-01,2.5563030037799339e+00,3.2514065243025692e+00,4.8827239808290228e+00,4.8827239808290228e+00,4.8827239808290228e+00,5.3426209280749761e+00,3.2514065243025692e+00,4.8827239808290228e+00,3.2514065243025692e+00,0.0000000000000000e+00,3.2514065243025692e+00,4.8827239808290228e+00,3.2514065243025692e+00,8.0838633230113066e-01,1.7497797605053462e+00,3.2514065243025692e+00,3.2514065243025692e+00,4.8827239808290228e+00,5.3426209280749761e+00,2.5563030037799339e+00,2.5563030037799339e+00,5.3426209280749761e+00,4.8827239808290228e+00,3.2514065243025692e+00,3.2514065243025692e+00,0.0000000000000000e+00,0.0000000000000000e+00,0.0000000000000000e+00,1.7497797605053462e+00,3.2514065243025692e+00,4.0823077566288433e+00,4.8827239808290228e+00,3.2514065243025692e+00,8.0838633230113066e-01,4.0823077566288433e+00,5.3426209280749761e+00,3.2514065243025692e+00,4.8827239808290228e+00,2.5563030037799339e+00,4.8827239808290228e+00,4.8827239808290228e+00,3.2514065243025692e+00,1.7497797605053462e+00,4.0823077566288433e+00,0.0000000000000000e+00,2.5563030037799339e+00,4.8827239808290228e+00,5.3426209280749761e+00,4.8827239808290228e+00,4.8827239808290228e+00,4.8827239808290228e+00,4.8827239808290228e+00,2.5563030037799339e+00,4.0823077566288433e+00,4.8827239808290228e+00,4.0823077566288433e+00,4.8827239808290228e+00,4.8827239808290228e+00,4.0823077566288433e+00,1.7497797605053462e+00,1.7497797605053462e+00,1.7497797605053462e+00,5.3426209280749761e+00,2.5563030037799339e+00,4.8827239808290228e+00,8.0838633230113066e-01,5.3426209280749761e+00,4.8827239808290228e+00,1.7497797605053462e+00,0.0000000000000000e+00,5.3426209280749761e+00,4.8827239808290228e+00,4.8827239808290228e+00,4.0823077566288433e+00,4.8827239808290228e+00,5.3426209280749761e+00,5.3426209280749761e+00,5.3426209280749761e+00,1.7497797605053462e+00,3.2514065243025692e+00,8.0838633230113066e-01,3.2514065243025692e+00,1.7497797605053462e+00,4.0823077566288433e+00,1.7497797605053462e+00,4.8827239808290228e+00,3.2514065243025692e+00,0.0000000000000000e+00,4.0823077566288433e+00,4.0823077566288433e+00,2.5563030037799339e+00,4.8827239808290228e+00,4.8827239808290228e+00,4.8827239808290228e+00,0.0000000000000000e+00,8.0838633230113066e-01,2.5563030037799339e+00,4.8827239808290228e+00,4.8827239808290228e+00,5.3426209280749761e+00,4.0823077566288433e+00,4.0823077566288433e+00,4.0823077566288433e+00,3.2514065243025692e+00,2.5563030037799339e+00,3.2514065243025692e+00,3.2514065243025692e+00,4.0823077566288433e+00,4.8827239808290228e+00,4.8827239808290228e+00,5.3426209280749761e+00,3.2514065243025692e+00,3.2514065243025692e+00,3.2514065243025692e+00,8.0838633230113066e-01,4.8827239808290228e+00,0.0000000000000000e+00,3.2514065243025692e+00,4.8827239808290228e+00,3.2514065243025692e+00,0.0000000000000000e+00,5.3426209280749761e+00,0.0000000000000000e+00,0.0000000000000000e+00,4.0823077566288433e+00,4.0823077566288433e+00,3.2514065243025692e+00,8.0838633230113066e-01,4.0823077566288433e+00,4.0823077566288433e+00,4.0823077566288433e+00,2.5563030037799339e+00,3.2514065243025692e+00,2.5563030037799339e+00,5.3426209280749761e+00,4.0823077566288433e+00,4.0823077566288433e+00,3.2514065243025692e+00,5.3426209280749761e+00,4.0823077566288433e+00,0.0000000000000000e+00,4.8827239808290228e+00,3.2514065243025692e+00,4.0823077566288433e+00,4.8827239808290228e+00,4.8827239808290228e+00,5.3426209280749761e+00,5.3426209280749761e+00,0.0000000000000000e+00,1.7497797605053462e+00,4.0823077566288433e+00,4.0823077566288433e+00,5.3426209280749761e+00,8.0838633230113066e-01,5.3426209280749761e+00,2.5563030037799339e+00,2.5563030037799339e+00,4.0823077566288433e+00,2.5563030037799339e+00,4.8827239808290228e+00,8.0838633230113066e-01,3.2514065243025692e+00,8.0838633230113066e-01,4.8827239808290228e+00,4.8827239808290228e+00,4.8827239808290228e+00,5.3426209280749761e+00,4.0823077566288433e+00,4.8827239808290228e+00,3.2514065243025692e+00,5.3426209280749761e+00,5.3426209280749761e+00,3.2514065243025692e+00,0.0000000000000000e+00,8.0838633230113066e-01,2.5563030037799339e+00,2.5563030037799339e+00,3.2514065243025692e+00,4.0823077566288433e+00,4.8827239808290228e+00,4.8827239808290228e+00,4.8827239808290228e+00,3.2514065243025692e+00,4.8827239808290228e+00,4.8827239808290228e+00,4.8827239808290228e+00,3.2514065243025692e+00,5.3426209280749761e+00,4.0823077566288433e+00,4.8827239808290228e+00,4.0823077566288433e+00,4.0823077566288433e+00,4.8827239808290228e+00,5.3426209280749761e+00,3.2514065243025692e+00,4.0823077566288433e+00,4.0823077566288433e+00,4.8827239808290228e+00,4.0823077566288433e+00,3.2514065243025692e+00,4.8827239808290228e+00,4.0823077566288433e+00,1.7497797605053462e+00,5.3426209280749761e+00,4.0823077566288433e+00,4.8827239808290228e+00,1.7497797605053462e+00,0.0000000000000000e+00,3.2514065243025692e+00,4.8827239808290228e+00,3.2514065243025692e+00,1.7497797605053462e+00,5.3426209280749761e+00,5.3426209280749761e+00,1.7497797605053462e+00,4.8827239808290228e+00,4.8827239808290228e+00,5.3426209280749761e+00,1.7497797605053462e+00,3.2514065243025692e+00,4.0823077566288433e+00,0.0000000000000000e+00,2.5563030037799339e+00,2.5563030037799339e+00,4.0823077566288433e+00,1.7497797605053462e+00,1.7497797605053462e+00,8.0838633230113066e-01,4.0823077566288433e+00,3.2514065243025692e+00,5.3426209280749761e+00,4.8827239808290228e+00,4.0823077566288433e+00,0.0000000000000000e+00,1.7497797605053462e+00,4.0823077566288433e+00,0.0000000000000000e+00,0.0000000000000000e+00,4.8827239808290228e+00,4.8827239808290228e+00,4.0823077566288433e+00,1.7497797605053462e+00,5.3426209280749761e+00,2.5563030037799339e+00,3.2514065243025692e+00,4.8827239808290228e+00,2.5563030037799339e+00,4.8827239808290228e+00,1.7497797605053462e+00,5.3426209280749761e+00,1.7497797605053462e+00,8.0838633230113066e-01,1.7497797605053462e+00,8.0838633230113066e-01,8.0838633230113066e-01,3.2514065243025692e+00,1.7497797605053462e+00,4.8827239808290228e+00,4.0823077566288433e+00,8.0838633230113066e-01,3.2514065243025692e+00,4.8827239808290228e+00,4.8827239808290228e+00,0.0000000000000000e+00,3.2514065243025692e+00,4.8827239808290228e+00,8.0838633230113066e-01,3.2514065243025692e+00,3.2514065243025692e+00,4.8827239808290228e+00,4.0823077566288433e+00,4.8827239808290228e+00,5.3426209280749761e+00,3.2514065243025692e+00,3.2514065243025692e+00,0.0000000000000000e+00,2.5563030037799339e+00,3.2514065243025692e+00,3.2514065243025692e+00,4.0823077566288433e+00,0.0000000000000000e+00,8.0838633230113066e-01,1.7497797605053462e+00,5.3426209280749761e+00,3.2514065243025692e+00,4.8827239808290228e+00,8.0838633230113066e-01,0.0000000000000000e+00,4.8827239808290228e+00,3.2514065243025692e+00,3.2514065243025692e+00,3.2514065243025692e+00,5.3426209280749761e+00,5.3426209280749761e+00,2.5563030037799339e+00,0.0000000000000000e+00,5.3426209280749761e+00,8.0838633230113066e-01,3.2514065243025692e+00,3.2514065243025692e+00,5.3426209280749761e+00,8.0838633230113066e-01,3.2514065243025692e+00,1.7497797605053462e+00,5.3426209280749761e+00,3.2514065243025692e+00,8.0838633230113066e-01,4.8827239808290228e+00,4.0823077566288433e+00,4.0823077566288433e+00,0.0000000000000000e+00,8.0838633230113066e-01,3.2514065243025692e+00,8.0838633230113066e-01,4.8827239808290228e+00,4.8827239808290228e+00,4.8827239808290228e+00,3.2514065243025692e+00,0.0000000000000000e+00,4.8827239808290228e+00,3.2514065243025692e+00,3.2514065243025692e+00,4.8827239808290228e+00,8.0838633230113066e-01,4.8827239808290228e+00,4.0823077566288433e+00,2.5563030037799339e+00,4.0823077566288433e+00,4.0823077566288433e+00,4.8827239808290228e+00,5.3426209280749761e+00,8.0838633230113066e-01,3.2514065243025692e+00,4.0823077566288433e+00,2.5563030037799339e+00,8.0838633230113066e-01,5.3426209280749761e+00,4.8827239808290228e+00,4.8827239808290228e+00,3.2514065243025692e+00,4.0823077566288433e+00,4.0823077566288433e+00,4.0823077566288433e+00,8.0838633230113066e-01,4.8827239808290228e+00,4.8827239808290228e+00,4.8827239808290228e+00,0.0000000000000000e+00,5.3426209280749761e+00,1.7497797605053462e+00,4.8827239808290228e+00,4.0823077566288433e+00,4.0823077566288433e+00,0.0000000000000000e+00,4.8827239808290228e+00,4.0823077566288433e+00,8.0838633230113066e-01,4.0823077566288433e+00,4.8827239808290228e+00,3.2514065243025692e+00,4.8827239808290228e+00,3.2514065243025692e+00,5.3426209280749761e+00,5.3426209280749761e+00,5.3426209280749761e+00,0.0000000000000000e+00,5.3426209280749761e+00,5.3426209280749761e+00,4.8827239808290228e+00,0.0000000000000000e+00,5.3426209280749761e+00,1.7497797605053462e+00,5.3426209280749761e+00,3.2514065243025692e+00,4.0823077566288433e+00,5.3426209280749761e+00,8.0838633230113066e-01,5.3426209280749761e+00,3.2514065243025692e+00,3.2514065243025692e+00,4.0823077566288433e+00,4.0823077566288433e+00,4.8827239808290228e+00,4.8827239808290228e+00,5.3426209280749761e+00,2.5563030037799339e+00,4.8827239808290228e+00,2.5563030037799339e+00,0.0000000000000000e+00,4.8827239808290228e+00,2.5563030037799339e+00,4.0823077566288433e+00,4.0823077566288433e+00,4.0823077566288433e+00,8.0838633230113066e-01,4.0823077566288433e+00,4.0823077566288433e+00,3.2514065243025692e+00,4.0823077566288433e+00,5.3426209280749761e+00,5.3426209280749761e+00,5.3426209280749761e+00,5.3426209280749761e+00,3.2514065243025692e+00,5.3426209280749761e+00,4.8827239808290228e+00,4.0823077566288433e+00,8.0838633230113066e-01,3.2514065243025692e+00,1.7497797605053462e+00,4.8827239808290228e+00,4.8827239808290228e+00,5.3426209280749761e+00,8.0838633230113066e-01,3.2514065243025692e+00,2.5563030037799339e+00,0.0000000000000000e+00,4.8827239808290228e+00,3.2514065243025692e+00,8.0838633230113066e-01,2.5563030037799339e+00,4.0823077566288433e+00,4.8827239808290228e+00,4.0823077566288433e+00,2.5563030037799339e+00,4.8827239808290228e+00,8.0838633230113066e-01,4.8827239808290228e+00,8.0838633230113066e-01,5.3426209280749761e+00,2.5563030037799339e+00,3.2514065243025692e+00,3.2514065243025692e+00,3.2514065243025692e+00,4.8827239808290228e+00,4.0823077566288433e+00,4.0823077566288433e+00,0.0000000000000000e+00,5.3426209280749761e+00,4.8827239808290228e+00,4.0823077566288433e+00,5.3426209280749761e+00,5.3426209280749761e+00,4.0823077566288433e+00,2.5563030037799339e+00,4.8827239808290228e+00,5.3426209280749761e+00,3.2514065243025692e+00,2.5563030037799339e+00,5.3426209280749761e+00,0.0000000000000000e+00,3.2514065243025692e+00,5.3426209280749761e+00,4.8827239808290228e+00,3.2514065243025692e+00,2.5563030037799339e+00,4.0823077566288433e+00,1.7497797605053462e+00,5.3426209280749761e+00,4.8827239808290228e+00,5.3426209280749761e+00,4.8827239808290228e+00,5.3426209280749761e+00,0.0000000000000000e+00,5.3426209280749761e+00,4.8827239808290228e+00,4.0823077566288433e+00,4.8827239808290228e+00,5.3426209280749761e+00,1.7497797605053462e+00,4.0823077566288433e+00,5.3426209280749761e+00,0.0000000000000000e+00,5.3426209280749761e+00,5.3426209280749761e+00,5.3426209280749761e+00,2.5563030037799339e+00,4.8827239808290228e+00,8.0838633230113066e-01,4.8827239808290228e+00,5.3426209280749761e+00,1.7497797605053462e+00,4.0823077566288433e+00,4.8827239808290228e+00,3.2514065243025692e+00,8.0838633230113066e-01,4.8827239808290228e+00,4.8827239808290228e+00,5.3426209280749761e+00,4.0823077566288433e+00,8.0838633230113066e-01,5.3426209280749761e+00,3.2514065243025692e+00,4.8827239808290228e+00,4.8827239808290228e+00,4.8827239808290228e+00,5.3426209280749761e+00,4.8827239808290228e+00,4.0823077566288433e+00,4.0823077566288433e+00,2.5563030037799339e+00,4.0823077566288433e+00,4.0823077566288433e+00,3.2514065243025692e+00,4.8827239808290228e+00,8.0838633230113066e-01,4.8827239808290228e+00,3.2514065243025692e+00,4.0823077566288433e+00,4.0823077566288433e+00,3.2514065243025692e+00,4.8827239808290228e+00,2.5563030037799339e+00,4.0823077566288433e+00,0.0000000000000000e+00,4.8827239808290228e+00,2.5563030037799339e+00,2.5563030037799339e+00,4.8827239808290228e+00,3.2514065243025692e+00,8.0838633230113066e-01,4.8827239808290228e+00,4.8827239808290228e+00,4.8827239808290228e+00,4.0823077566288433e+00,5.3426209280749761e+00,5.3426209280749761e+00,4.8827239808290228e+00,4.0823077566288433e+00,2.5563030037799339e+00,4.0823077566288433e+00,4.0823077566288433e+00,4.0823077566288433e+00,4.0823077566288433e+00,4.8827239808290228e+00,8.0838633230113066e-01,5.3426209280749761e+00,8.0838633230113066e-01,4.8827239808290228e+00,4.8827239808290228e+00,4.8827239808290228e+00,3.2514065243025692e+00,3.2514065243025692e+00,5.3426209280749761e+00,4.8827239808290228e+00,4.8827239808290228e+00,4.8827239808290228e+00,3.2514065243025692e+00,4.8827239808290228e+00,4.8827239808290228e+00,5.3426209280749761e+00,3.2514065243025692e+00,1.7497797605053462e+00,4.0823077566288433e+00,5.3426209280749761e+00,0.0000000000000000e+00,4.0823077566288433e+00,0.0000000000000000e+00,4.0823077566288433e+00,1.7497797605053462e+00,4.0823077566288433e+00,2.5563030037799339e+00,3.2514065243025692e+00,1.7497797605053462e+00,3.2514065243025692e+00,5.3426209280749761e+00,4.8827239808290228e+00,0.0000000000000000e+00,5.3426209280749761e+00,5.3426209280749761e+00,0.0000000000000000e+00,5.3426209280749761e+00,5.3426209280749761e+00,4.8827239808290228e+00,4.8827239808290228e+00,1.7497797605053462e+00,4.0823077566288433e+00,5.3426209280749761e+00,1.7497797605053462e+00,3.2514065243025692e+00,8.0838633230113066e-01,3.2514065243025692e+00,4.0823077566288433e+00,5.3426209280749761e+00,3.2514065243025692e+00,4.8827239808290228e+00,1.7497797605053462e+00,4.8827239808290228e+00,4.8827239808290228e+00,3.2514065243025692e+00,4.8827239808290228e+00,5.3426209280749761e+00,1.7497797605053462e+00,8.0838633230113066e-01,8.0838633230113066e-01,8.0838633230113066e-01,8.0838633230113066e-01,2.5563030037799339e+00,1.7497797605053462e+00,4.0823077566288433e+00,2.5563030037799339e+00,1.7497797605053462e+00,5.3426209280749761e+00,5.3426209280749761e+00,5.3426209280749761e+00,4.8827239808290228e+00,5.3426209280749761e+00,5.3426209280749761e+00,3.2514065243025692e+00,0.0000000000000000e+00,4.8827239808290228e+00,0.0000000000000000e+00,2.5563030037799339e+00,5.3426209280749761e+00,4.8827239808290228e+00,5.3426209280749761e+00,3.2514065243025692e+00,5.3426209280749761e+00,5.3426209280749761e+00,1.7497797605053462e+00,4.8827239808290228e+00,8.0838633230113066e-01,5.3426209280749761e+00,2.5563030037799339e+00,5.3426209280749761e+00,4.0823077566288433e+00,1.7497797605053462e+00,4.8827239808290228e+00,1.7497797605053462e+00,4.8827239808290228e+00,3.2514065243025692e+00,1.7497797605053462e+00,4.8827239808290228e+00,5.3426209280749761e+00,5.3426209280749761e+00,5.3426209280749761e+00,5.3426209280749761e+00,4.0823077566288433e+00,4.0823077566288433e+00,1.7497797605053462e+00,0.0000000000000000e+00,5.3426209280749761e+00,1.7497797605053462e+00,4.8827239808290228e+00,2.5563030037799339e+00,4.0823077566288433e+00,1.7497797605053462e+00,1.7497797605053462e+00,4.8827239808290228e+00,4.8827239808290228e+00,1.7497797605053462e+00,1.7497797605053462e+00,1.7497797605053462e+00,8.0838633230113066e-01,4.8827239808290228e+00,5.3426209280749761e+00,4.8827239808290228e+00,8.0838633230113066e-01,4.0823077566288433e+00,4.0823077566288433e+00,5.3426209280749761e+00,1.7497797605053462e+00,1.7497797605053462e+00,4.0823077566288433e+00,4.0823077566288433e+00,4.0823077566288433e+00,4.8827239808290228e+00,5.3426209280749761e+00,4.8827239808290228e+00,5.3426209280749761e+00,4.0823077566288433e+00,4.0823077566288433e+00,0.0000000000000000e+00,4.8827239808290228e+00,5.3426209280749761e+00,8.0838633230113066e-01,8.0838633230113066e-01,4.0823077566288433e+00,4.0823077566288433e+00,4.8827239808290228e+00,4.8827239808290228e+00,4.8827239808290228e+00,4.0823077566288433e+00,4.0823077566288433e+00,0.0000000000000000e+00,4.0823077566288433e+00,4.0823077566288433e+00,4.8827239808290228e+00,0.0000000000000000e+00,3.2514065243025692e+00,5.3426209280749761e+00,8.0838633230113066e-01,2.5563030037799339e+00,4.0823077566288433e+00,2.5563030037799339e+00,4.0823077566288433e+00,5.3426209280749761e+00,1.7497797605053462e+00,2.5563030037799339e+00,2.5563030037799339e+00,2.5563030037799339e+00,0.0000000000000000e+00,3.2514065243025692e+00,4.0823077566288433e+00,4.0823077566288433e+00,4.0823077566288433e+00,3.2514065243025692e+00,3.2514065243025692e+00,5.3426209280749761e+00,5.3426209280749761e+00,1.7497797605053462e+00,1.7497797605053462e+00,3.2514065243025692e+00,4.8827239808290228e+00,4.8827239808290228e+00,5.3426209280749761e+00,2.5563030037799339e+00,4.0823077566288433e+00,0.0000000000000000e+00,4.0823077566288433e+00,4.8827239808290228e+00,4.8827239808290228e+00,8.0838633230113066e-01,5.3426209280749761e+00,4.8827239808290228e+00,0.0000000000000000e+00,4.8827239808290228e+00,0.0000000000000000e+00,4.8827239808290228e+00,1.7497797605053462e+00,5.3426209280749761e+00,4.8827239808290228e+00,4.8827239808290228e+00,3.2514065243025692e+00,4.0823077566288433e+00,4.0823077566288433e+00,3.2514065243025692e+00,4.8827239808290228e+00,4.8827239808290228e+00,4.0823077566288433e+00,4.0823077566288433e+00,8.0838633230113066e-01,1.7497797605053462e+00,2.5563030037799339e+00,4.8827239808290228e+00,5.3426209280749761e+00,0.0000000000000000e+00,2.5563030037799339e+00,4.8827239808290228e+00,2.5563030037799339e+00,0.0000000000000000e+00,1.7497797605053462e+00,0.0000000000000000e+00,8.0838633230113066e-01,2.5563030037799339e+00,1.7497797605053462e+00,4.8827239808290228e+00,5.3426209280749761e+00,1.7497797605053462e+00,4.8827239808290228e+00,4.8827239808290228e+00,4.0823077566288433e+00,4.0823077566288433e+00,2.5563030037799339e+00,4.8827239808290228e+00,5.3426209280749761e+00,0.0000000000000000e+00,3.2514065243025692e+00,4.8827239808290228e+00,5.3426209280749761e+00,3.2514065243025692e+00,8.0838633230113066e-01,2.5563030037799339e+00,4.8827239808290228e+00,2.5563030037799339e+00,5.3426209280749761e+00,3.2514065243025692e+00,2.5563030037799339e+00,5.3426209280749761e+00,0.0000000000000000e+00,0.0000000000000000e+00,2.5563030037799339e+00,4.8827239808290228e+00,4.8827239808290228e+00,4.0823077566288433e+00,2.5563030037799339e+00,8.0838633230113066e-01,5.3426209280749761e+00,4.8827239808290228e+00,4.8827239808290228e+00,3.2514065243025692e+00,1.7497797605053462e+00,3.2514065243025692e+00,3.2514065243025692e+00,5.3426209280749761e+00,4.0823077566288433e+00,3.2514065243025692e+00,1.7497797605053462e+00,1.7497797605053462e+00,2.5563030037799339e+00,5.3426209280749761e+00,5.3426209280749761e+00,4.8827239808290228e+00,4.0823077566288433e+00,0.0000000000000000e+00,3.2514065243025692e+00,3.2514065243025692e+00,2.5563030037799339e+00,8.0838633230113066e-01,8.0838633230113066e-01,2.5563030037799339e+00,4.8827239808290228e+00,4.8827239808290228e+00,4.8827239808290228e+00,5.3426209280749761e+00,4.8827239808290228e+00,5.3426209280749761e+00,0.0000000000000000e+00,0.0000000000000000e+00,4.8827239808290228e+00,5.3426209280749761e+00,5.3426209280749761e+00,4.8827239808290228e+00,4.8827239808290228e+00,4.8827239808290228e+00,8.0838633230113066e-01,5.3426209280749761e+00,1.7497797605053462e+00,4.8827239808290228e+00,3.2514065243025692e+00,4.8827239808290228e+00,0.0000000000000000e+00,4.8827239808290228e+00,8.0838633230113066e-01,2.5563030037799339e+00,2.5563030037799339e+00,4.0823077566288433e+00,4.8827239808290228e+00,5.3426209280749761e+00,4.8827239808290228e+00,4.8827239808290228e+00,1.7497797605053462e+00,2.5563030037799339e+00,4.0823077566288433e+00,2.5563030037799339e+00,5.3426209280749761e+00,8.0838633230113066e-01,4.8827239808290228e+00,1.7497797605053462e+00,5.3426209280749761e+00,5.3426209280749761e+00,2.5563030037799339e+00,2.5563030037799339e+00
5.4109994772082359e+00,5.4109994772082359e+00,5.4109994772082359e+00,5.4109994772082359e+00,3.4221643074049797e+00,5.4109994772082359e+00,3.4221643074049797e+00,3.4221643074049797e+00,5.4109994772082359e+00,7.4457290061513881e-01,2.1646270742150389e+00,2.1646270742150389e+00,2.1646270742150389e+00,5.4109994772082359e+00,2.1646270742150389e+00,5.4109994772082359e+00,5.4109994772082359e+00,5.4109994772082359e+00,0.0000000000000000e+00,2.1646270742150389e+00,5.4109994772082359e+00,4.7046679256386152e+00,3.4221643074049797e+00,4.7046679256386152e+00,5.4109994772082359e+00,2.1646270742150389e+00,0.0000000000000000e+00,0.0000000000000000e+00,2.1646270742150389e+00,5.4109994772082359e+00,2.1646270742150389e+00,5.4109994772082359e+00,2.1646270742150389e+00,3.4221643074049797e+00,4.7046679256386152e+00,5.4109994772082359e+00,1.7030772297312056e+00,7.4457290061513881e-01,1.7030772297312056e+00,5.4109994772082359e+00,5.4109994772082359e+00,5.4109994772082359e+00,5.4109994772082359e+00,5.4109994772082359e+00,5.4109994772082359e+00,5.4109994772082359e+00,5.4109994772082359e+00,4.7046679256386152e+00,2.1646270742150389e+00,5.4109994772082359e+00,5.4109994772082359e+00,0.0000000000000000e+00,2.1646270742150389e+00,2.1646270742150389e+00,5.4109994772082359e+00,2.1646270742150389e+00,2.1646270742150389e+00,5.4109994772082359e+00,4.2088781662582644e+00,3.4221643074049797e+00,2.1646270742150389e+00,2.1646270742150389e+00,4.7046679256386152e+00,1.7030772297312056e+00,2.1646270742150389e+00,2.1646270742150389e+00,3.4221643074049797e+00,3.4221643074049797e+00,5.4109994772082359e+00,7.4457290061513881e-01,5.4109994772082359e+00,4.7046679256386152e+00,7.4457290061513881e-01,5.4109994772082359e+00,5.4109994772082359e+00,7.4457290061513881e-01,5.4109994772082359e+00,4.2088781662582644e+00,4.2088781662582644e+00,4.2088781662582644e+00,4.2088781662582644e+00,5.4109994772082359e+00,5.4109994772082359e+00,5.4109994772082359e+00,0.0000000000000000e+00,3.4221643074049797e+00,5.4109994772082359e+00,3.4221643074049797e+00,4.2088781662582644e+00,4.7046679256386152e+00,7.4457290061513881e-01,5.4109994772082359e+00,2.1646270742150389e+00,5.4109994772082359e+00,5.4109994772082359e+00,5.4109994772082359e+00,5.4109994772082359e+00,5.4109994772082359e+00,4.7046679256386152e+00,5.4109994772082359e+00,4.7046679256386152e+00,5.4109994772082359e+00,5.4109994772082359e+00,3.4221643074049797e+00,4.7046679256386152e+00,5.4109994772082359e+00,1.7030772297312056e+00,5.4109994772082359e+00,5.4109994772082359e+00,3.4221643074049797e+00,5.4109994772082359e+00,5.4109994772082359e+00,5.4109994772082359e+00,5.4109994772082359e+00,7.4457290061513881e-01,5.4109994772082359e+00,4.7046679256386152e+00,0.0000000000000000e+00,4.7046679256386152e+00,7.4457290061513881e-01,7.4457290061513881e-01,5.4109994772082359e+00,2.1646270742150389e+00,3.4221643074049797e+00,0.0000000000000000e+00,5.4109994772082359e+00,7.4457290061513881e-01,4.7046679256386152e+00,2.1646270742150389e+00,5.4109994772082359e+00,4.7046679256386152e+00,4.2088781662582644e+00,7.4457290061513881e-01,1.7030772297312056e+00,5.4109994772082359e+00,5.4109994772082359e+00,4.2088781662582644e+00,3.4221643074049797e+00,1.7030772297312056e+00,2.1646270742150389e+00,7.4457290061513881e-01,1.7030772297312056e+00,3.4221643074049797e+00,4.2088781662582644e+00,4.2088781662582644e+00,2.1646270742150389e+00,1.7030772297312056e+00,3.4221643074049797e+00,7.4457290061513881e-01,0.0000000000000000e+00,4.2088781662582644e+00,4.7046679256386152e+00,7.4457290061513881e-01,4.2088781662582644e+00,4.2088781662582644e+00,2.1646270742150389e+00,2.1646270742150389e+00,2.1646270742150389e+00,5.4109994772082359e+00,3.4221643074049797e+00,2.1646270742150389e+00,3.4221643074049797e+00,5.4109994772082359e+00,5.4109994772082359e+00,4.2088781662582644e+00,2.1646270742150389e+00,2.1646270742150389e+00,5.4109994772082359e+00,4.7046679256386152e+00,4.7046679256386152e+00,7.4457290061513881e-01,5.4109994772082359e+00,5.4109994772082359e+00,0.0000000000000000e+00,5.4109994772082359e+00,4.7046679256386152e+00,4.7046679256386152e+00,1.7030772297312056e+00,5.4109994772082359e+00,7.4457290061513881e-01,2.1646270742150389e+00,4.2088781662582644e+00,3.4221643074049797e+00,4.2088781662582644e+00,1.7030772297312056e+00,7.4457290061513881e-01,2.1646270742150389e+00,0.0000000000000000e+00,1.7030772297312056e+00,4.7046679256386152e+00,4.2088781662582644e+00,7.4457290061513881e-01,5.4109994772082359e+00,4.2088781662582644e+00,4.2088781662582644e+00,7.4457290061513881e-01,0.0000000000000000e+00,5.4109994772082359e+00,4.7046679256386152e+00,5.4109994772082359e+00,4.2088781662582644e+00,2.1646270742150389e+00,3.4221643074049797e+00,7.4457290061513881e-01,3.4221643074049797e+00,4.2088781662582644e+00,4.7046679256386152e+00,5.4109994772082359e+00,5.4109994772082359e+00,4.7046679256386152e+00,5.4109994772082359e+00,5.4109994772082359e+00,3.4221643074049797e+00,4.2088781662582644e+00,5.4109994772082359e+00,3.4221643074049797e+00,5.4109994772082359e+00,4.7046679256386152e+00,3.4221643074049797e+00,1.7030772297312056e+00,4.7046679256386152e+00,3.4221643074049797e+00,4.2088781662582644e+00,0.0000000000000000e+00,3.4221643074049797e+00,5.4109994772082359e+00,5.4109994772082359e+00,2.1646270742150389e+00,5.4109994772082359e+00,4.7046679256386152e+00,4.2088781662582644e+00,2.1646270742150389e+00,0.0000000000000000e+00,5.4109994772082359e+00,5.4109994772082359e+00,5.4109994772082359e+00,5.4109994772082359e+00,0.0000000000000000e+00,4.7046679256386152e+00,4.7046679256386152e+00,5.4109994772082359e+00,1.7030772297312056e+00,5.4109994772082359e+00,0.0000000000000000e+00,4.2088781662582644e+00,1.7030772297312056e+00,1.7030772297312056e+00,5.4109994772082359e+00,5.4109994772082359e+00,3.4221643074049797e+00,1.7030772297312056e+00,5.4109994772082359e+00,5.4109994772082359e+00,1.7030772297312056e+00,5.4109994772082359e+00,7.4457290061513881e-01,4.2088781662582644e+00,5.4109994772082359e+00,2.1646270742150389e+00,4.2088781662582644e+00,0.0000000000000000e+00,5.4109994772082359e+00,5.4109994772082359e+00,5.4109994772082359e+00,0.0000000000000000e+00,7.4457290061513881e-01,7.4457290061513881e-01,5.4109994772082359e+00,5.4109994772082359e+00,7.4457290061513881e-01,1.7030772297312056e+00,4.7046679256386152e+00,3.4221643074049797e+00,4.7046679256386152e+00,5.4109994772082359e+00,2.1646270742150389e+00,3.4221643074049797e+00,5.4109994772082359e+00,3.4221643074049797e+00,3.4221643074049797e+00,5.4109994772082359e+00,2.1646270742150389e+00,5.4109994772082359e+00,5.4109994772082359e+00,4.2088781662582644e+00,0.0000000000000000e+00,7.4457290061513881e-01,5.4109994772082359e+00,3.4221643074049797e+00,4.7046679256386152e+00,5.4109994772082359e+00,5.4109994772082359e+00,5.4109994772082359e+00,3.4221643074049797e+00,4.7046679256386152e+00,5.4109994772082359e+00,2.1646270742150389e+00,0.0000000000000000e+00,4.7046679256386152e+00,4.2088781662582644e+00,4.2088781662582644e+00,4.2088781662582644e+00,4.2088781662582644e+00,4.7046679256386152e+00,4.7046679256386152e+00,4.2088781662582644e+00,5.4109994772082359e+00,1.7030772297312056e+00,5.4109994772082359e+00,5.4109994772082359e+00,5.4109994772082359e+00,5.4109994772082359e+00,1.7030772297312056e+00,2.1646270742150389e+00,1.7030772297312056e+00,4.7046679256386152e+00,4.7046679256386152e+00,0.0000000000000000e+00,4.7046679256386152e+00,5.4109994772082359e+00,5.4109994772082359e+00,0.0000000000000000e+00,3.4221643074049797e+00,5.4109994772082359e+00,3.4221643074049797e+00,2.1646270742150389e+00,5.4109994772082359e+00,3.4221643074049797e+00,1.7030772297312056e+00,4.7046679256386152e+00,5.4109994772082359e+00,4.7046679256386152e+00,2.1646270742150389e+00,4.2088781662582644e+00,0.0000000000000000e+00,4.7046679256386152e+00,1.7030772297312056e+00,1.7030772297312056e+00,5.4109994772082359e+00,4.2088781662582644e+00,4.2088781662582644e+00,7.4457290061513881e-01,5.4109994772082359e+00,0.0000000000000000e+00,4.2088781662582644e+00,7.4457290061513881e-01,5.4109994772082359e+00,5.4109994772082359e+00,1.7030772297312056e+00,5.4109994772082359e+00,2.1646270742150389e+00,5.4109994772082359e+00,5.4109994772082359e+00,3.4221643074049797e+00,3.4221643074049797e+00,3.4221643074049797e+00,5.4109994772082359e+00,4.2088781662582644e+00,5.4109994772082359e+00,5.4109994772082359e+00,7.4457290061513881e-01,5.4109994772082359e+00,1.7030772297312056e+00,4.2088781662582644e+00,3.4221643074049797e+00,5.4109994772082359e+00,2.1646270742150389e+00,3.4221643074049797e+00,3.4221643074049797e+00,1.7030772297312056e+00,7.4457290061513881e-01,5.4109994772082359e+00,2.1646270742150389e+00,5.4109994772082359e+00,5.4109994772082359e+00,5.4109994772082359e+00,3.4221643074049797e+00,5.4109994772082359e+00,5.4109994772082359e+00,5.4109994772082359e+00,4.7046679256386152e+00,5.4109994772082359e+00,5.4109994772082359e+00,4.7046679256386152e+00,2.1646270742150389e+00,5.4109994772082359e+00,5.4109994772082359e+00,1.7030772297312056e+00,7.4457290061513881e-01,4.7046679256386152e+00,4.2088781662582644e+00,5.4109994772082359e+00,0.0000000000000000e+00,4.7046679256386152e+00,3.4221643074049797e+00,4.2088781662582644e+00,7.4457290061513881e-01,0.0000000000000000e+00,5.4109994772082359e+00,7.4457290061513881e-01,3.4221643074049797e+00,0.0000000000000000e+00,5.4109994772082359e+00,5.4109994772082359e+00,3.4221643074049797e+00,3.4221643074049797e+00,3.4221643074049797e+00,7.4457290061513881e-01,0.0000000000000000e+00,1.7030772297312056e+00,0.0000000000000000e+00,4.2088781662582644e+00,5.4109994772082359e+00,2.1646270742150389e+00,5.4109994772082359e+00,3.4221643074049797e+00,5.4109994772082359e+00,4.7046679256386152e+00,3.4221643074049797e+00,7.4457290061513881e-01,5.4109994772082359e+00,5.4109994772082359e+00,5.4109994772082359e+00,5.4109994772082359e+00,2.1646270742150389e+00,5.4109994772082359e+00,5.4109994772082359e+00,5.4109994772082359e+00,5.4109994772082359e+00,3.4221643074049797e+00,3.4221643074049797e+00,1.7030772297312056e+00,2.1646270742150389e+00,2.1646270742150389e+00,5.4109994772082359e+00,7.4457290061513881e-01,2.1646270742150389e+00,1.7030772297312056e+00,7.4457290061513881e-01,4.2088781662582644e+00,3.4221643074049797e+00,1.7030772297312056e+00,1.7030772297312056e+00,7.4457290061513881e-01,5.4109994772082359e+00,2.1646270742150389e+00,2.1646270742150389e+00,3.4221643074049797e+00,2.1646270742150389e+00,3.4221643074049797e+00,4.2088781662582644e+00,4.2088781662582644e+00,1.7030772297312056e+00,4.2088781662582644e+00,1.7030772297312056e+00,4.2088781662582644e+00,1.7030772297312056e+00,3.4221643074049797e+00,5.4109994772082359e+00,5.4109994772082359e+00,2.1646270742150389e+00,3.4221643074049797e+00,5.4109994772082359e+00,3.4221643074049797e+00,4.2088781662582644e+00,7.4457290061513881e-01,5.4109994772082359e+00,3.4221643074049797e+00,1.7030772297312056e+00,2.1646270742150389e+00,2.1646270742150389e+00,5.4109994772082359e+00,5.4109994772082359e+00,5.4109994772082359e+00,5.4109994772082359e+00,0.0000000000000000e+00,5.4109994772082359e+00,5.4109994772082359e+00,5.4109994772082359e+00,5.4109994772082359e+00,1.7030772297312056e+00,2.1646270742150389e+00,5.4109994772082359e+00,3.4221643074049797e+00,5.4109994772082359e+00,7.4457290061513881e-01,5.4109994772082359e+00,5.4109994772082359e+00,5.4109994772082359e+00,1.7030772297312056e+00,2.1646270742150389e+00,5.4109994772082359e+00,7.4457290061513881e-01,1.7030772297312056e+00,7.4457290061513881e-01,5.4109994772082359e+00,7.4457290061513881e-01,5.4109994772082359e+00,4.7046679256386152e+00,4.7046679256386152e+00,2.1646270742150389e+00,3.4221643074049797e+00,1.7030772297312056e+00,0.0000000000000000e+00,4.2088781662582644e+00,5.4109994772082359e+00,5.4109994772082359e+00,5.4109994772082359e+00,4.7046679256386152e+00,0.0000000000000000e+00,5.4109994772082359e+00,4.7046679256386152e+00,4.7046679256386152e+00,3.4221643074049797e+00,5.4109994772082359e+00,4.2088781662582644e+00,4.2088781662582644e+00,4.2088781662582644e+00,4.2088781662582644e+00,5.4109994772082359e+00,4.2088781662582644e+00,5.4109994772082359e+00,7.4457290061513881e-01,1.7030772297312056e+00,4.2088781662582644e+00,2.1646270742150389e+00,3.4221643074049797e+00,4.7046679256386152e+00,0.0000000000000000e+00,5.4109994772082359e+00,2.1646270742150389e+00,0.0000000000000000e+00,4.2088781662582644e+00,3.4221643074049797e+00,4.2088781662582644e+00,5.4109994772082359e+00,5.4109994772082359e+00,0.0000000000000000e+00,7.4457290061513881e-01,4.2088781662582644e+00,7.4457290061513881e-01,3.4221643074049797e+00,4.7046679256386152e+00,4.2088781662582644e+00,4.7046679256386152e+00,3.4221643074049797e+00,0.0000000000000000e+00,3.4221643074049797e+00,5.4109994772082359e+00,4.2088781662582644e+00,2.1646270742150389e+00,5.4109994772082359e+00,4.2088781662582644e+00,5.4109994772082359e+00,5.4109994772082359e+00,4.7046679256386152e+00,4.7046679256386152e+00,4.7046679256386152e+00,4.2088781662582644e+00,4.2088781662582644e+00,2.1646270742150389e+00,4.7046679256386152e+00,4.2088781662582644e+00,4.7046679256386152e+00,7.4457290061513881e-01,4.2088781662582644e+00,4.2088781662582644e+00,5.4109994772082359e+00,0.0000000000000000e+00,3.4221643074049797e+00,0.0000000000000000e+00,5.4109994772082359e+00,2.1646270742150389e+00,5.4109994772082359e+00,4.2088781662582644e+00,7.4457290061513881e-01,5.4109994772082359e+00,4.2088781662582644e+00,5.4109994772082359e+00,4.2088781662582644e+00,4.7046679256386152e+00,4.2088781662582644e+00,4.2088781662582644e+00,4.7046679256386152e+00,3.4221643074049797e+00,5.4109994772082359e+00,0.0000000000000000e+00,3.4221643074049797e+00,7.4457290061513881e-01,4.7046679256386152e+00,5.4109994772082359e+00,5.4109994772082359e+00,4.7046679256386152e+00,4.2088781662582644e+00,4.7046679256386152e+00,5.4109994772082359e+00,4.2088781662582644e+00,5.4109994772082359e+00,5.4109994772082359e+00,7.4457290061513881e-01,4.7046679256386152e+00,3.4221643074049797e+00,5.4109994772082359e+00,3.4221643074049797e+00,5.4109994772082359e+00,4.7046679256386152e+00,5.4109994772082359e+00,5.4109994772082359e+00,0.0000000000000000e+00,0.0000000000000000e+00,4.2088781662582644e+00,0.0000000000000000e+00,7.4457290061513881e-01,4.2088781662582644e+00,4.7046679256386152e+00,5.4109994772082359e+00,5.4109994772082359e+00,3.4221643074049797e+00,5.4109994772082359e+00,7.4457290061513881e-01,2.1646270742150389e+00,2.1646270742150389e+00,4.2088781662582644e+00,4.7046679256386152e+00,4.7046679256386152e+00,4.2088781662582644e+00,3.4221643074049797e+00,5.4109994772082359e+00,5.4109994772082359e+00,0.0000000000000000e+00,5.4109994772082359e+00,5.4109994772082359e+00,5.4109994772082359e+00,3.4221643074049797e+00,2.1646270742150389e+00,4.7046679256386152e+00,3.4221643074049797e+00,4.7046679256386152e+00,3.4221643074049797e+00,3.4221643074049797e+00,4.2088781662582644e+00,2.1646270742150389e+00,5.4109994772082359e+00,4.7046679256386152e+00,3.4221643074049797e+00,7.4457290061513881e-01,5.4109994772082359e+00,4.2088781662582644e+00,3.4221643074049797e+00,7.4457290061513881e-01,4.2088781662582644e+00,4.2088781662582644e+00,5.4109994772082359e+00,4.2088781662582644e+00,5.4109994772082359e+00,5.4109994772082359e+00,2.1646270742150389e+00,5.4109994772082359e+00,5.4109994772082359e+00,5.4109994772082359e+00,7.4457290061513881e-01,1.7030772297312056e+00,2.1646270742150389e+00,5.4109994772082359e+00,3.4221643074049797e+00,5.4109994772082359e+00,3.4221643074049797e+00,1.7030772297312056e+00,3.4221643074049797e+00,3.4221643074049797e+00,0.0000000000000000e+00,5.4109994772082359e+00,4.2088781662582644e+00,5.4109994772082359e+00,2.1646270742150389e+00,5.4109994772082359e+00,4.2088781662582644e+00,2.1646270742150389e+00,5.4109994772082359e+00,5.4109994772082359e+00,3.4221643074049797e+00,2.1646270742150389e+00,3.4221643074049797e+00,7.4457290061513881e-01,3.4221643074049797e+00,4.2088781662582644e+00,5.4109994772082359e+00,4.2088781662582644e+00,5.4109994772082359e+00,1.7030772297312056e+00,1.7030772297312056e+00,4.7046679256386152e+00,7.4457290061513881e-01,4.7046679256386152e+00,5.4109994772082359e+00,5.4109994772082359e+00,1.7030772297312056e+00,1.7030772297312056e+00,3.4221643074049797e+00,1.7030772297312056e+00,4.2088781662582644e+00,2.1646270742150389e+00,4.2088781662582644e+00,4.2088781662582644e+00,3.4221643074049797e+00,4.2088781662582644e+00,3.4221643074049797e+00,4.2088781662582644e+00,4.7046679256386152e+00,4.2088781662582644e+00,3.4221643074049797e+00,7.4457290061513881e-01,4.7046679256386152e+00,1.7030772297312056e+00,5.4109994772082359e+00,3.4221643074049797e+00,5.4109994772082359e+00,0.0000000000000000e+00,4.2088781662582644e+00,4.2088781662582644e+00,5.4109994772082359e+00,5.4109994772082359e+00,5.4109994772082359e+00,2.1646270742150389e+00,4.7046679256386152e+00,1.7030772297312056e+00,4.7046679256386152e+00,4.7046679256386152e+00,5.4109994772082359e+00,1.7030772297312056e+00,5.4109994772082359e+00,7.4457290061513881e-01,0.0000000000000000e+00,5.4109994772082359e+00,5.4109994772082359e+00,5.4109994772082359e+00,5.4109994772082359e+00,1.7030772297312056e+00,4.7046679256386152e+00,4.7046679256386152e+00,2.1646270742150389e+00,4.7046679256386152e+00,4.2088781662582644e+00,3.4221643074049797e+00,5.4109994772082359e+00,4.2088781662582644e+00,2.1646270742150389e+00,2.1646270742150389e+00,4.7046679256386152e+00,3.4221643074049797e+00,3.4221643074049797e+00,5.4109994772082359e+00,5.4109994772082359e+00,2.1646270742150389e+00,7.4457290061513881e-01,5.4109994772082359e+00,5.4109994772082359e+00,5.4109994772082359e+00,3.4221643074049797e+00,3.4221643074049797e+00,5.4109994772082359e+00,5.4109994772082359e+00,5.4109994772082359e+00,1.7030772297312056e+00,5.4109994772082359e+00,1.7030772297312056e+00,2.1646270742150389e+00,4.2088781662582644e+00,3.4221643074049797e+00,4.2088781662582644e+00,5.4109994772082359e+00,4.2088781662582644e+00,3.4221643074049797e+00,3.4221643074049797e+00,2.1646270742150389e+00,5.4109994772082359e+00,2.1646270742150389e+00,7.4457290061513881e-01,7.4457290061513881e-01,3.4221643074049797e+00,5.4109994772082359e+00,4.2088781662582644e+00,4.2088781662582644e+00,5.4109994772082359e+00,0.0000000000000000e+00,4.2088781662582644e+00,4.2088781662582644e+00,4.7046679256386152e+00,4.2088781662582644e+00,3.4221643074049797e+00,4.2088781662582644e+00,4.7046679256386152e+00,4.2088781662582644e+00,5.4109994772082359e+00,4.2088781662582644e+00,4.2088781662582644e+00,5.4109994772082359e+00,2.1646270742150389e+00,4.7046679256386152e+00,1.7030772297312056e+00,3.4221643074049797e+00,5.4109994772082359e+00,7.4457290061513881e-01,4.2088781662582644e+00,5.4109994772082359e+00,4.7046679256386152e+00,4.2088781662582644e+00,2.1646270742150389e+00,5.4109994772082359e+00,7.4457290061513881e-01,5.4109994772082359e+00,5.4109994772082359e+00,0.0000000000000000e+00,5.4109994772082359e+00,5.4109994772082359e+00,5.4109994772082359e+00,5.4109994772082359e+00,5.4109994772082359e+00,4.2088781662582644e+00,7.4457290061513881e-01,4.2088781662582644e+00,3.4221643074049797e+00,2.1646270742150389e+00,5.4109994772082359e+00,4.2088781662582644e+00,5.4109994772082359e+00,0.0000000000000000e+00,7.4457290061513881e-01,7.4457290061513881e-01,4.7046679256386152e+00,2.1646270742150389e+00,5.4109994772082359e+00,4.7046679256386152e+00,5.4109994772082359e+00,5.4109994772082359e+00,1.7030772297312056e+00,4.7046679256386152e+00,5.4109994772082359e+00,5.4109994772082359e+00,4.7046679256386152e+00,5.4109994772082359e+00,1.7030772297312056e+00,4.7046679256386152e+00,5.4109994772082359e+00,4.7046679256386152e+00,3.4221643074049797e+00,2.1646270742150389e+00,4.7046679256386152e+00,2.1646270742150389e+00,5.4109994772082359e+00,7.4457290061513881e-01,4.2088781662582644e+00,7.4457290061513881e-01,4.2088781662582644e+00,2.1646270742150389e+00,4.2088781662582644e+00,5.4109994772082359e+00,0.0000000000000000e+00,3.4221643074049797e+00,2.1646270742150389e+00,4.7046679256386152e+00,5.4109994772082359e+00,4.7046679256386152e+00,5.4109994772082359e+00,3.4221643074049797e+00,2.1646270742150389e+00,3.4221643074049797e+00,4.7046679256386152e+00,5.4109994772082359e+00,0.0000000000000000e+00,2.1646270742150389e+00,5.4109994772082359e+00,5.4109994772082359e+00,2.1646270742150389e+00,2.1646270742150389e+00,3.4221643074049797e+00,5.4109994772082359e+00,5.4109994772082359e+00,4.7046679256386152e+00,5.4109994772082359e+00,3.4221643074049797e+00,4.2088781662582644e+00,4.2088781662582644e+00,4.2088781662582644e+00,5.4109994772082359e+00,4.2088781662582644e+00,2.1646270742150389e+00,5.4109994772082359e+00,5.4109994772082359e+00,5.4109994772082359e+00,5.4109994772082359e+00,5.4109994772082359e+00,3.4221643074049797e+00,4.7046679256386152e+00,5.4109994772082359e+00,1.7030772297312056e+00,5.4109994772082359e+00,5.4109994772082359e+00,5.4109994772082359e+00,0.0000000000000000e+00,5.4109994772082359e+00,5.4109994772082359e+00,5.4109994772082359e+00,7.4457290061513881e-01,5.4109994772082359e+00,3.4221643074049797e+00,4.2088781662582644e+00,0.0000000000000000e+00,5.4109994772082359e+00,5.4109994772082359e+00,7.4457290061513881e-01,1.7030772297312056e+00,1.7030772297312056e+00,3.4221643074049797e+00,3.4221643074049797e+00,5.4109994772082359e+00,3.4221643074049797e+00,4.7046679256386152e+00,5.4109994772082359e+00,3.4221643074049797e+00,5.4109994772082359e+00,7.4457290061513881e-01,7.4457290061513881e-01,5.4109994772082359e+00,3.4221643074049797e+00,3.4221643074049797e+00,4.2088781662582644e+00,7.4457290061513881e-01,4.2088781662582644e+00,4.2088781662582644e+00,7.4457290061513881e-01,3.4221643074049797e+00,5.4109994772082359e+00,2.1646270742150389e+00,0.0000000000000000e+00,7.4457290061513881e-01,5.4109994772082359e+00,3.4221643074049797e+00,4.2088781662582644e+00,7.4457290061513881e-01,1.7030772297312056e+00,3.4221643074049797e+00,5.4109994772082359e+00,5.4109994772082359e+00,1.7030772297312056e+00,7.4457290061513881e-01,2.1646270742150389e+00,7.4457290061513881e-01,5.4109994772082359e+00,5.4109994772082359e+00,4.2088781662582644e+00,5.4109994772082359e+00,5.4109994772082359e+00,5.4109994772082359e+00,5.4109994772082359e+00,5.4109994772082359e+00,4.7046679256386152e+00,4.7046679256386152e+00,5.4109994772082359e+00,5.4109994772082359e+00,2.1646270742150389e+00,4.7046679256386152e+00,4.7046679256386152e+00,5.4109994772082359e+00,7.4457290061513881e-01,5.4109994772082359e+00,2.1646270742150389e+00,0.0000000000000000e+00,3.4221643074049797e+00,4.2088781662582644e+00,4.2088781662582644e+00,5.4109994772082359e+00,5.4109994772082359e+00,7.4457290061513881e-01,1.7030772297312056e+00,0.0000000000000000e+00,3.4221643074049797e+00,7.4457290061513881e-01,2.1646270742150389e+00,4.7046679256386152e+00,2.1646270742150389e+00,5.4109994772082359e+00,5.4109994772082359e+00,3.4221643074049797e+00,1.7030772297312056e+00,4.2088781662582644e+00,2.1646270742150389e+00,1.7030772297312056e+00,5.4109994772082359e+00,5.4109994772082359e+00,5.4109994772082359e+00,0.0000000000000000e+00,2.1646270742150389e+00,2.1646270742150389e+00,0.0000000000000000e+00,2.1646270742150389e+00,5.4109994772082359e+00,2.1646270742150389e+00,2.1646270742150389e+00,4.2088781662582644e+00
4.4727355801577415e+00,5.1841888892474808e+00,1.5912294089605927e+00,4.4727355801577415e+00,3.5376785361908492e+00,5.1841888892474808e+00,3.5376785361908492e+00,8.6224448712594703e-01,8.6224448712594703e-01,8.6224448712594703e-01,5.1841888892474808e+00,5.1841888892474808e+00,3.5376785361908492e+00,5.1841888892474808e+00,5.1841888892474808e+00,5.1841888892474808e+00,5.1841888892474808e+00,1.5912294089605927e+00,5.1841888892474808e+00,3.5376785361908492e+00,5.1841888892474808e+00,5.1841888892474808e+00,2.4667477731926843e+00,5.1841888892474808e+00,5.1841888892474808e+00,0.0000000000000000e+00,5.1841888892474808e+00,5.1841888892474808e+00,5.1841888892474808e+00,5.1841888892474808e+00,5.1841888892474808e+00,5.1841888892474808e+00,3.5376785361908492e+00,8.6224448712594703e-01,8.6224448712594703e-01,3.5376785361908492e+00,2.4667477731926843e+00,5.1841888892474808e+00,5.1841888892474808e+00,3.5376785361908492e+00,2.4667477731926843e+00,5.1841888892474808e+00,5.1841888892474808e+00,0.0000000000000000e+00,0.0000000000000000e+00,0.0000000000000000e+00,5.1841888892474808e+00,5.1841888892474808e+00,2.4667477731926843e+00,1.5912294089605927e+00,5.1841888892474808e+00,5.1841888892474808e+00,2.4667477731926843e+00,5.1841888892474808e+00,5.1841888892474808e+00,1.5912294089605927e+00,5.1841888892474808e+00,5.1841888892474808e+00,1.5912294089605927e+00,5.1841888892474808e+00,5.1841888892474808e+00,5.1841888892474808e+00,5.1841888892474808e+00,2.4667477731926843e+00,5.1841888892474808e+00,5.1841888892474808e+00,8.6224448712594703e-01,5.1841888892474808e+00,1.5912294089605927e+00,5.1841888892474808e+00,1.5912294089605927e+00,5.1841888892474808e+00,5.6856195128802627e+00,8.6224448712594703e-01,5.6856195128802627e+00,5.6856195128802627e+00,5.6856195128802627e+00,5.1841888892474808e+00,2.4667477731926843e+00,5.1841888892474808e+00,2.4667477731926843e+00,5.1841888892474808e+00,8.6224448712594703e-01,8.6224448712594703e-01,8.6224448712594703e-01,5.1841888892474808e+00,2.4667477731926843e+00,1.5912294089605927e+00,2.4667477731926843e+00,4.4727355801577415e+00,8.6224448712594703e-01,3.5376785361908492e+00,2.4667477731926843e+00,5.1841888892474808e+00,4.4727355801577415e+00,0.0000000000000000e+00,5.1841888892474808e+00,2.4667477731926843e+00,5.1841888892474808e+00,1.5912294089605927e+00,5.1841888892474808e+00,2.4667477731926843e+00,5.1841888892474808e+00,3.5376785361908492e+00,5.1841888892474808e+00,4.4727355801577415e+00,5.6856195128802627e+00,4.4727355801577415e+00,5.1841888892474808e+00,5.1841888892474808e+00,3.5376785361908492e+00,5.6856195128802627e+00,5.6856195128802627e+00,3.5376785361908492e+00,8.6224448712594703e-01,8.6224448712594703e-01,4.4727355801577415e+00,8.6224448712594703e-01,4.4727355801577415e+00,2.4667477731926843e+00,2.4667477731926843e+00,5.1841888892474808e+00,4.4727355801577415e+00,8.6224448712594703e-01,2.4667477731926843e+00,3.5376785361908492e+00,2.4667477731926843e+00,1.5912294089605927e+00,8.6224448712594703e-01,3.5376785361908492e+00,5.1841888892474808e+00,5.1841888892474808e+00,5.1841888892474808e+00,5.1841888892474808e+00,4.4727355801577415e+00,3.5376785361908492e+00,2.4667477731926843e+00,1.5912294089605927e+00,8.6224448712594703e-01,1.5912294089605927e+00,5.1841888892474808e+00,5.6856195128802627e+00,3.5376785361908492e+00,0.0000000000000000e+00,3.5376785361908492e+00,2.4667477731926843e+00,5.1841888892474808e+00,1.5912294089605927e+00,1.5912294089605927e+00,5.1841888892474808e+00,2.4667477731926843e+00,4.4727355801577415e+00,2.4667477731926843e+00,4.4727355801577415e+00,0.0000000000000000e+00,8.6224448712594703e-01,0.0000000000000000e+00,1.5912294089605927e+00,3.5376785361908492e+00,3.5376785361908492e+00,3.5376785361908492e+00,2.4667477731926843e+00,0.0000000000000000e+00,8.6224448712594703e-01,4.4727355801577415e+00,5.1841888892474808e+00,5.1841888892474808e+00,8.6224448712594703e-01,2.4667477731926843e+00,2.4667477731926843e+00,5.1841888892474808e+00,1.5912294089605927e+00,5.1841888892474808e+00,1.5912294089605927e+00,8.6224448712594703e-01,8.6224448712594703e-01,1.5912294089605927e+00,2.4667477731926843e+00,5.6856195128802627e+00,2.4667477731926843e+00,5.1841888892474808e+00,5.1841888892474808e+00,1.5912294089605927e+00,5.1841888892474808e+00,0.0000000000000000e+00,2.4667477731926843e+00,3.5376785361908492e+00,5.1841888892474808e+00,0.0000000000000000e+00,5.1841888892474808e+00,4.4727355801577415e+00,4.4727355801577415e+00,3.5376785361908492e+00,4.4727355801577415e+00,1.5912294089605927e+00,5.1841888892474808e+00,3.5376785361908492e+00,1.5912294089605927e+00,1.5912294089605927e+00,4.4727355801577415e+00,4.4727355801577415e+00,5.6856195128802627e+00,1.5912294089605927e+00,5.1841888892474808e+00,4.4727355801577415e+00,2.4667477731926843e+00,3.5376785361908492e+00,3.5376785361908492e+00,4.4727355801577415e+00,5.6856195128802627e+00,0.0000000000000000e+00,5.6856195128802627e+00,5.6856195128802627e+00,5.1841888892474808e+00,5.1841888892474808e+00,3.5376785361908492e+00,5.1841888892474808e+00,5.6856195128802627e+00,1.5912294089605927e+00,0.0000000000000000e+00,4.4727355801577415e+00,4.4727355801577415e+00,0.0000000000000000e+00,5.1841888892474808e+00,4.4727355801577415e+00,8.6224448712594703e-01,5.1841888892474808e+00,8.6224448712594703e-01,2.4667477731926843e+00,5.1841888892474808e+00,4.4727355801577415e+00,5.1841888892474808e+00,5.6856195128802627e+00,4.4727355801577415e+00,2.4667477731926843e+00,2.4667477731926843e+00,0.0000000000000000e+00,1.5912294089605927e+00,3.5376785361908492e+00,5.1841888892474808e+00,5.6856195128802627e+00,8.6224448712594703e-01,2.4667477731926843e+00,5.1841888892474808e+00,4.4727355801577415e+00,2.4667477731926843e+00,5.6856195128802627e+00,3.5376785361908492e+00,1.5912294089605927e+00,5.1841888892474808e+00,4.4727355801577415e+00,3.5376785361908492e+00,5.1841888892474808e+00,5.1841888892474808e+00,5.1841888892474808e+00,1.5912294089605927e+00,2.4667477731926843e+00,3.5376785361908492e+00,3.5376785361908492e+00,3.5376785361908492e+00,2.4667477731926843e+00,3.5376785361908492e+00,2.4667477731926843e+00,5.1841888892474808e+00,2.4667477731926843e+00,8.6224448712594703e-01,8.6224448712594703e-01,8.6224448712594703e-01,1.5912294089605927e+00,2.4667477731926843e+00,5.1841888892474808e+00,5.1841888892474808e+00,5.1841888892474808e+00,8.6224448712594703e-01,5.6856195128802627e+00,5.6856195128802627e+00,4.4727355801577415e+00,2.4667477731926843e+00,5.1841888892474808e+00,5.1841888892474808e+00,5.1841888892474808e+00,5.1841888892474808e+00,5.1841888892474808e+00,5.1841888892474808e+00,5.6856195128802627e+00,5.1841888892474808e+00,5.6856195128802627e+00,4.4727355801577415e+00,5.6856195128802627e+00,3.5376785361908492e+00,1.5912294089605927e+00,3.5376785361908492e+00,3.5376785361908492e+00,5.1841888892474808e+00,5.1841888892474808e+00,3.5376785361908492e+00,5.6856195128802627e+00,3.5376785361908492e+00,5.1841888892474808e+00,2.4667477731926843e+00,0.0000000000000000e+00,0.0000000000000000e+00,2.4667477731926843e+00,5.1841888892474808e+00,3.5376785361908492e+00,5.1841888892474808e+00,5.1841888892474808e+00,5.1841888892474808e+00,5.1841888892474808e+00,1.5912294089605927e+00,2.4667477731926843e+00,3.5376785361908492e+00,5.6856195128802627e+00,0.0000000000000000e+00,5.6856195128802627e+00,2.4667477731926843e+00,2.4667477731926843e+00,5.1841888892474808e+00,2.4667477731926843e+00,5.6856195128802627e+00,3.5376785361908492e+00,5.6856195128802627e+00,5.1841888892474808e+00,5.1841888892474808e+00,4.4727355801577415e+00,5.1841888892474808e+00,5.1841888892474808e+00,5.1841888892474808e+00,3.5376785361908492e+00,0.0000000000000000e+00,0.0000000000000000e+00,2.4667477731926843e+00,5.6856195128802627e+00,1.5912294089605927e+00,5.1841888892474808e+00,5.1841888892474808e+00,8.6224448712594703e-01,5.1841888892474808e+00,0.0000000000000000e+00,1.5912294089605927e+00,2.4667477731926843e+00,1.5912294089605927e+00,5.6856195128802627e+00,5.6856195128802627e+00,8.6224448712594703e-01,1.5912294089605927e+00,1.5912294089605927e+00,5.6856195128802627e+00,5.1841888892474808e+00,3.5376785361908492e+00,5.6856195128802627e+00,4.4727355801577415e+00,5.6856195128802627e+00,4.4727355801577415e+00,1.5912294089605927e+00,4.4727355801577415e+00,5.6856195128802627e+00,8.6224448712594703e-01,4.4727355801577415e+00,4.4727355801577415e+00,4.4727355801577415e+00,5.1841888892474808e+00,4.4727355801577415e+00,5.1841888892474808e+00,1.5912294089605927e+00,5.1841888892474808e+00,2.4667477731926843e+00,8.6224448712594703e-01,2.4667477731926843e+00,4.4727355801577415e+00,1.5912294089605927e+00,5.1841888892474808e+00,1.5912294089605927e+00,1.5912294089605927e+00,5.6856195128802627e+00,5.6856195128802627e+00,5.1841888892474808e+00,0.0000000000000000e+00,5.1841888892474808e+00,4.4727355801577415e+00,5.1841888892474808e+00,5.1841888892474808e+00,5.6856195128802627e+00,1.5912294089605927e+00,4.4727355801577415e+00,5.1841888892474808e+00,5.1841888892474808e+00,2.4667477731926843e+00,5.6856195128802627e+00,5.1841888892474808e+00,1.5912294089605927e+00,0.0000000000000000e+00,1.5912294089605927e+00,5.1841888892474808e+00,5.1841888892474808e+00,2.4667477731926843e+00,5.1841888892474808e+00,5.6856195128802627e+00,5.6856195128802627e+00,5.1841888892474808e+00,5.1841888892474808e+00,3.5376785361908492e+00,5.1841888892474808e+00,5.1841888892474808e+00,3.5376785361908492e+00,0.0000000000000000e+00,5.1841888892474808e+00,5.1841888892474808e+00,5.1841888892474808e+00,1.5912294089605927e+00,5.1841888892474808e+00,0.0000000000000000e+00,5.1841888892474808e+00,5.6856195128802627e+00,5.6856195128802627e+00,5.1841888892474808e+00,0.0000000000000000e+00,3.5376785361908492e+00,4.4727355801577415e+00,4.4727355801577415e+00,4.4727355801577415e+00,5.1841888892474808e+00,4.4727355801577415e+00,5.6856195128802627e+00,4.4727355801577415e+00,8.6224448712594703e-01,1.5912294089605927e+00,1.5912294089605927e+00,5.1841888892474808e+00,4.4727355801577415e+00,5.1841888892474808e+00,1.5912294089605927e+00,5.1841888892474808e+00,1.5912294089605927e+00,4.4727355801577415e+00,8.6224448712594703e-01,5.1841888892474808e+00,5.6856195128802627e+00,4.4727355801577415e+00,2.4667477731926843e+00,4.4727355801577415e+00,1.5912294089605927e+00,8.6224448712594703e-01,2.4667477731926843e+00,2.4667477731926843e+00,0.0000000000000000e+00,5.6856195128802627e+00,1.5912294089605927e+00,5.1841888892474808e+00,1.5912294089605927e+00,1.5912294089605927e+00,5.1841888892474808e+00,4.4727355801577415e+00,4.4727355801577415e+00,5.6856195128802627e+00,1.5912294089605927e+00,5.1841888892474808e+00,5.6856195128802627e+00,0.0000000000000000e+00,5.1841888892474808e+00,2.4667477731926843e+00,5.6856195128802627e+00,4.4727355801577415e+00,0.0000000000000000e+00,4.4727355801577415e+00,5.6856195128802627e+00,5.1841888892474808e+00,4.4727355801577415e+00,5.1841888892474808e+00,0.0000000000000000e+00,4.4727355801577415e+00,4.4727355801577415e+00,4.4727355801577415e+00,5.1841888892474808e+00,2.4667477731926843e+00,4.4727355801577415e+00,5.6856195128802627e+00,5.6856195128802627e+00,4.4727355801577415e+00,4.4727355801577415e+00,4.4727355801577415e+00,5.6856195128802627e+00,4.4727355801577415e+00,5.6856195128802627e+00,8.6224448712594703e-01,5.1841888892474808e+00,4.4727355801577415e+00,1.5912294089605927e+00,5.6856195128802627e+00,3.5376785361908492e+00,0.0000000000000000e+00,5.6856195128802627e+00,2.4667477731926843e+00,4.4727355801577415e+00,1.5912294089605927e+00,8.6224448712594703e-01,5.6856195128802627e+00,5.1841888892474808e+00,5.1841888892474808e+00,3.5376785361908492e+00,5.1841888892474808e+00,4.4727355801577415e+00,4.4727355801577415e+00,2.4667477731926843e+00,5.1841888892474808e+00,4.4727355801577415e+00,4.4727355801577415e+00,5.6856195128802627e+00,5.6856195128802627e+00,3.5376785361908492e+00,4.4727355801577415e+00,5.6856195128802627e+00,5.1841888892474808e+00,5.1841888892474808e+00,5.6856195128802627e+00,5.1841888892474808e+00,2.4667477731926843e+00,5.1841888892474808e+00,5.6856195128802627e+00,5.6856195128802627e+00,0.0000000000000000e+00,5.1841888892474808e+00,8.6224448712594703e-01,5.6856195128802627e+00,5.6856195128802627e+00,5.1841888892474808e+00,1.5912294089605927e+00,8.6224448712594703e-01,4.4727355801577415e+00,5.6856195128802627e+00,2.4667477731926843e+00,1.5912294089605927e+00,8.6224448712594703e-01,8.6224448712594703e-01,5.1841888892474808e+00,1.5912294089605927e+00,1.5912294089605927e+00,5.1841888892474808e+00,5.6856195128802627e+00,8.6224448712594703e-01,5.6856195128802627e+00,5.1841888892474808e+00,3.5376785361908492e+00,4.4727355801577415e+00,3.5376785361908492e+00,4.4727355801577415e+00,4.4727355801577415e+00,3.5376785361908492e+00,5.1841888892474808e+00,3.5376785361908492e+00,2.4667477731926843e+00,3.5376785361908492e+00,5.6856195128802627e+00,3.5376785361908492e+00,0.0000000000000000e+00,3.5376785361908492e+00,5.1841888892474808e+00,5.1841888892474808e+00,5.1841888892474808e+00,1.5912294089605927e+00,5.6856195128802627e+00,5.6856195128802627e+00,5.1841888892474808e+00,5.1841888892474808e+00,2.4667477731926843e+00,5.1841888892474808e+00,4.4727355801577415e+00,5.1841888892474808e+00,5.1841888892474808e+00,2.4667477731926843e+00,4.4727355801577415e+00,5.1841888892474808e+00,2.4667477731926843e+00,0.0000000000000000e+00,5.1841888892474808e+00,5.6856195128802627e+00,2.4667477731926843e+00,5.1841888892474808e+00,5.1841888892474808e+00,4.4727355801577415e+00,5.1841888892474808e+00,5.6856195128802627e+00,4.4727355801577415e+00,2.4667477731926843e+00,3.5376785361908492e+00,2.4667477731926843e+00,0.0000000000000000e+00,0.0000000000000000e+00,5.1841888892474808e+00,5.1841888892474808e+00,5.1841888892474808e+00,5.1841888892474808e+00,2.4667477731926843e+00,5.6856195128802627e+00,5.1841888892474808e+00,5.6856195128802627e+00,4.4727355801577415e+00,3.5376785361908492e+00,5.1841888892474808e+00,8.6224448712594703e-01,2.4667477731926843e+00,5.1841888892474808e+00,2.4667477731926843e+00,5.1841888892474808e+00,8.6224448712594703e-01,4.4727355801577415e+00,3.5376785361908492e+00,1.5912294089605927e+00,0.0000000000000000e+00,5.1841888892474808e+00,2.4667477731926843e+00,5.1841888892474808e+00,0.0000000000000000e+00,5.1841888892474808e+00,8.6224448712594703e-01,3.5376785361908492e+00,4.4727355801577415e+00,3.5376785361908492e+00,3.5376785361908492e+00,5.1841888892474808e+00,5.1841888892474808e+00,2.4667477731926843e+00,2.4667477731926843e+00,5.1841888892474808e+00,5.1841888892474808e+00,1.5912294089605927e+00,1.5912294089605927e+00,5.1841888892474808e+00,5.1841888892474808e+00,5.1841888892474808e+00,1.5912294089605927e+00,5.6856195128802627e+00,5.6856195128802627e+00,5.6856195128802627e+00,3.5376785361908492e+00,3.5376785361908492e+00,5.1841888892474808e+00,8.6224448712594703e-01,2.4667477731926843e+00,5.6856195128802627e+00,5.1841888892474808e+00,4.4727355801577415e+00,3.5376785361908492e+00,8.6224448712594703e-01,0.0000000000000000e+00,5.1841888892474808e+00,5.1841888892474808e+00,5.1841888892474808e+00,2.4667477731926843e+00,5.1841888892474808e+00,5.1841888892474808e+00,3.5376785361908492e+00,8.6224448712594703e-01,5.1841888892474808e+00,5.1841888892474808e+00,0.0000000000000000e+00,4.4727355801577415e+00,5.1841888892474808e+00,5.1841888892474808e+00,4.4727355801577415e+00,3.5376785361908492e+00,5.1841888892474808e+00,3.5376785361908492e+00,0.0000000000000000e+00,2.4667477731926843e+00,5.6856195128802627e+00,5.1841888892474808e+00,5.6856195128802627e+00,5.6856195128802627e+00,5.6856195128802627e+00,8.6224448712594703e-01,0.0000000000000000e+00,5.1841888892474808e+00,2.4667477731926843e+00,1.5912294089605927e+00,5.1841888892474808e+00,1.5912294089605927e+00,5.6856195128802627e+00,1.5912294089605927e+00,3.5376785361908492e+00,5.1841888892474808e+00,3.5376785361908492e+00,3.5376785361908492e+00,8.6224448712594703e-01,4.4727355801577415e+00,5.1841888892474808e+00,5.6856195128802627e+00,1.5912294089605927e+00,3.5376785361908492e+00,4.4727355801577415e+00,5.1841888892474808e+00,3.5376785361908492e+00,5.1841888892474808e+00,8.6224448712594703e-01,1.5912294089605927e+00,5.6856195128802627e+00,5.1841888892474808e+00,1.5912294089605927e+00,4.4727355801577415e+00,1.5912294089605927e+00,5.1841888892474808e+00,4.4727355801577415e+00,1.5912294089605927e+00,1.5912294089605927e+00,5.1841888892474808e+00,5.6856195128802627e+00,2.4667477731926843e+00,5.1841888892474808e+00,0.0000000000000000e+00,4.4727355801577415e+00,5.6856195128802627e+00,5.1841888892474808e+00,5.1841888892474808e+00,5.6856195128802627e+00,3.5376785361908492e+00,5.1841888892474808e+00,5.1841888892474808e+00,5.1841888892474808e+00,8.6224448712594703e-01,1.5912294089605927e+00,5.6856195128802627e+00,5.6856195128802627e+00,5.1841888892474808e+00,5.6856195128802627e+00,0.0000000000000000e+00,5.1841888892474808e+00,3.5376785361908492e+00,3.5376785361908492e+00,3.5376785361908492e+00,3.5376785361908492e+00,3.5376785361908492e+00,5.6856195128802627e+00,5.1841888892474808e+00,5.1841888892474808e+00,5.1841888892474808e+00,1.5912294089605927e+00,5.1841888892474808e+00,3.5376785361908492e+00,5.1841888892474808e+00,5.1841888892474808e+00,4.4727355801577415e+00,5.6856195128802627e+00,5.1841888892474808e+00,2.4667477731926843e+00,4.4727355801577415e+00,1.5912294089605927e+00,5.6856195128802627e+00,4.4727355801577415e+00,5.1841888892474808e+00,4.4727355801577415e+00,5.1841888892474808e+00,2.4667477731926843e+00,2.4667477731926843e+00,0.0000000000000000e+00,4.4727355801577415e+00,8.6224448712594703e-01,5.1841888892474808e+00,8.6224448712594703e-01,5.6856195128802627e+00,5.6856195128802627e+00,5.6856195128802627e+00,0.0000000000000000e+00,3.5376785361908492e+00,4.4727355801577415e+00,5.1841888892474808e+00,4.4727355801577415e+00,5.1841888892474808e+00,4.4727355801577415e+00,3.5376785361908492e+00,2.4667477731926843e+00,2.4667477731926843e+00,3.5376785361908492e+00,5.1841888892474808e+00,5.1841888892474808e+00,5.1841888892474808e+00,4.4727355801577415e+00,0.0000000000000000e+00,8.6224448712594703e-01,4.4727355801577415e+00,1.5912294089605927e+00,5.6856195128802627e+00,0.0000000000000000e+00,0.0000000000000000e+00,2.4667477731926843e+00,2.4667477731926843e+00,5.6856195128802627e+00,5.1841888892474808e+00,4.4727355801577415e+00,3.5376785361908492e+00,1.5912294089605927e+00,5.6856195128802627e+00,2.4667477731926843e+00,5.1841888892474808e+00,5.1841888892474808e+00,5.6856195128802627e+00,5.1841888892474808e+00,8.6224448712594703e-01,4.4727355801577415e+00,8.6224448712594703e-01,1.5912294089605927e+00,8.6224448712594703e-01,5.6856195128802627e+00,4.4727355801577415e+00,2.4667477731926843e+00,2.4667477731926843e+00,1.5912294089605927e+00,3.5376785361908492e+00,5.6856195128802627e+00,1.5912294089605927e+00,5.6856195128802627e+00,3.5376785361908492e+00,5.6856195128802627e+00,8.6224448712594703e-01,0.0000000000000000e+00,5.6856195128802627e+00,5.6856195128802627e+00,0.0000000000000000e+00,5.1841888892474808e+00,0.0000000000000000e+00,4.4727355801577415e+00,4.4727355801577415e+00,3.5376785361908492e+00,5.6856195128802627e+00,2.4667477731926843e+00,5.6856195128802627e+00,2.4667477731926843e+00,1.5912294089605927e+00,2.4667477731926843e+00,0.0000000000000000e+00,5.1841888892474808e+00,0.0000000000000000e+00,1.5912294089605927e+00,3.5376785361908492e+00,8.6224448712594703e-01,3.5376785361908492e+00,5.6856195128802627e+00,5.6856195128802627e+00,5.1841888892474808e+00,5.1841888892474808e+00,0.0000000000000000e+00,5.1841888892474808e+00,5.6856195128802627e+00,8.6224448712594703e-01,4.4727355801577415e+00,5.1841888892474808e+00,4.4727355801577415e+00,5.1841888892474808e+00,8.6224448712594703e-01,1.5912294089605927e+00,5.6856195128802627e+00,8.6224448712594703e-01,0.0000000000000000e+00,5.6856195128802627e+00,8.6224448712594703e-01,2.4667477731926843e+00,5.6856195128802627e+00,0.0000000000000000e+00,1.5912294089605927e+00,3.5376785361908492e+00,2.4667477731926843e+00,1.5912294089605927e+00,2.4667477731926843e+00,1.5912294089605927e+00,1.5912294089605927e+00,0.0000000000000000e+00,4.4727355801577415e+00,4.4727355801577415e+00,0.0000000000000000e+00,5.6856195128802627e+00,2.4667477731926843e+00,4.4727355801577415e+00,4.4727355801577415e+00,5.1841888892474808e+00,5.6856195128802627e+00,5.6856195128802627e+00,5.1841888892474808e+00,5.1841888892474808e+00,1.5912294089605927e+00,4.4727355801577415e+00,1.5912294089605927e+00,3.5376785361908492e+00,8.6224448712594703e-01,1.5912294089605927e+00,5.1841888892474808e+00,5.6856195128802627e+00,1.5912294089605927e+00,3.5376785361908492e+00,5.1841888892474808e+00,5.1841888892474808e+00,5.1841888892474808e+00,3.5376785361908492e+00,1.5912294089605927e+00,5.6856195128802627e+00,5.1841888892474808e+00,5.1841888892474808e+00,5.1841888892474808e+00,5.1841888892474808e+00,8.6224448712594703e-01,3.5376785361908492e+00,1.5912294089605927e+00,5.1841888892474808e+00,5.1841888892474808e+00,5.1841888892474808e+00,5.6856195128802627e+00,5.6856195128802627e+00,3.5376785361908492e+00,5.1841888892474808e+00,5.1841888892474808e+00,5.6856195128802627e+00,5.1841888892474808e+00,5.6856195128802627e+00,3.5376785361908492e+00,1.5912294089605927e+00,8.6224448712594703e-01,0.0000000000000000e+00,5.6856195128802627e+00,4.4727355801577415e+00,1.5912294089605927e+00,8.6224448712594703e-01,0.0000000000000000e+00,8.6224448712594703e-01,5.6856195128802627e+00,2.4667477731926843e+00,5.6856195128802627e+00,4.4727355801577415e+00,5.6856195128802627e+00,5.1841888892474808e+00,5.1841888892474808e+00,5.6856195128802627e+00,8.6224448712594703e-01,5.6856195128802627e+00,2.4667477731926843e+00,2.4667477731926843e+00,5.1841888892474808e+00,4.4727355801577415e+00,4.4727355801577415e+00,4.4727355801577415e+00,8.6224448712594703e-01,5.6856195128802627e+00,4.4727355801577415e+00,0.0000000000000000e+00,1.5912294089605927e+00,5.1841888892474808e+00,8.6224448712594703e-01,5.1841888892474808e+00,5.1841888892474808e+00,5.1841888892474808e+00,5.1841888892474808e+00,5.1841888892474808e+00,5.1841888892474808e+00,5.6856195128802627e+00,3.5376785361908492e+00,3.5376785361908492e+00,3.5376785361908492e+00,5.6856195128802627e+00,5.1841888892474808e+00,3.5376785361908492e+00,3.5376785361908492e+00,1.5912294089605927e+00,5.1841888892474808e+00,3.5376785361908492e+00,5.1841888892474808e+00,2.4667477731926843e+00,5.6856195128802627e+00,5.1841888892474808e+00,5.1841888892474808e+00,2.4667477731926843e+00,5.6856195128802627e+00,3.5376785361908492e+00,0.0000000000000000e+00,5.6856195128802627e+00,5.1841888892474808e+00,8.6224448712594703e-01,4.4727355801577415e+00,5.1841888892474808e+00,5.1841888892474808e+00,2.4667477731926843e+00,2.4667477731926843e+00,5.1841888892474808e+00,5.1841888892474808e+00,4.4727355801577415e+00,2.4667477731926843e+00,2.4667477731926843e+00,5.1841888892474808e+00,5.1841888892474808e+00,8.6224448712594703e-01,4.4727355801577415e+00,4.4727355801577415e+00,5.6856195128802627e+00,2.4667477731926843e+00,8.6224448712594703e-01,1.5912294089605927e+00,5.1841888892474808e+00,0.0000000000000000e+00,3.5376785361908492e+00,8.6224448712594703e-01,2.4667477731926843e+00,5.6856195128802627e+00,1.5912294089605927e+00,5.6856195128802627e+00
2.6548125353015126e+00,2.6548125353015126e+00,5.6876401403887140e+00,5.6876401403887140e+00,4.7847353700186428e+00,0.0000000000000000e+00,2.6548125353015126e+00,0.0000000000000000e+00,5.3115895965904238e+00,5.6876401403887140e+00,5.3115895965904238e+00,3.1660909335602696e+00,0.0000000000000000e+00,0.0000000000000000e+00,5.6876401403887140e+00,3.1660909335602696e+00,4.7847353700186428e+00,5.6876401403887140e+00,5.3115895965904238e+00,4.7847353700186428e+00,4.7847353700186428e+00,4.7847353700186428e+00,4.7847353700186428e+00,4.7847353700186428e+00,3.1660909335602696e+00,8.4569639651588269e-01,8.4569639651588269e-01,5.6876401403887140e+00,3.1660909335602696e+00,4.7847353700186428e+00,5.6876401403887140e+00,0.0000000000000000e+00,3.1660909335602696e+00,2.6548125353015126e+00,2.6548125353015126e+00,5.6876401403887140e+00,1.5607035550740995e+00,5.3115895965904238e+00,5.3115895965904238e+00,4.7847353700186428e+00,2.6548125353015126e+00,5.6876401403887140e+00,5.3115895965904238e+00,5.6876401403887140e+00,8.4569639651588269e-01,5.6876401403887140e+00,5.3115895965904238e+00,5.6876401403887140e+00,5.3115895965904238e+00,5.3115895965904238e+00,4.7847353700186428e+00,5.3115895965904238e+00,4.7847353700186428e+00,4.7847353700186428e+00,2.6548125353015126e+00,5.3115895965904238e+00,3.1660909335602696e+00,0.0000000000000000e+00,2.6548125353015126e+00,4.7847353700186428e+00,4.7847353700186428e+00,4.7847353700186428e+00,4.7847353700186428e+00,0.0000000000000000e+00,4.7847353700186428e+00,5.6876401403887140e+00,4.7847353700186428e+00,4.7847353700186428e+00,3.1660909335602696e+00,8.4569639651588269e-01,2.6548125353015126e+00,5.6876401403887140e+00,5.6876401403887140e+00,0.0000000000000000e+00,5.3115895965904238e+00,2.6548125353015126e+00,1.5607035550740995e+00,5.3115895965904238e+00,3.1660909335602696e+00,5.3115895965904238e+00,5.3115895965904238e+00,8.4569639651588269e-01,5.3115895965904238e+00,0.0000000000000000e+00,5.3115895965904238e+00,2.6548125353015126e+00,5.3115895965904238e+00,4.7847353700186428e+00,2.6548125353015126e+00,2.6548125353015126e+00,5.6876401403887140e+00,8.4569639651588269e-01,0.0000000000000000e+00,4.7847353700186428e+00,8.4569639651588269e-01,3.1660909335602696e+00,5.3115895965904238e+00,1.5607035550740995e+00,5.3115895965904238e+00,4.7847353700186428e+00,4.7847353700186428e+00,5.3115895965904238e+00,2.6548125353015126e+00,2.6548125353015126e+00,2.6548125353015126e+00,3.1660909335602696e+00,4.7847353700186428e+00,3.1660909335602696e+00,2.6548125353015126e+00,1.5607035550740995e+00,2.6548125353015126e+00,8.4569639651588269e-01,4.7847353700186428e+00,5.6876401403887140e+00,1.5607035550740995e+00,5.6876401403887140e+00,2.6548125353015126e+00,1.5607035550740995e+00,2.6548125353015126e+00,2.6548125353015126e+00,2.6548125353015126e+00,2.6548125353015126e+00,1.5607035550740995e+00,3.1660909335602696e+00,8.4569639651588269e-01,0.0000000000000000e+00,8.4569639651588269e-01,4.7847353700186428e+00,8.4569639651588269e-01,5.6876401403887140e+00,3.1660909335602696e+00,1.5607035550740995e+00,3.1660909335602696e+00,3.1660909335602696e+00,8.4569639651588269e-01,3.1660909335602696e+00,2.6548125353015126e+00,0.0000000000000000e+00,3.1660909335602696e+00,5.6876401403887140e+00,1.5607035550740995e+00,5.6876401403887140e+00,5.6876401403887140e+00,1.5607035550740995e+00,8.4569639651588269e-01,3.1660909335602696e+00,8.4569639651588269e-01,4.7847353700186428e+00,5.3115895965904238e+00,5.6876401403887140e+00,5.3115895965904238e+00,5.3115895965904238e+00,2.6548125353015126e+00,4.7847353700186428e+00,4.7847353700186428e+00,4.7847353700186428e+00,4.7847353700186428e+00,5.6876401403887140e+00,4.7847353700186428e+00,5.3115895965904238e+00,4.7847353700186428e+00,5.6876401403887140e+00,5.3115895965904238e+00,1.5607035550740995e+00,1.5607035550740995e+00,4.7847353700186428e+00,4.7847353700186428e+00,4.7847353700186428e+00,1.5607035550740995e+00,8.4569639651588269e-01,5.3115895965904238e+00,2.6548125353015126e+00,2.6548125353015126e+00,3.1660909335602696e+00,5.6876401403887140e+00,5.3115895965904238e+00,5.6876401403887140e+00,5.3115895965904238e+00,5.6876401403887140e+00,2.6548125353015126e+00,2.6548125353015126e+00,5.3115895965904238e+00,3.1660909335602696e+00,3.1660909335602696e+00,3.1660909335602696e+00,8.4569639651588269e-01,5.3115895965904238e+00,4.7847353700186428e+00,4.7847353700186428e+00,3.1660909335602696e+00,5.3115895965904238e+00,5.6876401403887140e+00,5.3115895965904238e+00,4.7847353700186428e+00,4.7847353700186428e+00,0.0000000000000000e+00,4.7847353700186428e+00,8.4569639651588269e-01,5.6876401403887140e+00,4.7847353700186428e+00,3.1660909335602696e+00,4.7847353700186428e+00,3.1660909335602696e+00,5.6876401403887140e+00,8.4569639651588269e-01,5.6876401403887140e+00,2.6548125353015126e+00,3.1660909335602696e+00,5.6876401403887140e+00,5.6876401403887140e+00,5.6876401403887140e+00,1.5607035550740995e+00,1.5607035550740995e+00,8.4569639651588269e-01,1.5607035550740995e+00,1.5607035550740995e+00,5.6876401403887140e+00,1.5607035550740995e+00,3.1660909335602696e+00,4.7847353700186428e+00,8.4569639651588269e-01,5.6876401403887140e+00,2.6548125353015126e+00,5.6876401403887140e+00,5.6876401403887140e+00,3.1660909335602696e+00,3.1660909335602696e+00,1.5607035550740995e+00,5.6876401403887140e+00,3.1660909335602696e+00,5.3115895965904238e+00,5.6876401403887140e+00,3.1660909335602696e+00,1.5607035550740995e+00,5.6876401403887140e+00,1.5607035550740995e+00,8.4569639651588269e-01,8.4569639651588269e-01,3.1660909335602696e+00,4.7847353700186428e+00,5.3115895965904238e+00,3.1660909335602696e+00,3.1660909335602696e+00,0.0000000000000000e+00,4.7847353700186428e+00,1.5607035550740995e+00,5.6876401403887140e+00,2.6548125353015126e+00,5.6876401403887140e+00,2.6548125353015126e+00,1.5607035550740995e+00,8.4569639651588269e-01,3.1660909335602696e+00,4.7847353700186428e+00,5.6876401403887140e+00,2.6548125353015126e+00,1.5607035550740995e+00,5.6876401403887140e+00,3.1660909335602696e+00,2.6548125353015126e+00,8.4569639651588269e-01,5.3115895965904238e+00,3.1660909335602696e+00,4.7847353700186428e+00,4.7847353700186428e+00,8.4569639651588269e-01,8.4569639651588269e-01,2.6548125353015126e+00,5.6876401403887140e+00,0.0000000000000000e+00,1.5607035550740995e+00,5.3115895965904238e+00,2.6548125353015126e+00,5.6876401403887140e+00,2.6548125353015126e+00,3.1660909335602696e+00,0.0000000000000000e+00,5.3115895965904238e+00,5.3115895965904238e+00,4.7847353700186428e+00,4.7847353700186428e+00,4.7847353700186428e+00,8.4569639651588269e-01,2.6548125353015126e+00,3.1660909335602696e+00,4.7847353700186428e+00,8.4569639651588269e-01,5.6876401403887140e+00,5.6876401403887140e+00,5.6876401403887140e+00,4.7847353700186428e+00,5.6876401403887140e+00,8.4569639651588269e-01,5.6876401403887140e+00,5.6876401403887140e+00,8.4569639651588269e-01,3.1660909335602696e+00,5.6876401403887140e+00,1.5607035550740995e+00,5.3115895965904238e+00,4.7847353700186428e+00,1.5607035550740995e+00,5.3115895965904238e+00,4.7847353700186428e+00,3.1660909335602696e+00,5.6876401403887140e+00,5.6876401403887140e+00,5.6876401403887140e+00,5.6876401403887140e+00,5.3115895965904238e+00,0.0000000000000000e+00,4.7847353700186428e+00,8.4569639651588269e-01,4.7847353700186428e+00,2.6548125353015126e+00,1.5607035550740995e+00,1.5607035550740995e+00,0.0000000000000000e+00,4.7847353700186428e+00,0.0000000000000000e+00,3.1660909335602696e+00,3.1660909335602696e+00,0.0000000000000000e+00,4.7847353700186428e+00,4.7847353700186428e+00,0.0000000000000000e+00,3.1660909335602696e+00,4.7847353700186428e+00,3.1660909335602696e+00,2.6548125353015126e+00,5.3115895965904238e+00,0.0000000000000000e+00,4.7847353700186428e+00,4.7847353700186428e+00,4.7847353700186428e+00,5.6876401403887140e+00,8.4569639651588269e-01,3.1660909335602696e+00,8.4569639651588269e-01,4.7847353700186428e+00,4.7847353700186428e+00,3.1660909335602696e+00,5.3115895965904238e+00,1.5607035550740995e+00,0.0000000000000000e+00,4.7847353700186428e+00,5.3115895965904238e+00,5.6876401403887140e+00,5.6876401403887140e+00,5.6876401403887140e+00,5.3115895965904238e+00,1.5607035550740995e+00,4.7847353700186428e+00,1.5607035550740995e+00,4.7847353700186428e+00,4.7847353700186428e+00,3.1660909335602696e+00,5.6876401403887140e+00,2.6548125353015126e+00,8.4569639651588269e-01,3.1660909335602696e+00,5.6876401403887140e+00,4.7847353700186428e+00,4.7847353700186428e+00,3.1660909335602696e+00,3.1660909335602696e+00,5.6876401403887140e+00,5.6876401403887140e+00,5.6876401403887140e+00,8.4569639651588269e-01,3.1660909335602696e+00,3.1660909335602696e+00,3.1660909335602696e+00,3.1660909335602696e+00,0.0000000000000000e+00,5.6876401403887140e+00,3.1660909335602696e+00,5.6876401403887140e+00,1.5607035550740995e+00,5.6876401403887140e+00,3.1660909335602696e+00,3.1660909335602696e+00,5.6876401403887140e+00,1.5607035550740995e+00,8.4569639651588269e-01,4.7847353700186428e+00,4.7847353700186428e+00,4.7847353700186428e+00,5.3115895965904238e+00,5.6876401403887140e+00,2.6548125353015126e+00,4.7847353700186428e+00,2.6548125353015126e+00,5.3115895965904238e+00,8.4569639651588269e-01,8.4569639651588269e-01,5.6876401403887140e+00,4.7847353700186428e+00,1.5607035550740995e+00,0.0000000000000000e+00,4.7847353700186428e+00,4.7847353700186428e+00,5.3115895965904238e+00,5.3115895965904238e+00,8.4569639651588269e-01,3.1660909335602696e+00,4.7847353700186428e+00,4.7847353700186428e+00,3.1660909335602696e+00,3.1660909335602696e+00,0.0000000000000000e+00,5.6876401403887140e+00,5.6876401403887140e+00,8.4569639651588269e-01,5.6876401403887140e+00,5.6876401403887140e+00,5.6876401403887140e+00,2.6548125353015126e+00,5.6876401403887140e+00,0.0000000000000000e+00,0.0000000000000000e+00,5.6876401403887140e+00,0.0000000000000000e+00,5.6876401403887140e+00,4.7847353700186428e+00,3.1660909335602696e+00,4.7847353700186428e+00,8.4569639651588269e-01,1.5607035550740995e+00,1.5607035550740995e+00,1.5607035550740995e+00,2.6548125353015126e+00,0.0000000000000000e+00,8.4569639651588269e-01,3.1660909335602696e+00,3.1660909335602696e+00,3.1660909335602696e+00,3.1660909335602696e+00,4.7847353700186428e+00,0.0000000000000000e+00,4.7847353700186428e+00,5.6876401403887140e+00,3.1660909335602696e+00,5.3115895965904238e+00,5.6876401403887140e+00,1.5607035550740995e+00,3.1660909335602696e+00,1.5607035550740995e+00,3.1660909335602696e+00,5.6876401403887140e+00,3.1660909335602696e+00,2.6548125353015126e+00,1.5607035550740995e+00,3.1660909335602696e+00,1.5607035550740995e+00,4.7847353700186428e+00,0.0000000000000000e+00,5.3115895965904238e+00,3.1660909335602696e+00,5.6876401403887140e+00,4.7847353700186428e+00,4.7847353700186428e+00,5.6876401403887140e+00,2.6548125353015126e+00,2.6548125353015126e+00,1.5607035550740995e+00,0.0000000000000000e+00,5.3115895965904238e+00,2.6548125353015126e+00,4.7847353700186428e+00,3.1660909335602696e+00,0.0000000000000000e+00,5.6876401403887140e+00,3.1660909335602696e+00,0.0000000000000000e+00,0.0000000000000000e+00,5.6876401403887140e+00,3.1660909335602696e+00,5.6876401403887140e+00,5.6876401403887140e+00,3.1660909335602696e+00,1.5607035550740995e+00,4.7847353700186428e+00,4.7847353700186428e+00,2.6548125353015126e+00,5.6876401403887140e+00,1.5607035550740995e+00,5.6876401403887140e+00,5.3115895965904238e+00,5.3115895965904238e+00,1.5607035550740995e+00,1.5607035550740995e+00,4.7847353700186428e+00,5.6876401403887140e+00,3.1660909335602696e+00,1.5607035550740995e+00,4.7847353700186428e+00,5.6876401403887140e+00,4.7847353700186428e+00,5.3115895965904238e+00,3.1660909335602696e+00,5.6876401403887140e+00,5.3115895965904238e+00,5.6876401403887140e+00,5.6876401403887140e+00,0.0000000000000000e+00,2.6548125353015126e+00,5.6876401403887140e+00,5.3115895965904238e+00,4.7847353700186428e+00,4.7847353700186428e+00,3.1660909335602696e+00,4.7847353700186428e+00,5.6876401403887140e+00,4.7847353700186428e+00,4.7847353700186428e+00,4.7847353700186428e+00,1.5607035550740995e+00,4.7847353700186428e+00,1.5607035550740995e+00,5.6876401403887140e+00,4.7847353700186428e+00,5.3115895965904238e+00,8.4569639651588269e-01,4.7847353700186428e+00,4.7847353700186428e+00,5.6876401403887140e+00,5.6876401403887140e+00,5.6876401403887140e+00,4.7847353700186428e+00,0.0000000000000000e+00,5.6876401403887140e+00,4.7847353700186428e+00,4.7847353700186428e+00,4.7847353700186428e+00,5.6876401403887140e+00,2.6548125353015126e+00,5.6876401403887140e+00,5.6876401403887140e+00,3.1660909335602696e+00,5.6876401403887140e+00,5.3115895965904238e+00,2.6548125353015126e+00,5.6876401403887140e+00,5.6876401403887140e+00,3.1660909335602696e+00,5.6876401403887140e+00,1.5607035550740995e+00,3.1660909335602696e+00,5.6876401403887140e+00,1.5607035550740995e+00,5.6876401403887140e+00,5.6876401403887140e+00,4.7847353700186428e+00,5.6876401403887140e+00,4.7847353700186428e+00,4.7847353700186428e+00,4.7847353700186428e+00,5.6876401403887140e+00,4.7847353700186428e+00,0.0000000000000000e+00,2.6548125353015126e+00,5.6876401403887140e+00,2.6548125353015126e+00,2.6548125353015126e+00,5.6876401403887140e+00,5.6876401403887140e+00,5.3115895965904238e+00,5.6876401403887140e+00,4.7847353700186428e+00,2.6548125353015126e+00,1.5607035550740995e+00,4.7847353700186428e+00,5.3115895965904238e+00,4.7847353700186428e+00,5.3115895965904238e+00,5.6876401403887140e+00,5.6876401403887140e+00,8.4569639651588269e-01,2.6548125353015126e+00,5.3115895965904238e+00,5.6876401403887140e+00,4.7847353700186428e+00,1.5607035550740995e+00,0.0000000000000000e+00,2.6548125353015126e+00,3.1660909335602696e+00,8.4569639651588269e-01,8.4569639651588269e-01,1.5607035550740995e+00,3.1660909335602696e+00,0.0000000000000000e+00,8.4569639651588269e-01,5.6876401403887140e+00,5.6876401403887140e+00,5.6876401403887140e+00,3.1660909335602696e+00,2.6548125353015126e+00,8.4569639651588269e-01,5.6876401403887140e+00,2.6548125353015126e+00,3.1660909335602696e+00,0.0000000000000000e+00,2.6548125353015126e+00,5.6876401403887140e+00,5.3115895965904238e+00,5.6876401403887140e+00,5.3115895965904238e+00,5.3115895965904238e+00,5.6876401403887140e+00,2.6548125353015126e+00,0.0000000000000000e+00,2.6548125353015126e+00,2.6548125353015126e+00,5.3115895965904238e+00,8.4569639651588269e-01,2.6548125353015126e+00,8.4569639651588269e-01,0.0000000000000000e+00,4.7847353700186428e+00,2.6548125353015126e+00,2.6548125353015126e+00,5.6876401403887140e+00,5.3115895965904238e+00,5.6876401403887140e+00,3.1660909335602696e+00,3.1660909335602696e+00,5.6876401403887140e+00,1.5607035550740995e+00,3.1660909335602696e+00,5.6876401403887140e+00,0.0000000000000000e+00,5.6876401403887140e+00,3.1660909335602696e+00,0.0000000000000000e+00,5.6876401403887140e+00,2.6548125353015126e+00,1.5607035550740995e+00,5.6876401403887140e+00,5.3115895965904238e+00,5.6876401403887140e+00,5.6876401403887140e+00,5.3115895965904238e+00,8.4569639651588269e-01,5.6876401403887140e+00,4.7847353700186428e+00,5.6876401403887140e+00,8.4569639651588269e-01,5.6876401403887140e+00,5.6876401403887140e+00,5.6876401403887140e+00,8.4569639651588269e-01,5.6876401403887140e+00,1.5607035550740995e+00,1.5607035550740995e+00,4.7847353700186428e+00,5.6876401403887140e+00,5.6876401403887140e+00,2.6548125353015126e+00,5.3115895965904238e+00,2.6548125353015126e+00,5.6876401403887140e+00,5.6876401403887140e+00,5.3115895965904238e+00,5.6876401403887140e+00,0.0000000000000000e+00,3.1660909335602696e+00,1.5607035550740995e+00,8.4569639651588269e-01,5.6876401403887140e+00,3.1660909335602696e+00,5.6876401403887140e+00,1.5607035550740995e+00,5.6876401403887140e+00,8.4569639651588269e-01,5.6876401403887140e+00,5.6876401403887140e+00,5.6876401403887140e+00,1.5607035550740995e+00,5.6876401403887140e+00,8.4569639651588269e-01,1.5607035550740995e+00,5.6876401403887140e+00,1.5607035550740995e+00,2.6548125353015126e+00,5.6876401403887140e+00,5.6876401403887140e+00,5.6876401403887140e+00,5.6876401403887140e+00,0.0000000000000000e+00,4.7847353700186428e+00,4.7847353700186428e+00,0.0000000000000000e+00,4.7847353700186428e+00,5.6876401403887140e+00,4.7847353700186428e+00,8.4569639651588269e-01,4.7847353700186428e+00,5.3115895965904238e+00,4.7847353700186428e+00,5.6876401403887140e+00,5.3115895965904238e+00,5.6876401403887140e+00,2.6548125353015126e+00,2.6548125353015126e+00,2.6548125353015126e+00,5.6876401403887140e+00,2.6548125353015126e+00,4.7847353700186428e+00,5.3115895965904238e+00,3.1660909335602696e+00,5.6876401403887140e+00,3.1660909335602696e+00,3.1660909335602696e+00,8.4569639651588269e-01,5.6876401403887140e+00,5.6876401403887140e+00,5.6876401403887140e+00,0.0000000000000000e+00,5.6876401403887140e+00,5.6876401403887140e+00,0.0000000000000000e+00,2.6548125353015126e+00,5.3115895965904238e+00,4.7847353700186428e+00,4.7847353700186428e+00,5.3115895965904238e+00,1.5607035550740995e+00,5.6876401403887140e+00,5.3115895965904238e+00,5.6876401403887140e+00,5.3115895965904238e+00,4.7847353700186428e+00,5.6876401403887140e+00,5.6876401403887140e+00,2.6548125353015126e+00,2.6548125353015126e+00,5.6876401403887140e+00,5.6876401403887140e+00,5.6876401403887140e+00,3.1660909335602696e+00,2.6548125353015126e+00,5.6876401403887140e+00,5.6876401403887140e+00,5.6876401403887140e+00,5.6876401403887140e+00,2.6548125353015126e+00,0.0000000000000000e+00,4.7847353700186428e+00,5.3115895965904238e+00,5.3115895965904238e+00,3.1660909335602696e+00,5.6876401403887140e+00,1.5607035550740995e+00,3.1660909335602696e+00,5.6876401403887140e+00,5.6876401403887140e+00,5.6876401403887140e+00,4.7847353700186428e+00,5.3115895965904238e+00,5.6876401403887140e+00,5.6876401403887140e+00,3.1660909335602696e+00,5.6876401403887140e+00,4.7847353700186428e+00,5.6876401403887140e+00,8.4569639651588269e-01,5.6876401403887140e+00,4.7847353700186428e+00,0.0000000000000000e+00,5.6876401403887140e+00,4.7847353700186428e+00,5.6876401403887140e+00,5.6876401403887140e+00,5.6876401403887140e+00,4.7847353700186428e+00,5.6876401403887140e+00,2.6548125353015126e+00,5.6876401403887140e+00,1.5607035550740995e+00,1.5607035550740995e+00,5.3115895965904238e+00,2.6548125353015126e+00,4.7847353700186428e+00,5.3115895965904238e+00,5.3115895965904238e+00,5.6876401403887140e+00,5.6876401403887140e+00,4.7847353700186428e+00,2.6548125353015126e+00,8.4569639651588269e-01,5.3115895965904238e+00,4.7847353700186428e+00,2.6548125353015126e+00,5.6876401403887140e+00,4.7847353700186428e+00,4.7847353700186428e+00,8.4569639651588269e-01,1.5607035550740995e+00,4.7847353700186428e+00,3.1660909335602696e+00,4.7847353700186428e+00,5.6876401403887140e+00,5.3115895965904238e+00,5.6876401403887140e+00,8.4569639651588269e-01,2.6548125353015126e+00,3.1660909335602696e+00,8.4569639651588269e-01,5.6876401403887140e+00,5.3115895965904238e+00,5.6876401403887140e+00,1.5607035550740995e+00,5.3115895965904238e+00,3.1660909335602696e+00,5.3115895965904238e+00,5.6876401403887140e+00,8.4569639651588269e-01,2.6548125353015126e+00,0.0000000000000000e+00,5.3115895965904238e+00,0.0000000000000000e+00,5.3115895965904238e+00,8.4569639651588269e-01,8.4569639651588269e-01,4.7847353700186428e+00,2.6548125353015126e+00,1.5607035550740995e+00,1.5607035550740995e+00,3.1660909335602696e+00,5.6876401403887140e+00,5.3115895965904238e+00,5.3115895965904238e+00,5.3115895965904238e+00,4.7847353700186428e+00,5.6876401403887140e+00,5.6876401403887140e+00,2.6548125353015126e+00,5.6876401403887140e+00,5.3115895965904238e+00,4.7847353700186428e+00,5.3115895965904238e+00,1.5607035550740995e+00,8.4569639651588269e-01,5.3115895965904238e+00,5.3115895965904238e+00,5.3115895965904238e+00,5.3115895965904238e+00,5.3115895965904238e+00,5.3115895965904238e+00,5.3115895965904238e+00,4.7847353700186428e+00,2.6548125353015126e+00,5.3115895965904238e+00,1.5607035550740995e+00,8.4569639651588269e-01,5.6876401403887140e+00,0.0000000000000000e+00,5.3115895965904238e+00,1.5607035550740995e+00,3.1660909335602696e+00,5.3115895965904238e+00,5.3115895965904238e+00,8.4569639651588269e-01,5.6876401403887140e+00,5.6876401403887140e+00,5.3115895965904238e+00,5.3115895965904238e+00,5.6876401403887140e+00,1.5607035550740995e+00,2.6548125353015126e+00,5.6876401403887140e+00,5.6876401403887140e+00,5.6876401403887140e+00,4.7847353700186428e+00,4.7847353700186428e+00,4.7847353700186428e+00,1.5607035550740995e+00,4.7847353700186428e+00,4.7847353700186428e+00,5.3115895965904238e+00,5.6876401403887140e+00,5.3115895965904238e+00,5.6876401403887140e+00,4.7847353700186428e+00,5.3115895965904238e+00,5.6876401403887140e+00,5.6876401403887140e+00,4.7847353700186428e+00,5.3115895965904238e+00,0.0000000000000000e+00,5.6876401403887140e+00,2.6548125353015126e+00,2.6548125353015126e+00,1.5607035550740995e+00,1.5607035550740995e+00,0.0000000000000000e+00,8.4569639651588269e-01,5.6876401403887140e+00,5.6876401403887140e+00,4.7847353700186428e+00,5.6876401403887140e+00,5.3115895965904238e+00,2.6548125353015126e+00,5.6876401403887140e+00,5.3115895965904238e+00,3.1660909335602696e+00,5.3115895965904238e+00,3.1660909335602696e+00,8.4569639651588269e-01,4.7847353700186428e+00,5.3115895965904238e+00,5.6876401403887140e+00,5.3115895965904238e+00,5.6876401403887140e+00,5.3115895965904238e+00,1.5607035550740995e+00,1.5607035550740995e+00,3.1660909335602696e+00,5.3115895965904238e+00,1.5607035550740995e+00,5.3115895965904238e+00,5.3115895965904238e+00,5.3115895965904238e+00,0.0000000000000000e+00,3.1660909335602696e+00,5.3115895965904238e+00,5.6876401403887140e+00,0.0000000000000000e+00,5.6876401403887140e+00,1.5607035550740995e+00,5.6876401403887140e+00,5.3115895965904238e+00,5.3115895965904238e+00,5.3115895965904238e+00,3.1660909335602696e+00,2.6548125353015126e+00,2.6548125353015126e+00,5.6876401403887140e+00,4.7847353700186428e+00,5.3115895965904238e+00,1.5607035550740995e+00,2.6548125353015126e+00,5.6876401403887140e+00,5.6876401403887140e+00,8.4569639651588269e-01,5.6876401403887140e+00,2.6548125353015126e+00,3.1660909335602696e+00,2.6548125353015126e+00,5.6876401403887140e+00,4.7847353700186428e+00,2.6548125353015126e+00,5.3115895965904238e+00,0.0000000000000000e+00,5.6876401403887140e+00,2.6548125353015126e+00,5.6876401403887140e+00,4.7847353700186428e+00,1.5607035550740995e+00,5.3115895965904238e+00,5.6876401403887140e+00,5.6876401403887140e+00,8.4569639651588269e-01,8.4569639651588269e-01,5.6876401403887140e+00,8.4569639651588269e-01,5.6876401403887140e+00,4.7847353700186428e+00,3.1660909335602696e+00,5.6876401403887140e+00,1.5607035550740995e+00,8.4569639651588269e-01,5.3115895965904238e+00,5.3115895965904238e+00,3.1660909335602696e+00,2.6548125353015126e+00,5.3115895965904238e+00,4.7847353700186428e+00,8.4569639651588269e-01,0.0000000000000000e+00,1.5607035550740995e+00,5.3115895965904238e+00,5.6876401403887140e+00,5.3115895965904238e+00,0.0000000000000000e+00,1.5607035550740995e+00,3.1660909335602696e+00,5.6876401403887140e+00,0.0000000000000000e+00,4.7847353700186428e+00,2.6548125353015126e+00,5.3115895965904238e+00,8.4569639651588269e-01,2.6548125353015126e+00,0.0000000000000000e+00,5.3115895965904238e+00,0.0000000000000000e+00,1.5607035550740995e+00,1.5607035550740995e+00
7.9039332616328573e-01,2.5633633604337001e+00,2.5633633604337001e+00,3.7489174595816639e+00,7.9039332616328573e-01,3.7489174595816639e+00,3.7489174595816639e+00,7.9039332616328573e-01,0.0000000000000000e+00,3.7489174595816639e+00,3.7489174595816639e+00,7.9039332616328573e-01,3.7489174595816639e+00,1.7224109169776762e+00,3.7489174595816639e+00,6.3354525155746542e+00,6.3354525155746542e+00,3.4628875801776147e+00,3.4628875801776147e+00,0.0000000000000000e+00,7.9039332616328573e-01,1.7224109169776762e+00,1.7224109169776762e+00,1.7224109169776762e+00,2.5633633604337001e+00,0.0000000000000000e+00,7.9039332616328573e-01,0.0000000000000000e+00,3.4628875801776147e+00,7.9039332616328573e-01,3.4628875801776147e+00,2.5633633604337001e+00,0.0000000000000000e+00,6.3354525155746542e+00,1.7224109169776762e+00,7.9039332616328573e-01,2.5633633604337001e+00,2.5633633604337001e+00,6.3354525155746542e+00,6.3354525155746542e+00,6.3354525155746542e+00,7.9039332616328573e-01,3.7489174595816639e+00,3.4628875801776147e+00,3.7489174595816639e+00,3.7489174595816639e+00,6.3354525155746542e+00,1.7224109169776762e+00,4.6380355745412647e+00,3.4628875801776147e+00,3.7489174595816639e+00,3.7489174595816639e+00,3.7489174595816639e+00,2.5633633604337001e+00,2.5633633604337001e+00,2.5633633604337001e+00,4.6380355745412647e+00,6.3354525155746542e+00,3.4628875801776147e+00,3.4628875801776147e+00,0.0000000000000000e+00,3.4628875801776147e+00,6.3354525155746542e+00,0.0000000000000000e+00,7.9039332616328573e-01,4.6380355745412647e+00,1.7224109169776762e+00,3.4628875801776147e+00,0.0000000000000000e+00,2.5633633604337001e+00,6.3354525155746542e+00,4.6380355745412647e+00,4.6380355745412647e+00,6.3354525155746542e+00,3.7489174595816639e+00,3.7489174595816639e+00,0.0000000000000000e+00,6.3354525155746542e+00,6.3354525155746542e+00,6.3354525155746542e+00,6.3354525155746542e+00,2.5633633604337001e+00,2.5633633604337001e+00,6.3354525155746542e+00,6.3354525155746542e+00,3.7489174595816639e+00,3.7489174595816639e+00,0.0000000000000000e+00,6.3354525155746542e+00,7.9039332616328573e-01,6.3354525155746542e+00,3.7489174595816639e+00,3.7489174595816639e+00,6.3354525155746542e+00,2.5633633604337001e+00,3.7489174595816639e+00,3.7489174595816639e+00,4.6380355745412647e+00,6.3354525155746542e+00,6.3354525155746542e+00,0.0000000000000000e+00,2.5633633604337001e+00,6.3354525155746542e+00,6.3354525155746542e+00,6.3354525155746542e+00,3.4628875801776147e+00,6.3354525155746542e+00,3.7489174595816639e+00,0.0000000000000000e+00,4.6380355745412647e+00,1.7224109169776762e+00,6.3354525155746542e+00,1.7224109169776762e+00,6.3354525155746542e+00,3.7489174595816639e+00,3.7489174595816639e+00,6.3354525155746542e+00,1.7224109169776762e+00,4.6380355745412647e+00,3.7489174595816639e+00,3.7489174595816639e+00,3.7489174595816639e+00,6.3354525155746542e+00,3.4628875801776147e+00,3.4628875801776147e+00,3.4628875801776147e+00,3.4628875801776147e+00,3.4628875801776147e+00,3.4628875801776147e+00,3.4628875801776147e+00,2.5633633604337001e+00,3.4628875801776147e+00,3.4628875801776147e+00,3.7489174595816639e+00,7.9039332616328573e-01,7.9039332616328573e-01,3.4628875801776147e+00,6.3354525155746542e+00,2.5633633604337001e+00,1.7224109169776762e+00,6.3354525155746542e+00,1.7224109169776762e+00,3.4628875801776147e+00,3.4628875801776147e+00,6.3354525155746542e+00,6.3354525155746542e+00,1.7224109169776762e+00,6.3354525155746542e+00,6.3354525155746542e+00,3.7489174595816639e+00,3.4628875801776147e+00,3.7489174595816639e+00,3.7489174595816639e+00,3.7489174595816639e+00,3.7489174595816639e+00,7.9039332616328573e-01,6.3354525155746542e+00,1.7224109169776762e+00,4.6380355745412647e+00,3.7489174595816639e+00,3.7489174595816639e+00,3.7489174595816639e+00,1.7224109169776762e+00,7.9039332616328573e-01,4.6380355745412647e+00,4.6380355745412647e+00,4.6380355745412647e+00,6.3354525155746542e+00,6.3354525155746542e+00,2.5633633604337001e+00,3.7489174595816639e+00,3.4628875801776147e+00,3.4628875801776147e+00,3.4628875801776147e+00,1.7224109169776762e+00,0.0000000000000000e+00,7.9039332616328573e-01,3.4628875801776147e+00,3.4628875801776147e+00,3.4628875801776147e+00,0.0000000000000000e+00,3.4628875801776147e+00,4.6380355745412647e+00,4.6380355745412647e+00,3.4628875801776147e+00,4.6380355745412647e+00,4.6380355745412647e+00,0.0000000000000000e+00,3.7489174595816639e+00,0.0000000000000000e+00,3.4628875801776147e+00,3.4628875801776147e+00,7.9039332616328573e-01,6.3354525155746542e+00,0.0000000000000000e+00,3.4628875801776147e+00,6.3354525155746542e+00,6.3354525155746542e+00,6.3354525155746542e+00,3.4628875801776147e+00,3.7489174595816639e+00,4.6380355745412647e+00,6.3354525155746542e+00,1.7224109169776762e+00,4.6380355745412647e+00,4.6380355745412647e+00,3.4628875801776147e+00,7.9039332616328573e-01,3.7489174595816639e+00,4.6380355745412647e+00,7.9039332616328573e-01,3.4628875801776147e+00,6.3354525155746542e+00,6.3354525155746542e+00,0.0000000000000000e+00,6.3354525155746542e+00,0.0000000000000000e+00,6.3354525155746542e+00,6.3354525155746542e+00,6.3354525155746542e+00,6.3354525155746542e+00,4.6380355745412647e+00,0.0000000000000000e+00,3.4628875801776147e+00,3.7489174595816639e+00,6.3354525155746542e+00,1.7224109169776762e+00,7.9039332616328573e-01,6.3354525155746542e+00,7.9039332616328573e-01,3.4628875801776147e+00,1.7224109169776762e+00,6.3354525155746542e+00,3.4628875801776147e+00,3.4628875801776147e+00,6.3354525155746542e+00,3.4628875801776147e+00,7.9039332616328573e-01,2.5633633604337001e+00,3.7489174595816639e+00,3.7489174595816639e+00,6.3354525155746542e+00,3.7489174595816639e+00,3.7489174595816639e+00,6.3354525155746542e+00,1.7224109169776762e+00,2.5633633604337001e+00,2.5633633604337001e+00,3.4628875801776147e+00,6.3354525155746542e+00,4.6380355745412647e+00,2.5633633604337001e+00,2.5633633604337001e+00,6.3354525155746542e+00,6.3354525155746542e+00,6.3354525155746542e+00,1.7224109169776762e+00,1.7224109169776762e+00,1.7224109169776762e+00,3.4628875801776147e+00,6.3354525155746542e+00,0.0000000000000000e+00,3.4628875801776147e+00,3.4628875801776147e+00,3.4628875801776147e+00,7.9039332616328573e-01,6.3354525155746542e+00,6.3354525155746542e+00,6.3354525155746542e+00,7.9039332616328573e-01,3.4628875801776147e+00,6.3354525155746542e+00,6.3354525155746542e+00,6.3354525155746542e+00,6.3354525155746542e+00,6.3354525155746542e+00,4.6380355745412647e+00,6.3354525155746542e+00,3.4628875801776147e+00,1.7224109169776762e+00,0.0000000000000000e+00,6.3354525155746542e+00,6.3354525155746542e+00,1.7224109169776762e+00,3.4628875801776147e+00,6.3354525155746542e+00,6.3354525155746542e+00,6.3354525155746542e+00,3.4628875801776147e+00,7.9039332616328573e-01,6.3354525155746542e+00,3.7489174595816639e+00,3.4628875801776147e+00,3.7489174595816639e+00,7.9039332616328573e-01,0.0000000000000000e+00,4.6380355745412647e+00,6.3354525155746542e+00,1.7224109169776762e+00,0.0000000000000000e+00,4.6380355745412647e+00,6.3354525155746542e+00,6.3354525155746542e+00,6.3354525155746542e+00,1.7224109169776762e+00,3.4628875801776147e+00,6.3354525155746542e+00,4.6380355745412647e+00,2.5633633604337001e+00,2.5633633604337001e+00,3.4628875801776147e+00,4.6380355745412647e+00,4.6380355745412647e+00,3.4628875801776147e+00,6.3354525155746542e+00,3.4628875801776147e+00,6.3354525155746542e+00,3.4628875801776147e+00,3.4628875801776147e+00,3.4628875801776147e+00,1.7224109169776762e+00,2.5633633604337001e+00,0.0000000000000000e+00,6.3354525155746542e+00,6.3354525155746542e+00,6.3354525155746542e+00,2.5633633604337001e+00,4.6380355745412647e+00,7.9039332616328573e-01,3.4628875801776147e+00,2.5633633604337001e+00,3.4628875801776147e+00,2.5633633604337001e+00,6.3354525155746542e+00,6.3354525155746542e+00,0.0000000000000000e+00,1.7224109169776762e+00,6.3354525155746542e+00,2.5633633604337001e+00,3.7489174595816639e+00,6.3354525155746542e+00,6.3354525155746542e+00,6.3354525155746542e+00,6.3354525155746542e+00,0.0000000000000000e+00,3.7489174595816639e+00,4.6380355745412647e+00,3.4628875801776147e+00,3.4628875801776147e+00,6.3354525155746542e+00,0.0000000000000000e+00,2.5633633604337001e+00,4.6380355745412647e+00,6.3354525155746542e+00,4.6380355745412647e+00,0.0000000000000000e+00,2.5633633604337001e+00,2.5633633604337001e+00,0.0000000000000000e+00,0.0000000000000000e+00,3.7489174595816639e+00,2.5633633604337001e+00,7.9039332616328573e-01,6.3354525155746542e+00,3.4628875801776147e+00,6.3354525155746542e+00,3.7489174595816639e+00,3.7489174595816639e+00,4.6380355745412647e+00,3.7489174595816639e+00,7.9039332616328573e-01,3.4628875801776147e+00,3.4628875801776147e+00,1.7224109169776762e+00,1.7224109169776762e+00,6.3354525155746542e+00,3.4628875801776147e+00,4.6380355745412647e+00,3.4628875801776147e+00,1.7224109169776762e+00,1.7224109169776762e+00,6.3354525155746542e+00,3.7489174595816639e+00,6.3354525155746542e+00,6.3354525155746542e+00,6.3354525155746542e+00,6.3354525155746542e+00,6.3354525155746542e+00,6.3354525155746542e+00,2.5633633604337001e+00,3.7489174595816639e+00,6.3354525155746542e+00,6.3354525155746542e+00,6.3354525155746542e+00,6.3354525155746542e+00,3.7489174595816639e+00,3.7489174595816639e+00,3.7489174595816639e+00,0.0000000000000000e+00,0.0000000000000000e+00,6.3354525155746542e+00,1.7224109169776762e+00,6.3354525155746542e+00,6.3354525155746542e+00,3.7489174595816639e+00,6.3354525155746542e+00,6.3354525155746542e+00,1.7224109169776762e+00,6.3354525155746542e+00,6.3354525155746542e+00,7.9039332616328573e-01,2.5633633604337001e+00,4.6380355745412647e+00,6.3354525155746542e+00,0.0000000000000000e+00,3.7489174595816639e+00,3.7489174595816639e+00,3.4628875801776147e+00,3.4628875801776147e+00,4.6380355745412647e+00,3.4628875801776147e+00,6.3354525155746542e+00,3.7489174595816639e+00,3.7489174595816639e+00,3.7489174595816639e+00,6.3354525155746542e+00,6.3354525155746542e+00,6.3354525155746542e+00,6.3354525155746542e+00,3.7489174595816639e+00,4.6380355745412647e+00,0.0000000000000000e+00,6.3354525155746542e+00,6.3354525155746542e+00,3.7489174595816639e+00,6.3354525155746542e+00,6.3354525155746542e+00,2.5633633604337001e+00,6.3354525155746542e+00,0.0000000000000000e+00,3.7489174595816639e+00,4.6380355745412647e+00,7.9039332616328573e-01,7.9039332616328573e-01,7.9039332616328573e-01,2.5633633604337001e+00,0.0000000000000000e+00,7.9039332616328573e-01,6.3354525155746542e+00,4.6380355745412647e+00,6.3354525155746542e+00,4.6380355745412647e+00,2.5633633604337001e+00,6.3354525155746542e+00,4.6380355745412647e+00,6.3354525155746542e+00,4.6380355745412647e+00,6.3354525155746542e+00,6.3354525155746542e+00,6.3354525155746542e+00,6.3354525155746542e+00,6.3354525155746542e+00,6.3354525155746542e+00,6.3354525155746542e+00,3.4628875801776147e+00,6.3354525155746542e+00,4.6380355745412647e+00,3.4628875801776147e+00,4.6380355745412647e+00,6.3354525155746542e+00,6.3354525155746542e+00,6.3354525155746542e+00,6.3354525155746542e+00,0.0000000000000000e+00,6.3354525155746542e+00,4.6380355745412647e+00,4.6380355745412647e+00,4.6380355745412647e+00,4.6380355745412647e+00,3.7489174595816639e+00,3.4628875801776147e+00,1.7224109169776762e+00,3.7489174595816639e+00,6.3354525155746542e+00,4.6380355745412647e+00,3.4628875801776147e+00,3.4628875801776147e+00,4.6380355745412647e+00,4.6380355745412647e+00,7.9039332616328573e-01,3.4628875801776147e+00,4.6380355745412647e+00,1.7224109169776762e+00,3.7489174595816639e+00,3.7489174595816639e+00,4.6380355745412647e+00,6.3354525155746542e+00,4.6380355745412647e+00,6.3354525155746542e+00,4.6380355745412647e+00,1.7224109169776762e+00,0.0000000000000000e+00,1.7224109169776762e+00,4.6380355745412647e+00,4.6380355745412647e+00,2.5633633604337001e+00,7.9039332616328573e-01,0.0000000000000000e+00,6.3354525155746542e+00,3.7489174595816639e+00,7.9039332616328573e-01,6.3354525155746542e+00,3.4628875801776147e+00,4.6380355745412647e+00,6.3354525155746542e+00,3.4628875801776147e+00,3.4628875801776147e+00,4.6380355745412647e+00,4.6380355745412647e+00,4.6380355745412647e+00,3.7489174595816639e+00,3.7489174595816639e+00,3.7489174595816639e+00,4.6380355745412647e+00,6.3354525155746542e+00,3.4628875801776147e+00,7.9039332616328573e-01,4.6380355745412647e+00,7.9039332616328573e-01,4.6380355745412647e+00,0.0000000000000000e+00,7.9039332616328573e-01,4.6380355745412647e+00,2.5633633604337001e+00,7.9039332616328573e-01,2.5633633604337001e+00,2.5633633604337001e+00,3.7489174595816639e+00,7.9039332616328573e-01,0.0000000000000000e+00,6.3354525155746542e+00,6.3354525155746542e+00,4.6380355745412647e+00,1.7224109169776762e+00,3.4628875801776147e+00,6.3354525155746542e+00,4.6380355745412647e+00,6.3354525155746542e+00,7.9039332616328573e-01,3.4628875801776147e+00,3.7489174595816639e+00,2.5633633604337001e+00,3.4628875801776147e+00,2.5633633604337001e+00,3.7489174595816639e+00,6.3354525155746542e+00,7.9039332616328573e-01,2.5633633604337001e+00,2.5633633604337001e+00,1.7224109169776762e+00,4.6380355745412647e+00,3.7489174595816639e+00,3.7489174595816639e+00,1.7224109169776762e+00,0.0000000000000000e+00,6.3354525155746542e+00,3.7489174595816639e+00,7.9039332616328573e-01,0.0000000000000000e+00,2.5633633604337001e+00,2.5633633604337001e+00,2.5633633604337001e+00,0.0000000000000000e+00,4.6380355745412647e+00,4.6380355745412647e+00,4.6380355745412647e+00,0.0000000000000000e+00,4.6380355745412647e+00,4.6380355745412647e+00,4.6380355745412647e+00,6.3354525155746542e+00,6.3354525155746542e+00,0.0000000000000000e+00,3.7489174595816639e+00,2.5633633604337001e+00,3.7489174595816639e+00,4.6380355745412647e+00,4.6380355745412647e+00,3.7489174595816639e+00,2.5633633604337001e+00,3.7489174595816639e+00,3.7489174595816639e+00,3.7489174595816639e+00,2.5633633604337001e+00,1.7224109169776762e+00,1.7224109169776762e+00,6.3354525155746542e+00,1.7224109169776762e+00,2.5633633604337001e+00,4.6380355745412647e+00,0.0000000000000000e+00,3.4628875801776147e+00,3.7489174595816639e+00,4.6380355745412647e+00,6.3354525155746542e+00,1.7224109169776762e+00,7.9039332616328573e-01,2.5633633604337001e+00,6.3354525155746542e+00,0.0000000000000000e+00,4.6380355745412647e+00,4.6380355745412647e+00,1.7224109169776762e+00,3.4628875801776147e+00,0.0000000000000000e+00,3.4628875801776147e+00,6.3354525155746542e+00,4.6380355745412647e+00,2.5633633604337001e+00,4.6380355745412647e+00,3.4628875801776147e+00,2.5633633604337001e+00,4.6380355745412647e+00,4.6380355745412647e+00,3.4628875801776147e+00,3.7489174595816639e+00,4.6380355745412647e+00,7.9039332616328573e-01,6.3354525155746542e+00,4.6380355745412647e+00,6.3354525155746542e+00,1.7224109169776762e+00,3.7489174595816639e+00,1.7224109169776762e+00,6.3354525155746542e+00,4.6380355745412647e+00,6.3354525155746542e+00,3.7489174595816639e+00,3.4628875801776147e+00,6.3354525155746542e+00,6.3354525155746542e+00,6.3354525155746542e+00,3.4628875801776147e+00,6.3354525155746542e+00,3.7489174595816639e+00,2.5633633604337001e+00,6.3354525155746542e+00,1.7224109169776762e+00,6.3354525155746542e+00,6.3354525155746542e+00,6.3354525155746542e+00,1.7224109169776762e+00,6.3354525155746542e+00,6.3354525155746542e+00,1.7224109169776762e+00,6.3354525155746542e+00,1.7224109169776762e+00,6.3354525155746542e+00,6.3354525155746542e+00,0.0000000000000000e+00,1.7224109169776762e+00,6.3354525155746542e+00,6.3354525155746542e+00,7.9039332616328573e-01,6.3354525155746542e+00,6.3354525155746542e+00,3.4628875801776147e+00,6.3354525155746542e+00,3.7489174595816639e+00,1.7224109169776762e+00,6.3354525155746542e+00,0.0000000000000000e+00,4.6380355745412647e+00,1.7224109169776762e+00,3.4628875801776147e+00,3.7489174595816639e+00,3.4628875801776147e+00,4.6380355745412647e+00,6.3354525155746542e+00,4.6380355745412647e+00,4.6380355745412647e+00,4.6380355745412647e+00,4.6380355745412647e+00,0.0000000000000000e+00,6.3354525155746542e+00,6.3354525155746542e+00,3.7489174595816639e+00,6.3354525155746542e+00,7.9039332616328573e-01,6.3354525155746542e+00,3.4628875801776147e+00,6.3354525155746542e+00,3.7489174595816639e+00,6.3354525155746542e+00,7.9039332616328573e-01,2.5633633604337001e+00,6.3354525155746542e+00,3.4628875801776147e+00,0.0000000000000000e+00,3.7489174595816639e+00,6.3354525155746542e+00,6.3354525155746542e+00,3.7489174595816639e+00,3.7489174595816639e+00,6.3354525155746542e+00,2.5633633604337001e+00,6.3354525155746542e+00,6.3354525155746542e+00,6.3354525155746542e+00,2.5633633604337001e+00,0.0000000000000000e+00,6.3354525155746542e+00,3.4628875801776147e+00,6.3354525155746542e+00,6.3354525155746542e+00,6.3354525155746542e+00,3.7489174595816639e+00,3.7489174595816639e+00,6.3354525155746542e+00,6.3354525155746542e+00,3.7489174595816639e+00,1.7224109169776762e+00,6.3354525155746542e+00,0.0000000000000000e+00,3.7489174595816639e+00,0.0000000000000000e+00,2.5633633604337001e+00,0.0000000000000000e+00,6.3354525155746542e+00,4.6380355745412647e+00,6.3354525155746542e+00,0.0000000000000000e+00,6.3354525155746542e+00,2.5633633604337001e+00,1.7224109169776762e+00,3.4628875801776147e+00,3.7489174595816639e+00,3.4628875801776147e+00,6.3354525155746542e+00,1.7224109169776762e+00,1.7224109169776762e+00,2.5633633604337001e+00,2.5633633604337001e+00,6.3354525155746542e+00,3.4628875801776147e+00,6.3354525155746542e+00,6.3354525155746542e+00,6.3354525155746542e+00,6.3354525155746542e+00,4.6380355745412647e+00,6.3354525155746542e+00,6.3354525155746542e+00,3.4628875801776147e+00,6.3354525155746542e+00,6.3354525155746542e+00,0.0000000000000000e+00,1.7224109169776762e+00,6.3354525155746542e+00,3.7489174595816639e+00,3.4628875801776147e+00,6.3354525155746542e+00,3.7489174595816639e+00,6.3354525155746542e+00,6.3354525155746542e+00,3.7489174595816639e+00,6.3354525155746542e+00,3.4628875801776147e+00,6.3354525155746542e+00,3.7489174595816639e+00,6.3354525155746542e+00,2.5633633604337001e+00,0.0000000000000000e+00,2.5633633604337001e+00,6.3354525155746542e+00,3.7489174595816639e+00,3.7489174595816639e+00,0.0000000000000000e+00,6.3354525155746542e+00,2.5633633604337001e+00,6.3354525155746542e+00,6.3354525155746542e+00,6.3354525155746542e+00,2.5633633604337001e+00,6.3354525155746542e+00,6.3354525155746542e+00,4.6380355745412647e+00,6.3354525155746542e+00,1.7224109169776762e+00,2.5633633604337001e+00,1.7224109169776762e+00,1.7224109169776762e+00,6.3354525155746542e+00,6.3354525155746542e+00,6.3354525155746542e+00,4.6380355745412647e+00,6.3354525155746542e+00,0.0000000000000000e+00,4.6380355745412647e+00,6.3354525155746542e+00,4.6380355745412647e+00,6.3354525155746542e+00,3.7489174595816639e+00,6.3354525155746542e+00,6.3354525155746542e+00,6.3354525155746542e+00,6.3354525155746542e+00,6.3354525155746542e+00,3.7489174595816639e+00,6.3354525155746542e+00,3.7489174595816639e+00,3.7489174595816639e+00,4.6380355745412647e+00,0.0000000000000000e+00,1.7224109169776762e+00,3.7489174595816639e+00,0.0000000000000000e+00,3.7489174595816639e+00,3.7489174595816639e+00,7.9039332616328573e-01,6.3354525155746542e+00,3.4628875801776147e+00,6.3354525155746542e+00,4.6380355745412647e+00,6.3354525155746542e+00,3.7489174595816639e+00,0.0000000000000000e+00,4.6380355745412647e+00,7.9039332616328573e-01,6.3354525155746542e+00,6.3354525155746542e+00,6.3354525155746542e+00,6.3354525155746542e+00,1.7224109169776762e+00,6.3354525155746542e+00,6.3354525155746542e+00,2.5633633604337001e+00,6.3354525155746542e+00,3.7489174595816639e+00,6.3354525155746542e+00,3.4628875801776147e+00,6.3354525155746542e+00,6.3354525155746542e+00,6.3354525155746542e+00,7.9039332616328573e-01,3.7489174595816639e+00,6.3354525155746542e+00,2.5633633604337001e+00,6.3354525155746542e+00,6.3354525155746542e+00,4.6380355745412647e+00,6.3354525155746542e+00,3.4628875801776147e+00,3.4628875801776147e+00,2.5633633604337001e+00,2.5633633604337001e+00,3.4628875801776147e+00,6.3354525155746542e+00,4.6380355745412647e+00,4.6380355745412647e+00,0.0000000000000000e+00,6.3354525155746542e+00,3.7489174595816639e+00,6.3354525155746542e+00,6.3354525155746542e+00,0.0000000000000000e+00,6.3354525155746542e+00,6.3354525155746542e+00,7.9039332616328573e-01,6.3354525155746542e+00,1.7224109169776762e+00,4.6380355745412647e+00,6.3354525155746542e+00,0.0000000000000000e+00,3.4628875801776147e+00,6.3354525155746542e+00,3.4628875801776147e+00,3.7489174595816639e+00,2.5633633604337001e+00,3.7489174595816639e+00,1.7224109169776762e+00,2.5633633604337001e+00,6.3354525155746542e+00,6.3354525155746542e+00,6.3354525155746542e+00,6.3354525155746542e+00,6.3354525155746542e+00,6.3354525155746542e+00,4.6380355745412647e+00,4.6380355745412647e+00,6.3354525155746542e+00,6.3354525155746542e+00,4.6380355745412647e+00,6.3354525155746542e+00,2.5633633604337001e+00,3.7489174595816639e+00,4.6380355745412647e+00,3.7489174595816639e+00,3.7489174595816639e+00,6.3354525155746542e+00,3.7489174595816639e+00,6.3354525155746542e+00,6.3354525155746542e+00,3.7489174595816639e+00,2.5633633604337001e+00,2.5633633604337001e+00,7.9039332616328573e-01,3.7489174595816639e+00,4.6380355745412647e+00,4.6380355745412647e+00,1.7224109169776762e+00,6.3354525155746542e+00,3.7489174595816639e+00,3.7489174595816639e+00,3.7489174595816639e+00,3.4628875801776147e+00,4.6380355745412647e+00,1.7224109169776762e+00,6.3354525155746542e+00,3.7489174595816639e+00,4.6380355745412647e+00,3.4628875801776147e+00,0.0000000000000000e+00,2.5633633604337001e+00,7.9039332616328573e-01,3.7489174595816639e+00,3.4628875801776147e+00,6.3354525155746542e+00,6.3354525155746542e+00,6.3354525155746542e+00,3.4628875801776147e+00,1.7224109169776762e+00,6.3354525155746542e+00,4.6380355745412647e+00,1.7224109169776762e+00,2.5633633604337001e+00,6.3354525155746542e+00,4.6380355745412647e+00,6.3354525155746542e+00,1.7224109169776762e+00,3.4628875801776147e+00,6.3354525155746542e+00,4.6380355745412647e+00,6.3354525155746542e+00,3.4628875801776147e+00,6.3354525155746542e+00,4.6380355745412647e+00,4.6380355745412647e+00,0.0000000000000000e+00,1.7224109169776762e+00,6.3354525155746542e+00,0.0000000000000000e+00,4.6380355745412647e+00,6.3354525155746542e+00,3.7489174595816639e+00,3.7489174595816639e+00,4.6380355745412647e+00,3.7489174595816639e+00,6.3354525155746542e+00,6.3354525155746542e+00,6.3354525155746542e+00,4.6380355745412647e+00,0.0000000000000000e+00,6.3354525155746542e+00,6.3354525155746542e+00,0.0000000000000000e+00,1.7224109169776762e+00,6.3354525155746542e+00,6.3354525155746542e+00,4.6380355745412647e+00,6.3354525155746542e+00,3.7489174595816639e+00,6.3354525155746542e+00,3.7489174595816639e+00,4.6380355745412647e+00,2.5633633604337001e+00,6.3354525155746542e+00,4.6380355745412647e+00,4.6380355745412647e+00,7.9039332616328573e-01,3.4628875801776147e+00,1.7224109169776762e+00,4.6380355745412647e+00,4.6380355745412647e+00,4.6380355745412647e+00,4.6380355745412647e+00,3.7489174595816639e+00,3.7489174595816639e+00,4.6380355745412647e+00,7.9039332616328573e-01,2.5633633604337001e+00,4.6380355745412647e+00,4.6380355745412647e+00,0.0000000000000000e+00,4.6380355745412647e+00,7.9039332616328573e-01,6.3354525155746542e+00,6.3354525155746542e+00,2.5633633604337001e+00,4.6380355745412647e+00,4.6380355745412647e+00
8.3470866962006507e-01,8.3470866962006507e-01,2.5724716009190778e+00,8.3470866962006507e-01,8.3470866962006507e-01,1.7664015702506506e+00,4.7579103136012364e+00,3.5227705233904314e+00,3.5227705233904314e+00,8.3470866962006507e-01,0.0000000000000000e+00,8.3470866962006507e-01,3.5227705233904314e+00,8.3470866962006507e-01,3.5227705233904314e+00,8.3470866962006507e-01,4.7579103136012364e+00,4.7579103136012364e+00,8.3470866962006507e-01,4.7579103136012364e+00,4.1525582895224762e+00,8.3470866962006507e-01,4.7579103136012364e+00,3.5227705233904314e+00,3.5227705233904314e+00,0.0000000000000000e+00,3.5227705233904314e+00,8.3470866962006507e-01,4.7579103136012364e+00,4.7579103136012364e+00,4.7579103136012364e+00,4.7579103136012364e+00,3.5227705233904314e+00,3.5227705233904314e+00,2.5724716009190778e+00,3.5227705233904314e+00,3.5227705233904314e+00,1.7664015702506506e+00,2.5724716009190778e+00,3.5227705233904314e+00,8.3470866962006507e-01,1.7664015702506506e+00,4.7579103136012364e+00,3.5227705233904314e+00,3.5227705233904314e+00,3.5227705233904314e+00,2.5724716009190778e+00,4.1525582895224762e+00,2.5724716009190778e+00,1.7664015702506506e+00,1.7664015702506506e+00,2.5724716009190778e+00,4.7579103136012364e+00,2.5724716009190778e+00,4.7579103136012364e+00,6.0087185201972027e+00,6.0087185201972027e+00,2.5724716009190778e+00,6.0087185201972027e+00,6.0087185201972027e+00,4.7579103136012364e+00,8.3470866962006507e-01,6.0087185201972027e+00,3.5227705233904314e+00,1.7664015702506506e+00,4.7579103136012364e+00,2.5724716009190778e+00,4.7579103136012364e+00,3.5227705233904314e+00,4.7579103136012364e+00,3.5227705233904314e+00,1.7664015702506506e+00,8.3470866962006507e-01,3.5227705233904314e+00,4.7579103136012364e+00,4.1525582895224762e+00,3.5227705233904314e+00,2.5724716009190778e+00,3.5227705233904314e+00,2.5724716009190778e+00,3.5227705233904314e+00,4.7579103136012364e+00,4.7579103136012364e+00,3.5227705233904314e+00,3.5227705233904314e+00,3.5227705233904314e+00,4.7579103136012364e+00,0.0000000000000000e+00,8.3470866962006507e-01,4.7579103136012364e+00,8.3470866962006507e-01,4.7579103136012364e+00,4.1525582895224762e+00,4.7579103136012364e+00,4.1525582895224762e+00,1.7664015702506506e+00,6.0087185201972027e+00,4.7579103136012364e+00,1.7664015702506506e+00,3.5227705233904314e+00,3.5227705233904314e+00,4.7579103136012364e+00,6.0087185201972027e+00,4.7579103136012364e+00,4.1525582895224762e+00,4.7579103136012364e+00,1.7664015702506506e+00,0.0000000000000000e+00,4.7579103136012364e+00,4.7579103136012364e+00,4.1525582895224762e+00,6.0087185201972027e+00,6.0087185201972027e+00,6.0087185201972027e+00,4.7579103136012364e+00,4.7579103136012364e+00,4.1525582895224762e+00,2.5724716009190778e+00,3.5227705233904314e+00,3.5227705233904314e+00,4.7579103136012364e+00,4.7579103136012364e+00,4.7579103136012364e+00,4.7579103136012364e+00,3.5227705233904314e+00,2.5724716009190778e+00,4.7579103136012364e+00,4.1525582895224762e+00,2.5724716009190778e+00,4.7579103136012364e+00,2.5724716009190778e+00,4.7579103136012364e+00,2.5724716009190778e+00,2.5724716009190778e+00,2.5724716009190778e+00,3.5227705233904314e+00,4.7579103136012364e+00,2.5724716009190778e+00,4.7579103136012364e+00,2.5724716009190778e+00,6.0087185201972027e+00,4.1525582895224762e+00,2.5724716009190778e+00,0.0000000000000000e+00,4.7579103136012364e+00,4.7579103136012364e+00,8.3470866962006507e-01,0.0000000000000000e+00,4.7579103136012364e+00,0.0000000000000000e+00,6.0087185201972027e+00,6.0087185201972027e+00,0.0000000000000000e+00,4.7579103136012364e+00,2.5724716009190778e+00,2.5724716009190778e+00,4.7579103136012364e+00,2.5724716009190778e+00,2.5724716009190778e+00,4.7579103136012364e+00,4.7579103136012364e+00,2.5724716009190778e+00,4.7579103136012364e+00,2.5724716009190778e+00,3.5227705233904314e+00,0.0000000000000000e+00,4.7579103136012364e+00,4.1525582895224762e+00,6.0087185201972027e+00,2.5724716009190778e+00,2.5724716009190778e+00,4.7579103136012364e+00,6.0087185201972027e+00,4.7579103136012364e+00,8.3470866962006507e-01,0.0000000000000000e+00,2.5724716009190778e+00,3.5227705233904314e+00,4.7579103136012364e+00,2.5724716009190778e+00,6.0087185201972027e+00,4.7579103136012364e+00,6.0087185201972027e+00,8.3470866962006507e-01,4.7579103136012364e+00,4.1525582895224762e+00,2.5724716009190778e+00,6.0087185201972027e+00,6.0087185201972027e+00,2.5724716009190778e+00,1.7664015702506506e+00,6.0087185201972027e+00,4.7579103136012364e+00,3.5227705233904314e+00,1.7664015702506506e+00,6.0087185201972027e+00,1.7664015702506506e+00,2.5724716009190778e+00,6.0087185201972027e+00,6.0087185201972027e+00,6.0087185201972027e+00,6.0087185201972027e+00,2.5724716009190778e+00,6.0087185201972027e+00,2.5724716009190778e+00,4.7579103136012364e+00,6.0087185201972027e+00,1.7664015702506506e+00,2.5724716009190778e+00,2.5724716009190778e+00,6.0087185201972027e+00,2.5724716009190778e+00,4.7579103136012364e+00,3.5227705233904314e+00,6.0087185201972027e+00,6.0087185201972027e+00,6.0087185201972027e+00,6.0087185201972027e+00,1.7664015702506506e+00,2.5724716009190778e+00,6.0087185201972027e+00,0.0000000000000000e+00,4.7579103136012364e+00,2.5724716009190778e+00,2.5724716009190778e+00,6.0087185201972027e+00,6.0087185201972027e+00,6.0087185201972027e+00,4.7579103136012364e+00,0.0000000000000000e+00,4.7579103136012364e+00,6.0087185201972027e+00,6.0087185201972027e+00,6.0087185201972027e+00,3.5227705233904314e+00,6.0087185201972027e+00,2.5724716009190778e+00,4.7579103136012364e+00,0.0000000000000000e+00,4.7579103136012364e+00,6.0087185201972027e+00,2.5724716009190778e+00,3.5227705233904314e+00,4.1525582895224762e+00,4.7579103136012364e+00,6.0087185201972027e+00,4.7579103136012364e+00,4.1525582895224762e+00,4.7579103136012364e+00,6.0087185201972027e+00,6.0087185201972027e+00,4.7579103136012364e+00,8.3470866962006507e-01,2.5724716009190778e+00,6.0087185201972027e+00,3.5227705233904314e+00,4.1525582895224762e+00,4.1525582895224762e+00,4.7579103136012364e+00,6.0087185201972027e+00,4.7579103136012364e+00,0.0000000000000000e+00,4.1525582895224762e+00,4.7579103136012364e+00,6.0087185201972027e+00,4.7579103136012364e+00,1.7664015702506506e+00,2.5724716009190778e+00,8.3470866962006507e-01,3.5227705233904314e+00,2.5724716009190778e+00,4.7579103136012364e+00,4.1525582895224762e+00,4.7579103136012364e+00,1.7664015702506506e+00,4.7579103136012364e+00,4.7579103136012364e+00,0.0000000000000000e+00,4.1525582895224762e+00,4.1525582895224762e+00,4.7579103136012364e+00,6.0087185201972027e+00,6.0087185201972027e+00,6.0087185201972027e+00,6.0087185201972027e+00,4.7579103136012364e+00,4.1525582895224762e+00,4.1525582895224762e+00,4.7579103136012364e+00,0.0000000000000000e+00,3.5227705233904314e+00,4.1525582895224762e+00,0.0000000000000000e+00,8.3470866962006507e-01,6.0087185201972027e+00,3.5227705233904314e+00,0.0000000000000000e+00,1.7664015702506506e+00,2.5724716009190778e+00,4.1525582895224762e+00,2.5724716009190778e+00,0.0000000000000000e+00,8.3470866962006507e-01,4.7579103136012364e+00,4.1525582895224762e+00,4.7579103136012364e+00,4.1525582895224762e+00,3.5227705233904314e+00,4.7579103136012364e+00,4.7579103136012364e+00,2.5724716009190778e+00,4.1525582895224762e+00,3.5227705233904314e+00,2.5724716009190778e+00,4.7579103136012364e+00,4.1525582895224762e+00,4.1525582895224762e+00,4.1525582895224762e+00,4.1525582895224762e+00,2.5724716009190778e+00,6.0087185201972027e+00,1.7664015702506506e+00,4.7579103136012364e+00,4.7579103136012364e+00,4.7579103136012364e+00,4.7579103136012364e+00,1.7664015702506506e+00,2.5724716009190778e+00,2.5724716009190778e+00,6.0087185201972027e+00,6.0087185201972027e+00,4.1525582895224762e+00,3.5227705233904314e+00,4.1525582895224762e+00,1.7664015702506506e+00,4.7579103136012364e+00,1.7664015702506506e+00,3.5227705233904314e+00,2.5724716009190778e+00,4.1525582895224762e+00,2.5724716009190778e+00,3.5227705233904314e+00,3.5227705233904314e+00,6.0087185201972027e+00,4.7579103136012364e+00,6.0087185201972027e+00,3.5227705233904314e+00,0.0000000000000000e+00,4.1525582895224762e+00,4.7579103136012364e+00,1.7664015702506506e+00,2.5724716009190778e+00,4.1525582895224762e+00,4.1525582895224762e+00,4.1525582895224762e+00,2.5724716009190778e+00,2.5724716009190778e+00,3.5227705233904314e+00,1.7664015702506506e+00,4.7579103136012364e+00,8.3470866962006507e-01,8.3470866962006507e-01,4.7579103136012364e+00,2.5724716009190778e+00,6.0087185201972027e+00,6.0087185201972027e+00,6.0087185201972027e+00,2.5724716009190778e+00,6.0087185201972027e+00,4.1525582895224762e+00,6.0087185201972027e+00,6.0087185201972027e+00,6.0087185201972027e+00,1.7664015702506506e+00,0.0000000000000000e+00,2.5724716009190778e+00,4.7579103136012364e+00,2.5724716009190778e+00,4.7579103136012364e+00,6.0087185201972027e+00,0.0000000000000000e+00,3.5227705233904314e+00,3.5227705233904314e+00,1.7664015702506506e+00,0.0000000000000000e+00,6.0087185201972027e+00,2.5724716009190778e+00,2.5724716009190778e+00,6.0087185201972027e+00,6.0087185201972027e+00,6.0087185201972027e+00,6.0087185201972027e+00,1.7664015702506506e+00,3.5227705233904314e+00,8.3470866962006507e-01,6.0087185201972027e+00,6.0087185201972027e+00,8.3470866962006507e-01,1.7664015702506506e+00,1.7664015702506506e+00,6.0087185201972027e+00,4.7579103136012364e+00,4.1525582895224762e+00,4.1525582895224762e+00,6.0087185201972027e+00,4.7579103136012364e+00,6.0087185201972027e+00,4.1525582895224762e+00,6.0087185201972027e+00,1.7664015702506506e+00,8.3470866962006507e-01,3.5227705233904314e+00,8.3470866962006507e-01,0.0000000000000000e+00,3.5227705233904314e+00,1.7664015702506506e+00,0.0000000000000000e+00,2.5724716009190778e+00,0.0000000000000000e+00,8.3470866962006507e-01,4.7579103136012364e+00,6.0087185201972027e+00,0.0000000000000000e+00,2.5724716009190778e+00,4.1525582895224762e+00,1.7664015702506506e+00,3.5227705233904314e+00,1.7664015702506506e+00,8.3470866962006507e-01,0.0000000000000000e+00,8.3470866962006507e-01,6.0087185201972027e+00,2.5724716009190778e+00,3.5227705233904314e+00,3.5227705233904314e+00,3.5227705233904314e+00,6.0087185201972027e+00,6.0087185201972027e+00,1.7664015702506506e+00,4.7579103136012364e+00,2.5724716009190778e+00,3.5227705233904314e+00,6.0087185201972027e+00,2.5724716009190778e+00,2.5724716009190778e+00,2.5724716009190778e+00,4.7579103136012364e+00,4.7579103136012364e+00,3.5227705233904314e+00,4.7579103136012364e+00,0.0000000000000000e+00,2.5724716009190778e+00,3.5227705233904314e+00,6.0087185201972027e+00,4.7579103136012364e+00,6.0087185201972027e+00,6.0087185201972027e+00,4.7579103136012364e+00,4.7579103136012364e+00,4.1525582895224762e+00,6.0087185201972027e+00,4.1525582895224762e+00,4.1525582895224762e+00,6.0087185201972027e+00,4.1525582895224762e+00,8.3470866962006507e-01,2.5724716009190778e+00,4.1525582895224762e+00,6.0087185201972027e+00,3.5227705233904314e+00,8.3470866962006507e-01,4.7579103136012364e+00,3.5227705233904314e+00,2.5724716009190778e+00,6.0087185201972027e+00,4.7579103136012364e+00,1.7664015702506506e+00,1.7664015702506506e+00,4.7579103136012364e+00,2.5724716009190778e+00,6.0087185201972027e+00,1.7664015702506506e+00,4.7579103136012364e+00,6.0087185201972027e+00,6.0087185201972027e+00,4.7579103136012364e+00,4.1525582895224762e+00,4.7579103136012364e+00,8.3470866962006507e-01,0.0000000000000000e+00,0.0000000000000000e+00,4.7579103136012364e+00,4.7579103136012364e+00,4.7579103136012364e+00,4.7579103136012364e+00,0.0000000000000000e+00,2.5724716009190778e+00,4.1525582895224762e+00,4.7579103136012364e+00,4.7579103136012364e+00,4.1525582895224762e+00,3.5227705233904314e+00,6.0087185201972027e+00,3.5227705233904314e+00,3.5227705233904314e+00,3.5227705233904314e+00,3.5227705233904314e+00,4.7579103136012364e+00,4.1525582895224762e+00,2.5724716009190778e+00,2.5724716009190778e+00,0.0000000000000000e+00,1.7664015702506506e+00,4.7579103136012364e+00,4.7579103136012364e+00,4.1525582895224762e+00,4.1525582895224762e+00,6.0087185201972027e+00,4.1525582895224762e+00,4.1525582895224762e+00,3.5227705233904314e+00,4.1525582895224762e+00,4.1525582895224762e+00,4.1525582895224762e+00,4.7579103136012364e+00,0.0000000000000000e+00,8.3470866962006507e-01,4.1525582895224762e+00,6.0087185201972027e+00,3.5227705233904314e+00,6.0087185201972027e+00,4.1525582895224762e+00,4.1525582895224762e+00,6.0087185201972027e+00,4.1525582895224762e+00,4.7579103136012364e+00,6.0087185201972027e+00,6.0087185201972027e+00,6.0087185201972027e+00,6.0087185201972027e+00,4.7579103136012364e+00,8.3470866962006507e-01,2.5724716009190778e+00,4.1525582895224762e+00,4.1525582895224762e+00,2.5724716009190778e+00,6.0087185201972027e+00,4.1525582895224762e+00,6.0087185201972027e+00,6.0087185201972027e+00,0.0000000000000000e+00,3.5227705233904314e+00,2.5724716009190778e+00,6.0087185201972027e+00,6.0087185201972027e+00,6.0087185201972027e+00,6.0087185201972027e+00,6.0087185201972027e+00,2.5724716009190778e+00,2.5724716009190778e+00,2.5724716009190778e+00,6.0087185201972027e+00,1.7664015702506506e+00,4.1525582895224762e+00,6.0087185201972027e+00,4.7579103136012364e+00,4.7579103136012364e+00,6.0087185201972027e+00,4.1525582895224762e+00,6.0087185201972027e+00,6.0087185201972027e+00,6.0087185201972027e+00,4.1525582895224762e+00,4.7579103136012364e+00,6.0087185201972027e+00,0.0000000000000000e+00,4.7579103136012364e+00,4.7579103136012364e+00,1.7664015702506506e+00,3.5227705233904314e+00,6.0087185201972027e+00,3.5227705233904314e+00,6.0087185201972027e+00,4.7579103136012364e+00,4.7579103136012364e+00,3.5227705233904314e+00,4.7579103136012364e+00,2.5724716009190778e+00,6.0087185201972027e+00,8.3470866962006507e-01,4.1525582895224762e+00,6.0087185201972027e+00,4.7579103136012364e+00,4.7579103136012364e+00,4.7579103136012364e+00,4.7579103136012364e+00,4.7579103136012364e+00,1.7664015702506506e+00,6.0087185201972027e+00,8.3470866962006507e-01,4.7579103136012364e+00,4.1525582895224762e+00,6.0087185201972027e+00,8.3470866962006507e-01,4.7579103136012364e+00,4.7579103136012364e+00,2.5724716009190778e+00,0.0000000000000000e+00,6.0087185201972027e+00,6.0087185201972027e+00,4.1525582895224762e+00,6.0087185201972027e+00,1.7664015702506506e+00,4.7579103136012364e+00,4.7579103136012364e+00,4.7579103136012364e+00,6.0087185201972027e+00,4.7579103136012364e+00,4.7579103136012364e+00,6.0087185201972027e+00,2.5724716009190778e+00,2.5724716009190778e+00,4.1525582895224762e+00,3.5227705233904314e+00,2.5724716009190778e+00,4.7579103136012364e+00,6.0087185201972027e+00,2.5724716009190778e+00,2.5724716009190778e+00,2.5724716009190778e+00,4.7579103136012364e+00,6.0087185201972027e+00,6.0087185201972027e+00,1.7664015702506506e+00,4.7579103136012364e+00,1.7664015702506506e+00,3.5227705233904314e+00,6.0087185201972027e+00,4.7579103136012364e+00,6.0087185201972027e+00,1.7664015702506506e+00,4.1525582895224762e+00,4.1525582895224762e+00,6.0087185201972027e+00,6.0087185201972027e+00,4.1525582895224762e+00,4.7579103136012364e+00,0.0000000000000000e+00,6.0087185201972027e+00,6.0087185201972027e+00,6.0087185201972027e+00,3.5227705233904314e+00,4.1525582895224762e+00,4.1525582895224762e+00,4.1525582895224762e+00,4.1525582895224762e+00,6.0087185201972027e+00,4.7579103136012364e+00,3.5227705233904314e+00,4.7579103136012364e+00,4.7579103136012364e+00,1.7664015702506506e+00,4.7579103136012364e+00,2.5724716009190778e+00,2.5724716009190778e+00,2.5724716009190778e+00,6.0087185201972027e+00,4.7579103136012364e+00,2.5724716009190778e+00,4.7579103136012364e+00,2.5724716009190778e+00,8.3470866962006507e-01,3.5227705233904314e+00,6.0087185201972027e+00,0.0000000000000000e+00,4.7579103136012364e+00,3.5227705233904314e+00,6.0087185201972027e+00,6.0087185201972027e+00,8.3470866962006507e-01,4.7579103136012364e+00,6.0087185201972027e+00,6.0087185201972027e+00,3.5227705233904314e+00,6.0087185201972027e+00,8.3470866962006507e-01,3.5227705233904314e+00,6.0087185201972027e+00,3.5227705233904314e+00,3.5227705233904314e+00,6.0087185201972027e+00,4.7579103136012364e+00,4.7579103136012364e+00,2.5724716009190778e+00,4.1525582895224762e+00,3.5227705233904314e+00,1.7664015702506506e+00,6.0087185201972027e+00,6.0087185201972027e+00,3.5227705233904314e+00,0.0000000000000000e+00,4.7579103136012364e+00,0.0000000000000000e+00,0.0000000000000000e+00,0.0000000000000000e+00,3.5227705233904314e+00,4.7579103136012364e+00,3.5227705233904314e+00,4.7579103136012364e+00,4.1525582895224762e+00,8.3470866962006507e-01,6.0087185201972027e+00,3.5227705233904314e+00,6.0087185201972027e+00,4.7579103136012364e+00,4.7579103136012364e+00,6.0087185201972027e+00,4.7579103136012364e+00,6.0087185201972027e+00,2.5724716009190778e+00,1.7664015702506506e+00,3.5227705233904314e+00,6.0087185201972027e+00,4.7579103136012364e+00,3.5227705233904314e+00,3.5227705233904314e+00,4.7579103136012364e+00,4.1525582895224762e+00,6.0087185201972027e+00,6.0087185201972027e+00,1.7664015702506506e+00,6.0087185201972027e+00,6.0087185201972027e+00,6.0087185201972027e+00,4.7579103136012364e+00,4.1525582895224762e+00,4.7579103136012364e+00,6.0087185201972027e+00,2.5724716009190778e+00,4.1525582895224762e+00,6.0087185201972027e+00,1.7664015702506506e+00,8.3470866962006507e-01,4.7579103136012364e+00,8.3470866962006507e-01,3.5227705233904314e+00,4.7579103136012364e+00,6.0087185201972027e+00,4.7579103136012364e+00,6.0087185201972027e+00,4.1525582895224762e+00,4.1525582895224762e+00,6.0087185201972027e+00,2.5724716009190778e+00,6.0087185201972027e+00,2.5724716009190778e+00,2.5724716009190778e+00,4.1525582895224762e+00,2.5724716009190778e+00,4.7579103136012364e+00,6.0087185201972027e+00,1.7664015702506506e+00,0.0000000000000000e+00,0.0000000000000000e+00,4.1525582895224762e+00,8.3470866962006507e-01,4.1525582895224762e+00,6.0087185201972027e+00,2.5724716009190778e+00,4.7579103136012364e+00,4.1525582895224762e+00,4.1525582895224762e+00,4.1525582895224762e+00,4.1525582895224762e+00,2.5724716009190778e+00,4.7579103136012364e+00,0.0000000000000000e+00,6.0087185201972027e+00,6.0087185201972027e+00,0.0000000000000000e+00,3.5227705233904314e+00,2.5724716009190778e+00,4.7579103136012364e+00,4.7579103136012364e+00,4.1525582895224762e+00,4.1525582895224762e+00,1.7664015702506506e+00,8.3470866962006507e-01,4.1525582895224762e+00,4.7579103136012364e+00,4.7579103136012364e+00,4.1525582895224762e+00,4.1525582895224762e+00,0.0000000000000000e+00,8.3470866962006507e-01,6.0087185201972027e+00,6.0087185201972027e+00,1.7664015702506506e+00,6.0087185201972027e+00,2.5724716009190778e+00,1.7664015702506506e+00,6.0087185201972027e+00,0.0000000000000000e+00,6.0087185201972027e+00,6.0087185201972027e+00,2.5724716009190778e+00,4.7579103136012364e+00,6.0087185201972027e+00,6.0087185201972027e+00,6.0087185201972027e+00,4.1525582895224762e+00,6.0087185201972027e+00,6.0087185201972027e+00,6.0087185201972027e+00,0.0000000000000000e+00,4.1525582895224762e+00,6.0087185201972027e+00,4.1525582895224762e+00,4.7579103136012364e+00,6.0087185201972027e+00,2.5724716009190778e+00,6.0087185201972027e+00,4.7579103136012364e+00,6.0087185201972027e+00,4.7579103136012364e+00,2.5724716009190778e+00,2.5724716009190778e+00,3.5227705233904314e+00,6.0087185201972027e+00,6.0087185201972027e+00,6.0087185201972027e+00,4.7579103136012364e+00,4.7579103136012364e+00,6.0087185201972027e+00,2.5724716009190778e+00,6.0087185201972027e+00,4.1525582895224762e+00,4.7579103136012364e+00,0.0000000000000000e+00,6.0087185201972027e+00,6.0087185201972027e+00,4.7579103136012364e+00,6.0087185201972027e+00,4.7579103136012364e+00,6.0087185201972027e+00,1.7664015702506506e+00,4.1525582895224762e+00,6.0087185201972027e+00,4.1525582895224762e+00,4.1525582895224762e+00,4.1525582895224762e+00,3.5227705233904314e+00,4.1525582895224762e+00,6.0087185201972027e+00,4.1525582895224762e+00,3.5227705233904314e+00,6.0087185201972027e+00,3.5227705233904314e+00,2.5724716009190778e+00,3.5227705233904314e+00,4.7579103136012364e+00,0.0000000000000000e+00,6.0087185201972027e+00,0.0000000000000000e+00,6.0087185201972027e+00,1.7664015702506506e+00,2.5724716009190778e+00,1.7664015702506506e+00,8.3470866962006507e-01,3.5227705233904314e+00,6.0087185201972027e+00,4.1525582895224762e+00,6.0087185201972027e+00,3.5227705233904314e+00,1.7664015702506506e+00,1.7664015702506506e+00,1.7664015702506506e+00,2.5724716009190778e+00,4.1525582895224762e+00,3.5227705233904314e+00,6.0087185201972027e+00,3.5227705233904314e+00,1.7664015702506506e+00,0.0000000000000000e+00,6.0087185201972027e+00,6.0087185201972027e+00,6.0087185201972027e+00,6.0087185201972027e+00,4.7579103136012364e+00,4.7579103136012364e+00,6.0087185201972027e+00,6.0087185201972027e+00,8.3470866962006507e-01,6.0087185201972027e+00,4.7579103136012364e+00,4.7579103136012364e+00,4.7579103136012364e+00,4.7579103136012364e+00,4.7579103136012364e+00,6.0087185201972027e+00,3.5227705233904314e+00,6.0087185201972027e+00,2.5724716009190778e+00,1.7664015702506506e+00,6.0087185201972027e+00,4.1525582895224762e+00,6.0087185201972027e+00,6.0087185201972027e+00,6.0087185201972027e+00,6.0087185201972027e+00,4.1525582895224762e+00,3.5227705233904314e+00,8.3470866962006507e-01,3.5227705233904314e+00,6.0087185201972027e+00,6.0087185201972027e+00,3.5227705233904314e+00,2.5724716009190778e+00,0.0000000000000000e+00,4.1525582895224762e+00,1.7664015702506506e+00,0.0000000000000000e+00,2.5724716009190778e+00,4.7579103136012364e+00,8.3470866962006507e-01,6.0087185201972027e+00,4.7579103136012364e+00,6.0087185201972027e+00,6.0087185201972027e+00,1.7664015702506506e+00,8.3470866962006507e-01,8.3470866962006507e-01,3.5227705233904314e+00,1.7664015702506506e+00,0.0000000000000000e+00,3.5227705233904314e+00,6.0087185201972027e+00,4.7579103136012364e+00,8.3470866962006507e-01,4.7579103136012364e+00,4.1525582895224762e+00,3.5227705233904314e+00,1.7664015702506506e+00,6.0087185201972027e+00,4.7579103136012364e+00,4.1525582895224762e+00,2.5724716009190778e+00,3.5227705233904314e+00,1.7664015702506506e+00,3.5227705233904314e+00,2.5724716009190778e+00,4.7579103136012364e+00,6.0087185201972027e+00,4.1525582895224762e+00,4.7579103136012364e+00,4.7579103136012364e+00,4.1525582895224762e+00,2.5724716009190778e+00,4.1525582895224762e+00,3.5227705233904314e+00,3.5227705233904314e+00,4.7579103136012364e+00,6.0087185201972027e+00,4.7579103136012364e+00,6.0087185201972027e+00,0.0000000000000000e+00,1.7664015702506506e+00,6.0087185201972027e+00,8.3470866962006507e-01,2.5724716009190778e+00,6.0087185201972027e+00,6.0087185201972027e+00,6.0087185201972027e+00,0.0000000000000000e+00,4.1525582895224762e+00,4.1525582895224762e+00,6.0087185201972027e+00,4.1525582895224762e+00,6.0087185201972027e+00,3.5227705233904314e+00,3.5227705233904314e+00,6.0087185201972027e+00,3.5227705233904314e+00,6.0087185201972027e+00,6.0087185201972027e+00,4.1525582895224762e+00,6.0087185201972027e+00,0.0000000000000000e+00,0.0000000000000000e+00,4.1525582895224762e+00,3.5227705233904314e+00,3.5227705233904314e+00,3.5227705233904314e+00,3.5227705233904314e+00,6.0087185201972027e+00,3.5227705233904314e+00,6.0087185201972027e+00,6.0087185201972027e+00,4.1525582895224762e+00,4.7579103136012364e+00
8.6065913623962598e-01,1.8510284233478573e+00,5.2003966281484262e+00,5.2003966281484262e+00,5.2003966281484262e+00,5.2003966281484262e+00,5.2003966281484262e+00,5.2003966281484262e+00,5.2003966281484262e+00,5.2003966281484262e+00,5.2003966281484262e+00,0.0000000000000000e+00,5.2003966281484262e+00,5.2003966281484262e+00,5.2003966281484262e+00,1.8510284233478573e+00,5.2003966281484262e+00,1.8510284233478573e+00,3.8345134243876737e+00,3.8345134243876737e+00,5.2003966281484262e+00,4.2743391574179208e+00,5.2003966281484262e+00,5.2003966281484262e+00,5.2003966281484262e+00,5.2003966281484262e+00,5.2003966281484262e+00,5.2003966281484262e+00,5.2003966281484262e+00,3.8345134243876737e+00,6.1534648567540140e+00,3.8345134243876737e+00,5.2003966281484262e+00,5.2003966281484262e+00,5.2003966281484262e+00,8.6065913623962598e-01,8.6065913623962598e-01,5.2003966281484262e+00,5.2003966281484262e+00,8.6065913623962598e-01,5.2003966281484262e+00,0.0000000000000000e+00,2.6782619757649004e+00,1.8510284233478573e+00,4.2743391574179208e+00,0.0000000000000000e+00,2.6782619757649004e+00,0.0000000000000000e+00,0.0000000000000000e+00,6.1534648567540140e+00,6.1534648567540140e+00,6.1534648567540140e+00,5.2003966281484262e+00,1.8510284233478573e+00,6.1534648567540140e+00,5.2003966281484262e+00,5.2003966281484262e+00,4.2743391574179208e+00,2.6782619757649004e+00,5.2003966281484262e+00,5.2003966281484262e+00,3.8345134243876737e+00,8.6065913623962598e-01,2.6782619757649004e+00,8.6065913623962598e-01,5.2003966281484262e+00,0.0000000000000000e+00,5.2003966281484262e+00,1.8510284233478573e+00,5.2003966281484262e+00,0.0000000000000000e+00,6.1534648567540140e+00,5.2003966281484262e+00,5.2003966281484262e+00,5.2003966281484262e+00,5.2003966281484262e+00,5.2003966281484262e+00,8.6065913623962598e-01,5.2003966281484262e+00,4.2743391574179208e+00,5.2003966281484262e+00,6.1534648567540140e+00,5.2003966281484262e+00,5.2003966281484262e+00,5.2003966281484262e+00,5.2003966281484262e+00,5.2003966281484262e+00,6.1534648567540140e+00,5.2003966281484262e+00,2.6782619757649004e+00,5.2003966281484262e+00,2.6782619757649004e+00,2.6782619757649004e+00,8.6065913623962598e-01,2.6782619757649004e+00,5.2003966281484262e+00,6.1534648567540140e+00,5.2003966281484262e+00,2.6782619757649004e+00,2.6782619757649004e+00,6.1534648567540140e+00,2.6782619757649004e+00,0.0000000000000000e+00,6.1534648567540140e+00,6.1534648567540140e+00,0.0000000000000000e+00,8.6065913623962598e-01,8.6065913623962598e-01,8.6065913623962598e-01,6.1534648567540140e+00,6.1534648567540140e+00,0.0000000000000000e+00,6.1534648567540140e+00,5.2003966281484262e+00,6.1534648567540140e+00,1.8510284233478573e+00,4.2743391574179208e+00,1.8510284233478573e+00,4.2743391574179208e+00,3.8345134243876737e+00,4.2743391574179208e+00,4.2743391574179208e+00,4.2743391574179208e+00,6.1534648567540140e+00,0.0000000000000000e+00,1.8510284233478573e+00,6.1534648567540140e+00,1.8510284233478573e+00,4.2743391574179208e+00,8.6065913623962598e-01,6.1534648567540140e+00,3.8345134243876737e+00,6.1534648567540140e+00,8.6065913623962598e-01,6.1534648567540140e+00,4.2743391574179208e+00,5.2003966281484262e+00,1.8510284233478573e+00,5.2003966281484262e+00,1.8510284233478573e+00,8.6065913623962598e-01,6.1534648567540140e+00,0.0000000000000000e+00,8.6065913623962598e-01,6.1534648567540140e+00,2.6782619757649004e+00,6.1534648567540140e+00,0.0000000000000000e+00,6.1534648567540140e+00,4.2743391574179208e+00,5.2003966281484262e+00,6.1534648567540140e+00,6.1534648567540140e+00,6.1534648567540140e+00,6.1534648567540140e+00,5.2003966281484262e+00,6.1534648567540140e+00,4.2743391574179208e+00,6.1534648567540140e+00,8.6065913623962598e-01,5.2003966281484262e+00,3.8345134243876737e+00,6.1534648567540140e+00,4.2743391574179208e+00,8.6065913623962598e-01,6.1534648567540140e+00,5.2003966281484262e+00,1.8510284233478573e+00,2.6782619757649004e+00,6.1534648567540140e+00,8.6065913623962598e-01,1.8510284233478573e+00,8.6065913623962598e-01,6.1534648567540140e+00,4.2743391574179208e+00,2.6782619757649004e+00,6.1534648567540140e+00,5.2003966281484262e+00,4.2743391574179208e+00,6.1534648567540140e+00,6.1534648567540140e+00,8.6065913623962598e-01,1.8510284233478573e+00,4.2743391574179208e+00,5.2003966281484262e+00,5.2003966281484262e+00,6.1534648567540140e+00,6.1534648567540140e+00,5.2003966281484262e+00,2.6782619757649004e+00,8.6065913623962598e-01,6.1534648567540140e+00,5.2003966281484262e+00,5.2003966281484262e+00,8.6065913623962598e-01,4.2743391574179208e+00,5.2003966281484262e+00,5.2003966281484262e+00,8.6065913623962598e-01,6.1534648567540140e+00,6.1534648567540140e+00,5.2003966281484262e+00,2.6782619757649004e+00,5.2003966281484262e+00,5.2003966281484262e+00,2.6782619757649004e+00,2.6782619757649004e+00,2.6782619757649004e+00,5.2003966281484262e+00,0.0000000000000000e+00,5.2003966281484262e+00,5.2003966281484262e+00,6.1534648567540140e+00,6.1534648567540140e+00,6.1534648567540140e+00,6.1534648567540140e+00,4.2743391574179208e+00,6.1534648567540140e+00,5.2003966281484262e+00,5.2003966281484262e+00,6.1534648567540140e+00,6.1534648567540140e+00,5.2003966281484262e+00,4.2743391574179208e+00,5.2003966281484262e+00,5.2003966281484262e+00,0.0000000000000000e+00,1.8510284233478573e+00,6.1534648567540140e+00,4.2743391574179208e+00,0.0000000000000000e+00,8.6065913623962598e-01,6.1534648567540140e+00,4.2743391574179208e+00,0.0000000000000000e+00,6.1534648567540140e+00,8.6065913623962598e-01,6.1534648567540140e+00,4.2743391574179208e+00,5.2003966281484262e+00,0.0000000000000000e+00,5.2003966281484262e+00,8.6065913623962598e-01,3.8345134243876737e+00,4.2743391574179208e+00,4.2743391574179208e+00,0.0000000000000000e+00,3.8345134243876737e+00,3.8345134243876737e+00,4.2743391574179208e+00,1.8510284233478573e+00,0.0000000000000000e+00,4.2743391574179208e+00,4.2743391574179208e+00,5.2003966281484262e+00,4.2743391574179208e+00,1.8510284233478573e+00,1.8510284233478573e+00,4.2743391574179208e+00,4.2743391574179208e+00,0.0000000000000000e+00,6.1534648567540140e+00,1.8510284233478573e+00,6.1534648567540140e+00,1.8510284233478573e+00,0.0000000000000000e+00,6.1534648567540140e+00,5.2003966281484262e+00,2.6782619757649004e+00,2.6782619757649004e+00,1.8510284233478573e+00,4.2743391574179208e+00,4.2743391574179208e+00,4.2743391574179208e+00,6.1534648567540140e+00,5.2003966281484262e+00,5.2003966281484262e+00,1.8510284233478573e+00,5.2003966281484262e+00,4.2743391574179208e+00,8.6065913623962598e-01,3.8345134243876737e+00,3.8345134243876737e+00,6.1534648567540140e+00,6.1534648567540140e+00,6.1534648567540140e+00,1.8510284233478573e+00,4.2743391574179208e+00,3.8345134243876737e+00,5.2003966281484262e+00,4.2743391574179208e+00,2.6782619757649004e+00,5.2003966281484262e+00,5.2003966281484262e+00,2.6782619757649004e+00,6.1534648567540140e+00,6.1534648567540140e+00,2.6782619757649004e+00,1.8510284233478573e+00,4.2743391574179208e+00,6.1534648567540140e+00,3.8345134243876737e+00,2.6782619757649004e+00,1.8510284233478573e+00,5.2003966281484262e+00,5.2003966281484262e+00,6.1534648567540140e+00,5.2003966281484262e+00,6.1534648567540140e+00,6.1534648567540140e+00,5.2003966281484262e+00,6.1534648567540140e+00,6.1534648567540140e+00,6.1534648567540140e+00,5.2003966281484262e+00,6.1534648567540140e+00,8.6065913623962598e-01,6.1534648567540140e+00,4.2743391574179208e+00,5.2003966281484262e+00,3.8345134243876737e+00,4.2743391574179208e+00,2.6782619757649004e+00,2.6782619757649004e+00,0.0000000000000000e+00,2.6782619757649004e+00,2.6782619757649004e+00,5.2003966281484262e+00,4.2743391574179208e+00,8.6065913623962598e-01,4.2743391574179208e+00,4.2743391574179208e+00,4.2743391574179208e+00,3.8345134243876737e+00,5.2003966281484262e+00,2.6782619757649004e+00,5.2003966281484262e+00,5.2003966281484262e+00,5.2003966281484262e+00,5.2003966281484262e+00,8.6065913623962598e-01,5.2003966281484262e+00,6.1534648567540140e+00,0.0000000000000000e+00,3.8345134243876737e+00,5.2003966281484262e+00,6.1534648567540140e+00,4.2743391574179208e+00,8.6065913623962598e-01,5.2003966281484262e+00,5.2003966281484262e+00,5.2003966281484262e+00,8.6065913623962598e-01,5.2003966281484262e+00,4.2743391574179208e+00,5.2003966281484262e+00,5.2003966281484262e+00,5.2003966281484262e+00,0.0000000000000000e+00,5.2003966281484262e+00,1.8510284233478573e+00,5.2003966281484262e+00,5.2003966281484262e+00,5.2003966281484262e+00,0.0000000000000000e+00,1.8510284233478573e+00,4.2743391574179208e+00,5.2003966281484262e+00,8.6065913623962598e-01,5.2003966281484262e+00,3.8345134243876737e+00,5.2003966281484262e+00,0.0000000000000000e+00,5.2003966281484262e+00,1.8510284233478573e+00,5.2003966281484262e+00,3.8345134243876737e+00,8.6065913623962598e-01,3.8345134243876737e+00,5.2003966281484262e+00,4.2743391574179208e+00,5.2003966281484262e+00,1.8510284233478573e+00,6.1534648567540140e+00,5.2003966281484262e+00,1.8510284233478573e+00,6.1534648567540140e+00,5.2003966281484262e+00,3.8345134243876737e+00,5.2003966281484262e+00,5.2003966281484262e+00,6.1534648567540140e+00,6.1534648567540140e+00,6.1534648567540140e+00,4.2743391574179208e+00,4.2743391574179208e+00,2.6782619757649004e+00,1.8510284233478573e+00,8.6065913623962598e-01,5.2003966281484262e+00,5.2003966281484262e+00,2.6782619757649004e+00,0.0000000000000000e+00,6.1534648567540140e+00,5.2003966281484262e+00,5.2003966281484262e+00,4.2743391574179208e+00,6.1534648567540140e+00,5.2003966281484262e+00,6.1534648567540140e+00,0.0000000000000000e+00,6.1534648567540140e+00,6.1534648567540140e+00,6.1534648567540140e+00,6.1534648567540140e+00,6.1534648567540140e+00,6.1534648567540140e+00,5.2003966281484262e+00,2.6782619757649004e+00,6.1534648567540140e+00,5.2003966281484262e+00,6.1534648567540140e+00,0.0000000000000000e+00,6.1534648567540140e+00,8.6065913623962598e-01,8.6065913623962598e-01,8.6065913623962598e-01,3.8345134243876737e+00,6.1534648567540140e+00,2.6782619757649004e+00,8.6065913623962598e-01,2.6782619757649004e+00,2.6782619757649004e+00,6.1534648567540140e+00,5.2003966281484262e+00,4.2743391574179208e+00,2.6782619757649004e+00,3.8345134243876737e+00,6.1534648567540140e+00,6.1534648567540140e+00,2.6782619757649004e+00,6.1534648567540140e+00,6.1534648567540140e+00,4.2743391574179208e+00,8.6065913623962598e-01,0.0000000000000000e+00,3.8345134243876737e+00,3.8345134243876737e+00,4.2743391574179208e+00,4.2743391574179208e+00,8.6065913623962598e-01,5.2003966281484262e+00,5.2003966281484262e+00,5.2003966281484262e+00,5.2003966281484262e+00,6.1534648567540140e+00,8.6065913623962598e-01,3.8345134243876737e+00,4.2743391574179208e+00,5.2003966281484262e+00,5.2003966281484262e+00,2.6782619757649004e+00,4.2743391574179208e+00,4.2743391574179208e+00,2.6782619757649004e+00,6.1534648567540140e+00,4.2743391574179208e+00,4.2743391574179208e+00,8.6065913623962598e-01,2.6782619757649004e+00,4.2743391574179208e+00,6.1534648567540140e+00,6.1534648567540140e+00,6.1534648567540140e+00,4.2743391574179208e+00,4.2743391574179208e+00,0.0000000000000000e+00,6.1534648567540140e+00,5.2003966281484262e+00,2.6782619757649004e+00,2.6782619757649004e+00,2.6782619757649004e+00,3.8345134243876737e+00,1.8510284233478573e+00,4.2743391574179208e+00,1.8510284233478573e+00,6.1534648567540140e+00,4.2743391574179208e+00,8.6065913623962598e-01,6.1534648567540140e+00,6.1534648567540140e+00,6.1534648567540140e+00,4.2743391574179208e+00,4.2743391574179208e+00,5.2003966281484262e+00,2.6782619757649004e+00,5.2003966281484262e+00,6.1534648567540140e+00,2.6782619757649004e+00,4.2743391574179208e+00,5.2003966281484262e+00,6.1534648567540140e+00,4.2743391574179208e+00,2.6782619757649004e+00,6.1534648567540140e+00,4.2743391574179208e+00,8.6065913623962598e-01,2.6782619757649004e+00,2.6782619757649004e+00,4.2743391574179208e+00,3.8345134243876737e+00,4.2743391574179208e+00,1.8510284233478573e+00,6.1534648567540140e+00,3.8345134243876737e+00,5.2003966281484262e+00,5.2003966281484262e+00,8.6065913623962598e-01,4.2743391574179208e+00,6.1534648567540140e+00,8.6065913623962598e-01,6.1534648567540140e+00,5.2003966281484262e+00,5.2003966281484262e+00,3.8345134243876737e+00,2.6782619757649004e+00,5.2003966281484262e+00,6.1534648567540140e+00,5.2003966281484262e+00,0.0000000000000000e+00,4.2743391574179208e+00,4.2743391574179208e+00,6.1534648567540140e+00,8.6065913623962598e-01,5.2003966281484262e+00,0.0000000000000000e+00,8.6065913623962598e-01,5.2003966281484262e+00,5.2003966281484262e+00,4.2743391574179208e+00,6.1534648567540140e+00,8.6065913623962598e-01,8.6065913623962598e-01,5.2003966281484262e+00,5.2003966281484262e+00,8.6065913623962598e-01,6.1534648567540140e+00,2.6782619757649004e+00,5.2003966281484262e+00,3.8345134243876737e+00,1.8510284233478573e+00,1.8510284233478573e+00,5.2003966281484262e+00,5.2003966281484262e+00,0.0000000000000000e+00,5.2003966281484262e+00,5.2003966281484262e+00,3.8345134243876737e+00,3.8345134243876737e+00,1.8510284233478573e+00,4.2743391574179208e+00,3.8345134243876737e+00,4.2743391574179208e+00,6.1534648567540140e+00,6.1534648567540140e+00,0.0000000000000000e+00,6.1534648567540140e+00,0.0000000000000000e+00,6.1534648567540140e+00,5.2003966281484262e+00,6.1534648567540140e+00,6.1534648567540140e+00,6.1534648567540140e+00,6.1534648567540140e+00,5.2003966281484262e+00,1.8510284233478573e+00,4.2743391574179208e+00,5.2003966281484262e+00,1.8510284233478573e+00,0.0000000000000000e+00,5.2003966281484262e+00,3.8345134243876737e+00,3.8345134243876737e+00,2.6782619757649004e+00,5.2003966281484262e+00,6.1534648567540140e+00,4.2743391574179208e+00,2.6782619757649004e+00,4.2743391574179208e+00,4.2743391574179208e+00,4.2743391574179208e+00,4.2743391574179208e+00,5.2003966281484262e+00,3.8345134243876737e+00,2.6782619757649004e+00,2.6782619757649004e+00,4.2743391574179208e+00,2.6782619757649004e+00,4.2743391574179208e+00,5.2003966281484262e+00,4.2743391574179208e+00,2.6782619757649004e+00,2.6782619757649004e+00,3.8345134243876737e+00,3.8345134243876737e+00,2.6782619757649004e+00,3.8345134243876737e+00,2.6782619757649004e+00,1.8510284233478573e+00,8.6065913623962598e-01,6.1534648567540140e+00,3.8345134243876737e+00,8.6065913623962598e-01,3.8345134243876737e+00,3.8345134243876737e+00,1.8510284233478573e+00,2.6782619757649004e+00,5.2003966281484262e+00,4.2743391574179208e+00,2.6782619757649004e+00,5.2003966281484262e+00,6.1534648567540140e+00,5.2003966281484262e+00,2.6782619757649004e+00,3.8345134243876737e+00,4.2743391574179208e+00,6.1534648567540140e+00,2.6782619757649004e+00,2.6782619757649004e+00,4.2743391574179208e+00,4.2743391574179208e+00,8.6065913623962598e-01,4.2743391574179208e+00,6.1534648567540140e+00,3.8345134243876737e+00,1.8510284233478573e+00,6.1534648567540140e+00,5.2003966281484262e+00,0.0000000000000000e+00,8.6065913623962598e-01,5.2003966281484262e+00,5.2003966281484262e+00,5.2003966281484262e+00,8.6065913623962598e-01,6.1534648567540140e+00,5.2003966281484262e+00,6.1534648567540140e+00,2.6782619757649004e+00,8.6065913623962598e-01,5.2003966281484262e+00,0.0000000000000000e+00,5.2003966281484262e+00,5.2003966281484262e+00,5.2003966281484262e+00,2.6782619757649004e+00,0.0000000000000000e+00,5.2003966281484262e+00,5.2003966281484262e+00,1.8510284233478573e+00,1.8510284233478573e+00,5.2003966281484262e+00,5.2003966281484262e+00,5.2003966281484262e+00,5.2003966281484262e+00,5.2003966281484262e+00,1.8510284233478573e+00,5.2003966281484262e+00,6.1534648567540140e+00,5.2003966281484262e+00,3.8345134243876737e+00,1.8510284233478573e+00,0.0000000000000000e+00,1.8510284233478573e+00,1.8510284233478573e+00,1.8510284233478573e+00,4.2743391574179208e+00,1.8510284233478573e+00,2.6782619757649004e+00,0.0000000000000000e+00,4.2743391574179208e+00,1.8510284233478573e+00,0.0000000000000000e+00,1.8510284233478573e+00,5.2003966281484262e+00,5.2003966281484262e+00,3.8345134243876737e+00,4.2743391574179208e+00,5.2003966281484262e+00,5.2003966281484262e+00,5.2003966281484262e+00,4.2743391574179208e+00,3.8345134243876737e+00,5.2003966281484262e+00,5.2003966281484262e+00,2.6782619757649004e+00,5.2003966281484262e+00,0.0000000000000000e+00,3.8345134243876737e+00,2.6782619757649004e+00,6.1534648567540140e+00,2.6782619757649004e+00,2.6782619757649004e+00,5.2003966281484262e+00,6.1534648567540140e+00,3.8345134243876737e+00,0.0000000000000000e+00,5.2003966281484262e+00,3.8345134243876737e+00,4.2743391574179208e+00,6.1534648567540140e+00,5.2003966281484262e+00,4.2743391574179208e+00,2.6782619757649004e+00,2.6782619757649004e+00,5.2003966281484262e+00,4.2743391574179208e+00,5.2003966281484262e+00,0.0000000000000000e+00,2.6782619757649004e+00,5.2003966281484262e+00,4.2743391574179208e+00,5.2003966281484262e+00,6.1534648567540140e+00,2.6782619757649004e+00,5.2003966281484262e+00,6.1534648567540140e+00,6.1534648567540140e+00,6.1534648567540140e+00,4.2743391574179208e+00,6.1534648567540140e+00,6.1534648567540140e+00,5.2003966281484262e+00,0.0000000000000000e+00,2.6782619757649004e+00,3.8345134243876737e+00,3.8345134243876737e+00,6.1534648567540140e+00,3.8345134243876737e+00,6.1534648567540140e+00,6.1534648567540140e+00,1.8510284233478573e+00,6.1534648567540140e+00,4.2743391574179208e+00,3.8345134243876737e+00,4.2743391574179208e+00,6.1534648567540140e+00,2.6782619757649004e+00,2.6782619757649004e+00,4.2743391574179208e+00,1.8510284233478573e+00,0.0000000000000000e+00,1.8510284233478573e+00,1.8510284233478573e+00,3.8345134243876737e+00,2.6782619757649004e+00,6.1534648567540140e+00,6.1534648567540140e+00,3.8345134243876737e+00,3.8345134243876737e+00,1.8510284233478573e+00,3.8345134243876737e+00,5.2003966281484262e+00,6.1534648567540140e+00,8.6065913623962598e-01,6.1534648567540140e+00,2.6782619757649004e+00,2.6782619757649004e+00,4.2743391574179208e+00,5.2003966281484262e+00,3.8345134243876737e+00,3.8345134243876737e+00,6.1534648567540140e+00,2.6782619757649004e+00,3.8345134243876737e+00,2.6782619757649004e+00,8.6065913623962598e-01,4.2743391574179208e+00,1.8510284233478573e+00,4.2743391574179208e+00,5.2003966281484262e+00,1.8510284233478573e+00,5.2003966281484262e+00,6.1534648567540140e+00,2.6782619757649004e+00,4.2743391574179208e+00,5.2003966281484262e+00,0.0000000000000000e+00,3.8345134243876737e+00,1.8510284233478573e+00,6.1534648567540140e+00,2.6782619757649004e+00,1.8510284233478573e+00,4.2743391574179208e+00,2.6782619757649004e+00,0.0000000000000000e+00,6.1534648567540140e+00,6.1534648567540140e+00,3.8345134243876737e+00,6.1534648567540140e+00,5.2003966281484262e+00,5.2003966281484262e+00,4.2743391574179208e+00,6.1534648567540140e+00,4.2743391574179208e+00,4.2743391574179208e+00,4.2743391574179208e+00,0.0000000000000000e+00,4.2743391574179208e+00,4.2743391574179208e+00,4.2743391574179208e+00,5.2003966281484262e+00,4.2743391574179208e+00,3.8345134243876737e+00,3.8345134243876737e+00,2.6782619757649004e+00,6.1534648567540140e+00,2.6782619757649004e+00,4.2743391574179208e+00,4.2743391574179208e+00,6.1534648567540140e+00,4.2743391574179208e+00,0.0000000000000000e+00,5.2003966281484262e+00,3.8345134243876737e+00,4.2743391574179208e+00,5.2003966281484262e+00,6.1534648567540140e+00,5.2003966281484262e+00,6.1534648567540140e+00,1.8510284233478573e+00,3.8345134243876737e+00,8.6065913623962598e-01,6.1534648567540140e+00,8.6065913623962598e-01,5.2003966281484262e+00,8.6065913623962598e-01,4.2743391574179208e+00,5.2003966281484262e+00,4.2743391574179208e+00,3.8345134243876737e+00,2.6782619757649004e+00,6.1534648567540140e+00,5.2003966281484262e+00,3.8345134243876737e+00,4.2743391574179208e+00,6.1534648567540140e+00,4.2743391574179208e+00,3.8345134243876737e+00,2.6782619757649004e+00,6.1534648567540140e+00,6.1534648567540140e+00,6.1534648567540140e+00,6.1534648567540140e+00,6.1534648567540140e+00,2.6782619757649004e+00,0.0000000000000000e+00,4.2743391574179208e+00,4.2743391574179208e+00,8.6065913623962598e-01,5.2003966281484262e+00,0.0000000000000000e+00,3.8345134243876737e+00,1.8510284233478573e+00,4.2743391574179208e+00,4.2743391574179208e+00,6.1534648567540140e+00,4.2743391574179208e+00,4.2743391574179208e+00,3.8345134243876737e+00,4.2743391574179208e+00,8.6065913623962598e-01,3.8345134243876737e+00,2.6782619757649004e+00,5.2003966281484262e+00,3.8345134243876737e+00,2.6782619757649004e+00,5.2003966281484262e+00,0.0000000000000000e+00,0.0000000000000000e+00,6.1534648567540140e+00,1.8510284233478573e+00,5.2003966281484262e+00,1.8510284233478573e+00,1.8510284233478573e+00,6.1534648567540140e+00,5.2003966281484262e+00,0.0000000000000000e+00,6.1534648567540140e+00,6.1534648567540140e+00,4.2743391574179208e+00,6.1534648567540140e+00,4.2743391574179208e+00,3.8345134243876737e+00,2.6782619757649004e+00,2.6782619757649004e+00,5.2003966281484262e+00,1.8510284233478573e+00,1.8510284233478573e+00,1.8510284233478573e+00,6.1534648567540140e+00,1.8510284233478573e+00,3.8345134243876737e+00,3.8345134243876737e+00,3.8345134243876737e+00,5.2003966281484262e+00,0.0000000000000000e+00,5.2003966281484262e+00,6.1534648567540140e+00,1.8510284233478573e+00,5.2003966281484262e+00,6.1534648567540140e+00,6.1534648567540140e+00,8.6065913623962598e-01,2.6782619757649004e+00,3.8345134243876737e+00,4.2743391574179208e+00,6.1534648567540140e+00,3.8345134243876737e+00,6.1534648567540140e+00,6.1534648567540140e+00,8.6065913623962598e-01,5.2003966281484262e+00,6.1534648567540140e+00,6.1534648567540140e+00,6.1534648567540140e+00,4.2743391574179208e+00,5.2003966281484262e+00,5.2003966281484262e+00,4.2743391574179208e+00,5.2003966281484262e+00,6.1534648567540140e+00,4.2743391574179208e+00,3.8345134243876737e+00,5.2003966281484262e+00,8.6065913623962598e-01,0.0000000000000000e+00,6.1534648567540140e+00,5.2003966281484262e+00,0.0000000000000000e+00,1.8510284233478573e+00,5.2003966281484262e+00,6.1534648567540140e+00,4.2743391574179208e+00,5.2003966281484262e+00,5.2003966281484262e+00,4.2743391574179208e+00,6.1534648567540140e+00,5.2003966281484262e+00,5.2003966281484262e+00,6.1534648567540140e+00,1.8510284233478573e+00,6.1534648567540140e+00,5.2003966281484262e+00,6.1534648567540140e+00,8.6065913623962598e-01,8.6065913623962598e-01,2.6782619757649004e+00,3.8345134243876737e+00,0.0000000000000000e+00,0.0000000000000000e+00,5.2003966281484262e+00,2.6782619757649004e+00,2.6782619757649004e+00,1.8510284233478573e+00,6.1534648567540140e+00,0.0000000000000000e+00,0.0000000000000000e+00,2.6782619757649004e+00,5.2003966281484262e+00,5.2003966281484262e+00,2.6782619757649004e+00,5.2003966281484262e+00,5.2003966281484262e+00,6.1534648567540140e+00,6.1534648567540140e+00,2.6782619757649004e+00,4.2743391574179208e+00,8.6065913623962598e-01,4.2743391574179208e+00,2.6782619757649004e+00,0.0000000000000000e+00,6.1534648567540140e+00,6.1534648567540140e+00,1.8510284233478573e+00,0.0000000000000000e+00,3.8345134243876737e+00,2.6782619757649004e+00,1.8510284233478573e+00,1.8510284233478573e+00,4.2743391574179208e+00,3.8345134243876737e+00,6.1534648567540140e+00,1.8510284233478573e+00,1.8510284233478573e+00,6.1534648567540140e+00,6.1534648567540140e+00,3.8345134243876737e+00,3.8345134243876737e+00,6.1534648567540140e+00,6.1534648567540140e+00
4.3901765111294928e+00,0.0000000000000000e+00,4.3901765111294928e+00,4.3901765111294928e+00,4.3901765111294928e+00,3.3073037932342295e+00,3.3073037932342295e+00,3.3073037932342295e+00,4.3901765111294928e+00,4.3901765111294928e+00,4.3901765111294928e+00,3.3073037932342295e+00,4.3901765111294928e+00,4.3901765111294928e+00,4.3901765111294928e+00,1.7763768163137887e+00,4.3901765111294928e+00,0.0000000000000000e+00,4.3901765111294928e+00,4.3901765111294928e+00,4.3901765111294928e+00,1.7763768163137887e+00,4.3901765111294928e+00,5.2104704976407730e+00,3.3073037932342295e+00,2.7923306115230329e+00,6.5964028256403875e+00,5.2104704976407730e+00,3.3073037932342295e+00,0.0000000000000000e+00,4.3901765111294928e+00,4.3901765111294928e+00,5.2104704976407730e+00,5.2104704976407730e+00,6.5964028256403875e+00,2.7923306115230329e+00,4.3901765111294928e+00,5.2104704976407730e+00,2.7923306115230329e+00,2.7923306115230329e+00,5.2104704976407730e+00,8.8242175822542135e-01,5.2104704976407730e+00,3.3073037932342295e+00,3.3073037932342295e+00,3.3073037932342295e+00,5.2104704976407730e+00,1.7763768163137887e+00,6.5964028256403875e+00,2.7923306115230329e+00,3.3073037932342295e+00,1.7763768163137887e+00,2.7923306115230329e+00,1.7763768163137887e+00,4.3901765111294928e+00,6.5964028256403875e+00,8.8242175822542135e-01,4.3901765111294928e+00,6.5964028256403875e+00,6.5964028256403875e+00,6.5964028256403875e+00,3.3073037932342295e+00,4.3901765111294928e+00,6.5964028256403875e+00,0.0000000000000000e+00,6.5964028256403875e+00,4.3901765111294928e+00,8.8242175822542135e-01,8.8242175822542135e-01,3.3073037932342295e+00,0.0000000000000000e+00,6.5964028256403875e+00,8.8242175822542135e-01,1.7763768163137887e+00,4.3901765111294928e+00,4.3901765111294928e+00,4.3901765111294928e+00,4.3901765111294928e+00,4.3901765111294928e+00,8.8242175822542135e-01,8.8242175822542135e-01,4.3901765111294928e+00,6.5964028256403875e+00,2.7923306115230329e+00,2.7923306115230329e+00,0.0000000000000000e+00,2.7923306115230329e+00,0.0000000000000000e+00,8.8242175822542135e-01,3.3073037932342295e+00,4.3901765111294928e+00,6.5964028256403875e+00,8.8242175822542135e-01,3.3073037932342295e+00,6.5964028256403875e+00,3.3073037932342295e+00,6.5964028256403875e+00,2.7923306115230329e+00,6.5964028256403875e+00,6.5964028256403875e+00,5.2104704976407730e+00,1.7763768163137887e+00,5.2104704976407730e+00,1.7763768163137887e+00,6.5964028256403875e+00,5.2104704976407730e+00,0.0000000000000000e+00,5.2104704976407730e+00,2.7923306115230329e+00,5.2104704976407730e+00,5.2104704976407730e+00,4.3901765111294928e+00,5.2104704976407730e+00,3.3073037932342295e+00,3.3073037932342295e+00,6.5964028256403875e+00,5.2104704976407730e+00,6.5964028256403875e+00,5.2104704976407730e+00,5.2104704976407730e+00,4.3901765111294928e+00,3.3073037932342295e+00,0.0000000000000000e+00,3.3073037932342295e+00,4.3901765111294928e+00,1.7763768163137887e+00,2.7923306115230329e+00,3.3073037932342295e+00,2.7923306115230329e+00,2.7923306115230329e+00,3.3073037932342295e+00,1.7763768163137887e+00,3.3073037932342295e+00,5.2104704976407730e+00,1.7763768163137887e+00,2.7923306115230329e+00,6.5964028256403875e+00,6.5964028256403875e+00,6.5964028256403875e+00,8.8242175822542135e-01,6.5964028256403875e+00,0.0000000000000000e+00,6.5964028256403875e+00,6.5964028256403875e+00,6.5964028256403875e+00,6.5964028256403875e+00,6.5964028256403875e+00,6.5964028256403875e+00,6.5964028256403875e+00,6.5964028256403875e+00,2.7923306115230329e+00,2.7923306115230329e+00,6.5964028256403875e+00,8.8242175822542135e-01,2.7923306115230329e+00,8.8242175822542135e-01,6.5964028256403875e+00,8.8242175822542135e-01,3.3073037932342295e+00,1.7763768163137887e+00,6.5964028256403875e+00,3.3073037932342295e+00,4.3901765111294928e+00,3.3073037932342295e+00,6.5964028256403875e+00,2.7923306115230329e+00,0.0000000000000000e+00,2.7923306115230329e+00,5.2104704976407730e+00,2.7923306115230329e+00,2.7923306115230329e+00,3.3073037932342295e+00,8.8242175822542135e-01,4.3901765111294928e+00,4.3901765111294928e+00,6.5964028256403875e+00,2.7923306115230329e+00,4.3901765111294928e+00,4.3901765111294928e+00,0.0000000000000000e+00,4.3901765111294928e+00,6.5964028256403875e+00,3.3073037932342295e+00,0.0000000000000000e+00,5.2104704976407730e+00,1.7763768163137887e+00,5.2104704976407730e+00,6.5964028256403875e+00,6.5964028256403875e+00,6.5964028256403875e+00,4.3901765111294928e+00,0.0000000000000000e+00,4.3901765111294928e+00,3.3073037932342295e+00,1.7763768163137887e+00,6.5964028256403875e+00,6.5964028256403875e+00,2.7923306115230329e+00,1.7763768163137887e+00,6.5964028256403875e+00,1.7763768163137887e+00,6.5964028256403875e+00,6.5964028256403875e+00,6.5964028256403875e+00,1.7763768163137887e+00,6.5964028256403875e+00,6.5964028256403875e+00,4.3901765111294928e+00,5.2104704976407730e+00,6.5964028256403875e+00,6.5964028256403875e+00,6.5964028256403875e+00,8.8242175822542135e-01,6.5964028256403875e+00,0.0000000000000000e+00,0.0000000000000000e+00,6.5964028256403875e+00,6.5964028256403875e+00,3.3073037932342295e+00,3.3073037932342295e+00,6.5964028256403875e+00,1.7763768163137887e+00,3.3073037932342295e+00,6.5964028256403875e+00,6.5964028256403875e+00,0.0000000000000000e+00,5.2104704976407730e+00,6.5964028256403875e+00,1.7763768163137887e+00,6.5964028256403875e+00,1.7763768163137887e+00,6.5964028256403875e+00,1.7763768163137887e+00,6.5964028256403875e+00,1.7763768163137887e+00,6.5964028256403875e+00,1.7763768163137887e+00,6.5964028256403875e+00,3.3073037932342295e+00,8.8242175822542135e-01,3.3073037932342295e+00,2.7923306115230329e+00,6.5964028256403875e+00,0.0000000000000000e+00,2.7923306115230329e+00,6.5964028256403875e+00,6.5964028256403875e+00,6.5964028256403875e+00,6.5964028256403875e+00,6.5964028256403875e+00,6.5964028256403875e+00,6.5964028256403875e+00,3.3073037932342295e+00,6.5964028256403875e+00,2.7923306115230329e+00,6.5964028256403875e+00,3.3073037932342295e+00,6.5964028256403875e+00,3.3073037932342295e+00,6.5964028256403875e+00,8.8242175822542135e-01,1.7763768163137887e+00,1.7763768163137887e+00,6.5964028256403875e+00,6.5964028256403875e+00,6.5964028256403875e+00,6.5964028256403875e+00,2.7923306115230329e+00,8.8242175822542135e-01,2.7923306115230329e+00,6.5964028256403875e+00,6.5964028256403875e+00,6.5964028256403875e+00,8.8242175822542135e-01,6.5964028256403875e+00,3.3073037932342295e+00,3.3073037932342295e+00,6.5964028256403875e+00,6.5964028256403875e+00,3.3073037932342295e+00,1.7763768163137887e+00,6.5964028256403875e+00,8.8242175822542135e-01,5.2104704976407730e+00,5.2104704976407730e+00,3.3073037932342295e+00,3.3073037932342295e+00,6.5964028256403875e+00,5.2104704976407730e+00,5.2104704976407730e+00,0.0000000000000000e+00,4.3901765111294928e+00,4.3901765111294928e+00,6.5964028256403875e+00,6.5964028256403875e+00,0.0000000000000000e+00,4.3901765111294928e+00,6.5964028256403875e+00,6.5964028256403875e+00,4.3901765111294928e+00,3.3073037932342295e+00,1.7763768163137887e+00,8.8242175822542135e-01,6.5964028256403875e+00,5.2104704976407730e+00,5.2104704976407730e+00,2.7923306115230329e+00,5.2104704976407730e+00,6.5964028256403875e+00,5.2104704976407730e+00,3.3073037932342295e+00,6.5964028256403875e+00,6.5964028256403875e+00,6.5964028256403875e+00,6.5964028256403875e+00,6.5964028256403875e+00,0.0000000000000000e+00,5.2104704976407730e+00,4.3901765111294928e+00,5.2104704976407730e+00,6.5964028256403875e+00,1.7763768163137887e+00,5.2104704976407730e+00,1.7763768163137887e+00,0.0000000000000000e+00,0.0000000000000000e+00,6.5964028256403875e+00,5.2104704976407730e+00,2.7923306115230329e+00,6.5964028256403875e+00,6.5964028256403875e+00,3.3073037932342295e+00,5.2104704976407730e+00,6.5964028256403875e+00,6.5964028256403875e+00,6.5964028256403875e+00,6.5964028256403875e+00,5.2104704976407730e+00,6.5964028256403875e+00,6.5964028256403875e+00,4.3901765111294928e+00,4.3901765111294928e+00,4.3901765111294928e+00,3.3073037932342295e+00,4.3901765111294928e+00,1.7763768163137887e+00,4.3901765111294928e+00,5.2104704976407730e+00,6.5964028256403875e+00,1.7763768163137887e+00,1.7763768163137887e+00,4.3901765111294928e+00,0.0000000000000000e+00,6.5964028256403875e+00,1.7763768163137887e+00,8.8242175822542135e-01,8.8242175822542135e-01,5.2104704976407730e+00,4.3901765111294928e+00,1.7763768163137887e+00,6.5964028256403875e+00,5.2104704976407730e+00,6.5964028256403875e+00,0.0000000000000000e+00,4.3901765111294928e+00,6.5964028256403875e+00,6.5964028256403875e+00,6.5964028256403875e+00,1.7763768163137887e+00,6.5964028256403875e+00,3.3073037932342295e+00,6.5964028256403875e+00,2.7923306115230329e+00,8.8242175822542135e-01,8.8242175822542135e-01,6.5964028256403875e+00,2.7923306115230329e+00,6.5964028256403875e+00,3.3073037932342295e+00,6.5964028256403875e+00,0.0000000000000000e+00,5.2104704976407730e+00,6.5964028256403875e+00,6.5964028256403875e+00,2.7923306115230329e+00,0.0000000000000000e+00,5.2104704976407730e+00,3.3073037932342295e+00,1.7763768163137887e+00,6.5964028256403875e+00,5.2104704976407730e+00,3.3073037932342295e+00,3.3073037932342295e+00,6.5964028256403875e+00,6.5964028256403875e+00,6.5964028256403875e+00,2.7923306115230329e+00,8.8242175822542135e-01,6.5964028256403875e+00,3.3073037932342295e+00,8.8242175822542135e-01,6.5964028256403875e+00,6.5964028256403875e+00,6.5964028256403875e+00,2.7923306115230329e+00,5.2104704976407730e+00,6.5964028256403875e+00,2.7923306115230329e+00,5.2104704976407730e+00,0.0000000000000000e+00,3.3073037932342295e+00,3.3073037932342295e+00,8.8242175822542135e-01,6.5964028256403875e+00,8.8242175822542135e-01,6.5964028256403875e+00,3.3073037932342295e+00,6.5964028256403875e+00,2.7923306115230329e+00,6.5964028256403875e+00,6.5964028256403875e+00,6.5964028256403875e+00,2.7923306115230329e+00,0.0000000000000000e+00,6.5964028256403875e+00,6.5964028256403875e+00,6.5964028256403875e+00,2.7923306115230329e+00,3.3073037932342295e+00,2.7923306115230329e+00,6.5964028256403875e+00,8.8242175822542135e-01,3.3073037932342295e+00,6.5964028256403875e+00,6.5964028256403875e+00,1.7763768163137887e+00,1.7763768163137887e+00,1.7763768163137887e+00,3.3073037932342295e+00,1.7763768163137887e+00,5.2104704976407730e+00,5.2104704976407730e+00,0.0000000000000000e+00,2.7923306115230329e+00,2.7923306115230329e+00,8.8242175822542135e-01,6.5964028256403875e+00,2.7923306115230329e+00,8.8242175822542135e-01,3.3073037932342295e+00,8.8242175822542135e-01,6.5964028256403875e+00,4.3901765111294928e+00,3.3073037932342295e+00,5.2104704976407730e+00,3.3073037932342295e+00,0.0000000000000000e+00,1.7763768163137887e+00,8.8242175822542135e-01,6.5964028256403875e+00,5.2104704976407730e+00,5.2104704976407730e+00,6.5964028256403875e+00,8.8242175822542135e-01,3.3073037932342295e+00,5.2104704976407730e+00,2.7923306115230329e+00,4.3901765111294928e+00,8.8242175822542135e-01,3.3073037932342295e+00,5.2104704976407730e+00,3.3073037932342295e+00,6.5964028256403875e+00,8.8242175822542135e-01,3.3073037932342295e+00,6.5964028256403875e+00,3.3073037932342295e+00,3.3073037932342295e+00,3.3073037932342295e+00,6.5964028256403875e+00,2.7923306115230329e+00,1.7763768163137887e+00,8.8242175822542135e-01,6.5964028256403875e+00,0.0000000000000000e+00,6.5964028256403875e+00,2.7923306115230329e+00,6.5964028256403875e+00,6.5964028256403875e+00,6.5964028256403875e+00,3.3073037932342295e+00,6.5964028256403875e+00,3.3073037932342295e+00,3.3073037932342295e+00,4.3901765111294928e+00,6.5964028256403875e+00,6.5964028256403875e+00,6.5964028256403875e+00,6.5964028256403875e+00,4.3901765111294928e+00,3.3073037932342295e+00,6.5964028256403875e+00,3.3073037932342295e+00,6.5964028256403875e+00,3.3073037932342295e+00,3.3073037932342295e+00,1.7763768163137887e+00,6.5964028256403875e+00,6.5964028256403875e+00,2.7923306115230329e+00,8.8242175822542135e-01,2.7923306115230329e+00,6.5964028256403875e+00,0.0000000000000000e+00,6.5964028256403875e+00,4.3901765111294928e+00,3.3073037932342295e+00,3.3073037932342295e+00,4.3901765111294928e+00,4.3901765111294928e+00,1.7763768163137887e+00,6.5964028256403875e+00,5.2104704976407730e+00,0.0000000000000000e+00,6.5964028256403875e+00,3.3073037932342295e+00,2.7923306115230329e+00,0.0000000000000000e+00,6.5964028256403875e+00,6.5964028256403875e+00,0.0000000000000000e+00,6.5964028256403875e+00,6.5964028256403875e+00,6.5964028256403875e+00,6.5964028256403875e+00,8.8242175822542135e-01,6.5964028256403875e+00,6.5964028256403875e+00,6.5964028256403875e+00,4.3901765111294928e+00,2.7923306115230329e+00,3.3073037932342295e+00,2.7923306115230329e+00,6.5964028256403875e+00,8.8242175822542135e-01,6.5964028256403875e+00,1.7763768163137887e+00,3.3073037932342295e+00,8.8242175822542135e-01,3.3073037932342295e+00,6.5964028256403875e+00,6.5964028256403875e+00,6.5964028256403875e+00,6.5964028256403875e+00,6.5964028256403875e+00,6.5964028256403875e+00,4.3901765111294928e+00,1.7763768163137887e+00,6.5964028256403875e+00,3.3073037932342295e+00,5.2104704976407730e+00,5.2104704976407730e+00,1.7763768163137887e+00,6.5964028256403875e+00,5.2104704976407730e+00,2.7923306115230329e+00,5.2104704976407730e+00,5.2104704976407730e+00,5.2104704976407730e+00,3.3073037932342295e+00,8.8242175822542135e-01,4.3901765111294928e+00,1.7763768163137887e+00,2.7923306115230329e+00,5.2104704976407730e+00,5.2104704976407730e+00,1.7763768163137887e+00,6.5964028256403875e+00,5.2104704976407730e+00,8.8242175822542135e-01,5.2104704976407730e+00,0.0000000000000000e+00,4.3901765111294928e+00,4.3901765111294928e+00,5.2104704976407730e+00,4.3901765111294928e+00,3.3073037932342295e+00,4.3901765111294928e+00,5.2104704976407730e+00,4.3901765111294928e+00,3.3073037932342295e+00,4.3901765111294928e+00,5.2104704976407730e+00,4.3901765111294928e+00,5.2104704976407730e+00,4.3901765111294928e+00,4.3901765111294928e+00,4.3901765111294928e+00,4.3901765111294928e+00,3.3073037932342295e+00,5.2104704976407730e+00,6.5964028256403875e+00,3.3073037932342295e+00,5.2104704976407730e+00,8.8242175822542135e-01,5.2104704976407730e+00,5.2104704976407730e+00,6.5964028256403875e+00,6.5964028256403875e+00,6.5964028256403875e+00,6.5964028256403875e+00,3.3073037932342295e+00,4.3901765111294928e+00,2.7923306115230329e+00,4.3901765111294928e+00,4.3901765111294928e+00,2.7923306115230329e+00,3.3073037932342295e+00,1.7763768163137887e+00,6.5964028256403875e+00,6.5964028256403875e+00,2.7923306115230329e+00,4.3901765111294928e+00,4.3901765111294928e+00,6.5964028256403875e+00,5.2104704976407730e+00,6.5964028256403875e+00,3.3073037932342295e+00,6.5964028256403875e+00,2.7923306115230329e+00,1.7763768163137887e+00,1.7763768163137887e+00,6.5964028256403875e+00,2.7923306115230329e+00,2.7923306115230329e+00,2.7923306115230329e+00,6.5964028256403875e+00,4.3901765111294928e+00,8.8242175822542135e-01,4.3901765111294928e+00,4.3901765111294928e+00,6.5964028256403875e+00,6.5964028256403875e+00,6.5964028256403875e+00,6.5964028256403875e+00,6.5964028256403875e+00,1.7763768163137887e+00,6.5964028256403875e+00,4.3901765111294928e+00,4.3901765111294928e+00,8.8242175822542135e-01,1.7763768163137887e+00,2.7923306115230329e+00,0.0000000000000000e+00,0.0000000000000000e+00,2.7923306115230329e+00,1.7763768163137887e+00,4.3901765111294928e+00,4.3901765111294928e+00,4.3901765111294928e+00,6.5964028256403875e+00,4.3901765111294928e+00,4.3901765111294928e+00,3.3073037932342295e+00,4.3901765111294928e+00,4.3901765111294928e+00,0.0000000000000000e+00,3.3073037932342295e+00,3.3073037932342295e+00,6.5964028256403875e+00,6.5964028256403875e+00,6.5964028256403875e+00,6.5964028256403875e+00,1.7763768163137887e+00,3.3073037932342295e+00,2.7923306115230329e+00,4.3901765111294928e+00,3.3073037932342295e+00,6.5964028256403875e+00,8.8242175822542135e-01,6.5964028256403875e+00,6.5964028256403875e+00,6.5964028256403875e+00,5.2104704976407730e+00,3.3073037932342295e+00,1.7763768163137887e+00,1.7763768163137887e+00,5.2104704976407730e+00,1.7763768163137887e+00,5.2104704976407730e+00,6.5964028256403875e+00,4.3901765111294928e+00,6.5964028256403875e+00,8.8242175822542135e-01,6.5964028256403875e+00,1.7763768163137887e+00,4.3901765111294928e+00,4.3901765111294928e+00,0.0000000000000000e+00,5.2104704976407730e+00,5.2104704976407730e+00,5.2104704976407730e+00,1.7763768163137887e+00,1.7763768163137887e+00,6.5964028256403875e+00,6.5964028256403875e+00,1.7763768163137887e+00,3.3073037932342295e+00,4.3901765111294928e+00,4.3901765111294928e+00,5.2104704976407730e+00,4.3901765111294928e+00,4.3901765111294928e+00,5.2104704976407730e+00,4.3901765111294928e+00,5.2104704976407730e+00,8.8242175822542135e-01,2.7923306115230329e+00,6.5964028256403875e+00,4.3901765111294928e+00,4.3901765111294928e+00,4.3901765111294928e+00,5.2104704976407730e+00,4.3901765111294928e+00,4.3901765111294928e+00,4.3901765111294928e+00,4.3901765111294928e+00,5.2104704976407730e+00,5.2104704976407730e+00,5.2104704976407730e+00,1.7763768163137887e+00,2.7923306115230329e+00,5.2104704976407730e+00,3.3073037932342295e+00,5.2104704976407730e+00,0.0000000000000000e+00,1.7763768163137887e+00,8.8242175822542135e-01,3.3073037932342295e+00,1.7763768163137887e+00,2.7923306115230329e+00,2.7923306115230329e+00,1.7763768163137887e+00,5.2104704976407730e+00,0.0000000000000000e+00,4.3901765111294928e+00,5.2104704976407730e+00,5.2104704976407730e+00,6.5964028256403875e+00,0.0000000000000000e+00,6.5964028256403875e+00,5.2104704976407730e+00,1.7763768163137887e+00,1.7763768163137887e+00,2.7923306115230329e+00,8.8242175822542135e-01,6.5964028256403875e+00,6.5964028256403875e+00,1.7763768163137887e+00,0.0000000000000000e+00,5.2104704976407730e+00,4.3901765111294928e+00,8.8242175822542135e-01,0.0000000000000000e+00,8.8242175822542135e-01,2.7923306115230329e+00,0.0000000000000000e+00,8.8242175822542135e-01,2.7923306115230329e+00,2.7923306115230329e+00,8.8242175822542135e-01,2.7923306115230329e+00,5.2104704976407730e+00,2.7923306115230329e+00,4.3901765111294928e+00,5.2104704976407730e+00,5.2104704976407730e+00,1.7763768163137887e+00,0.0000000000000000e+00,8.8242175822542135e-01,5.2104704976407730e+00,3.3073037932342295e+00,3.3073037932342295e+00,5.2104704976407730e+00,6.5964028256403875e+00,6.5964028256403875e+00,4.3901765111294928e+00,8.8242175822542135e-01,6.5964028256403875e+00,6.5964028256403875e+00,6.5964028256403875e+00,4.3901765111294928e+00,6.5964028256403875e+00,1.7763768163137887e+00,8.8242175822542135e-01,6.5964028256403875e+00,5.2104704976407730e+00,3.3073037932342295e+00,2.7923306115230329e+00,3.3073037932342295e+00,5.2104704976407730e+00,6.5964028256403875e+00,4.3901765111294928e+00,2.7923306115230329e+00,0.0000000000000000e+00,3.3073037932342295e+00,5.2104704976407730e+00,6.5964028256403875e+00,5.2104704976407730e+00,5.2104704976407730e+00,6.5964028256403875e+00,6.5964028256403875e+00,4.3901765111294928e+00,5.2104704976407730e+00,1.7763768163137887e+00,5.2104704976407730e+00,0.0000000000000000e+00,2.7923306115230329e+00,2.7923306115230329e+00,2.7923306115230329e+00,5.2104704976407730e+00,5.2104704976407730e+00,1.7763768163137887e+00,5.2104704976407730e+00,5.2104704976407730e+00,5.2104704976407730e+00,8.8242175822542135e-01,4.3901765111294928e+00,3.3073037932342295e+00,5.2104704976407730e+00,6.5964028256403875e+00,5.2104704976407730e+00,1.7763768163137887e+00,5.2104704976407730e+00,5.2104704976407730e+00,4.3901765111294928e+00,4.3901765111294928e+00,4.3901765111294928e+00,5.2104704976407730e+00,4.3901765111294928e+00,6.5964028256403875e+00,5.2104704976407730e+00,6.5964028256403875e+00,4.3901765111294928e+00,0.0000000000000000e+00,3.3073037932342295e+00,3.3073037932342295e+00,6.5964028256403875e+00,6.5964028256403875e+00,5.2104704976407730e+00,1.7763768163137887e+00,4.3901765111294928e+00,5.2104704976407730e+00,4.3901765111294928e+00,3.3073037932342295e+00,5.2104704976407730e+00,1.7763768163137887e+00,5.2104704976407730e+00,6.5964028256403875e+00,2.7923306115230329e+00,5.2104704976407730e+00,6.5964028256403875e+00,3.3073037932342295e+00,6.5964028256403875e+00,2.7923306115230329e+00,4.3901765111294928e+00,5.2104704976407730e+00,3.3073037932342295e+00,4.3901765111294928e+00,4.3901765111294928e+00,6.5964028256403875e+00,1.7763768163137887e+00,6.5964028256403875e+00,4.3901765111294928e+00,5.2104704976407730e+00,5.2104704976407730e+00,5.2104704976407730e+00,2.7923306115230329e+00,0.0000000000000000e+00,8.8242175822542135e-01,3.3073037932342295e+00,4.3901765111294928e+00,3.3073037932342295e+00,6.5964028256403875e+00,6.5964028256403875e+00,4.3901765111294928e+00,3.3073037932342295e+00,3.3073037932342295e+00,6.5964028256403875e+00,3.3073037932342295e+00,5.2104704976407730e+00,5.2104704976407730e+00,6.5964028256403875e+00,2.7923306115230329e+00,6.5964028256403875e+00,2.7923306115230329e+00,6.5964028256403875e+00,6.5964028256403875e+00,1.7763768163137887e+00,5.2104704976407730e+00,4.3901765111294928e+00,3.3073037932342295e+00,8.8242175822542135e-01,4.3901765111294928e+00,4.3901765111294928e+00,2.7923306115230329e+00,1.7763768163137887e+00,2.7923306115230329e+00,6.5964028256403875e+00,0.0000000000000000e+00,6.5964028256403875e+00,6.5964028256403875e+00,6.5964028256403875e+00,6.5964028256403875e+00,5.2104704976407730e+00,4.3901765111294928e+00,4.3901765111294928e+00,0.0000000000000000e+00,5.2104704976407730e+00,0.0000000000000000e+00,1.7763768163137887e+00,4.3901765111294928e+00,2.7923306115230329e+00,5.2104704976407730e+00,4.3901765111294928e+00,6.5964028256403875e+00,6.5964028256403875e+00,6.5964028256403875e+00,6.5964028256403875e+00,2.7923306115230329e+00,4.3901765111294928e+00,2.7923306115230329e+00,4.3901765111294928e+00,8.8242175822542135e-01,4.3901765111294928e+00,6.5964028256403875e+00,5.2104704976407730e+00,6.5964028256403875e+00,5.2104704976407730e+00,3.3073037932342295e+00,6.5964028256403875e+00,3.3073037932342295e+00,2.7923306115230329e+00,3.3073037932342295e+00,2.7923306115230329e+00,6.5964028256403875e+00,5.2104704976407730e+00,6.5964028256403875e+00,6.5964028256403875e+00,6.5964028256403875e+00,8.8242175822542135e-01,6.5964028256403875e+00,4.3901765111294928e+00,6.5964028256403875e+00,6.5964028256403875e+00,6.5964028256403875e+00,8.8242175822542135e-01,6.5964028256403875e+00,6.5964028256403875e+00,6.5964028256403875e+00,6.5964028256403875e+00,0.0000000000000000e+00,0.0000000000000000e+00,2.7923306115230329e+00,2.7923306115230329e+00,6.5964028256403875e+00,6.5964028256403875e+00,0.0000000000000000e+00,4.3901765111294928e+00,8.8242175822542135e-01,0.0000000000000000e+00,6.5964028256403875e+00,6.5964028256403875e+00,6.5964028256403875e+00,2.7923306115230329e+00,3.3073037932342295e+00,0.0000000000000000e+00,5.2104704976407730e+00,2.7923306115230329e+00,6.5964028256403875e+00,0.0000000000000000e+00,6.5964028256403875e+00,6.5964028256403875e+00,1.7763768163137887e+00,6.5964028256403875e+00,6.5964028256403875e+00,3.3073037932342295e+00,6.5964028256403875e+00,3.3073037932342295e+00,3.3073037932342295e+00,4.3901765111294928e+00,6.5964028256403875e+00,4.3901765111294928e+00,5.2104704976407730e+00,1.7763768163137887e+00,4.3901765111294928e+00,6.5964028256403875e+00,6.5964028256403875e+00,6.5964028256403875e+00,6.5964028256403875e+00
1.7051462869939529e+00,1.7051462869939529e+00,1.7051462869939529e+00,1.7051462869939529e+00,1.7051462869939529e+00,1.7051462869939529e+00,1.7051462869939529e+00,1.7051462869939529e+00,4.7301014200292393e+00,1.7051462869939529e+00,1.7051462869939529e+00,0.0000000000000000e+00,1.7051462869939529e+00,1.7051462869939529e+00,1.7051462869939529e+00,1.7051462869939529e+00,1.7051462869939529e+00,1.7051462869939529e+00,2.6166047046259262e+00,6.0062986880222793e+00,1.7051462869939529e+00,6.0062986880222793e+00,6.0062986880222793e+00,8.1556535228620275e-01,4.0405424705001565e+00,4.0405424705001565e+00,8.1556535228620275e-01,6.0062986880222793e+00,4.0405424705001565e+00,0.0000000000000000e+00,0.0000000000000000e+00,4.0405424705001565e+00,4.0405424705001565e+00,4.7301014200292393e+00,4.7301014200292393e+00,4.7301014200292393e+00,6.0062986880222793e+00,6.0062986880222793e+00,6.0062986880222793e+00,6.0062986880222793e+00,6.0062986880222793e+00,6.0062986880222793e+00,1.7051462869939529e+00,4.0405424705001565e+00,3.6952534915351487e+00,4.7301014200292393e+00,0.0000000000000000e+00,6.0062986880222793e+00,6.0062986880222793e+00,6.0062986880222793e+00,8.1556535228620275e-01,4.0405424705001565e+00,2.6166047046259262e+00,6.0062986880222793e+00,3.6952534915351487e+00,6.0062986880222793e+00,4.0405424705001565e+00,4.0405424705001565e+00,0.0000000000000000e+00,8.1556535228620275e-01,4.0405424705001565e+00,3.6952534915351487e+00,8.1556535228620275e-01,4.0405424705001565e+00,4.0405424705001565e+00,6.0062986880222793e+00,6.0062986880222793e+00,3.6952534915351487e+00,8.1556535228620275e-01,0.0000000000000000e+00,6.0062986880222793e+00,6.0062986880222793e+00,6.0062986880222793e+00,6.0062986880222793e+00,6.0062986880222793e+00,6.0062986880222793e+00,4.0405424705001565e+00,0.0000000000000000e+00,3.6952534915351487e+00,3.6952534915351487e+00,6.0062986880222793e+00,6.0062986880222793e+00,3.6952534915351487e+00,0.0000000000000000e+00,6.0062986880222793e+00,3.6952534915351487e+00,3.6952534915351487e+00,8.1556535228620275e-01,4.7301014200292393e+00,4.0405424705001565e+00,6.0062986880222793e+00,6.0062986880222793e+00,8.1556535228620275e-01,1.7051462869939529e+00,0.0000000000000000e+00,6.0062986880222793e+00,0.0000000000000000e+00,4.0405424705001565e+00,4.0405424705001565e+00,4.0405424705001565e+00,0.0000000000000000e+00,3.6952534915351487e+00,6.0062986880222793e+00,3.6952534915351487e+00,3.6952534915351487e+00,4.0405424705001565e+00,4.7301014200292393e+00,3.6952534915351487e+00,0.0000000000000000e+00,6.0062986880222793e+00,2.6166047046259262e+00,2.6166047046259262e+00,3.6952534915351487e+00,6.0062986880222793e+00,6.0062986880222793e+00,8.1556535228620275e-01,3.6952534915351487e+00,6.0062986880222793e+00,6.0062986880222793e+00,2.6166047046259262e+00,6.0062986880222793e+00,6.0062986880222793e+00,6.0062986880222793e+00,1.7051462869939529e+00,6.0062986880222793e+00,2.6166047046259262e+00,2.6166047046259262e+00,8.1556535228620275e-01,1.7051462869939529e+00,6.0062986880222793e+00,4.0405424705001565e+00,0.0000000000000000e+00,1.7051462869939529e+00,3.6952534915351487e+00,2.6166047046259262e+00,4.0405424705001565e+00,4.0405424705001565e+00,6.0062986880222793e+00,8.1556535228620275e-01,2.6166047046259262e+00,0.0000000000000000e+00,0.0000000000000000e+00,3.6952534915351487e+00,4.0405424705001565e+00,6.0062986880222793e+00,6.0062986880222793e+00,0.0000000000000000e+00,4.7301014200292393e+00,4.0405424705001565e+00,8.1556535228620275e-01,2.6166047046259262e+00,3.6952534915351487e+00,3.6952534915351487e+00,3.6952534915351487e+00,4.7301014200292393e+00,3.6952534915351487e+00,3.6952534915351487e+00,6.0062986880222793e+00,4.0405424705001565e+00,1.7051462869939529e+00,0.0000000000000000e+00,2.6166047046259262e+00,6.0062986880222793e+00,3.6952534915351487e+00,2.6166047046259262e+00,1.7051462869939529e+00,2.6166047046259262e+00,0.0000000000000000e+00,2.6166047046259262e+00,6.0062986880222793e+00,2.6166047046259262e+00,0.0000000000000000e+00,8.1556535228620275e-01,4.7301014200292393e+00,6.0062986880222793e+00,1.7051462869939529e+00,6.0062986880222793e+00,4.0405424705001565e+00,0.0000000000000000e+00,4.7301014200292393e+00,4.7301014200292393e+00,6.0062986880222793e+00,6.0062986880222793e+00,1.7051462869939529e+00,4.7301014200292393e+00,6.0062986880222793e+00,2.6166047046259262e+00,4.7301014200292393e+00,4.7301014200292393e+00,4.7301014200292393e+00,2.6166047046259262e+00,2.6166047046259262e+00,2.6166047046259262e+00,2.6166047046259262e+00,4.7301014200292393e+00,8.1556535228620275e-01,2.6166047046259262e+00,6.0062986880222793e+00,2.6166047046259262e+00,2.6166047046259262e+00,0.0000000000000000e+00,6.0062986880222793e+00,3.6952534915351487e+00,4.7301014200292393e+00,4.7301014200292393e+00,4.7301014200292393e+00,4.0405424705001565e+00,4.0405424705001565e+00,6.0062986880222793e+00,8.1556535228620275e-01,6.0062986880222793e+00,3.6952534915351487e+00,8.1556535228620275e-01,6.0062986880222793e+00,4.0405424705001565e+00,6.0062986880222793e+00,1.7051462869939529e+00,6.0062986880222793e+00,6.0062986880222793e+00,3.6952534915351487e+00,4.7301014200292393e+00,2.6166047046259262e+00,6.0062986880222793e+00,8.1556535228620275e-01,6.0062986880222793e+00,6.0062986880222793e+00,4.0405424705001565e+00,4.7301014200292393e+00,4.0405424705001565e+00,2.6166047046259262e+00,3.6952534915351487e+00,6.0062986880222793e+00,2.6166047046259262e+00,6.0062986880222793e+00,6.0062986880222793e+00,2.6166047046259262e+00,1.7051462869939529e+00,3.6952534915351487e+00,6.0062986880222793e+00,1.7051462869939529e+00,8.1556535228620275e-01,6.0062986880222793e+00,4.7301014200292393e+00,4.7301014200292393e+00,3.6952534915351487e+00,3.6952534915351487e+00,8.1556535228620275e-01,3.6952534915351487e+00,0.0000000000000000e+00,6.0062986880222793e+00,0.0000000000000000e+00,8.1556535228620275e-01,4.0405424705001565e+00,6.0062986880222793e+00,6.0062986880222793e+00,8.1556535228620275e-01,6.0062986880222793e+00,6.0062986880222793e+00,4.7301014200292393e+00,4.0405424705001565e+00,2.6166047046259262e+00,0.0000000000000000e+00,8.1556535228620275e-01,2.6166047046259262e+00,2.6166047046259262e+00,6.0062986880222793e+00,6.0062986880222793e+00,6.0062986880222793e+00,3.6952534915351487e+00,2.6166047046259262e+00,1.7051462869939529e+00,6.0062986880222793e+00,1.7051462869939529e+00,1.7051462869939529e+00,1.7051462869939529e+00,8.1556535228620275e-01,8.1556535228620275e-01,6.0062986880222793e+00,2.6166047046259262e+00,2.6166047046259262e+00,1.7051462869939529e+00,1.7051462869939529e+00,2.6166047046259262e+00,4.7301014200292393e+00,4.7301014200292393e+00,6.0062986880222793e+00,8.1556535228620275e-01,2.6166047046259262e+00,2.6166047046259262e+00,4.7301014200292393e+00,8.1556535228620275e-01,6.0062986880222793e+00,3.6952534915351487e+00,4.7301014200292393e+00,4.7301014200292393e+00,6.0062986880222793e+00,2.6166047046259262e+00,8.1556535228620275e-01,4.0405424705001565e+00,4.0405424705001565e+00,4.7301014200292393e+00,4.0405424705001565e+00,4.7301014200292393e+00,6.0062986880222793e+00,0.0000000000000000e+00,6.0062986880222793e+00,0.0000000000000000e+00,6.0062986880222793e+00,6.0062986880222793e+00,0.0000000000000000e+00,8.1556535228620275e-01,1.7051462869939529e+00,4.0405424705001565e+00,2.6166047046259262e+00,8.1556535228620275e-01,8.1556535228620275e-01,3.6952534915351487e+00,6.0062986880222793e+00,6.0062986880222793e+00,3.6952534915351487e+00,4.0405424705001565e+00,4.0405424705001565e+00,8.1556535228620275e-01,2.6166047046259262e+00,6.0062986880222793e+00,4.0405424705001565e+00,3.6952534915351487e+00,3.6952534915351487e+00,3.6952534915351487e+00,3.6952534915351487e+00,3.6952534915351487e+00,3.6952534915351487e+00,6.0062986880222793e+00,6.0062986880222793e+00,1.7051462869939529e+00,8.1556535228620275e-01,3.6952534915351487e+00,8.1556535228620275e-01,6.0062986880222793e+00,4.7301014200292393e+00,4.7301014200292393e+00,1.7051462869939529e+00,1.7051462869939529e+00,6.0062986880222793e+00,3.6952534915351487e+00,6.0062986880222793e+00,4.7301014200292393e+00,6.0062986880222793e+00,4.0405424705001565e+00,6.0062986880222793e+00,6.0062986880222793e+00,8.1556535228620275e-01,8.1556535228620275e-01,4.7301014200292393e+00,0.0000000000000000e+00,4.7301014200292393e+00,4.7301014200292393e+00,3.6952534915351487e+00,1.7051462869939529e+00,3.6952534915351487e+00,8.1556535228620275e-01,4.0405424705001565e+00,1.7051462869939529e+00,0.0000000000000000e+00,3.6952534915351487e+00,2.6166047046259262e+00,0.0000000000000000e+00,3.6952534915351487e+00,2.6166047046259262e+00,8.1556535228620275e-01,2.6166047046259262e+00,4.7301014200292393e+00,6.0062986880222793e+00,3.6952534915351487e+00,2.6166047046259262e+00,6.0062986880222793e+00,6.0062986880222793e+00,4.0405424705001565e+00,2.6166047046259262e+00,4.0405424705001565e+00,6.0062986880222793e+00,4.0405424705001565e+00,6.0062986880222793e+00,6.0062986880222793e+00,2.6166047046259262e+00,3.6952534915351487e+00,4.7301014200292393e+00,4.7301014200292393e+00,8.1556535228620275e-01,4.0405424705001565e+00,4.0405424705001565e+00,6.0062986880222793e+00,6.0062986880222793e+00,4.0405424705001565e+00,1.7051462869939529e+00,8.1556535228620275e-01,2.6166047046259262e+00,1.7051462869939529e+00,6.0062986880222793e+00,6.0062986880222793e+00,6.0062986880222793e+00,6.0062986880222793e+00,6.0062986880222793e+00,6.0062986880222793e+00,6.0062986880222793e+00,2.6166047046259262e+00,6.0062986880222793e+00,0.0000000000000000e+00,8.1556535228620275e-01,6.0062986880222793e+00,0.0000000000000000e+00,3.6952534915351487e+00,4.7301014200292393e+00,4.7301014200292393e+00,0.0000000000000000e+00,4.7301014200292393e+00,6.0062986880222793e+00,6.0062986880222793e+00,3.6952534915351487e+00,4.7301014200292393e+00,1.7051462869939529e+00,2.6166047046259262e+00,4.0405424705001565e+00,8.1556535228620275e-01,4.0405424705001565e+00,3.6952534915351487e+00,4.0405424705001565e+00,4.0405424705001565e+00,6.0062986880222793e+00,4.7301014200292393e+00,4.7301014200292393e+00,6.0062986880222793e+00,4.7301014200292393e+00,4.7301014200292393e+00,4.0405424705001565e+00,4.0405424705001565e+00,6.0062986880222793e+00,6.0062986880222793e+00,4.0405424705001565e+00,3.6952534915351487e+00,8.1556535228620275e-01,4.0405424705001565e+00,6.0062986880222793e+00,8.1556535228620275e-01,8.1556535228620275e-01,0.0000000000000000e+00,6.0062986880222793e+00,6.0062986880222793e+00,3.6952534915351487e+00,4.7301014200292393e+00,4.7301014200292393e+00,6.0062986880222793e+00,4.7301014200292393e+00,4.0405424705001565e+00,3.6952534915351487e+00,3.6952534915351487e+00,4.7301014200292393e+00,2.6166047046259262e+00,6.0062986880222793e+00,6.0062986880222793e+00,4.0405424705001565e+00,4.0405424705001565e+00,4.0405424705001565e+00,8.1556535228620275e-01,4.0405424705001565e+00,3.6952534915351487e+00,6.0062986880222793e+00,3.6952534915351487e+00,3.6952534915351487e+00,2.6166047046259262e+00,3.6952534915351487e+00,6.0062986880222793e+00,3.6952534915351487e+00,6.0062986880222793e+00,6.0062986880222793e+00,4.7301014200292393e+00,6.0062986880222793e+00,0.0000000000000000e+00,2.6166047046259262e+00,4.7301014200292393e+00,4.0405424705001565e+00,6.0062986880222793e+00,2.6166047046259262e+00,4.0405424705001565e+00,6.0062986880222793e+00,4.0405424705001565e+00,4.0405424705001565e+00,2.6166047046259262e+00,4.7301014200292393e+00,4.0405424705001565e+00,4.7301014200292393e+00,3.6952534915351487e+00,6.0062986880222793e+00,6.0062986880222793e+00,6.0062986880222793e+00,3.6952534915351487e+00,4.7301014200292393e+00,6.0062986880222793e+00,6.0062986880222793e+00,2.6166047046259262e+00,6.0062986880222793e+00,4.7301014200292393e+00,0.0000000000000000e+00,6.0062986880222793e+00,2.6166047046259262e+00,2.6166047046259262e+00,4.7301014200292393e+00,4.0405424705001565e+00,4.7301014200292393e+00,6.0062986880222793e+00,6.0062986880222793e+00,3.6952534915351487e+00,3.6952534915351487e+00,6.0062986880222793e+00,4.0405424705001565e+00,0.0000000000000000e+00,1.7051462869939529e+00,3.6952534915351487e+00,3.6952534915351487e+00,6.0062986880222793e+00,4.0405424705001565e+00,2.6166047046259262e+00,4.0405424705001565e+00,3.6952534915351487e+00,0.0000000000000000e+00,8.1556535228620275e-01,6.0062986880222793e+00,0.0000000000000000e+00,2.6166047046259262e+00,1.7051462869939529e+00,2.6166047046259262e+00,8.1556535228620275e-01,6.0062986880222793e+00,6.0062986880222793e+00,4.0405424705001565e+00,2.6166047046259262e+00,6.0062986880222793e+00,6.0062986880222793e+00,6.0062986880222793e+00,4.0405424705001565e+00,8.1556535228620275e-01,4.0405424705001565e+00,4.0405424705001565e+00,4.0405424705001565e+00,3.6952534915351487e+00,4.0405424705001565e+00,4.0405424705001565e+00,4.7301014200292393e+00,4.7301014200292393e+00,6.0062986880222793e+00,6.0062986880222793e+00,6.0062986880222793e+00,1.7051462869939529e+00,3.6952534915351487e+00,6.0062986880222793e+00,2.6166047046259262e+00,4.0405424705001565e+00,3.6952534915351487e+00,4.7301014200292393e+00,8.1556535228620275e-01,4.7301014200292393e+00,1.7051462869939529e+00,6.0062986880222793e+00,8.1556535228620275e-01,1.7051462869939529e+00,4.0405424705001565e+00,4.0405424705001565e+00,6.0062986880222793e+00,4.0405424705001565e+00,1.7051462869939529e+00,8.1556535228620275e-01,0.0000000000000000e+00,6.0062986880222793e+00,8.1556535228620275e-01,1.7051462869939529e+00,4.0405424705001565e+00,0.0000000000000000e+00,1.7051462869939529e+00,4.0405424705001565e+00,4.0405424705001565e+00,4.7301014200292393e+00,4.7301014200292393e+00,4.0405424705001565e+00,4.7301014200292393e+00,6.0062986880222793e+00,0.0000000000000000e+00,8.1556535228620275e-01,6.0062986880222793e+00,4.0405424705001565e+00,4.7301014200292393e+00,4.0405424705001565e+00,8.1556535228620275e-01,8.1556535228620275e-01,6.0062986880222793e+00,4.0405424705001565e+00,6.0062986880222793e+00,4.7301014200292393e+00,3.6952534915351487e+00,4.7301014200292393e+00,4.0405424705001565e+00,8.1556535228620275e-01,8.1556535228620275e-01,4.0405424705001565e+00,4.7301014200292393e+00,6.0062986880222793e+00,6.0062986880222793e+00,1.7051462869939529e+00,4.0405424705001565e+00,4.7301014200292393e+00,0.0000000000000000e+00,0.0000000000000000e+00,3.6952534915351487e+00,4.7301014200292393e+00,1.7051462869939529e+00,8.1556535228620275e-01,1.7051462869939529e+00,4.7301014200292393e+00,2.6166047046259262e+00,8.1556535228620275e-01,6.0062986880222793e+00,3.6952534915351487e+00,8.1556535228620275e-01,4.0405424705001565e+00,4.0405424705001565e+00,4.0405424705001565e+00,4.0405424705001565e+00,4.7301014200292393e+00,3.6952534915351487e+00,3.6952534915351487e+00,6.0062986880222793e+00,4.0405424705001565e+00,6.0062986880222793e+00,6.0062986880222793e+00,6.0062986880222793e+00,6.0062986880222793e+00,3.6952534915351487e+00,6.0062986880222793e+00,3.6952534915351487e+00,6.0062986880222793e+00,3.6952534915351487e+00,6.0062986880222793e+00,6.0062986880222793e+00,0.0000000000000000e+00,8.1556535228620275e-01,4.0405424705001565e+00,4.7301014200292393e+00,4.0405424705001565e+00,4.0405424705001565e+00,6.0062986880222793e+00,4.7301014200292393e+00,6.0062986880222793e+00,3.6952534915351487e+00,8.1556535228620275e-01,6.0062986880222793e+00,4.7301014200292393e+00,3.6952534915351487e+00,4.0405424705001565e+00,6.0062986880222793e+00,4.0405424705001565e+00,4.0405424705001565e+00,6.0062986880222793e+00,3.6952534915351487e+00,3.6952534915351487e+00,3.6952534915351487e+00,4.7301014200292393e+00,6.0062986880222793e+00,2.6166047046259262e+00,6.0062986880222793e+00,6.0062986880222793e+00,6.0062986880222793e+00,4.0405424705001565e+00,0.0000000000000000e+00,3.6952534915351487e+00,6.0062986880222793e+00,3.6952534915351487e+00,4.7301014200292393e+00,6.0062986880222793e+00,2.6166047046259262e+00,0.0000000000000000e+00,4.0405424705001565e+00,6.0062986880222793e+00,8.1556535228620275e-01,3.6952534915351487e+00,6.0062986880222793e+00,3.6952534915351487e+00,2.6166047046259262e+00,4.7301014200292393e+00,4.7301014200292393e+00,2.6166047046259262e+00,8.1556535228620275e-01,2.6166047046259262e+00,8.1556535228620275e-01,2.6166047046259262e+00,2.6166047046259262e+00,4.7301014200292393e+00,8.1556535228620275e-01,4.7301014200292393e+00,0.0000000000000000e+00,1.7051462869939529e+00,4.7301014200292393e+00,6.0062986880222793e+00,6.0062986880222793e+00,6.0062986880222793e+00,4.7301014200292393e+00,4.0405424705001565e+00,8.1556535228620275e-01,2.6166047046259262e+00,6.0062986880222793e+00,6.0062986880222793e+00,4.7301014200292393e+00,4.0405424705001565e+00,3.6952534915351487e+00,3.6952534915351487e+00,1.7051462869939529e+00,6.0062986880222793e+00,4.0405424705001565e+00,6.0062986880222793e+00,6.0062986880222793e+00,3.6952534915351487e+00,6.0062986880222793e+00,6.0062986880222793e+00,4.0405424705001565e+00,4.0405424705001565e+00,3.6952534915351487e+00,4.0405424705001565e+00,6.0062986880222793e+00,6.0062986880222793e+00,6.0062986880222793e+00,4.7301014200292393e+00,6.0062986880222793e+00,6.0062986880222793e+00,2.6166047046259262e+00,2.6166047046259262e+00,4.0405424705001565e+00,6.0062986880222793e+00,0.0000000000000000e+00,3.6952534915351487e+00,8.1556535228620275e-01,6.0062986880222793e+00,0.0000000000000000e+00,2.6166047046259262e+00,0.0000000000000000e+00,3.6952534915351487e+00,4.0405424705001565e+00,3.6952534915351487e+00,3.6952534915351487e+00,8.1556535228620275e-01,6.0062986880222793e+00,6.0062986880222793e+00,1.7051462869939529e+00,3.6952534915351487e+00,3.6952534915351487e+00,8.1556535228620275e-01,6.0062986880222793e+00,8.1556535228620275e-01,2.6166047046259262e+00,0.0000000000000000e+00,4.0405424705001565e+00,4.7301014200292393e+00,2.6166047046259262e+00,3.6952534915351487e+00,6.0062986880222793e+00,6.0062986880222793e+00,6.0062986880222793e+00,6.0062986880222793e+00,4.7301014200292393e+00,4.7301014200292393e+00,4.7301014200292393e+00,6.0062986880222793e+00,6.0062986880222793e+00,4.7301014200292393e+00,4.7301014200292393e+00,6.0062986880222793e+00,6.0062986880222793e+00,6.0062986880222793e+00,6.0062986880222793e+00,2.6166047046259262e+00,6.0062986880222793e+00,6.0062986880222793e+00,3.6952534915351487e+00,6.0062986880222793e+00,6.0062986880222793e+00,8.1556535228620275e-01,3.6952534915351487e+00,6.0062986880222793e+00,0.0000000000000000e+00,1.7051462869939529e+00,6.0062986880222793e+00,6.0062986880222793e+00,4.0405424705001565e+00,4.0405424705001565e+00,6.0062986880222793e+00,6.0062986880222793e+00,1.7051462869939529e+00,4.0405424705001565e+00,6.0062986880222793e+00,6.0062986880222793e+00,4.0405424705001565e+00,8.1556535228620275e-01,4.7301014200292393e+00,0.0000000000000000e+00,4.0405424705001565e+00,4.0405424705001565e+00,6.0062986880222793e+00,4.0405424705001565e+00,6.0062986880222793e+00,4.0405424705001565e+00,6.0062986880222793e+00,6.0062986880222793e+00,3.6952534915351487e+00,8.1556535228620275e-01,6.0062986880222793e+00,4.7301014200292393e+00,1.7051462869939529e+00,6.0062986880222793e+00,1.7051462869939529e+00,3.6952534915351487e+00,0.0000000000000000e+00,3.6952534915351487e+00,4.7301014200292393e+00,4.0405424705001565e+00,4.7301014200292393e+00,3.6952534915351487e+00,3.6952534915351487e+00,6.0062986880222793e+00,6.0062986880222793e+00,6.0062986880222793e+00,2.6166047046259262e+00,6.0062986880222793e+00,6.0062986880222793e+00,6.0062986880222793e+00,0.0000000000000000e+00,2.6166047046259262e+00,1.7051462869939529e+00,3.6952534915351487e+00,6.0062986880222793e+00,6.0062986880222793e+00,4.0405424705001565e+00,6.0062986880222793e+00,8.1556535228620275e-01,6.0062986880222793e+00,6.0062986880222793e+00,4.0405424705001565e+00,8.1556535228620275e-01,3.6952534915351487e+00,3.6952534915351487e+00,4.0405424705001565e+00,4.7301014200292393e+00,8.1556535228620275e-01,4.0405424705001565e+00,2.6166047046259262e+00,4.7301014200292393e+00,4.0405424705001565e+00,4.0405424705001565e+00,4.7301014200292393e+00,4.0405424705001565e+00,2.6166047046259262e+00,0.0000000000000000e+00,6.0062986880222793e+00,6.0062986880222793e+00,2.6166047046259262e+00,0.0000000000000000e+00,6.0062986880222793e+00,2.6166047046259262e+00,2.6166047046259262e+00,8.1556535228620275e-01,2.6166047046259262e+00,2.6166047046259262e+00,2.6166047046259262e+00,8.1556535228620275e-01,4.7301014200292393e+00,4.7301014200292393e+00,0.0000000000000000e+00,8.1556535228620275e-01,6.0062986880222793e+00,2.6166047046259262e+00,6.0062986880222793e+00,1.7051462869939529e+00,6.0062986880222793e+00,4.7301014200292393e+00,4.7301014200292393e+00,2.6166047046259262e+00,6.0062986880222793e+00,4.0405424705001565e+00,2.6166047046259262e+00,2.6166047046259262e+00,4.0405424705001565e+00,4.0405424705001565e+00,4.0405424705001565e+00,4.0405424705001565e+00,6.0062986880222793e+00,4.0405424705001565e+00,2.6166047046259262e+00,6.0062986880222793e+00,4.0405424705001565e+00,2.6166047046259262e+00,1.7051462869939529e+00,2.6166047046259262e+00,8.1556535228620275e-01,6.0062986880222793e+00,4.7301014200292393e+00,4.7301014200292393e+00,6.0062986880222793e+00,6.0062986880222793e+00,6.0062986880222793e+00,6.0062986880222793e+00,6.0062986880222793e+00,6.0062986880222793e+00,0.0000000000000000e+00,4.0405424705001565e+00,4.7301014200292393e+00,1.7051462869939529e+00,4.7301014200292393e+00,6.0062986880222793e+00,3.6952534915351487e+00,6.0062986880222793e+00,6.0062986880222793e+00,8.1556535228620275e-01,6.0062986880222793e+00,4.7301014200292393e+00,4.7301014200292393e+00,1.7051462869939529e+00,6.0062986880222793e+00,4.0405424705001565e+00,1.7051462869939529e+00,8.1556535228620275e-01,6.0062986880222793e+00,6.0062986880222793e+00,8.1556535228620275e-01,6.0062986880222793e+00,8.1556535228620275e-01,1.7051462869939529e+00,4.7301014200292393e+00,4.7301014200292393e+00,4.7301014200292393e+00,1.7051462869939529e+00,4.0405424705001565e+00,4.0405424705001565e+00,8.1556535228620275e-01,6.0062986880222793e+00,0.0000000000000000e+00,4.7301014200292393e+00,4.0405424705001565e+00,6.0062986880222793e+00,6.0062986880222793e+00,6.0062986880222793e+00,4.7301014200292393e+00,6.0062986880222793e+00,6.0062986880222793e+00,6.0062986880222793e+00,8.1556535228620275e-01,1.7051462869939529e+00,6.0062986880222793e+00,2.6166047046259262e+00,8.1556535228620275e-01,2.6166047046259262e+00,6.0062986880222793e+00,8.1556535228620275e-01,0.0000000000000000e+00,6.0062986880222793e+00,6.0062986880222793e+00,2.6166047046259262e+00,0.0000000000000000e+00,1.7051462869939529e+00,6.0062986880222793e+00,0.0000000000000000e+00,4.0405424705001565e+00,6.0062986880222793e+00,8.1556535228620275e-01,6.0062986880222793e+00,2.6166047046259262e+00,6.0062986880222793e+00,0.0000000000000000e+00,3.6952534915351487e+00,6.0062986880222793e+00,2.6166047046259262e+00,6.0062986880222793e+00,2.6166047046259262e+00,2.6166047046259262e+00,3.6952534915351487e+00,3.6952534915351487e+00,4.0405424705001565e+00,3.6952534915351487e+00,0.0000000000000000e+00,8.1556535228620275e-01,4.7301014200292393e+00,6.0062986880222793e+00,4.7301014200292393e+00,6.0062986880222793e+00,2.6166047046259262e+00,6.0062986880222793e+00,2.6166047046259262e+00,4.0405424705001565e+00,6.0062986880222793e+00,8.1556535228620275e-01,2.6166047046259262e+00,4.0405424705001565e+00,2.6166047046259262e+00,8.1556535228620275e-01,1.7051462869939529e+00
4.9506891730080707e+00,4.9506891730080707e+00,0.0000000000000000e+00,2.4692258139112244e+00,0.0000000000000000e+00,2.4692258139112244e+00,8.4925845923091181e-01,8.4925845923091181e-01,0.0000000000000000e+00,2.4692258139112244e+00,2.4692258139112244e+00,2.4692258139112244e+00,2.4692258139112244e+00,2.4692258139112244e+00,3.3675357278287072e+00,2.4692258139112244e+00,2.4692258139112244e+00,2.4692258139112244e+00,4.9506891730080707e+00,2.4692258139112244e+00,2.4692258139112244e+00,2.4692258139112244e+00,1.6444438081203194e+00,4.3591023776151347e+00,0.0000000000000000e+00,2.4692258139112244e+00,8.4925845923091181e-01,8.4925845923091181e-01,4.9506891730080707e+00,3.3675357278287072e+00,3.3675357278287072e+00,1.6444438081203194e+00,4.3591023776151347e+00,4.3591023776151347e+00,2.4692258139112244e+00,8.4925845923091181e-01,3.3675357278287072e+00,3.3675357278287072e+00,3.3675357278287072e+00,3.3675357278287072e+00,3.3675357278287072e+00,3.3675357278287072e+00,1.6444438081203194e+00,1.6444438081203194e+00,3.3675357278287072e+00,3.3675357278287072e+00,0.0000000000000000e+00,3.3675357278287072e+00,3.3675357278287072e+00,3.3675357278287072e+00,3.3675357278287072e+00,1.6444438081203194e+00,6.3798876653840200e+00,3.3675357278287072e+00,3.3675357278287072e+00,4.9506891730080707e+00,4.9506891730080707e+00,4.9506891730080707e+00,4.9506891730080707e+00,4.9506891730080707e+00,1.6444438081203194e+00,3.3675357278287072e+00,4.3591023776151347e+00,4.3591023776151347e+00,4.9506891730080707e+00,0.0000000000000000e+00,6.3798876653840200e+00,3.3675357278287072e+00,2.4692258139112244e+00,4.3591023776151347e+00,6.3798876653840200e+00,8.4925845923091181e-01,0.0000000000000000e+00,6.3798876653840200e+00,1.6444438081203194e+00,1.6444438081203194e+00,6.3798876653840200e+00,3.3675357278287072e+00,6.3798876653840200e+00,6.3798876653840200e+00,3.3675357278287072e+00,6.3798876653840200e+00,6.3798876653840200e+00,6.3798876653840200e+00,0.0000000000000000e+00,4.9506891730080707e+00,6.3798876653840200e+00,0.0000000000000000e+00,6.3798876653840200e+00,1.6444438081203194e+00,1.6444438081203194e+00,1.6444438081203194e+00,8.4925845923091181e-01,8.4925845923091181e-01,6.3798876653840200e+00,3.3675357278287072e+00,3.3675357278287072e+00,2.4692258139112244e+00,4.3591023776151347e+00,6.3798876653840200e+00,0.0000000000000000e+00,1.6444438081203194e+00,4.3591023776151347e+00,4.3591023776151347e+00,4.9506891730080707e+00,1.6444438081203194e+00,3.3675357278287072e+00,4.3591023776151347e+00,2.4692258139112244e+00,0.0000000000000000e+00,8.4925845923091181e-01,1.6444438081203194e+00,8.4925845923091181e-01,1.6444438081203194e+00,8.4925845923091181e-01,4.3591023776151347e+00,4.3591023776151347e+00,4.9506891730080707e+00,4.9506891730080707e+00,3.3675357278287072e+00,4.9506891730080707e+00,0.0000000000000000e+00,4.9506891730080707e+00,4.9506891730080707e+00,4.9506891730080707e+00,4.9506891730080707e+00,1.6444438081203194e+00,2.4692258139112244e+00,4.9506891730080707e+00,0.0000000000000000e+00,8.4925845923091181e-01,4.9506891730080707e+00,4.9506891730080707e+00,0.0000000000000000e+00,4.9506891730080707e+00,3.3675357278287072e+00,8.4925845923091181e-01,3.3675357278287072e+00,2.4692258139112244e+00,4.3591023776151347e+00,4.9506891730080707e+00,3.3675357278287072e+00,1.6444438081203194e+00,4.9506891730080707e+00,4.3591023776151347e+00,4.9506891730080707e+00,4.3591023776151347e+00,4.3591023776151347e+00,8.4925845923091181e-01,3.3675357278287072e+00,3.3675357278287072e+00,3.3675357278287072e+00,3.3675357278287072e+00,8.4925845923091181e-01,2.4692258139112244e+00,4.9506891730080707e+00,4.3591023776151347e+00,4.9506891730080707e+00,6.3798876653840200e+00,6.3798876653840200e+00,8.4925845923091181e-01,6.3798876653840200e+00,0.0000000000000000e+00,1.6444438081203194e+00,1.6444438081203194e+00,2.4692258139112244e+00,1.6444438081203194e+00,8.4925845923091181e-01,6.3798876653840200e+00,3.3675357278287072e+00,4.3591023776151347e+00,6.3798876653840200e+00,6.3798876653840200e+00,1.6444438081203194e+00,4.9506891730080707e+00,6.3798876653840200e+00,8.4925845923091181e-01,3.3675357278287072e+00,3.3675357278287072e+00,3.3675357278287072e+00,3.3675357278287072e+00,0.0000000000000000e+00,6.3798876653840200e+00,8.4925845923091181e-01,3.3675357278287072e+00,3.3675357278287072e+00,3.3675357278287072e+00,8.4925845923091181e-01,0.0000000000000000e+00,4.9506891730080707e+00,6.3798876653840200e+00,3.3675357278287072e+00,2.4692258139112244e+00,2.4692258139112244e+00,0.0000000000000000e+00,1.6444438081203194e+00,3.3675357278287072e+00,2.4692258139112244e+00,3.3675357278287072e+00,4.3591023776151347e+00,4.3591023776151347e+00,4.3591023776151347e+00,8.4925845923091181e-01,3.3675357278287072e+00,4.3591023776151347e+00,4.3591023776151347e+00,4.3591023776151347e+00,2.4692258139112244e+00,4.9506891730080707e+00,2.4692258139112244e+00,2.4692258139112244e+00,4.3591023776151347e+00,6.3798876653840200e+00,4.9506891730080707e+00,2.4692258139112244e+00,6.3798876653840200e+00,2.4692258139112244e+00,6.3798876653840200e+00,3.3675357278287072e+00,4.9506891730080707e+00,4.3591023776151347e+00,3.3675357278287072e+00,6.3798876653840200e+00,6.3798876653840200e+00,0.0000000000000000e+00,4.9506891730080707e+00,2.4692258139112244e+00,6.3798876653840200e+00,3.3675357278287072e+00,6.3798876653840200e+00,1.6444438081203194e+00,4.9506891730080707e+00,4.9506891730080707e+00,3.3675357278287072e+00,6.3798876653840200e+00,3.3675357278287072e+00,4.9506891730080707e+00,4.3591023776151347e+00,2.4692258139112244e+00,8.4925845923091181e-01,4.9506891730080707e+00,4.9506891730080707e+00,3.3675357278287072e+00,3.3675357278287072e+00,4.9506891730080707e+00,4.9506891730080707e+00,4.9506891730080707e+00,1.6444438081203194e+00,3.3675357278287072e+00,1.6444438081203194e+00,2.4692258139112244e+00,2.4692258139112244e+00,1.6444438081203194e+00,3.3675357278287072e+00,4.3591023776151347e+00,6.3798876653840200e+00,6.3798876653840200e+00,4.3591023776151347e+00,0.0000000000000000e+00,4.9506891730080707e+00,4.9506891730080707e+00,4.9506891730080707e+00,4.9506891730080707e+00,6.3798876653840200e+00,0.0000000000000000e+00,4.3591023776151347e+00,4.9506891730080707e+00,4.3591023776151347e+00,3.3675357278287072e+00,4.9506891730080707e+00,0.0000000000000000e+00,8.4925845923091181e-01,3.3675357278287072e+00,1.6444438081203194e+00,8.4925845923091181e-01,3.3675357278287072e+00,4.3591023776151347e+00,4.3591023776151347e+00,8.4925845923091181e-01,8.4925845923091181e-01,4.3591023776151347e+00,2.4692258139112244e+00,3.3675357278287072e+00,4.9506891730080707e+00,2.4692258139112244e+00,2.4692258139112244e+00,4.9506891730080707e+00,4.9506891730080707e+00,4.3591023776151347e+00,0.0000000000000000e+00,0.0000000000000000e+00,6.3798876653840200e+00,8.4925845923091181e-01,6.3798876653840200e+00,6.3798876653840200e+00,4.9506891730080707e+00,4.3591023776151347e+00,4.9506891730080707e+00,1.6444438081203194e+00,8.4925845923091181e-01,4.9506891730080707e+00,6.3798876653840200e+00,3.3675357278287072e+00,8.4925845923091181e-01,6.3798876653840200e+00,8.4925845923091181e-01,8.4925845923091181e-01,4.9506891730080707e+00,2.4692258139112244e+00,2.4692258139112244e+00,6.3798876653840200e+00,0.0000000000000000e+00,4.9506891730080707e+00,1.6444438081203194e+00,4.3591023776151347e+00,3.3675357278287072e+00,6.3798876653840200e+00,4.9506891730080707e+00,3.3675357278287072e+00,8.4925845923091181e-01,2.4692258139112244e+00,6.3798876653840200e+00,6.3798876653840200e+00,1.6444438081203194e+00,8.4925845923091181e-01,4.3591023776151347e+00,2.4692258139112244e+00,8.4925845923091181e-01,2.4692258139112244e+00,0.0000000000000000e+00,4.9506891730080707e+00,6.3798876653840200e+00,6.3798876653840200e+00,6.3798876653840200e+00,1.6444438081203194e+00,6.3798876653840200e+00,6.3798876653840200e+00,3.3675357278287072e+00,3.3675357278287072e+00,4.9506891730080707e+00,3.3675357278287072e+00,6.3798876653840200e+00,6.3798876653840200e+00,0.0000000000000000e+00,6.3798876653840200e+00,6.3798876653840200e+00,6.3798876653840200e+00,1.6444438081203194e+00,6.3798876653840200e+00,6.3798876653840200e+00,4.9506891730080707e+00,0.0000000000000000e+00,4.3591023776151347e+00,4.3591023776151347e+00,6.3798876653840200e+00,3.3675357278287072e+00,0.0000000000000000e+00,4.9506891730080707e+00,1.6444438081203194e+00,6.3798876653840200e+00,4.9506891730080707e+00,6.3798876653840200e+00,1.6444438081203194e+00,4.9506891730080707e+00,0.0000000000000000e+00,2.4692258139112244e+00,1.6444438081203194e+00,4.9506891730080707e+00,4.9506891730080707e+00,2.4692258139112244e+00,2.4692258139112244e+00,0.0000000000000000e+00,0.0000000000000000e+00,8.4925845923091181e-01,3.3675357278287072e+00,2.4692258139112244e+00,1.6444438081203194e+00,4.9506891730080707e+00,2.4692258139112244e+00,1.6444438081203194e+00,0.0000000000000000e+00,6.3798876653840200e+00,1.6444438081203194e+00,6.3798876653840200e+00,6.3798876653840200e+00,0.0000000000000000e+00,6.3798876653840200e+00,1.6444438081203194e+00,6.3798876653840200e+00,6.3798876653840200e+00,6.3798876653840200e+00,6.3798876653840200e+00,4.9506891730080707e+00,0.0000000000000000e+00,8.4925845923091181e-01,6.3798876653840200e+00,6.3798876653840200e+00,4.9506891730080707e+00,6.3798876653840200e+00,4.9506891730080707e+00,6.3798876653840200e+00,4.3591023776151347e+00,4.3591023776151347e+00,6.3798876653840200e+00,4.3591023776151347e+00,4.9506891730080707e+00,4.3591023776151347e+00,6.3798876653840200e+00,6.3798876653840200e+00,1.6444438081203194e+00,0.0000000000000000e+00,4.3591023776151347e+00,3.3675357278287072e+00,2.4692258139112244e+00,6.3798876653840200e+00,4.3591023776151347e+00,1.6444438081203194e+00,2.4692258139112244e+00,2.4692258139112244e+00,4.9506891730080707e+00,2.4692258139112244e+00,1.6444438081203194e+00,1.6444438081203194e+00,6.3798876653840200e+00,4.3591023776151347e+00,2.4692258139112244e+00,2.4692258139112244e+00,4.9506891730080707e+00,4.9506891730080707e+00,6.3798876653840200e+00,6.3798876653840200e+00,3.3675357278287072e+00,2.4692258139112244e+00,2.4692258139112244e+00,6.3798876653840200e+00,3.3675357278287072e+00,3.3675357278287072e+00,8.4925845923091181e-01,2.4692258139112244e+00,6.3798876653840200e+00,3.3675357278287072e+00,4.9506891730080707e+00,4.9506891730080707e+00,4.9506891730080707e+00,3.3675357278287072e+00,4.3591023776151347e+00,8.4925845923091181e-01,3.3675357278287072e+00,8.4925845923091181e-01,6.3798876653840200e+00,8.4925845923091181e-01,1.6444438081203194e+00,3.3675357278287072e+00,1.6444438081203194e+00,6.3798876653840200e+00,4.9506891730080707e+00,1.6444438081203194e+00,4.9506891730080707e+00,4.9506891730080707e+00,4.9506891730080707e+00,0.0000000000000000e+00,3.3675357278287072e+00,3.3675357278287072e+00,3.3675357278287072e+00,3.3675357278287072e+00,4.9506891730080707e+00,8.4925845923091181e-01,8.4925845923091181e-01,3.3675357278287072e+00,4.9506891730080707e+00,8.4925845923091181e-01,2.4692258139112244e+00,1.6444438081203194e+00,3.3675357278287072e+00,3.3675357278287072e+00,3.3675357278287072e+00,3.3675357278287072e+00,3.3675357278287072e+00,3.3675357278287072e+00,4.9506891730080707e+00,1.6444438081203194e+00,2.4692258139112244e+00,8.4925845923091181e-01,3.3675357278287072e+00,3.3675357278287072e+00,8.4925845923091181e-01,3.3675357278287072e+00,6.3798876653840200e+00,4.3591023776151347e+00,1.6444438081203194e+00,8.4925845923091181e-01,4.9506891730080707e+00,8.4925845923091181e-01,3.3675357278287072e+00,3.3675357278287072e+00,3.3675357278287072e+00,2.4692258139112244e+00,4.3591023776151347e+00,3.3675357278287072e+00,3.3675357278287072e+00,3.3675357278287072e+00,3.3675357278287072e+00,3.3675357278287072e+00,3.3675357278287072e+00,2.4692258139112244e+00,3.3675357278287072e+00,2.4692258139112244e+00,6.3798876653840200e+00,3.3675357278287072e+00,4.3591023776151347e+00,6.3798876653840200e+00,3.3675357278287072e+00,4.3591023776151347e+00,6.3798876653840200e+00,6.3798876653840200e+00,3.3675357278287072e+00,3.3675357278287072e+00,4.9506891730080707e+00,4.9506891730080707e+00,6.3798876653840200e+00,6.3798876653840200e+00,6.3798876653840200e+00,4.9506891730080707e+00,4.9506891730080707e+00,2.4692258139112244e+00,0.0000000000000000e+00,4.9506891730080707e+00,0.0000000000000000e+00,6.3798876653840200e+00,0.0000000000000000e+00,6.3798876653840200e+00,3.3675357278287072e+00,3.3675357278287072e+00,0.0000000000000000e+00,1.6444438081203194e+00,2.4692258139112244e+00,6.3798876653840200e+00,4.3591023776151347e+00,3.3675357278287072e+00,1.6444438081203194e+00,0.0000000000000000e+00,4.3591023776151347e+00,1.6444438081203194e+00,2.4692258139112244e+00,6.3798876653840200e+00,8.4925845923091181e-01,3.3675357278287072e+00,2.4692258139112244e+00,1.6444438081203194e+00,6.3798876653840200e+00,4.3591023776151347e+00,4.3591023776151347e+00,4.3591023776151347e+00,6.3798876653840200e+00,8.4925845923091181e-01,6.3798876653840200e+00,2.4692258139112244e+00,3.3675357278287072e+00,2.4692258139112244e+00,4.3591023776151347e+00,4.9506891730080707e+00,6.3798876653840200e+00,4.9506891730080707e+00,0.0000000000000000e+00,4.3591023776151347e+00,3.3675357278287072e+00,4.3591023776151347e+00,6.3798876653840200e+00,3.3675357278287072e+00,2.4692258139112244e+00,2.4692258139112244e+00,3.3675357278287072e+00,6.3798876653840200e+00,6.3798876653840200e+00,4.3591023776151347e+00,4.9506891730080707e+00,4.9506891730080707e+00,6.3798876653840200e+00,4.9506891730080707e+00,6.3798876653840200e+00,3.3675357278287072e+00,4.3591023776151347e+00,4.9506891730080707e+00,4.9506891730080707e+00,4.3591023776151347e+00,4.3591023776151347e+00,2.4692258139112244e+00,4.3591023776151347e+00,4.9506891730080707e+00,4.9506891730080707e+00,4.9506891730080707e+00,4.9506891730080707e+00,3.3675357278287072e+00,3.3675357278287072e+00,4.9506891730080707e+00,4.3591023776151347e+00,4.9506891730080707e+00,4.9506891730080707e+00,2.4692258139112244e+00,2.4692258139112244e+00,1.6444438081203194e+00,3.3675357278287072e+00,3.3675357278287072e+00,4.9506891730080707e+00,4.9506891730080707e+00,4.9506891730080707e+00,4.9506891730080707e+00,0.0000000000000000e+00,4.3591023776151347e+00,4.3591023776151347e+00,3.3675357278287072e+00,3.3675357278287072e+00,4.9506891730080707e+00,4.9506891730080707e+00,0.0000000000000000e+00,4.9506891730080707e+00,3.3675357278287072e+00,6.3798876653840200e+00,4.9506891730080707e+00,0.0000000000000000e+00,0.0000000000000000e+00,4.3591023776151347e+00,3.3675357278287072e+00,2.4692258139112244e+00,6.3798876653840200e+00,1.6444438081203194e+00,2.4692258139112244e+00,6.3798876653840200e+00,1.6444438081203194e+00,4.3591023776151347e+00,3.3675357278287072e+00,8.4925845923091181e-01,8.4925845923091181e-01,3.3675357278287072e+00,4.9506891730080707e+00,4.3591023776151347e+00,3.3675357278287072e+00,6.3798876653840200e+00,0.0000000000000000e+00,4.3591023776151347e+00,4.9506891730080707e+00,4.9506891730080707e+00,4.9506891730080707e+00,6.3798876653840200e+00,1.6444438081203194e+00,4.9506891730080707e+00,3.3675357278287072e+00,6.3798876653840200e+00,2.4692258139112244e+00,1.6444438081203194e+00,4.3591023776151347e+00,2.4692258139112244e+00,4.9506891730080707e+00,1.6444438081203194e+00,6.3798876653840200e+00,6.3798876653840200e+00,4.9506891730080707e+00,1.6444438081203194e+00,1.6444438081203194e+00,8.4925845923091181e-01,4.9506891730080707e+00,3.3675357278287072e+00,4.9506891730080707e+00,4.9506891730080707e+00,4.3591023776151347e+00,4.9506891730080707e+00,0.0000000000000000e+00,2.4692258139112244e+00,6.3798876653840200e+00,2.4692258139112244e+00,2.4692258139112244e+00,4.3591023776151347e+00,8.4925845923091181e-01,3.3675357278287072e+00,6.3798876653840200e+00,4.9506891730080707e+00,4.3591023776151347e+00,1.6444438081203194e+00,4.3591023776151347e+00,8.4925845923091181e-01,0.0000000000000000e+00,2.4692258139112244e+00,3.3675357278287072e+00,8.4925845923091181e-01,8.4925845923091181e-01,4.9506891730080707e+00,4.9506891730080707e+00,6.3798876653840200e+00,2.4692258139112244e+00,8.4925845923091181e-01,6.3798876653840200e+00,4.9506891730080707e+00,8.4925845923091181e-01,6.3798876653840200e+00,4.9506891730080707e+00,8.4925845923091181e-01,2.4692258139112244e+00,8.4925845923091181e-01,8.4925845923091181e-01,0.0000000000000000e+00,3.3675357278287072e+00,4.9506891730080707e+00,4.3591023776151347e+00,6.3798876653840200e+00,1.6444438081203194e+00,6.3798876653840200e+00,1.6444438081203194e+00,6.3798876653840200e+00,2.4692258139112244e+00,3.3675357278287072e+00,3.3675357278287072e+00,3.3675357278287072e+00,4.9506891730080707e+00,6.3798876653840200e+00,1.6444438081203194e+00,4.9506891730080707e+00,6.3798876653840200e+00,4.9506891730080707e+00,3.3675357278287072e+00,6.3798876653840200e+00,4.9506891730080707e+00,3.3675357278287072e+00,3.3675357278287072e+00,2.4692258139112244e+00,4.9506891730080707e+00,4.9506891730080707e+00,4.9506891730080707e+00,4.9506891730080707e+00,4.9506891730080707e+00,6.3798876653840200e+00,4.9506891730080707e+00,6.3798876653840200e+00,6.3798876653840200e+00,4.9506891730080707e+00,8.4925845923091181e-01,6.3798876653840200e+00,6.3798876653840200e+00,8.4925845923091181e-01,4.9506891730080707e+00,6.3798876653840200e+00,6.3798876653840200e+00,6.3798876653840200e+00,6.3798876653840200e+00,4.9506891730080707e+00,8.4925845923091181e-01,4.3591023776151347e+00,2.4692258139112244e+00,1.6444438081203194e+00,6.3798876653840200e+00,4.3591023776151347e+00,6.3798876653840200e+00,4.9506891730080707e+00,4.9506891730080707e+00,2.4692258139112244e+00,1.6444438081203194e+00,4.9506891730080707e+00,0.0000000000000000e+00,1.6444438081203194e+00,1.6444438081203194e+00,4.3591023776151347e+00,4.3591023776151347e+00,4.9506891730080707e+00,4.9506891730080707e+00,6.3798876653840200e+00,4.3591023776151347e+00,4.3591023776151347e+00,2.4692258139112244e+00,6.3798876653840200e+00,3.3675357278287072e+00,4.3591023776151347e+00,0.0000000000000000e+00,3.3675357278287072e+00,4.3591023776151347e+00,2.4692258139112244e+00,0.0000000000000000e+00,4.9506891730080707e+00,6.3798876653840200e+00,0.0000000000000000e+00,3.3675357278287072e+00,6.3798876653840200e+00,6.3798876653840200e+00,6.3798876653840200e+00,3.3675357278287072e+00,3.3675357278287072e+00,2.4692258139112244e+00,1.6444438081203194e+00,6.3798876653840200e+00,8.4925845923091181e-01,8.4925845923091181e-01,6.3798876653840200e+00,6.3798876653840200e+00,2.4692258139112244e+00,4.3591023776151347e+00,6.3798876653840200e+00,4.9506891730080707e+00,2.4692258139112244e+00,3.3675357278287072e+00,6.3798876653840200e+00,1.6444438081203194e+00,6.3798876653840200e+00,1.6444438081203194e+00,8.4925845923091181e-01,6.3798876653840200e+00,6.3798876653840200e+00,0.0000000000000000e+00,6.3798876653840200e+00,2.4692258139112244e+00,0.0000000000000000e+00,6.3798876653840200e+00,6.3798876653840200e+00,6.3798876653840200e+00,6.3798876653840200e+00,6.3798876653840200e+00,3.3675357278287072e+00,4.9506891730080707e+00,3.3675357278287072e+00,2.4692258139112244e+00,3.3675357278287072e+00,1.6444438081203194e+00,6.3798876653840200e+00,3.3675357278287072e+00,2.4692258139112244e+00,6.3798876653840200e+00,3.3675357278287072e+00,6.3798876653840200e+00,4.3591023776151347e+00,4.9506891730080707e+00,3.3675357278287072e+00,6.3798876653840200e+00,6.3798876653840200e+00,2.4692258139112244e+00,3.3675357278287072e+00,4.9506891730080707e+00,6.3798876653840200e+00,4.3591023776151347e+00,2.4692258139112244e+00,6.3798876653840200e+00,2.4692258139112244e+00,3.3675357278287072e+00,3.3675357278287072e+00,3.3675357278287072e+00,3.3675357278287072e+00,4.3591023776151347e+00,6.3798876653840200e+00,4.9506891730080707e+00,4.9506891730080707e+00,4.9506891730080707e+00,3.3675357278287072e+00,6.3798876653840200e+00,0.0000000000000000e+00,4.3591023776151347e+00,0.0000000000000000e+00,6.3798876653840200e+00,4.9506891730080707e+00,2.4692258139112244e+00,6.3798876653840200e+00,6.3798876653840200e+00,4.9506891730080707e+00,3.3675357278287072e+00,4.3591023776151347e+00,6.3798876653840200e+00,4.9506891730080707e+00,4.9506891730080707e+00,3.3675357278287072e+00,3.3675357278287072e+00,6.3798876653840200e+00,1.6444438081203194e+00,4.9506891730080707e+00,4.9506891730080707e+00,4.3591023776151347e+00,6.3798876653840200e+00,6.3798876653840200e+00,3.3675357278287072e+00,6.3798876653840200e+00,6.3798876653840200e+00,1.6444438081203194e+00,1.6444438081203194e+00,4.3591023776151347e+00,3.3675357278287072e+00,6.3798876653840200e+00,4.9506891730080707e+00,8.4925845923091181e-01,2.4692258139112244e+00,0.0000000000000000e+00,8.4925845923091181e-01,6.3798876653840200e+00,4.3591023776151347e+00,6.3798876653840200e+00,8.4925845923091181e-01,3.3675357278287072e+00,1.6444438081203194e+00,1.6444438081203194e+00,2.4692258139112244e+00,3.3675357278287072e+00,4.3591023776151347e+00,2.4692258139112244e+00,8.4925845923091181e-01,4.3591023776151347e+00,8.4925845923091181e-01,8.4925845923091181e-01,4.9506891730080707e+00,1.6444438081203194e+00,6.3798876653840200e+00,4.9506891730080707e+00,4.3591023776151347e+00,4.3591023776151347e+00,4.9506891730080707e+00,3.3675357278287072e+00,4.9506891730080707e+00,4.9506891730080707e+00,4.9506891730080707e+00,6.3798876653840200e+00,4.3591023776151347e+00,6.3798876653840200e+00,6.3798876653840200e+00,4.9506891730080707e+00,4.3591023776151347e+00,6.3798876653840200e+00,4.3591023776151347e+00,0.0000000000000000e+00,4.9506891730080707e+00,4.3591023776151347e+00,6.3798876653840200e+00,1.6444438081203194e+00,2.4692258139112244e+00,8.4925845923091181e-01,4.3591023776151347e+00,4.3591023776151347e+00,8.4925845923091181e-01,6.3798876653840200e+00,2.4692258139112244e+00,4.3591023776151347e+00,3.3675357278287072e+00,6.3798876653840200e+00,3.3675357278287072e+00,6.3798876653840200e+00,2.4692258139112244e+00,4.9506891730080707e+00,3.3675357278287072e+00,6.3798876653840200e+00,6.3798876653840200e+00,6.3798876653840200e+00,6.3798876653840200e+00,4.9506891730080707e+00,1.6444438081203194e+00,1.6444438081203194e+00,6.3798876653840200e+00,6.3798876653840200e+00,4.3591023776151347e+00,4.9506891730080707e+00,6.3798876653840200e+00,4.9506891730080707e+00,6.3798876653840200e+00,3.3675357278287072e+00,8.4925845923091181e-01,3.3675357278287072e+00,3.3675357278287072e+00,3.3675357278287072e+00,3.3675357278287072e+00,0.0000000000000000e+00,6.3798876653840200e+00,1.6444438081203194e+00,6.3798876653840200e+00,2.4692258139112244e+00,6.3798876653840200e+00,6.3798876653840200e+00,4.9506891730080707e+00,6.3798876653840200e+00,3.3675357278287072e+00,3.3675357278287072e+00,6.3798876653840200e+00,4.3591023776151347e+00,1.6444438081203194e+00,6.3798876653840200e+00,6.3798876653840200e+00,3.3675357278287072e+00,0.0000000000000000e+00,0.0000000000000000e+00,2.4692258139112244e+00,6.3798876653840200e+00,4.3591023776151347e+00,6.3798876653840200e+00,6.3798876653840200e+00,4.9506891730080707e+00,4.9506891730080707e+00,1.6444438081203194e+00,1.6444438081203194e+00,6.3798876653840200e+00,4.9506891730080707e+00,6.3798876653840200e+00,0.0000000000000000e+00,6.3798876653840200e+00,0.0000000000000000e+00,6.3798876653840200e+00,6.3798876653840200e+00,2.4692258139112244e+00,6.3798876653840200e+00,6.3798876653840200e+00,4.3591023776151347e+00,1.6444438081203194e+00
4.3528079747488215e+00,4.3528079747488215e+00,0.0000000000000000e+00,0.0000000000000000e+00,4.3528079747488215e+00,4.3528079747488215e+00,0.0000000000000000e+00,4.3528079747488215e+00,4.3528079747488215e+00,4.3528079747488215e+00,4.3528079747488215e+00,4.3528079747488215e+00,4.8472841867988121e+00,4.8472841867988121e+00,1.6471596081117164e+00,3.7205972894799064e+00,4.3528079747488215e+00,4.3528079747488215e+00,3.7205972894799064e+00,4.3528079747488215e+00,4.3528079747488215e+00,4.3528079747488215e+00,4.3528079747488215e+00,4.3528079747488215e+00,4.3528079747488215e+00,4.3528079747488215e+00,8.9612088554373615e-01,4.3528079747488215e+00,0.0000000000000000e+00,8.9612088554373615e-01,4.3528079747488215e+00,1.6471596081117164e+00,4.3528079747488215e+00,4.8472841867988121e+00,4.3528079747488215e+00,4.3528079747488215e+00,5.5408148219478468e+00,4.8472841867988121e+00,1.6471596081117164e+00,4.8472841867988121e+00,4.8472841867988121e+00,4.8472841867988121e+00,8.9612088554373615e-01,4.3528079747488215e+00,4.3528079747488215e+00,4.3528079747488215e+00,4.3528079747488215e+00,1.6471596081117164e+00,8.9612088554373615e-01,4.3528079747488215e+00,4.8472841867988121e+00,4.3528079747488215e+00,4.3528079747488215e+00,0.0000000000000000e+00,3.7205972894799064e+00,4.3528079747488215e+00,5.5408148219478468e+00,1.6471596081117164e+00,0.0000000000000000e+00,4.3528079747488215e+00,8.9612088554373615e-01,4.8472841867988121e+00,4.3528079747488215e+00,1.6471596081117164e+00,5.5408148219478468e+00,5.5408148219478468e+00,4.3528079747488215e+00,1.6471596081117164e+00,2.6472381055884422e+00,5.5408148219478468e+00,5.5408148219478468e+00,4.3528079747488215e+00,8.9612088554373615e-01,5.5408148219478468e+00,4.3528079747488215e+00,3.7205972894799064e+00,3.7205972894799064e+00,4.8472841867988121e+00,4.3528079747488215e+00,4.3528079747488215e+00,5.5408148219478468e+00,3.7205972894799064e+00,4.3528079747488215e+00,4.3528079747488215e+00,5.5408148219478468e+00,4.3528079747488215e+00,4.3528079747488215e+00,4.3528079747488215e+00,1.6471596081117164e+00,3.7205972894799064e+00,3.7205972894799064e+00,4.8472841867988121e+00,4.3528079747488215e+00,4.3528079747488215e+00,1.6471596081117164e+00,4.3528079747488215e+00,2.6472381055884422e+00,8.9612088554373615e-01,0.0000000000000000e+00,4.3528079747488215e+00,4.3528079747488215e+00,5.5408148219478468e+00,5.5408148219478468e+00,2.6472381055884422e+00,5.5408148219478468e+00,5.5408148219478468e+00,0.0000000000000000e+00,5.5408148219478468e+00,4.8472841867988121e+00,2.6472381055884422e+00,4.8472841867988121e+00,2.6472381055884422e+00,8.9612088554373615e-01,4.8472841867988121e+00,3.7205972894799064e+00,5.5408148219478468e+00,1.6471596081117164e+00,4.3528079747488215e+00,4.3528079747488215e+00,4.3528079747488215e+00,3.7205972894799064e+00,3.7205972894799064e+00,5.5408148219478468e+00,1.6471596081117164e+00,4.3528079747488215e+00,0.0000000000000000e+00,4.3528079747488215e+00,4.3528079747488215e+00,3.7205972894799064e+00,4.8472841867988121e+00,4.8472841867988121e+00,4.8472841867988121e+00,4.8472841867988121e+00,4.8472841867988121e+00,0.0000000000000000e+00,4.3528079747488215e+00,3.7205972894799064e+00,5.5408148219478468e+00,5.5408148219478468e+00,4.3528079747488215e+00,3.7205972894799064e+00,5.5408148219478468e+00,0.0000000000000000e+00,4.3528079747488215e+00,3.7205972894799064e+00,2.6472381055884422e+00,4.3528079747488215e+00,5.5408148219478468e+00,4.8472841867988121e+00,4.3528079747488215e+00,1.6471596081117164e+00,4.3528079747488215e+00,0.0000000000000000e+00,4.8472841867988121e+00,5.5408148219478468e+00,1.6471596081117164e+00,4.3528079747488215e+00,8.9612088554373615e-01,1.6471596081117164e+00,1.6471596081117164e+00,5.5408148219478468e+00,5.5408148219478468e+00,1.6471596081117164e+00,3.7205972894799064e+00,2.6472381055884422e+00,5.5408148219478468e+00,2.6472381055884422e+00,5.5408148219478468e+00,2.6472381055884422e+00,4.3528079747488215e+00,5.5408148219478468e+00,1.6471596081117164e+00,5.5408148219478468e+00,5.5408148219478468e+00,5.5408148219478468e+00,5.5408148219478468e+00,5.5408148219478468e+00,4.3528079747488215e+00,5.5408148219478468e+00,4.3528079747488215e+00,4.8472841867988121e+00,5.5408148219478468e+00,4.8472841867988121e+00,4.8472841867988121e+00,4.8472841867988121e+00,4.8472841867988121e+00,4.3528079747488215e+00,3.7205972894799064e+00,1.6471596081117164e+00,5.5408148219478468e+00,4.8472841867988121e+00,0.0000000000000000e+00,5.5408148219478468e+00,8.9612088554373615e-01,4.8472841867988121e+00,4.8472841867988121e+00,4.8472841867988121e+00,4.8472841867988121e+00,8.9612088554373615e-01,2.6472381055884422e+00,4.8472841867988121e+00,4.3528079747488215e+00,5.5408148219478468e+00,3.7205972894799064e+00,1.6471596081117164e+00,2.6472381055884422e+00,4.3528079747488215e+00,4.8472841867988121e+00,4.8472841867988121e+00,4.8472841867988121e+00,4.3528079747488215e+00,4.8472841867988121e+00,4.8472841867988121e+00,4.8472841867988121e+00,1.6471596081117164e+00,2.6472381055884422e+00,4.3528079747488215e+00,4.3528079747488215e+00,1.6471596081117164e+00,4.3528079747488215e+00,4.8472841867988121e+00,3.7205972894799064e+00,4.8472841867988121e+00,4.3528079747488215e+00,4.8472841867988121e+00,8.9612088554373615e-01,4.3528079747488215e+00,3.7205972894799064e+00,2.6472381055884422e+00,4.3528079747488215e+00,8.9612088554373615e-01,4.8472841867988121e+00,4.8472841867988121e+00,2.6472381055884422e+00,2.6472381055884422e+00,8.9612088554373615e-01,4.8472841867988121e+00,8.9612088554373615e-01,1.6471596081117164e+00,1.6471596081117164e+00,3.7205972894799064e+00,8.9612088554373615e-01,5.5408148219478468e+00,0.0000000000000000e+00,5.5408148219478468e+00,3.7205972894799064e+00,4.8472841867988121e+00,4.8472841867988121e+00,4.8472841867988121e+00,2.6472381055884422e+00,4.8472841867988121e+00,4.8472841867988121e+00,5.5408148219478468e+00,4.8472841867988121e+00,4.8472841867988121e+00,3.7205972894799064e+00,5.5408148219478468e+00,4.8472841867988121e+00,8.9612088554373615e-01,1.6471596081117164e+00,2.6472381055884422e+00,4.3528079747488215e+00,5.5408148219478468e+00,5.5408148219478468e+00,5.5408148219478468e+00,5.5408148219478468e+00,4.8472841867988121e+00,4.3528079747488215e+00,2.6472381055884422e+00,3.7205972894799064e+00,4.8472841867988121e+00,4.8472841867988121e+00,3.7205972894799064e+00,4.3528079747488215e+00,4.8472841867988121e+00,4.8472841867988121e+00,3.7205972894799064e+00,1.6471596081117164e+00,1.6471596081117164e+00,4.8472841867988121e+00,3.7205972894799064e+00,5.5408148219478468e+00,3.7205972894799064e+00,1.6471596081117164e+00,3.7205972894799064e+00,2.6472381055884422e+00,3.7205972894799064e+00,3.7205972894799064e+00,0.0000000000000000e+00,5.5408148219478468e+00,3.7205972894799064e+00,5.5408148219478468e+00,3.7205972894799064e+00,5.5408148219478468e+00,3.7205972894799064e+00,5.5408148219478468e+00,8.9612088554373615e-01,5.5408148219478468e+00,4.3528079747488215e+00,4.3528079747488215e+00,3.7205972894799064e+00,5.5408148219478468e+00,5.5408148219478468e+00,4.8472841867988121e+00,2.6472381055884422e+00,0.0000000000000000e+00,3.7205972894799064e+00,5.5408148219478468e+00,5.5408148219478468e+00,5.5408148219478468e+00,1.6471596081117164e+00,5.5408148219478468e+00,0.0000000000000000e+00,5.5408148219478468e+00,2.6472381055884422e+00,3.7205972894799064e+00,5.5408148219478468e+00,5.5408148219478468e+00,1.6471596081117164e+00,4.3528079747488215e+00,4.3528079747488215e+00,1.6471596081117164e+00,4.8472841867988121e+00,4.3528079747488215e+00,5.5408148219478468e+00,4.3528079747488215e+00,5.5408148219478468e+00,4.8472841867988121e+00,4.3528079747488215e+00,5.5408148219478468e+00,3.7205972894799064e+00,5.5408148219478468e+00,3.7205972894799064e+00,3.7205972894799064e+00,3.7205972894799064e+00,1.6471596081117164e+00,5.5408148219478468e+00,1.6471596081117164e+00,4.8472841867988121e+00,4.8472841867988121e+00,4.8472841867988121e+00,4.8472841867988121e+00,4.3528079747488215e+00,1.6471596081117164e+00,5.5408148219478468e+00,5.5408148219478468e+00,4.3528079747488215e+00,0.0000000000000000e+00,4.8472841867988121e+00,5.5408148219478468e+00,3.7205972894799064e+00,2.6472381055884422e+00,5.5408148219478468e+00,5.5408148219478468e+00,3.7205972894799064e+00,5.5408148219478468e+00,4.3528079747488215e+00,2.6472381055884422e+00,2.6472381055884422e+00,5.5408148219478468e+00,5.5408148219478468e+00,8.9612088554373615e-01,0.0000000000000000e+00,4.3528079747488215e+00,5.5408148219478468e+00,5.5408148219478468e+00,5.5408148219478468e+00,5.5408148219478468e+00,5.5408148219478468e+00,8.9612088554373615e-01,8.9612088554373615e-01,4.8472841867988121e+00,4.8472841867988121e+00,4.8472841867988121e+00,5.5408148219478468e+00,5.5408148219478468e+00,8.9612088554373615e-01,3.7205972894799064e+00,5.5408148219478468e+00,2.6472381055884422e+00,4.8472841867988121e+00,2.6472381055884422e+00,0.0000000000000000e+00,4.8472841867988121e+00,1.6471596081117164e+00,5.5408148219478468e+00,3.7205972894799064e+00,4.8472841867988121e+00,5.5408148219478468e+00,5.5408148219478468e+00,5.5408148219478468e+00,1.6471596081117164e+00,4.8472841867988121e+00,4.8472841867988121e+00,0.0000000000000000e+00,4.8472841867988121e+00,5.5408148219478468e+00,0.0000000000000000e+00,5.5408148219478468e+00,5.5408148219478468e+00,3.7205972894799064e+00,5.5408148219478468e+00,4.8472841867988121e+00,0.0000000000000000e+00,1.6471596081117164e+00,1.6471596081117164e+00,4.8472841867988121e+00,5.5408148219478468e+00,4.8472841867988121e+00,2.6472381055884422e+00,2.6472381055884422e+00,5.5408148219478468e+00,5.5408148219478468e+00,3.7205972894799064e+00,4.8472841867988121e+00,5.5408148219478468e+00,4.3528079747488215e+00,4.8472841867988121e+00,2.6472381055884422e+00,1.6471596081117164e+00,2.6472381055884422e+00,0.0000000000000000e+00,5.5408148219478468e+00,4.8472841867988121e+00,0.0000000000000000e+00,4.8472841867988121e+00,4.8472841867988121e+00,0.0000000000000000e+00,4.3528079747488215e+00,4.8472841867988121e+00,5.5408148219478468e+00,5.5408148219478468e+00,5.5408148219478468e+00,4.8472841867988121e+00,5.5408148219478468e+00,4.3528079747488215e+00,0.0000000000000000e+00,8.9612088554373615e-01,5.5408148219478468e+00,4.3528079747488215e+00,4.8472841867988121e+00,3.7205972894799064e+00,5.5408148219478468e+00,2.6472381055884422e+00,4.8472841867988121e+00,1.6471596081117164e+00,8.9612088554373615e-01,3.7205972894799064e+00,0.0000000000000000e+00,0.0000000000000000e+00,3.7205972894799064e+00,0.0000000000000000e+00,4.8472841867988121e+00,5.5408148219478468e+00,4.8472841867988121e+00,5.5408148219478468e+00,5.5408148219478468e+00,1.6471596081117164e+00,5.5408148219478468e+00,4.8472841867988121e+00,5.5408148219478468e+00,3.7205972894799064e+00,4.8472841867988121e+00,4.8472841867988121e+00,4.8472841867988121e+00,1.6471596081117164e+00,4.8472841867988121e+00,5.5408148219478468e+00,1.6471596081117164e+00,1.6471596081117164e+00,4.8472841867988121e+00,0.0000000000000000e+00,1.6471596081117164e+00,5.5408148219478468e+00,4.8472841867988121e+00,3.7205972894799064e+00,3.7205972894799064e+00,4.8472841867988121e+00,4.8472841867988121e+00,2.6472381055884422e+00,3.7205972894799064e+00,4.8472841867988121e+00,5.5408148219478468e+00,4.8472841867988121e+00,8.9612088554373615e-01,4.8472841867988121e+00,1.6471596081117164e+00,2.6472381055884422e+00,4.8472841867988121e+00,3.7205972894799064e+00,1.6471596081117164e+00,2.6472381055884422e+00,1.6471596081117164e+00,3.7205972894799064e+00,4.8472841867988121e+00,5.5408148219478468e+00,3.7205972894799064e+00,4.8472841867988121e+00,0.0000000000000000e+00,4.3528079747488215e+00,8.9612088554373615e-01,4.8472841867988121e+00,4.3528079747488215e+00,5.5408148219478468e+00,4.3528079747488215e+00,4.8472841867988121e+00,3.7205972894799064e+00,5.5408148219478468e+00,0.0000000000000000e+00,1.6471596081117164e+00,4.8472841867988121e+00,2.6472381055884422e+00,4.8472841867988121e+00,4.3528079747488215e+00,3.7205972894799064e+00,4.3528079747488215e+00,4.8472841867988121e+00,8.9612088554373615e-01,8.9612088554373615e-01,2.6472381055884422e+00,5.5408148219478468e+00,3.7205972894799064e+00,0.0000000000000000e+00,4.8472841867988121e+00,3.7205972894799064e+00,4.8472841867988121e+00,5.5408148219478468e+00,4.8472841867988121e+00,4.3528079747488215e+00,3.7205972894799064e+00,2.6472381055884422e+00,4.8472841867988121e+00,4.8472841867988121e+00,5.5408148219478468e+00,4.8472841867988121e+00,4.8472841867988121e+00,4.8472841867988121e+00,1.6471596081117164e+00,5.5408148219478468e+00,4.8472841867988121e+00,4.8472841867988121e+00,4.3528079747488215e+00,4.8472841867988121e+00,4.3528079747488215e+00,1.6471596081117164e+00,2.6472381055884422e+00,1.6471596081117164e+00,8.9612088554373615e-01,4.3528079747488215e+00,4.3528079747488215e+00,5.5408148219478468e+00,5.5408148219478468e+00,5.5408148219478468e+00,4.3528079747488215e+00,3.7205972894799064e+00,8.9612088554373615e-01,4.3528079747488215e+00,8.9612088554373615e-01,5.5408148219478468e+00,4.3528079747488215e+00,4.3528079747488215e+00,1.6471596081117164e+00,5.5408148219478468e+00,2.6472381055884422e+00,2.6472381055884422e+00,5.5408148219478468e+00,0.0000000000000000e+00,4.8472841867988121e+00,2.6472381055884422e+00,3.7205972894799064e+00,3.7205972894799064e+00,2.6472381055884422e+00,1.6471596081117164e+00,2.6472381055884422e+00,3.7205972894799064e+00,4.8472841867988121e+00,2.6472381055884422e+00,2.6472381055884422e+00,8.9612088554373615e-01,2.6472381055884422e+00,3.7205972894799064e+00,5.5408148219478468e+00,2.6472381055884422e+00,3.7205972894799064e+00,2.6472381055884422e+00,1.6471596081117164e+00,4.8472841867988121e+00,3.7205972894799064e+00,3.7205972894799064e+00,4.8472841867988121e+00,4.8472841867988121e+00,5.5408148219478468e+00,5.5408148219478468e+00,4.8472841867988121e+00,4.3528079747488215e+00,1.6471596081117164e+00,0.0000000000000000e+00,4.3528079747488215e+00,5.5408148219478468e+00,5.5408148219478468e+00,5.5408148219478468e+00,1.6471596081117164e+00,5.5408148219478468e+00,0.0000000000000000e+00,4.8472841867988121e+00,5.5408148219478468e+00,3.7205972894799064e+00,5.5408148219478468e+00,1.6471596081117164e+00,4.3528079747488215e+00,4.8472841867988121e+00,4.8472841867988121e+00,4.8472841867988121e+00,0.0000000000000000e+00,8.9612088554373615e-01,4.3528079747488215e+00,4.3528079747488215e+00,4.3528079747488215e+00,5.5408148219478468e+00,5.5408148219478468e+00,3.7205972894799064e+00,1.6471596081117164e+00,5.5408148219478468e+00,5.5408148219478468e+00,5.5408148219478468e+00,4.8472841867988121e+00,0.0000000000000000e+00,4.8472841867988121e+00,4.8472841867988121e+00,1.6471596081117164e+00,4.8472841867988121e+00,4.8472841867988121e+00,4.8472841867988121e+00,5.5408148219478468e+00,4.8472841867988121e+00,5.5408148219478468e+00,4.3528079747488215e+00,5.5408148219478468e+00,8.9612088554373615e-01,1.6471596081117164e+00,5.5408148219478468e+00,4.3528079747488215e+00,5.5408148219478468e+00,0.0000000000000000e+00,4.8472841867988121e+00,5.5408148219478468e+00,1.6471596081117164e+00,2.6472381055884422e+00,0.0000000000000000e+00,4.8472841867988121e+00,4.8472841867988121e+00,8.9612088554373615e-01,4.8472841867988121e+00,4.8472841867988121e+00,4.8472841867988121e+00,5.5408148219478468e+00,4.3528079747488215e+00,5.5408148219478468e+00,4.3528079747488215e+00,3.7205972894799064e+00,8.9612088554373615e-01,4.3528079747488215e+00,4.8472841867988121e+00,4.3528079747488215e+00,5.5408148219478468e+00,5.5408148219478468e+00,0.0000000000000000e+00,4.3528079747488215e+00,5.5408148219478468e+00,5.5408148219478468e+00,4.3528079747488215e+00,3.7205972894799064e+00,3.7205972894799064e+00,4.3528079747488215e+00,3.7205972894799064e+00,3.7205972894799064e+00,4.3528079747488215e+00,4.3528079747488215e+00,3.7205972894799064e+00,0.0000000000000000e+00,5.5408148219478468e+00,4.3528079747488215e+00,4.8472841867988121e+00,5.5408148219478468e+00,0.0000000000000000e+00,4.3528079747488215e+00,3.7205972894799064e+00,5.5408148219478468e+00,2.6472381055884422e+00,5.5408148219478468e+00,1.6471596081117164e+00,4.8472841867988121e+00,0.0000000000000000e+00,4.3528079747488215e+00,5.5408148219478468e+00,0.0000000000000000e+00,4.8472841867988121e+00,4.8472841867988121e+00,8.9612088554373615e-01,5.5408148219478468e+00,4.8472841867988121e+00,4.8472841867988121e+00,5.5408148219478468e+00,8.9612088554373615e-01,2.6472381055884422e+00,4.8472841867988121e+00,5.5408148219478468e+00,2.6472381055884422e+00,5.5408148219478468e+00,3.7205972894799064e+00,2.6472381055884422e+00,4.3528079747488215e+00,5.5408148219478468e+00,5.5408148219478468e+00,4.8472841867988121e+00,4.8472841867988121e+00,0.0000000000000000e+00,5.5408148219478468e+00,5.5408148219478468e+00,4.8472841867988121e+00,1.6471596081117164e+00,5.5408148219478468e+00,4.3528079747488215e+00,3.7205972894799064e+00,3.7205972894799064e+00,1.6471596081117164e+00,1.6471596081117164e+00,2.6472381055884422e+00,1.6471596081117164e+00,4.3528079747488215e+00,4.3528079747488215e+00,5.5408148219478468e+00,5.5408148219478468e+00,8.9612088554373615e-01,4.3528079747488215e+00,4.3528079747488215e+00,5.5408148219478468e+00,4.3528079747488215e+00,4.8472841867988121e+00,0.0000000000000000e+00,5.5408148219478468e+00,4.3528079747488215e+00,5.5408148219478468e+00,5.5408148219478468e+00,8.9612088554373615e-01,1.6471596081117164e+00,1.6471596081117164e+00,4.8472841867988121e+00,5.5408148219478468e+00,4.3528079747488215e+00,4.8472841867988121e+00,5.5408148219478468e+00,8.9612088554373615e-01,4.8472841867988121e+00,8.9612088554373615e-01,4.3528079747488215e+00,4.3528079747488215e+00,4.8472841867988121e+00,3.7205972894799064e+00,8.9612088554373615e-01,4.3528079747488215e+00,3.7205972894799064e+00,4.3528079747488215e+00,0.0000000000000000e+00,4.8472841867988121e+00,8.9612088554373615e-01,4.8472841867988121e+00,4.3528079747488215e+00,4.3528079747488215e+00,5.5408148219478468e+00,4.3528079747488215e+00,1.6471596081117164e+00,3.7205972894799064e+00,5.5408148219478468e+00,4.3528079747488215e+00,5.5408148219478468e+00,8.9612088554373615e-01,3.7205972894799064e+00,4.8472841867988121e+00,4.8472841867988121e+00,8.9612088554373615e-01,4.3528079747488215e+00,8.9612088554373615e-01,4.8472841867988121e+00,4.3528079747488215e+00,4.3528079747488215e+00,5.5408148219478468e+00,1.6471596081117164e+00,4.3528079747488215e+00,5.5408148219478468e+00,4.3528079747488215e+00,4.3528079747488215e+00,5.5408148219478468e+00,1.6471596081117164e+00,3.7205972894799064e+00,4.3528079747488215e+00,4.8472841867988121e+00,1.6471596081117164e+00,4.8472841867988121e+00,3.7205972894799064e+00,4.3528079747488215e+00,1.6471596081117164e+00,8.9612088554373615e-01,4.3528079747488215e+00,5.5408148219478468e+00,5.5408148219478468e+00,5.5408148219478468e+00,5.5408148219478468e+00,5.5408148219478468e+00,5.5408148219478468e+00,4.8472841867988121e+00,0.0000000000000000e+00,3.7205972894799064e+00,5.5408148219478468e+00,5.5408148219478468e+00,5.5408148219478468e+00,3.7205972894799064e+00,5.5408148219478468e+00,0.0000000000000000e+00,3.7205972894799064e+00,4.8472841867988121e+00,5.5408148219478468e+00,8.9612088554373615e-01,5.5408148219478468e+00,5.5408148219478468e+00,4.8472841867988121e+00,4.3528079747488215e+00,4.3528079747488215e+00,4.3528079747488215e+00,3.7205972894799064e+00,4.3528079747488215e+00,0.0000000000000000e+00,4.3528079747488215e+00,3.7205972894799064e+00,8.9612088554373615e-01,3.7205972894799064e+00,4.3528079747488215e+00,4.8472841867988121e+00,4.3528079747488215e+00,4.3528079747488215e+00,5.5408148219478468e+00,4.3528079747488215e+00,4.3528079747488215e+00,4.8472841867988121e+00,3.7205972894799064e+00,4.8472841867988121e+00,2.6472381055884422e+00,1.6471596081117164e+00,2.6472381055884422e+00,0.0000000000000000e+00,4.8472841867988121e+00,2.6472381055884422e+00,4.8472841867988121e+00,4.8472841867988121e+00,4.8472841867988121e+00,5.5408148219478468e+00,4.3528079747488215e+00,3.7205972894799064e+00,1.6471596081117164e+00,2.6472381055884422e+00,1.6471596081117164e+00,1.6471596081117164e+00,3.7205972894799064e+00,4.8472841867988121e+00,8.9612088554373615e-01,3.7205972894799064e+00,4.8472841867988121e+00,0.0000000000000000e+00,4.8472841867988121e+00,8.9612088554373615e-01,3.7205972894799064e+00,1.6471596081117164e+00,2.6472381055884422e+00,5.5408148219478468e+00,8.9612088554373615e-01,4.8472841867988121e+00,5.5408148219478468e+00,2.6472381055884422e+00,5.5408148219478468e+00,4.8472841867988121e+00,0.0000000000000000e+00,5.5408148219478468e+00,2.6472381055884422e+00,4.3528079747488215e+00,1.6471596081117164e+00,4.8472841867988121e+00,4.3528079747488215e+00,4.8472841867988121e+00,5.5408148219478468e+00,5.5408148219478468e+00,4.3528079747488215e+00,5.5408148219478468e+00,5.5408148219478468e+00,4.8472841867988121e+00,8.9612088554373615e-01,5.5408148219478468e+00,8.9612088554373615e-01,2.6472381055884422e+00,4.3528079747488215e+00,4.3528079747488215e+00,4.8472841867988121e+00,2.6472381055884422e+00,4.8472841867988121e+00,4.8472841867988121e+00,4.8472841867988121e+00,1.6471596081117164e+00,4.3528079747488215e+00,5.5408148219478468e+00,2.6472381055884422e+00,5.5408148219478468e+00,1.6471596081117164e+00,5.5408148219478468e+00,3.7205972894799064e+00,4.8472841867988121e+00,4.8472841867988121e+00,2.6472381055884422e+00,4.8472841867988121e+00,4.3528079747488215e+00,4.8472841867988121e+00,8.9612088554373615e-01,4.8472841867988121e+00,4.3528079747488215e+00,1.6471596081117164e+00,4.3528079747488215e+00,4.8472841867988121e+00,1.6471596081117164e+00,3.7205972894799064e+00,4.3528079747488215e+00,1.6471596081117164e+00,4.8472841867988121e+00,4.8472841867988121e+00,8.9612088554373615e-01,4.8472841867988121e+00,4.3528079747488215e+00,1.6471596081117164e+00,2.6472381055884422e+00,4.8472841867988121e+00,4.8472841867988121e+00,4.8472841867988121e+00,4.3528079747488215e+00,8.9612088554373615e-01,2.6472381055884422e+00,3.7205972894799064e+00,1.6471596081117164e+00,4.8472841867988121e+00,2.6472381055884422e+00,3.7205972894799064e+00,4.3528079747488215e+00,4.8472841867988121e+00,3.7205972894799064e+00,3.7205972894799064e+00,4.3528079747488215e+00,0.0000000000000000e+00,5.5408148219478468e+00,2.6472381055884422e+00,3.7205972894799064e+00,3.7205972894799064e+00,2.6472381055884422e+00,2.6472381055884422e+00,4.8472841867988121e+00,4.3528079747488215e+00,0.0000000000000000e+00,4.8472841867988121e+00,4.8472841867988121e+00,3.7205972894799064e+00,4.3528079747488215e+00,4.3528079747488215e+00,4.3528079747488215e+00,8.9612088554373615e-01,4.8472841867988121e+00,4.3528079747488215e+00,2.6472381055884422e+00,2.6472381055884422e+00,2.6472381055884422e+00,4.8472841867988121e+00,3.7205972894799064e+00,3.7205972894799064e+00,2.6472381055884422e+00,4.8472841867988121e+00,3.7205972894799064e+00,4.8472841867988121e+00,1.6471596081117164e+00,5.5408148219478468e+00,4.8472841867988121e+00,4.3528079747488215e+00,1.6471596081117164e+00,2.6472381055884422e+00,4.3528079747488215e+00,2.6472381055884422e+00,5.5408148219478468e+00,1.6471596081117164e+00,8.9612088554373615e-01,1.6471596081117164e+00,4.8472841867988121e+00,4.3528079747488215e+00,1.6471596081117164e+00,3.7205972894799064e+00,4.3528079747488215e+00,0.0000000000000000e+00,4.8472841867988121e+00
2.7064803023294703e+00,2.7064803023294703e+00,2.7064803023294703e+00,2.7064803023294703e+00,3.0530166973520716e+00,2.7064803023294703e+00,0.0000000000000000e+00,1.7635475739158939e+00,1.7635475739158939e+00,5.0861284643949256e+00,8.1560175460861550e-01,5.0861284643949256e+00,5.0861284643949256e+00,3.0530166973520716e+00,3.0530166973520716e+00,2.7064803023294703e+00,3.0530166973520716e+00,5.7908532443127356e+00,3.0530166973520716e+00,3.0530166973520716e+00,5.7908532443127356e+00,5.7908532443127356e+00,3.0530166973520716e+00,2.7064803023294703e+00,5.7908532443127356e+00,5.0861284643949256e+00,3.0530166973520716e+00,3.0530166973520716e+00,5.0861284643949256e+00,4.1602898301289688e+00,5.0861284643949256e+00,2.7064803023294703e+00,1.7635475739158939e+00,5.7908532443127356e+00,5.0861284643949256e+00,1.7635475739158939e+00,8.1560175460861550e-01,2.7064803023294703e+00,8.1560175460861550e-01,5.0861284643949256e+00,3.0530166973520716e+00,5.7908532443127356e+00,5.7908532443127356e+00,5.0861284643949256e+00,8.1560175460861550e-01,5.7908532443127356e+00,0.0000000000000000e+00,5.7908532443127356e+00,8.1560175460861550e-01,5.7908532443127356e+00,0.0000000000000000e+00,4.1602898301289688e+00,3.0530166973520716e+00,5.7908532443127356e+00,5.7908532443127356e+00,5.7908532443127356e+00,5.7908532443127356e+00,5.0861284643949256e+00,5.7908532443127356e+00,5.7908532443127356e+00,2.7064803023294703e+00,5.0861284643949256e+00,3.0530166973520716e+00,5.7908532443127356e+00,8.1560175460861550e-01,3.0530166973520716e+00,3.0530166973520716e+00,2.7064803023294703e+00,4.1602898301289688e+00,2.7064803023294703e+00,0.0000000000000000e+00,5.7908532443127356e+00,1.7635475739158939e+00,2.7064803023294703e+00,2.7064803023294703e+00,4.1602898301289688e+00,2.7064803023294703e+00,4.1602898301289688e+00,4.1602898301289688e+00,5.7908532443127356e+00,4.1602898301289688e+00,5.0861284643949256e+00,5.7908532443127356e+00,5.7908532443127356e+00,2.7064803023294703e+00,5.0861284643949256e+00,5.0861284643949256e+00,0.0000000000000000e+00,4.1602898301289688e+00,2.7064803023294703e+00,8.1560175460861550e-01,0.0000000000000000e+00,4.1602898301289688e+00,1.7635475739158939e+00,5.0861284643949256e+00,4.1602898301289688e+00,5.7908532443127356e+00,4.1602898301289688e+00,5.7908532443127356e+00,5.0861284643949256e+00,8.1560175460861550e-01,4.1602898301289688e+00,3.0530166973520716e+00,5.0861284643949256e+00,3.0530166973520716e+00,5.0861284643949256e+00,5.0861284643949256e+00,2.7064803023294703e+00,5.0861284643949256e+00,1.7635475739158939e+00,3.0530166973520716e+00,1.7635475739158939e+00,5.0861284643949256e+00,0.0000000000000000e+00,2.7064803023294703e+00,5.0861284643949256e+00,5.7908532443127356e+00,0.0000000000000000e+00,2.7064803023294703e+00,5.7908532443127356e+00,5.7908532443127356e+00,2.7064803023294703e+00,5.7908532443127356e+00,5.7908532443127356e+00,4.1602898301289688e+00,5.7908532443127356e+00,5.0861284643949256e+00,1.7635475739158939e+00,5.0861284643949256e+00,3.0530166973520716e+00,2.7064803023294703e+00,5.0861284643949256e+00,5.0861284643949256e+00,5.7908532443127356e+00,5.0861284643949256e+00,5.0861284643949256e+00,8.1560175460861550e-01,8.1560175460861550e-01,8.1560175460861550e-01,5.0861284643949256e+00,0.0000000000000000e+00,3.0530166973520716e+00,3.0530166973520716e+00,5.0861284643949256e+00,3.0530166973520716e+00,5.0861284643949256e+00,0.0000000000000000e+00,5.0861284643949256e+00,5.0861284643949256e+00,5.0861284643949256e+00,8.1560175460861550e-01,5.0861284643949256e+00,5.0861284643949256e+00,3.0530166973520716e+00,4.1602898301289688e+00,8.1560175460861550e-01,5.7908532443127356e+00,5.7908532443127356e+00,3.0530166973520716e+00,4.1602898301289688e+00,5.0861284643949256e+00,3.0530166973520716e+00,8.1560175460861550e-01,5.0861284643949256e+00,5.0861284643949256e+00,5.0861284643949256e+00,4.1602898301289688e+00,5.7908532443127356e+00,5.7908532443127356e+00,5.7908532443127356e+00,5.7908532443127356e+00,5.7908532443127356e+00,3.0530166973520716e+00,5.7908532443127356e+00,2.7064803023294703e+00,5.7908532443127356e+00,2.7064803023294703e+00,2.7064803023294703e+00,5.0861284643949256e+00,5.0861284643949256e+00,5.0861284643949256e+00,1.7635475739158939e+00,2.7064803023294703e+00,2.7064803023294703e+00,2.7064803023294703e+00,5.7908532443127356e+00,5.7908532443127356e+00,5.7908532443127356e+00,2.7064803023294703e+00,5.0861284643949256e+00,4.1602898301289688e+00,1.7635475739158939e+00,2.7064803023294703e+00,8.1560175460861550e-01,3.0530166973520716e+00,5.7908532443127356e+00,3.0530166973520716e+00,5.7908532443127356e+00,3.0530166973520716e+00,0.0000000000000000e+00,2.7064803023294703e+00,5.0861284643949256e+00,5.7908532443127356e+00,4.1602898301289688e+00,1.7635475739158939e+00,5.7908532443127356e+00,0.0000000000000000e+00,4.1602898301289688e+00,0.0000000000000000e+00,5.7908532443127356e+00,4.1602898301289688e+00,8.1560175460861550e-01,4.1602898301289688e+00,5.0861284643949256e+00,0.0000000000000000e+00,5.7908532443127356e+00,3.0530166973520716e+00,4.1602898301289688e+00,3.0530166973520716e+00,3.0530166973520716e+00,4.1602898301289688e+00,4.1602898301289688e+00,5.7908532443127356e+00,2.7064803023294703e+00,5.0861284643949256e+00,5.0861284643949256e+00,2.7064803023294703e+00,5.0861284643949256e+00,2.7064803023294703e+00,5.0861284643949256e+00,0.0000000000000000e+00,5.0861284643949256e+00,5.0861284643949256e+00,5.7908532443127356e+00,5.0861284643949256e+00,5.0861284643949256e+00,8.1560175460861550e-01,3.0530166973520716e+00,1.7635475739158939e+00,5.0861284643949256e+00,5.7908532443127356e+00,5.7908532443127356e+00,5.7908532443127356e+00,5.7908532443127356e+00,5.0861284643949256e+00,2.7064803023294703e+00,5.0861284643949256e+00,1.7635475739158939e+00,1.7635475739158939e+00,3.0530166973520716e+00,3.0530166973520716e+00,8.1560175460861550e-01,5.7908532443127356e+00,5.7908532443127356e+00,5.7908532443127356e+00,2.7064803023294703e+00,0.0000000000000000e+00,4.1602898301289688e+00,5.0861284643949256e+00,5.7908532443127356e+00,5.0861284643949256e+00,5.0861284643949256e+00,5.0861284643949256e+00,5.0861284643949256e+00,8.1560175460861550e-01,5.0861284643949256e+00,5.7908532443127356e+00,5.7908532443127356e+00,2.7064803023294703e+00,3.0530166973520716e+00,5.0861284643949256e+00,5.0861284643949256e+00,5.0861284643949256e+00,5.0861284643949256e+00,0.0000000000000000e+00,5.7908532443127356e+00,4.1602898301289688e+00,8.1560175460861550e-01,5.0861284643949256e+00,8.1560175460861550e-01,3.0530166973520716e+00,1.7635475739158939e+00,4.1602898301289688e+00,5.0861284643949256e+00,5.0861284643949256e+00,1.7635475739158939e+00,5.0861284643949256e+00,5.0861284643949256e+00,2.7064803023294703e+00,8.1560175460861550e-01,5.0861284643949256e+00,5.7908532443127356e+00,1.7635475739158939e+00,4.1602898301289688e+00,8.1560175460861550e-01,5.0861284643949256e+00,1.7635475739158939e+00,5.0861284643949256e+00,8.1560175460861550e-01,5.7908532443127356e+00,5.7908532443127356e+00,5.7908532443127356e+00,5.7908532443127356e+00,5.7908532443127356e+00,3.0530166973520716e+00,5.7908532443127356e+00,0.0000000000000000e+00,0.0000000000000000e+00,3.0530166973520716e+00,5.7908532443127356e+00,5.7908532443127356e+00,5.7908532443127356e+00,1.7635475739158939e+00,1.7635475739158939e+00,5.7908532443127356e+00,1.7635475739158939e+00,5.7908532443127356e+00,5.0861284643949256e+00,5.7908532443127356e+00,5.7908532443127356e+00,4.1602898301289688e+00,5.0861284643949256e+00,8.1560175460861550e-01,1.7635475739158939e+00,5.0861284643949256e+00,5.7908532443127356e+00,2.7064803023294703e+00,3.0530166973520716e+00,8.1560175460861550e-01,4.1602898301289688e+00,5.7908532443127356e+00,5.7908532443127356e+00,8.1560175460861550e-01,5.7908532443127356e+00,4.1602898301289688e+00,5.7908532443127356e+00,8.1560175460861550e-01,3.0530166973520716e+00,3.0530166973520716e+00,5.7908532443127356e+00,5.0861284643949256e+00,5.0861284643949256e+00,1.7635475739158939e+00,8.1560175460861550e-01,3.0530166973520716e+00,5.7908532443127356e+00,3.0530166973520716e+00,5.7908532443127356e+00,3.0530166973520716e+00,3.0530166973520716e+00,4.1602898301289688e+00,5.7908532443127356e+00,5.7908532443127356e+00,5.7908532443127356e+00,3.0530166973520716e+00,0.0000000000000000e+00,5.7908532443127356e+00,4.1602898301289688e+00,2.7064803023294703e+00,1.7635475739158939e+00,8.1560175460861550e-01,5.7908532443127356e+00,5.7908532443127356e+00,1.7635475739158939e+00,1.7635475739158939e+00,0.0000000000000000e+00,5.0861284643949256e+00,5.7908532443127356e+00,5.7908532443127356e+00,1.7635475739158939e+00,5.0861284643949256e+00,3.0530166973520716e+00,5.0861284643949256e+00,5.0861284643949256e+00,3.0530166973520716e+00,1.7635475739158939e+00,5.0861284643949256e+00,3.0530166973520716e+00,5.7908532443127356e+00,5.7908532443127356e+00,3.0530166973520716e+00,5.0861284643949256e+00,3.0530166973520716e+00,5.0861284643949256e+00,5.0861284643949256e+00,8.1560175460861550e-01,5.0861284643949256e+00,4.1602898301289688e+00,5.0861284643949256e+00,8.1560175460861550e-01,3.0530166973520716e+00,3.0530166973520716e+00,5.0861284643949256e+00,4.1602898301289688e+00,5.0861284643949256e+00,5.7908532443127356e+00,5.0861284643949256e+00,5.7908532443127356e+00,3.0530166973520716e+00,5.7908532443127356e+00,4.1602898301289688e+00,3.0530166973520716e+00,5.0861284643949256e+00,5.7908532443127356e+00,5.7908532443127356e+00,5.7908532443127356e+00,2.7064803023294703e+00,5.7908532443127356e+00,5.0861284643949256e+00,4.1602898301289688e+00,1.7635475739158939e+00,4.1602898301289688e+00,5.0861284643949256e+00,1.7635475739158939e+00,0.0000000000000000e+00,4.1602898301289688e+00,2.7064803023294703e+00,5.0861284643949256e+00,8.1560175460861550e-01,5.7908532443127356e+00,8.1560175460861550e-01,5.0861284643949256e+00,5.0861284643949256e+00,8.1560175460861550e-01,8.1560175460861550e-01,2.7064803023294703e+00,5.7908532443127356e+00,4.1602898301289688e+00,5.7908532443127356e+00,5.0861284643949256e+00,5.0861284643949256e+00,5.7908532443127356e+00,5.7908532443127356e+00,5.7908532443127356e+00,5.7908532443127356e+00,5.0861284643949256e+00,5.7908532443127356e+00,4.1602898301289688e+00,1.7635475739158939e+00,3.0530166973520716e+00,3.0530166973520716e+00,1.7635475739158939e+00,8.1560175460861550e-01,5.7908532443127356e+00,5.7908532443127356e+00,4.1602898301289688e+00,3.0530166973520716e+00,4.1602898301289688e+00,4.1602898301289688e+00,5.7908532443127356e+00,5.7908532443127356e+00,3.0530166973520716e+00,2.7064803023294703e+00,5.7908532443127356e+00,2.7064803023294703e+00,3.0530166973520716e+00,5.0861284643949256e+00,2.7064803023294703e+00,5.0861284643949256e+00,5.7908532443127356e+00,3.0530166973520716e+00,5.0861284643949256e+00,3.0530166973520716e+00,5.7908532443127356e+00,5.7908532443127356e+00,2.7064803023294703e+00,5.0861284643949256e+00,5.7908532443127356e+00,5.7908532443127356e+00,2.7064803023294703e+00,5.7908532443127356e+00,5.7908532443127356e+00,5.7908532443127356e+00,2.7064803023294703e+00,2.7064803023294703e+00,3.0530166973520716e+00,5.7908532443127356e+00,5.7908532443127356e+00,5.7908532443127356e+00,3.0530166973520716e+00,5.0861284643949256e+00,5.0861284643949256e+00,5.0861284643949256e+00,5.0861284643949256e+00,5.7908532443127356e+00,3.0530166973520716e+00,0.0000000000000000e+00,5.7908532443127356e+00,5.0861284643949256e+00,0.0000000000000000e+00,4.1602898301289688e+00,5.0861284643949256e+00,0.0000000000000000e+00,8.1560175460861550e-01,5.0861284643949256e+00,1.7635475739158939e+00,5.7908532443127356e+00,5.7908532443127356e+00,3.0530166973520716e+00,5.7908532443127356e+00,5.7908532443127356e+00,5.7908532443127356e+00,3.0530166973520716e+00,5.0861284643949256e+00,2.7064803023294703e+00,8.1560175460861550e-01,1.7635475739158939e+00,5.7908532443127356e+00,3.0530166973520716e+00,2.7064803023294703e+00,1.7635475739158939e+00,5.0861284643949256e+00,5.7908532443127356e+00,1.7635475739158939e+00,4.1602898301289688e+00,5.0861284643949256e+00,1.7635475739158939e+00,2.7064803023294703e+00,5.0861284643949256e+00,5.7908532443127356e+00,5.7908532443127356e+00,5.7908532443127356e+00,0.0000000000000000e+00,5.7908532443127356e+00,5.7908532443127356e+00,1.7635475739158939e+00,5.0861284643949256e+00,3.0530166973520716e+00,8.1560175460861550e-01,2.7064803023294703e+00,5.7908532443127356e+00,5.0861284643949256e+00,5.0861284643949256e+00,5.0861284643949256e+00,5.0861284643949256e+00,5.0861284643949256e+00,5.0861284643949256e+00,5.0861284643949256e+00,2.7064803023294703e+00,5.0861284643949256e+00,8.1560175460861550e-01,5.0861284643949256e+00,1.7635475739158939e+00,5.0861284643949256e+00,5.7908532443127356e+00,5.7908532443127356e+00,5.7908532443127356e+00,5.7908532443127356e+00,5.7908532443127356e+00,5.7908532443127356e+00,5.0861284643949256e+00,1.7635475739158939e+00,0.0000000000000000e+00,5.0861284643949256e+00,2.7064803023294703e+00,5.0861284643949256e+00,5.0861284643949256e+00,5.0861284643949256e+00,4.1602898301289688e+00,1.7635475739158939e+00,5.0861284643949256e+00,5.0861284643949256e+00,5.0861284643949256e+00,5.0861284643949256e+00,5.0861284643949256e+00,5.7908532443127356e+00,5.7908532443127356e+00,2.7064803023294703e+00,5.7908532443127356e+00,5.0861284643949256e+00,5.0861284643949256e+00,5.0861284643949256e+00,5.0861284643949256e+00,5.0861284643949256e+00,5.0861284643949256e+00,3.0530166973520716e+00,5.7908532443127356e+00,1.7635475739158939e+00,1.7635475739158939e+00,1.7635475739158939e+00,4.1602898301289688e+00,8.1560175460861550e-01,0.0000000000000000e+00,3.0530166973520716e+00,5.7908532443127356e+00,1.7635475739158939e+00,0.0000000000000000e+00,1.7635475739158939e+00,5.0861284643949256e+00,5.7908532443127356e+00,5.7908532443127356e+00,5.7908532443127356e+00,5.7908532443127356e+00,3.0530166973520716e+00,5.0861284643949256e+00,0.0000000000000000e+00,5.7908532443127356e+00,5.0861284643949256e+00,2.7064803023294703e+00,4.1602898301289688e+00,2.7064803023294703e+00,1.7635475739158939e+00,5.0861284643949256e+00,5.0861284643949256e+00,2.7064803023294703e+00,2.7064803023294703e+00,5.7908532443127356e+00,5.7908532443127356e+00,5.0861284643949256e+00,2.7064803023294703e+00,5.0861284643949256e+00,1.7635475739158939e+00,5.7908532443127356e+00,5.7908532443127356e+00,8.1560175460861550e-01,3.0530166973520716e+00,8.1560175460861550e-01,5.0861284643949256e+00,0.0000000000000000e+00,2.7064803023294703e+00,2.7064803023294703e+00,5.0861284643949256e+00,3.0530166973520716e+00,3.0530166973520716e+00,8.1560175460861550e-01,5.7908532443127356e+00,1.7635475739158939e+00,2.7064803023294703e+00,5.7908532443127356e+00,3.0530166973520716e+00,5.0861284643949256e+00,2.7064803023294703e+00,5.7908532443127356e+00,8.1560175460861550e-01,5.0861284643949256e+00,8.1560175460861550e-01,5.7908532443127356e+00,4.1602898301289688e+00,2.7064803023294703e+00,1.7635475739158939e+00,8.1560175460861550e-01,8.1560175460861550e-01,5.7908532443127356e+00,3.0530166973520716e+00,5.7908532443127356e+00,5.0861284643949256e+00,1.7635475739158939e+00,3.0530166973520716e+00,5.0861284643949256e+00,5.0861284643949256e+00,5.7908532443127356e+00,5.0861284643949256e+00,1.7635475739158939e+00,5.7908532443127356e+00,5.0861284643949256e+00,5.7908532443127356e+00,5.0861284643949256e+00,2.7064803023294703e+00,5.0861284643949256e+00,5.0861284643949256e+00,2.7064803023294703e+00,5.0861284643949256e+00,5.0861284643949256e+00,5.7908532443127356e+00,5.0861284643949256e+00,0.0000000000000000e+00,5.7908532443127356e+00,0.0000000000000000e+00,5.0861284643949256e+00,1.7635475739158939e+00,5.0861284643949256e+00,2.7064803023294703e+00,5.7908532443127356e+00,5.0861284643949256e+00,8.1560175460861550e-01,4.1602898301289688e+00,8.1560175460861550e-01,2.7064803023294703e+00,5.0861284643949256e+00,4.1602898301289688e+00,5.0861284643949256e+00,5.7908532443127356e+00,1.7635475739158939e+00,5.7908532443127356e+00,3.0530166973520716e+00,0.0000000000000000e+00,5.7908532443127356e+00,3.0530166973520716e+00,3.0530166973520716e+00,2.7064803023294703e+00,5.7908532443127356e+00,0.0000000000000000e+00,1.7635475739158939e+00,5.7908532443127356e+00,5.7908532443127356e+00,8.1560175460861550e-01,4.1602898301289688e+00,5.0861284643949256e+00,8.1560175460861550e-01,5.7908532443127356e+00,1.7635475739158939e+00,5.0861284643949256e+00,5.0861284643949256e+00,1.7635475739158939e+00,5.0861284643949256e+00,5.0861284643949256e+00,5.7908532443127356e+00,1.7635475739158939e+00,1.7635475739158939e+00,5.7908532443127356e+00,2.7064803023294703e+00,4.1602898301289688e+00,5.0861284643949256e+00,2.7064803023294703e+00,5.0861284643949256e+00,2.7064803023294703e+00,4.1602898301289688e+00,5.7908532443127356e+00,5.7908532443127356e+00,5.7908532443127356e+00,5.0861284643949256e+00,5.0861284643949256e+00,4.1602898301289688e+00,1.7635475739158939e+00,4.1602898301289688e+00,0.0000000000000000e+00,1.7635475739158939e+00,3.0530166973520716e+00,8.1560175460861550e-01,5.7908532443127356e+00,5.7908532443127356e+00,3.0530166973520716e+00,5.7908532443127356e+00,5.0861284643949256e+00,5.0861284643949256e+00,0.0000000000000000e+00,4.1602898301289688e+00,1.7635475739158939e+00,3.0530166973520716e+00,5.7908532443127356e+00,5.7908532443127356e+00,5.0861284643949256e+00,2.7064803023294703e+00,5.0861284643949256e+00,0.0000000000000000e+00,5.0861284643949256e+00,1.7635475739158939e+00,0.0000000000000000e+00,4.1602898301289688e+00,4.1602898301289688e+00,4.1602898301289688e+00,5.7908532443127356e+00,3.0530166973520716e+00,5.7908532443127356e+00,5.0861284643949256e+00,2.7064803023294703e+00,8.1560175460861550e-01,5.7908532443127356e+00,5.0861284643949256e+00,4.1602898301289688e+00,5.0861284643949256e+00,5.7908532443127356e+00,2.7064803023294703e+00,5.0861284643949256e+00,4.1602898301289688e+00,5.0861284643949256e+00,5.7908532443127356e+00,0.0000000000000000e+00,2.7064803023294703e+00,2.7064803023294703e+00,5.7908532443127356e+00,1.7635475739158939e+00,2.7064803023294703e+00,5.7908532443127356e+00,5.7908532443127356e+00,5.7908532443127356e+00,0.0000000000000000e+00,5.0861284643949256e+00,2.7064803023294703e+00,5.7908532443127356e+00,2.7064803023294703e+00,5.0861284643949256e+00,3.0530166973520716e+00,0.0000000000000000e+00,5.7908532443127356e+00,5.0861284643949256e+00,2.7064803023294703e+00,5.7908532443127356e+00,3.0530166973520716e+00,1.7635475739158939e+00,5.0861284643949256e+00,2.7064803023294703e+00,5.0861284643949256e+00,5.7908532443127356e+00,2.7064803023294703e+00,4.1602898301289688e+00,4.1602898301289688e+00,8.1560175460861550e-01,2.7064803023294703e+00,5.7908532443127356e+00,3.0530166973520716e+00,1.7635475739158939e+00,1.7635475739158939e+00,4.1602898301289688e+00,4.1602898301289688e+00,5.7908532443127356e+00,3.0530166973520716e+00,5.7908532443127356e+00,3.0530166973520716e+00,2.7064803023294703e+00,5.7908532443127356e+00,5.7908532443127356e+00,5.7908532443127356e+00,5.7908532443127356e+00,5.7908532443127356e+00,5.7908532443127356e+00,5.7908532443127356e+00,4.1602898301289688e+00,1.7635475739158939e+00,5.7908532443127356e+00,4.1602898301289688e+00,0.0000000000000000e+00,4.1602898301289688e+00,5.0861284643949256e+00,2.7064803023294703e+00,4.1602898301289688e+00,5.7908532443127356e+00,8.1560175460861550e-01,5.7908532443127356e+00,5.7908532443127356e+00,2.7064803023294703e+00,2.7064803023294703e+00,5.0861284643949256e+00,5.0861284643949256e+00,5.7908532443127356e+00,5.7908532443127356e+00,5.7908532443127356e+00,5.7908532443127356e+00,5.7908532443127356e+00,5.7908532443127356e+00,4.1602898301289688e+00,3.0530166973520716e+00,5.0861284643949256e+00,5.0861284643949256e+00,5.0861284643949256e+00,4.1602898301289688e+00,5.7908532443127356e+00,5.0861284643949256e+00,5.7908532443127356e+00,5.7908532443127356e+00,1.7635475739158939e+00,3.0530166973520716e+00,3.0530166973520716e+00,3.0530166973520716e+00,0.0000000000000000e+00,5.7908532443127356e+00,0.0000000000000000e+00,2.7064803023294703e+00,5.0861284643949256e+00,1.7635475739158939e+00,5.0861284643949256e+00,5.0861284643949256e+00,5.0861284643949256e+00,5.7908532443127356e+00,3.0530166973520716e+00,5.7908532443127356e+00,3.0530166973520716e+00,4.1602898301289688e+00,8.1560175460861550e-01,5.0861284643949256e+00,3.0530166973520716e+00,4.1602898301289688e+00,2.7064803023294703e+00,5.7908532443127356e+00,5.7908532443127356e+00,5.0861284643949256e+00,4.1602898301289688e+00,8.1560175460861550e-01,5.0861284643949256e+00,8.1560175460861550e-01,5.7908532443127356e+00,3.0530166973520716e+00,1.7635475739158939e+00,5.7908532443127356e+00,1.7635475739158939e+00,5.0861284643949256e+00,5.0861284643949256e+00,5.0861284643949256e+00,5.0861284643949256e+00,5.0861284643949256e+00,3.0530166973520716e+00,3.0530166973520716e+00,5.0861284643949256e+00,5.7908532443127356e+00,3.0530166973520716e+00,0.0000000000000000e+00,2.7064803023294703e+00,4.1602898301289688e+00,5.0861284643949256e+00,1.7635475739158939e+00,1.7635475739158939e+00,2.7064803023294703e+00,4.1602898301289688e+00,2.7064803023294703e+00,5.7908532443127356e+00,2.7064803023294703e+00,0.0000000000000000e+00,2.7064803023294703e+00,2.7064803023294703e+00,0.0000000000000000e+00,4.1602898301289688e+00,2.7064803023294703e+00,5.0861284643949256e+00,3.0530166973520716e+00,5.0861284643949256e+00,3.0530166973520716e+00,5.0861284643949256e+00,5.7908532443127356e+00,5.0861284643949256e+00,5.7908532443127356e+00,1.7635475739158939e+00,4.1602898301289688e+00,1.7635475739158939e+00,1.7635475739158939e+00,5.0861284643949256e+00,5.7908532443127356e+00,5.0861284643949256e+00,3.0530166973520716e+00,5.0861284643949256e+00,3.0530166973520716e+00,3.0530166973520716e+00,5.7908532443127356e+00,5.7908532443127356e+00,4.1602898301289688e+00,2.7064803023294703e+00,1.7635475739158939e+00,1.7635475739158939e+00,3.0530166973520716e+00,2.7064803023294703e+00,1.7635475739158939e+00,4.1602898301289688e+00,8.1560175460861550e-01,8.1560175460861550e-01,2.7064803023294703e+00,4.1602898301289688e+00,3.0530166973520716e+00,2.7064803023294703e+00,5.7908532443127356e+00,3.0530166973520716e+00,3.0530166973520716e+00,5.7908532443127356e+00,8.1560175460861550e-01,2.7064803023294703e+00,5.7908532443127356e+00,1.7635475739158939e+00,5.7908532443127356e+00,2.7064803023294703e+00,3.0530166973520716e+00,4.1602898301289688e+00,5.0861284643949256e+00,5.0861284643949256e+00,5.7908532443127356e+00,0.0000000000000000e+00,5.0861284643949256e+00,5.7908532443127356e+00,5.0861284643949256e+00,5.0861284643949256e+00,4.1602898301289688e+00,5.7908532443127356e+00,4.1602898301289688e+00,5.7908532443127356e+00,5.0861284643949256e+00,4.1602898301289688e+00,2.7064803023294703e+00,5.7908532443127356e+00,2.7064803023294703e+00,2.7064803023294703e+00,5.0861284643949256e+00,5.7908532443127356e+00,5.0861284643949256e+00,2.7064803023294703e+00,4.1602898301289688e+00,5.0861284643949256e+00,5.7908532443127356e+00,5.7908532443127356e+00,3.0530166973520716e+00,3.0530166973520716e+00,3.0530166973520716e+00,5.0861284643949256e+00,0.0000000000000000e+00,5.0861284643949256e+00,5.0861284643949256e+00,5.7908532443127356e+00,5.0861284643949256e+00,0.0000000000000000e+00,4.1602898301289688e+00,5.0861284643949256e+00,5.0861284643949256e+00,5.0861284643949256e+00,5.0861284643949256e+00
3.4139543621226180e+00,3.4139543621226180e+00,3.4139543621226180e+00,3.4139543621226180e+00,3.4139543621226180e+00,3.7870614091458252e+00,0.0000000000000000e+00,3.4139543621226180e+00,3.4139543621226180e+00,2.5553649685233211e+00,5.2192340734738574e+00,0.0000000000000000e+00,1.6931409141734437e+00,8.4254104792499818e-01,3.7870614091458252e+00,1.6931409141734437e+00,8.4254104792499818e-01,1.6931409141734437e+00,2.5553649685233211e+00,1.6931409141734437e+00,3.4139543621226180e+00,8.4254104792499818e-01,0.0000000000000000e+00,2.5553649685233211e+00,1.6931409141734437e+00,2.5553649685233211e+00,3.4139543621226180e+00,2.5553649685233211e+00,3.4139543621226180e+00,3.4139543621226180e+00,3.4139543621226180e+00,2.5553649685233211e+00,2.5553649685233211e+00,2.5553649685233211e+00,2.5553649685233211e+00,1.6931409141734437e+00,8.4254104792499818e-01,3.4139543621226180e+00,1.6931409141734437e+00,3.4139543621226180e+00,8.4254104792499818e-01,2.5553649685233211e+00,3.4139543621226180e+00,3.4139543621226180e+00,3.4139543621226180e+00,2.5553649685233211e+00,3.4139543621226180e+00,3.4139543621226180e+00,8.4254104792499818e-01,0.0000000000000000e+00,2.5553649685233211e+00,0.0000000000000000e+00,2.5553649685233211e+00,2.5553649685233211e+00,8.4254104792499818e-01,8.4254104792499818e-01,3.7870614091458252e+00,2.5553649685233211e+00,8.4254104792499818e-01,3.4139543621226180e+00,5.2192340734738574e+00,5.2192340734738574e+00,5.2192340734738574e+00,2.5553649685233211e+00,5.2192340734738574e+00,1.6931409141734437e+00,3.4139543621226180e+00,2.5553649685233211e+00,2.5553649685233211e+00,2.5553649685233211e+00,6.1593884277336270e+00,5.2192340734738574e+00,5.2192340734738574e+00,3.4139543621226180e+00,3.4139543621226180e+00,3.4139543621226180e+00,3.4139543621226180e+00,3.4139543621226180e+00,1.6931409141734437e+00,3.4139543621226180e+00,0.0000000000000000e+00,1.6931409141734437e+00,3.4139543621226180e+00,5.2192340734738574e+00,5.2192340734738574e+00,5.2192340734738574e+00,5.2192340734738574e+00,3.7870614091458252e+00,2.5553649685233211e+00,0.0000000000000000e+00,8.4254104792499818e-01,3.4139543621226180e+00,2.5553649685233211e+00,8.4254104792499818e-01,3.4139543621226180e+00,5.2192340734738574e+00,5.2192340734738574e+00,0.0000000000000000e+00,3.4139543621226180e+00,5.2192340734738574e+00,3.4139543621226180e+00,5.2192340734738574e+00,5.2192340734738574e+00,0.0000000000000000e+00,3.4139543621226180e+00,6.1593884277336270e+00,1.6931409141734437e+00,5.2192340734738574e+00,6.1593884277336270e+00,0.0000000000000000e+00,5.2192340734738574e+00,3.4139543621226180e+00,0.0000000000000000e+00,2.5553649685233211e+00,1.6931409141734437e+00,3.4139543621226180e+00,0.0000000000000000e+00,1.6931409141734437e+00,0.0000000000000000e+00,8.4254104792499818e-01,3.4139543621226180e+00,6.1593884277336270e+00,6.1593884277336270e+00,1.6931409141734437e+00,3.7870614091458252e+00,6.1593884277336270e+00,5.2192340734738574e+00,6.1593884277336270e+00,8.4254104792499818e-01,3.7870614091458252e+00,3.4139543621226180e+00,6.1593884277336270e+00,3.7870614091458252e+00,3.4139543621226180e+00,3.4139543621226180e+00,2.5553649685233211e+00,2.5553649685233211e+00,3.7870614091458252e+00,8.4254104792499818e-01,5.2192340734738574e+00,3.4139543621226180e+00,0.0000000000000000e+00,3.4139543621226180e+00,6.1593884277336270e+00,6.1593884277336270e+00,6.1593884277336270e+00,3.7870614091458252e+00,6.1593884277336270e+00,6.1593884277336270e+00,3.4139543621226180e+00,6.1593884277336270e+00,0.0000000000000000e+00,3.7870614091458252e+00,3.7870614091458252e+00,5.2192340734738574e+00,3.7870614091458252e+00,6.1593884277336270e+00,0.0000000000000000e+00,8.4254104792499818e-01,3.4139543621226180e+00,8.4254104792499818e-01,8.4254104792499818e-01,8.4254104792499818e-01,6.1593884277336270e+00,3.7870614091458252e+00,3.4139543621226180e+00,5.2192340734738574e+00,6.1593884277336270e+00,5.2192340734738574e+00,8.4254104792499818e-01,3.7870614091458252e+00,6.1593884277336270e+00,5.2192340734738574e+00,3.7870614091458252e+00,5.2192340734738574e+00,5.2192340734738574e+00,5.2192340734738574e+00,1.6931409141734437e+00,6.1593884277336270e+00,3.4139543621226180e+00,5.2192340734738574e+00,5.2192340734738574e+00,5.2192340734738574e+00,6.1593884277336270e+00,6.1593884277336270e+00,1.6931409141734437e+00,5.2192340734738574e+00,2.5553649685233211e+00,2.5553649685233211e+00,1.6931409141734437e+00,6.1593884277336270e+00,6.1593884277336270e+00,5.2192340734738574e+00,5.2192340734738574e+00,5.2192340734738574e+00,3.4139543621226180e+00,2.5553649685233211e+00,5.2192340734738574e+00,5.2192340734738574e+00,5.2192340734738574e+00,6.1593884277336270e+00,0.0000000000000000e+00,1.6931409141734437e+00,0.0000000000000000e+00,3.7870614091458252e+00,5.2192340734738574e+00,3.7870614091458252e+00,3.4139543621226180e+00,6.1593884277336270e+00,6.1593884277336270e+00,2.5553649685233211e+00,1.6931409141734437e+00,1.6931409141734437e+00,3.7870614091458252e+00,3.4139543621226180e+00,3.4139543621226180e+00,3.4139543621226180e+00,3.4139543621226180e+00,6.1593884277336270e+00,1.6931409141734437e+00,3.4139543621226180e+00,8.4254104792499818e-01,1.6931409141734437e+00,6.1593884277336270e+00,5.2192340734738574e+00,6.1593884277336270e+00,6.1593884277336270e+00,5.2192340734738574e+00,1.6931409141734437e+00,6.1593884277336270e+00,0.0000000000000000e+00,6.1593884277336270e+00,1.6931409141734437e+00,6.1593884277336270e+00,0.0000000000000000e+00,6.1593884277336270e+00,8.4254104792499818e-01,6.1593884277336270e+00,8.4254104792499818e-01,1.6931409141734437e+00,5.2192340734738574e+00,1.6931409141734437e+00,1.6931409141734437e+00,3.7870614091458252e+00,3.4139543621226180e+00,1.6931409141734437e+00,6.1593884277336270e+00,2.5553649685233211e+00,3.7870614091458252e+00,6.1593884277336270e+00,3.7870614091458252e+00,6.1593884277336270e+00,5.2192340734738574e+00,2.5553649685233211e+00,3.7870614091458252e+00,3.7870614091458252e+00,1.6931409141734437e+00,5.2192340734738574e+00,3.7870614091458252e+00,3.7870614091458252e+00,5.2192340734738574e+00,6.1593884277336270e+00,6.1593884277336270e+00,3.4139543621226180e+00,3.4139543621226180e+00,3.7870614091458252e+00,0.0000000000000000e+00,3.7870614091458252e+00,3.4139543621226180e+00,2.5553649685233211e+00,3.7870614091458252e+00,6.1593884277336270e+00,0.0000000000000000e+00,6.1593884277336270e+00,3.4139543621226180e+00,6.1593884277336270e+00,3.7870614091458252e+00,3.4139543621226180e+00,6.1593884277336270e+00,6.1593884277336270e+00,1.6931409141734437e+00,5.2192340734738574e+00,3.7870614091458252e+00,2.5553649685233211e+00,2.5553649685233211e+00,0.0000000000000000e+00,8.4254104792499818e-01,6.1593884277336270e+00,6.1593884277336270e+00,6.1593884277336270e+00,6.1593884277336270e+00,0.0000000000000000e+00,6.1593884277336270e+00,6.1593884277336270e+00,1.6931409141734437e+00,6.1593884277336270e+00,8.4254104792499818e-01,6.1593884277336270e+00,6.1593884277336270e+00,2.5553649685233211e+00,6.1593884277336270e+00,3.4139543621226180e+00,2.5553649685233211e+00,3.4139543621226180e+00,5.2192340734738574e+00,5.2192340734738574e+00,3.7870614091458252e+00,3.4139543621226180e+00,3.4139543621226180e+00,3.4139543621226180e+00,3.7870614091458252e+00,5.2192340734738574e+00,6.1593884277336270e+00,3.7870614091458252e+00,3.4139543621226180e+00,3.7870614091458252e+00,3.4139543621226180e+00,3.7870614091458252e+00,3.7870614091458252e+00,8.4254104792499818e-01,2.5553649685233211e+00,6.1593884277336270e+00,6.1593884277336270e+00,3.7870614091458252e+00,0.0000000000000000e+00,6.1593884277336270e+00,3.4139543621226180e+00,3.4139543621226180e+00,8.4254104792499818e-01,8.4254104792499818e-01,3.7870614091458252e+00,3.4139543621226180e+00,3.4139543621226180e+00,3.7870614091458252e+00,5.2192340734738574e+00,5.2192340734738574e+00,5.2192340734738574e+00,5.2192340734738574e+00,3.4139543621226180e+00,3.7870614091458252e+00,3.4139543621226180e+00,5.2192340734738574e+00,1.6931409141734437e+00,1.6931409141734437e+00,8.4254104792499818e-01,8.4254104792499818e-01,3.7870614091458252e+00,3.4139543621226180e+00,2.5553649685233211e+00,3.7870614091458252e+00,0.0000000000000000e+00,5.2192340734738574e+00,5.2192340734738574e+00,5.2192340734738574e+00,5.2192340734738574e+00,3.7870614091458252e+00,5.2192340734738574e+00,3.7870614091458252e+00,2.5553649685233211e+00,3.7870614091458252e+00,3.7870614091458252e+00,2.5553649685233211e+00,3.4139543621226180e+00,3.4139543621226180e+00,3.7870614091458252e+00,5.2192340734738574e+00,3.4139543621226180e+00,3.7870614091458252e+00,6.1593884277336270e+00,3.7870614091458252e+00,3.7870614091458252e+00,5.2192340734738574e+00,6.1593884277336270e+00,3.7870614091458252e+00,5.2192340734738574e+00,1.6931409141734437e+00,5.2192340734738574e+00,3.7870614091458252e+00,6.1593884277336270e+00,6.1593884277336270e+00,6.1593884277336270e+00,5.2192340734738574e+00,3.7870614091458252e+00,3.4139543621226180e+00,6.1593884277336270e+00,5.2192340734738574e+00,6.1593884277336270e+00,6.1593884277336270e+00,8.4254104792499818e-01,6.1593884277336270e+00,6.1593884277336270e+00,5.2192340734738574e+00,6.1593884277336270e+00,6.1593884277336270e+00,1.6931409141734437e+00,6.1593884277336270e+00,3.7870614091458252e+00,2.5553649685233211e+00,2.5553649685233211e+00,6.1593884277336270e+00,0.0000000000000000e+00,8.4254104792499818e-01,6.1593884277336270e+00,3.7870614091458252e+00,3.4139543621226180e+00,3.4139543621226180e+00,3.4139543621226180e+00,6.1593884277336270e+00,3.4139543621226180e+00,3.4139543621226180e+00,2.5553649685233211e+00,6.1593884277336270e+00,5.2192340734738574e+00,5.2192340734738574e+00,5.2192340734738574e+00,0.0000000000000000e+00,3.7870614091458252e+00,8.4254104792499818e-01,3.4139543621226180e+00,5.2192340734738574e+00,8.4254104792499818e-01,3.4139543621226180e+00,5.2192340734738574e+00,5.2192340734738574e+00,6.1593884277336270e+00,3.4139543621226180e+00,6.1593884277336270e+00,5.2192340734738574e+00,6.1593884277336270e+00,0.0000000000000000e+00,6.1593884277336270e+00,3.4139543621226180e+00,3.4139543621226180e+00,6.1593884277336270e+00,1.6931409141734437e+00,3.4139543621226180e+00,1.6931409141734437e+00,1.6931409141734437e+00,6.1593884277336270e+00,5.2192340734738574e+00,6.1593884277336270e+00,8.4254104792499818e-01,5.2192340734738574e+00,5.2192340734738574e+00,5.2192340734738574e+00,5.2192340734738574e+00,3.7870614091458252e+00,3.7870614091458252e+00,0.0000000000000000e+00,1.6931409141734437e+00,5.2192340734738574e+00,0.0000000000000000e+00,5.2192340734738574e+00,6.1593884277336270e+00,6.1593884277336270e+00,3.7870614091458252e+00,0.0000000000000000e+00,5.2192340734738574e+00,5.2192340734738574e+00,1.6931409141734437e+00,8.4254104792499818e-01,6.1593884277336270e+00,6.1593884277336270e+00,6.1593884277336270e+00,5.2192340734738574e+00,2.5553649685233211e+00,5.2192340734738574e+00,5.2192340734738574e+00,5.2192340734738574e+00,5.2192340734738574e+00,3.4139543621226180e+00,3.4139543621226180e+00,5.2192340734738574e+00,8.4254104792499818e-01,5.2192340734738574e+00,3.7870614091458252e+00,3.4139543621226180e+00,6.1593884277336270e+00,1.6931409141734437e+00,6.1593884277336270e+00,5.2192340734738574e+00,2.5553649685233211e+00,6.1593884277336270e+00,0.0000000000000000e+00,6.1593884277336270e+00,6.1593884277336270e+00,1.6931409141734437e+00,2.5553649685233211e+00,0.0000000000000000e+00,2.5553649685233211e+00,6.1593884277336270e+00,6.1593884277336270e+00,6.1593884277336270e+00,6.1593884277336270e+00,5.2192340734738574e+00,0.0000000000000000e+00,6.1593884277336270e+00,2.5553649685233211e+00,0.0000000000000000e+00,2.5553649685233211e+00,6.1593884277336270e+00,5.2192340734738574e+00,1.6931409141734437e+00,2.5553649685233211e+00,5.2192340734738574e+00,3.7870614091458252e+00,3.7870614091458252e+00,1.6931409141734437e+00,5.2192340734738574e+00,3.7870614091458252e+00,3.7870614091458252e+00,0.0000000000000000e+00,5.2192340734738574e+00,6.1593884277336270e+00,2.5553649685233211e+00,6.1593884277336270e+00,0.0000000000000000e+00,1.6931409141734437e+00,0.0000000000000000e+00,6.1593884277336270e+00,6.1593884277336270e+00,6.1593884277336270e+00,6.1593884277336270e+00,6.1593884277336270e+00,3.4139543621226180e+00,3.7870614091458252e+00,3.4139543621226180e+00,1.6931409141734437e+00,6.1593884277336270e+00,3.4139543621226180e+00,3.4139543621226180e+00,6.1593884277336270e+00,5.2192340734738574e+00,3.4139543621226180e+00,8.4254104792499818e-01,6.1593884277336270e+00,8.4254104792499818e-01,5.2192340734738574e+00,6.1593884277336270e+00,5.2192340734738574e+00,6.1593884277336270e+00,6.1593884277336270e+00,3.7870614091458252e+00,3.4139543621226180e+00,5.2192340734738574e+00,1.6931409141734437e+00,8.4254104792499818e-01,3.7870614091458252e+00,6.1593884277336270e+00,6.1593884277336270e+00,6.1593884277336270e+00,8.4254104792499818e-01,3.7870614091458252e+00,6.1593884277336270e+00,6.1593884277336270e+00,6.1593884277336270e+00,8.4254104792499818e-01,3.4139543621226180e+00,3.7870614091458252e+00,5.2192340734738574e+00,8.4254104792499818e-01,6.1593884277336270e+00,8.4254104792499818e-01,1.6931409141734437e+00,5.2192340734738574e+00,3.7870614091458252e+00,5.2192340734738574e+00,0.0000000000000000e+00,1.6931409141734437e+00,5.2192340734738574e+00,6.1593884277336270e+00,3.4139543621226180e+00,8.4254104792499818e-01,5.2192340734738574e+00,8.4254104792499818e-01,8.4254104792499818e-01,6.1593884277336270e+00,1.6931409141734437e+00,3.7870614091458252e+00,1.6931409141734437e+00,3.4139543621226180e+00,0.0000000000000000e+00,6.1593884277336270e+00,6.1593884277336270e+00,6.1593884277336270e+00,3.4139543621226180e+00,5.2192340734738574e+00,6.1593884277336270e+00,5.2192340734738574e+00,6.1593884277336270e+00,0.0000000000000000e+00,5.2192340734738574e+00,3.7870614091458252e+00,0.0000000000000000e+00,8.4254104792499818e-01,6.1593884277336270e+00,8.4254104792499818e-01,3.7870614091458252e+00,6.1593884277336270e+00,3.7870614091458252e+00,2.5553649685233211e+00,2.5553649685233211e+00,5.2192340734738574e+00,3.7870614091458252e+00,6.1593884277336270e+00,0.0000000000000000e+00,5.2192340734738574e+00,2.5553649685233211e+00,3.7870614091458252e+00,2.5553649685233211e+00,3.7870614091458252e+00,6.1593884277336270e+00,2.5553649685233211e+00,6.1593884277336270e+00,5.2192340734738574e+00,1.6931409141734437e+00,3.4139543621226180e+00,3.4139543621226180e+00,6.1593884277336270e+00,2.5553649685233211e+00,6.1593884277336270e+00,3.7870614091458252e+00,6.1593884277336270e+00,6.1593884277336270e+00,5.2192340734738574e+00,5.2192340734738574e+00,5.2192340734738574e+00,8.4254104792499818e-01,2.5553649685233211e+00,1.6931409141734437e+00,5.2192340734738574e+00,6.1593884277336270e+00,5.2192340734738574e+00,0.0000000000000000e+00,8.4254104792499818e-01,3.7870614091458252e+00,8.4254104792499818e-01,6.1593884277336270e+00,5.2192340734738574e+00,0.0000000000000000e+00,2.5553649685233211e+00,1.6931409141734437e+00,6.1593884277336270e+00,3.7870614091458252e+00,6.1593884277336270e+00,8.4254104792499818e-01,6.1593884277336270e+00,6.1593884277336270e+00,3.4139543621226180e+00,6.1593884277336270e+00,6.1593884277336270e+00,1.6931409141734437e+00,8.4254104792499818e-01,2.5553649685233211e+00,1.6931409141734437e+00,3.7870614091458252e+00,1.6931409141734437e+00,1.6931409141734437e+00,6.1593884277336270e+00,3.4139543621226180e+00,8.4254104792499818e-01,6.1593884277336270e+00,0.0000000000000000e+00,6.1593884277336270e+00,3.7870614091458252e+00,8.4254104792499818e-01,3.7870614091458252e+00,6.1593884277336270e+00,3.7870614091458252e+00,5.2192340734738574e+00,6.1593884277336270e+00,6.1593884277336270e+00,8.4254104792499818e-01,6.1593884277336270e+00,8.4254104792499818e-01,8.4254104792499818e-01,1.6931409141734437e+00,2.5553649685233211e+00,5.2192340734738574e+00,8.4254104792499818e-01,0.0000000000000000e+00,5.2192340734738574e+00,6.1593884277336270e+00,6.1593884277336270e+00,5.2192340734738574e+00,6.1593884277336270e+00,1.6931409141734437e+00,3.4139543621226180e+00,1.6931409141734437e+00,3.7870614091458252e+00,1.6931409141734437e+00,8.4254104792499818e-01,6.1593884277336270e+00,5.2192340734738574e+00,3.4139543621226180e+00,3.7870614091458252e+00,5.2192340734738574e+00,5.2192340734738574e+00,5.2192340734738574e+00,6.1593884277336270e+00,5.2192340734738574e+00,5.2192340734738574e+00,6.1593884277336270e+00,0.0000000000000000e+00,6.1593884277336270e+00,6.1593884277336270e+00,5.2192340734738574e+00,0.0000000000000000e+00,8.4254104792499818e-01,2.5553649685233211e+00,2.5553649685233211e+00,1.6931409141734437e+00,2.5553649685233211e+00,2.5553649685233211e+00,5.2192340734738574e+00,6.1593884277336270e+00,6.1593884277336270e+00,3.7870614091458252e+00,3.7870614091458252e+00,3.7870614091458252e+00,0.0000000000000000e+00,6.1593884277336270e+00,3.4139543621226180e+00,2.5553649685233211e+00,3.7870614091458252e+00,1.6931409141734437e+00,5.2192340734738574e+00,1.6931409141734437e+00,3.4139543621226180e+00,3.7870614091458252e+00,5.2192340734738574e+00,8.4254104792499818e-01,3.4139543621226180e+00,8.4254104792499818e-01,3.4139543621226180e+00,0.0000000000000000e+00,6.1593884277336270e+00,3.4139543621226180e+00,5.2192340734738574e+00,5.2192340734738574e+00,5.2192340734738574e+00,5.2192340734738574e+00,5.2192340734738574e+00,8.4254104792499818e-01,6.1593884277336270e+00,5.2192340734738574e+00,3.7870614091458252e+00,3.7870614091458252e+00,1.6931409141734437e+00,5.2192340734738574e+00,5.2192340734738574e+00,5.2192340734738574e+00,3.7870614091458252e+00,6.1593884277336270e+00,2.5553649685233211e+00,8.4254104792499818e-01,6.1593884277336270e+00,0.0000000000000000e+00,5.2192340734738574e+00,2.5553649685233211e+00,8.4254104792499818e-01,6.1593884277336270e+00,1.6931409141734437e+00,6.1593884277336270e+00,1.6931409141734437e+00,3.4139543621226180e+00,6.1593884277336270e+00,6.1593884277336270e+00,1.6931409141734437e+00,5.2192340734738574e+00,5.2192340734738574e+00,8.4254104792499818e-01,3.7870614091458252e+00,5.2192340734738574e+00,5.2192340734738574e+00,2.5553649685233211e+00,8.4254104792499818e-01,5.2192340734738574e+00,5.2192340734738574e+00,3.7870614091458252e+00,1.6931409141734437e+00,5.2192340734738574e+00,8.4254104792499818e-01,3.7870614091458252e+00,0.0000000000000000e+00,3.7870614091458252e+00,0.0000000000000000e+00,6.1593884277336270e+00,5.2192340734738574e+00,1.6931409141734437e+00,6.1593884277336270e+00,3.7870614091458252e+00,5.2192340734738574e+00,3.7870614091458252e+00,3.4139543621226180e+00,3.4139543621226180e+00,3.7870614091458252e+00,0.0000000000000000e+00,8.4254104792499818e-01,3.4139543621226180e+00,2.5553649685233211e+00,2.5553649685233211e+00,6.1593884277336270e+00,1.6931409141734437e+00,6.1593884277336270e+00,6.1593884277336270e+00,6.1593884277336270e+00,3.7870614091458252e+00,3.7870614091458252e+00,8.4254104792499818e-01,5.2192340734738574e+00,0.0000000000000000e+00,5.2192340734738574e+00,5.2192340734738574e+00,3.4139543621226180e+00,6.1593884277336270e+00,5.2192340734738574e+00,1.6931409141734437e+00,3.4139543621226180e+00,5.2192340734738574e+00,5.2192340734738574e+00,3.4139543621226180e+00,3.4139543621226180e+00,2.5553649685233211e+00,6.1593884277336270e+00,2.5553649685233211e+00,2.5553649685233211e+00,5.2192340734738574e+00,1.6931409141734437e+00,2.5553649685233211e+00,6.1593884277336270e+00,3.4139543621226180e+00,6.1593884277336270e+00,0.0000000000000000e+00,2.5553649685233211e+00,5.2192340734738574e+00,8.4254104792499818e-01,6.1593884277336270e+00,6.1593884277336270e+00,3.7870614091458252e+00,3.7870614091458252e+00,5.2192340734738574e+00,0.0000000000000000e+00,3.7870614091458252e+00,5.2192340734738574e+00,6.1593884277336270e+00,0.0000000000000000e+00,1.6931409141734437e+00,3.7870614091458252e+00,2.5553649685233211e+00,3.4139543621226180e+00,8.4254104792499818e-01,5.2192340734738574e+00,6.1593884277336270e+00,5.2192340734738574e+00,5.2192340734738574e+00,1.6931409141734437e+00,6.1593884277336270e+00,3.7870614091458252e+00,5.2192340734738574e+00,3.4139543621226180e+00,0.0000000000000000e+00,5.2192340734738574e+00,3.4139543621226180e+00,2.5553649685233211e+00,3.4139543621226180e+00,3.4139543621226180e+00,3.7870614091458252e+00,5.2192340734738574e+00,6.1593884277336270e+00,1.6931409141734437e+00,5.2192340734738574e+00,5.2192340734738574e+00,0.0000000000000000e+00,6.1593884277336270e+00,5.2192340734738574e+00,5.2192340734738574e+00,5.2192340734738574e+00,3.7870614091458252e+00,3.7870614091458252e+00,6.1593884277336270e+00,8.4254104792499818e-01,6.1593884277336270e+00,5.2192340734738574e+00,5.2192340734738574e+00,8.4254104792499818e-01,3.7870614091458252e+00,3.7870614091458252e+00,5.2192340734738574e+00,6.1593884277336270e+00,8.4254104792499818e-01,6.1593884277336270e+00,5.2192340734738574e+00,3.7870614091458252e+00,6.1593884277336270e+00,6.1593884277336270e+00,5.2192340734738574e+00,5.2192340734738574e+00,5.2192340734738574e+00,3.7870614091458252e+00,3.7870614091458252e+00,6.1593884277336270e+00,0.0000000000000000e+00,6.1593884277336270e+00,5.2192340734738574e+00,6.1593884277336270e+00,6.1593884277336270e+00,5.2192340734738574e+00,5.2192340734738574e+00,1.6931409141734437e+00,6.1593884277336270e+00,1.6931409141734437e+00,5.2192340734738574e+00,6.1593884277336270e+00,3.7870614091458252e+00,3.4139543621226180e+00,5.2192340734738574e+00,5.2192340734738574e+00,5.2192340734738574e+00,5.2192340734738574e+00,1.6931409141734437e+00,3.7870614091458252e+00,3.7870614091458252e+00,6.1593884277336270e+00,3.7870614091458252e+00,3.4139543621226180e+00,3.7870614091458252e+00,0.0000000000000000e+00,6.1593884277336270e+00,1.6931409141734437e+00,1.6931409141734437e+00,1.6931409141734437e+00,2.5553649685233211e+00,1.6931409141734437e+00,3.7870614091458252e+00,2.5553649685233211e+00,0.0000000000000000e+00,2.5553649685233211e+00,5.2192340734738574e+00,8.4254104792499818e-01,6.1593884277336270e+00,0.0000000000000000e+00,1.6931409141734437e+00,3.7870614091458252e+00,5.2192340734738574e+00,5.2192340734738574e+00,6.1593884277336270e+00,0.0000000000000000e+00,5.2192340734738574e+00,2.5553649685233211e+00,8.4254104792499818e-01,6.1593884277336270e+00,2.5553649685233211e+00,0.0000000000000000e+00,5.2192340734738574e+00,6.1593884277336270e+00,6.1593884277336270e+00,5.2192340734738574e+00,5.2192340734738574e+00,6.1593884277336270e+00,5.2192340734738574e+00,5.2192340734738574e+00,3.7870614091458252e+00,1.6931409141734437e+00,1.6931409141734437e+00,3.7870614091458252e+00,5.2192340734738574e+00,5.2192340734738574e+00,5.2192340734738574e+00,5.2192340734738574e+00,0.0000000000000000e+00,1.6931409141734437e+00,5.2192340734738574e+00,5.2192340734738574e+00,2.5553649685233211e+00,6.1593884277336270e+00,2.5553649685233211e+00,2.5553649685233211e+00,6.1593884277336270e+00,1.6931409141734437e+00,6.1593884277336270e+00,6.1593884277336270e+00,6.1593884277336270e+00,6.1593884277336270e+00,3.7870614091458252e+00,3.7870614091458252e+00,6.1593884277336270e+00,6.1593884277336270e+00,8.4254104792499818e-01,0.0000000000000000e+00,6.1593884277336270e+00,6.1593884277336270e+00,2.5553649685233211e+00,5.2192340734738574e+00,3.7870614091458252e+00,1.6931409141734437e+00,0.0000000000000000e+00,1.6931409141734437e+00,6.1593884277336270e+00,3.7870614091458252e+00
5.2487076809181872e+00,4.4169409518409077e+00,4.4169409518409077e+00,4.4169409518409077e+00,4.4169409518409077e+00,4.4169409518409077e+00,2.8029592786648578e+00,1.4948522360651668e+00,2.8029592786648578e+00,2.8029592786648578e+00,2.8029592786648578e+00,5.2487076809181872e+00,2.8029592786648578e+00,3.5028351068319741e+00,5.2487076809181872e+00,5.2487076809181872e+00,5.2487076809181872e+00,5.2487076809181872e+00,8.6694197846007170e-01,8.6694197846007170e-01,0.0000000000000000e+00,5.2487076809181872e+00,5.2487076809181872e+00,5.2487076809181872e+00,4.4169409518409077e+00,1.4948522360651668e+00,2.8029592786648578e+00,1.4948522360651668e+00,1.4948522360651668e+00,4.4169409518409077e+00,4.4169409518409077e+00,5.2487076809181872e+00,2.8029592786648578e+00,2.8029592786648578e+00,4.4169409518409077e+00,4.4169409518409077e+00,8.6694197846007170e-01,3.5028351068319741e+00,2.8029592786648578e+00,2.8029592786648578e+00,2.8029592786648578e+00,2.8029592786648578e+00,2.8029592786648578e+00,5.2487076809181872e+00,1.4948522360651668e+00,2.8029592786648578e+00,2.8029592786648578e+00,6.0829002086005932e+00,5.2487076809181872e+00,6.0829002086005932e+00,6.0829002086005932e+00,5.2487076809181872e+00,6.0829002086005932e+00,4.4169409518409077e+00,2.8029592786648578e+00,5.2487076809181872e+00,5.2487076809181872e+00,3.5028351068319741e+00,8.6694197846007170e-01,5.2487076809181872e+00,6.0829002086005932e+00,5.2487076809181872e+00,5.2487076809181872e+00,5.2487076809181872e+00,8.6694197846007170e-01,6.0829002086005932e+00,6.0829002086005932e+00,5.2487076809181872e+00,5.2487076809181872e+00,5.2487076809181872e+00,1.4948522360651668e+00,6.0829002086005932e+00,5.2487076809181872e+00,5.2487076809181872e+00,2.8029592786648578e+00,2.8029592786648578e+00,3.5028351068319741e+00,8.6694197846007170e-01,4.4169409518409077e+00,5.2487076809181872e+00,2.8029592786648578e+00,6.0829002086005932e+00,5.2487076809181872e+00,1.4948522360651668e+00,5.2487076809181872e+00,5.2487076809181872e+00,5.2487076809181872e+00,2.8029592786648578e+00,2.8029592786648578e+00,5.2487076809181872e+00,3.5028351068319741e+00,1.4948522360651668e+00,0.0000000000000000e+00,3.5028351068319741e+00,8.6694197846007170e-01,5.2487076809181872e+00,6.0829002086005932e+00,0.0000000000000000e+00,4.4169409518409077e+00,4.4169409518409077e+00,8.6694197846007170e-01,1.4948522360651668e+00,6.0829002086005932e+00,5.2487076809181872e+00,6.0829002086005932e+00,8.6694197846007170e-01,2.8029592786648578e+00,0.0000000000000000e+00,2.8029592786648578e+00,6.0829002086005932e+00,6.0829002086005932e+00,6.0829002086005932e+00,0.0000000000000000e+00,4.4169409518409077e+00,4.4169409518409077e+00,6.0829002086005932e+00,0.0000000000000000e+00,4.4169409518409077e+00,1.4948522360651668e+00,1.4948522360651668e+00,1.4948522360651668e+00,3.5028351068319741e+00,3.5028351068319741e+00,0.0000000000000000e+00,5.2487076809181872e+00,2.8029592786648578e+00,1.4948522360651668e+00,5.2487076809181872e+00,4.4169409518409077e+00,1.4948522360651668e+00,2.8029592786648578e+00,0.0000000000000000e+00,8.6694197846007170e-01,6.0829002086005932e+00,6.0829002086005932e+00,2.8029592786648578e+00,5.2487076809181872e+00,1.4948522360651668e+00,6.0829002086005932e+00,1.4948522360651668e+00,5.2487076809181872e+00,5.2487076809181872e+00,6.0829002086005932e+00,1.4948522360651668e+00,2.8029592786648578e+00,5.2487076809181872e+00,2.8029592786648578e+00,5.2487076809181872e+00,3.5028351068319741e+00,8.6694197846007170e-01,5.2487076809181872e+00,6.0829002086005932e+00,4.4169409518409077e+00,6.0829002086005932e+00,6.0829002086005932e+00,8.6694197846007170e-01,8.6694197846007170e-01,4.4169409518409077e+00,5.2487076809181872e+00,5.2487076809181872e+00,1.4948522360651668e+00,8.6694197846007170e-01,5.2487076809181872e+00,6.0829002086005932e+00,6.0829002086005932e+00,2.8029592786648578e+00,6.0829002086005932e+00,8.6694197846007170e-01,0.0000000000000000e+00,6.0829002086005932e+00,5.2487076809181872e+00,4.4169409518409077e+00,5.2487076809181872e+00,4.4169409518409077e+00,5.2487076809181872e+00,2.8029592786648578e+00,4.4169409518409077e+00,6.0829002086005932e+00,3.5028351068319741e+00,5.2487076809181872e+00,4.4169409518409077e+00,5.2487076809181872e+00,5.2487076809181872e+00,5.2487076809181872e+00,2.8029592786648578e+00,5.2487076809181872e+00,5.2487076809181872e+00,6.0829002086005932e+00,8.6694197846007170e-01,8.6694197846007170e-01,6.0829002086005932e+00,6.0829002086005932e+00,5.2487076809181872e+00,3.5028351068319741e+00,3.5028351068319741e+00,6.0829002086005932e+00,1.4948522360651668e+00,5.2487076809181872e+00,5.2487076809181872e+00,1.4948522360651668e+00,1.4948522360651668e+00,8.6694197846007170e-01,5.2487076809181872e+00,4.4169409518409077e+00,4.4169409518409077e+00,6.0829002086005932e+00,8.6694197846007170e-01,5.2487076809181872e+00,1.4948522360651668e+00,6.0829002086005932e+00,5.2487076809181872e+00,8.6694197846007170e-01,2.8029592786648578e+00,3.5028351068319741e+00,1.4948522360651668e+00,5.2487076809181872e+00,3.5028351068319741e+00,8.6694197846007170e-01,5.2487076809181872e+00,3.5028351068319741e+00,6.0829002086005932e+00,0.0000000000000000e+00,6.0829002086005932e+00,6.0829002086005932e+00,8.6694197846007170e-01,6.0829002086005932e+00,1.4948522360651668e+00,6.0829002086005932e+00,6.0829002086005932e+00,8.6694197846007170e-01,6.0829002086005932e+00,5.2487076809181872e+00,8.6694197846007170e-01,0.0000000000000000e+00,4.4169409518409077e+00,3.5028351068319741e+00,5.2487076809181872e+00,1.4948522360651668e+00,3.5028351068319741e+00,8.6694197846007170e-01,6.0829002086005932e+00,6.0829002086005932e+00,6.0829002086005932e+00,1.4948522360651668e+00,6.0829002086005932e+00,4.4169409518409077e+00,5.2487076809181872e+00,4.4169409518409077e+00,1.4948522360651668e+00,5.2487076809181872e+00,1.4948522360651668e+00,0.0000000000000000e+00,3.5028351068319741e+00,5.2487076809181872e+00,3.5028351068319741e+00,1.4948522360651668e+00,3.5028351068319741e+00,3.5028351068319741e+00,1.4948522360651668e+00,1.4948522360651668e+00,3.5028351068319741e+00,6.0829002086005932e+00,4.4169409518409077e+00,2.8029592786648578e+00,6.0829002086005932e+00,5.2487076809181872e+00,5.2487076809181872e+00,6.0829002086005932e+00,6.0829002086005932e+00,0.0000000000000000e+00,5.2487076809181872e+00,6.0829002086005932e+00,5.2487076809181872e+00,0.0000000000000000e+00,2.8029592786648578e+00,5.2487076809181872e+00,2.8029592786648578e+00,2.8029592786648578e+00,1.4948522360651668e+00,5.2487076809181872e+00,2.8029592786648578e+00,5.2487076809181872e+00,2.8029592786648578e+00,2.8029592786648578e+00,2.8029592786648578e+00,0.0000000000000000e+00,4.4169409518409077e+00,0.0000000000000000e+00,6.0829002086005932e+00,6.0829002086005932e+00,6.0829002086005932e+00,4.4169409518409077e+00,5.2487076809181872e+00,2.8029592786648578e+00,0.0000000000000000e+00,3.5028351068319741e+00,4.4169409518409077e+00,5.2487076809181872e+00,5.2487076809181872e+00,4.4169409518409077e+00,5.2487076809181872e+00,1.4948522360651668e+00,1.4948522360651668e+00,0.0000000000000000e+00,5.2487076809181872e+00,5.2487076809181872e+00,8.6694197846007170e-01,5.2487076809181872e+00,5.2487076809181872e+00,5.2487076809181872e+00,2.8029592786648578e+00,4.4169409518409077e+00,2.8029592786648578e+00,1.4948522360651668e+00,5.2487076809181872e+00,1.4948522360651668e+00,8.6694197846007170e-01,5.2487076809181872e+00,5.2487076809181872e+00,1.4948522360651668e+00,2.8029592786648578e+00,3.5028351068319741e+00,5.2487076809181872e+00,5.2487076809181872e+00,5.2487076809181872e+00,5.2487076809181872e+00,2.8029592786648578e+00,5.2487076809181872e+00,5.2487076809181872e+00,5.2487076809181872e+00,8.6694197846007170e-01,4.4169409518409077e+00,6.0829002086005932e+00,1.4948522360651668e+00,4.4169409518409077e+00,5.2487076809181872e+00,1.4948522360651668e+00,5.2487076809181872e+00,8.6694197846007170e-01,1.4948522360651668e+00,6.0829002086005932e+00,5.2487076809181872e+00,8.6694197846007170e-01,5.2487076809181872e+00,6.0829002086005932e+00,5.2487076809181872e+00,5.2487076809181872e+00,4.4169409518409077e+00,5.2487076809181872e+00,6.0829002086005932e+00,2.8029592786648578e+00,5.2487076809181872e+00,5.2487076809181872e+00,2.8029592786648578e+00,6.0829002086005932e+00,2.8029592786648578e+00,8.6694197846007170e-01,0.0000000000000000e+00,5.2487076809181872e+00,2.8029592786648578e+00,2.8029592786648578e+00,5.2487076809181872e+00,3.5028351068319741e+00,4.4169409518409077e+00,0.0000000000000000e+00,3.5028351068319741e+00,8.6694197846007170e-01,5.2487076809181872e+00,0.0000000000000000e+00,0.0000000000000000e+00,4.4169409518409077e+00,4.4169409518409077e+00,0.0000000000000000e+00,5.2487076809181872e+00,1.4948522360651668e+00,5.2487076809181872e+00,5.2487076809181872e+00,0.0000000000000000e+00,6.0829002086005932e+00,5.2487076809181872e+00,2.8029592786648578e+00,2.8029592786648578e+00,4.4169409518409077e+00,8.6694197846007170e-01,2.8029592786648578e+00,2.8029592786648578e+00,5.2487076809181872e+00,5.2487076809181872e+00,4.4169409518409077e+00,0.0000000000000000e+00,5.2487076809181872e+00,8.6694197846007170e-01,5.2487076809181872e+00,5.2487076809181872e+00,2.8029592786648578e+00,5.2487076809181872e+00,5.2487076809181872e+00,3.5028351068319741e+00,5.2487076809181872e+00,5.2487076809181872e+00,0.0000000000000000e+00,4.4169409518409077e+00,3.5028351068319741e+00,1.4948522360651668e+00,5.2487076809181872e+00,3.5028351068319741e+00,6.0829002086005932e+00,6.0829002086005932e+00,2.8029592786648578e+00,2.8029592786648578e+00,3.5028351068319741e+00,2.8029592786648578e+00,5.2487076809181872e+00,5.2487076809181872e+00,5.2487076809181872e+00,5.2487076809181872e+00,5.2487076809181872e+00,2.8029592786648578e+00,2.8029592786648578e+00,6.0829002086005932e+00,5.2487076809181872e+00,6.0829002086005932e+00,3.5028351068319741e+00,4.4169409518409077e+00,3.5028351068319741e+00,3.5028351068319741e+00,3.5028351068319741e+00,8.6694197846007170e-01,3.5028351068319741e+00,5.2487076809181872e+00,5.2487076809181872e+00,8.6694197846007170e-01,4.4169409518409077e+00,4.4169409518409077e+00,5.2487076809181872e+00,5.2487076809181872e+00,1.4948522360651668e+00,1.4948522360651668e+00,3.5028351068319741e+00,3.5028351068319741e+00,2.8029592786648578e+00,4.4169409518409077e+00,1.4948522360651668e+00,4.4169409518409077e+00,3.5028351068319741e+00,8.6694197846007170e-01,2.8029592786648578e+00,4.4169409518409077e+00,5.2487076809181872e+00,1.4948522360651668e+00,8.6694197846007170e-01,3.5028351068319741e+00,5.2487076809181872e+00,8.6694197846007170e-01,0.0000000000000000e+00,4.4169409518409077e+00,1.4948522360651668e+00,2.8029592786648578e+00,4.4169409518409077e+00,1.4948522360651668e+00,5.2487076809181872e+00,4.4169409518409077e+00,0.0000000000000000e+00,5.2487076809181872e+00,2.8029592786648578e+00,5.2487076809181872e+00,4.4169409518409077e+00,6.0829002086005932e+00,4.4169409518409077e+00,0.0000000000000000e+00,0.0000000000000000e+00,3.5028351068319741e+00,2.8029592786648578e+00,5.2487076809181872e+00,5.2487076809181872e+00,5.2487076809181872e+00,5.2487076809181872e+00,0.0000000000000000e+00,2.8029592786648578e+00,2.8029592786648578e+00,1.4948522360651668e+00,6.0829002086005932e+00,4.4169409518409077e+00,4.4169409518409077e+00,3.5028351068319741e+00,6.0829002086005932e+00,2.8029592786648578e+00,2.8029592786648578e+00,5.2487076809181872e+00,8.6694197846007170e-01,0.0000000000000000e+00,6.0829002086005932e+00,6.0829002086005932e+00,6.0829002086005932e+00,6.0829002086005932e+00,1.4948522360651668e+00,4.4169409518409077e+00,8.6694197846007170e-01,2.8029592786648578e+00,5.2487076809181872e+00,5.2487076809181872e+00,6.0829002086005932e+00,5.2487076809181872e+00,4.4169409518409077e+00,3.5028351068319741e+00,6.0829002086005932e+00,5.2487076809181872e+00,2.8029592786648578e+00,8.6694197846007170e-01,6.0829002086005932e+00,5.2487076809181872e+00,2.8029592786648578e+00,1.4948522360651668e+00,8.6694197846007170e-01,2.8029592786648578e+00,8.6694197846007170e-01,6.0829002086005932e+00,5.2487076809181872e+00,2.8029592786648578e+00,2.8029592786648578e+00,2.8029592786648578e+00,4.4169409518409077e+00,5.2487076809181872e+00,1.4948522360651668e+00,6.0829002086005932e+00,4.4169409518409077e+00,2.8029592786648578e+00,5.2487076809181872e+00,5.2487076809181872e+00,5.2487076809181872e+00,3.5028351068319741e+00,4.4169409518409077e+00,5.2487076809181872e+00,8.6694197846007170e-01,0.0000000000000000e+00,2.8029592786648578e+00,5.2487076809181872e+00,5.2487076809181872e+00,4.4169409518409077e+00,3.5028351068319741e+00,5.2487076809181872e+00,5.2487076809181872e+00,0.0000000000000000e+00,6.0829002086005932e+00,5.2487076809181872e+00,0.0000000000000000e+00,6.0829002086005932e+00,5.2487076809181872e+00,5.2487076809181872e+00,5.2487076809181872e+00,4.4169409518409077e+00,0.0000000000000000e+00,8.6694197846007170e-01,4.4169409518409077e+00,4.4169409518409077e+00,3.5028351068319741e+00,3.5028351068319741e+00,1.4948522360651668e+00,0.0000000000000000e+00,3.5028351068319741e+00,5.2487076809181872e+00,6.0829002086005932e+00,0.0000000000000000e+00,6.0829002086005932e+00,6.0829002086005932e+00,2.8029592786648578e+00,5.2487076809181872e+00,8.6694197846007170e-01,1.4948522360651668e+00,1.4948522360651668e+00,0.0000000000000000e+00,3.5028351068319741e+00,5.2487076809181872e+00,4.4169409518409077e+00,1.4948522360651668e+00,3.5028351068319741e+00,1.4948522360651668e+00,6.0829002086005932e+00,3.5028351068319741e+00,5.2487076809181872e+00,5.2487076809181872e+00,8.6694197846007170e-01,1.4948522360651668e+00,8.6694197846007170e-01,2.8029592786648578e+00,3.5028351068319741e+00,1.4948522360651668e+00,0.0000000000000000e+00,4.4169409518409077e+00,6.0829002086005932e+00,3.5028351068319741e+00,6.0829002086005932e+00,5.2487076809181872e+00,6.0829002086005932e+00,4.4169409518409077e+00,6.0829002086005932e+00,8.6694197846007170e-01,6.0829002086005932e+00,6.0829002086005932e+00,6.0829002086005932e+00,3.5028351068319741e+00,1.4948522360651668e+00,5.2487076809181872e+00,6.0829002086005932e+00,6.0829002086005932e+00,5.2487076809181872e+00,6.0829002086005932e+00,6.0829002086005932e+00,6.0829002086005932e+00,6.0829002086005932e+00,6.0829002086005932e+00,5.2487076809181872e+00,5.2487076809181872e+00,5.2487076809181872e+00,3.5028351068319741e+00,5.2487076809181872e+00,3.5028351068319741e+00,1.4948522360651668e+00,0.0000000000000000e+00,1.4948522360651668e+00,1.4948522360651668e+00,6.0829002086005932e+00,4.4169409518409077e+00,1.4948522360651668e+00,6.0829002086005932e+00,8.6694197846007170e-01,6.0829002086005932e+00,6.0829002086005932e+00,2.8029592786648578e+00,6.0829002086005932e+00,5.2487076809181872e+00,5.2487076809181872e+00,6.0829002086005932e+00,6.0829002086005932e+00,5.2487076809181872e+00,5.2487076809181872e+00,5.2487076809181872e+00,8.6694197846007170e-01,6.0829002086005932e+00,6.0829002086005932e+00,6.0829002086005932e+00,0.0000000000000000e+00,6.0829002086005932e+00,6.0829002086005932e+00,6.0829002086005932e+00,6.0829002086005932e+00,8.6694197846007170e-01,6.0829002086005932e+00,3.5028351068319741e+00,4.4169409518409077e+00,3.5028351068319741e+00,8.6694197846007170e-01,4.4169409518409077e+00,4.4169409518409077e+00,0.0000000000000000e+00,2.8029592786648578e+00,2.8029592786648578e+00,5.2487076809181872e+00,5.2487076809181872e+00,5.2487076809181872e+00,1.4948522360651668e+00,2.8029592786648578e+00,2.8029592786648578e+00,4.4169409518409077e+00,2.8029592786648578e+00,2.8029592786648578e+00,6.0829002086005932e+00,6.0829002086005932e+00,6.0829002086005932e+00,6.0829002086005932e+00,3.5028351068319741e+00,6.0829002086005932e+00,6.0829002086005932e+00,4.4169409518409077e+00,6.0829002086005932e+00,1.4948522360651668e+00,1.4948522360651668e+00,1.4948522360651668e+00,6.0829002086005932e+00,6.0829002086005932e+00,6.0829002086005932e+00,6.0829002086005932e+00,6.0829002086005932e+00,5.2487076809181872e+00,6.0829002086005932e+00,6.0829002086005932e+00,1.4948522360651668e+00,3.5028351068319741e+00,5.2487076809181872e+00,2.8029592786648578e+00,2.8029592786648578e+00,4.4169409518409077e+00,0.0000000000000000e+00,4.4169409518409077e+00,0.0000000000000000e+00,3.5028351068319741e+00,6.0829002086005932e+00,2.8029592786648578e+00,6.0829002086005932e+00,5.2487076809181872e+00,2.8029592786648578e+00,0.0000000000000000e+00,0.0000000000000000e+00,2.8029592786648578e+00,4.4169409518409077e+00,4.4169409518409077e+00,4.4169409518409077e+00,0.0000000000000000e+00,6.0829002086005932e+00,0.0000000000000000e+00,5.2487076809181872e+00,1.4948522360651668e+00,5.2487076809181872e+00,4.4169409518409077e+00,5.2487076809181872e+00,4.4169409518409077e+00,5.2487076809181872e+00,6.0829002086005932e+00,4.4169409518409077e+00,4.4169409518409077e+00,6.0829002086005932e+00,4.4169409518409077e+00,5.2487076809181872e+00,5.2487076809181872e+00,6.0829002086005932e+00,6.0829002086005932e+00,8.6694197846007170e-01,5.2487076809181872e+00,4.4169409518409077e+00,0.0000000000000000e+00,5.2487076809181872e+00,4.4169409518409077e+00,5.2487076809181872e+00,1.4948522360651668e+00,5.2487076809181872e+00,6.0829002086005932e+00,3.5028351068319741e+00,4.4169409518409077e+00,5.2487076809181872e+00,6.0829002086005932e+00,8.6694197846007170e-01,8.6694197846007170e-01,8.6694197846007170e-01,3.5028351068319741e+00,3.5028351068319741e+00,6.0829002086005932e+00,6.0829002086005932e+00,0.0000000000000000e+00,6.0829002086005932e+00,5.2487076809181872e+00,2.8029592786648578e+00,6.0829002086005932e+00,2.8029592786648578e+00,3.5028351068319741e+00,4.4169409518409077e+00,2.8029592786648578e+00,8.6694197846007170e-01,5.2487076809181872e+00,2.8029592786648578e+00,3.5028351068319741e+00,6.0829002086005932e+00,5.2487076809181872e+00,3.5028351068319741e+00,5.2487076809181872e+00,8.6694197846007170e-01,5.2487076809181872e+00,8.6694197846007170e-01,5.2487076809181872e+00,5.2487076809181872e+00,5.2487076809181872e+00,6.0829002086005932e+00,3.5028351068319741e+00,5.2487076809181872e+00,5.2487076809181872e+00,0.0000000000000000e+00,4.4169409518409077e+00,4.4169409518409077e+00,4.4169409518409077e+00,4.4169409518409077e+00,6.0829002086005932e+00,5.2487076809181872e+00,1.4948522360651668e+00,6.0829002086005932e+00,4.4169409518409077e+00,1.4948522360651668e+00,5.2487076809181872e+00,3.5028351068319741e+00,6.0829002086005932e+00,6.0829002086005932e+00,6.0829002086005932e+00,6.0829002086005932e+00,5.2487076809181872e+00,6.0829002086005932e+00,0.0000000000000000e+00,5.2487076809181872e+00,4.4169409518409077e+00,8.6694197846007170e-01,1.4948522360651668e+00,4.4169409518409077e+00,0.0000000000000000e+00,6.0829002086005932e+00,5.2487076809181872e+00,2.8029592786648578e+00,5.2487076809181872e+00,5.2487076809181872e+00,6.0829002086005932e+00,4.4169409518409077e+00,6.0829002086005932e+00,5.2487076809181872e+00,0.0000000000000000e+00,5.2487076809181872e+00,5.2487076809181872e+00,1.4948522360651668e+00,6.0829002086005932e+00,6.0829002086005932e+00,3.5028351068319741e+00,4.4169409518409077e+00,3.5028351068319741e+00,6.0829002086005932e+00,6.0829002086005932e+00,1.4948522360651668e+00,4.4169409518409077e+00,8.6694197846007170e-01,4.4169409518409077e+00,1.4948522360651668e+00,4.4169409518409077e+00,8.6694197846007170e-01,3.5028351068319741e+00,1.4948522360651668e+00,6.0829002086005932e+00,2.8029592786648578e+00,5.2487076809181872e+00,5.2487076809181872e+00,0.0000000000000000e+00,5.2487076809181872e+00,4.4169409518409077e+00,2.8029592786648578e+00,4.4169409518409077e+00,6.0829002086005932e+00,5.2487076809181872e+00,5.2487076809181872e+00,5.2487076809181872e+00,2.8029592786648578e+00,5.2487076809181872e+00,6.0829002086005932e+00,4.4169409518409077e+00,8.6694197846007170e-01,6.0829002086005932e+00,0.0000000000000000e+00,8.6694197846007170e-01,8.6694197846007170e-01,6.0829002086005932e+00,5.2487076809181872e+00,2.8029592786648578e+00,5.2487076809181872e+00,1.4948522360651668e+00,5.2487076809181872e+00,5.2487076809181872e+00,0.0000000000000000e+00,6.0829002086005932e+00,4.4169409518409077e+00,8.6694197846007170e-01,0.0000000000000000e+00,8.6694197846007170e-01,5.2487076809181872e+00,5.2487076809181872e+00,0.0000000000000000e+00,6.0829002086005932e+00,8.6694197846007170e-01,4.4169409518409077e+00,6.0829002086005932e+00,4.4169409518409077e+00,3.5028351068319741e+00,5.2487076809181872e+00,8.6694197846007170e-01,5.2487076809181872e+00,2.8029592786648578e+00,5.2487076809181872e+00,8.6694197846007170e-01,6.0829002086005932e+00,4.4169409518409077e+00,8.6694197846007170e-01,5.2487076809181872e+00,6.0829002086005932e+00,6.0829002086005932e+00,6.0829002086005932e+00,5.2487076809181872e+00,4.4169409518409077e+00,6.0829002086005932e+00,5.2487076809181872e+00,5.2487076809181872e+00,2.8029592786648578e+00,4.4169409518409077e+00,4.4169409518409077e+00,6.0829002086005932e+00,6.0829002086005932e+00,6.0829002086005932e+00,5.2487076809181872e+00,1.4948522360651668e+00,5.2487076809181872e+00,5.2487076809181872e+00,6.0829002086005932e+00,8.6694197846007170e-01,3.5028351068319741e+00,3.5028351068319741e+00,6.0829002086005932e+00,6.0829002086005932e+00,8.6694197846007170e-01,1.4948522360651668e+00,1.4948522360651668e+00,6.0829002086005932e+00,3.5028351068319741e+00,6.0829002086005932e+00,0.0000000000000000e+00,4.4169409518409077e+00,2.8029592786648578e+00,5.2487076809181872e+00,6.0829002086005932e+00,5.2487076809181872e+00,5.2487076809181872e+00,6.0829002086005932e+00,3.5028351068319741e+00,2.8029592786648578e+00,5.2487076809181872e+00,1.4948522360651668e+00,0.0000000000000000e+00,6.0829002086005932e+00,5.2487076809181872e+00,4.4169409518409077e+00,5.2487076809181872e+00,6.0829002086005932e+00,8.6694197846007170e-01,2.8029592786648578e+00,2.8029592786648578e+00,2.8029592786648578e+00,5.2487076809181872e+00,4.4169409518409077e+00,6.0829002086005932e+00,8.6694197846007170e-01,6.0829002086005932e+00,4.4169409518409077e+00,4.4169409518409077e+00,6.0829002086005932e+00,6.0829002086005932e+00,3.5028351068319741e+00,6.0829002086005932e+00,4.4169409518409077e+00,5.2487076809181872e+00,5.2487076809181872e+00,4.4169409518409077e+00,6.0829002086005932e+00,5.2487076809181872e+00,6.0829002086005932e+00,8.6694197846007170e-01,2.8029592786648578e+00,6.0829002086005932e+00,4.4169409518409077e+00,0.0000000000000000e+00,4.4169409518409077e+00,4.4169409518409077e+00,5.2487076809181872e+00,6.0829002086005932e+00,6.0829002086005932e+00,6.0829002086005932e+00,2.8029592786648578e+00,1.4948522360651668e+00,8.6694197846007170e-01,4.4169409518409077e+00,3.5028351068319741e+00,1.4948522360651668e+00,8.6694197846007170e-01,2.8029592786648578e+00,2.8029592786648578e+00,6.0829002086005932e+00,8.6694197846007170e-01,6.0829002086005932e+00,0.0000000000000000e+00,6.0829002086005932e+00,5.2487076809181872e+00,6.0829002086005932e+00,6.0829002086005932e+00,5.2487076809181872e+00,5.2487076809181872e+00,5.2487076809181872e+00,6.0829002086005932e+00,3.5028351068319741e+00,2.8029592786648578e+00,6.0829002086005932e+00,6.0829002086005932e+00,6.0829002086005932e+00,4.4169409518409077e+00,4.4169409518409077e+00,1.4948522360651668e+00,6.0829002086005932e+00,6.0829002086005932e+00,0.0000000000000000e+00,0.0000000000000000e+00,4.4169409518409077e+00,4.4169409518409077e+00,4.4169409518409077e+00
5.0783767606418415e+00,5.0783767606418415e+00,5.0783767606418415e+00,2.6061070155654704e+00,2.6061070155654704e+00,6.3610968632858871e+00,2.6061070155654704e+00,8.6617503774997895e-01,6.3610968632858871e+00,6.3610968632858871e+00,6.3610968632858871e+00,0.0000000000000000e+00,1.7861756688145307e+00,4.4173012401239893e+00,3.5830771636070198e+00,4.4173012401239893e+00,4.4173012401239893e+00,5.0783767606418415e+00,3.5830771636070198e+00,3.5830771636070198e+00,4.4173012401239893e+00,4.4173012401239893e+00,0.0000000000000000e+00,4.4173012401239893e+00,4.4173012401239893e+00,4.4173012401239893e+00,4.4173012401239893e+00,4.4173012401239893e+00,4.4173012401239893e+00,6.3610968632858871e+00,1.7861756688145307e+00,4.4173012401239893e+00,2.6061070155654704e+00,4.4173012401239893e+00,8.6617503774997895e-01,4.4173012401239893e+00,3.5830771636070198e+00,3.5830771636070198e+00,3.5830771636070198e+00,4.4173012401239893e+00,3.5830771636070198e+00,4.4173012401239893e+00,5.0783767606418415e+00,5.0783767606418415e+00,5.0783767606418415e+00,5.0783767606418415e+00,5.0783767606418415e+00,6.3610968632858871e+00,6.3610968632858871e+00,2.6061070155654704e+00,8.6617503774997895e-01,3.5830771636070198e+00,0.0000000000000000e+00,2.6061070155654704e+00,4.4173012401239893e+00,4.4173012401239893e+00,6.3610968632858871e+00,1.7861756688145307e+00,2.6061070155654704e+00,1.7861756688145307e+00,6.3610968632858871e+00,1.7861756688145307e+00,6.3610968632858871e+00,4.4173012401239893e+00,2.6061070155654704e+00,5.0783767606418415e+00,6.3610968632858871e+00,6.3610968632858871e+00,6.3610968632858871e+00,4.4173012401239893e+00,3.5830771636070198e+00,0.0000000000000000e+00,1.7861756688145307e+00,5.0783767606418415e+00,1.7861756688145307e+00,3.5830771636070198e+00,3.5830771636070198e+00,8.6617503774997895e-01,3.5830771636070198e+00,3.5830771636070198e+00,0.0000000000000000e+00,3.5830771636070198e+00,3.5830771636070198e+00,3.5830771636070198e+00,3.5830771636070198e+00,3.5830771636070198e+00,3.5830771636070198e+00,3.5830771636070198e+00,6.3610968632858871e+00,1.7861756688145307e+00,8.6617503774997895e-01,4.4173012401239893e+00,1.7861756688145307e+00,3.5830771636070198e+00,3.5830771636070198e+00,2.6061070155654704e+00,3.5830771636070198e+00,3.5830771636070198e+00,8.6617503774997895e-01,3.5830771636070198e+00,5.0783767606418415e+00,5.0783767606418415e+00,5.0783767606418415e+00,4.4173012401239893e+00,3.5830771636070198e+00,2.6061070155654704e+00,4.4173012401239893e+00,4.4173012401239893e+00,3.5830771636070198e+00,4.4173012401239893e+00,4.4173012401239893e+00,4.4173012401239893e+00,2.6061070155654704e+00,4.4173012401239893e+00,4.4173012401239893e+00,3.5830771636070198e+00,4.4173012401239893e+00,3.5830771636070198e+00,3.5830771636070198e+00,5.0783767606418415e+00,3.5830771636070198e+00,0.0000000000000000e+00,4.4173012401239893e+00,2.6061070155654704e+00,5.0783767606418415e+00,6.3610968632858871e+00,1.7861756688145307e+00,5.0783767606418415e+00,4.4173012401239893e+00,4.4173012401239893e+00,1.7861756688145307e+00,0.0000000000000000e+00,4.4173012401239893e+00,0.0000000000000000e+00,5.0783767606418415e+00,8.6617503774997895e-01,3.5830771636070198e+00,5.0783767606418415e+00,6.3610968632858871e+00,3.5830771636070198e+00,4.4173012401239893e+00,5.0783767606418415e+00,4.4173012401239893e+00,6.3610968632858871e+00,2.6061070155654704e+00,5.0783767606418415e+00,3.5830771636070198e+00,3.5830771636070198e+00,4.4173012401239893e+00,3.5830771636070198e+00,3.5830771636070198e+00,0.0000000000000000e+00,3.5830771636070198e+00,3.5830771636070198e+00,0.0000000000000000e+00,5.0783767606418415e+00,4.4173012401239893e+00,3.5830771636070198e+00,3.5830771636070198e+00,3.5830771636070198e+00,8.6617503774997895e-01,2.6061070155654704e+00,5.0783767606418415e+00,5.0783767606418415e+00,5.0783767606418415e+00,5.0783767606418415e+00,0.0000000000000000e+00,5.0783767606418415e+00,2.6061070155654704e+00,2.6061070155654704e+00,5.0783767606418415e+00,3.5830771636070198e+00,3.5830771636070198e+00,2.6061070155654704e+00,5.0783767606418415e+00,5.0783767606418415e+00,3.5830771636070198e+00,8.6617503774997895e-01,1.7861756688145307e+00,3.5830771636070198e+00,0.0000000000000000e+00,4.4173012401239893e+00,5.0783767606418415e+00,6.3610968632858871e+00,5.0783767606418415e+00,4.4173012401239893e+00,8.6617503774997895e-01,3.5830771636070198e+00,4.4173012401239893e+00,4.4173012401239893e+00,3.5830771636070198e+00,6.3610968632858871e+00,6.3610968632858871e+00,5.0783767606418415e+00,6.3610968632858871e+00,3.5830771636070198e+00,3.5830771636070198e+00,3.5830771636070198e+00,6.3610968632858871e+00,3.5830771636070198e+00,6.3610968632858871e+00,6.3610968632858871e+00,5.0783767606418415e+00,3.5830771636070198e+00,5.0783767606418415e+00,2.6061070155654704e+00,1.7861756688145307e+00,3.5830771636070198e+00,6.3610968632858871e+00,5.0783767606418415e+00,5.0783767606418415e+00,0.0000000000000000e+00,4.4173012401239893e+00,6.3610968632858871e+00,6.3610968632858871e+00,4.4173012401239893e+00,5.0783767606418415e+00,4.4173012401239893e+00,3.5830771636070198e+00,6.3610968632858871e+00,5.0783767606418415e+00,8.6617503774997895e-01,6.3610968632858871e+00,8.6617503774997895e-01,5.0783767606418415e+00,6.3610968632858871e+00,5.0783767606418415e+00,0.0000000000000000e+00,3.5830771636070198e+00,4.4173012401239893e+00,5.0783767606418415e+00,5.0783767606418415e+00,3.5830771636070198e+00,4.4173012401239893e+00,5.0783767606418415e+00,1.7861756688145307e+00,3.5830771636070198e+00,5.0783767606418415e+00,5.0783767606418415e+00,5.0783767606418415e+00,5.0783767606418415e+00,5.0783767606418415e+00,0.0000000000000000e+00,4.4173012401239893e+00,4.4173012401239893e+00,3.5830771636070198e+00,4.4173012401239893e+00,3.5830771636070198e+00,4.4173012401239893e+00,5.0783767606418415e+00,0.0000000000000000e+00,5.0783767606418415e+00,5.0783767606418415e+00,2.6061070155654704e+00,5.0783767606418415e+00,2.6061070155654704e+00,6.3610968632858871e+00,0.0000000000000000e+00,6.3610968632858871e+00,5.0783767606418415e+00,1.7861756688145307e+00,2.6061070155654704e+00,5.0783767606418415e+00,6.3610968632858871e+00,0.0000000000000000e+00,6.3610968632858871e+00,5.0783767606418415e+00,5.0783767606418415e+00,4.4173012401239893e+00,6.3610968632858871e+00,6.3610968632858871e+00,6.3610968632858871e+00,0.0000000000000000e+00,3.5830771636070198e+00,4.4173012401239893e+00,6.3610968632858871e+00,6.3610968632858871e+00,4.4173012401239893e+00,2.6061070155654704e+00,3.5830771636070198e+00,8.6617503774997895e-01,3.5830771636070198e+00,6.3610968632858871e+00,6.3610968632858871e+00,6.3610968632858871e+00,0.0000000000000000e+00,6.3610968632858871e+00,6.3610968632858871e+00,5.0783767606418415e+00,1.7861756688145307e+00,5.0783767606418415e+00,4.4173012401239893e+00,6.3610968632858871e+00,4.4173012401239893e+00,2.6061070155654704e+00,1.7861756688145307e+00,1.7861756688145307e+00,2.6061070155654704e+00,6.3610968632858871e+00,6.3610968632858871e+00,8.6617503774997895e-01,6.3610968632858871e+00,4.4173012401239893e+00,2.6061070155654704e+00,4.4173012401239893e+00,6.3610968632858871e+00,6.3610968632858871e+00,4.4173012401239893e+00,6.3610968632858871e+00,5.0783767606418415e+00,6.3610968632858871e+00,5.0783767606418415e+00,4.4173012401239893e+00,5.0783767606418415e+00,8.6617503774997895e-01,4.4173012401239893e+00,5.0783767606418415e+00,5.0783767606418415e+00,5.0783767606418415e+00,6.3610968632858871e+00,5.0783767606418415e+00,6.3610968632858871e+00,8.6617503774997895e-01,4.4173012401239893e+00,2.6061070155654704e+00,6.3610968632858871e+00,6.3610968632858871e+00,4.4173012401239893e+00,0.0000000000000000e+00,5.0783767606418415e+00,5.0783767606418415e+00,5.0783767606418415e+00,3.5830771636070198e+00,0.0000000000000000e+00,6.3610968632858871e+00,5.0783767606418415e+00,6.3610968632858871e+00,4.4173012401239893e+00,8.6617503774997895e-01,2.6061070155654704e+00,4.4173012401239893e+00,5.0783767606418415e+00,6.3610968632858871e+00,4.4173012401239893e+00,3.5830771636070198e+00,6.3610968632858871e+00,6.3610968632858871e+00,4.4173012401239893e+00,5.0783767606418415e+00,4.4173012401239893e+00,4.4173012401239893e+00,5.0783767606418415e+00,3.5830771636070198e+00,5.0783767606418415e+00,6.3610968632858871e+00,6.3610968632858871e+00,5.0783767606418415e+00,8.6617503774997895e-01,6.3610968632858871e+00,1.7861756688145307e+00,6.3610968632858871e+00,1.7861756688145307e+00,6.3610968632858871e+00,8.6617503774997895e-01,6.3610968632858871e+00,4.4173012401239893e+00,1.7861756688145307e+00,0.0000000000000000e+00,4.4173012401239893e+00,2.6061070155654704e+00,1.7861756688145307e+00,2.6061070155654704e+00,4.4173012401239893e+00,2.6061070155654704e+00,6.3610968632858871e+00,1.7861756688145307e+00,6.3610968632858871e+00,1.7861756688145307e+00,0.0000000000000000e+00,4.4173012401239893e+00,4.4173012401239893e+00,6.3610968632858871e+00,3.5830771636070198e+00,5.0783767606418415e+00,6.3610968632858871e+00,0.0000000000000000e+00,6.3610968632858871e+00,1.7861756688145307e+00,1.7861756688145307e+00,5.0783767606418415e+00,8.6617503774997895e-01,5.0783767606418415e+00,0.0000000000000000e+00,5.0783767606418415e+00,1.7861756688145307e+00,6.3610968632858871e+00,8.6617503774997895e-01,5.0783767606418415e+00,5.0783767606418415e+00,4.4173012401239893e+00,6.3610968632858871e+00,4.4173012401239893e+00,4.4173012401239893e+00,4.4173012401239893e+00,6.3610968632858871e+00,6.3610968632858871e+00,2.6061070155654704e+00,4.4173012401239893e+00,6.3610968632858871e+00,2.6061070155654704e+00,4.4173012401239893e+00,6.3610968632858871e+00,1.7861756688145307e+00,4.4173012401239893e+00,1.7861756688145307e+00,1.7861756688145307e+00,6.3610968632858871e+00,1.7861756688145307e+00,6.3610968632858871e+00,6.3610968632858871e+00,6.3610968632858871e+00,1.7861756688145307e+00,4.4173012401239893e+00,1.7861756688145307e+00,2.6061070155654704e+00,8.6617503774997895e-01,6.3610968632858871e+00,0.0000000000000000e+00,3.5830771636070198e+00,3.5830771636070198e+00,6.3610968632858871e+00,6.3610968632858871e+00,6.3610968632858871e+00,8.6617503774997895e-01,5.0783767606418415e+00,5.0783767606418415e+00,6.3610968632858871e+00,3.5830771636070198e+00,3.5830771636070198e+00,5.0783767606418415e+00,3.5830771636070198e+00,4.4173012401239893e+00,1.7861756688145307e+00,6.3610968632858871e+00,4.4173012401239893e+00,5.0783767606418415e+00,2.6061070155654704e+00,0.0000000000000000e+00,6.3610968632858871e+00,2.6061070155654704e+00,5.0783767606418415e+00,6.3610968632858871e+00,8.6617503774997895e-01,1.7861756688145307e+00,5.0783767606418415e+00,6.3610968632858871e+00,5.0783767606418415e+00,0.0000000000000000e+00,5.0783767606418415e+00,2.6061070155654704e+00,4.4173012401239893e+00,2.6061070155654704e+00,5.0783767606418415e+00,5.0783767606418415e+00,5.0783767606418415e+00,4.4173012401239893e+00,3.5830771636070198e+00,2.6061070155654704e+00,6.3610968632858871e+00,6.3610968632858871e+00,8.6617503774997895e-01,2.6061070155654704e+00,2.6061070155654704e+00,6.3610968632858871e+00,0.0000000000000000e+00,6.3610968632858871e+00,0.0000000000000000e+00,1.7861756688145307e+00,8.6617503774997895e-01,6.3610968632858871e+00,6.3610968632858871e+00,4.4173012401239893e+00,0.0000000000000000e+00,0.0000000000000000e+00,2.6061070155654704e+00,4.4173012401239893e+00,5.0783767606418415e+00,5.0783767606418415e+00,4.4173012401239893e+00,4.4173012401239893e+00,4.4173012401239893e+00,4.4173012401239893e+00,4.4173012401239893e+00,6.3610968632858871e+00,2.6061070155654704e+00,4.4173012401239893e+00,4.4173012401239893e+00,6.3610968632858871e+00,6.3610968632858871e+00,4.4173012401239893e+00,4.4173012401239893e+00,2.6061070155654704e+00,5.0783767606418415e+00,5.0783767606418415e+00,0.0000000000000000e+00,8.6617503774997895e-01,1.7861756688145307e+00,5.0783767606418415e+00,2.6061070155654704e+00,0.0000000000000000e+00,2.6061070155654704e+00,1.7861756688145307e+00,0.0000000000000000e+00,6.3610968632858871e+00,2.6061070155654704e+00,2.6061070155654704e+00,2.6061070155654704e+00,1.7861756688145307e+00,6.3610968632858871e+00,1.7861756688145307e+00,6.3610968632858871e+00,5.0783767606418415e+00,1.7861756688145307e+00,2.6061070155654704e+00,2.6061070155654704e+00,4.4173012401239893e+00,2.6061070155654704e+00,1.7861756688145307e+00,5.0783767606418415e+00,2.6061070155654704e+00,1.7861756688145307e+00,0.0000000000000000e+00,0.0000000000000000e+00,5.0783767606418415e+00,6.3610968632858871e+00,0.0000000000000000e+00,1.7861756688145307e+00,2.6061070155654704e+00,5.0783767606418415e+00,2.6061070155654704e+00,5.0783767606418415e+00,5.0783767606418415e+00,0.0000000000000000e+00,4.4173012401239893e+00,4.4173012401239893e+00,3.5830771636070198e+00,6.3610968632858871e+00,5.0783767606418415e+00,3.5830771636070198e+00,3.5830771636070198e+00,6.3610968632858871e+00,2.6061070155654704e+00,1.7861756688145307e+00,2.6061070155654704e+00,3.5830771636070198e+00,3.5830771636070198e+00,3.5830771636070198e+00,3.5830771636070198e+00,6.3610968632858871e+00,0.0000000000000000e+00,6.3610968632858871e+00,2.6061070155654704e+00,4.4173012401239893e+00,2.6061070155654704e+00,4.4173012401239893e+00,5.0783767606418415e+00,4.4173012401239893e+00,3.5830771636070198e+00,3.5830771636070198e+00,8.6617503774997895e-01,8.6617503774997895e-01,5.0783767606418415e+00,5.0783767606418415e+00,3.5830771636070198e+00,3.5830771636070198e+00,3.5830771636070198e+00,2.6061070155654704e+00,6.3610968632858871e+00,3.5830771636070198e+00,6.3610968632858871e+00,8.6617503774997895e-01,0.0000000000000000e+00,5.0783767606418415e+00,5.0783767606418415e+00,6.3610968632858871e+00,2.6061070155654704e+00,6.3610968632858871e+00,2.6061070155654704e+00,6.3610968632858871e+00,4.4173012401239893e+00,3.5830771636070198e+00,6.3610968632858871e+00,5.0783767606418415e+00,5.0783767606418415e+00,6.3610968632858871e+00,6.3610968632858871e+00,5.0783767606418415e+00,3.5830771636070198e+00,3.5830771636070198e+00,4.4173012401239893e+00,1.7861756688145307e+00,4.4173012401239893e+00,3.5830771636070198e+00,5.0783767606418415e+00,8.6617503774997895e-01,4.4173012401239893e+00,2.6061070155654704e+00,2.6061070155654704e+00,6.3610968632858871e+00,6.3610968632858871e+00,5.0783767606418415e+00,0.0000000000000000e+00,4.4173012401239893e+00,0.0000000000000000e+00,8.6617503774997895e-01,3.5830771636070198e+00,1.7861756688145307e+00,4.4173012401239893e+00,8.6617503774997895e-01,6.3610968632858871e+00,1.7861756688145307e+00,6.3610968632858871e+00,6.3610968632858871e+00,6.3610968632858871e+00,0.0000000000000000e+00,4.4173012401239893e+00,1.7861756688145307e+00,5.0783767606418415e+00,3.5830771636070198e+00,6.3610968632858871e+00,6.3610968632858871e+00,6.3610968632858871e+00,2.6061070155654704e+00,3.5830771636070198e+00,5.0783767606418415e+00,1.7861756688145307e+00,2.6061070155654704e+00,0.0000000000000000e+00,8.6617503774997895e-01,6.3610968632858871e+00,6.3610968632858871e+00,4.4173012401239893e+00,4.4173012401239893e+00,5.0783767606418415e+00,4.4173012401239893e+00,4.4173012401239893e+00,1.7861756688145307e+00,1.7861756688145307e+00,2.6061070155654704e+00,3.5830771636070198e+00,6.3610968632858871e+00,4.4173012401239893e+00,6.3610968632858871e+00,0.0000000000000000e+00,2.6061070155654704e+00,2.6061070155654704e+00,6.3610968632858871e+00,6.3610968632858871e+00,3.5830771636070198e+00,6.3610968632858871e+00,6.3610968632858871e+00,4.4173012401239893e+00,0.0000000000000000e+00,1.7861756688145307e+00,1.7861756688145307e+00,1.7861756688145307e+00,1.7861756688145307e+00,3.5830771636070198e+00,4.4173012401239893e+00,0.0000000000000000e+00,2.6061070155654704e+00,2.6061070155654704e+00,4.4173012401239893e+00,2.6061070155654704e+00,1.7861756688145307e+00,6.3610968632858871e+00,3.5830771636070198e+00,6.3610968632858871e+00,0.0000000000000000e+00,6.3610968632858871e+00,6.3610968632858871e+00,5.0783767606418415e+00,5.0783767606418415e+00,6.3610968632858871e+00,5.0783767606418415e+00,1.7861756688145307e+00,4.4173012401239893e+00,6.3610968632858871e+00,2.6061070155654704e+00,6.3610968632858871e+00,4.4173012401239893e+00,1.7861756688145307e+00,4.4173012401239893e+00,2.6061070155654704e+00,2.6061070155654704e+00,2.6061070155654704e+00,6.3610968632858871e+00,6.3610968632858871e+00,1.7861756688145307e+00,0.0000000000000000e+00,4.4173012401239893e+00,6.3610968632858871e+00,5.0783767606418415e+00,4.4173012401239893e+00,5.0783767606418415e+00,3.5830771636070198e+00,8.6617503774997895e-01,6.3610968632858871e+00,6.3610968632858871e+00,4.4173012401239893e+00,4.4173012401239893e+00,4.4173012401239893e+00,8.6617503774997895e-01,6.3610968632858871e+00,1.7861756688145307e+00,1.7861756688145307e+00,5.0783767606418415e+00,4.4173012401239893e+00,0.0000000000000000e+00,4.4173012401239893e+00,1.7861756688145307e+00,0.0000000000000000e+00,4.4173012401239893e+00,6.3610968632858871e+00,8.6617503774997895e-01,0.0000000000000000e+00,3.5830771636070198e+00,4.4173012401239893e+00,5.0783767606418415e+00,8.6617503774997895e-01,8.6617503774997895e-01,4.4173012401239893e+00,5.0783767606418415e+00,5.0783767606418415e+00,5.0783767606418415e+00,6.3610968632858871e+00,3.5830771636070198e+00,3.5830771636070198e+00,6.3610968632858871e+00,6.3610968632858871e+00,6.3610968632858871e+00,8.6617503774997895e-01,6.3610968632858871e+00,3.5830771636070198e+00,6.3610968632858871e+00,6.3610968632858871e+00,5.0783767606418415e+00,6.3610968632858871e+00,5.0783767606418415e+00,5.0783767606418415e+00,5.0783767606418415e+00,8.6617503774997895e-01,8.6617503774997895e-01,6.3610968632858871e+00,3.5830771636070198e+00,5.0783767606418415e+00,4.4173012401239893e+00,5.0783767606418415e+00,2.6061070155654704e+00,5.0783767606418415e+00,5.0783767606418415e+00,4.4173012401239893e+00,3.5830771636070198e+00,1.7861756688145307e+00,6.3610968632858871e+00,4.4173012401239893e+00,8.6617503774997895e-01,6.3610968632858871e+00,6.3610968632858871e+00,6.3610968632858871e+00,8.6617503774997895e-01,0.0000000000000000e+00,0.0000000000000000e+00,4.4173012401239893e+00,5.0783767606418415e+00,5.0783767606418415e+00,4.4173012401239893e+00,4.4173012401239893e+00,5.0783767606418415e+00,5.0783767606418415e+00,4.4173012401239893e+00,4.4173012401239893e+00,3.5830771636070198e+00,3.5830771636070198e+00,6.3610968632858871e+00,5.0783767606418415e+00,3.5830771636070198e+00,0.0000000000000000e+00,6.3610968632858871e+00,3.5830771636070198e+00,3.5830771636070198e+00,8.6617503774997895e-01,3.5830771636070198e+00,2.6061070155654704e+00,3.5830771636070198e+00,6.3610968632858871e+00,6.3610968632858871e+00,5.0783767606418415e+00,2.6061070155654704e+00,6.3610968632858871e+00,6.3610968632858871e+00,4.4173012401239893e+00,2.6061070155654704e+00,3.5830771636070198e+00,1.7861756688145307e+00,6.3610968632858871e+00,3.5830771636070198e+00,3.5830771636070198e+00,4.4173012401239893e+00,5.0783767606418415e+00,6.3610968632858871e+00,4.4173012401239893e+00,4.4173012401239893e+00,3.5830771636070198e+00,8.6617503774997895e-01,0.0000000000000000e+00,5.0783767606418415e+00,3.5830771636070198e+00,2.6061070155654704e+00,6.3610968632858871e+00,8.6617503774997895e-01,2.6061070155654704e+00,1.7861756688145307e+00,3.5830771636070198e+00,5.0783767606418415e+00,6.3610968632858871e+00,6.3610968632858871e+00,4.4173012401239893e+00,4.4173012401239893e+00,5.0783767606418415e+00,4.4173012401239893e+00,4.4173012401239893e+00,8.6617503774997895e-01,4.4173012401239893e+00,1.7861756688145307e+00,8.6617503774997895e-01,4.4173012401239893e+00,2.6061070155654704e+00,8.6617503774997895e-01,4.4173012401239893e+00,8.6617503774997895e-01,1.7861756688145307e+00,1.7861756688145307e+00,1.7861756688145307e+00,5.0783767606418415e+00,5.0783767606418415e+00,6.3610968632858871e+00,4.4173012401239893e+00,8.6617503774997895e-01,4.4173012401239893e+00,1.7861756688145307e+00,3.5830771636070198e+00,5.0783767606418415e+00,2.6061070155654704e+00,2.6061070155654704e+00,4.4173012401239893e+00,5.0783767606418415e+00,1.7861756688145307e+00,6.3610968632858871e+00,8.6617503774997895e-01,6.3610968632858871e+00,1.7861756688145307e+00,1.7861756688145307e+00,5.0783767606418415e+00,3.5830771636070198e+00,1.7861756688145307e+00,4.4173012401239893e+00,5.0783767606418415e+00,3.5830771636070198e+00,3.5830771636070198e+00,4.4173012401239893e+00,0.0000000000000000e+00,1.7861756688145307e+00,3.5830771636070198e+00,4.4173012401239893e+00,4.4173012401239893e+00,6.3610968632858871e+00,3.5830771636070198e+00,0.0000000000000000e+00,6.3610968632858871e+00,3.5830771636070198e+00,4.4173012401239893e+00,2.6061070155654704e+00,5.0783767606418415e+00,8.6617503774997895e-01,3.5830771636070198e+00,3.5830771636070198e+00,4.4173012401239893e+00,6.3610968632858871e+00,0.0000000000000000e+00,6.3610968632858871e+00,4.4173012401239893e+00,6.3610968632858871e+00,4.4173012401239893e+00,4.4173012401239893e+00,4.4173012401239893e+00,6.3610968632858871e+00,6.3610968632858871e+00,4.4173012401239893e+00,6.3610968632858871e+00,6.3610968632858871e+00,4.4173012401239893e+00,4.4173012401239893e+00,4.4173012401239893e+00,6.3610968632858871e+00,4.4173012401239893e+00,4.4173012401239893e+00,4.4173012401239893e+00,4.4173012401239893e+00,4.4173012401239893e+00,3.5830771636070198e+00,8.6617503774997895e-01,1.7861756688145307e+00,3.5830771636070198e+00,0.0000000000000000e+00,2.6061070155654704e+00,2.6061070155654704e+00,2.6061070155654704e+00,6.3610968632858871e+00,4.4173012401239893e+00,6.3610968632858871e+00,2.6061070155654704e+00,0.0000000000000000e+00,0.0000000000000000e+00,4.4173012401239893e+00,6.3610968632858871e+00,6.3610968632858871e+00,6.3610968632858871e+00,6.3610968632858871e+00,2.6061070155654704e+00,2.6061070155654704e+00,2.6061070155654704e+00,4.4173012401239893e+00,3.5830771636070198e+00,3.5830771636070198e+00,2.6061070155654704e+00,6.3610968632858871e+00,2.6061070155654704e+00,6.3610968632858871e+00,1.7861756688145307e+00,6.3610968632858871e+00,2.6061070155654704e+00,2.6061070155654704e+00,6.3610968632858871e+00,2.6061070155654704e+00,1.7861756688145307e+00,1.7861756688145307e+00,3.5830771636070198e+00,4.4173012401239893e+00,1.7861756688145307e+00,4.4173012401239893e+00,5.0783767606418415e+00,3.5830771636070198e+00,5.0783767606418415e+00,5.0783767606418415e+00,6.3610968632858871e+00,5.0783767606418415e+00,5.0783767606418415e+00,5.0783767606418415e+00,4.4173012401239893e+00,3.5830771636070198e+00,5.0783767606418415e+00,6.3610968632858871e+00,5.0783767606418415e+00,4.4173012401239893e+00,4.4173012401239893e+00,5.0783767606418415e+00,4.4173012401239893e+00,5.0783767606418415e+00,3.5830771636070198e+00,0.0000000000000000e+00,8.6617503774997895e-01,3.5830771636070198e+00,2.6061070155654704e+00,5.0783767606418415e+00,5.0783767606418415e+00,8.6617503774997895e-01,4.4173012401239893e+00,6.3610968632858871e+00,5.0783767606418415e+00,5.0783767606418415e+00,2.6061070155654704e+00,3.5830771636070198e+00,6.3610968632858871e+00,6.3610968632858871e+00,6.3610968632858871e+00,4.4173012401239893e+00,5.0783767606418415e+00,4.4173012401239893e+00,2.6061070155654704e+00,3.5830771636070198e+00,1.7861756688145307e+00,4.4173012401239893e+00,2.6061070155654704e+00,2.6061070155654704e+00,8.6617503774997895e-01,4.4173012401239893e+00,3.5830771636070198e+00,4.4173012401239893e+00,4.4173012401239893e+00
4.5934231526883620e+00,5.3056051300056755e+00,2.6454056079154462e+00,5.3056051300056755e+00,5.3056051300056755e+00,2.6454056079154462e+00,2.6454056079154462e+00,2.6454056079154462e+00,5.3056051300056755e+00,5.3056051300056755e+00,5.3056051300056755e+00,0.0000000000000000e+00,5.2562003901671615e+00,5.2562003901671615e+00,5.3056051300056755e+00,8.2455896873984558e-01,2.6454056079154462e+00,4.5934231526883620e+00,4.5934231526883620e+00,5.3056051300056755e+00,8.2455896873984558e-01,5.3056051300056755e+00,5.3056051300056755e+00,5.2562003901671615e+00,5.2562003901671615e+00,5.2562003901671615e+00,2.6454056079154462e+00,5.2562003901671615e+00,2.6454056079154462e+00,4.5934231526883620e+00,4.5934231526883620e+00,8.2455896873984558e-01,4.5934231526883620e+00,5.2562003901671615e+00,5.2562003901671615e+00,5.2562003901671615e+00,5.2562003901671615e+00,8.2455896873984558e-01,5.2562003901671615e+00,5.2562003901671615e+00,5.2562003901671615e+00,3.5495975119224639e+00,4.5934231526883620e+00,4.5934231526883620e+00,4.5934231526883620e+00,4.5934231526883620e+00,5.2562003901671615e+00,0.0000000000000000e+00,5.2562003901671615e+00,4.5934231526883620e+00,4.5934231526883620e+00,5.3056051300056755e+00,4.5934231526883620e+00,5.3056051300056755e+00,5.3056051300056755e+00,5.2562003901671615e+00,2.6454056079154462e+00,5.3056051300056755e+00,1.8748268492798923e+00,4.5934231526883620e+00,8.2455896873984558e-01,5.3056051300056755e+00,4.5934231526883620e+00,5.3056051300056755e+00,4.5934231526883620e+00,5.3056051300056755e+00,5.3056051300056755e+00,4.5934231526883620e+00,8.2455896873984558e-01,5.3056051300056755e+00,4.5934231526883620e+00,1.8748268492798923e+00,3.5495975119224639e+00,5.2562003901671615e+00,1.8748268492798923e+00,5.2562003901671615e+00,5.3056051300056755e+00,5.3056051300056755e+00,5.3056051300056755e+00,4.5934231526883620e+00,5.3056051300056755e+00,4.5934231526883620e+00,3.5495975119224639e+00,5.3056051300056755e+00,0.0000000000000000e+00,4.5934231526883620e+00,4.5934231526883620e+00,5.3056051300056755e+00,5.3056051300056755e+00,4.5934231526883620e+00,5.3056051300056755e+00,5.3056051300056755e+00,5.3056051300056755e+00,8.2455896873984558e-01,5.3056051300056755e+00,5.3056051300056755e+00,4.5934231526883620e+00,8.2455896873984558e-01,5.3056051300056755e+00,5.3056051300056755e+00,5.3056051300056755e+00,5.3056051300056755e+00,5.2562003901671615e+00,3.5495975119224639e+00,5.2562003901671615e+00,3.5495975119224639e+00,5.2562003901671615e+00,3.5495975119224639e+00,5.3056051300056755e+00,3.5495975119224639e+00,5.2562003901671615e+00,5.2562003901671615e+00,8.2455896873984558e-01,5.3056051300056755e+00,8.2455896873984558e-01,4.5934231526883620e+00,3.5495975119224639e+00,4.5934231526883620e+00,3.5495975119224639e+00,3.5495975119224639e+00,3.5495975119224639e+00,5.3056051300056755e+00,3.5495975119224639e+00,4.5934231526883620e+00,1.8748268492798923e+00,4.5934231526883620e+00,0.0000000000000000e+00,3.5495975119224639e+00,3.5495975119224639e+00,5.3056051300056755e+00,1.8748268492798923e+00,1.8748268492798923e+00,5.3056051300056755e+00,8.2455896873984558e-01,4.5934231526883620e+00,3.5495975119224639e+00,5.3056051300056755e+00,5.3056051300056755e+00,5.3056051300056755e+00,3.5495975119224639e+00,8.2455896873984558e-01,5.3056051300056755e+00,5.3056051300056755e+00,2.6454056079154462e+00,5.3056051300056755e+00,3.5495975119224639e+00,1.8748268492798923e+00,1.8748268492798923e+00,3.5495975119224639e+00,1.8748268492798923e+00,8.2455896873984558e-01,8.2455896873984558e-01,5.2562003901671615e+00,5.2562003901671615e+00,4.5934231526883620e+00,3.5495975119224639e+00,8.2455896873984558e-01,3.5495975119224639e+00,5.2562003901671615e+00,5.2562003901671615e+00,4.5934231526883620e+00,4.5934231526883620e+00,5.2562003901671615e+00,2.6454056079154462e+00,5.2562003901671615e+00,1.8748268492798923e+00,5.2562003901671615e+00,5.2562003901671615e+00,8.2455896873984558e-01,4.5934231526883620e+00,5.2562003901671615e+00,3.5495975119224639e+00,1.8748268492798923e+00,4.5934231526883620e+00,0.0000000000000000e+00,5.3056051300056755e+00,5.3056051300056755e+00,3.5495975119224639e+00,2.6454056079154462e+00,4.5934231526883620e+00,0.0000000000000000e+00,3.5495975119224639e+00,5.3056051300056755e+00,5.3056051300056755e+00,8.2455896873984558e-01,5.3056051300056755e+00,0.0000000000000000e+00,0.0000000000000000e+00,4.5934231526883620e+00,3.5495975119224639e+00,5.3056051300056755e+00,5.3056051300056755e+00,0.0000000000000000e+00,5.3056051300056755e+00,2.6454056079154462e+00,5.3056051300056755e+00,5.2562003901671615e+00,4.5934231526883620e+00,3.5495975119224639e+00,5.2562003901671615e+00,5.3056051300056755e+00,5.3056051300056755e+00,5.3056051300056755e+00,5.2562003901671615e+00,5.2562003901671615e+00,5.3056051300056755e+00,8.2455896873984558e-01,3.5495975119224639e+00,5.3056051300056755e+00,5.3056051300056755e+00,2.6454056079154462e+00,5.3056051300056755e+00,1.8748268492798923e+00,5.2562003901671615e+00,5.3056051300056755e+00,5.3056051300056755e+00,5.2562003901671615e+00,1.8748268492798923e+00,1.8748268492798923e+00,8.2455896873984558e-01,4.5934231526883620e+00,5.2562003901671615e+00,3.5495975119224639e+00,3.5495975119224639e+00,1.8748268492798923e+00,5.2562003901671615e+00,5.2562003901671615e+00,5.2562003901671615e+00,3.5495975119224639e+00,1.8748268492798923e+00,3.5495975119224639e+00,4.5934231526883620e+00,5.2562003901671615e+00,5.2562003901671615e+00,5.2562003901671615e+00,8.2455896873984558e-01,1.8748268492798923e+00,4.5934231526883620e+00,2.6454056079154462e+00,5.2562003901671615e+00,4.5934231526883620e+00,4.5934231526883620e+00,8.2455896873984558e-01,5.2562003901671615e+00,5.2562003901671615e+00,0.0000000000000000e+00,8.2455896873984558e-01,5.3056051300056755e+00,5.3056051300056755e+00,8.2455896873984558e-01,5.2562003901671615e+00,5.2562003901671615e+00,5.2562003901671615e+00,2.6454056079154462e+00,3.5495975119224639e+00,5.2562003901671615e+00,3.5495975119224639e+00,3.5495975119224639e+00,5.3056051300056755e+00,1.8748268492798923e+00,3.5495975119224639e+00,8.2455896873984558e-01,1.8748268492798923e+00,5.3056051300056755e+00,5.3056051300056755e+00,8.2455896873984558e-01,2.6454056079154462e+00,5.3056051300056755e+00,3.5495975119224639e+00,5.2562003901671615e+00,0.0000000000000000e+00,3.5495975119224639e+00,1.8748268492798923e+00,4.5934231526883620e+00,4.5934231526883620e+00,1.8748268492798923e+00,4.5934231526883620e+00,2.6454056079154462e+00,4.5934231526883620e+00,4.5934231526883620e+00,0.0000000000000000e+00,4.5934231526883620e+00,8.2455896873984558e-01,4.5934231526883620e+00,5.3056051300056755e+00,8.2455896873984558e-01,5.2562003901671615e+00,4.5934231526883620e+00,4.5934231526883620e+00,5.2562003901671615e+00,4.5934231526883620e+00,0.0000000000000000e+00,5.2562003901671615e+00,1.8748268492798923e+00,8.2455896873984558e-01,3.5495975119224639e+00,4.5934231526883620e+00,4.5934231526883620e+00,8.2455896873984558e-01,8.2455896873984558e-01,2.6454056079154462e+00,1.8748268492798923e+00,8.2455896873984558e-01,3.5495975119224639e+00,1.8748268492798923e+00,8.2455896873984558e-01,3.5495975119224639e+00,4.5934231526883620e+00,1.8748268492798923e+00,1.8748268492798923e+00,4.5934231526883620e+00,5.2562003901671615e+00,5.2562003901671615e+00,4.5934231526883620e+00,8.2455896873984558e-01,4.5934231526883620e+00,2.6454056079154462e+00,5.3056051300056755e+00,4.5934231526883620e+00,4.5934231526883620e+00,8.2455896873984558e-01,1.8748268492798923e+00,5.2562003901671615e+00,5.3056051300056755e+00,0.0000000000000000e+00,0.0000000000000000e+00,4.5934231526883620e+00,4.5934231526883620e+00,4.5934231526883620e+00,8.2455896873984558e-01,3.5495975119224639e+00,4.5934231526883620e+00,4.5934231526883620e+00,4.5934231526883620e+00,5.2562003901671615e+00,2.6454056079154462e+00,4.5934231526883620e+00,2.6454056079154462e+00,4.5934231526883620e+00,5.3056051300056755e+00,0.0000000000000000e+00,1.8748268492798923e+00,1.8748268492798923e+00,4.5934231526883620e+00,3.5495975119224639e+00,1.8748268492798923e+00,5.2562003901671615e+00,4.5934231526883620e+00,4.5934231526883620e+00,4.5934231526883620e+00,0.0000000000000000e+00,2.6454056079154462e+00,8.2455896873984558e-01,5.2562003901671615e+00,5.2562003901671615e+00,2.6454056079154462e+00,8.2455896873984558e-01,4.5934231526883620e+00,3.5495975119224639e+00,3.5495975119224639e+00,4.5934231526883620e+00,3.5495975119224639e+00,2.6454056079154462e+00,8.2455896873984558e-01,3.5495975119224639e+00,8.2455896873984558e-01,2.6454056079154462e+00,4.5934231526883620e+00,2.6454056079154462e+00,3.5495975119224639e+00,2.6454056079154462e+00,2.6454056079154462e+00,2.6454056079154462e+00,5.3056051300056755e+00,3.5495975119224639e+00,3.5495975119224639e+00,5.3056051300056755e+00,5.3056051300056755e+00,0.0000000000000000e+00,5.3056051300056755e+00,5.3056051300056755e+00,2.6454056079154462e+00,8.2455896873984558e-01,5.3056051300056755e+00,5.2562003901671615e+00,2.6454056079154462e+00,5.2562003901671615e+00,0.0000000000000000e+00,2.6454056079154462e+00,4.5934231526883620e+00,5.2562003901671615e+00,5.2562003901671615e+00,5.2562003901671615e+00,8.2455896873984558e-01,5.3056051300056755e+00,5.2562003901671615e+00,5.2562003901671615e+00,5.3056051300056755e+00,4.5934231526883620e+00,1.8748268492798923e+00,2.6454056079154462e+00,4.5934231526883620e+00,5.3056051300056755e+00,4.5934231526883620e+00,1.8748268492798923e+00,5.3056051300056755e+00,5.3056051300056755e+00,4.5934231526883620e+00,4.5934231526883620e+00,5.3056051300056755e+00,4.5934231526883620e+00,5.2562003901671615e+00,5.2562003901671615e+00,4.5934231526883620e+00,3.5495975119224639e+00,5.3056051300056755e+00,4.5934231526883620e+00,5.3056051300056755e+00,0.0000000000000000e+00,5.2562003901671615e+00,5.3056051300056755e+00,4.5934231526883620e+00,0.0000000000000000e+00,1.8748268492798923e+00,0.0000000000000000e+00,8.2455896873984558e-01,2.6454056079154462e+00,2.6454056079154462e+00,4.5934231526883620e+00,5.3056051300056755e+00,1.8748268492798923e+00,3.5495975119224639e+00,2.6454056079154462e+00,4.5934231526883620e+00,5.3056051300056755e+00,1.8748268492798923e+00,2.6454056079154462e+00,5.2562003901671615e+00,5.2562003901671615e+00,5.2562003901671615e+00,4.5934231526883620e+00,8.2455896873984558e-01,0.0000000000000000e+00,3.5495975119224639e+00,0.0000000000000000e+00,1.8748268492798923e+00,4.5934231526883620e+00,8.2455896873984558e-01,2.6454056079154462e+00,5.2562003901671615e+00,5.2562003901671615e+00,2.6454056079154462e+00,2.6454056079154462e+00,5.2562003901671615e+00,2.6454056079154462e+00,8.2455896873984558e-01,2.6454056079154462e+00,0.0000000000000000e+00,2.6454056079154462e+00,5.2562003901671615e+00,8.2455896873984558e-01,5.3056051300056755e+00,2.6454056079154462e+00,2.6454056079154462e+00,4.5934231526883620e+00,5.3056051300056755e+00,5.2562003901671615e+00,2.6454056079154462e+00,5.2562003901671615e+00,2.6454056079154462e+00,5.3056051300056755e+00,5.3056051300056755e+00,0.0000000000000000e+00,5.2562003901671615e+00,2.6454056079154462e+00,5.2562003901671615e+00,2.6454056079154462e+00,2.6454056079154462e+00,4.5934231526883620e+00,4.5934231526883620e+00,5.2562003901671615e+00,5.3056051300056755e+00,3.5495975119224639e+00,4.5934231526883620e+00,5.2562003901671615e+00,4.5934231526883620e+00,4.5934231526883620e+00,8.2455896873984558e-01,5.3056051300056755e+00,5.3056051300056755e+00,5.3056051300056755e+00,5.3056051300056755e+00,2.6454056079154462e+00,5.3056051300056755e+00,4.5934231526883620e+00,5.3056051300056755e+00,4.5934231526883620e+00,5.2562003901671615e+00,4.5934231526883620e+00,5.2562003901671615e+00,2.6454056079154462e+00,5.2562003901671615e+00,5.3056051300056755e+00,3.5495975119224639e+00,0.0000000000000000e+00,5.2562003901671615e+00,8.2455896873984558e-01,1.8748268492798923e+00,2.6454056079154462e+00,8.2455896873984558e-01,2.6454056079154462e+00,0.0000000000000000e+00,0.0000000000000000e+00,4.5934231526883620e+00,1.8748268492798923e+00,5.3056051300056755e+00,5.2562003901671615e+00,5.2562003901671615e+00,5.3056051300056755e+00,4.5934231526883620e+00,5.2562003901671615e+00,5.3056051300056755e+00,5.2562003901671615e+00,5.3056051300056755e+00,2.6454056079154462e+00,5.3056051300056755e+00,2.6454056079154462e+00,4.5934231526883620e+00,5.3056051300056755e+00,5.2562003901671615e+00,4.5934231526883620e+00,2.6454056079154462e+00,5.3056051300056755e+00,4.5934231526883620e+00,5.2562003901671615e+00,5.3056051300056755e+00,2.6454056079154462e+00,5.3056051300056755e+00,3.5495975119224639e+00,4.5934231526883620e+00,8.2455896873984558e-01,4.5934231526883620e+00,4.5934231526883620e+00,4.5934231526883620e+00,5.2562003901671615e+00,5.2562003901671615e+00,3.5495975119224639e+00,2.6454056079154462e+00,4.5934231526883620e+00,4.5934231526883620e+00,2.6454056079154462e+00,5.2562003901671615e+00,8.2455896873984558e-01,8.2455896873984558e-01,2.6454056079154462e+00,5.2562003901671615e+00,5.2562003901671615e+00,5.2562003901671615e+00,8.2455896873984558e-01,5.2562003901671615e+00,5.2562003901671615e+00,2.6454056079154462e+00,2.6454056079154462e+00,0.0000000000000000e+00,4.5934231526883620e+00,2.6454056079154462e+00,4.5934231526883620e+00,8.2455896873984558e-01,4.5934231526883620e+00,2.6454056079154462e+00,3.5495975119224639e+00,8.2455896873984558e-01,4.5934231526883620e+00,5.3056051300056755e+00,2.6454056079154462e+00,3.5495975119224639e+00,4.5934231526883620e+00,4.5934231526883620e+00,4.5934231526883620e+00,5.3056051300056755e+00,5.3056051300056755e+00,5.3056051300056755e+00,5.2562003901671615e+00,5.3056051300056755e+00,5.2562003901671615e+00,0.0000000000000000e+00,5.2562003901671615e+00,5.3056051300056755e+00,5.3056051300056755e+00,5.2562003901671615e+00,3.5495975119224639e+00,5.3056051300056755e+00,5.2562003901671615e+00,3.5495975119224639e+00,4.5934231526883620e+00,0.0000000000000000e+00,5.2562003901671615e+00,1.8748268492798923e+00,2.6454056079154462e+00,4.5934231526883620e+00,5.2562003901671615e+00,5.2562003901671615e+00,5.2562003901671615e+00,4.5934231526883620e+00,0.0000000000000000e+00,5.3056051300056755e+00,3.5495975119224639e+00,5.2562003901671615e+00,5.2562003901671615e+00,4.5934231526883620e+00,4.5934231526883620e+00,5.2562003901671615e+00,5.2562003901671615e+00,5.2562003901671615e+00,4.5934231526883620e+00,5.3056051300056755e+00,5.2562003901671615e+00,5.2562003901671615e+00,3.5495975119224639e+00,3.5495975119224639e+00,4.5934231526883620e+00,2.6454056079154462e+00,4.5934231526883620e+00,3.5495975119224639e+00,5.2562003901671615e+00,2.6454056079154462e+00,3.5495975119224639e+00,3.5495975119224639e+00,4.5934231526883620e+00,4.5934231526883620e+00,4.5934231526883620e+00,0.0000000000000000e+00,5.3056051300056755e+00,5.2562003901671615e+00,4.5934231526883620e+00,8.2455896873984558e-01,4.5934231526883620e+00,3.5495975119224639e+00,3.5495975119224639e+00,3.5495975119224639e+00,5.2562003901671615e+00,1.8748268492798923e+00,4.5934231526883620e+00,3.5495975119224639e+00,3.5495975119224639e+00,3.5495975119224639e+00,5.3056051300056755e+00,3.5495975119224639e+00,3.5495975119224639e+00,3.5495975119224639e+00,3.5495975119224639e+00,5.2562003901671615e+00,5.3056051300056755e+00,1.8748268492798923e+00,1.8748268492798923e+00,3.5495975119224639e+00,5.3056051300056755e+00,5.3056051300056755e+00,3.5495975119224639e+00,5.2562003901671615e+00,0.0000000000000000e+00,8.2455896873984558e-01,5.2562003901671615e+00,5.3056051300056755e+00,1.8748268492798923e+00,5.3056051300056755e+00,4.5934231526883620e+00,5.2562003901671615e+00,4.5934231526883620e+00,5.3056051300056755e+00,8.2455896873984558e-01,3.5495975119224639e+00,8.2455896873984558e-01,5.3056051300056755e+00,5.3056051300056755e+00,3.5495975119224639e+00,4.5934231526883620e+00,4.5934231526883620e+00,8.2455896873984558e-01,5.2562003901671615e+00,5.2562003901671615e+00,5.2562003901671615e+00,5.2562003901671615e+00,2.6454056079154462e+00,2.6454056079154462e+00,5.3056051300056755e+00,3.5495975119224639e+00,1.8748268492798923e+00,4.5934231526883620e+00,4.5934231526883620e+00,2.6454056079154462e+00,0.0000000000000000e+00,5.2562003901671615e+00,5.2562003901671615e+00,0.0000000000000000e+00,5.2562003901671615e+00,0.0000000000000000e+00,5.3056051300056755e+00,5.2562003901671615e+00,5.3056051300056755e+00,0.0000000000000000e+00,5.3056051300056755e+00,8.2455896873984558e-01,1.8748268492798923e+00,1.8748268492798923e+00,4.5934231526883620e+00,4.5934231526883620e+00,0.0000000000000000e+00,3.5495975119224639e+00,4.5934231526883620e+00,2.6454056079154462e+00,5.2562003901671615e+00,5.2562003901671615e+00,3.5495975119224639e+00,5.2562003901671615e+00,1.8748268492798923e+00,4.5934231526883620e+00,5.2562003901671615e+00,5.2562003901671615e+00,2.6454056079154462e+00,4.5934231526883620e+00,3.5495975119224639e+00,3.5495975119224639e+00,3.5495975119224639e+00,5.2562003901671615e+00,8.2455896873984558e-01,5.3056051300056755e+00,4.5934231526883620e+00,5.2562003901671615e+00,4.5934231526883620e+00,1.8748268492798923e+00,2.6454056079154462e+00,1.8748268492798923e+00,5.3056051300056755e+00,2.6454056079154462e+00,5.3056051300056755e+00,4.5934231526883620e+00,5.2562003901671615e+00,5.3056051300056755e+00,5.2562003901671615e+00,5.2562003901671615e+00,5.2562003901671615e+00,5.2562003901671615e+00,5.2562003901671615e+00,5.3056051300056755e+00,5.3056051300056755e+00,8.2455896873984558e-01,4.5934231526883620e+00,5.3056051300056755e+00,3.5495975119224639e+00,5.2562003901671615e+00,8.2455896873984558e-01,4.5934231526883620e+00,4.5934231526883620e+00,5.3056051300056755e+00,5.3056051300056755e+00,4.5934231526883620e+00,4.5934231526883620e+00,4.5934231526883620e+00,4.5934231526883620e+00,3.5495975119224639e+00,1.8748268492798923e+00,5.3056051300056755e+00,1.8748268492798923e+00,1.8748268492798923e+00,2.6454056079154462e+00,5.3056051300056755e+00,5.2562003901671615e+00,4.5934231526883620e+00,4.5934231526883620e+00,4.5934231526883620e+00,3.5495975119224639e+00,4.5934231526883620e+00,5.3056051300056755e+00,5.2562003901671615e+00,5.3056051300056755e+00,8.2455896873984558e-01,4.5934231526883620e+00,2.6454056079154462e+00,2.6454056079154462e+00,4.5934231526883620e+00,4.5934231526883620e+00,1.8748268492798923e+00,4.5934231526883620e+00,5.3056051300056755e+00,3.5495975119224639e+00,5.3056051300056755e+00,5.3056051300056755e+00,2.6454056079154462e+00,2.6454056079154462e+00,4.5934231526883620e+00,1.8748268492798923e+00,2.6454056079154462e+00,2.6454056079154462e+00,2.6454056079154462e+00,3.5495975119224639e+00,3.5495975119224639e+00,2.6454056079154462e+00,2.6454056079154462e+00,5.3056051300056755e+00,5.3056051300056755e+00,0.0000000000000000e+00,1.8748268492798923e+00,3.5495975119224639e+00,2.6454056079154462e+00,3.5495975119224639e+00,5.3056051300056755e+00,5.3056051300056755e+00,2.6454056079154462e+00,4.5934231526883620e+00,4.5934231526883620e+00,3.5495975119224639e+00,0.0000000000000000e+00,5.2562003901671615e+00,4.5934231526883620e+00,5.2562003901671615e+00,5.3056051300056755e+00,4.5934231526883620e+00,4.5934231526883620e+00,5.2562003901671615e+00,8.2455896873984558e-01,3.5495975119224639e+00,0.0000000000000000e+00,4.5934231526883620e+00,5.2562003901671615e+00,1.8748268492798923e+00,1.8748268492798923e+00,3.5495975119224639e+00,3.5495975119224639e+00,5.3056051300056755e+00,5.3056051300056755e+00,5.3056051300056755e+00,8.2455896873984558e-01,5.3056051300056755e+00,8.2455896873984558e-01,3.5495975119224639e+00,5.3056051300056755e+00,0.0000000000000000e+00,5.2562003901671615e+00,8.2455896873984558e-01,5.2562003901671615e+00,0.0000000000000000e+00,3.5495975119224639e+00,5.3056051300056755e+00,5.2562003901671615e+00,2.6454056079154462e+00,2.6454056079154462e+00,4.5934231526883620e+00,5.2562003901671615e+00,1.8748268492798923e+00,5.2562003901671615e+00,4.5934231526883620e+00,4.5934231526883620e+00,5.3056051300056755e+00,4.5934231526883620e+00,3.5495975119224639e+00,4.5934231526883620e+00,2.6454056079154462e+00,1.8748268492798923e+00,5.2562003901671615e+00,8.2455896873984558e-01,5.2562003901671615e+00,2.6454056079154462e+00,2.6454056079154462e+00,4.5934231526883620e+00,1.8748268492798923e+00,5.3056051300056755e+00,5.2562003901671615e+00,5.2562003901671615e+00,5.2562003901671615e+00,5.2562003901671615e+00,4.5934231526883620e+00,5.3056051300056755e+00,8.2455896873984558e-01,5.2562003901671615e+00,5.3056051300056755e+00,5.2562003901671615e+00,8.2455896873984558e-01,0.0000000000000000e+00,5.3056051300056755e+00,5.3056051300056755e+00,5.2562003901671615e+00,1.8748268492798923e+00,0.0000000000000000e+00,2.6454056079154462e+00,4.5934231526883620e+00,4.5934231526883620e+00,2.6454056079154462e+00,4.5934231526883620e+00,5.3056051300056755e+00,5.3056051300056755e+00,5.2562003901671615e+00,3.5495975119224639e+00,2.6454056079154462e+00,5.2562003901671615e+00,1.8748268492798923e+00,5.3056051300056755e+00,5.3056051300056755e+00,3.5495975119224639e+00,4.5934231526883620e+00,4.5934231526883620e+00,3.5495975119224639e+00,2.6454056079154462e+00,5.2562003901671615e+00,4.5934231526883620e+00,5.3056051300056755e+00,1.8748268492798923e+00,5.2562003901671615e+00,3.5495975119224639e+00,5.2562003901671615e+00,4.5934231526883620e+00,3.5495975119224639e+00,4.5934231526883620e+00,5.2562003901671615e+00,5.3056051300056755e+00,5.3056051300056755e+00,5.2562003901671615e+00,5.3056051300056755e+00,5.3056051300056755e+00,3.5495975119224639e+00,4.5934231526883620e+00,3.5495975119224639e+00,5.2562003901671615e+00,5.3056051300056755e+00,1.8748268492798923e+00,1.8748268492798923e+00,1.8748268492798923e+00,4.5934231526883620e+00,1.8748268492798923e+00,5.2562003901671615e+00,5.2562003901671615e+00,5.3056051300056755e+00,4.5934231526883620e+00,3.5495975119224639e+00,5.3056051300056755e+00,0.0000000000000000e+00,0.0000000000000000e+00,4.5934231526883620e+00,3.5495975119224639e+00,3.5495975119224639e+00,1.8748268492798923e+00,4.5934231526883620e+00,4.5934231526883620e+00,5.3056051300056755e+00,5.3056051300056755e+00,5.3056051300056755e+00,5.3056051300056755e+00,5.3056051300056755e+00,5.3056051300056755e+00,5.3056051300056755e+00,5.3056051300056755e+00,5.3056051300056755e+00,3.5495975119224639e+00,8.2455896873984558e-01,5.2562003901671615e+00,5.2562003901671615e+00,1.8748268492798923e+00,5.2562003901671615e+00,2.6454056079154462e+00,2.6454056079154462e+00,0.0000000000000000e+00,5.3056051300056755e+00,5.3056051300056755e+00,3.5495975119224639e+00,1.8748268492798923e+00,4.5934231526883620e+00,5.2562003901671615e+00,5.2562003901671615e+00,5.3056051300056755e+00,0.0000000000000000e+00,2.6454056079154462e+00,1.8748268492798923e+00,5.3056051300056755e+00,5.3056051300056755e+00,3.5495975119224639e+00,4.5934231526883620e+00,5.2562003901671615e+00,5.3056051300056755e+00,3.5495975119224639e+00,5.3056051300056755e+00,5.3056051300056755e+00,4.5934231526883620e+00,3.5495975119224639e+00,5.2562003901671615e+00,5.2562003901671615e+00,0.0000000000000000e+00,5.2562003901671615e+00,1.8748268492798923e+00,5.2562003901671615e+00,5.2562003901671615e+00,5.3056051300056755e+00,1.8748268492798923e+00,0.0000000000000000e+00,2.6454056079154462e+00,8.2455896873984558e-01,5.3056051300056755e+00,5.3056051300056755e+00,1.8748268492798923e+00,4.5934231526883620e+00,5.3056051300056755e+00
3.4317629845089739e+00,3.4317629845089739e+00,3.4317629845089739e+00,3.4317629845089739e+00,3.4317629845089739e+00,0.0000000000000000e+00,6.5134765467707547e+00,3.4317629845089739e+00,6.5134765467707547e+00,6.5134765467707547e+00,2.7677491820792079e+00,6.5134765467707547e+00,1.9682876336666895e+00,1.9682876336666895e+00,1.9682876336666895e+00,6.5134765467707547e+00,1.9682876336666895e+00,6.5134765467707547e+00,1.9682876336666895e+00,6.5134765467707547e+00,6.5134765467707547e+00,0.0000000000000000e+00,6.5134765467707547e+00,3.4317629845089739e+00,0.0000000000000000e+00,6.5134765467707547e+00,6.5134765467707547e+00,1.9682876336666895e+00,1.9682876336666895e+00,8.6185235710779784e-01,3.4317629845089739e+00,1.9682876336666895e+00,4.5171893432331949e+00,4.5171893432331949e+00,3.4317629845089739e+00,1.9682876336666895e+00,6.5134765467707547e+00,6.5134765467707547e+00,6.5134765467707547e+00,6.5134765467707547e+00,6.5134765467707547e+00,8.6185235710779784e-01,6.5134765467707547e+00,6.5134765467707547e+00,3.4317629845089739e+00,3.4317629845089739e+00,3.4317629845089739e+00,0.0000000000000000e+00,3.4317629845089739e+00,4.5171893432331949e+00,6.5134765467707547e+00,6.5134765467707547e+00,1.9682876336666895e+00,6.5134765467707547e+00,3.4317629845089739e+00,0.0000000000000000e+00,3.4317629845089739e+00,6.5134765467707547e+00,6.5134765467707547e+00,4.5171893432331949e+00,5.2351038792947691e+00,8.6185235710779784e-01,6.5134765467707547e+00,2.7677491820792079e+00,4.5171893432331949e+00,4.5171893432331949e+00,4.5171893432331949e+00,6.5134765467707547e+00,6.5134765467707547e+00,6.5134765467707547e+00,1.9682876336666895e+00,8.6185235710779784e-01,0.0000000000000000e+00,3.4317629845089739e+00,6.5134765467707547e+00,5.2351038792947691e+00,3.4317629845089739e+00,6.5134765467707547e+00,2.7677491820792079e+00,1.9682876336666895e+00,6.5134765467707547e+00,4.5171893432331949e+00,0.0000000000000000e+00,6.5134765467707547e+00,6.5134765467707547e+00,6.5134765467707547e+00,1.9682876336666895e+00,6.5134765467707547e+00,3.4317629845089739e+00,1.9682876336666895e+00,5.2351038792947691e+00,2.7677491820792079e+00,5.2351038792947691e+00,1.9682876336666895e+00,2.7677491820792079e+00,5.2351038792947691e+00,5.2351038792947691e+00,6.5134765467707547e+00,1.9682876336666895e+00,6.5134765467707547e+00,8.6185235710779784e-01,1.9682876336666895e+00,5.2351038792947691e+00,6.5134765467707547e+00,5.2351038792947691e+00,2.7677491820792079e+00,2.7677491820792079e+00,8.6185235710779784e-01,6.5134765467707547e+00,6.5134765467707547e+00,1.9682876336666895e+00,5.2351038792947691e+00,6.5134765467707547e+00,1.9682876336666895e+00,6.5134765467707547e+00,6.5134765467707547e+00,6.5134765467707547e+00,6.5134765467707547e+00,1.9682876336666895e+00,1.9682876336666895e+00,6.5134765467707547e+00,0.0000000000000000e+00,6.5134765467707547e+00,5.2351038792947691e+00,5.2351038792947691e+00,5.2351038792947691e+00,0.0000000000000000e+00,2.7677491820792079e+00,2.7677491820792079e+00,5.2351038792947691e+00,6.5134765467707547e+00,1.9682876336666895e+00,4.5171893432331949e+00,6.5134765467707547e+00,4.5171893432331949e+00,5.2351038792947691e+00,5.2351038792947691e+00,2.7677491820792079e+00,4.5171893432331949e+00,4.5171893432331949e+00,0.0000000000000000e+00,2.7677491820792079e+00,5.2351038792947691e+00,2.7677491820792079e+00,0.0000000000000000e+00,5.2351038792947691e+00,3.4317629845089739e+00,4.5171893432331949e+00,3.4317629845089739e+00,8.6185235710779784e-01,5.2351038792947691e+00,3.4317629845089739e+00,4.5171893432331949e+00,3.4317629845089739e+00,3.4317629845089739e+00,2.7677491820792079e+00,1.9682876336666895e+00,5.2351038792947691e+00,2.7677491820792079e+00,3.4317629845089739e+00,0.0000000000000000e+00,6.5134765467707547e+00,6.5134765467707547e+00,6.5134765467707547e+00,4.5171893432331949e+00,6.5134765467707547e+00,6.5134765467707547e+00,4.5171893432331949e+00,4.5171893432331949e+00,2.7677491820792079e+00,4.5171893432331949e+00,6.5134765467707547e+00,2.7677491820792079e+00,2.7677491820792079e+00,6.5134765467707547e+00,3.4317629845089739e+00,4.5171893432331949e+00,5.2351038792947691e+00,3.4317629845089739e+00,6.5134765467707547e+00,5.2351038792947691e+00,3.4317629845089739e+00,4.5171893432331949e+00,1.9682876336666895e+00,2.7677491820792079e+00,6.5134765467707547e+00,2.7677491820792079e+00,4.5171893432331949e+00,2.7677491820792079e+00,6.5134765467707547e+00,4.5171893432331949e+00,4.5171893432331949e+00,2.7677491820792079e+00,8.6185235710779784e-01,6.5134765467707547e+00,6.5134765467707547e+00,6.5134765467707547e+00,0.0000000000000000e+00,2.7677491820792079e+00,1.9682876336666895e+00,4.5171893432331949e+00,3.4317629845089739e+00,1.9682876336666895e+00,2.7677491820792079e+00,8.6185235710779784e-01,1.9682876336666895e+00,1.9682876336666895e+00,2.7677491820792079e+00,5.2351038792947691e+00,3.4317629845089739e+00,5.2351038792947691e+00,6.5134765467707547e+00,1.9682876336666895e+00,4.5171893432331949e+00,4.5171893432331949e+00,4.5171893432331949e+00,6.5134765467707547e+00,3.4317629845089739e+00,2.7677491820792079e+00,2.7677491820792079e+00,3.4317629845089739e+00,8.6185235710779784e-01,1.9682876336666895e+00,3.4317629845089739e+00,1.9682876336666895e+00,1.9682876336666895e+00,6.5134765467707547e+00,2.7677491820792079e+00,1.9682876336666895e+00,6.5134765467707547e+00,0.0000000000000000e+00,3.4317629845089739e+00,8.6185235710779784e-01,6.5134765467707547e+00,2.7677491820792079e+00,1.9682876336666895e+00,6.5134765467707547e+00,3.4317629845089739e+00,6.5134765467707547e+00,6.5134765467707547e+00,3.4317629845089739e+00,6.5134765467707547e+00,5.2351038792947691e+00,6.5134765467707547e+00,3.4317629845089739e+00,3.4317629845089739e+00,6.5134765467707547e+00,0.0000000000000000e+00,0.0000000000000000e+00,6.5134765467707547e+00,3.4317629845089739e+00,0.0000000000000000e+00,3.4317629845089739e+00,4.5171893432331949e+00,1.9682876336666895e+00,4.5171893432331949e+00,2.7677491820792079e+00,4.5171893432331949e+00,1.9682876336666895e+00,3.4317629845089739e+00,4.5171893432331949e+00,8.6185235710779784e-01,3.4317629845089739e+00,4.5171893432331949e+00,4.5171893432331949e+00,4.5171893432331949e+00,6.5134765467707547e+00,6.5134765467707547e+00,1.9682876336666895e+00,5.2351038792947691e+00,4.5171893432331949e+00,4.5171893432331949e+00,4.5171893432331949e+00,2.7677491820792079e+00,4.5171893432331949e+00,2.7677491820792079e+00,5.2351038792947691e+00,6.5134765467707547e+00,5.2351038792947691e+00,0.0000000000000000e+00,0.0000000000000000e+00,4.5171893432331949e+00,6.5134765467707547e+00,4.5171893432331949e+00,8.6185235710779784e-01,4.5171893432331949e+00,1.9682876336666895e+00,4.5171893432331949e+00,1.9682876336666895e+00,1.9682876336666895e+00,1.9682876336666895e+00,6.5134765467707547e+00,5.2351038792947691e+00,6.5134765467707547e+00,1.9682876336666895e+00,6.5134765467707547e+00,1.9682876336666895e+00,4.5171893432331949e+00,4.5171893432331949e+00,3.4317629845089739e+00,4.5171893432331949e+00,8.6185235710779784e-01,4.5171893432331949e+00,3.4317629845089739e+00,0.0000000000000000e+00,5.2351038792947691e+00,3.4317629845089739e+00,0.0000000000000000e+00,3.4317629845089739e+00,2.7677491820792079e+00,4.5171893432331949e+00,8.6185235710779784e-01,3.4317629845089739e+00,3.4317629845089739e+00,2.7677491820792079e+00,1.9682876336666895e+00,0.0000000000000000e+00,3.4317629845089739e+00,5.2351038792947691e+00,1.9682876336666895e+00,0.0000000000000000e+00,6.5134765467707547e+00,3.4317629845089739e+00,4.5171893432331949e+00,5.2351038792947691e+00,6.5134765467707547e+00,6.5134765467707547e+00,0.0000000000000000e+00,6.5134765467707547e+00,0.0000000000000000e+00,8.6185235710779784e-01,4.5171893432331949e+00,6.5134765467707547e+00,3.4317629845089739e+00,1.9682876336666895e+00,1.9682876336666895e+00,8.6185235710779784e-01,1.9682876336666895e+00,5.2351038792947691e+00,5.2351038792947691e+00,5.2351038792947691e+00,3.4317629845089739e+00,0.0000000000000000e+00,0.0000000000000000e+00,3.4317629845089739e+00,6.5134765467707547e+00,8.6185235710779784e-01,8.6185235710779784e-01,0.0000000000000000e+00,3.4317629845089739e+00,8.6185235710779784e-01,3.4317629845089739e+00,8.6185235710779784e-01,8.6185235710779784e-01,1.9682876336666895e+00,4.5171893432331949e+00,0.0000000000000000e+00,3.4317629845089739e+00,6.5134765467707547e+00,6.5134765467707547e+00,1.9682876336666895e+00,4.5171893432331949e+00,4.5171893432331949e+00,4.5171893432331949e+00,8.6185235710779784e-01,5.2351038792947691e+00,1.9682876336666895e+00,1.9682876336666895e+00,6.5134765467707547e+00,6.5134765467707547e+00,0.0000000000000000e+00,5.2351038792947691e+00,1.9682876336666895e+00,0.0000000000000000e+00,3.4317629845089739e+00,2.7677491820792079e+00,5.2351038792947691e+00,3.4317629845089739e+00,5.2351038792947691e+00,3.4317629845089739e+00,5.2351038792947691e+00,6.5134765467707547e+00,4.5171893432331949e+00,6.5134765467707547e+00,6.5134765467707547e+00,6.5134765467707547e+00,6.5134765467707547e+00,6.5134765467707547e+00,6.5134765467707547e+00,0.0000000000000000e+00,5.2351038792947691e+00,5.2351038792947691e+00,0.0000000000000000e+00,6.5134765467707547e+00,6.5134765467707547e+00,4.5171893432331949e+00,4.5171893432331949e+00,6.5134765467707547e+00,5.2351038792947691e+00,0.0000000000000000e+00,3.4317629845089739e+00,2.7677491820792079e+00,2.7677491820792079e+00,4.5171893432331949e+00,4.5171893432331949e+00,4.5171893432331949e+00,0.0000000000000000e+00,3.4317629845089739e+00,4.5171893432331949e+00,8.6185235710779784e-01,6.5134765467707547e+00,8.6185235710779784e-01,1.9682876336666895e+00,6.5134765467707547e+00,6.5134765467707547e+00,8.6185235710779784e-01,8.6185235710779784e-01,0.0000000000000000e+00,1.9682876336666895e+00,0.0000000000000000e+00,4.5171893432331949e+00,4.5171893432331949e+00,5.2351038792947691e+00,1.9682876336666895e+00,5.2351038792947691e+00,4.5171893432331949e+00,4.5171893432331949e+00,5.2351038792947691e+00,3.4317629845089739e+00,5.2351038792947691e+00,5.2351038792947691e+00,8.6185235710779784e-01,5.2351038792947691e+00,8.6185235710779784e-01,6.5134765467707547e+00,6.5134765467707547e+00,4.5171893432331949e+00,5.2351038792947691e+00,1.9682876336666895e+00,1.9682876336666895e+00,4.5171893432331949e+00,4.5171893432331949e+00,0.0000000000000000e+00,5.2351038792947691e+00,3.4317629845089739e+00,3.4317629845089739e+00,5.2351038792947691e+00,5.2351038792947691e+00,4.5171893432331949e+00,0.0000000000000000e+00,8.6185235710779784e-01,4.5171893432331949e+00,4.5171893432331949e+00,0.0000000000000000e+00,5.2351038792947691e+00,1.9682876336666895e+00,4.5171893432331949e+00,1.9682876336666895e+00,6.5134765467707547e+00,1.9682876336666895e+00,5.2351038792947691e+00,3.4317629845089739e+00,6.5134765467707547e+00,6.5134765467707547e+00,6.5134765467707547e+00,6.5134765467707547e+00,4.5171893432331949e+00,3.4317629845089739e+00,4.5171893432331949e+00,2.7677491820792079e+00,5.2351038792947691e+00,5.2351038792947691e+00,8.6185235710779784e-01,6.5134765467707547e+00,4.5171893432331949e+00,4.5171893432331949e+00,6.5134765467707547e+00,4.5171893432331949e+00,4.5171893432331949e+00,2.7677491820792079e+00,4.5171893432331949e+00,1.9682876336666895e+00,5.2351038792947691e+00,0.0000000000000000e+00,5.2351038792947691e+00,5.2351038792947691e+00,4.5171893432331949e+00,4.5171893432331949e+00,1.9682876336666895e+00,3.4317629845089739e+00,1.9682876336666895e+00,4.5171893432331949e+00,4.5171893432331949e+00,4.5171893432331949e+00,3.4317629845089739e+00,8.6185235710779784e-01,8.6185235710779784e-01,4.5171893432331949e+00,0.0000000000000000e+00,1.9682876336666895e+00,6.5134765467707547e+00,6.5134765467707547e+00,6.5134765467707547e+00,6.5134765467707547e+00,4.5171893432331949e+00,1.9682876336666895e+00,6.5134765467707547e+00,6.5134765467707547e+00,4.5171893432331949e+00,6.5134765467707547e+00,4.5171893432331949e+00,6.5134765467707547e+00,6.5134765467707547e+00,0.0000000000000000e+00,8.6185235710779784e-01,3.4317629845089739e+00,8.6185235710779784e-01,6.5134765467707547e+00,6.5134765467707547e+00,5.2351038792947691e+00,2.7677491820792079e+00,2.7677491820792079e+00,3.4317629845089739e+00,6.5134765467707547e+00,6.5134765467707547e+00,6.5134765467707547e+00,6.5134765467707547e+00,6.5134765467707547e+00,6.5134765467707547e+00,5.2351038792947691e+00,5.2351038792947691e+00,5.2351038792947691e+00,1.9682876336666895e+00,6.5134765467707547e+00,0.0000000000000000e+00,1.9682876336666895e+00,4.5171893432331949e+00,5.2351038792947691e+00,2.7677491820792079e+00,6.5134765467707547e+00,0.0000000000000000e+00,6.5134765467707547e+00,6.5134765467707547e+00,3.4317629845089739e+00,6.5134765467707547e+00,5.2351038792947691e+00,3.4317629845089739e+00,1.9682876336666895e+00,5.2351038792947691e+00,6.5134765467707547e+00,0.0000000000000000e+00,6.5134765467707547e+00,6.5134765467707547e+00,6.5134765467707547e+00,4.5171893432331949e+00,6.5134765467707547e+00,6.5134765467707547e+00,6.5134765467707547e+00,4.5171893432331949e+00,3.4317629845089739e+00,6.5134765467707547e+00,6.5134765467707547e+00,5.2351038792947691e+00,6.5134765467707547e+00,6.5134765467707547e+00,6.5134765467707547e+00,1.9682876336666895e+00,3.4317629845089739e+00,6.5134765467707547e+00,6.5134765467707547e+00,0.0000000000000000e+00,4.5171893432331949e+00,6.5134765467707547e+00,1.9682876336666895e+00,6.5134765467707547e+00,2.7677491820792079e+00,4.5171893432331949e+00,3.4317629845089739e+00,3.4317629845089739e+00,0.0000000000000000e+00,0.0000000000000000e+00,8.6185235710779784e-01,5.2351038792947691e+00,6.5134765467707547e+00,6.5134765467707547e+00,8.6185235710779784e-01,5.2351038792947691e+00,6.5134765467707547e+00,6.5134765467707547e+00,5.2351038792947691e+00,2.7677491820792079e+00,2.7677491820792079e+00,2.7677491820792079e+00,5.2351038792947691e+00,6.5134765467707547e+00,0.0000000000000000e+00,6.5134765467707547e+00,6.5134765467707547e+00,4.5171893432331949e+00,4.5171893432331949e+00,1.9682876336666895e+00,6.5134765467707547e+00,5.2351038792947691e+00,5.2351038792947691e+00,3.4317629845089739e+00,0.0000000000000000e+00,6.5134765467707547e+00,4.5171893432331949e+00,4.5171893432331949e+00,1.9682876336666895e+00,5.2351038792947691e+00,4.5171893432331949e+00,2.7677491820792079e+00,3.4317629845089739e+00,6.5134765467707547e+00,2.7677491820792079e+00,2.7677491820792079e+00,2.7677491820792079e+00,5.2351038792947691e+00,5.2351038792947691e+00,5.2351038792947691e+00,8.6185235710779784e-01,2.7677491820792079e+00,4.5171893432331949e+00,3.4317629845089739e+00,0.0000000000000000e+00,8.6185235710779784e-01,8.6185235710779784e-01,5.2351038792947691e+00,4.5171893432331949e+00,8.6185235710779784e-01,5.2351038792947691e+00,6.5134765467707547e+00,4.5171893432331949e+00,5.2351038792947691e+00,5.2351038792947691e+00,6.5134765467707547e+00,3.4317629845089739e+00,6.5134765467707547e+00,3.4317629845089739e+00,8.6185235710779784e-01,6.5134765467707547e+00,2.7677491820792079e+00,5.2351038792947691e+00,6.5134765467707547e+00,5.2351038792947691e+00,2.7677491820792079e+00,5.2351038792947691e+00,6.5134765467707547e+00,6.5134765467707547e+00,4.5171893432331949e+00,4.5171893432331949e+00,6.5134765467707547e+00,6.5134765467707547e+00,3.4317629845089739e+00,4.5171893432331949e+00,4.5171893432331949e+00,6.5134765467707547e+00,4.5171893432331949e+00,6.5134765467707547e+00,6.5134765467707547e+00,0.0000000000000000e+00,0.0000000000000000e+00,3.4317629845089739e+00,5.2351038792947691e+00,2.7677491820792079e+00,4.5171893432331949e+00,5.2351038792947691e+00,5.2351038792947691e+00,5.2351038792947691e+00,3.4317629845089739e+00,2.7677491820792079e+00,6.5134765467707547e+00,3.4317629845089739e+00,5.2351038792947691e+00,6.5134765467707547e+00,1.9682876336666895e+00,8.6185235710779784e-01,5.2351038792947691e+00,6.5134765467707547e+00,5.2351038792947691e+00,4.5171893432331949e+00,6.5134765467707547e+00,1.9682876336666895e+00,6.5134765467707547e+00,2.7677491820792079e+00,4.5171893432331949e+00,2.7677491820792079e+00,3.4317629845089739e+00,4.5171893432331949e+00,5.2351038792947691e+00,6.5134765467707547e+00,4.5171893432331949e+00,8.6185235710779784e-01,0.0000000000000000e+00,6.5134765467707547e+00,8.6185235710779784e-01,4.5171893432331949e+00,6.5134765467707547e+00,5.2351038792947691e+00,5.2351038792947691e+00,4.5171893432331949e+00,6.5134765467707547e+00,5.2351038792947691e+00,2.7677491820792079e+00,6.5134765467707547e+00,2.7677491820792079e+00,0.0000000000000000e+00,6.5134765467707547e+00,4.5171893432331949e+00,3.4317629845089739e+00,2.7677491820792079e+00,6.5134765467707547e+00,8.6185235710779784e-01,6.5134765467707547e+00,1.9682876336666895e+00,6.5134765467707547e+00,0.0000000000000000e+00,6.5134765467707547e+00,6.5134765467707547e+00,6.5134765467707547e+00,4.5171893432331949e+00,5.2351038792947691e+00,6.5134765467707547e+00,4.5171893432331949e+00,2.7677491820792079e+00,4.5171893432331949e+00,6.5134765467707547e+00,4.5171893432331949e+00,3.4317629845089739e+00,4.5171893432331949e+00,3.4317629845089739e+00,6.5134765467707547e+00,6.5134765467707547e+00,8.6185235710779784e-01,3.4317629845089739e+00,6.5134765467707547e+00,3.4317629845089739e+00,8.6185235710779784e-01,4.5171893432331949e+00,4.5171893432331949e+00,6.5134765467707547e+00,4.5171893432331949e+00,1.9682876336666895e+00,5.2351038792947691e+00,4.5171893432331949e+00,1.9682876336666895e+00,4.5171893432331949e+00,5.2351038792947691e+00,4.5171893432331949e+00,3.4317629845089739e+00,4.5171893432331949e+00,3.4317629845089739e+00,3.4317629845089739e+00,4.5171893432331949e+00,6.5134765467707547e+00,5.2351038792947691e+00,6.5134765467707547e+00,3.4317629845089739e+00,3.4317629845089739e+00,1.9682876336666895e+00,6.5134765467707547e+00,3.4317629845089739e+00,0.0000000000000000e+00,6.5134765467707547e+00,1.9682876336666895e+00,6.5134765467707547e+00,6.5134765467707547e+00,3.4317629845089739e+00,3.4317629845089739e+00,6.5134765467707547e+00,6.5134765467707547e+00,3.4317629845089739e+00,0.0000000000000000e+00,5.2351038792947691e+00,4.5171893432331949e+00,6.5134765467707547e+00,6.5134765467707547e+00,5.2351038792947691e+00,6.5134765467707547e+00,6.5134765467707547e+00,6.5134765467707547e+00,6.5134765467707547e+00,3.4317629845089739e+00,6.5134765467707547e+00,3.4317629845089739e+00,0.0000000000000000e+00,6.5134765467707547e+00,4.5171893432331949e+00,6.5134765467707547e+00,6.5134765467707547e+00,6.5134765467707547e+00,0.0000000000000000e+00,5.2351038792947691e+00,3.4317629845089739e+00,6.5134765467707547e+00,2.7677491820792079e+00,3.4317629845089739e+00,3.4317629845089739e+00,3.4317629845089739e+00,0.0000000000000000e+00,6.5134765467707547e+00,1.9682876336666895e+00,2.7677491820792079e+00,6.5134765467707547e+00,5.2351038792947691e+00,6.5134765467707547e+00,6.5134765467707547e+00,0.0000000000000000e+00,5.2351038792947691e+00,2.7677491820792079e+00,4.5171893432331949e+00,4.5171893432331949e+00,2.7677491820792079e+00,6.5134765467707547e+00,1.9682876336666895e+00,6.5134765467707547e+00,6.5134765467707547e+00,4.5171893432331949e+00,6.5134765467707547e+00,0.0000000000000000e+00,6.5134765467707547e+00,3.4317629845089739e+00,1.9682876336666895e+00,6.5134765467707547e+00,8.6185235710779784e-01,1.9682876336666895e+00,4.5171893432331949e+00,5.2351038792947691e+00,0.0000000000000000e+00,4.5171893432331949e+00,6.5134765467707547e+00,6.5134765467707547e+00,6.5134765467707547e+00,6.5134765467707547e+00,6.5134765467707547e+00,6.5134765467707547e+00,6.5134765467707547e+00,6.5134765467707547e+00,3.4317629845089739e+00,6.5134765467707547e+00,6.5134765467707547e+00,0.0000000000000000e+00,5.2351038792947691e+00,3.4317629845089739e+00,6.5134765467707547e+00,3.4317629845089739e+00,6.5134765467707547e+00,0.0000000000000000e+00,5.2351038792947691e+00,8.6185235710779784e-01,2.7677491820792079e+00,6.5134765467707547e+00,6.5134765467707547e+00,3.4317629845089739e+00,6.5134765467707547e+00,5.2351038792947691e+00,6.5134765467707547e+00,8.6185235710779784e-01,3.4317629845089739e+00,6.5134765467707547e+00,8.6185235710779784e-01,4.5171893432331949e+00,6.5134765467707547e+00,6.5134765467707547e+00,5.2351038792947691e+00,5.2351038792947691e+00,1.9682876336666895e+00,3.4317629845089739e+00,6.5134765467707547e+00,4.5171893432331949e+00,4.5171893432331949e+00,4.5171893432331949e+00,0.0000000000000000e+00,4.5171893432331949e+00,6.5134765467707547e+00,2.7677491820792079e+00,6.5134765467707547e+00,6.5134765467707547e+00,6.5134765467707547e+00,6.5134765467707547e+00,6.5134765467707547e+00,4.5171893432331949e+00,4.5171893432331949e+00,4.5171893432331949e+00,0.0000000000000000e+00,0.0000000000000000e+00,8.6185235710779784e-01,4.5171893432331949e+00,4.5171893432331949e+00,8.6185235710779784e-01,3.4317629845089739e+00,8.6185235710779784e-01,8.6185235710779784e-01,4.5171893432331949e+00,6.5134765467707547e+00,4.5171893432331949e+00,5.2351038792947691e+00,0.0000000000000000e+00,2.7677491820792079e+00,6.5134765467707547e+00,6.5134765467707547e+00,5.2351038792947691e+00,1.9682876336666895e+00,5.2351038792947691e+00,6.5134765467707547e+00,4.5171893432331949e+00,6.5134765467707547e+00,3.4317629845089739e+00,6.5134765467707547e+00,6.5134765467707547e+00,5.2351038792947691e+00,3.4317629845089739e+00,1.9682876336666895e+00,6.5134765467707547e+00,6.5134765467707547e+00,1.9682876336666895e+00,1.9682876336666895e+00,8.6185235710779784e-01,1.9682876336666895e+00,1.9682876336666895e+00,6.5134765467707547e+00,4.5171893432331949e+00,5.2351038792947691e+00,4.5171893432331949e+00,6.5134765467707547e+00,4.5171893432331949e+00,2.7677491820792079e+00,2.7677491820792079e+00,8.6185235710779784e-01,4.5171893432331949e+00,0.0000000000000000e+00,6.5134765467707547e+00,0.0000000000000000e+00,8.6185235710779784e-01,0.0000000000000000e+00,0.0000000000000000e+00,6.5134765467707547e+00,6.5134765467707547e+00,5.2351038792947691e+00,5.2351038792947691e+00,3.4317629845089739e+00,0.0000000000000000e+00,5.2351038792947691e+00,3.4317629845089739e+00,4.5171893432331949e+00,0.0000000000000000e+00,6.5134765467707547e+00,2.7677491820792079e+00,5.2351038792947691e+00,6.5134765467707547e+00,5.2351038792947691e+00,3.4317629845089739e+00,5.2351038792947691e+00,2.7677491820792079e+00,8.6185235710779784e-01,6.5134765467707547e+00,8.6185235710779784e-01,1.9682876336666895e+00,0.0000000000000000e+00,4.5171893432331949e+00,1.9682876336666895e+00,3.4317629845089739e+00,8.6185235710779784e-01,4.5171893432331949e+00,3.4317629845089739e+00,4.5171893432331949e+00,4.5171893432331949e+00,8.6185235710779784e-01,6.5134765467707547e+00,6.5134765467707547e+00,5.2351038792947691e+00,1.9682876336666895e+00,2.7677491820792079e+00,6.5134765467707547e+00,8.6185235710779784e-01,4.5171893432331949e+00,6.5134765467707547e+00,5.2351038792947691e+00,8.6185235710779784e-01,6.5134765467707547e+00,3.4317629845089739e+00,2.7677491820792079e+00,3.4317629845089739e+00,4.5171893432331949e+00,6.5134765467707547e+00,1.9682876336666895e+00,8.6185235710779784e-01,5.2351038792947691e+00,3.4317629845089739e+00,4.5171893432331949e+00,8.6185235710779784e-01,4.5171893432331949e+00,3.4317629845089739e+00,6.5134765467707547e+00,4.5171893432331949e+00,5.2351038792947691e+00,5.2351038792947691e+00,1.9682876336666895e+00,5.2351038792947691e+00
5.9684315740989611e+00,5.9684315740989611e+00,0.0000000000000000e+00,0.0000000000000000e+00,3.7570145387539129e+00,3.7570145387539129e+00,4.9785010398850336e+00,5.9684315740989611e+00,5.9684315740989611e+00,4.9785010398850336e+00,5.9684315740989611e+00,2.6902471573505453e+00,1.6489476835562815e+00,2.6902471573505453e+00,8.6380656908265319e-01,0.0000000000000000e+00,2.6902471573505453e+00,0.0000000000000000e+00,4.9785010398850336e+00,0.0000000000000000e+00,4.9785010398850336e+00,2.6902471573505453e+00,0.0000000000000000e+00,2.6902471573505453e+00,5.9684315740989611e+00,0.0000000000000000e+00,1.6489476835562815e+00,8.6380656908265319e-01,3.7570145387539129e+00,5.9684315740989611e+00,4.9785010398850336e+00,6.2748842429707263e+00,6.2748842429707263e+00,5.9684315740989611e+00,3.7570145387539129e+00,6.2748842429707263e+00,3.7570145387539129e+00,8.6380656908265319e-01,1.6489476835562815e+00,8.6380656908265319e-01,5.9684315740989611e+00,5.9684315740989611e+00,5.9684315740989611e+00,5.9684315740989611e+00,4.9785010398850336e+00,4.9785010398850336e+00,6.2748842429707263e+00,8.6380656908265319e-01,4.9785010398850336e+00,1.6489476835562815e+00,5.9684315740989611e+00,3.7570145387539129e+00,2.6902471573505453e+00,3.7570145387539129e+00,4.9785010398850336e+00,8.6380656908265319e-01,6.2748842429707263e+00,6.2748842429707263e+00,6.2748842429707263e+00,3.7570145387539129e+00,1.6489476835562815e+00,5.9684315740989611e+00,3.7570145387539129e+00,1.6489476835562815e+00,4.9785010398850336e+00,2.6902471573505453e+00,6.2748842429707263e+00,2.6902471573505453e+00,6.2748842429707263e+00,6.2748842429707263e+00,6.2748842429707263e+00,0.0000000000000000e+00,6.2748842429707263e+00,6.2748842429707263e+00,6.2748842429707263e+00,6.2748842429707263e+00,6.2748842429707263e+00,6.2748842429707263e+00,0.0000000000000000e+00,4.9785010398850336e+00,3.7570145387539129e+00,4.9785010398850336e+00,4.9785010398850336e+00,4.9785010398850336e+00,4.9785010398850336e+00,4.9785010398850336e+00,3.7570145387539129e+00,1.6489476835562815e+00,0.0000000000000000e+00,0.0000000000000000e+00,4.9785010398850336e+00,4.9785010398850336e+00,3.7570145387539129e+00,4.9785010398850336e+00,3.7570145387539129e+00,4.9785010398850336e+00,8.6380656908265319e-01,0.0000000000000000e+00,1.6489476835562815e+00,2.6902471573505453e+00,8.6380656908265319e-01,8.6380656908265319e-01,4.9785010398850336e+00,6.2748842429707263e+00,1.6489476835562815e+00,4.9785010398850336e+00,5.9684315740989611e+00,6.2748842429707263e+00,1.6489476835562815e+00,8.6380656908265319e-01,0.0000000000000000e+00,6.2748842429707263e+00,2.6902471573505453e+00,2.6902471573505453e+00,6.2748842429707263e+00,4.9785010398850336e+00,5.9684315740989611e+00,6.2748842429707263e+00,5.9684315740989611e+00,4.9785010398850336e+00,1.6489476835562815e+00,4.9785010398850336e+00,5.9684315740989611e+00,4.9785010398850336e+00,4.9785010398850336e+00,0.0000000000000000e+00,4.9785010398850336e+00,6.2748842429707263e+00,1.6489476835562815e+00,5.9684315740989611e+00,4.9785010398850336e+00,6.2748842429707263e+00,6.2748842429707263e+00,4.9785010398850336e+00,4.9785010398850336e+00,6.2748842429707263e+00,0.0000000000000000e+00,4.9785010398850336e+00,2.6902471573505453e+00,8.6380656908265319e-01,8.6380656908265319e-01,4.9785010398850336e+00,4.9785010398850336e+00,6.2748842429707263e+00,8.6380656908265319e-01,0.0000000000000000e+00,6.2748842429707263e+00,4.9785010398850336e+00,4.9785010398850336e+00,8.6380656908265319e-01,5.9684315740989611e+00,3.7570145387539129e+00,5.9684315740989611e+00,6.2748842429707263e+00,4.9785010398850336e+00,4.9785010398850336e+00,4.9785010398850336e+00,4.9785010398850336e+00,4.9785010398850336e+00,0.0000000000000000e+00,4.9785010398850336e+00,1.6489476835562815e+00,5.9684315740989611e+00,1.6489476835562815e+00,5.9684315740989611e+00,4.9785010398850336e+00,5.9684315740989611e+00,3.7570145387539129e+00,6.2748842429707263e+00,3.7570145387539129e+00,5.9684315740989611e+00,1.6489476835562815e+00,3.7570145387539129e+00,0.0000000000000000e+00,3.7570145387539129e+00,3.7570145387539129e+00,3.7570145387539129e+00,1.6489476835562815e+00,6.2748842429707263e+00,5.9684315740989611e+00,8.6380656908265319e-01,4.9785010398850336e+00,2.6902471573505453e+00,4.9785010398850336e+00,3.7570145387539129e+00,4.9785010398850336e+00,4.9785010398850336e+00,2.6902471573505453e+00,2.6902471573505453e+00,2.6902471573505453e+00,4.9785010398850336e+00,5.9684315740989611e+00,8.6380656908265319e-01,3.7570145387539129e+00,3.7570145387539129e+00,3.7570145387539129e+00,4.9785010398850336e+00,0.0000000000000000e+00,2.6902471573505453e+00,4.9785010398850336e+00,4.9785010398850336e+00,1.6489476835562815e+00,5.9684315740989611e+00,8.6380656908265319e-01,2.6902471573505453e+00,1.6489476835562815e+00,1.6489476835562815e+00,6.2748842429707263e+00,8.6380656908265319e-01,4.9785010398850336e+00,4.9785010398850336e+00,3.7570145387539129e+00,6.2748842429707263e+00,4.9785010398850336e+00,4.9785010398850336e+00,5.9684315740989611e+00,4.9785010398850336e+00,8.6380656908265319e-01,4.9785010398850336e+00,6.2748842429707263e+00,3.7570145387539129e+00,5.9684315740989611e+00,6.2748842429707263e+00,3.7570145387539129e+00,3.7570145387539129e+00,3.7570145387539129e+00,3.7570145387539129e+00,3.7570145387539129e+00,4.9785010398850336e+00,8.6380656908265319e-01,2.6902471573505453e+00,1.6489476835562815e+00,2.6902471573505453e+00,2.6902471573505453e+00,1.6489476835562815e+00,1.6489476835562815e+00,2.6902471573505453e+00,4.9785010398850336e+00,4.9785010398850336e+00,4.9785010398850336e+00,4.9785010398850336e+00,0.0000000000000000e+00,1.6489476835562815e+00,8.6380656908265319e-01,2.6902471573505453e+00,4.9785010398850336e+00,2.6902471573505453e+00,6.2748842429707263e+00,4.9785010398850336e+00,4.9785010398850336e+00,4.9785010398850336e+00,4.9785010398850336e+00,4.9785010398850336e+00,2.6902471573505453e+00,4.9785010398850336e+00,5.9684315740989611e+00,4.9785010398850336e+00,3.7570145387539129e+00,3.7570145387539129e+00,3.7570145387539129e+00,4.9785010398850336e+00,5.9684315740989611e+00,1.6489476835562815e+00,2.6902471573505453e+00,2.6902471573505453e+00,1.6489476835562815e+00,6.2748842429707263e+00,4.9785010398850336e+00,4.9785010398850336e+00,1.6489476835562815e+00,4.9785010398850336e+00,4.9785010398850336e+00,1.6489476835562815e+00,4.9785010398850336e+00,1.6489476835562815e+00,4.9785010398850336e+00,4.9785010398850336e+00,0.0000000000000000e+00,2.6902471573505453e+00,5.9684315740989611e+00,2.6902471573505453e+00,4.9785010398850336e+00,0.0000000000000000e+00,4.9785010398850336e+00,4.9785010398850336e+00,4.9785010398850336e+00,6.2748842429707263e+00,6.2748842429707263e+00,4.9785010398850336e+00,6.2748842429707263e+00,4.9785010398850336e+00,4.9785010398850336e+00,2.6902471573505453e+00,4.9785010398850336e+00,2.6902471573505453e+00,6.2748842429707263e+00,6.2748842429707263e+00,1.6489476835562815e+00,6.2748842429707263e+00,6.2748842429707263e+00,6.2748842429707263e+00,6.2748842429707263e+00,4.9785010398850336e+00,6.2748842429707263e+00,4.9785010398850336e+00,3.7570145387539129e+00,2.6902471573505453e+00,2.6902471573505453e+00,5.9684315740989611e+00,3.7570145387539129e+00,0.0000000000000000e+00,1.6489476835562815e+00,4.9785010398850336e+00,0.0000000000000000e+00,4.9785010398850336e+00,4.9785010398850336e+00,4.9785010398850336e+00,8.6380656908265319e-01,3.7570145387539129e+00,6.2748842429707263e+00,4.9785010398850336e+00,1.6489476835562815e+00,1.6489476835562815e+00,1.6489476835562815e+00,4.9785010398850336e+00,4.9785010398850336e+00,6.2748842429707263e+00,3.7570145387539129e+00,4.9785010398850336e+00,4.9785010398850336e+00,0.0000000000000000e+00,8.6380656908265319e-01,8.6380656908265319e-01,2.6902471573505453e+00,6.2748842429707263e+00,6.2748842429707263e+00,6.2748842429707263e+00,6.2748842429707263e+00,5.9684315740989611e+00,6.2748842429707263e+00,4.9785010398850336e+00,0.0000000000000000e+00,0.0000000000000000e+00,1.6489476835562815e+00,4.9785010398850336e+00,2.6902471573505453e+00,3.7570145387539129e+00,5.9684315740989611e+00,4.9785010398850336e+00,5.9684315740989611e+00,5.9684315740989611e+00,4.9785010398850336e+00,6.2748842429707263e+00,4.9785010398850336e+00,6.2748842429707263e+00,4.9785010398850336e+00,4.9785010398850336e+00,8.6380656908265319e-01,6.2748842429707263e+00,4.9785010398850336e+00,3.7570145387539129e+00,5.9684315740989611e+00,4.9785010398850336e+00,4.9785010398850336e+00,8.6380656908265319e-01,4.9785010398850336e+00,4.9785010398850336e+00,5.9684315740989611e+00,3.7570145387539129e+00,0.0000000000000000e+00,6.2748842429707263e+00,2.6902471573505453e+00,4.9785010398850336e+00,4.9785010398850336e+00,3.7570145387539129e+00,4.9785010398850336e+00,8.6380656908265319e-01,4.9785010398850336e+00,6.2748842429707263e+00,4.9785010398850336e+00,4.9785010398850336e+00,6.2748842429707263e+00,5.9684315740989611e+00,5.9684315740989611e+00,5.9684315740989611e+00,5.9684315740989611e+00,4.9785010398850336e+00,0.0000000000000000e+00,4.9785010398850336e+00,1.6489476835562815e+00,5.9684315740989611e+00,4.9785010398850336e+00,2.6902471573505453e+00,0.0000000000000000e+00,3.7570145387539129e+00,2.6902471573505453e+00,8.6380656908265319e-01,5.9684315740989611e+00,6.2748842429707263e+00,4.9785010398850336e+00,6.2748842429707263e+00,6.2748842429707263e+00,1.6489476835562815e+00,0.0000000000000000e+00,8.6380656908265319e-01,8.6380656908265319e-01,5.9684315740989611e+00,5.9684315740989611e+00,1.6489476835562815e+00,2.6902471573505453e+00,4.9785010398850336e+00,3.7570145387539129e+00,2.6902471573505453e+00,0.0000000000000000e+00,5.9684315740989611e+00,6.2748842429707263e+00,3.7570145387539129e+00,6.2748842429707263e+00,0.0000000000000000e+00,0.0000000000000000e+00,3.7570145387539129e+00,6.2748842429707263e+00,4.9785010398850336e+00,6.2748842429707263e+00,5.9684315740989611e+00,5.9684315740989611e+00,5.9684315740989611e+00,5.9684315740989611e+00,4.9785010398850336e+00,3.7570145387539129e+00,3.7570145387539129e+00,0.0000000000000000e+00,4.9785010398850336e+00,4.9785010398850336e+00,5.9684315740989611e+00,4.9785010398850336e+00,6.2748842429707263e+00,1.6489476835562815e+00,1.6489476835562815e+00,8.6380656908265319e-01,5.9684315740989611e+00,4.9785010398850336e+00,8.6380656908265319e-01,6.2748842429707263e+00,1.6489476835562815e+00,8.6380656908265319e-01,6.2748842429707263e+00,4.9785010398850336e+00,5.9684315740989611e+00,1.6489476835562815e+00,1.6489476835562815e+00,5.9684315740989611e+00,3.7570145387539129e+00,4.9785010398850336e+00,0.0000000000000000e+00,4.9785010398850336e+00,0.0000000000000000e+00,6.2748842429707263e+00,4.9785010398850336e+00,4.9785010398850336e+00,8.6380656908265319e-01,4.9785010398850336e+00,4.9785010398850336e+00,4.9785010398850336e+00,4.9785010398850336e+00,4.9785010398850336e+00,3.7570145387539129e+00,4.9785010398850336e+00,2.6902471573505453e+00,1.6489476835562815e+00,5.9684315740989611e+00,1.6489476835562815e+00,6.2748842429707263e+00,6.2748842429707263e+00,3.7570145387539129e+00,4.9785010398850336e+00,1.6489476835562815e+00,6.2748842429707263e+00,2.6902471573505453e+00,2.6902471573505453e+00,2.6902471573505453e+00,6.2748842429707263e+00,2.6902471573505453e+00,5.9684315740989611e+00,6.2748842429707263e+00,2.6902471573505453e+00,4.9785010398850336e+00,4.9785010398850336e+00,5.9684315740989611e+00,5.9684315740989611e+00,4.9785010398850336e+00,0.0000000000000000e+00,4.9785010398850336e+00,3.7570145387539129e+00,6.2748842429707263e+00,4.9785010398850336e+00,4.9785010398850336e+00,5.9684315740989611e+00,0.0000000000000000e+00,5.9684315740989611e+00,5.9684315740989611e+00,2.6902471573505453e+00,4.9785010398850336e+00,3.7570145387539129e+00,5.9684315740989611e+00,0.0000000000000000e+00,4.9785010398850336e+00,4.9785010398850336e+00,3.7570145387539129e+00,0.0000000000000000e+00,0.0000000000000000e+00,6.2748842429707263e+00,6.2748842429707263e+00,1.6489476835562815e+00,1.6489476835562815e+00,6.2748842429707263e+00,5.9684315740989611e+00,4.9785010398850336e+00,4.9785010398850336e+00,2.6902471573505453e+00,5.9684315740989611e+00,1.6489476835562815e+00,4.9785010398850336e+00,0.0000000000000000e+00,4.9785010398850336e+00,4.9785010398850336e+00,5.9684315740989611e+00,6.2748842429707263e+00,2.6902471573505453e+00,2.6902471573505453e+00,2.6902471573505453e+00,2.6902471573505453e+00,5.9684315740989611e+00,2.6902471573505453e+00,0.0000000000000000e+00,2.6902471573505453e+00,6.2748842429707263e+00,8.6380656908265319e-01,1.6489476835562815e+00,6.2748842429707263e+00,0.0000000000000000e+00,4.9785010398850336e+00,5.9684315740989611e+00,4.9785010398850336e+00,0.0000000000000000e+00,5.9684315740989611e+00,1.6489476835562815e+00,6.2748842429707263e+00,6.2748842429707263e+00,1.6489476835562815e+00,1.6489476835562815e+00,5.9684315740989611e+00,1.6489476835562815e+00,4.9785010398850336e+00,2.6902471573505453e+00,4.9785010398850336e+00,5.9684315740989611e+00,5.9684315740989611e+00,6.2748842429707263e+00,6.2748842429707263e+00,6.2748842429707263e+00,6.2748842429707263e+00,0.0000000000000000e+00,5.9684315740989611e+00,4.9785010398850336e+00,4.9785010398850336e+00,6.2748842429707263e+00,1.6489476835562815e+00,6.2748842429707263e+00,2.6902471573505453e+00,6.2748842429707263e+00,3.7570145387539129e+00,5.9684315740989611e+00,0.0000000000000000e+00,4.9785010398850336e+00,8.6380656908265319e-01,5.9684315740989611e+00,5.9684315740989611e+00,4.9785010398850336e+00,3.7570145387539129e+00,5.9684315740989611e+00,3.7570145387539129e+00,5.9684315740989611e+00,5.9684315740989611e+00,2.6902471573505453e+00,5.9684315740989611e+00,6.2748842429707263e+00,5.9684315740989611e+00,0.0000000000000000e+00,4.9785010398850336e+00,4.9785010398850336e+00,2.6902471573505453e+00,6.2748842429707263e+00,6.2748842429707263e+00,4.9785010398850336e+00,6.2748842429707263e+00,8.6380656908265319e-01,8.6380656908265319e-01,3.7570145387539129e+00,3.7570145387539129e+00,3.7570145387539129e+00,6.2748842429707263e+00,5.9684315740989611e+00,0.0000000000000000e+00,3.7570145387539129e+00,3.7570145387539129e+00,3.7570145387539129e+00,4.9785010398850336e+00,6.2748842429707263e+00,0.0000000000000000e+00,4.9785010398850336e+00,3.7570145387539129e+00,6.2748842429707263e+00,3.7570145387539129e+00,4.9785010398850336e+00,4.9785010398850336e+00,3.7570145387539129e+00,4.9785010398850336e+00,4.9785010398850336e+00,6.2748842429707263e+00,6.2748842429707263e+00,8.6380656908265319e-01,2.6902471573505453e+00,3.7570145387539129e+00,5.9684315740989611e+00,6.2748842429707263e+00,6.2748842429707263e+00,1.6489476835562815e+00,6.2748842429707263e+00,3.7570145387539129e+00,4.9785010398850336e+00,6.2748842429707263e+00,4.9785010398850336e+00,4.9785010398850336e+00,1.6489476835562815e+00,4.9785010398850336e+00,0.0000000000000000e+00,6.2748842429707263e+00,8.6380656908265319e-01,4.9785010398850336e+00,4.9785010398850336e+00,3.7570145387539129e+00,3.7570145387539129e+00,8.6380656908265319e-01,6.2748842429707263e+00,5.9684315740989611e+00,6.2748842429707263e+00,4.9785010398850336e+00,6.2748842429707263e+00,4.9785010398850336e+00,6.2748842429707263e+00,4.9785010398850336e+00,0.0000000000000000e+00,4.9785010398850336e+00,6.2748842429707263e+00,5.9684315740989611e+00,6.2748842429707263e+00,4.9785010398850336e+00,8.6380656908265319e-01,4.9785010398850336e+00,0.0000000000000000e+00,4.9785010398850336e+00,1.6489476835562815e+00,0.0000000000000000e+00,6.2748842429707263e+00,5.9684315740989611e+00,6.2748842429707263e+00,5.9684315740989611e+00,1.6489476835562815e+00,5.9684315740989611e+00,6.2748842429707263e+00,6.2748842429707263e+00,4.9785010398850336e+00,6.2748842429707263e+00,5.9684315740989611e+00,5.9684315740989611e+00,6.2748842429707263e+00,3.7570145387539129e+00,5.9684315740989611e+00,5.9684315740989611e+00,2.6902471573505453e+00,4.9785010398850336e+00,2.6902471573505453e+00,5.9684315740989611e+00,3.7570145387539129e+00,2.6902471573505453e+00,1.6489476835562815e+00,4.9785010398850336e+00,5.9684315740989611e+00,6.2748842429707263e+00,6.2748842429707263e+00,5.9684315740989611e+00,6.2748842429707263e+00,6.2748842429707263e+00,8.6380656908265319e-01,4.9785010398850336e+00,5.9684315740989611e+00,5.9684315740989611e+00,5.9684315740989611e+00,5.9684315740989611e+00,5.9684315740989611e+00,8.6380656908265319e-01,4.9785010398850336e+00,1.6489476835562815e+00,5.9684315740989611e+00,2.6902471573505453e+00,3.7570145387539129e+00,6.2748842429707263e+00,3.7570145387539129e+00,1.6489476835562815e+00,2.6902471573505453e+00,6.2748842429707263e+00,1.6489476835562815e+00,5.9684315740989611e+00,0.0000000000000000e+00,6.2748842429707263e+00,5.9684315740989611e+00,5.9684315740989611e+00,5.9684315740989611e+00,6.2748842429707263e+00,6.2748842429707263e+00,8.6380656908265319e-01,1.6489476835562815e+00,2.6902471573505453e+00,3.7570145387539129e+00,5.9684315740989611e+00,6.2748842429707263e+00,6.2748842429707263e+00,5.9684315740989611e+00,6.2748842429707263e+00,6.2748842429707263e+00,8.6380656908265319e-01,1.6489476835562815e+00,5.9684315740989611e+00,4.9785010398850336e+00,2.6902471573505453e+00,8.6380656908265319e-01,6.2748842429707263e+00,5.9684315740989611e+00,5.9684315740989611e+00,5.9684315740989611e+00,0.0000000000000000e+00,5.9684315740989611e+00,6.2748842429707263e+00,6.2748842429707263e+00,4.9785010398850336e+00,2.6902471573505453e+00,6.2748842429707263e+00,2.6902471573505453e+00,3.7570145387539129e+00,6.2748842429707263e+00,5.9684315740989611e+00,6.2748842429707263e+00,2.6902471573505453e+00,6.2748842429707263e+00,6.2748842429707263e+00,6.2748842429707263e+00,5.9684315740989611e+00,6.2748842429707263e+00,5.9684315740989611e+00,5.9684315740989611e+00,6.2748842429707263e+00,6.2748842429707263e+00,6.2748842429707263e+00,3.7570145387539129e+00,3.7570145387539129e+00,3.7570145387539129e+00,5.9684315740989611e+00,3.7570145387539129e+00,3.7570145387539129e+00,8.6380656908265319e-01,5.9684315740989611e+00,6.2748842429707263e+00,8.6380656908265319e-01,6.2748842429707263e+00,2.6902471573505453e+00,4.9785010398850336e+00,4.9785010398850336e+00,6.2748842429707263e+00,6.2748842429707263e+00,5.9684315740989611e+00,6.2748842429707263e+00,4.9785010398850336e+00,2.6902471573505453e+00,1.6489476835562815e+00,6.2748842429707263e+00,2.6902471573505453e+00,6.2748842429707263e+00,6.2748842429707263e+00,6.2748842429707263e+00,6.2748842429707263e+00,5.9684315740989611e+00,6.2748842429707263e+00,6.2748842429707263e+00,5.9684315740989611e+00,4.9785010398850336e+00,1.6489476835562815e+00,5.9684315740989611e+00,6.2748842429707263e+00,1.6489476835562815e+00,6.2748842429707263e+00,4.9785010398850336e+00,6.2748842429707263e+00,6.2748842429707263e+00,1.6489476835562815e+00,5.9684315740989611e+00,3.7570145387539129e+00,1.6489476835562815e+00,6.2748842429707263e+00,2.6902471573505453e+00,3.7570145387539129e+00,6.2748842429707263e+00,6.2748842429707263e+00,1.6489476835562815e+00,4.9785010398850336e+00,6.2748842429707263e+00,0.0000000000000000e+00,1.6489476835562815e+00,4.9785010398850336e+00,8.6380656908265319e-01,6.2748842429707263e+00,0.0000000000000000e+00,6.2748842429707263e+00,3.7570145387539129e+00,4.9785010398850336e+00,6.2748842429707263e+00,5.9684315740989611e+00,0.0000000000000000e+00,1.6489476835562815e+00,4.9785010398850336e+00,4.9785010398850336e+00,3.7570145387539129e+00,1.6489476835562815e+00,1.6489476835562815e+00,3.7570145387539129e+00,5.9684315740989611e+00,6.2748842429707263e+00,8.6380656908265319e-01,8.6380656908265319e-01,1.6489476835562815e+00,4.9785010398850336e+00,1.6489476835562815e+00,5.9684315740989611e+00,0.0000000000000000e+00,6.2748842429707263e+00,3.7570145387539129e+00,0.0000000000000000e+00,6.2748842429707263e+00,8.6380656908265319e-01,1.6489476835562815e+00,6.2748842429707263e+00,4.9785010398850336e+00,6.2748842429707263e+00,3.7570145387539129e+00,5.9684315740989611e+00,6.2748842429707263e+00,6.2748842429707263e+00,4.9785010398850336e+00,6.2748842429707263e+00,8.6380656908265319e-01,4.9785010398850336e+00,8.6380656908265319e-01,0.0000000000000000e+00,8.6380656908265319e-01,8.6380656908265319e-01,3.7570145387539129e+00,8.6380656908265319e-01,8.6380656908265319e-01,3.7570145387539129e+00,8.6380656908265319e-01,3.7570145387539129e+00,4.9785010398850336e+00,8.6380656908265319e-01,8.6380656908265319e-01,3.7570145387539129e+00,3.7570145387539129e+00,3.7570145387539129e+00,3.7570145387539129e+00,5.9684315740989611e+00,5.9684315740989611e+00,8.6380656908265319e-01,4.9785010398850336e+00,5.9684315740989611e+00,4.9785010398850336e+00,5.9684315740989611e+00,6.2748842429707263e+00,0.0000000000000000e+00,2.6902471573505453e+00,6.2748842429707263e+00,2.6902471573505453e+00,1.6489476835562815e+00,4.9785010398850336e+00,4.9785010398850336e+00,2.6902471573505453e+00,2.6902471573505453e+00,3.7570145387539129e+00,6.2748842429707263e+00,6.2748842429707263e+00,3.7570145387539129e+00,3.7570145387539129e+00,3.7570145387539129e+00,3.7570145387539129e+00,8.6380656908265319e-01,6.2748842429707263e+00,6.2748842429707263e+00,4.9785010398850336e+00,2.6902471573505453e+00,8.6380656908265319e-01,8.6380656908265319e-01,4.9785010398850336e+00,5.9684315740989611e+00,6.2748842429707263e+00,4.9785010398850336e+00,5.9684315740989611e+00,2.6902471573505453e+00,8.6380656908265319e-01,2.6902471573505453e+00,0.0000000000000000e+00,5.9684315740989611e+00,4.9785010398850336e+00,0.0000000000000000e+00,3.7570145387539129e+00,0.0000000000000000e+00,8.6380656908265319e-01,2.6902471573505453e+00,1.6489476835562815e+00,5.9684315740989611e+00,6.2748842429707263e+00,1.6489476835562815e+00,2.6902471573505453e+00,5.9684315740989611e+00,0.0000000000000000e+00,6.2748842429707263e+00,6.2748842429707263e+00,8.6380656908265319e-01,1.6489476835562815e+00,0.0000000000000000e+00,4.9785010398850336e+00,4.9785010398850336e+00,3.7570145387539129e+00,4.9785010398850336e+00,4.9785010398850336e+00,5.9684315740989611e+00,0.0000000000000000e+00,4.9785010398850336e+00,4.9785010398850336e+00,4.9785010398850336e+00,1.6489476835562815e+00,4.9785010398850336e+00,4.9785010398850336e+00,5.9684315740989611e+00,5.9684315740989611e+00,5.9684315740989611e+00,8.6380656908265319e-01,2.6902471573505453e+00,8.6380656908265319e-01,6.2748842429707263e+00,5.9684315740989611e+00,2.6902471573505453e+00,5.9684315740989611e+00,1.6489476835562815e+00,5.9684315740989611e+00,0.0000000000000000e+00,6.2748842429707263e+00,6.2748842429707263e+00,6.2748842429707263e+00,6.2748842429707263e+00,3.7570145387539129e+00,1.6489476835562815e+00,4.9785010398850336e+00,8.6380656908265319e-01,5.9684315740989611e+00,6.2748842429707263e+00,2.6902471573505453e+00,2.6902471573505453e+00,0.0000000000000000e+00,1.6489476835562815e+00,4.9785010398850336e+00,6.2748842429707263e+00,4.9785010398850336e+00,2.6902471573505453e+00,8.6380656908265319e-01,5.9684315740989611e+00,5.9684315740989611e+00,0.0000000000000000e+00,5.9684315740989611e+00,3.7570145387539129e+00,4.9785010398850336e+00,6.2748842429707263e+00,6.2748842429707263e+00,5.9684315740989611e+00,0.0000000000000000e+00,6.2748842429707263e+00,6.2748842429707263e+00,8.6380656908265319e-01,6.2748842429707263e+00,3.7570145387539129e+00,6.2748842429707263e+00,6.2748842429707263e+00,6.2748842429707263e+00
6.2238997275369528e+00,2.3223137340172402e+00,0.0000000000000000e+00,6.2238997275369528e+00,3.6752452460492848e+00,6.2238997275369528e+00,6.2238997275369528e+00,1.8726767329522720e+00,6.2238997275369528e+00,6.2238997275369528e+00,6.2238997275369528e+00,9.6356101858991772e-01,5.2473791464197763e+00,3.6752452460492848e+00,6.2238997275369528e+00,2.3223137340172402e+00,3.6752452460492848e+00,6.2238997275369528e+00,6.2238997275369528e+00,6.2238997275369528e+00,5.2473791464197763e+00,3.6752452460492848e+00,6.2238997275369528e+00,3.6752452460492848e+00,5.2473791464197763e+00,9.6356101858991772e-01,5.2473791464197763e+00,4.7579385494988085e+00,0.0000000000000000e+00,5.2473791464197763e+00,5.2473791464197763e+00,5.2473791464197763e+00,3.6752452460492848e+00,5.2473791464197763e+00,5.2473791464197763e+00,5.2473791464197763e+00,9.6356101858991772e-01,5.2473791464197763e+00,2.3223137340172402e+00,5.2473791464197763e+00,3.6752452460492848e+00,5.2473791464197763e+00,5.2473791464197763e+00,2.3223137340172402e+00,0.0000000000000000e+00,1.8726767329522720e+00,4.7579385494988085e+00,5.2473791464197763e+00,1.8726767329522720e+00,6.2238997275369528e+00,2.3223137340172402e+00,2.3223137340172402e+00,6.2238997275369528e+00,6.2238997275369528e+00,6.2238997275369528e+00,6.2238997275369528e+00,2.3223137340172402e+00,6.2238997275369528e+00,6.2238997275369528e+00,6.2238997275369528e+00,6.2238997275369528e+00,6.2238997275369528e+00,6.2238997275369528e+00,5.2473791464197763e+00,6.2238997275369528e+00,1.8726767329522720e+00,6.2238997275369528e+00,2.3223137340172402e+00,6.2238997275369528e+00,6.2238997275369528e+00,6.2238997275369528e+00,6.2238997275369528e+00,6.2238997275369528e+00,6.2238997275369528e+00,6.2238997275369528e+00,6.2238997275369528e+00,6.2238997275369528e+00,4.7579385494988085e+00,4.7579385494988085e+00,9.6356101858991772e-01,6.2238997275369528e+00,4.7579385494988085e+00,6.2238997275369528e+00,1.8726767329522720e+00,6.2238997275369528e+00,6.2238997275369528e+00,6.2238997275369528e+00,4.7579385494988085e+00,4.7579385494988085e+00,9.6356101858991772e-01,4.7579385494988085e+00,9.6356101858991772e-01,2.3223137340172402e+00,5.2473791464197763e+00,5.2473791464197763e+00,1.8726767329522720e+00,4.7579385494988085e+00,4.7579385494988085e+00,2.3223137340172402e+00,6.2238997275369528e+00,1.8726767329522720e+00,5.2473791464197763e+00,6.2238997275369528e+00,6.2238997275369528e+00,6.2238997275369528e+00,2.3223137340172402e+00,6.2238997275369528e+00,5.2473791464197763e+00,0.0000000000000000e+00,1.8726767329522720e+00,5.2473791464197763e+00,6.2238997275369528e+00,5.2473791464197763e+00,6.2238997275369528e+00,6.2238997275369528e+00,6.2238997275369528e+00,6.2238997275369528e+00,3.6752452460492848e+00,2.3223137340172402e+00,9.6356101858991772e-01,4.7579385494988085e+00,6.2238997275369528e+00,2.3223137340172402e+00,4.7579385494988085e+00,6.2238997275369528e+00,4.7579385494988085e+00,1.8726767329522720e+00,6.2238997275369528e+00,4.7579385494988085e+00,4.7579385494988085e+00,4.7579385494988085e+00,6.2238997275369528e+00,0.0000000000000000e+00,6.2238997275369528e+00,5.2473791464197763e+00,4.7579385494988085e+00,2.3223137340172402e+00,6.2238997275369528e+00,9.6356101858991772e-01,9.6356101858991772e-01,1.8726767329522720e+00,6.2238997275369528e+00,5.2473791464197763e+00,1.8726767329522720e+00,9.6356101858991772e-01,4.7579385494988085e+00,4.7579385494988085e+00,6.2238997275369528e+00,5.2473791464197763e+00,1.8726767329522720e+00,6.2238997275369528e+00,1.8726767329522720e+00,9.6356101858991772e-01,4.7579385494988085e+00,5.2473791464197763e+00,5.2473791464197763e+00,4.7579385494988085e+00,5.2473791464197763e+00,4.7579385494988085e+00,1.8726767329522720e+00,5.2473791464197763e+00,9.6356101858991772e-01,9.6356101858991772e-01,2.3223137340172402e+00,3.6752452460492848e+00,1.8726767329522720e+00,2.3223137340172402e+00,1.8726767329522720e+00,6.2238997275369528e+00,0.0000000000000000e+00,5.2473791464197763e+00,3.6752452460492848e+00,3.6752452460492848e+00,4.7579385494988085e+00,2.3223137340172402e+00,4.7579385494988085e+00,0.0000000000000000e+00,3.6752452460492848e+00,9.6356101858991772e-01,2.3223137340172402e+00,3.6752452460492848e+00,0.0000000000000000e+00,6.2238997275369528e+00,6.2238997275369528e+00,6.2238997275369528e+00,0.0000000000000000e+00,5.2473791464197763e+00,4.7579385494988085e+00,4.7579385494988085e+00,4.7579385494988085e+00,6.2238997275369528e+00,4.7579385494988085e+00,5.2473791464197763e+00,5.2473791464197763e+00,6.2238997275369528e+00,0.0000000000000000e+00,6.2238997275369528e+00,3.6752452460492848e+00,6.2238997275369528e+00,4.7579385494988085e+00,4.7579385494988085e+00,0.0000000000000000e+00,3.6752452460492848e+00,4.7579385494988085e+00,9.6356101858991772e-01,5.2473791464197763e+00,2.3223137340172402e+00,3.6752452460492848e+00,4.7579385494988085e+00,2.3223137340172402e+00,9.6356101858991772e-01,4.7579385494988085e+00,4.7579385494988085e+00,6.2238997275369528e+00,2.3223137340172402e+00,4.7579385494988085e+00,5.2473791464197763e+00,4.7579385494988085e+00,5.2473791464197763e+00,2.3223137340172402e+00,2.3223137340172402e+00,4.7579385494988085e+00,9.6356101858991772e-01,1.8726767329522720e+00,4.7579385494988085e+00,2.3223137340172402e+00,4.7579385494988085e+00,3.6752452460492848e+00,2.3223137340172402e+00,4.7579385494988085e+00,4.7579385494988085e+00,6.2238997275369528e+00,9.6356101858991772e-01,5.2473791464197763e+00,9.6356101858991772e-01,6.2238997275369528e+00,4.7579385494988085e+00,4.7579385494988085e+00,4.7579385494988085e+00,4.7579385494988085e+00,6.2238997275369528e+00,2.3223137340172402e+00,5.2473791464197763e+00,4.7579385494988085e+00,4.7579385494988085e+00,5.2473791464197763e+00,4.7579385494988085e+00,4.7579385494988085e+00,6.2238997275369528e+00,6.2238997275369528e+00,4.7579385494988085e+00,6.2238997275369528e+00,6.2238997275369528e+00,4.7579385494988085e+00,0.0000000000000000e+00,4.7579385494988085e+00,6.2238997275369528e+00,4.7579385494988085e+00,4.7579385494988085e+00,2.3223137340172402e+00,2.3223137340172402e+00,2.3223137340172402e+00,2.3223137340172402e+00,2.3223137340172402e+00,2.3223137340172402e+00,2.3223137340172402e+00,4.7579385494988085e+00,9.6356101858991772e-01,6.2238997275369528e+00,3.6752452460492848e+00,3.6752452460492848e+00,6.2238997275369528e+00,4.7579385494988085e+00,6.2238997275369528e+00,6.2238997275369528e+00,2.3223137340172402e+00,3.6752452460492848e+00,5.2473791464197763e+00,1.8726767329522720e+00,1.8726767329522720e+00,6.2238997275369528e+00,9.6356101858991772e-01,1.8726767329522720e+00,6.2238997275369528e+00,4.7579385494988085e+00,3.6752452460492848e+00,6.2238997275369528e+00,6.2238997275369528e+00,1.8726767329522720e+00,6.2238997275369528e+00,4.7579385494988085e+00,6.2238997275369528e+00,4.7579385494988085e+00,6.2238997275369528e+00,6.2238997275369528e+00,6.2238997275369528e+00,6.2238997275369528e+00,0.0000000000000000e+00,1.8726767329522720e+00,4.7579385494988085e+00,9.6356101858991772e-01,6.2238997275369528e+00,2.3223137340172402e+00,4.7579385494988085e+00,2.3223137340172402e+00,6.2238997275369528e+00,4.7579385494988085e+00,0.0000000000000000e+00,4.7579385494988085e+00,1.8726767329522720e+00,9.6356101858991772e-01,4.7579385494988085e+00,6.2238997275369528e+00,9.6356101858991772e-01,1.8726767329522720e+00,6.2238997275369528e+00,3.6752452460492848e+00,3.6752452460492848e+00,2.3223137340172402e+00,2.3223137340172402e+00,6.2238997275369528e+00,0.0000000000000000e+00,4.7579385494988085e+00,6.2238997275369528e+00,6.2238997275369528e+00,6.2238997275369528e+00,9.6356101858991772e-01,2.3223137340172402e+00,5.2473791464197763e+00,2.3223137340172402e+00,4.7579385494988085e+00,5.2473791464197763e+00,6.2238997275369528e+00,6.2238997275369528e+00,6.2238997275369528e+00,6.2238997275369528e+00,6.2238997275369528e+00,0.0000000000000000e+00,6.2238997275369528e+00,6.2238997275369528e+00,5.2473791464197763e+00,3.6752452460492848e+00,6.2238997275369528e+00,6.2238997275369528e+00,4.7579385494988085e+00,9.6356101858991772e-01,2.3223137340172402e+00,6.2238997275369528e+00,6.2238997275369528e+00,3.6752452460492848e+00,5.2473791464197763e+00,5.2473791464197763e+00,2.3223137340172402e+00,0.0000000000000000e+00,4.7579385494988085e+00,2.3223137340172402e+00,2.3223137340172402e+00,2.3223137340172402e+00,2.3223137340172402e+00,9.6356101858991772e-01,2.3223137340172402e+00,6.2238997275369528e+00,3.6752452460492848e+00,0.0000000000000000e+00,5.2473791464197763e+00,1.8726767329522720e+00,6.2238997275369528e+00,6.2238997275369528e+00,6.2238997275369528e+00,4.7579385494988085e+00,1.8726767329522720e+00,0.0000000000000000e+00,4.7579385494988085e+00,6.2238997275369528e+00,6.2238997275369528e+00,6.2238997275369528e+00,6.2238997275369528e+00,3.6752452460492848e+00,6.2238997275369528e+00,6.2238997275369528e+00,4.7579385494988085e+00,3.6752452460492848e+00,5.2473791464197763e+00,4.7579385494988085e+00,6.2238997275369528e+00,4.7579385494988085e+00,4.7579385494988085e+00,3.6752452460492848e+00,4.7579385494988085e+00,4.7579385494988085e+00,6.2238997275369528e+00,4.7579385494988085e+00,2.3223137340172402e+00,6.2238997275369528e+00,6.2238997275369528e+00,6.2238997275369528e+00,4.7579385494988085e+00,4.7579385494988085e+00,4.7579385494988085e+00,6.2238997275369528e+00,2.3223137340172402e+00,4.7579385494988085e+00,0.0000000000000000e+00,4.7579385494988085e+00,4.7579385494988085e+00,3.6752452460492848e+00,5.2473791464197763e+00,2.3223137340172402e+00,3.6752452460492848e+00,9.6356101858991772e-01,4.7579385494988085e+00,2.3223137340172402e+00,3.6752452460492848e+00,5.2473791464197763e+00,6.2238997275369528e+00,5.2473791464197763e+00,1.8726767329522720e+00,9.6356101858991772e-01,9.6356101858991772e-01,6.2238997275369528e+00,6.2238997275369528e+00,3.6752452460492848e+00,3.6752452460492848e+00,9.6356101858991772e-01,1.8726767329522720e+00,4.7579385494988085e+00,3.6752452460492848e+00,4.7579385494988085e+00,6.2238997275369528e+00,1.8726767329522720e+00,6.2238997275369528e+00,4.7579385494988085e+00,9.6356101858991772e-01,3.6752452460492848e+00,5.2473791464197763e+00,5.2473791464197763e+00,5.2473791464197763e+00,6.2238997275369528e+00,4.7579385494988085e+00,3.6752452460492848e+00,4.7579385494988085e+00,6.2238997275369528e+00,4.7579385494988085e+00,6.2238997275369528e+00,6.2238997275369528e+00,4.7579385494988085e+00,6.2238997275369528e+00,4.7579385494988085e+00,4.7579385494988085e+00,3.6752452460492848e+00,4.7579385494988085e+00,3.6752452460492848e+00,9.6356101858991772e-01,4.7579385494988085e+00,4.7579385494988085e+00,5.2473791464197763e+00,4.7579385494988085e+00,4.7579385494988085e+00,6.2238997275369528e+00,4.7579385494988085e+00,4.7579385494988085e+00,6.2238997275369528e+00,4.7579385494988085e+00,4.7579385494988085e+00,3.6752452460492848e+00,6.2238997275369528e+00,4.7579385494988085e+00,6.2238997275369528e+00,5.2473791464197763e+00,2.3223137340172402e+00,4.7579385494988085e+00,6.2238997275369528e+00,4.7579385494988085e+00,1.8726767329522720e+00,1.8726767329522720e+00,6.2238997275369528e+00,0.0000000000000000e+00,6.2238997275369528e+00,3.6752452460492848e+00,2.3223137340172402e+00,6.2238997275369528e+00,9.6356101858991772e-01,6.2238997275369528e+00,6.2238997275369528e+00,1.8726767329522720e+00,6.2238997275369528e+00,6.2238997275369528e+00,4.7579385494988085e+00,6.2238997275369528e+00,5.2473791464197763e+00,6.2238997275369528e+00,6.2238997275369528e+00,5.2473791464197763e+00,5.2473791464197763e+00,6.2238997275369528e+00,6.2238997275369528e+00,4.7579385494988085e+00,2.3223137340172402e+00,4.7579385494988085e+00,5.2473791464197763e+00,1.8726767329522720e+00,5.2473791464197763e+00,0.0000000000000000e+00,4.7579385494988085e+00,9.6356101858991772e-01,5.2473791464197763e+00,0.0000000000000000e+00,6.2238997275369528e+00,4.7579385494988085e+00,6.2238997275369528e+00,4.7579385494988085e+00,5.2473791464197763e+00,4.7579385494988085e+00,3.6752452460492848e+00,1.8726767329522720e+00,4.7579385494988085e+00,4.7579385494988085e+00,2.3223137340172402e+00,0.0000000000000000e+00,5.2473791464197763e+00,9.6356101858991772e-01,0.0000000000000000e+00,6.2238997275369528e+00,6.2238997275369528e+00,6.2238997275369528e+00,6.2238997275369528e+00,6.2238997275369528e+00,6.2238997275369528e+00,6.2238997275369528e+00,6.2238997275369528e+00,9.6356101858991772e-01,4.7579385494988085e+00,5.2473791464197763e+00,5.2473791464197763e+00,5.2473791464197763e+00,0.0000000000000000e+00,4.7579385494988085e+00,4.7579385494988085e+00,5.2473791464197763e+00,4.7579385494988085e+00,6.2238997275369528e+00,4.7579385494988085e+00,3.6752452460492848e+00,6.2238997275369528e+00,1.8726767329522720e+00,4.7579385494988085e+00,4.7579385494988085e+00,0.0000000000000000e+00,5.2473791464197763e+00,1.8726767329522720e+00,4.7579385494988085e+00,3.6752452460492848e+00,4.7579385494988085e+00,3.6752452460492848e+00,4.7579385494988085e+00,5.2473791464197763e+00,9.6356101858991772e-01,9.6356101858991772e-01,4.7579385494988085e+00,1.8726767329522720e+00,1.8726767329522720e+00,4.7579385494988085e+00,0.0000000000000000e+00,2.3223137340172402e+00,1.8726767329522720e+00,9.6356101858991772e-01,5.2473791464197763e+00,4.7579385494988085e+00,6.2238997275369528e+00,1.8726767329522720e+00,0.0000000000000000e+00,4.7579385494988085e+00,1.8726767329522720e+00,3.6752452460492848e+00,5.2473791464197763e+00,5.2473791464197763e+00,5.2473791464197763e+00,6.2238997275369528e+00,1.8726767329522720e+00,4.7579385494988085e+00,4.7579385494988085e+00,6.2238997275369528e+00,6.2238997275369528e+00,9.6356101858991772e-01,5.2473791464197763e+00,2.3223137340172402e+00,2.3223137340172402e+00,1.8726767329522720e+00,4.7579385494988085e+00,4.7579385494988085e+00,3.6752452460492848e+00,5.2473791464197763e+00,6.2238997275369528e+00,4.7579385494988085e+00,5.2473791464197763e+00,4.7579385494988085e+00,2.3223137340172402e+00,5.2473791464197763e+00,1.8726767329522720e+00,6.2238997275369528e+00,4.7579385494988085e+00,0.0000000000000000e+00,5.2473791464197763e+00,9.6356101858991772e-01,9.6356101858991772e-01,9.6356101858991772e-01,1.8726767329522720e+00,5.2473791464197763e+00,6.2238997275369528e+00,4.7579385494988085e+00,5.2473791464197763e+00,2.3223137340172402e+00,3.6752452460492848e+00,3.6752452460492848e+00,3.6752452460492848e+00,4.7579385494988085e+00,5.2473791464197763e+00,6.2238997275369528e+00,2.3223137340172402e+00,5.2473791464197763e+00,6.2238997275369528e+00,1.8726767329522720e+00,4.7579385494988085e+00,6.2238997275369528e+00,2.3223137340172402e+00,3.6752452460492848e+00,5.2473791464197763e+00,3.6752452460492848e+00,5.2473791464197763e+00,4.7579385494988085e+00,3.6752452460492848e+00,1.8726767329522720e+00,5.2473791464197763e+00,5.2473791464197763e+00,9.6356101858991772e-01,3.6752452460492848e+00,0.0000000000000000e+00,0.0000000000000000e+00,0.0000000000000000e+00,4.7579385494988085e+00,1.8726767329522720e+00,5.2473791464197763e+00,4.7579385494988085e+00,2.3223137340172402e+00,4.7579385494988085e+00,6.2238997275369528e+00,1.8726767329522720e+00,6.2238997275369528e+00,4.7579385494988085e+00,5.2473791464197763e+00,4.7579385494988085e+00,4.7579385494988085e+00,4.7579385494988085e+00,6.2238997275369528e+00,6.2238997275369528e+00,4.7579385494988085e+00,2.3223137340172402e+00,5.2473791464197763e+00,6.2238997275369528e+00,4.7579385494988085e+00,1.8726767329522720e+00,6.2238997275369528e+00,6.2238997275369528e+00,5.2473791464197763e+00,4.7579385494988085e+00,6.2238997275369528e+00,5.2473791464197763e+00,1.8726767329522720e+00,1.8726767329522720e+00,1.8726767329522720e+00,9.6356101858991772e-01,6.2238997275369528e+00,5.2473791464197763e+00,6.2238997275369528e+00,2.3223137340172402e+00,9.6356101858991772e-01,4.7579385494988085e+00,0.0000000000000000e+00,0.0000000000000000e+00,6.2238997275369528e+00,6.2238997275369528e+00,9.6356101858991772e-01,2.3223137340172402e+00,9.6356101858991772e-01,1.8726767329522720e+00,9.6356101858991772e-01,9.6356101858991772e-01,5.2473791464197763e+00,6.2238997275369528e+00,0.0000000000000000e+00,6.2238997275369528e+00,6.2238997275369528e+00,5.2473791464197763e+00,0.0000000000000000e+00,4.7579385494988085e+00,1.8726767329522720e+00,2.3223137340172402e+00,6.2238997275369528e+00,4.7579385494988085e+00,4.7579385494988085e+00,4.7579385494988085e+00,4.7579385494988085e+00,1.8726767329522720e+00,6.2238997275369528e+00,1.8726767329522720e+00,1.8726767329522720e+00,1.8726767329522720e+00,6.2238997275369528e+00,4.7579385494988085e+00,0.0000000000000000e+00,4.7579385494988085e+00,9.6356101858991772e-01,5.2473791464197763e+00,5.2473791464197763e+00,5.2473791464197763e+00,5.2473791464197763e+00,6.2238997275369528e+00,2.3223137340172402e+00,4.7579385494988085e+00,4.7579385494988085e+00,9.6356101858991772e-01,3.6752452460492848e+00,4.7579385494988085e+00,9.6356101858991772e-01,9.6356101858991772e-01,6.2238997275369528e+00,6.2238997275369528e+00,4.7579385494988085e+00,6.2238997275369528e+00,5.2473791464197763e+00,6.2238997275369528e+00,6.2238997275369528e+00,9.6356101858991772e-01,6.2238997275369528e+00,4.7579385494988085e+00,6.2238997275369528e+00,4.7579385494988085e+00,1.8726767329522720e+00,6.2238997275369528e+00,0.0000000000000000e+00,3.6752452460492848e+00,6.2238997275369528e+00,6.2238997275369528e+00,0.0000000000000000e+00,2.3223137340172402e+00,5.2473791464197763e+00,6.2238997275369528e+00,3.6752452460492848e+00,5.2473791464197763e+00,9.6356101858991772e-01,5.2473791464197763e+00,4.7579385494988085e+00,4.7579385494988085e+00,3.6752452460492848e+00,6.2238997275369528e+00,6.2238997275369528e+00,4.7579385494988085e+00,4.7579385494988085e+00,5.2473791464197763e+00,4.7579385494988085e+00,9.6356101858991772e-01,2.3223137340172402e+00,9.6356101858991772e-01,6.2238997275369528e+00,4.7579385494988085e+00,9.6356101858991772e-01,1.8726767329522720e+00,5.2473791464197763e+00,5.2473791464197763e+00,4.7579385494988085e+00,4.7579385494988085e+00,9.6356101858991772e-01,4.7579385494988085e+00,6.2238997275369528e+00,4.7579385494988085e+00,1.8726767329522720e+00,4.7579385494988085e+00,6.2238997275369528e+00,6.2238997275369528e+00,6.2238997275369528e+00,4.7579385494988085e+00,6.2238997275369528e+00,5.2473791464197763e+00,2.3223137340172402e+00,1.8726767329522720e+00,3.6752452460492848e+00,5.2473791464197763e+00,6.2238997275369528e+00,6.2238997275369528e+00,6.2238997275369528e+00,1.8726767329522720e+00,9.6356101858991772e-01,5.2473791464197763e+00,9.6356101858991772e-01,5.2473791464197763e+00,2.3223137340172402e+00,3.6752452460492848e+00,1.8726767329522720e+00,1.8726767329522720e+00,5.2473791464197763e+00,2.3223137340172402e+00,4.7579385494988085e+00,0.0000000000000000e+00,1.8726767329522720e+00,9.6356101858991772e-01,6.2238997275369528e+00,4.7579385494988085e+00,0.0000000000000000e+00,4.7579385494988085e+00,4.7579385494988085e+00,6.2238997275369528e+00,6.2238997275369528e+00,5.2473791464197763e+00,5.2473791464197763e+00,2.3223137340172402e+00,6.2238997275369528e+00,4.7579385494988085e+00,4.7579385494988085e+00,6.2238997275369528e+00,4.7579385494988085e+00,0.0000000000000000e+00,1.8726767329522720e+00,4.7579385494988085e+00,6.2238997275369528e+00,0.0000000000000000e+00,4.7579385494988085e+00,4.7579385494988085e+00,2.3223137340172402e+00,4.7579385494988085e+00,6.2238997275369528e+00,4.7579385494988085e+00,4.7579385494988085e+00,4.7579385494988085e+00,5.2473791464197763e+00,9.6356101858991772e-01,9.6356101858991772e-01,5.2473791464197763e+00,0.0000000000000000e+00,5.2473791464197763e+00,4.7579385494988085e+00,6.2238997275369528e+00,2.3223137340172402e+00,6.2238997275369528e+00,4.7579385494988085e+00,6.2238997275369528e+00,0.0000000000000000e+00,6.2238997275369528e+00,3.6752452460492848e+00,5.2473791464197763e+00,9.6356101858991772e-01,5.2473791464197763e+00,6.2238997275369528e+00,6.2238997275369528e+00,6.2238997275369528e+00,6.2238997275369528e+00,0.0000000000000000e+00,2.3223137340172402e+00,1.8726767329522720e+00,6.2238997275369528e+00,6.2238997275369528e+00,0.0000000000000000e+00,6.2238997275369528e+00,9.6356101858991772e-01,4.7579385494988085e+00,6.2238997275369528e+00,4.7579385494988085e+00,4.7579385494988085e+00,3.6752452460492848e+00,4.7579385494988085e+00,4.7579385494988085e+00,6.2238997275369528e+00,4.7579385494988085e+00,5.2473791464197763e+00,6.2238997275369528e+00,6.2238997275369528e+00,6.2238997275369528e+00,6.2238997275369528e+00,4.7579385494988085e+00,6.2238997275369528e+00,3.6752452460492848e+00,6.2238997275369528e+00,6.2238997275369528e+00,6.2238997275369528e+00,0.0000000000000000e+00,5.2473791464197763e+00,6.2238997275369528e+00,5.2473791464197763e+00,5.2473791464197763e+00,6.2238997275369528e+00,4.7579385494988085e+00,4.7579385494988085e+00,5.2473791464197763e+00,9.6356101858991772e-01,4.7579385494988085e+00,1.8726767329522720e+00,6.2238997275369528e+00,9.6356101858991772e-01,5.2473791464197763e+00,9.6356101858991772e-01,5.2473791464197763e+00,6.2238997275369528e+00,6.2238997275369528e+00,5.2473791464197763e+00,1.8726767329522720e+00,6.2238997275369528e+00,6.2238997275369528e+00,0.0000000000000000e+00,9.6356101858991772e-01,0.0000000000000000e+00,1.8726767329522720e+00,3.6752452460492848e+00,4.7579385494988085e+00,6.2238997275369528e+00,6.2238997275369528e+00,9.6356101858991772e-01,0.0000000000000000e+00,6.2238997275369528e+00,4.7579385494988085e+00,3.6752452460492848e+00,1.8726767329522720e+00,6.2238997275369528e+00,1.8726767329522720e+00,6.2238997275369528e+00,6.2238997275369528e+00,4.7579385494988085e+00,5.2473791464197763e+00,3.6752452460492848e+00,4.7579385494988085e+00,1.8726767329522720e+00,1.8726767329522720e+00,6.2238997275369528e+00,6.2238997275369528e+00,5.2473791464197763e+00,6.2238997275369528e+00,0.0000000000000000e+00,4.7579385494988085e+00,0.0000000000000000e+00,9.6356101858991772e-01,9.6356101858991772e-01,3.6752452460492848e+00,4.7579385494988085e+00,5.2473791464197763e+00,2.3223137340172402e+00,6.2238997275369528e+00,6.2238997275369528e+00,6.2238997275369528e+00,4.7579385494988085e+00,6.2238997275369528e+00,3.6752452460492848e+00,6.2238997275369528e+00,9.6356101858991772e-01,6.2238997275369528e+00,0.0000000000000000e+00,2.3223137340172402e+00,0.0000000000000000e+00,5.2473791464197763e+00,1.8726767329522720e+00,0.0000000000000000e+00,4.7579385494988085e+00,1.8726767329522720e+00,1.8726767329522720e+00,1.8726767329522720e+00,5.2473791464197763e+00,3.6752452460492848e+00,5.2473791464197763e+00,3.6752452460492848e+00,2.3223137340172402e+00,3.6752452460492848e+00,6.2238997275369528e+00,3.6752452460492848e+00,4.7579385494988085e+00,6.2238997275369528e+00,6.2238997275369528e+00,4.7579385494988085e+00,2.3223137340172402e+00,1.8726767329522720e+00,4.7579385494988085e+00,3.6752452460492848e+00,4.7579385494988085e+00,6.2238997275369528e+00,3.6752452460492848e+00,4.7579385494988085e+00,2.3223137340172402e+00,1.8726767329522720e+00,9.6356101858991772e-01,0.0000000000000000e+00,2.3223137340172402e+00,1.8726767329522720e+00,1.8726767329522720e+00,3.6752452460492848e+00,2.3223137340172402e+00,6.2238997275369528e+00,4.7579385494988085e+00,9.6356101858991772e-01,4.7579385494988085e+00,1.8726767329522720e+00,3.6752452460492848e+00,3.6752452460492848e+00,3.6752452460492848e+00,4.7579385494988085e+00
1.8545703135745371e+00,1.8545703135745371e+00,1.8545703135745371e+00,5.2409859912075243e+00,5.9198102644060775e+00,3.8094901421359535e+00,5.2409859912075243e+00,5.2409859912075243e+00,1.8545703135745371e+00,5.9198102644060775e+00,1.8545703135745371e+00,5.2409859912075243e+00,5.2409859912075243e+00,5.2409859912075243e+00,5.2409859912075243e+00,5.2409859912075243e+00,5.2409859912075243e+00,5.2409859912075243e+00,5.2409859912075243e+00,5.2409859912075243e+00,1.8545703135745371e+00,4.6124733517983358e+00,4.6124733517983358e+00,4.6124733517983358e+00,3.8094901421359535e+00,1.8545703135745371e+00,5.2409859912075243e+00,5.2409859912075243e+00,1.8545703135745371e+00,1.8545703135745371e+00,0.0000000000000000e+00,5.2409859912075243e+00,5.2409859912075243e+00,5.2409859912075243e+00,5.2409859912075243e+00,4.6124733517983358e+00,5.2409859912075243e+00,5.2409859912075243e+00,1.8545703135745371e+00,5.2409859912075243e+00,5.9198102644060775e+00,2.6050271164161245e+00,2.6050271164161245e+00,3.8094901421359535e+00,5.2409859912075243e+00,5.9198102644060775e+00,5.9198102644060775e+00,4.6124733517983358e+00,3.8094901421359535e+00,4.6124733517983358e+00,4.6124733517983358e+00,4.6124733517983358e+00,4.6124733517983358e+00,2.6050271164161245e+00,4.6124733517983358e+00,5.2409859912075243e+00,2.6050271164161245e+00,5.9198102644060775e+00,2.6050271164161245e+00,5.2409859912075243e+00,0.0000000000000000e+00,5.9198102644060775e+00,5.2409859912075243e+00,5.2409859912075243e+00,5.2409859912075243e+00,5.2409859912075243e+00,1.8545703135745371e+00,5.2409859912075243e+00,0.0000000000000000e+00,0.0000000000000000e+00,1.8545703135745371e+00,1.8545703135745371e+00,5.9198102644060775e+00,1.8545703135745371e+00,5.2409859912075243e+00,1.8545703135745371e+00,5.2409859912075243e+00,1.8545703135745371e+00,5.2409859912075243e+00,8.3960929871444123e-01,5.9198102644060775e+00,5.2409859912075243e+00,5.2409859912075243e+00,0.0000000000000000e+00,5.2409859912075243e+00,5.2409859912075243e+00,1.8545703135745371e+00,2.6050271164161245e+00,1.8545703135745371e+00,5.2409859912075243e+00,0.0000000000000000e+00,5.2409859912075243e+00,8.3960929871444123e-01,5.2409859912075243e+00,5.2409859912075243e+00,5.2409859912075243e+00,1.8545703135745371e+00,1.8545703135745371e+00,0.0000000000000000e+00,5.2409859912075243e+00,2.6050271164161245e+00,5.2409859912075243e+00,2.6050271164161245e+00,5.9198102644060775e+00,5.9198102644060775e+00,3.8094901421359535e+00,4.6124733517983358e+00,4.6124733517983358e+00,8.3960929871444123e-01,1.8545703135745371e+00,5.9198102644060775e+00,1.8545703135745371e+00,3.8094901421359535e+00,2.6050271164161245e+00,1.8545703135745371e+00,3.8094901421359535e+00,3.8094901421359535e+00,3.8094901421359535e+00,4.6124733517983358e+00,5.9198102644060775e+00,5.9198102644060775e+00,2.6050271164161245e+00,3.8094901421359535e+00,5.9198102644060775e+00,4.6124733517983358e+00,5.9198102644060775e+00,3.8094901421359535e+00,1.8545703135745371e+00,5.2409859912075243e+00,8.3960929871444123e-01,3.8094901421359535e+00,3.8094901421359535e+00,5.2409859912075243e+00,8.3960929871444123e-01,3.8094901421359535e+00,3.8094901421359535e+00,5.9198102644060775e+00,1.8545703135745371e+00,3.8094901421359535e+00,2.6050271164161245e+00,8.3960929871444123e-01,1.8545703135745371e+00,8.3960929871444123e-01,8.3960929871444123e-01,5.9198102644060775e+00,1.8545703135745371e+00,4.6124733517983358e+00,5.9198102644060775e+00,5.9198102644060775e+00,4.6124733517983358e+00,3.8094901421359535e+00,1.8545703135745371e+00,0.0000000000000000e+00,3.8094901421359535e+00,2.6050271164161245e+00,5.9198102644060775e+00,5.9198102644060775e+00,5.9198102644060775e+00,8.3960929871444123e-01,8.3960929871444123e-01,5.9198102644060775e+00,2.6050271164161245e+00,5.2409859912075243e+00,1.8545703135745371e+00,0.0000000000000000e+00,1.8545703135745371e+00,3.8094901421359535e+00,0.0000000000000000e+00,5.9198102644060775e+00,3.8094901421359535e+00,5.2409859912075243e+00,5.2409859912075243e+00,5.9198102644060775e+00,5.2409859912075243e+00,5.9198102644060775e+00,0.0000000000000000e+00,2.6050271164161245e+00,5.9198102644060775e+00,0.0000000000000000e+00,8.3960929871444123e-01,5.9198102644060775e+00,8.3960929871444123e-01,5.9198102644060775e+00,0.0000000000000000e+00,5.2409859912075243e+00,5.2409859912075243e+00,5.2409859912075243e+00,5.9198102644060775e+00,5.2409859912075243e+00,2.6050271164161245e+00,5.2409859912075243e+00,5.9198102644060775e+00,5.2409859912075243e+00,5.2409859912075243e+00,3.8094901421359535e+00,3.8094901421359535e+00,1.8545703135745371e+00,4.6124733517983358e+00,3.8094901421359535e+00,5.2409859912075243e+00,5.2409859912075243e+00,8.3960929871444123e-01,5.2409859912075243e+00,5.2409859912075243e+00,5.2409859912075243e+00,5.2409859912075243e+00,5.9198102644060775e+00,4.6124733517983358e+00,3.8094901421359535e+00,0.0000000000000000e+00,5.2409859912075243e+00,5.2409859912075243e+00,5.2409859912075243e+00,2.6050271164161245e+00,3.8094901421359535e+00,2.6050271164161245e+00,5.2409859912075243e+00,5.9198102644060775e+00,5.2409859912075243e+00,3.8094901421359535e+00,5.9198102644060775e+00,3.8094901421359535e+00,8.3960929871444123e-01,5.2409859912075243e+00,3.8094901421359535e+00,8.3960929871444123e-01,0.0000000000000000e+00,4.6124733517983358e+00,5.2409859912075243e+00,5.2409859912075243e+00,3.8094901421359535e+00,3.8094901421359535e+00,1.8545703135745371e+00,4.6124733517983358e+00,5.2409859912075243e+00,5.2409859912075243e+00,8.3960929871444123e-01,5.2409859912075243e+00,3.8094901421359535e+00,5.2409859912075243e+00,5.2409859912075243e+00,3.8094901421359535e+00,5.9198102644060775e+00,5.9198102644060775e+00,3.8094901421359535e+00,5.9198102644060775e+00,4.6124733517983358e+00,5.9198102644060775e+00,5.9198102644060775e+00,5.2409859912075243e+00,2.6050271164161245e+00,8.3960929871444123e-01,5.2409859912075243e+00,8.3960929871444123e-01,3.8094901421359535e+00,5.2409859912075243e+00,5.2409859912075243e+00,2.6050271164161245e+00,2.6050271164161245e+00,5.2409859912075243e+00,8.3960929871444123e-01,5.9198102644060775e+00,5.2409859912075243e+00,8.3960929871444123e-01,5.9198102644060775e+00,1.8545703135745371e+00,4.6124733517983358e+00,5.9198102644060775e+00,5.9198102644060775e+00,5.9198102644060775e+00,2.6050271164161245e+00,2.6050271164161245e+00,2.6050271164161245e+00,2.6050271164161245e+00,5.9198102644060775e+00,0.0000000000000000e+00,5.2409859912075243e+00,5.9198102644060775e+00,0.0000000000000000e+00,5.2409859912075243e+00,5.9198102644060775e+00,5.9198102644060775e+00,4.6124733517983358e+00,5.9198102644060775e+00,0.0000000000000000e+00,5.9198102644060775e+00,2.6050271164161245e+00,5.9198102644060775e+00,5.2409859912075243e+00,5.2409859912075243e+00,5.2409859912075243e+00,4.6124733517983358e+00,1.8545703135745371e+00,5.2409859912075243e+00,5.9198102644060775e+00,5.9198102644060775e+00,4.6124733517983358e+00,1.8545703135745371e+00,8.3960929871444123e-01,1.8545703135745371e+00,8.3960929871444123e-01,5.9198102644060775e+00,1.8545703135745371e+00,3.8094901421359535e+00,3.8094901421359535e+00,5.2409859912075243e+00,1.8545703135745371e+00,5.2409859912075243e+00,8.3960929871444123e-01,5.2409859912075243e+00,8.3960929871444123e-01,5.2409859912075243e+00,5.2409859912075243e+00,5.2409859912075243e+00,5.2409859912075243e+00,5.9198102644060775e+00,8.3960929871444123e-01,5.2409859912075243e+00,3.8094901421359535e+00,5.2409859912075243e+00,5.2409859912075243e+00,5.2409859912075243e+00,3.8094901421359535e+00,5.2409859912075243e+00,5.9198102644060775e+00,5.9198102644060775e+00,2.6050271164161245e+00,2.6050271164161245e+00,3.8094901421359535e+00,5.9198102644060775e+00,5.9198102644060775e+00,5.9198102644060775e+00,8.3960929871444123e-01,2.6050271164161245e+00,5.9198102644060775e+00,5.2409859912075243e+00,1.8545703135745371e+00,3.8094901421359535e+00,3.8094901421359535e+00,5.2409859912075243e+00,4.6124733517983358e+00,0.0000000000000000e+00,5.2409859912075243e+00,3.8094901421359535e+00,5.2409859912075243e+00,4.6124733517983358e+00,3.8094901421359535e+00,5.9198102644060775e+00,0.0000000000000000e+00,3.8094901421359535e+00,3.8094901421359535e+00,2.6050271164161245e+00,2.6050271164161245e+00,5.2409859912075243e+00,5.2409859912075243e+00,2.6050271164161245e+00,3.8094901421359535e+00,3.8094901421359535e+00,5.9198102644060775e+00,5.9198102644060775e+00,0.0000000000000000e+00,5.2409859912075243e+00,5.2409859912075243e+00,0.0000000000000000e+00,1.8545703135745371e+00,1.8545703135745371e+00,0.0000000000000000e+00,8.3960929871444123e-01,1.8545703135745371e+00,8.3960929871444123e-01,5.2409859912075243e+00,5.2409859912075243e+00,3.8094901421359535e+00,0.0000000000000000e+00,2.6050271164161245e+00,8.3960929871444123e-01,5.2409859912075243e+00,2.6050271164161245e+00,5.2409859912075243e+00,5.2409859912075243e+00,0.0000000000000000e+00,5.2409859912075243e+00,5.2409859912075243e+00,2.6050271164161245e+00,8.3960929871444123e-01,0.0000000000000000e+00,5.9198102644060775e+00,5.9198102644060775e+00,0.0000000000000000e+00,3.8094901421359535e+00,5.2409859912075243e+00,5.2409859912075243e+00,4.6124733517983358e+00,3.8094901421359535e+00,1.8545703135745371e+00,4.6124733517983358e+00,5.2409859912075243e+00,4.6124733517983358e+00,8.3960929871444123e-01,5.2409859912075243e+00,0.0000000000000000e+00,3.8094901421359535e+00,1.8545703135745371e+00,5.9198102644060775e+00,0.0000000000000000e+00,5.2409859912075243e+00,5.2409859912075243e+00,3.8094901421359535e+00,4.6124733517983358e+00,1.8545703135745371e+00,5.2409859912075243e+00,5.2409859912075243e+00,5.2409859912075243e+00,5.2409859912075243e+00,5.2409859912075243e+00,5.9198102644060775e+00,5.9198102644060775e+00,1.8545703135745371e+00,3.8094901421359535e+00,4.6124733517983358e+00,0.0000000000000000e+00,5.2409859912075243e+00,5.2409859912075243e+00,5.2409859912075243e+00,5.2409859912075243e+00,5.2409859912075243e+00,4.6124733517983358e+00,5.2409859912075243e+00,5.2409859912075243e+00,2.6050271164161245e+00,8.3960929871444123e-01,5.9198102644060775e+00,1.8545703135745371e+00,1.8545703135745371e+00,5.2409859912075243e+00,2.6050271164161245e+00,5.2409859912075243e+00,4.6124733517983358e+00,5.2409859912075243e+00,5.2409859912075243e+00,3.8094901421359535e+00,5.2409859912075243e+00,1.8545703135745371e+00,0.0000000000000000e+00,5.2409859912075243e+00,3.8094901421359535e+00,5.2409859912075243e+00,8.3960929871444123e-01,5.2409859912075243e+00,0.0000000000000000e+00,5.9198102644060775e+00,8.3960929871444123e-01,3.8094901421359535e+00,4.6124733517983358e+00,3.8094901421359535e+00,3.8094901421359535e+00,3.8094901421359535e+00,8.3960929871444123e-01,5.9198102644060775e+00,8.3960929871444123e-01,5.9198102644060775e+00,5.9198102644060775e+00,5.9198102644060775e+00,4.6124733517983358e+00,0.0000000000000000e+00,3.8094901421359535e+00,0.0000000000000000e+00,5.9198102644060775e+00,5.9198102644060775e+00,2.6050271164161245e+00,4.6124733517983358e+00,1.8545703135745371e+00,5.2409859912075243e+00,4.6124733517983358e+00,5.2409859912075243e+00,5.2409859912075243e+00,5.9198102644060775e+00,3.8094901421359535e+00,1.8545703135745371e+00,5.9198102644060775e+00,4.6124733517983358e+00,1.8545703135745371e+00,5.2409859912075243e+00,5.9198102644060775e+00,5.2409859912075243e+00,2.6050271164161245e+00,5.2409859912075243e+00,2.6050271164161245e+00,3.8094901421359535e+00,5.2409859912075243e+00,5.2409859912075243e+00,2.6050271164161245e+00,3.8094901421359535e+00,5.2409859912075243e+00,8.3960929871444123e-01,4.6124733517983358e+00,1.8545703135745371e+00,5.9198102644060775e+00,8.3960929871444123e-01,8.3960929871444123e-01,8.3960929871444123e-01,5.9198102644060775e+00,5.9198102644060775e+00,2.6050271164161245e+00,5.2409859912075243e+00,3.8094901421359535e+00,3.8094901421359535e+00,5.9198102644060775e+00,5.2409859912075243e+00,3.8094901421359535e+00,5.9198102644060775e+00,8.3960929871444123e-01,5.9198102644060775e+00,2.6050271164161245e+00,5.9198102644060775e+00,5.2409859912075243e+00,5.9198102644060775e+00,3.8094901421359535e+00,3.8094901421359535e+00,5.2409859912075243e+00,2.6050271164161245e+00,3.8094901421359535e+00,2.6050271164161245e+00,5.9198102644060775e+00,5.2409859912075243e+00,0.0000000000000000e+00,5.9198102644060775e+00,0.0000000000000000e+00,5.2409859912075243e+00,8.3960929871444123e-01,5.9198102644060775e+00,8.3960929871444123e-01,5.9198102644060775e+00,2.6050271164161245e+00,5.2409859912075243e+00,4.6124733517983358e+00,5.2409859912075243e+00,5.2409859912075243e+00,3.8094901421359535e+00,5.9198102644060775e+00,4.6124733517983358e+00,5.2409859912075243e+00,4.6124733517983358e+00,5.9198102644060775e+00,5.9198102644060775e+00,2.6050271164161245e+00,5.9198102644060775e+00,8.3960929871444123e-01,4.6124733517983358e+00,3.8094901421359535e+00,3.8094901421359535e+00,0.0000000000000000e+00,4.6124733517983358e+00,1.8545703135745371e+00,5.2409859912075243e+00,8.3960929871444123e-01,1.8545703135745371e+00,8.3960929871444123e-01,5.9198102644060775e+00,5.9198102644060775e+00,5.9198102644060775e+00,5.9198102644060775e+00,4.6124733517983358e+00,5.9198102644060775e+00,2.6050271164161245e+00,1.8545703135745371e+00,5.9198102644060775e+00,5.2409859912075243e+00,5.9198102644060775e+00,5.9198102644060775e+00,0.0000000000000000e+00,5.9198102644060775e+00,2.6050271164161245e+00,5.2409859912075243e+00,5.9198102644060775e+00,2.6050271164161245e+00,5.9198102644060775e+00,3.8094901421359535e+00,1.8545703135745371e+00,5.9198102644060775e+00,5.9198102644060775e+00,5.2409859912075243e+00,5.2409859912075243e+00,5.2409859912075243e+00,3.8094901421359535e+00,3.8094901421359535e+00,5.9198102644060775e+00,5.2409859912075243e+00,3.8094901421359535e+00,3.8094901421359535e+00,3.8094901421359535e+00,3.8094901421359535e+00,5.9198102644060775e+00,1.8545703135745371e+00,5.2409859912075243e+00,3.8094901421359535e+00,4.6124733517983358e+00,1.8545703135745371e+00,5.2409859912075243e+00,3.8094901421359535e+00,5.9198102644060775e+00,5.2409859912075243e+00,4.6124733517983358e+00,4.6124733517983358e+00,2.6050271164161245e+00,4.6124733517983358e+00,5.9198102644060775e+00,0.0000000000000000e+00,5.2409859912075243e+00,5.9198102644060775e+00,0.0000000000000000e+00,5.2409859912075243e+00,8.3960929871444123e-01,5.9198102644060775e+00,5.2409859912075243e+00,4.6124733517983358e+00,4.6124733517983358e+00,5.2409859912075243e+00,0.0000000000000000e+00,5.2409859912075243e+00,2.6050271164161245e+00,5.2409859912075243e+00,5.9198102644060775e+00,1.8545703135745371e+00,0.0000000000000000e+00,0.0000000000000000e+00,2.6050271164161245e+00,3.8094901421359535e+00,5.9198102644060775e+00,5.9198102644060775e+00,4.6124733517983358e+00,5.9198102644060775e+00,5.9198102644060775e+00,2.6050271164161245e+00,5.2409859912075243e+00,3.8094901421359535e+00,5.9198102644060775e+00,5.9198102644060775e+00,4.6124733517983358e+00,5.9198102644060775e+00,4.6124733517983358e+00,1.8545703135745371e+00,3.8094901421359535e+00,5.9198102644060775e+00,5.9198102644060775e+00,4.6124733517983358e+00,5.9198102644060775e+00,5.9198102644060775e+00,0.0000000000000000e+00,5.2409859912075243e+00,5.9198102644060775e+00,4.6124733517983358e+00,4.6124733517983358e+00,3.8094901421359535e+00,2.6050271164161245e+00,3.8094901421359535e+00,4.6124733517983358e+00,2.6050271164161245e+00,5.2409859912075243e+00,5.2409859912075243e+00,3.8094901421359535e+00,5.2409859912075243e+00,1.8545703135745371e+00,0.0000000000000000e+00,1.8545703135745371e+00,2.6050271164161245e+00,0.0000000000000000e+00,0.0000000000000000e+00,5.9198102644060775e+00,5.9198102644060775e+00,1.8545703135745371e+00,5.9198102644060775e+00,4.6124733517983358e+00,4.6124733517983358e+00,8.3960929871444123e-01,1.8545703135745371e+00,5.9198102644060775e+00,4.6124733517983358e+00,8.3960929871444123e-01,5.9198102644060775e+00,8.3960929871444123e-01,5.2409859912075243e+00,5.2409859912075243e+00,2.6050271164161245e+00,1.8545703135745371e+00,5.2409859912075243e+00,3.8094901421359535e+00,3.8094901421359535e+00,5.9198102644060775e+00,3.8094901421359535e+00,4.6124733517983358e+00,3.8094901421359535e+00,5.2409859912075243e+00,8.3960929871444123e-01,3.8094901421359535e+00,3.8094901421359535e+00,2.6050271164161245e+00,3.8094901421359535e+00,5.2409859912075243e+00,5.2409859912075243e+00,3.8094901421359535e+00,5.2409859912075243e+00,3.8094901421359535e+00,5.2409859912075243e+00,5.9198102644060775e+00,2.6050271164161245e+00,5.9198102644060775e+00,0.0000000000000000e+00,3.8094901421359535e+00,3.8094901421359535e+00,0.0000000000000000e+00,5.2409859912075243e+00,3.8094901421359535e+00,3.8094901421359535e+00,0.0000000000000000e+00,5.2409859912075243e+00,8.3960929871444123e-01,5.9198102644060775e+00,5.9198102644060775e+00,1.8545703135745371e+00,0.0000000000000000e+00,4.6124733517983358e+00,2.6050271164161245e+00,5.9198102644060775e+00,5.9198102644060775e+00,5.9198102644060775e+00,5.9198102644060775e+00,5.9198102644060775e+00,5.2409859912075243e+00,2.6050271164161245e+00,3.8094901421359535e+00,2.6050271164161245e+00,2.6050271164161245e+00,2.6050271164161245e+00,2.6050271164161245e+00,3.8094901421359535e+00,5.2409859912075243e+00,4.6124733517983358e+00,5.9198102644060775e+00,3.8094901421359535e+00,3.8094901421359535e+00,0.0000000000000000e+00,5.9198102644060775e+00,5.9198102644060775e+00,5.9198102644060775e+00,4.6124733517983358e+00,5.2409859912075243e+00,4.6124733517983358e+00,4.6124733517983358e+00,5.2409859912075243e+00,4.6124733517983358e+00,3.8094901421359535e+00,1.8545703135745371e+00,8.3960929871444123e-01,4.6124733517983358e+00,4.6124733517983358e+00,4.6124733517983358e+00,5.2409859912075243e+00,5.2409859912075243e+00,5.2409859912075243e+00,5.2409859912075243e+00,5.2409859912075243e+00,3.8094901421359535e+00,5.9198102644060775e+00,8.3960929871444123e-01,0.0000000000000000e+00,0.0000000000000000e+00,5.2409859912075243e+00,4.6124733517983358e+00,5.2409859912075243e+00,8.3960929871444123e-01,5.9198102644060775e+00,5.2409859912075243e+00,2.6050271164161245e+00,1.8545703135745371e+00,3.8094901421359535e+00,4.6124733517983358e+00,5.9198102644060775e+00,4.6124733517983358e+00,3.8094901421359535e+00,1.8545703135745371e+00,4.6124733517983358e+00,5.2409859912075243e+00,5.9198102644060775e+00,3.8094901421359535e+00,3.8094901421359535e+00,3.8094901421359535e+00,0.0000000000000000e+00,5.9198102644060775e+00,3.8094901421359535e+00,3.8094901421359535e+00,5.9198102644060775e+00,3.8094901421359535e+00,4.6124733517983358e+00,4.6124733517983358e+00,0.0000000000000000e+00,1.8545703135745371e+00,3.8094901421359535e+00,5.2409859912075243e+00,4.6124733517983358e+00,5.2409859912075243e+00,8.3960929871444123e-01,5.2409859912075243e+00,3.8094901421359535e+00,4.6124733517983358e+00,3.8094901421359535e+00,5.2409859912075243e+00,3.8094901421359535e+00,3.8094901421359535e+00,3.8094901421359535e+00,4.6124733517983358e+00,4.6124733517983358e+00,4.6124733517983358e+00,4.6124733517983358e+00,3.8094901421359535e+00,4.6124733517983358e+00,1.8545703135745371e+00,2.6050271164161245e+00,5.9198102644060775e+00,5.9198102644060775e+00,3.8094901421359535e+00,3.8094901421359535e+00,5.9198102644060775e+00,5.9198102644060775e+00,5.2409859912075243e+00,3.8094901421359535e+00,5.9198102644060775e+00,5.9198102644060775e+00,4.6124733517983358e+00,3.8094901421359535e+00,5.2409859912075243e+00,3.8094901421359535e+00,4.6124733517983358e+00,8.3960929871444123e-01,1.8545703135745371e+00,8.3960929871444123e-01,4.6124733517983358e+00,3.8094901421359535e+00,5.2409859912075243e+00,2.6050271164161245e+00,3.8094901421359535e+00,4.6124733517983358e+00,5.9198102644060775e+00,5.9198102644060775e+00,3.8094901421359535e+00,4.6124733517983358e+00,3.8094901421359535e+00,0.0000000000000000e+00,2.6050271164161245e+00,2.6050271164161245e+00,1.8545703135745371e+00,5.9198102644060775e+00,0.0000000000000000e+00,1.8545703135745371e+00,5.9198102644060775e+00,5.2409859912075243e+00,2.6050271164161245e+00,1.8545703135745371e+00,5.9198102644060775e+00,3.8094901421359535e+00,3.8094901421359535e+00,4.6124733517983358e+00,3.8094901421359535e+00,3.8094901421359535e+00,8.3960929871444123e-01,5.2409859912075243e+00,2.6050271164161245e+00,1.8545703135745371e+00,3.8094901421359535e+00,5.9198102644060775e+00,3.8094901421359535e+00,1.8545703135745371e+00,4.6124733517983358e+00,4.6124733517983358e+00,1.8545703135745371e+00,4.6124733517983358e+00,8.3960929871444123e-01,5.9198102644060775e+00,5.9198102644060775e+00,5.9198102644060775e+00,5.2409859912075243e+00,5.9198102644060775e+00,0.0000000000000000e+00,8.3960929871444123e-01,5.9198102644060775e+00,5.9198102644060775e+00,1.8545703135745371e+00,5.9198102644060775e+00,5.9198102644060775e+00,5.9198102644060775e+00,4.6124733517983358e+00,2.6050271164161245e+00,3.8094901421359535e+00,3.8094901421359535e+00,4.6124733517983358e+00,2.6050271164161245e+00,4.6124733517983358e+00,8.3960929871444123e-01,0.0000000000000000e+00,5.9198102644060775e+00,5.9198102644060775e+00,5.2409859912075243e+00,3.8094901421359535e+00,2.6050271164161245e+00,8.3960929871444123e-01,4.6124733517983358e+00,0.0000000000000000e+00,1.8545703135745371e+00,2.6050271164161245e+00,2.6050271164161245e+00,4.6124733517983358e+00,0.0000000000000000e+00,5.2409859912075243e+00,4.6124733517983358e+00,4.6124733517983358e+00,0.0000000000000000e+00,5.9198102644060775e+00,4.6124733517983358e+00,2.6050271164161245e+00,5.2409859912075243e+00,4.6124733517983358e+00,8.3960929871444123e-01,5.9198102644060775e+00,5.9198102644060775e+00,5.9198102644060775e+00,4.6124733517983358e+00,5.9198102644060775e+00,4.6124733517983358e+00,8.3960929871444123e-01,5.2409859912075243e+00,5.9198102644060775e+00,5.2409859912075243e+00,5.9198102644060775e+00,1.8545703135745371e+00,4.6124733517983358e+00,5.9198102644060775e+00,3.8094901421359535e+00,5.2409859912075243e+00,5.2409859912075243e+00,5.2409859912075243e+00,2.6050271164161245e+00,5.2409859912075243e+00,5.9198102644060775e+00,5.2409859912075243e+00,1.8545703135745371e+00,5.2409859912075243e+00,2.6050271164161245e+00,2.6050271164161245e+00,5.2409859912075243e+00,5.9198102644060775e+00,0.0000000000000000e+00,8.3960929871444123e-01,8.3960929871444123e-01,5.2409859912075243e+00,4.6124733517983358e+00,2.6050271164161245e+00,5.9198102644060775e+00,5.2409859912075243e+00,5.9198102644060775e+00,2.6050271164161245e+00,5.2409859912075243e+00,3.8094901421359535e+00,5.2409859912075243e+00,3.8094901421359535e+00,2.6050271164161245e+00,4.6124733517983358e+00,5.9198102644060775e+00,2.6050271164161245e+00,0.0000000000000000e+00,0.0000000000000000e+00,5.2409859912075243e+00,8.3960929871444123e-01,5.2409859912075243e+00,4.6124733517983358e+00,2.6050271164161245e+00,5.9198102644060775e+00,1.8545703135745371e+00,4.6124733517983358e+00,4.6124733517983358e+00,4.6124733517983358e+00,8.3960929871444123e-01,5.2409859912075243e+00,5.2409859912075243e+00,5.2409859912075243e+00,4.6124733517983358e+00,0.0000000000000000e+00,5.2409859912075243e+00,0.0000000000000000e+00,5.9198102644060775e+00,4.6124733517983358e+00,1.8545703135745371e+00,4.6124733517983358e+00,5.2409859912075243e+00,3.8094901421359535e+00,3.8094901421359535e+00,5.2409859912075243e+00,5.2409859912075243e+00,5.2409859912075243e+00,4.6124733517983358e+00,2.6050271164161245e+00
5.2720920971414831e+00,6.5598083496562714e+00,6.5598083496562714e+00,5.2720920971414831e+00,5.2720920971414831e+00,3.4314931785919907e+00,3.4314931785919907e+00,3.4314931785919907e+00,3.4314931785919907e+00,5.2720920971414831e+00,3.4314931785919907e+00,0.0000000000000000e+00,5.2720920971414831e+00,5.2720920971414831e+00,1.7642690975190094e+00,1.7642690975190094e+00,1.7642690975190094e+00,1.7642690975190094e+00,9.6780617212377451e-01,3.4314931785919907e+00,1.7642690975190094e+00,5.2720920971414831e+00,2.8374868377303377e+00,1.7642690975190094e+00,3.4314931785919907e+00,6.5598083496562714e+00,6.5598083496562714e+00,6.5598083496562714e+00,3.4314931785919907e+00,6.5598083496562714e+00,6.5598083496562714e+00,6.5598083496562714e+00,0.0000000000000000e+00,9.6780617212377451e-01,6.5598083496562714e+00,4.4944931948058535e+00,3.4314931785919907e+00,3.4314931785919907e+00,1.7642690975190094e+00,1.7642690975190094e+00,3.4314931785919907e+00,3.4314931785919907e+00,6.5598083496562714e+00,9.6780617212377451e-01,6.5598083496562714e+00,6.5598083496562714e+00,6.5598083496562714e+00,6.5598083496562714e+00,6.5598083496562714e+00,3.4314931785919907e+00,3.4314931785919907e+00,2.8374868377303377e+00,3.4314931785919907e+00,3.4314931785919907e+00,4.4944931948058535e+00,4.4944931948058535e+00,0.0000000000000000e+00,4.4944931948058535e+00,4.4944931948058535e+00,4.4944931948058535e+00,6.5598083496562714e+00,4.4944931948058535e+00,4.4944931948058535e+00,4.4944931948058535e+00,4.4944931948058535e+00,1.7642690975190094e+00,6.5598083496562714e+00,4.4944931948058535e+00,0.0000000000000000e+00,6.5598083496562714e+00,0.0000000000000000e+00,1.7642690975190094e+00,6.5598083496562714e+00,6.5598083496562714e+00,6.5598083496562714e+00,3.4314931785919907e+00,6.5598083496562714e+00,4.4944931948058535e+00,6.5598083496562714e+00,0.0000000000000000e+00,0.0000000000000000e+00,4.4944931948058535e+00,3.4314931785919907e+00,3.4314931785919907e+00,4.4944931948058535e+00,9.6780617212377451e-01,5.2720920971414831e+00,5.2720920971414831e+00,6.5598083496562714e+00,5.2720920971414831e+00,4.4944931948058535e+00,2.8374868377303377e+00,6.5598083496562714e+00,6.5598083496562714e+00,6.5598083496562714e+00,4.4944931948058535e+00,6.5598083496562714e+00,0.0000000000000000e+00,1.7642690975190094e+00,6.5598083496562714e+00,3.4314931785919907e+00,4.4944931948058535e+00,6.5598083496562714e+00,4.4944931948058535e+00,6.5598083496562714e+00,0.0000000000000000e+00,2.8374868377303377e+00,1.7642690975190094e+00,6.5598083496562714e+00,4.4944931948058535e+00,6.5598083496562714e+00,3.4314931785919907e+00,0.0000000000000000e+00,3.4314931785919907e+00,4.4944931948058535e+00,6.5598083496562714e+00,6.5598083496562714e+00,6.5598083496562714e+00,4.4944931948058535e+00,6.5598083496562714e+00,6.5598083496562714e+00,6.5598083496562714e+00,3.4314931785919907e+00,6.5598083496562714e+00,0.0000000000000000e+00,1.7642690975190094e+00,2.8374868377303377e+00,6.5598083496562714e+00,5.2720920971414831e+00,1.7642690975190094e+00,6.5598083496562714e+00,6.5598083496562714e+00,5.2720920971414831e+00,5.2720920971414831e+00,6.5598083496562714e+00,1.7642690975190094e+00,6.5598083496562714e+00,2.8374868377303377e+00,9.6780617212377451e-01,5.2720920971414831e+00,9.6780617212377451e-01,5.2720920971414831e+00,6.5598083496562714e+00,9.6780617212377451e-01,5.2720920971414831e+00,6.5598083496562714e+00,5.2720920971414831e+00,6.5598083496562714e+00,6.5598083496562714e+00,5.2720920971414831e+00,5.2720920971414831e+00,0.0000000000000000e+00,5.2720920971414831e+00,5.2720920971414831e+00,5.2720920971414831e+00,1.7642690975190094e+00,5.2720920971414831e+00,2.8374868377303377e+00,5.2720920971414831e+00,6.5598083496562714e+00,6.5598083496562714e+00,1.7642690975190094e+00,5.2720920971414831e+00,5.2720920971414831e+00,5.2720920971414831e+00,9.6780617212377451e-01,1.7642690975190094e+00,4.4944931948058535e+00,3.4314931785919907e+00,1.7642690975190094e+00,4.4944931948058535e+00,4.4944931948058535e+00,3.4314931785919907e+00,9.6780617212377451e-01,9.6780617212377451e-01,6.5598083496562714e+00,5.2720920971414831e+00,9.6780617212377451e-01,6.5598083496562714e+00,1.7642690975190094e+00,5.2720920971414831e+00,3.4314931785919907e+00,9.6780617212377451e-01,5.2720920971414831e+00,6.5598083496562714e+00,6.5598083496562714e+00,3.4314931785919907e+00,6.5598083496562714e+00,6.5598083496562714e+00,1.7642690975190094e+00,3.4314931785919907e+00,6.5598083496562714e+00,9.6780617212377451e-01,6.5598083496562714e+00,5.2720920971414831e+00,6.5598083496562714e+00,5.2720920971414831e+00,1.7642690975190094e+00,5.2720920971414831e+00,5.2720920971414831e+00,4.4944931948058535e+00,6.5598083496562714e+00,3.4314931785919907e+00,4.4944931948058535e+00,1.7642690975190094e+00,9.6780617212377451e-01,1.7642690975190094e+00,6.5598083496562714e+00,5.2720920971414831e+00,0.0000000000000000e+00,5.2720920971414831e+00,3.4314931785919907e+00,5.2720920971414831e+00,6.5598083496562714e+00,1.7642690975190094e+00,5.2720920971414831e+00,6.5598083496562714e+00,6.5598083496562714e+00,6.5598083496562714e+00,6.5598083496562714e+00,6.5598083496562714e+00,5.2720920971414831e+00,6.5598083496562714e+00,6.5598083496562714e+00,6.5598083496562714e+00,6.5598083496562714e+00,0.0000000000000000e+00,3.4314931785919907e+00,6.5598083496562714e+00,3.4314931785919907e+00,3.4314931785919907e+00,1.7642690975190094e+00,3.4314931785919907e+00,2.8374868377303377e+00,3.4314931785919907e+00,6.5598083496562714e+00,5.2720920971414831e+00,3.4314931785919907e+00,6.5598083496562714e+00,6.5598083496562714e+00,1.7642690975190094e+00,4.4944931948058535e+00,0.0000000000000000e+00,4.4944931948058535e+00,0.0000000000000000e+00,1.7642690975190094e+00,6.5598083496562714e+00,1.7642690975190094e+00,0.0000000000000000e+00,1.7642690975190094e+00,2.8374868377303377e+00,1.7642690975190094e+00,5.2720920971414831e+00,1.7642690975190094e+00,5.2720920971414831e+00,5.2720920971414831e+00,6.5598083496562714e+00,3.4314931785919907e+00,5.2720920971414831e+00,3.4314931785919907e+00,1.7642690975190094e+00,1.7642690975190094e+00,6.5598083496562714e+00,3.4314931785919907e+00,5.2720920971414831e+00,4.4944931948058535e+00,3.4314931785919907e+00,4.4944931948058535e+00,5.2720920971414831e+00,5.2720920971414831e+00,6.5598083496562714e+00,5.2720920971414831e+00,4.4944931948058535e+00,1.7642690975190094e+00,5.2720920971414831e+00,5.2720920971414831e+00,5.2720920971414831e+00,4.4944931948058535e+00,5.2720920971414831e+00,3.4314931785919907e+00,9.6780617212377451e-01,5.2720920971414831e+00,4.4944931948058535e+00,3.4314931785919907e+00,1.7642690975190094e+00,6.5598083496562714e+00,5.2720920971414831e+00,9.6780617212377451e-01,6.5598083496562714e+00,4.4944931948058535e+00,1.7642690975190094e+00,2.8374868377303377e+00,5.2720920971414831e+00,3.4314931785919907e+00,9.6780617212377451e-01,2.8374868377303377e+00,5.2720920971414831e+00,1.7642690975190094e+00,2.8374868377303377e+00,2.8374868377303377e+00,5.2720920971414831e+00,5.2720920971414831e+00,6.5598083496562714e+00,5.2720920971414831e+00,0.0000000000000000e+00,5.2720920971414831e+00,5.2720920971414831e+00,5.2720920971414831e+00,5.2720920971414831e+00,9.6780617212377451e-01,0.0000000000000000e+00,5.2720920971414831e+00,6.5598083496562714e+00,1.7642690975190094e+00,5.2720920971414831e+00,6.5598083496562714e+00,6.5598083496562714e+00,9.6780617212377451e-01,5.2720920971414831e+00,3.4314931785919907e+00,4.4944931948058535e+00,1.7642690975190094e+00,4.4944931948058535e+00,3.4314931785919907e+00,6.5598083496562714e+00,5.2720920971414831e+00,9.6780617212377451e-01,6.5598083496562714e+00,6.5598083496562714e+00,0.0000000000000000e+00,6.5598083496562714e+00,4.4944931948058535e+00,3.4314931785919907e+00,0.0000000000000000e+00,2.8374868377303377e+00,1.7642690975190094e+00,1.7642690975190094e+00,2.8374868377303377e+00,4.4944931948058535e+00,5.2720920971414831e+00,5.2720920971414831e+00,3.4314931785919907e+00,3.4314931785919907e+00,2.8374868377303377e+00,2.8374868377303377e+00,9.6780617212377451e-01,6.5598083496562714e+00,1.7642690975190094e+00,2.8374868377303377e+00,1.7642690975190094e+00,1.7642690975190094e+00,5.2720920971414831e+00,2.8374868377303377e+00,3.4314931785919907e+00,6.5598083496562714e+00,2.8374868377303377e+00,6.5598083496562714e+00,9.6780617212377451e-01,3.4314931785919907e+00,6.5598083496562714e+00,6.5598083496562714e+00,0.0000000000000000e+00,6.5598083496562714e+00,4.4944931948058535e+00,6.5598083496562714e+00,5.2720920971414831e+00,6.5598083496562714e+00,5.2720920971414831e+00,5.2720920971414831e+00,0.0000000000000000e+00,6.5598083496562714e+00,6.5598083496562714e+00,6.5598083496562714e+00,9.6780617212377451e-01,2.8374868377303377e+00,5.2720920971414831e+00,6.5598083496562714e+00,1.7642690975190094e+00,5.2720920971414831e+00,9.6780617212377451e-01,2.8374868377303377e+00,6.5598083496562714e+00,3.4314931785919907e+00,6.5598083496562714e+00,4.4944931948058535e+00,3.4314931785919907e+00,3.4314931785919907e+00,5.2720920971414831e+00,1.7642690975190094e+00,4.4944931948058535e+00,4.4944931948058535e+00,5.2720920971414831e+00,3.4314931785919907e+00,6.5598083496562714e+00,3.4314931785919907e+00,5.2720920971414831e+00,9.6780617212377451e-01,5.2720920971414831e+00,5.2720920971414831e+00,9.6780617212377451e-01,1.7642690975190094e+00,5.2720920971414831e+00,5.2720920971414831e+00,2.8374868377303377e+00,1.7642690975190094e+00,1.7642690975190094e+00,9.6780617212377451e-01,1.7642690975190094e+00,1.7642690975190094e+00,0.0000000000000000e+00,5.2720920971414831e+00,2.8374868377303377e+00,5.2720920971414831e+00,0.0000000000000000e+00,9.6780617212377451e-01,2.8374868377303377e+00,5.2720920971414831e+00,4.4944931948058535e+00,4.4944931948058535e+00,0.0000000000000000e+00,1.7642690975190094e+00,3.4314931785919907e+00,4.4944931948058535e+00,9.6780617212377451e-01,1.7642690975190094e+00,4.4944931948058535e+00,6.5598083496562714e+00,6.5598083496562714e+00,9.6780617212377451e-01,1.7642690975190094e+00,4.4944931948058535e+00,5.2720920971414831e+00,3.4314931785919907e+00,5.2720920971414831e+00,1.7642690975190094e+00,1.7642690975190094e+00,6.5598083496562714e+00,6.5598083496562714e+00,6.5598083496562714e+00,5.2720920971414831e+00,5.2720920971414831e+00,9.6780617212377451e-01,3.4314931785919907e+00,5.2720920971414831e+00,6.5598083496562714e+00,5.2720920971414831e+00,0.0000000000000000e+00,9.6780617212377451e-01,3.4314931785919907e+00,3.4314931785919907e+00,4.4944931948058535e+00,1.7642690975190094e+00,5.2720920971414831e+00,4.4944931948058535e+00,5.2720920971414831e+00,3.4314931785919907e+00,3.4314931785919907e+00,6.5598083496562714e+00,2.8374868377303377e+00,3.4314931785919907e+00,3.4314931785919907e+00,5.2720920971414831e+00,3.4314931785919907e+00,3.4314931785919907e+00,3.4314931785919907e+00,2.8374868377303377e+00,6.5598083496562714e+00,6.5598083496562714e+00,5.2720920971414831e+00,1.7642690975190094e+00,0.0000000000000000e+00,0.0000000000000000e+00,9.6780617212377451e-01,6.5598083496562714e+00,3.4314931785919907e+00,6.5598083496562714e+00,2.8374868377303377e+00,5.2720920971414831e+00,5.2720920971414831e+00,6.5598083496562714e+00,2.8374868377303377e+00,1.7642690975190094e+00,6.5598083496562714e+00,5.2720920971414831e+00,6.5598083496562714e+00,6.5598083496562714e+00,6.5598083496562714e+00,5.2720920971414831e+00,0.0000000000000000e+00,6.5598083496562714e+00,6.5598083496562714e+00,6.5598083496562714e+00,6.5598083496562714e+00,5.2720920971414831e+00,6.5598083496562714e+00,0.0000000000000000e+00,6.5598083496562714e+00,3.4314931785919907e+00,6.5598083496562714e+00,1.7642690975190094e+00,5.2720920971414831e+00,1.7642690975190094e+00,1.7642690975190094e+00,3.4314931785919907e+00,3.4314931785919907e+00,5.2720920971414831e+00,4.4944931948058535e+00,9.6780617212377451e-01,6.5598083496562714e+00,2.8374868377303377e+00,3.4314931785919907e+00,0.0000000000000000e+00,9.6780617212377451e-01,5.2720920971414831e+00,1.7642690975190094e+00,1.7642690975190094e+00,1.7642690975190094e+00,1.7642690975190094e+00,1.7642690975190094e+00,6.5598083496562714e+00,6.5598083496562714e+00,1.7642690975190094e+00,3.4314931785919907e+00,6.5598083496562714e+00,0.0000000000000000e+00,9.6780617212377451e-01,6.5598083496562714e+00,9.6780617212377451e-01,5.2720920971414831e+00,6.5598083496562714e+00,5.2720920971414831e+00,6.5598083496562714e+00,6.5598083496562714e+00,5.2720920971414831e+00,6.5598083496562714e+00,3.4314931785919907e+00,6.5598083496562714e+00,3.4314931785919907e+00,3.4314931785919907e+00,4.4944931948058535e+00,5.2720920971414831e+00,6.5598083496562714e+00,1.7642690975190094e+00,5.2720920971414831e+00,5.2720920971414831e+00,5.2720920971414831e+00,9.6780617212377451e-01,6.5598083496562714e+00,6.5598083496562714e+00,5.2720920971414831e+00,6.5598083496562714e+00,6.5598083496562714e+00,6.5598083496562714e+00,3.4314931785919907e+00,6.5598083496562714e+00,6.5598083496562714e+00,3.4314931785919907e+00,6.5598083496562714e+00,5.2720920971414831e+00,5.2720920971414831e+00,1.7642690975190094e+00,6.5598083496562714e+00,6.5598083496562714e+00,6.5598083496562714e+00,5.2720920971414831e+00,3.4314931785919907e+00,4.4944931948058535e+00,6.5598083496562714e+00,6.5598083496562714e+00,6.5598083496562714e+00,6.5598083496562714e+00,6.5598083496562714e+00,6.5598083496562714e+00,9.6780617212377451e-01,1.7642690975190094e+00,0.0000000000000000e+00,4.4944931948058535e+00,6.5598083496562714e+00,6.5598083496562714e+00,4.4944931948058535e+00,5.2720920971414831e+00,4.4944931948058535e+00,4.4944931948058535e+00,6.5598083496562714e+00,6.5598083496562714e+00,3.4314931785919907e+00,6.5598083496562714e+00,2.8374868377303377e+00,6.5598083496562714e+00,3.4314931785919907e+00,5.2720920971414831e+00,5.2720920971414831e+00,6.5598083496562714e+00,0.0000000000000000e+00,5.2720920971414831e+00,6.5598083496562714e+00,5.2720920971414831e+00,0.0000000000000000e+00,5.2720920971414831e+00,5.2720920971414831e+00,9.6780617212377451e-01,4.4944931948058535e+00,4.4944931948058535e+00,5.2720920971414831e+00,0.0000000000000000e+00,0.0000000000000000e+00,2.8374868377303377e+00,9.6780617212377451e-01,2.8374868377303377e+00,5.2720920971414831e+00,5.2720920971414831e+00,5.2720920971414831e+00,9.6780617212377451e-01,9.6780617212377451e-01,0.0000000000000000e+00,0.0000000000000000e+00,5.2720920971414831e+00,6.5598083496562714e+00,6.5598083496562714e+00,0.0000000000000000e+00,5.2720920971414831e+00,5.2720920971414831e+00,4.4944931948058535e+00,6.5598083496562714e+00,3.4314931785919907e+00,2.8374868377303377e+00,2.8374868377303377e+00,3.4314931785919907e+00,1.7642690975190094e+00,4.4944931948058535e+00,3.4314931785919907e+00,1.7642690975190094e+00,3.4314931785919907e+00,5.2720920971414831e+00,6.5598083496562714e+00,3.4314931785919907e+00,6.5598083496562714e+00,0.0000000000000000e+00,9.6780617212377451e-01,3.4314931785919907e+00,9.6780617212377451e-01,2.8374868377303377e+00,4.4944931948058535e+00,3.4314931785919907e+00,4.4944931948058535e+00,2.8374868377303377e+00,2.8374868377303377e+00,0.0000000000000000e+00,1.7642690975190094e+00,1.7642690975190094e+00,3.4314931785919907e+00,9.6780617212377451e-01,6.5598083496562714e+00,4.4944931948058535e+00,5.2720920971414831e+00,6.5598083496562714e+00,5.2720920971414831e+00,4.4944931948058535e+00,1.7642690975190094e+00,0.0000000000000000e+00,6.5598083496562714e+00,6.5598083496562714e+00,6.5598083496562714e+00,2.8374868377303377e+00,6.5598083496562714e+00,4.4944931948058535e+00,9.6780617212377451e-01,4.4944931948058535e+00,0.0000000000000000e+00,3.4314931785919907e+00,1.7642690975190094e+00,9.6780617212377451e-01,2.8374868377303377e+00,3.4314931785919907e+00,5.2720920971414831e+00,5.2720920971414831e+00,1.7642690975190094e+00,3.4314931785919907e+00,2.8374868377303377e+00,3.4314931785919907e+00,3.4314931785919907e+00,6.5598083496562714e+00,2.8374868377303377e+00,3.4314931785919907e+00,5.2720920971414831e+00,5.2720920971414831e+00,2.8374868377303377e+00,3.4314931785919907e+00,0.0000000000000000e+00,4.4944931948058535e+00,3.4314931785919907e+00,1.7642690975190094e+00,5.2720920971414831e+00,4.4944931948058535e+00,3.4314931785919907e+00,6.5598083496562714e+00,6.5598083496562714e+00,4.4944931948058535e+00,3.4314931785919907e+00,4.4944931948058535e+00,9.6780617212377451e-01,6.5598083496562714e+00,6.5598083496562714e+00,3.4314931785919907e+00,2.8374868377303377e+00,6.5598083496562714e+00,0.0000000000000000e+00,2.8374868377303377e+00,9.6780617212377451e-01,2.8374868377303377e+00,4.4944931948058535e+00,1.7642690975190094e+00,3.4314931785919907e+00,6.5598083496562714e+00,6.5598083496562714e+00,6.5598083496562714e+00,1.7642690975190094e+00,6.5598083496562714e+00,5.2720920971414831e+00,0.0000000000000000e+00,6.5598083496562714e+00,6.5598083496562714e+00,0.0000000000000000e+00,4.4944931948058535e+00,1.7642690975190094e+00,2.8374868377303377e+00,6.5598083496562714e+00,5.2720920971414831e+00,4.4944931948058535e+00,9.6780617212377451e-01,9.6780617212377451e-01,1.7642690975190094e+00,6.5598083496562714e+00,6.5598083496562714e+00,1.7642690975190094e+00,6.5598083496562714e+00,3.4314931785919907e+00,1.7642690975190094e+00,3.4314931785919907e+00,6.5598083496562714e+00,6.5598083496562714e+00,9.6780617212377451e-01,3.4314931785919907e+00,4.4944931948058535e+00,3.4314931785919907e+00,1.7642690975190094e+00,1.7642690975190094e+00,4.4944931948058535e+00,5.2720920971414831e+00,6.5598083496562714e+00,6.5598083496562714e+00,0.0000000000000000e+00,1.7642690975190094e+00,4.4944931948058535e+00,6.5598083496562714e+00,9.6780617212377451e-01,3.4314931785919907e+00,0.0000000000000000e+00,6.5598083496562714e+00,5.2720920971414831e+00,6.5598083496562714e+00,9.6780617212377451e-01,6.5598083496562714e+00,6.5598083496562714e+00,6.5598083496562714e+00,2.8374868377303377e+00,3.4314931785919907e+00,6.5598083496562714e+00,6.5598083496562714e+00,3.4314931785919907e+00,9.6780617212377451e-01,2.8374868377303377e+00,5.2720920971414831e+00,2.8374868377303377e+00,2.8374868377303377e+00,0.0000000000000000e+00,6.5598083496562714e+00,6.5598083496562714e+00,6.5598083496562714e+00,4.4944931948058535e+00,3.4314931785919907e+00,4.4944931948058535e+00,4.4944931948058535e+00,6.5598083496562714e+00,4.4944931948058535e+00,5.2720920971414831e+00,3.4314931785919907e+00,0.0000000000000000e+00,5.2720920971414831e+00,4.4944931948058535e+00,4.4944931948058535e+00,6.5598083496562714e+00,6.5598083496562714e+00,0.0000000000000000e+00,5.2720920971414831e+00,2.8374868377303377e+00,6.5598083496562714e+00,6.5598083496562714e+00,6.5598083496562714e+00,6.5598083496562714e+00,5.2720920971414831e+00,5.2720920971414831e+00,6.5598083496562714e+00,6.5598083496562714e+00,2.8374868377303377e+00,9.6780617212377451e-01,4.4944931948058535e+00,6.5598083496562714e+00,1.7642690975190094e+00,2.8374868377303377e+00,6.5598083496562714e+00,6.5598083496562714e+00,1.7642690975190094e+00,9.6780617212377451e-01,2.8374868377303377e+00,2.8374868377303377e+00,6.5598083496562714e+00,9.6780617212377451e-01,5.2720920971414831e+00,9.6780617212377451e-01,1.7642690975190094e+00,6.5598083496562714e+00,9.6780617212377451e-01,6.5598083496562714e+00,3.4314931785919907e+00,2.8374868377303377e+00,5.2720920971414831e+00,9.6780617212377451e-01,6.5598083496562714e+00,6.5598083496562714e+00,1.7642690975190094e+00,6.5598083496562714e+00,5.2720920971414831e+00,6.5598083496562714e+00,0.0000000000000000e+00,3.4314931785919907e+00,6.5598083496562714e+00,6.5598083496562714e+00,1.7642690975190094e+00,4.4944931948058535e+00,9.6780617212377451e-01,6.5598083496562714e+00,0.0000000000000000e+00,6.5598083496562714e+00,4.4944931948058535e+00,6.5598083496562714e+00,0.0000000000000000e+00,6.5598083496562714e+00,2.8374868377303377e+00,6.5598083496562714e+00,6.5598083496562714e+00,6.5598083496562714e+00,0.0000000000000000e+00,5.2720920971414831e+00,5.2720920971414831e+00,6.5598083496562714e+00,6.5598083496562714e+00,1.7642690975190094e+00,4.4944931948058535e+00,2.8374868377303377e+00,5.2720920971414831e+00,3.4314931785919907e+00,4.4944931948058535e+00,2.8374868377303377e+00,5.2720920971414831e+00,6.5598083496562714e+00,1.7642690975190094e+00,2.8374868377303377e+00,6.5598083496562714e+00,2.8374868377303377e+00,6.5598083496562714e+00,1.7642690975190094e+00,4.4944931948058535e+00,1.7642690975190094e+00,0.0000000000000000e+00,2.8374868377303377e+00,1.7642690975190094e+00,3.4314931785919907e+00,0.0000000000000000e+00,0.0000000000000000e+00,4.4944931948058535e+00,9.6780617212377451e-01,9.6780617212377451e-01,0.0000000000000000e+00,1.7642690975190094e+00,1.7642690975190094e+00,3.4314931785919907e+00,1.7642690975190094e+00,3.4314931785919907e+00,9.6780617212377451e-01,9.6780617212377451e-01,3.4314931785919907e+00,4.4944931948058535e+00,4.4944931948058535e+00,4.4944931948058535e+00,4.4944931948058535e+00,6.5598083496562714e+00,5.2720920971414831e+00,6.5598083496562714e+00,6.5598083496562714e+00,6.5598083496562714e+00,3.4314931785919907e+00,5.2720920971414831e+00,6.5598083496562714e+00,6.5598083496562714e+00,6.5598083496562714e+00,5.2720920971414831e+00,3.4314931785919907e+00,6.5598083496562714e+00,9.6780617212377451e-01,2.8374868377303377e+00,5.2720920971414831e+00,6.5598083496562714e+00,9.6780617212377451e-01,5.2720920971414831e+00,5.2720920971414831e+00,3.4314931785919907e+00,5.2720920971414831e+00,3.4314931785919907e+00,4.4944931948058535e+00,3.4314931785919907e+00,5.2720920971414831e+00,5.2720920971414831e+00,5.2720920971414831e+00,9.6780617212377451e-01,0.0000000000000000e+00,5.2720920971414831e+00,5.2720920971414831e+00,3.4314931785919907e+00,6.5598083496562714e+00,0.0000000000000000e+00,5.2720920971414831e+00,6.5598083496562714e+00,0.0000000000000000e+00,6.5598083496562714e+00,0.0000000000000000e+00,5.2720920971414831e+00,5.2720920971414831e+00,1.7642690975190094e+00,3.4314931785919907e+00,6.5598083496562714e+00,5.2720920971414831e+00,5.2720920971414831e+00,2.8374868377303377e+00,6.5598083496562714e+00,6.5598083496562714e+00,6.5598083496562714e+00,1.7642690975190094e+00,5.2720920971414831e+00,0.0000000000000000e+00,3.4314931785919907e+00,4.4944931948058535e+00,4.4944931948058535e+00,5.2720920971414831e+00,1.7642690975190094e+00,1.7642690975190094e+00,3.4314931785919907e+00,5.2720920971414831e+00,2.8374868377303377e+00,0.0000000000000000e+00,9.6780617212377451e-01,6.5598083496562714e+00,6.5598083496562714e+00,5.2720920971414831e+00,6.5598083496562714e+00,5.2720920971414831e+00,4.4944931948058535e+00,6.5598083496562714e+00,3.4314931785919907e+00,3.4314931785919907e+00,2.8374868377303377e+00,0.0000000000000000e+00,9.6780617212377451e-01,5.2720920971414831e+00,1.7642690975190094e+00,4.4944931948058535e+00,6.5598083496562714e+00,1.7642690975190094e+00,6.5598083496562714e+00,2.8374868377303377e+00,5.2720920971414831e+00,4.4944931948058535e+00,4.4944931948058535e+00,3.4314931785919907e+00,4.4944931948058535e+00,5.2720920971414831e+00,3.4314931785919907e+00,1.7642690975190094e+00,6.5598083496562714e+00,4.4944931948058535e+00,9.6780617212377451e-01,6.5598083496562714e+00,2.8374868377303377e+00,2.8374868377303377e+00,5.2720920971414831e+00,2.8374868377303377e+00,6.5598083496562714e+00,2.8374868377303377e+00,6.5598083496562714e+00,6.5598083496562714e+00
3.4864119635661117e+00,9.1755830801917915e-01,5.5505408965049430e+00,5.7868064910340360e+00,5.7868064910340360e+00,9.1755830801917915e-01,5.7868064910340360e+00,5.7868064910340360e+00,5.7868064910340360e+00,5.5505408965049430e+00,4.7255168430457166e+00,4.7255168430457166e+00,1.8938461334242724e+00,4.7255168430457166e+00,5.7868064910340360e+00,5.5505408965049430e+00,5.5505408965049430e+00,5.5505408965049430e+00,4.7255168430457166e+00,4.7255168430457166e+00,5.7868064910340360e+00,2.8771488489262951e+00,1.8938461334242724e+00,5.7868064910340360e+00,1.8938461334242724e+00,3.4864119635661117e+00,9.1755830801917915e-01,5.5505408965049430e+00,9.1755830801917915e-01,5.5505408965049430e+00,1.8938461334242724e+00,4.7255168430457166e+00,5.7868064910340360e+00,5.7868064910340360e+00,5.7868064910340360e+00,5.7868064910340360e+00,5.5505408965049430e+00,5.7868064910340360e+00,5.7868064910340360e+00,5.7868064910340360e+00,5.7868064910340360e+00,9.1755830801917915e-01,0.0000000000000000e+00,9.1755830801917915e-01,5.7868064910340360e+00,2.8771488489262951e+00,5.7868064910340360e+00,3.4864119635661117e+00,5.7868064910340360e+00,4.7255168430457166e+00,9.1755830801917915e-01,4.7255168430457166e+00,2.8771488489262951e+00,5.7868064910340360e+00,5.7868064910340360e+00,5.7868064910340360e+00,2.8771488489262951e+00,1.8938461334242724e+00,4.7255168430457166e+00,4.7255168430457166e+00,2.8771488489262951e+00,5.7868064910340360e+00,0.0000000000000000e+00,4.7255168430457166e+00,5.7868064910340360e+00,4.7255168430457166e+00,5.7868064910340360e+00,5.7868064910340360e+00,5.5505408965049430e+00,5.5505408965049430e+00,5.5505408965049430e+00,3.4864119635661117e+00,5.7868064910340360e+00,5.7868064910340360e+00,5.5505408965049430e+00,5.5505408965049430e+00,5.7868064910340360e+00,5.5505408965049430e+00,5.5505408965049430e+00,5.7868064910340360e+00,5.7868064910340360e+00,0.0000000000000000e+00,3.4864119635661117e+00,5.7868064910340360e+00,5.5505408965049430e+00,5.7868064910340360e+00,5.7868064910340360e+00,4.7255168430457166e+00,1.8938461334242724e+00,5.5505408965049430e+00,5.5505408965049430e+00,5.7868064910340360e+00,5.7868064910340360e+00,4.7255168430457166e+00,3.4864119635661117e+00,1.8938461334242724e+00,0.0000000000000000e+00,4.7255168430457166e+00,1.8938461334242724e+00,5.7868064910340360e+00,5.7868064910340360e+00,0.0000000000000000e+00,5.7868064910340360e+00,9.1755830801917915e-01,4.7255168430457166e+00,1.8938461334242724e+00,5.5505408965049430e+00,9.1755830801917915e-01,5.7868064910340360e+00,5.5505408965049430e+00,5.5505408965049430e+00,4.7255168430457166e+00,9.1755830801917915e-01,4.7255168430457166e+00,5.5505408965049430e+00,2.8771488489262951e+00,4.7255168430457166e+00,2.8771488489262951e+00,5.7868064910340360e+00,5.5505408965049430e+00,5.7868064910340360e+00,5.5505408965049430e+00,5.7868064910340360e+00,4.7255168430457166e+00,0.0000000000000000e+00,2.8771488489262951e+00,4.7255168430457166e+00,0.0000000000000000e+00,4.7255168430457166e+00,9.1755830801917915e-01,5.5505408965049430e+00,5.5505408965049430e+00,5.5505408965049430e+00,1.8938461334242724e+00,3.4864119635661117e+00,9.1755830801917915e-01,4.7255168430457166e+00,3.4864119635661117e+00,3.4864119635661117e+00,0.0000000000000000e+00,0.0000000000000000e+00,0.0000000000000000e+00,0.0000000000000000e+00,5.5505408965049430e+00,5.5505408965049430e+00,5.5505408965049430e+00,4.7255168430457166e+00,1.8938461334242724e+00,4.7255168430457166e+00,3.4864119635661117e+00,1.8938461334242724e+00,1.8938461334242724e+00,3.4864119635661117e+00,5.5505408965049430e+00,5.7868064910340360e+00,4.7255168430457166e+00,2.8771488489262951e+00,4.7255168430457166e+00,4.7255168430457166e+00,4.7255168430457166e+00,4.7255168430457166e+00,5.7868064910340360e+00,5.7868064910340360e+00,4.7255168430457166e+00,4.7255168430457166e+00,2.8771488489262951e+00,3.4864119635661117e+00,9.1755830801917915e-01,9.1755830801917915e-01,5.5505408965049430e+00,0.0000000000000000e+00,4.7255168430457166e+00,0.0000000000000000e+00,4.7255168430457166e+00,1.8938461334242724e+00,2.8771488489262951e+00,5.5505408965049430e+00,3.4864119635661117e+00,1.8938461334242724e+00,3.4864119635661117e+00,4.7255168430457166e+00,4.7255168430457166e+00,4.7255168430457166e+00,3.4864119635661117e+00,3.4864119635661117e+00,5.7868064910340360e+00,4.7255168430457166e+00,5.7868064910340360e+00,2.8771488489262951e+00,4.7255168430457166e+00,4.7255168430457166e+00,2.8771488489262951e+00,2.8771488489262951e+00,2.8771488489262951e+00,5.7868064910340360e+00,0.0000000000000000e+00,2.8771488489262951e+00,5.5505408965049430e+00,9.1755830801917915e-01,1.8938461334242724e+00,1.8938461334242724e+00,3.4864119635661117e+00,4.7255168430457166e+00,4.7255168430457166e+00,1.8938461334242724e+00,1.8938461334242724e+00,5.5505408965049430e+00,4.7255168430457166e+00,4.7255168430457166e+00,4.7255168430457166e+00,5.5505408965049430e+00,5.7868064910340360e+00,5.7868064910340360e+00,5.5505408965049430e+00,3.4864119635661117e+00,3.4864119635661117e+00,2.8771488489262951e+00,4.7255168430457166e+00,5.5505408965049430e+00,0.0000000000000000e+00,4.7255168430457166e+00,4.7255168430457166e+00,3.4864119635661117e+00,1.8938461334242724e+00,5.7868064910340360e+00,4.7255168430457166e+00,2.8771488489262951e+00,4.7255168430457166e+00,2.8771488489262951e+00,4.7255168430457166e+00,3.4864119635661117e+00,1.8938461334242724e+00,5.7868064910340360e+00,9.1755830801917915e-01,2.8771488489262951e+00,4.7255168430457166e+00,2.8771488489262951e+00,2.8771488489262951e+00,4.7255168430457166e+00,4.7255168430457166e+00,5.7868064910340360e+00,3.4864119635661117e+00,9.1755830801917915e-01,4.7255168430457166e+00,5.7868064910340360e+00,1.8938461334242724e+00,0.0000000000000000e+00,5.7868064910340360e+00,2.8771488489262951e+00,1.8938461334242724e+00,5.7868064910340360e+00,1.8938461334242724e+00,5.5505408965049430e+00,3.4864119635661117e+00,5.5505408965049430e+00,2.8771488489262951e+00,3.4864119635661117e+00,5.7868064910340360e+00,4.7255168430457166e+00,4.7255168430457166e+00,3.4864119635661117e+00,5.5505408965049430e+00,1.8938461334242724e+00,1.8938461334242724e+00,2.8771488489262951e+00,2.8771488489262951e+00,4.7255168430457166e+00,5.7868064910340360e+00,4.7255168430457166e+00,5.7868064910340360e+00,5.7868064910340360e+00,5.7868064910340360e+00,5.5505408965049430e+00,3.4864119635661117e+00,4.7255168430457166e+00,5.7868064910340360e+00,5.7868064910340360e+00,1.8938461334242724e+00,5.7868064910340360e+00,5.7868064910340360e+00,0.0000000000000000e+00,4.7255168430457166e+00,1.8938461334242724e+00,2.8771488489262951e+00,2.8771488489262951e+00,5.7868064910340360e+00,4.7255168430457166e+00,5.7868064910340360e+00,5.7868064910340360e+00,2.8771488489262951e+00,5.7868064910340360e+00,5.7868064910340360e+00,5.7868064910340360e+00,9.1755830801917915e-01,4.7255168430457166e+00,1.8938461334242724e+00,1.8938461334242724e+00,3.4864119635661117e+00,2.8771488489262951e+00,3.4864119635661117e+00,5.5505408965049430e+00,5.7868064910340360e+00,5.7868064910340360e+00,4.7255168430457166e+00,5.7868064910340360e+00,5.7868064910340360e+00,5.7868064910340360e+00,0.0000000000000000e+00,5.7868064910340360e+00,3.4864119635661117e+00,5.7868064910340360e+00,3.4864119635661117e+00,4.7255168430457166e+00,3.4864119635661117e+00,4.7255168430457166e+00,4.7255168430457166e+00,9.1755830801917915e-01,1.8938461334242724e+00,2.8771488489262951e+00,2.8771488489262951e+00,5.7868064910340360e+00,2.8771488489262951e+00,5.7868064910340360e+00,2.8771488489262951e+00,5.5505408965049430e+00,2.8771488489262951e+00,1.8938461334242724e+00,5.7868064910340360e+00,4.7255168430457166e+00,4.7255168430457166e+00,3.4864119635661117e+00,5.7868064910340360e+00,5.7868064910340360e+00,1.8938461334242724e+00,4.7255168430457166e+00,2.8771488489262951e+00,5.7868064910340360e+00,0.0000000000000000e+00,5.5505408965049430e+00,2.8771488489262951e+00,4.7255168430457166e+00,0.0000000000000000e+00,2.8771488489262951e+00,1.8938461334242724e+00,2.8771488489262951e+00,5.5505408965049430e+00,3.4864119635661117e+00,5.7868064910340360e+00,1.8938461334242724e+00,5.7868064910340360e+00,5.7868064910340360e+00,9.1755830801917915e-01,3.4864119635661117e+00,5.7868064910340360e+00,9.1755830801917915e-01,5.7868064910340360e+00,5.5505408965049430e+00,5.5505408965049430e+00,9.1755830801917915e-01,1.8938461334242724e+00,5.7868064910340360e+00,3.4864119635661117e+00,4.7255168430457166e+00,4.7255168430457166e+00,4.7255168430457166e+00,5.7868064910340360e+00,3.4864119635661117e+00,1.8938461334242724e+00,1.8938461334242724e+00,1.8938461334242724e+00,5.5505408965049430e+00,5.7868064910340360e+00,0.0000000000000000e+00,5.7868064910340360e+00,5.7868064910340360e+00,3.4864119635661117e+00,3.4864119635661117e+00,4.7255168430457166e+00,3.4864119635661117e+00,3.4864119635661117e+00,5.7868064910340360e+00,1.8938461334242724e+00,1.8938461334242724e+00,1.8938461334242724e+00,5.7868064910340360e+00,5.7868064910340360e+00,5.5505408965049430e+00,1.8938461334242724e+00,5.5505408965049430e+00,9.1755830801917915e-01,2.8771488489262951e+00,2.8771488489262951e+00,1.8938461334242724e+00,5.7868064910340360e+00,5.7868064910340360e+00,1.8938461334242724e+00,1.8938461334242724e+00,4.7255168430457166e+00,5.5505408965049430e+00,5.7868064910340360e+00,5.7868064910340360e+00,5.7868064910340360e+00,1.8938461334242724e+00,3.4864119635661117e+00,5.7868064910340360e+00,3.4864119635661117e+00,5.7868064910340360e+00,5.7868064910340360e+00,2.8771488489262951e+00,5.5505408965049430e+00,5.7868064910340360e+00,5.7868064910340360e+00,4.7255168430457166e+00,1.8938461334242724e+00,5.7868064910340360e+00,4.7255168430457166e+00,3.4864119635661117e+00,4.7255168430457166e+00,2.8771488489262951e+00,4.7255168430457166e+00,1.8938461334242724e+00,5.5505408965049430e+00,5.5505408965049430e+00,5.7868064910340360e+00,1.8938461334242724e+00,5.7868064910340360e+00,5.7868064910340360e+00,5.5505408965049430e+00,5.7868064910340360e+00,5.7868064910340360e+00,4.7255168430457166e+00,3.4864119635661117e+00,3.4864119635661117e+00,5.7868064910340360e+00,5.7868064910340360e+00,2.8771488489262951e+00,2.8771488489262951e+00,5.7868064910340360e+00,5.7868064910340360e+00,3.4864119635661117e+00,5.7868064910340360e+00,5.7868064910340360e+00,9.1755830801917915e-01,5.7868064910340360e+00,2.8771488489262951e+00,3.4864119635661117e+00,5.7868064910340360e+00,4.7255168430457166e+00,2.8771488489262951e+00,4.7255168430457166e+00,4.7255168430457166e+00,4.7255168430457166e+00,5.7868064910340360e+00,3.4864119635661117e+00,5.5505408965049430e+00,4.7255168430457166e+00,5.7868064910340360e+00,9.1755830801917915e-01,1.8938461334242724e+00,4.7255168430457166e+00,2.8771488489262951e+00,0.0000000000000000e+00,5.7868064910340360e+00,5.5505408965049430e+00,5.5505408965049430e+00,5.5505408965049430e+00,5.5505408965049430e+00,5.5505408965049430e+00,5.5505408965049430e+00,5.7868064910340360e+00,1.8938461334242724e+00,5.7868064910340360e+00,5.5505408965049430e+00,4.7255168430457166e+00,4.7255168430457166e+00,3.4864119635661117e+00,5.5505408965049430e+00,4.7255168430457166e+00,4.7255168430457166e+00,2.8771488489262951e+00,4.7255168430457166e+00,3.4864119635661117e+00,4.7255168430457166e+00,0.0000000000000000e+00,3.4864119635661117e+00,5.5505408965049430e+00,5.7868064910340360e+00,3.4864119635661117e+00,5.7868064910340360e+00,5.7868064910340360e+00,5.5505408965049430e+00,5.7868064910340360e+00,5.7868064910340360e+00,2.8771488489262951e+00,2.8771488489262951e+00,5.5505408965049430e+00,4.7255168430457166e+00,9.1755830801917915e-01,0.0000000000000000e+00,1.8938461334242724e+00,1.8938461334242724e+00,2.8771488489262951e+00,2.8771488489262951e+00,2.8771488489262951e+00,5.7868064910340360e+00,5.7868064910340360e+00,4.7255168430457166e+00,1.8938461334242724e+00,2.8771488489262951e+00,0.0000000000000000e+00,5.5505408965049430e+00,9.1755830801917915e-01,4.7255168430457166e+00,5.7868064910340360e+00,5.5505408965049430e+00,4.7255168430457166e+00,5.7868064910340360e+00,5.7868064910340360e+00,5.7868064910340360e+00,4.7255168430457166e+00,5.7868064910340360e+00,3.4864119635661117e+00,9.1755830801917915e-01,5.7868064910340360e+00,5.7868064910340360e+00,2.8771488489262951e+00,5.5505408965049430e+00,5.7868064910340360e+00,2.8771488489262951e+00,5.5505408965049430e+00,4.7255168430457166e+00,4.7255168430457166e+00,5.7868064910340360e+00,2.8771488489262951e+00,5.5505408965049430e+00,5.5505408965049430e+00,9.1755830801917915e-01,4.7255168430457166e+00,1.8938461334242724e+00,2.8771488489262951e+00,3.4864119635661117e+00,2.8771488489262951e+00,9.1755830801917915e-01,5.5505408965049430e+00,5.5505408965049430e+00,5.5505408965049430e+00,0.0000000000000000e+00,5.5505408965049430e+00,2.8771488489262951e+00,3.4864119635661117e+00,5.5505408965049430e+00,3.4864119635661117e+00,2.8771488489262951e+00,4.7255168430457166e+00,5.7868064910340360e+00,9.1755830801917915e-01,5.5505408965049430e+00,5.5505408965049430e+00,5.7868064910340360e+00,5.7868064910340360e+00,5.7868064910340360e+00,2.8771488489262951e+00,5.7868064910340360e+00,5.7868064910340360e+00,5.7868064910340360e+00,5.7868064910340360e+00,9.1755830801917915e-01,5.7868064910340360e+00,5.5505408965049430e+00,5.7868064910340360e+00,5.7868064910340360e+00,2.8771488489262951e+00,3.4864119635661117e+00,5.7868064910340360e+00,3.4864119635661117e+00,5.7868064910340360e+00,5.7868064910340360e+00,5.5505408965049430e+00,4.7255168430457166e+00,4.7255168430457166e+00,4.7255168430457166e+00,5.7868064910340360e+00,2.8771488489262951e+00,5.5505408965049430e+00,2.8771488489262951e+00,2.8771488489262951e+00,3.4864119635661117e+00,2.8771488489262951e+00,0.0000000000000000e+00,3.4864119635661117e+00,4.7255168430457166e+00,0.0000000000000000e+00,5.7868064910340360e+00,4.7255168430457166e+00,5.7868064910340360e+00,5.7868064910340360e+00,5.5505408965049430e+00,9.1755830801917915e-01,5.7868064910340360e+00,5.7868064910340360e+00,4.7255168430457166e+00,1.8938461334242724e+00,9.1755830801917915e-01,5.7868064910340360e+00,9.1755830801917915e-01,3.4864119635661117e+00,1.8938461334242724e+00,3.4864119635661117e+00,5.5505408965049430e+00,3.4864119635661117e+00,9.1755830801917915e-01,5.7868064910340360e+00,5.7868064910340360e+00,5.7868064910340360e+00,1.8938461334242724e+00,9.1755830801917915e-01,5.5505408965049430e+00,5.7868064910340360e+00,5.7868064910340360e+00,5.7868064910340360e+00,2.8771488489262951e+00,2.8771488489262951e+00,2.8771488489262951e+00,2.8771488489262951e+00,4.7255168430457166e+00,2.8771488489262951e+00,2.8771488489262951e+00,3.4864119635661117e+00,2.8771488489262951e+00,1.8938461334242724e+00,1.8938461334242724e+00,4.7255168430457166e+00,5.7868064910340360e+00,2.8771488489262951e+00,5.7868064910340360e+00,1.8938461334242724e+00,5.5505408965049430e+00,5.7868064910340360e+00,3.4864119635661117e+00,5.7868064910340360e+00,5.7868064910340360e+00,4.7255168430457166e+00,5.7868064910340360e+00,5.7868064910340360e+00,5.7868064910340360e+00,4.7255168430457166e+00,5.5505408965049430e+00,5.7868064910340360e+00,5.7868064910340360e+00,0.0000000000000000e+00,3.4864119635661117e+00,5.7868064910340360e+00,5.7868064910340360e+00,3.4864119635661117e+00,5.7868064910340360e+00,3.4864119635661117e+00,5.7868064910340360e+00,1.8938461334242724e+00,1.8938461334242724e+00,1.8938461334242724e+00,5.5505408965049430e+00,5.7868064910340360e+00,3.4864119635661117e+00,5.5505408965049430e+00,5.7868064910340360e+00,9.1755830801917915e-01,5.5505408965049430e+00,4.7255168430457166e+00,5.5505408965049430e+00,5.7868064910340360e+00,3.4864119635661117e+00,4.7255168430457166e+00,5.5505408965049430e+00,9.1755830801917915e-01,2.8771488489262951e+00,4.7255168430457166e+00,3.4864119635661117e+00,5.7868064910340360e+00,2.8771488489262951e+00,5.7868064910340360e+00,4.7255168430457166e+00,0.0000000000000000e+00,3.4864119635661117e+00,3.4864119635661117e+00,0.0000000000000000e+00,4.7255168430457166e+00,4.7255168430457166e+00,4.7255168430457166e+00,5.7868064910340360e+00,0.0000000000000000e+00,0.0000000000000000e+00,3.4864119635661117e+00,2.8771488489262951e+00,5.7868064910340360e+00,4.7255168430457166e+00,3.4864119635661117e+00,2.8771488489262951e+00,5.7868064910340360e+00,4.7255168430457166e+00,5.5505408965049430e+00,4.7255168430457166e+00,5.7868064910340360e+00,4.7255168430457166e+00,5.7868064910340360e+00,5.5505408965049430e+00,0.0000000000000000e+00,5.7868064910340360e+00,5.7868064910340360e+00,2.8771488489262951e+00,5.5505408965049430e+00,5.5505408965049430e+00,3.4864119635661117e+00,3.4864119635661117e+00,3.4864119635661117e+00,5.7868064910340360e+00,2.8771488489262951e+00,5.7868064910340360e+00,3.4864119635661117e+00,3.4864119635661117e+00,5.7868064910340360e+00,3.4864119635661117e+00,5.7868064910340360e+00,0.0000000000000000e+00,1.8938461334242724e+00,5.7868064910340360e+00,4.7255168430457166e+00,5.7868064910340360e+00,4.7255168430457166e+00,0.0000000000000000e+00,5.5505408965049430e+00,9.1755830801917915e-01,3.4864119635661117e+00,5.7868064910340360e+00,5.7868064910340360e+00,5.5505408965049430e+00,5.5505408965049430e+00,5.5505408965049430e+00,2.8771488489262951e+00,3.4864119635661117e+00,4.7255168430457166e+00,5.7868064910340360e+00,9.1755830801917915e-01,5.7868064910340360e+00,5.7868064910340360e+00,3.4864119635661117e+00,3.4864119635661117e+00,5.7868064910340360e+00,3.4864119635661117e+00,4.7255168430457166e+00,5.7868064910340360e+00,5.5505408965049430e+00,5.7868064910340360e+00,5.7868064910340360e+00,5.5505408965049430e+00,5.7868064910340360e+00,5.7868064910340360e+00,5.7868064910340360e+00,5.7868064910340360e+00,5.7868064910340360e+00,5.5505408965049430e+00,4.7255168430457166e+00,1.8938461334242724e+00,4.7255168430457166e+00,0.0000000000000000e+00,4.7255168430457166e+00,0.0000000000000000e+00,3.4864119635661117e+00,3.4864119635661117e+00,4.7255168430457166e+00,4.7255168430457166e+00,5.7868064910340360e+00,3.4864119635661117e+00,0.0000000000000000e+00,9.1755830801917915e-01,9.1755830801917915e-01,1.8938461334242724e+00,5.7868064910340360e+00,5.5505408965049430e+00,5.7868064910340360e+00,2.8771488489262951e+00,5.7868064910340360e+00,5.7868064910340360e+00,5.7868064910340360e+00,5.5505408965049430e+00,3.4864119635661117e+00,2.8771488489262951e+00,9.1755830801917915e-01,2.8771488489262951e+00,1.8938461334242724e+00,5.5505408965049430e+00,2.8771488489262951e+00,3.4864119635661117e+00,5.7868064910340360e+00,9.1755830801917915e-01,5.7868064910340360e+00,3.4864119635661117e+00,5.7868064910340360e+00,4.7255168430457166e+00,1.8938461334242724e+00,2.8771488489262951e+00,1.8938461334242724e+00,0.0000000000000000e+00,1.8938461334242724e+00,5.5505408965049430e+00,5.7868064910340360e+00,2.8771488489262951e+00,3.4864119635661117e+00,4.7255168430457166e+00,5.5505408965049430e+00,5.7868064910340360e+00,5.7868064910340360e+00,9.1755830801917915e-01,5.5505408965049430e+00,5.5505408965049430e+00,5.5505408965049430e+00,5.7868064910340360e+00,5.5505408965049430e+00,5.7868064910340360e+00,4.7255168430457166e+00,5.5505408965049430e+00,3.4864119635661117e+00,3.4864119635661117e+00,2.8771488489262951e+00,5.7868064910340360e+00,5.7868064910340360e+00,4.7255168430457166e+00,3.4864119635661117e+00,9.1755830801917915e-01,4.7255168430457166e+00,3.4864119635661117e+00,3.4864119635661117e+00,0.0000000000000000e+00,5.7868064910340360e+00,4.7255168430457166e+00,4.7255168430457166e+00,1.8938461334242724e+00,3.4864119635661117e+00,3.4864119635661117e+00,5.5505408965049430e+00,5.7868064910340360e+00,5.7868064910340360e+00,4.7255168430457166e+00,5.5505408965049430e+00,0.0000000000000000e+00,5.7868064910340360e+00,5.7868064910340360e+00,5.5505408965049430e+00,5.5505408965049430e+00,5.7868064910340360e+00,5.5505408965049430e+00,1.8938461334242724e+00,4.7255168430457166e+00,3.4864119635661117e+00,9.1755830801917915e-01,0.0000000000000000e+00,2.8771488489262951e+00,5.5505408965049430e+00,5.7868064910340360e+00,3.4864119635661117e+00,3.4864119635661117e+00,9.1755830801917915e-01,0.0000000000000000e+00,5.7868064910340360e+00,5.7868064910340360e+00,4.7255168430457166e+00,4.7255168430457166e+00,5.7868064910340360e+00,5.7868064910340360e+00,5.5505408965049430e+00,5.5505408965049430e+00,5.5505408965049430e+00,9.1755830801917915e-01,9.1755830801917915e-01,4.7255168430457166e+00,5.5505408965049430e+00,3.4864119635661117e+00,5.7868064910340360e+00,2.8771488489262951e+00,4.7255168430457166e+00,1.8938461334242724e+00,3.4864119635661117e+00,4.7255168430457166e+00,4.7255168430457166e+00,9.1755830801917915e-01,3.4864119635661117e+00,5.7868064910340360e+00,3.4864119635661117e+00,5.7868064910340360e+00,5.7868064910340360e+00,3.4864119635661117e+00,5.5505408965049430e+00,5.5505408965049430e+00,5.7868064910340360e+00,4.7255168430457166e+00,2.8771488489262951e+00,5.7868064910340360e+00,5.5505408965049430e+00,9.1755830801917915e-01,5.7868064910340360e+00,2.8771488489262951e+00,4.7255168430457166e+00,1.8938461334242724e+00,5.5505408965049430e+00,2.8771488489262951e+00,5.7868064910340360e+00,5.7868064910340360e+00,0.0000000000000000e+00,0.0000000000000000e+00,0.0000000000000000e+00,5.7868064910340360e+00,1.8938461334242724e+00,4.7255168430457166e+00,1.8938461334242724e+00,5.7868064910340360e+00,5.7868064910340360e+00,5.7868064910340360e+00,0.0000000000000000e+00,5.7868064910340360e+00,5.7868064910340360e+00,5.7868064910340360e+00,5.7868064910340360e+00,4.7255168430457166e+00,4.7255168430457166e+00,5.7868064910340360e+00,5.5505408965049430e+00,3.4864119635661117e+00,5.7868064910340360e+00,3.4864119635661117e+00,9.1755830801917915e-01,5.5505408965049430e+00,5.5505408965049430e+00,3.4864119635661117e+00,9.1755830801917915e-01,1.8938461334242724e+00,3.4864119635661117e+00,5.7868064910340360e+00,4.7255168430457166e+00,3.4864119635661117e+00,2.8771488489262951e+00,4.7255168430457166e+00,4.7255168430457166e+00,5.5505408965049430e+00,5.5505408965049430e+00,1.8938461334242724e+00,5.5505408965049430e+00,5.7868064910340360e+00,2.8771488489262951e+00,5.7868064910340360e+00,1.8938461334242724e+00,3.4864119635661117e+00,3.4864119635661117e+00,5.7868064910340360e+00,5.7868064910340360e+00,3.4864119635661117e+00,5.5505408965049430e+00,5.5505408965049430e+00,5.5505408965049430e+00,1.8938461334242724e+00,5.7868064910340360e+00,3.4864119635661117e+00,5.5505408965049430e+00,4.7255168430457166e+00,5.5505408965049430e+00,5.5505408965049430e+00,5.7868064910340360e+00,1.8938461334242724e+00,5.5505408965049430e+00,2.8771488489262951e+00,3.4864119635661117e+00,5.7868064910340360e+00,5.5505408965049430e+00,5.5505408965049430e+00,3.4864119635661117e+00,4.7255168430457166e+00,4.7255168430457166e+00,1.8938461334242724e+00,4.7255168430457166e+00,2.8771488489262951e+00,4.7255168430457166e+00,5.7868064910340360e+00,5.5505408965049430e+00,9.1755830801917915e-01,9.1755830801917915e-01,1.8938461334242724e+00,5.5505408965049430e+00,4.7255168430457166e+00,2.8771488489262951e+00,5.5505408965049430e+00,3.4864119635661117e+00,4.7255168430457166e+00,5.5505408965049430e+00,5.5505408965049430e+00,5.7868064910340360e+00,3.4864119635661117e+00,3.4864119635661117e+00,5.5505408965049430e+00,5.5505408965049430e+00,5.7868064910340360e+00,5.7868064910340360e+00,5.5505408965049430e+00
7.9838133543469658e-01,1.8679521652957198e+00,1.8679521652957198e+00,4.3456472740124052e+00,2.8978833565555182e+00,2.8978833565555182e+00,2.8978833565555182e+00,2.8978833565555182e+00,2.8978833565555182e+00,1.8679521652957198e+00,3.5008926783354877e+00,5.5347176358559587e+00,3.5008926783354877e+00,2.8978833565555182e+00,3.5008926783354877e+00,2.8978833565555182e+00,2.8978833565555182e+00,0.0000000000000000e+00,2.8978833565555182e+00,0.0000000000000000e+00,1.8679521652957198e+00,1.8679521652957198e+00,1.8679521652957198e+00,2.8978833565555182e+00,6.6524363303670224e+00,6.6524363303670224e+00,5.5347176358559587e+00,2.8978833565555182e+00,4.3456472740124052e+00,7.9838133543469658e-01,5.5347176358559587e+00,2.8978833565555182e+00,6.6524363303670224e+00,7.9838133543469658e-01,2.8978833565555182e+00,0.0000000000000000e+00,6.6524363303670224e+00,4.3456472740124052e+00,5.5347176358559587e+00,2.8978833565555182e+00,6.6524363303670224e+00,3.5008926783354877e+00,2.8978833565555182e+00,6.6524363303670224e+00,2.8978833565555182e+00,2.8978833565555182e+00,4.3456472740124052e+00,4.3456472740124052e+00,0.0000000000000000e+00,3.5008926783354877e+00,3.5008926783354877e+00,7.9838133543469658e-01,3.5008926783354877e+00,6.6524363303670224e+00,6.6524363303670224e+00,0.0000000000000000e+00,7.9838133543469658e-01,0.0000000000000000e+00,2.8978833565555182e+00,1.8679521652957198e+00,6.6524363303670224e+00,6.6524363303670224e+00,6.6524363303670224e+00,7.9838133543469658e-01,3.5008926783354877e+00,6.6524363303670224e+00,4.3456472740124052e+00,1.8679521652957198e+00,1.8679521652957198e+00,6.6524363303670224e+00,6.6524363303670224e+00,4.3456472740124052e+00,3.5008926783354877e+00,7.9838133543469658e-01,3.5008926783354877e+00,6.6524363303670224e+00,5.5347176358559587e+00,3.5008926783354877e+00,1.8679521652957198e+00,5.5347176358559587e+00,1.8679521652957198e+00,0.0000000000000000e+00,5.5347176358559587e+00,2.8978833565555182e+00,2.8978833565555182e+00,3.5008926783354877e+00,6.6524363303670224e+00,4.3456472740124052e+00,0.0000000000000000e+00,6.6524363303670224e+00,6.6524363303670224e+00,7.9838133543469658e-01,6.6524363303670224e+00,1.8679521652957198e+00,3.5008926783354877e+00,3.5008926783354877e+00,3.5008926783354877e+00,6.6524363303670224e+00,6.6524363303670224e+00,6.6524363303670224e+00,1.8679521652957198e+00,2.8978833565555182e+00,6.6524363303670224e+00,2.8978833565555182e+00,2.8978833565555182e+00,2.8978833565555182e+00,4.3456472740124052e+00,6.6524363303670224e+00,3.5008926783354877e+00,3.5008926783354877e+00,3.5008926783354877e+00,2.8978833565555182e+00,0.0000000000000000e+00,6.6524363303670224e+00,6.6524363303670224e+00,6.6524363303670224e+00,2.8978833565555182e+00,6.6524363303670224e+00,3.5008926783354877e+00,4.3456472740124052e+00,2.8978833565555182e+00,0.0000000000000000e+00,6.6524363303670224e+00,6.6524363303670224e+00,6.6524363303670224e+00,4.3456472740124052e+00,6.6524363303670224e+00,6.6524363303670224e+00,6.6524363303670224e+00,4.3456472740124052e+00,6.6524363303670224e+00,4.3456472740124052e+00,6.6524363303670224e+00,6.6524363303670224e+00,6.6524363303670224e+00,5.5347176358559587e+00,6.6524363303670224e+00,5.5347176358559587e+00,4.3456472740124052e+00,5.5347176358559587e+00,5.5347176358559587e+00,5.5347176358559587e+00,5.5347176358559587e+00,7.9838133543469658e-01,5.5347176358559587e+00,6.6524363303670224e+00,5.5347176358559587e+00,6.6524363303670224e+00,5.5347176358559587e+00,4.3456472740124052e+00,5.5347176358559587e+00,6.6524363303670224e+00,4.3456472740124052e+00,3.5008926783354877e+00,6.6524363303670224e+00,3.5008926783354877e+00,2.8978833565555182e+00,5.5347176358559587e+00,7.9838133543469658e-01,3.5008926783354877e+00,5.5347176358559587e+00,5.5347176358559587e+00,1.8679521652957198e+00,2.8978833565555182e+00,3.5008926783354877e+00,1.8679521652957198e+00,2.8978833565555182e+00,0.0000000000000000e+00,4.3456472740124052e+00,5.5347176358559587e+00,1.8679521652957198e+00,4.3456472740124052e+00,4.3456472740124052e+00,6.6524363303670224e+00,1.8679521652957198e+00,3.5008926783354877e+00,3.5008926783354877e+00,5.5347176358559587e+00,7.9838133543469658e-01,5.5347176358559587e+00,5.5347176358559587e+00,3.5008926783354877e+00,1.8679521652957198e+00,6.6524363303670224e+00,5.5347176358559587e+00,3.5008926783354877e+00,6.6524363303670224e+00,6.6524363303670224e+00,7.9838133543469658e-01,5.5347176358559587e+00,5.5347176358559587e+00,5.5347176358559587e+00,5.5347176358559587e+00,5.5347176358559587e+00,5.5347176358559587e+00,6.6524363303670224e+00,5.5347176358559587e+00,2.8978833565555182e+00,2.8978833565555182e+00,5.5347176358559587e+00,6.6524363303670224e+00,6.6524363303670224e+00,7.9838133543469658e-01,2.8978833565555182e+00,5.5347176358559587e+00,5.5347176358559587e+00,5.5347176358559587e+00,5.5347176358559587e+00,0.0000000000000000e+00,5.5347176358559587e+00,6.6524363303670224e+00,0.0000000000000000e+00,4.3456472740124052e+00,7.9838133543469658e-01,5.5347176358559587e+00,0.0000000000000000e+00,3.5008926783354877e+00,6.6524363303670224e+00,6.6524363303670224e+00,5.5347176358559587e+00,2.8978833565555182e+00,5.5347176358559587e+00,3.5008926783354877e+00,4.3456472740124052e+00,2.8978833565555182e+00,2.8978833565555182e+00,3.5008926783354877e+00,6.6524363303670224e+00,6.6524363303670224e+00,6.6524363303670224e+00,5.5347176358559587e+00,7.9838133543469658e-01,0.0000000000000000e+00,7.9838133543469658e-01,5.5347176358559587e+00,2.8978833565555182e+00,2.8978833565555182e+00,3.5008926783354877e+00,3.5008926783354877e+00,5.5347176358559587e+00,1.8679521652957198e+00,5.5347176358559587e+00,3.5008926783354877e+00,3.5008926783354877e+00,4.3456472740124052e+00,5.5347176358559587e+00,5.5347176358559587e+00,3.5008926783354877e+00,5.5347176358559587e+00,3.5008926783354877e+00,5.5347176358559587e+00,1.8679521652957198e+00,5.5347176358559587e+00,5.5347176358559587e+00,5.5347176358559587e+00,7.9838133543469658e-01,6.6524363303670224e+00,2.8978833565555182e+00,6.6524363303670224e+00,6.6524363303670224e+00,3.5008926783354877e+00,6.6524363303670224e+00,1.8679521652957198e+00,5.5347176358559587e+00,6.6524363303670224e+00,5.5347176358559587e+00,6.6524363303670224e+00,1.8679521652957198e+00,2.8978833565555182e+00,6.6524363303670224e+00,6.6524363303670224e+00,2.8978833565555182e+00,1.8679521652957198e+00,6.6524363303670224e+00,0.0000000000000000e+00,6.6524363303670224e+00,2.8978833565555182e+00,2.8978833565555182e+00,2.8978833565555182e+00,5.5347176358559587e+00,5.5347176358559587e+00,0.0000000000000000e+00,5.5347176358559587e+00,1.8679521652957198e+00,4.3456472740124052e+00,6.6524363303670224e+00,6.6524363303670224e+00,5.5347176358559587e+00,5.5347176358559587e+00,5.5347176358559587e+00,4.3456472740124052e+00,5.5347176358559587e+00,2.8978833565555182e+00,1.8679521652957198e+00,3.5008926783354877e+00,4.3456472740124052e+00,4.3456472740124052e+00,0.0000000000000000e+00,6.6524363303670224e+00,7.9838133543469658e-01,6.6524363303670224e+00,5.5347176358559587e+00,0.0000000000000000e+00,1.8679521652957198e+00,5.5347176358559587e+00,5.5347176358559587e+00,5.5347176358559587e+00,2.8978833565555182e+00,2.8978833565555182e+00,2.8978833565555182e+00,5.5347176358559587e+00,2.8978833565555182e+00,2.8978833565555182e+00,2.8978833565555182e+00,5.5347176358559587e+00,0.0000000000000000e+00,2.8978833565555182e+00,4.3456472740124052e+00,0.0000000000000000e+00,6.6524363303670224e+00,5.5347176358559587e+00,3.5008926783354877e+00,2.8978833565555182e+00,0.0000000000000000e+00,6.6524363303670224e+00,1.8679521652957198e+00,0.0000000000000000e+00,2.8978833565555182e+00,5.5347176358559587e+00,5.5347176358559587e+00,1.8679521652957198e+00,5.5347176358559587e+00,6.6524363303670224e+00,7.9838133543469658e-01,1.8679521652957198e+00,6.6524363303670224e+00,5.5347176358559587e+00,4.3456472740124052e+00,7.9838133543469658e-01,5.5347176358559587e+00,2.8978833565555182e+00,2.8978833565555182e+00,6.6524363303670224e+00,6.6524363303670224e+00,0.0000000000000000e+00,5.5347176358559587e+00,5.5347176358559587e+00,5.5347176358559587e+00,5.5347176358559587e+00,5.5347176358559587e+00,3.5008926783354877e+00,1.8679521652957198e+00,5.5347176358559587e+00,5.5347176358559587e+00,0.0000000000000000e+00,6.6524363303670224e+00,3.5008926783354877e+00,3.5008926783354877e+00,2.8978833565555182e+00,0.0000000000000000e+00,5.5347176358559587e+00,6.6524363303670224e+00,1.8679521652957198e+00,2.8978833565555182e+00,2.8978833565555182e+00,1.8679521652957198e+00,6.6524363303670224e+00,6.6524363303670224e+00,1.8679521652957198e+00,6.6524363303670224e+00,1.8679521652957198e+00,5.5347176358559587e+00,5.5347176358559587e+00,7.9838133543469658e-01,5.5347176358559587e+00,6.6524363303670224e+00,2.8978833565555182e+00,5.5347176358559587e+00,5.5347176358559587e+00,7.9838133543469658e-01,3.5008926783354877e+00,6.6524363303670224e+00,3.5008926783354877e+00,5.5347176358559587e+00,5.5347176358559587e+00,0.0000000000000000e+00,2.8978833565555182e+00,2.8978833565555182e+00,2.8978833565555182e+00,6.6524363303670224e+00,4.3456472740124052e+00,1.8679521652957198e+00,6.6524363303670224e+00,4.3456472740124052e+00,7.9838133543469658e-01,6.6524363303670224e+00,4.3456472740124052e+00,5.5347176358559587e+00,7.9838133543469658e-01,4.3456472740124052e+00,1.8679521652957198e+00,2.8978833565555182e+00,7.9838133543469658e-01,3.5008926783354877e+00,5.5347176358559587e+00,5.5347176358559587e+00,3.5008926783354877e+00,3.5008926783354877e+00,5.5347176358559587e+00,1.8679521652957198e+00,3.5008926783354877e+00,6.6524363303670224e+00,5.5347176358559587e+00,6.6524363303670224e+00,1.8679521652957198e+00,4.3456472740124052e+00,5.5347176358559587e+00,4.3456472740124052e+00,6.6524363303670224e+00,6.6524363303670224e+00,4.3456472740124052e+00,5.5347176358559587e+00,0.0000000000000000e+00,0.0000000000000000e+00,6.6524363303670224e+00,5.5347176358559587e+00,1.8679521652957198e+00,6.6524363303670224e+00,4.3456472740124052e+00,4.3456472740124052e+00,2.8978833565555182e+00,6.6524363303670224e+00,2.8978833565555182e+00,4.3456472740124052e+00,4.3456472740124052e+00,4.3456472740124052e+00,0.0000000000000000e+00,7.9838133543469658e-01,3.5008926783354877e+00,4.3456472740124052e+00,6.6524363303670224e+00,6.6524363303670224e+00,5.5347176358559587e+00,7.9838133543469658e-01,6.6524363303670224e+00,7.9838133543469658e-01,6.6524363303670224e+00,3.5008926783354877e+00,1.8679521652957198e+00,0.0000000000000000e+00,5.5347176358559587e+00,5.5347176358559587e+00,3.5008926783354877e+00,6.6524363303670224e+00,1.8679521652957198e+00,6.6524363303670224e+00,2.8978833565555182e+00,4.3456472740124052e+00,5.5347176358559587e+00,3.5008926783354877e+00,1.8679521652957198e+00,4.3456472740124052e+00,3.5008926783354877e+00,3.5008926783354877e+00,5.5347176358559587e+00,3.5008926783354877e+00,5.5347176358559587e+00,5.5347176358559587e+00,0.0000000000000000e+00,3.5008926783354877e+00,2.8978833565555182e+00,0.0000000000000000e+00,5.5347176358559587e+00,4.3456472740124052e+00,3.5008926783354877e+00,6.6524363303670224e+00,0.0000000000000000e+00,5.5347176358559587e+00,4.3456472740124052e+00,4.3456472740124052e+00,6.6524363303670224e+00,6.6524363303670224e+00,5.5347176358559587e+00,5.5347176358559587e+00,5.5347176358559587e+00,5.5347176358559587e+00,5.5347176358559587e+00,5.5347176358559587e+00,6.6524363303670224e+00,6.6524363303670224e+00,5.5347176358559587e+00,5.5347176358559587e+00,6.6524363303670224e+00,5.5347176358559587e+00,2.8978833565555182e+00,3.5008926783354877e+00,5.5347176358559587e+00,5.5347176358559587e+00,3.5008926783354877e+00,7.9838133543469658e-01,1.8679521652957198e+00,5.5347176358559587e+00,7.9838133543469658e-01,7.9838133543469658e-01,5.5347176358559587e+00,3.5008926783354877e+00,5.5347176358559587e+00,3.5008926783354877e+00,5.5347176358559587e+00,3.5008926783354877e+00,5.5347176358559587e+00,4.3456472740124052e+00,4.3456472740124052e+00,3.5008926783354877e+00,5.5347176358559587e+00,1.8679521652957198e+00,1.8679521652957198e+00,2.8978833565555182e+00,2.8978833565555182e+00,2.8978833565555182e+00,6.6524363303670224e+00,1.8679521652957198e+00,5.5347176358559587e+00,6.6524363303670224e+00,4.3456472740124052e+00,4.3456472740124052e+00,4.3456472740124052e+00,5.5347176358559587e+00,3.5008926783354877e+00,1.8679521652957198e+00,3.5008926783354877e+00,5.5347176358559587e+00,5.5347176358559587e+00,1.8679521652957198e+00,5.5347176358559587e+00,4.3456472740124052e+00,5.5347176358559587e+00,5.5347176358559587e+00,5.5347176358559587e+00,5.5347176358559587e+00,4.3456472740124052e+00,5.5347176358559587e+00,4.3456472740124052e+00,2.8978833565555182e+00,0.0000000000000000e+00,4.3456472740124052e+00,4.3456472740124052e+00,4.3456472740124052e+00,5.5347176358559587e+00,5.5347176358559587e+00,2.8978833565555182e+00,5.5347176358559587e+00,1.8679521652957198e+00,4.3456472740124052e+00,7.9838133543469658e-01,5.5347176358559587e+00,3.5008926783354877e+00,6.6524363303670224e+00,7.9838133543469658e-01,5.5347176358559587e+00,7.9838133543469658e-01,5.5347176358559587e+00,6.6524363303670224e+00,5.5347176358559587e+00,6.6524363303670224e+00,6.6524363303670224e+00,7.9838133543469658e-01,6.6524363303670224e+00,3.5008926783354877e+00,2.8978833565555182e+00,1.8679521652957198e+00,6.6524363303670224e+00,1.8679521652957198e+00,6.6524363303670224e+00,6.6524363303670224e+00,3.5008926783354877e+00,0.0000000000000000e+00,6.6524363303670224e+00,0.0000000000000000e+00,2.8978833565555182e+00,6.6524363303670224e+00,3.5008926783354877e+00,4.3456472740124052e+00,3.5008926783354877e+00,2.8978833565555182e+00,4.3456472740124052e+00,6.6524363303670224e+00,6.6524363303670224e+00,0.0000000000000000e+00,6.6524363303670224e+00,6.6524363303670224e+00,6.6524363303670224e+00,5.5347176358559587e+00,2.8978833565555182e+00,6.6524363303670224e+00,5.5347176358559587e+00,7.9838133543469658e-01,6.6524363303670224e+00,3.5008926783354877e+00,2.8978833565555182e+00,7.9838133543469658e-01,6.6524363303670224e+00,5.5347176358559587e+00,5.5347176358559587e+00,3.5008926783354877e+00,4.3456472740124052e+00,6.6524363303670224e+00,5.5347176358559587e+00,5.5347176358559587e+00,7.9838133543469658e-01,5.5347176358559587e+00,5.5347176358559587e+00,6.6524363303670224e+00,5.5347176358559587e+00,6.6524363303670224e+00,5.5347176358559587e+00,2.8978833565555182e+00,6.6524363303670224e+00,3.5008926783354877e+00,6.6524363303670224e+00,5.5347176358559587e+00,2.8978833565555182e+00,5.5347176358559587e+00,6.6524363303670224e+00,5.5347176358559587e+00,4.3456472740124052e+00,5.5347176358559587e+00,6.6524363303670224e+00,6.6524363303670224e+00,6.6524363303670224e+00,0.0000000000000000e+00,4.3456472740124052e+00,4.3456472740124052e+00,4.3456472740124052e+00,4.3456472740124052e+00,4.3456472740124052e+00,1.8679521652957198e+00,3.5008926783354877e+00,5.5347176358559587e+00,3.5008926783354877e+00,3.5008926783354877e+00,7.9838133543469658e-01,6.6524363303670224e+00,5.5347176358559587e+00,2.8978833565555182e+00,6.6524363303670224e+00,0.0000000000000000e+00,6.6524363303670224e+00,0.0000000000000000e+00,4.3456472740124052e+00,2.8978833565555182e+00,5.5347176358559587e+00,6.6524363303670224e+00,7.9838133543469658e-01,6.6524363303670224e+00,2.8978833565555182e+00,1.8679521652957198e+00,6.6524363303670224e+00,5.5347176358559587e+00,1.8679521652957198e+00,2.8978833565555182e+00,6.6524363303670224e+00,7.9838133543469658e-01,6.6524363303670224e+00,3.5008926783354877e+00,2.8978833565555182e+00,2.8978833565555182e+00,2.8978833565555182e+00,6.6524363303670224e+00,5.5347176358559587e+00,5.5347176358559587e+00,6.6524363303670224e+00,6.6524363303670224e+00,6.6524363303670224e+00,6.6524363303670224e+00,6.6524363303670224e+00,7.9838133543469658e-01,4.3456472740124052e+00,3.5008926783354877e+00,3.5008926783354877e+00,1.8679521652957198e+00,5.5347176358559587e+00,6.6524363303670224e+00,6.6524363303670224e+00,4.3456472740124052e+00,5.5347176358559587e+00,6.6524363303670224e+00,0.0000000000000000e+00,5.5347176358559587e+00,5.5347176358559587e+00,5.5347176358559587e+00,5.5347176358559587e+00,4.3456472740124052e+00,2.8978833565555182e+00,3.5008926783354877e+00,3.5008926783354877e+00,2.8978833565555182e+00,7.9838133543469658e-01,4.3456472740124052e+00,5.5347176358559587e+00,2.8978833565555182e+00,3.5008926783354877e+00,5.5347176358559587e+00,5.5347176358559587e+00,2.8978833565555182e+00,5.5347176358559587e+00,7.9838133543469658e-01,6.6524363303670224e+00,4.3456472740124052e+00,0.0000000000000000e+00,6.6524363303670224e+00,6.6524363303670224e+00,6.6524363303670224e+00,4.3456472740124052e+00,6.6524363303670224e+00,1.8679521652957198e+00,6.6524363303670224e+00,7.9838133543469658e-01,6.6524363303670224e+00,3.5008926783354877e+00,7.9838133543469658e-01,1.8679521652957198e+00,4.3456472740124052e+00,2.8978833565555182e+00,4.3456472740124052e+00,0.0000000000000000e+00,4.3456472740124052e+00,4.3456472740124052e+00,5.5347176358559587e+00,6.6524363303670224e+00,5.5347176358559587e+00,2.8978833565555182e+00,3.5008926783354877e+00,6.6524363303670224e+00,0.0000000000000000e+00,5.5347176358559587e+00,6.6524363303670224e+00,3.5008926783354877e+00,4.3456472740124052e+00,5.5347176358559587e+00,7.9838133543469658e-01,3.5008926783354877e+00,1.8679521652957198e+00,3.5008926783354877e+00,5.5347176358559587e+00,3.5008926783354877e+00,4.3456472740124052e+00,1.8679521652957198e+00,5.5347176358559587e+00,7.9838133543469658e-01,3.5008926783354877e+00,5.5347176358559587e+00,3.5008926783354877e+00,7.9838133543469658e-01,4.3456472740124052e+00,5.5347176358559587e+00,6.6524363303670224e+00,3.5008926783354877e+00,7.9838133543469658e-01,2.8978833565555182e+00,2.8978833565555182e+00,0.0000000000000000e+00,6.6524363303670224e+00,5.5347176358559587e+00,5.5347176358559587e+00,2.8978833565555182e+00,5.5347176358559587e+00,4.3456472740124052e+00,6.6524363303670224e+00,6.6524363303670224e+00,0.0000000000000000e+00,2.8978833565555182e+00,5.5347176358559587e+00,6.6524363303670224e+00,1.8679521652957198e+00,5.5347176358559587e+00,6.6524363303670224e+00,5.5347176358559587e+00,6.6524363303670224e+00,6.6524363303670224e+00,6.6524363303670224e+00,6.6524363303670224e+00,3.5008926783354877e+00,2.8978833565555182e+00,3.5008926783354877e+00,5.5347176358559587e+00,0.0000000000000000e+00,4.3456472740124052e+00,0.0000000000000000e+00,4.3456472740124052e+00,2.8978833565555182e+00,6.6524363303670224e+00,7.9838133543469658e-01,3.5008926783354877e+00,3.5008926783354877e+00,2.8978833565555182e+00,4.3456472740124052e+00,3.5008926783354877e+00,5.5347176358559587e+00,5.5347176358559587e+00,0.0000000000000000e+00,3.5008926783354877e+00,6.6524363303670224e+00,6.6524363303670224e+00,6.6524363303670224e+00,4.3456472740124052e+00,4.3456472740124052e+00,5.5347176358559587e+00,1.8679521652957198e+00,0.0000000000000000e+00,6.6524363303670224e+00,1.8679521652957198e+00,5.5347176358559587e+00,5.5347176358559587e+00,5.5347176358559587e+00,3.5008926783354877e+00,3.5008926783354877e+00,6.6524363303670224e+00,5.5347176358559587e+00,6.6524363303670224e+00,6.6524363303670224e+00,2.8978833565555182e+00,4.3456472740124052e+00,6.6524363303670224e+00,6.6524363303670224e+00,5.5347176358559587e+00,3.5008926783354877e+00,3.5008926783354877e+00,5.5347176358559587e+00,1.8679521652957198e+00,6.6524363303670224e+00,0.0000000000000000e+00,7.9838133543469658e-01,0.0000000000000000e+00,5.5347176358559587e+00,0.0000000000000000e+00,3.5008926783354877e+00,5.5347176358559587e+00,6.6524363303670224e+00,3.5008926783354877e+00,2.8978833565555182e+00,5.5347176358559587e+00,3.5008926783354877e+00,1.8679521652957198e+00,4.3456472740124052e+00,0.0000000000000000e+00,5.5347176358559587e+00,6.6524363303670224e+00,6.6524363303670224e+00,6.6524363303670224e+00,6.6524363303670224e+00,7.9838133543469658e-01,0.0000000000000000e+00,3.5008926783354877e+00,3.5008926783354877e+00,5.5347176358559587e+00,6.6524363303670224e+00,6.6524363303670224e+00,6.6524363303670224e+00,5.5347176358559587e+00,4.3456472740124052e+00,4.3456472740124052e+00,6.6524363303670224e+00,4.3456472740124052e+00,6.6524363303670224e+00,6.6524363303670224e+00,1.8679521652957198e+00,6.6524363303670224e+00,3.5008926783354877e+00,6.6524363303670224e+00,6.6524363303670224e+00,5.5347176358559587e+00,6.6524363303670224e+00,6.6524363303670224e+00,6.6524363303670224e+00,1.8679521652957198e+00,6.6524363303670224e+00,6.6524363303670224e+00,0.0000000000000000e+00,6.6524363303670224e+00,2.8978833565555182e+00,7.9838133543469658e-01,2.8978833565555182e+00,7.9838133543469658e-01,3.5008926783354877e+00,4.3456472740124052e+00,5.5347176358559587e+00,4.3456472740124052e+00,1.8679521652957198e+00,0.0000000000000000e+00,1.8679521652957198e+00,6.6524363303670224e+00,6.6524363303670224e+00,1.8679521652957198e+00,6.6524363303670224e+00,6.6524363303670224e+00,6.6524363303670224e+00,3.5008926783354877e+00,6.6524363303670224e+00,3.5008926783354877e+00,0.0000000000000000e+00,6.6524363303670224e+00,5.5347176358559587e+00,4.3456472740124052e+00,6.6524363303670224e+00,6.6524363303670224e+00,6.6524363303670224e+00,6.6524363303670224e+00,0.0000000000000000e+00,5.5347176358559587e+00,6.6524363303670224e+00,3.5008926783354877e+00,0.0000000000000000e+00,4.3456472740124052e+00,6.6524363303670224e+00,4.3456472740124052e+00,1.8679521652957198e+00,5.5347176358559587e+00,7.9838133543469658e-01,3.5008926783354877e+00,7.9838133543469658e-01,0.0000000000000000e+00,1.8679521652957198e+00,6.6524363303670224e+00,6.6524363303670224e+00,5.5347176358559587e+00,1.8679521652957198e+00,2.8978833565555182e+00,1.8679521652957198e+00,2.8978833565555182e+00,0.0000000000000000e+00,1.8679521652957198e+00,5.5347176358559587e+00,2.8978833565555182e+00,7.9838133543469658e-01,7.9838133543469658e-01,5.5347176358559587e+00,4.3456472740124052e+00,6.6524363303670224e+00,5.5347176358559587e+00,5.5347176358559587e+00,6.6524363303670224e+00,5.5347176358559587e+00,5.5347176358559587e+00,5.5347176358559587e+00,0.0000000000000000e+00,6.6524363303670224e+00,5.5347176358559587e+00,3.5008926783354877e+00,6.6524363303670224e+00,2.8978833565555182e+00,6.6524363303670224e+00,1.8679521652957198e+00,5.5347176358559587e+00,6.6524363303670224e+00,4.3456472740124052e+00,5.5347176358559587e+00,0.0000000000000000e+00,5.5347176358559587e+00,6.6524363303670224e+00,6.6524363303670224e+00,6.6524363303670224e+00,1.8679521652957198e+00,6.6524363303670224e+00,6.6524363303670224e+00,4.3456472740124052e+00,6.6524363303670224e+00,6.6524363303670224e+00,0.0000000000000000e+00,6.6524363303670224e+00,5.5347176358559587e+00,5.5347176358559587e+00,6.6524363303670224e+00,6.6524363303670224e+00,6.6524363303670224e+00,3.5008926783354877e+00,6.6524363303670224e+00,6.6524363303670224e+00,6.6524363303670224e+00,6.6524363303670224e+00,2.8978833565555182e+00,6.6524363303670224e+00,0.0000000000000000e+00,2.8978833565555182e+00,2.8978833565555182e+00,3.5008926783354877e+00,3.5008926783354877e+00,7.9838133543469658e-01,6.6524363303670224e+00,2.8978833565555182e+00,1.8679521652957198e+00,1.8679521652957198e+00,6.6524363303670224e+00,6.6524363303670224e+00,6.6524363303670224e+00,4.3456472740124052e+00,1.8679521652957198e+00,3.5008926783354877e+00,5.5347176358559587e+00,3.5008926783354877e+00
0.0000000000000000e+00,0.0000000000000000e+00,0.0000000000000000e+00,0.0000000000000000e+00,0.0000000000000000e+00,0.0000000000000000e+00,0.0000000000000000e+00,0.0000000000000000e+00,0.0000000000000000e+00,0.0000000000000000e+00,0.0000000000000000e+00,0.0000000000000000e+00,0.0000000000000000e+00,0.0000000000000000e+00,0.0000000000000000e+00,0.0000000000000000e+00,0.0000000000000000e+00,0.0000000000000000e+00,0.0000000000000000e+00,0.0000000000000000e+00,0.0000000000000000e+00,0.0000000000000000e+00,0.0000000000000000e+00,0.0000000000000000e+00,0.0000000000000000e+00,0.0000000000000000e+00,0.0000000000000000e+00,0.0000000000000000e+00,0.0000000000000000e+00,0.0000000000000000e+00,0.0000000000000000e+00,0.0000000000000000e+00,0.0000000000000000e+00,0.0000000000000000e+00,0.0000000000000000e+00,0.0000000000000000e+00,0.0000000000000000e+00,0.0000000000000000e+00,0.0000000000000000e+00,0.0000000000000000e+00,0.0000000000000000e+00,0.0000000000000000e+00,0.0000000000000000e+00,0.0000000000000000e+00,0.0000000000000000e+00,0.0000000000000000e+00,0.0000000000000000e+00,0.0000000000000000e+00,0.0000000000000000e+00,0.0000000000000000e+00,0.0000000000000000e+00,0.0000000000000000e+00,0.0000000000000000e+00,0.0000000000000000e+00,0.0000000000000000e+00,0.0000000000000000e+00,0.0000000000000000e+00,0.0000000000000000e+00,0.0000000000000000e+00,0.0000000000000000e+00,0.0000000000000000e+00,0.0000000000000000e+00,0.0000000000000000e+00,0.0000000000000000e+00,0.0000000000000000e+00,0.0000000000000000e+00,0.0000000000000000e+00,0.0000000000000000e+00,0.0000000000000000e+00,0.0000000000000000e+00,0.0000000000000000e+00,0.0000000000000000e+00,0.0000000000000000e+00,0.0000000000000000e+00,0.0000000000000000e+00,0.0000000000000000e+00,0.0000000000000000e+00,0.0000000000000000e+00,0.0000000000000000e+00,0.0000000000000000e+00,0.0000000000000000e+00,0.0000000000000000e+00,0.0000000000000000e+00,0.0000000000000000e+00,0.0000000000000000e+00,0.0000000000000000e+00,0.0000000000000000e+00,0.0000000000000000e+00,0.0000000000000000e+00,0.0000000000000000e+00,0.0000000000000000e+00,0.0000000000000000e+00,0.0000000000000000e+00,0.0000000000000000e+00,0.0000000000000000e+00,0.0000000000000000e+00,0.0000000000000000e+00,0.0000000000000000e+00,0.0000000000000000e+00,0.0000000000000000e+00,0.0000000000000000e+00,0.0000000000000000e+00,0.0000000000000000e+00,0.0000000000000000e+00,0.0000000000000000e+00,0.0000000000000000e+00,0.0000000000000000e+00,0.0000000000000000e+00,0.0000000000000000e+00,0.0000000000000000e+00,0.0000000000000000e+00,0.0000000000000000e+00,0.0000000000000000e+00,0.0000000000000000e+00,0.0000000000000000e+00,0.0000000000000000e+00,0.0000000000000000e+00,0.0000000000000000e+00,0.0000000000000000e+00,0.0000000000000000e+00,0.0000000000000000e+00,0.0000000000000000e+00,0.0000000000000000e+00,0.0000000000000000e+00,0.0000000000000000e+00,0.0000000000000000e+00,0.0000000000000000e+00,0.0000000000000000e+00,0.0000000000000000e+00,0.0000000000000000e+00,0.0000000000000000e+00,0.0000000000000000e+00,0.0000000000000000e+00,0.0000000000000000e+00,0.0000000000000000e+00,0.0000000000000000e+00,0.0000000000000000e+00,0.0000000000000000e+00,0.0000000000000000e+00,0.0000000000000000e+00,0.0000000000000000e+00,0.0000000000000000e+00,0.0000000000000000e+00,0.0000000000000000e+00,0.0000000000000000e+00,0.0000000000000000e+00,0.0000000000000000e+00,0.0000000000000000e+00,0.0000000000000000e+00,0.0000000000000000e+00,0.0000000000000000e+00,0.0000000000000000e+00,0.0000000000000000e+00,0.0000000000000000e+00,0.0000000000000000e+00,0.0000000000000000e+00,0.0000000000000000e+00,0.0000000000000000e+00,0.0000000000000000e+00,0.0000000000000000e+00,0.0000000000000000e+00,0.0000000000000000e+00,0.0000000000000000e+00,0.0000000000000000e+00,0.0000000000000000e+00,0.0000000000000000e+00,0.0000000000000000e+00,0.0000000000000000e+00,0.0000000000000000e+00,0.0000000000000000e+00,0.0000000000000000e+00,0.0000000000000000e+00,0.0000000000000000e+00,0.0000000000000000e+00,0.0000000000000000e+00,0.0000000000000000e+00,0.0000000000000000e+00,0.0000000000000000e+00,0.0000000000000000e+00,0.0000000000000000e+00,0.0000000000000000e+00,0.0000000000000000e+00,0.0000000000000000e+00,0.0000000000000000e+00,0.0000000000000000e+00,0.0000000000000000e+00,0.0000000000000000e+00,0.0000000000000000e+00,0.0000000000000000e+00,0.0000000000000000e+00,0.0000000000000000e+00,0.0000000000000000e+00,0.0000000000000000e+00,0.0000000000000000e+00,0.0000000000000000e+00,0.0000000000000000e+00,0.0000000000000000e+00,0.0000000000000000e+00,0.0000000000000000e+00,0.0000000000000000e+00,0.0000000000000000e+00,0.0000000000000000e+00,0.0000000000000000e+00,0.0000000000000000e+00,0.0000000000000000e+00,0.0000000000000000e+00,0.0000000000000000e+00,0.0000000000000000e+00,0.0000000000000000e+00,0.0000000000000000e+00,0.0000000000000000e+00,0.0000000000000000e+00,0.0000000000000000e+00,0.0000000000000000e+00,0.0000000000000000e+00,0.0000000000000000e+00,0.0000000000000000e+00,0.0000000000000000e+00,0.0000000000000000e+00,0.0000000000000000e+00,0.0000000000000000e+00,0.0000000000000000e+00,0.0000000000000000e+00,0.0000000000000000e+00,0.0000000000000000e+00,0.0000000000000000e+00,0.0000000000000000e+00,0.0000000000000000e+00,0.0000000000000000e+00,0.0000000000000000e+00,0.0000000000000000e+00,0.0000000000000000e+00,0.0000000000000000e+00,0.0000000000000000e+00,0.0000000000000000e+00,0.0000000000000000e+00,0.0000000000000000e+00,0.0000000000000000e+00,0.0000000000000000e+00,0.0000000000000000e+00,0.0000000000000000e+00,0.0000000000000000e+00,0.0000000000000000e+00,0.0000000000000000e+00,0.0000000000000000e+00,0.0000000000000000e+00,0.0000000000000000e+00,0.0000000000000000e+00,0.0000000000000000e+00,0.0000000000000000e+00,0.0000000000000000e+00,0.0000000000000000e+00,0.0000000000000000e+00,0.0000000000000000e+00,0.0000000000000000e+00,0.0000000000000000e+00,0.0000000000000000e+00,0.0000000000000000e+00,0.0000000000000000e+00,0.0000000000000000e+00,0.0000000000000000e+00,0.0000000000000000e+00,0.0000000000000000e+00,0.0000000000000000e+00,0.0000000000000000e+00,0.0000000000000000e+00,0.0000000000000000e+00,0.0000000000000000e+00,0.0000000000000000e+00,0.0000000000000000e+00,0.0000000000000000e+00,0.0000000000000000e+00,0.0000000000000000e+00,0.0000000000000000e+00,0.0000000000000000e+00,0.0000000000000000e+00,0.0000000000000000e+00,0.0000000000000000e+00,0.0000000000000000e+00,0.0000000000000000e+00,0.0000000000000000e+00,0.0000000000000000e+00,0.0000000000000000e+00,0.0000000000000000e+00,0.0000000000000000e+00,0.0000000000000000e+00,0.0000000000000000e+00,0.0000000000000000e+00,0.0000000000000000e+00,0.0000000000000000e+00,0.0000000000000000e+00,0.0000000000000000e+00,0.0000000000000000e+00,0.0000000000000000e+00,0.0000000000000000e+00,0.0000000000000000e+00,0.0000000000000000e+00,0.0000000000000000e+00,0.0000000000000000e+00,0.0000000000000000e+00,0.0000000000000000e+00,0.0000000000000000e+00,0.0000000000000000e+00,0.0000000000000000e+00,0.0000000000000000e+00,0.0000000000000000e+00,0.0000000000000000e+00,0.0000000000000000e+00,0.0000000000000000e+00,0.0000000000000000e+00,0.0000000000000000e+00,0.0000000000000000e+00,0.0000000000000000e+00,0.0000000000000000e+00,0.0000000000000000e+00,0.0000000000000000e+00,0.0000000000000000e+00,0.0000000000000000e+00,0.0000000000000000e+00,0.0000000000000000e+00,0.0000000000000000e+00,0.0000000000000000e+00,0.0000000000000000e+00,0.0000000000000000e+00,0.0000000000000000e+00,0.0000000000000000e+00,0.0000000000000000e+00,0.0000000000000000e+00,0.0000000000000000e+00,0.0000000000000000e+00,0.0000000000000000e+00,0.0000000000000000e+00,0.0000000000000000e+00,0.0000000000000000e+00,0.0000000000000000e+00,0.0000000000000000e+00,0.0000000000000000e+00,0.0000000000000000e+00,0.0000000000000000e+00,0.0000000000000000e+00,0.0000000000000000e+00,0.0000000000000000e+00,0.0000000000000000e+00,0.0000000000000000e+00,0.0000000000000000e+00,0.0000000000000000e+00,0.0000000000000000e+00,0.0000000000000000e+00,0.0000000000000000e+00,0.0000000000000000e+00,0.0000000000000000e+00,0.0000000000000000e+00,0.0000000000000000e+00,0.0000000000000000e+00,0.0000000000000000e+00,0.0000000000000000e+00,0.0000000000000000e+00,0.0000000000000000e+00,0.0000000000000000e+00,0.0000000000000000e+00,0.0000000000000000e+00,0.0000000000000000e+00,0.0000000000000000e+00,0.0000000000000000e+00,0.0000000000000000e+00,0.0000000000000000e+00,0.0000000000000000e+00,0.0000000000000000e+00,0.0000000000000000e+00,0.0000000000000000e+00,0.0000000000000000e+00,0.0000000000000000e+00,0.0000000000000000e+00,0.0000000000000000e+00,0.0000000000000000e+00,0.0000000000000000e+00,0.0000000000000000e+00,0.0000000000000000e+00,0.0000000000000000e+00,0.0000000000000000e+00,0.0000000000000000e+00,0.0000000000000000e+00,0.0000000000000000e+00,0.0000000000000000e+00,0.0000000000000000e+00,0.0000000000000000e+00,0.0000000000000000e+00,0.0000000000000000e+00,0.0000000000000000e+00,0.0000000000000000e+00,0.0000000000000000e+00,0.0000000000000000e+00,0.0000000000000000e+00,0.0000000000000000e+00,0.0000000000000000e+00,0.0000000000000000e+00,0.0000000000000000e+00,0.0000000000000000e+00,0.0000000000000000e+00,0.0000000000000000e+00,0.0000000000000000e+00,0.0000000000000000e+00,0.0000000000000000e+00,0.0000000000000000e+00,0.0000000000000000e+00,0.0000000000000000e+00,0.0000000000000000e+00,0.0000000000000000e+00,0.0000000000000000e+00,0.0000000000000000e+00,0.0000000000000000e+00,0.0000000000000000e+00,0.0000000000000000e+00,0.0000000000000000e+00,0.0000000000000000e+00,0.0000000000000000e+00,0.0000000000000000e+00,0.0000000000000000e+00,0.0000000000000000e+00,0.0000000000000000e+00,0.0000000000000000e+00,0.0000000000000000e+00,0.0000000000000000e+00,0.0000000000000000e+00,0.0000000000000000e+00,0.0000000000000000e+00,0.0000000000000000e+00,0.0000000000000000e+00,0.0000000000000000e+00,0.0000000000000000e+00,0.0000000000000000e+00,0.0000000000000000e+00,0.0000000000000000e+00,0.0000000000000000e+00,0.0000000000000000e+00,0.0000000000000000e+00,0.0000000000000000e+00,0.0000000000000000e+00,0.0000000000000000e+00,0.0000000000000000e+00,0.0000000000000000e+00,0.0000000000000000e+00,0.0000000000000000e+00,0.0000000000000000e+00,0.0000000000000000e+00,0.0000000000000000e+00,0.0000000000000000e+00,0.0000000000000000e+00,0.0000000000000000e+00,0.0000000000000000e+00,0.0000000000000000e+00,0.0000000000000000e+00,0.0000000000000000e+00,0.0000000000000000e+00,0.0000000000000000e+00,0.0000000000000000e+00,0.0000000000000000e+00,0.0000000000000000e+00,0.0000000000000000e+00,0.0000000000000000e+00,0.0000000000000000e+00,0.0000000000000000e+00,0.0000000000000000e+00,0.0000000000000000e+00,0.0000000000000000e+00,0.0000000000000000e+00,0.0000000000000000e+00,0.0000000000000000e+00,0.0000000000000000e+00,0.0000000000000000e+00,0.0000000000000000e+00,0.0000000000000000e+00,0.0000000000000000e+00,0.0000000000000000e+00,0.0000000000000000e+00,0.0000000000000000e+00,0.0000000000000000e+00,0.0000000000000000e+00,0.0000000000000000e+00,0.0000000000000000e+00,0.0000000000000000e+00,0.0000000000000000e+00,0.0000000000000000e+00,0.0000000000000000e+00,0.0000000000000000e+00,0.0000000000000000e+00,0.0000000000000000e+00,0.0000000000000000e+00,0.0000000000000000e+00,0.0000000000000000e+00,0.0000000000000000e+00,0.0000000000000000e+00,0.0000000000000000e+00,0.0000000000000000e+00,0.0000000000000000e+00,0.0000000000000000e+00,0.0000000000000000e+00,0.0000000000000000e+00,0.0000000000000000e+00,0.0000000000000000e+00,0.0000000000000000e+00,0.0000000000000000e+00,0.0000000000000000e+00,0.0000000000000000e+00,0.0000000000000000e+00,0.0000000000000000e+00,0.0000000000000000e+00,0.0000000000000000e+00,0.0000000000000000e+00,0.0000000000000000e+00,0.0000000000000000e+00,0.0000000000000000e+00,0.0000000000000000e+00,0.0000000000000000e+00,0.0000000000000000e+00,0.0000000000000000e+00,0.0000000000000000e+00,0.0000000000000000e+00,0.0000000000000000e+00,0.0000000000000000e+00,0.0000000000000000e+00,0.0000000000000000e+00,0.0000000000000000e+00,0.0000000000000000e+00,0.0000000000000000e+00,0.0000000000000000e+00,0.0000000000000000e+00,0.0000000000000000e+00,0.0000000000000000e+00,0.0000000000000000e+00,0.0000000000000000e+00,0.0000000000000000e+00,0.0000000000000000e+00,0.0000000000000000e+00,0.0000000000000000e+00,0.0000000000000000e+00,0.0000000000000000e+00,0.0000000000000000e+00,0.0000000000000000e+00,0.0000000000000000e+00,0.0000000000000000e+00,0.0000000000000000e+00,0.0000000000000000e+00,0.0000000000000000e+00,0.0000000000000000e+00,0.0000000000000000e+00,0.0000000000000000e+00,0.0000000000000000e+00,0.0000000000000000e+00,0.0000000000000000e+00,0.0000000000000000e+00,0.0000000000000000e+00,0.0000000000000000e+00,0.0000000000000000e+00,0.0000000000000000e+00,0.0000000000000000e+00,0.0000000000000000e+00,0.0000000000000000e+00,0.0000000000000000e+00,0.0000000000000000e+00,0.0000000000000000e+00,0.0000000000000000e+00,0.0000000000000000e+00,0.0000000000000000e+00,0.0000000000000000e+00,0.0000000000000000e+00,0.0000000000000000e+00,0.0000000000000000e+00,0.0000000000000000e+00,0.0000000000000000e+00,0.0000000000000000e+00,0.0000000000000000e+00,0.0000000000000000e+00,0.0000000000000000e+00,0.0000000000000000e+00,0.0000000000000000e+00,0.0000000000000000e+00,0.0000000000000000e+00,0.0000000000000000e+00,0.0000000000000000e+00,0.0000000000000000e+00,0.0000000000000000e+00,0.0000000000000000e+00,0.0000000000000000e+00,0.0000000000000000e+00,0.0000000000000000e+00,0.0000000000000000e+00,0.0000000000000000e+00,0.0000000000000000e+00,0.0000000000000000e+00,0.0000000000000000e+00,0.0000000000000000e+00,0.0000000000000000e+00,0.0000000000000000e+00,0.0000000000000000e+00,0.0000000000000000e+00,0.0000000000000000e+00,0.0000000000000000e+00,0.0000000000000000e+00,0.0000000000000000e+00,0.0000000000000000e+00,0.0000000000000000e+00,0.0000000000000000e+00,0.0000000000000000e+00,0.0000000000000000e+00,0.0000000000000000e+00,0.0000000000000000e+00,0.0000000000000000e+00,0.0000000000000000e+00,0.0000000000000000e+00,0.0000000000000000e+00,0.0000000000000000e+00,0.0000000000000000e+00,0.0000000000000000e+00,0.0000000000000000e+00,0.0000000000000000e+00,0.0000000000000000e+00,0.0000000000000000e+00,0.0000000000000000e+00,0.0000000000000000e+00,0.0000000000000000e+00,0.0000000000000000e+00,0.0000000000000000e+00,0.0000000000000000e+00,0.0000000000000000e+00,0.0000000000000000e+00,0.0000000000000000e+00,0.0000000000000000e+00,0.0000000000000000e+00,0.0000000000000000e+00,0.0000000000000000e+00,0.0000000000000000e+00,0.0000000000000000e+00,0.0000000000000000e+00,0.0000000000000000e+00,0.0000000000000000e+00,0.0000000000000000e+00,0.0000000000000000e+00,0.0000000000000000e+00,0.0000000000000000e+00,0.0000000000000000e+00,0.0000000000000000e+00,0.0000000000000000e+00,0.0000000000000000e+00,0.0000000000000000e+00,0.0000000000000000e+00,0.0000000000000000e+00,0.0000000000000000e+00,0.0000000000000000e+00,0.0000000000000000e+00,0.0000000000000000e+00,0.0000000000000000e+00,0.0000000000000000e+00,0.0000000000000000e+00,0.0000000000000000e+00,0.0000000000000000e+00,0.0000000000000000e+00,0.0000000000000000e+00,0.0000000000000000e+00,0.0000000000000000e+00,0.0000000000000000e+00,0.0000000000000000e+00,0.0000000000000000e+00,0.0000000000000000e+00,0.0000000000000000e+00,0.0000000000000000e+00,0.0000000000000000e+00,0.0000000000000000e+00,0.0000000000000000e+00,0.0000000000000000e+00,0.0000000000000000e+00,0.0000000000000000e+00,0.0000000000000000e+00,0.0000000000000000e+00,0.0000000000000000e+00,0.0000000000000000e+00,0.0000000000000000e+00,0.0000000000000000e+00,0.0000000000000000e+00,0.0000000000000000e+00,0.0000000000000000e+00,0.0000000000000000e+00,0.0000000000000000e+00,0.0000000000000000e+00,0.0000000000000000e+00,0.0000000000000000e+00,0.0000000000000000e+00,0.0000000000000000e+00,0.0000000000000000e+00,0.0000000000000000e+00,0.0000000000000000e+00,0.0000000000000000e+00,0.0000000000000000e+00,0.0000000000000000e+00,0.0000000000000000e+00,0.0000000000000000e+00,0.0000000000000000e+00,0.0000000000000000e+00,0.0000000000000000e+00,0.0000000000000000e+00,0.0000000000000000e+00,0.0000000000000000e+00,0.0000000000000000e+00,0.0000000000000000e+00,0.0000000000000000e+00,0.0000000000000000e+00,0.0000000000000000e+00,0.0000000000000000e+00,0.0000000000000000e+00,0.0000000000000000e+00,0.0000000000000000e+00,0.0000000000000000e+00,0.0000000000000000e+00,0.0000000000000000e+00,0.0000000000000000e+00,0.0000000000000000e+00,0.0000000000000000e+00,0.0000000000000000e+00,0.0000000000000000e+00,0.0000000000000000e+00,0.0000000000000000e+00,0.0000000000000000e+00,0.0000000000000000e+00,0.0000000000000000e+00,0.0000000000000000e+00,0.0000000000000000e+00,0.0000000000000000e+00,0.0000000000000000e+00,0.0000000000000000e+00,0.0000000000000000e+00,0.0000000000000000e+00,0.0000000000000000e+00,0.0000000000000000e+00,0.0000000000000000e+00,0.0000000000000000e+00,0.0000000000000000e+00,0.0000000000000000e+00,0.0000000000000000e+00,0.0000000000000000e+00,0.0000000000000000e+00,0.0000000000000000e+00,0.0000000000000000e+00,0.0000000000000000e+00,0.0000000000000000e+00,0.0000000000000000e+00,0.0000000000000000e+00,0.0000000000000000e+00,0.0000000000000000e+00,0.0000000000000000e+00,0.0000000000000000e+00,0.0000000000000000e+00,0.0000000000000000e+00,0.0000000000000000e+00,0.0000000000000000e+00,0.0000000000000000e+00,0.0000000000000000e+00,0.0000000000000000e+00,0.0000000000000000e+00,0.0000000000000000e+00,0.0000000000000000e+00,0.0000000000000000e+00,0.0000000000000000e+00,0.0000000000000000e+00,0.0000000000000000e+00,0.0000000000000000e+00,0.0000000000000000e+00,0.0000000000000000e+00,0.0000000000000000e+00,0.0000000000000000e+00,0.0000000000000000e+00,0.0000000000000000e+00,0.0000000000000000e+00,0.0000000000000000e+00,0.0000000000000000e+00,0.0000000000000000e+00,0.0000000000000000e+00,0.0000000000000000e+00,0.0000000000000000e+00,0.0000000000000000e+00,0.0000000000000000e+00,0.0000000000000000e+00,0.0000000000000000e+00,0.0000000000000000e+00,0.0000000000000000e+00,0.0000000000000000e+00,0.0000000000000000e+00,0.0000000000000000e+00,0.0000000000000000e+00,0.0000000000000000e+00,0.0000000000000000e+00,0.0000000000000000e+00,0.0000000000000000e+00,0.0000000000000000e+00,0.0000000000000000e+00,0.0000000000000000e+00,0.0000000000000000e+00,0.0000000000000000e+00,0.0000000000000000e+00,0.0000000000000000e+00,0.0000000000000000e+00,0.0000000000000000e+00,0.0000000000000000e+00,0.0000000000000000e+00,0.0000000000000000e+00,0.0000000000000000e+00,0.0000000000000000e+00,0.0000000000000000e+00,0.0000000000000000e+00,0.0000000000000000e+00,0.0000000000000000e+00,0.0000000000000000e+00,0.0000000000000000e+00,0.0000000000000000e+00,0.0000000000000000e+00,0.0000000000000000e+00,0.0000000000000000e+00,0.0000000000000000e+00,0.0000000000000000e+00,0.0000000000000000e+00,0.0000000000000000e+00,0.0000000000000000e+00,0.0000000000000000e+00,0.0000000000000000e+00,0.0000000000000000e+00,0.0000000000000000e+00,0.0000000000000000e+00,0.0000000000000000e+00,0.0000000000000000e+00,0.0000000000000000e+00,0.0000000000000000e+00,0.0000000000000000e+00,0.0000000000000000e+00,0.0000000000000000e+00,0.0000000000000000e+00,0.0000000000000000e+00,0.0000000000000000e+00,0.0000000000000000e+00,0.0000000000000000e+00,0.0000000000000000e+00,0.0000000000000000e+00,0.0000000000000000e+00,0.0000000000000000e+00,0.0000000000000000e+00,0.0000000000000000e+00,0.0000000000000000e+00,0.0000000000000000e+00,0.0000000000000000e+00,0.0000000000000000e+00,0.0000000000000000e+00,0.0000000000000000e+00,0.0000000000000000e+00,0.0000000000000000e+00,0.0000000000000000e+00,0.0000000000000000e+00,0.0000000000000000e+00,0.0000000000000000e+00,0.0000000000000000e+00,0.0000000000000000e+00,0.0000000000000000e+00,0.0000000000000000e+00,0.0000000000000000e+00,0.0000000000000000e+00,0.0000000000000000e+00,0.0000000000000000e+00,0.0000000000000000e+00,0.0000000000000000e+00,0.0000000000000000e+00,0.0000000000000000e+00,0.0000000000000000e+00,0.0000000000000000e+00,0.0000000000000000e+00,0.0000000000000000e+00,0.0000000000000000e+00,0.0000000000000000e+00,0.0000000000000000e+00,0.0000000000000000e+00,0.0000000000000000e+00,0.0000000000000000e+00,0.0000000000000000e+00,0.0000000000000000e+00,0.0000000000000000e+00,0.0000000000000000e+00,0.0000000000000000e+00,0.0000000000000000e+00,0.0000000000000000e+00,0.0000000000000000e+00,0.0000000000000000e+00,0.0000000000000000e+00,0.0000000000000000e+00,0.0000000000000000e+00,0.0000000000000000e+00,0.0000000000000000e+00,0.0000000000000000e+00,0.0000000000000000e+00,0.0000000000000000e+00,0.0000000000000000e+00,0.0000000000000000e+00,0.0000000000000000e+00,0.0000000000000000e+00,0.0000000000000000e+00,0.0000000000000000e+00,0.0000000000000000e+00,0.0000000000000000e+00,0.0000000000000000e+00,0.0000000000000000e+00,0.0000000000000000e+00,0.0000000000000000e+00,0.0000000000000000e+00,0.0000000000000000e+00,0.0000000000000000e+00,0.0000000000000000e+00,0.0000000000000000e+00,0.0000000000000000e+00,0.0000000000000000e+00,0.0000000000000000e+00,0.0000000000000000e+00,0.0000000000000000e+00,0.0000000000000000e+00,0.0000000000000000e+00,0.0000000000000000e+00,0.0000000000000000e+00,0.0000000000000000e+00,0.0000000000000000e+00,0.0000000000000000e+00,0.0000000000000000e+00,0.0000000000000000e+00,0.0000000000000000e+00,0.0000000000000000e+00,0.0000000000000000e+00,0.0000000000000000e+00,0.0000000000000000e+00,0.0000000000000000e+00,0.0000000000000000e+00,0.0000000000000000e+00,0.0000000000000000e+00,0.0000000000000000e+00,0.0000000000000000e+00,0.0000000000000000e+00,0.0000000000000000e+00,0.0000000000000000e+00,0.0000000000000000e+00,0.0000000000000000e+00,0.0000000000000000e+00,0.0000000000000000e+00,0.0000000000000000e+00,0.0000000000000000e+00,0.0000000000000000e+00,0.0000000000000000e+00,0.0000000000000000e+00,0.0000000000000000e+00,0.0000000000000000e+00,0.0000000000000000e+00,0.0000000000000000e+00,0.0000000000000000e+00,0.0000000000000000e+00,0.0000000000000000e+00,0.0000000000000000e+00,0.0000000000000000e+00,0.0000000000000000e+00,0.0000000000000000e+00,0.0000000000000000e+00,0.0000000000000000e+00,0.0000000000000000e+00,0.0000000000000000e+00,0.0000000000000000e+00,0.0000000000000000e+00,0.0000000000000000e+00,0.0000000000000000e+00,0.0000000000000000e+00,0.0000000000000000e+00,0.0000000000000000e+00,0.0000000000000000e+00,0.0000000000000000e+00,0.0000000000000000e+00,0.0000000000000000e+00,0.0000000000000000e+00,0.0000000000000000e+00,0.0000000000000000e+00,0.0000000000000000e+00,0.0000000000000000e+00,0.0000000000000000e+00,0.0000000000000000e+00,0.0000000000000000e+00,0.0000000000000000e+00,0.0000000000000000e+00,0.0000000000000000e+00,0.0000000000000000e+00,0.0000000000000000e+00,0.0000000000000000e+00,0.0000000000000000e+00,0.0000000000000000e+00,0.0000000000000000e+00,0.0000000000000000e+00,0.0000000000000000e+00,0.0000000000000000e+00,0.0000000000000000e+00,0.0000000000000000e+00,0.0000000000000000e+00,0.0000000000000000e+00,0.0000000000000000e+00
0.0000000000000000e+00,0.0000000000000000e+00,0.0000000000000000e+00,0.0000000000000000e+00,0.0000000000000000e+00,0.0000000000000000e+00,0.0000000000000000e+00,0.0000000000000000e+00,0.0000000000000000e+00,0.0000000000000000e+00,0.0000000000000000e+00,0.0000000000000000e+00,0.0000000000000000e+00,0.0000000000000000e+00,0.0000000000000000e+00,0.0000000000000000e+00,0.0000000000000000e+00,0.0000000000000000e+00,0.0000000000000000e+00,0.0000000000000000e+00,0.0000000000000000e+00,0.0000000000000000e+00,0.0000000000000000e+00,0.0000000000000000e+00,0.0000000000000000e+00,0.0000000000000000e+00,0.0000000000000000e+00,0.0000000000000000e+00,0.0000000000000000e+00,0.0000000000000000e+00,0.0000000000000000e+00,0.0000000000000000e+00,0.0000000000000000e+00,0.0000000000000000e+00,0.0000000000000000e+00,0.0000000000000000e+00,0.0000000000000000e+00,0.0000000000000000e+00,0.0000000000000000e+00,0.0000000000000000e+00,0.0000000000000000e+00,0.0000000000000000e+00,0.0000000000000000e+00,0.0000000000000000e+00,0.0000000000000000e+00,0.0000000000000000e+00,0.0000000000000000e+00,0.0000000000000000e+00,0.0000000000000000e+00,0.0000000000000000e+00,0.0000000000000000e+00,0.0000000000000000e+00,0.0000000000000000e+00,0.0000000000000000e+00,0.0000000000000000e+00,0.0000000000000000e+00,0.0000000000000000e+00,0.0000000000000000e+00,0.0000000000000000e+00,0.0000000000000000e+00,0.0000000000000000e+00,0.0000000000000000e+00,0.0000000000000000e+00,0.0000000000000000e+00,0.0000000000000000e+00,0.0000000000000000e+00,0.0000000000000000e+00,0.0000000000000000e+00,0.0000000000000000e+00,0.0000000000000000e+00,0.0000000000000000e+00,0.0000000000000000e+00,0.0000000000000000e+00,0.0000000000000000e+00,0.0000000000000000e+00,0.0000000000000000e+00,0.0000000000000000e+00,0.0000000000000000e+00,0.0000000000000000e+00,0.0000000000000000e+00,0.0000000000000000e+00,0.0000000000000000e+00,0.0000000000000000e+00,0.0000000000000000e+00,0.0000000000000000e+00,0.0000000000000000e+00,0.0000000000000000e+00,0.0000000000000000e+00,0.0000000000000000e+00,0.0000000000000000e+00,0.0000000000000000e+00,0.0000000000000000e+00,0.0000000000000000e+00,0.0000000000000000e+00,0.0000000000000000e+00,0.0000000000000000e+00,0.0000000000000000e+00,0.0000000000000000e+00,0.0000000000000000e+00,0.0000000000000000e+00,0.0000000000000000e+00,0.0000000000000000e+00,0.0000000000000000e+00,0.0000000000000000e+00,0.0000000000000000e+00,0.0000000000000000e+00,0.0000000000000000e+00,0.0000000000000000e+00,0.0000000000000000e+00,0.0000000000000000e+00,0.0000000000000000e+00,0.0000000000000000e+00,0.0000000000000000e+00,0.0000000000000000e+00,0.0000000000000000e+00,0.0000000000000000e+00,0.0000000000000000e+00,0.0000000000000000e+00,0.0000000000000000e+00,0.0000000000000000e+00,0.0000000000000000e+00,0.0000000000000000e+00,0.0000000000000000e+00,0.0000000000000000e+00,0.0000000000000000e+00,0.0000000000000000e+00,0.0000000000000000e+00,0.0000000000000000e+00,0.0000000000000000e+00,0.0000000000000000e+00,0.0000000000000000e+00,0.0000000000000000e+00,0.0000000000000000e+00,0.0000000000000000e+00,0.0000000000000000e+00,0.0000000000000000e+00,0.0000000000000000e+00,0.0000000000000000e+00,0.0000000000000000e+00,0.0000000000000000e+00,0.0000000000000000e+00,0.0000000000000000e+00,0.0000000000000000e+00,0.0000000000000000e+00,0.0000000000000000e+00,0.0000000000000000e+00,0.0000000000000000e+00,0.0000000000000000e+00,0.0000000000000000e+00,0.0000000000000000e+00,0.0000000000000000e+00,0.0000000000000000e+00,0.0000000000000000e+00,0.0000000000000000e+00,0.0000000000000000e+00,0.0000000000000000e+00,0.0000000000000000e+00,0.0000000000000000e+00,0.0000000000000000e+00,0.0000000000000000e+00,0.0000000000000000e+00,0.0000000000000000e+00,0.0000000000000000e+00,0.0000000000000000e+00,0.0000000000000000e+00,0.0000000000000000e+00,0.0000000000000000e+00,0.0000000000000000e+00,0.0000000000000000e+00,0.0000000000000000e+00,0.0000000000000000e+00,0.0000000000000000e+00,0.0000000000000000e+00,0.0000000000000000e+00,0.0000000000000000e+00,0.0000000000000000e+00,0.0000000000000000e+00,0.0000000000000000e+00,0.0000000000000000e+00,0.0000000000000000e+00,0.0000000000000000e+00,0.0000000000000000e+00,0.0000000000000000e+00,0.0000000000000000e+00,0.0000000000000000e+00,0.0000000000000000e+00,0.0000000000000000e+00,0.0000000000000000e+00,0.0000000000000000e+00,0.0000000000000000e+00,0.0000000000000000e+00,0.0000000000000000e+00,0.0000000000000000e+00,0.0000000000000000e+00,0.0000000000000000e+00,0.0000000000000000e+00,0.0000000000000000e+00,0.0000000000000000e+00,0.0000000000000000e+00,0.0000000000000000e+00,0.0000000000000000e+00,0.0000000000000000e+00,0.0000000000000000e+00,0.0000000000000000e+00,0.0000000000000000e+00,0.0000000000000000e+00,0.0000000000000000e+00,0.0000000000000000e+00,0.0000000000000000e+00,0.0000000000000000e+00,0.0000000000000000e+00,0.0000000000000000e+00,0.0000000000000000e+00,0.0000000000000000e+00,0.0000000000000000e+00,0.0000000000000000e+00,0.0000000000000000e+00,0.0000000000000000e+00,0.0000000000000000e+00,0.0000000000000000e+00,0.0000000000000000e+00,0.0000000000000000e+00,0.0000000000000000e+00,0.0000000000000000e+00,0.0000000000000000e+00,0.0000000000000000e+00,0.0000000000000000e+00,0.0000000000000000e+00,0.0000000000000000e+00,0.0000000000000000e+00,0.0000000000000000e+00,0.0000000000000000e+00,0.0000000000000000e+00,0.0000000000000000e+00,0.0000000000000000e+00,0.0000000000000000e+00,0.0000000000000000e+00,0.0000000000000000e+00,0.0000000000000000e+00,0.0000000000000000e+00,0.0000000000000000e+00,0.0000000000000000e+00,0.0000000000000000e+00,0.0000000000000000e+00,0.0000000000000000e+00,0.0000000000000000e+00,0.0000000000000000e+00,0.0000000000000000e+00,0.0000000000000000e+00,0.0000000000000000e+00,0.0000000000000000e+00,0.0000000000000000e+00,0.0000000000000000e+00,0.0000000000000000e+00,0.0000000000000000e+00,0.0000000000000000e+00,0.0000000000000000e+00,0.0000000000000000e+00,0.0000000000000000e+00,0.0000000000000000e+00,0.0000000000000000e+00,0.0000000000000000e+00,0.0000000000000000e+00,0.0000000000000000e+00,0.0000000000000000e+00,0.0000000000000000e+00,0.0000000000000000e+00,0.0000000000000000e+00,0.0000000000000000e+00,0.0000000000000000e+00,0.0000000000000000e+00,0.0000000000000000e+00,0.0000000000000000e+00,0.0000000000000000e+00,0.0000000000000000e+00,0.0000000000000000e+00,0.0000000000000000e+00,0.0000000000000000e+00,0.0000000000000000e+00,0.0000000000000000e+00,0.0000000000000000e+00,0.0000000000000000e+00,0.0000000000000000e+00,0.0000000000000000e+00,0.0000000000000000e+00,0.0000000000000000e+00,0.0000000000000000e+00,0.0000000000000000e+00,0.0000000000000000e+00,0.0000000000000000e+00,0.0000000000000000e+00,0.0000000000000000e+00,0.0000000000000000e+00,0.0000000000000000e+00,0.0000000000000000e+00,0.0000000000000000e+00,0.0000000000000000e+00,0.0000000000000000e+00,0.0000000000000000e+00,0.0000000000000000e+00,0.0000000000000000e+00,0.0000000000000000e+00,0.0000000000000000e+00,0.0000000000000000e+00,0.0000000000000000e+00,0.0000000000000000e+00,0.0000000000000000e+00,0.0000000000000000e+00,0.0000000000000000e+00,0.0000000000000000e+00,0.0000000000000000e+00,0.0000000000000000e+00,0.0000000000000000e+00,0.0000000000000000e+00,0.0000000000000000e+00,0.0000000000000000e+00,0.0000000000000000e+00,0.0000000000000000e+00,0.0000000000000000e+00,0.0000000000000000e+00,0.0000000000000000e+00,0.0000000000000000e+00,0.0000000000000000e+00,0.0000000000000000e+00,0.0000000000000000e+00,0.0000000000000000e+00,0.0000000000000000e+00,0.0000000000000000e+00,0.0000000000000000e+00,0.0000000000000000e+00,0.0000000000000000e+00,0.0000000000000000e+00,0.0000000000000000e+00,0.0000000000000000e+00,0.0000000000000000e+00,0.0000000000000000e+00,0.0000000000000000e+00,0.0000000000000000e+00,0.0000000000000000e+00,0.0000000000000000e+00,0.0000000000000000e+00,0.0000000000000000e+00,0.0000000000000000e+00,0.0000000000000000e+00,0.0000000000000000e+00,0.0000000000000000e+00,0.0000000000000000e+00,0.0000000000000000e+00,0.0000000000000000e+00,0.0000000000000000e+00,0.0000000000000000e+00,0.0000000000000000e+00,0.0000000000000000e+00,0.0000000000000000e+00,0.0000000000000000e+00,0.0000000000000000e+00,0.0000000000000000e+00,0.0000000000000000e+00,0.0000000000000000e+00,0.0000000000000000e+00,0.0000000000000000e+00,0.0000000000000000e+00,0.0000000000000000e+00,0.0000000000000000e+00,0.0000000000000000e+00,0.0000000000000000e+00,0.0000000000000000e+00,0.0000000000000000e+00,0.0000000000000000e+00,0.0000000000000000e+00,0.0000000000000000e+00,0.0000000000000000e+00,0.0000000000000000e+00,0.0000000000000000e+00,0.0000000000000000e+00,0.0000000000000000e+00,0.0000000000000000e+00,0.0000000000000000e+00,0.0000000000000000e+00,0.0000000000000000e+00,0.0000000000000000e+00,0.0000000000000000e+00,0.0000000000000000e+00,0.0000000000000000e+00,0.0000000000000000e+00,0.0000000000000000e+00,0.0000000000000000e+00,0.0000000000000000e+00,0.0000000000000000e+00,0.0000000000000000e+00,0.0000000000000000e+00,0.0000000000000000e+00,0.0000000000000000e+00,0.0000000000000000e+00,0.0000000000000000e+00,0.0000000000000000e+00,0.0000000000000000e+00,0.0000000000000000e+00,0.0000000000000000e+00,0.0000000000000000e+00,0.0000000000000000e+00,0.0000000000000000e+00,0.0000000000000000e+00,0.0000000000000000e+00,0.0000000000000000e+00,0.0000000000000000e+00,0.0000000000000000e+00,0.0000000000000000e+00,0.0000000000000000e+00,0.0000000000000000e+00,0.0000000000000000e+00,0.0000000000000000e+00,0.0000000000000000e+00,0.0000000000000000e+00,0.0000000000000000e+00,0.0000000000000000e+00,0.0000000000000000e+00,0.0000000000000000e+00,0.0000000000000000e+00,0.0000000000000000e+00,0.0000000000000000e+00,0.0000000000000000e+00,0.0000000000000000e+00,0.0000000000000000e+00,0.0000000000000000e+00,0.0000000000000000e+00,0.0000000000000000e+00,0.0000000000000000e+00,0.0000000000000000e+00,0.0000000000000000e+00,0.0000000000000000e+00,0.0000000000000000e+00,0.0000000000000000e+00,0.0000000000000000e+00,0.0000000000000000e+00,0.0000000000000000e+00,0.0000000000000000e+00,0.0000000000000000e+00,0.0000000000000000e+00,0.0000000000000000e+00,0.0000000000000000e+00,0.0000000000000000e+00,0.0000000000000000e+00,0.0000000000000000e+00,0.0000000000000000e+00,0.0000000000000000e+00,0.0000000000000000e+00,0.0000000000000000e+00,0.0000000000000000e+00,0.0000000000000000e+00,0.0000000000000000e+00,0.0000000000000000e+00,0.0000000000000000e+00,0.0000000000000000e+00,0.0000000000000000e+00,0.0000000000000000e+00,0.0000000000000000e+00,0.0000000000000000e+00,0.0000000000000000e+00,0.0000000000000000e+00,0.0000000000000000e+00,0.0000000000000000e+00,0.0000000000000000e+00,0.0000000000000000e+00,0.0000000000000000e+00,0.0000000000000000e+00,0.0000000000000000e+00,0.0000000000000000e+00,0.0000000000000000e+00,0.0000000000000000e+00,0.0000000000000000e+00,0.0000000000000000e+00,0.0000000000000000e+00,0.0000000000000000e+00,0.0000000000000000e+00,0.0000000000000000e+00,0.0000000000000000e+00,0.0000000000000000e+00,0.0000000000000000e+00,0.0000000000000000e+00,0.0000000000000000e+00,0.0000000000000000e+00,0.0000000000000000e+00,0.0000000000000000e+00,0.0000000000000000e+00,0.0000000000000000e+00,0.0000000000000000e+00,0.0000000000000000e+00,0.0000000000000000e+00,0.0000000000000000e+00,0.0000000000000000e+00,0.0000000000000000e+00,0.0000000000000000e+00,0.0000000000000000e+00,0.0000000000000000e+00,0.0000000000000000e+00,0.0000000000000000e+00,0.0000000000000000e+00,0.0000000000000000e+00,0.0000000000000000e+00,0.0000000000000000e+00,0.0000000000000000e+00,0.0000000000000000e+00,0.0000000000000000e+00,0.0000000000000000e+00,0.0000000000000000e+00,0.0000000000000000e+00,0.0000000000000000e+00,0.0000000000000000e+00,0.0000000000000000e+00,0.0000000000000000e+00,0.0000000000000000e+00,0.0000000000000000e+00,0.0000000000000000e+00,0.0000000000000000e+00,0.0000000000000000e+00,0.0000000000000000e+00,0.0000000000000000e+00,0.0000000000000000e+00,0.0000000000000000e+00,0.0000000000000000e+00,0.0000000000000000e+00,0.0000000000000000e+00,0.0000000000000000e+00,0.0000000000000000e+00,0.0000000000000000e+00,0.0000000000000000e+00,0.0000000000000000e+00,0.0000000000000000e+00,0.0000000000000000e+00,0.0000000000000000e+00,0.0000000000000000e+00,0.0000000000000000e+00,0.0000000000000000e+00,0.0000000000000000e+00,0.0000000000000000e+00,0.0000000000000000e+00,0.0000000000000000e+00,0.0000000000000000e+00,0.0000000000000000e+00,0.0000000000000000e+00,0.0000000000000000e+00,0.0000000000000000e+00,0.0000000000000000e+00,0.0000000000000000e+00,0.0000000000000000e+00,0.0000000000000000e+00,0.0000000000000000e+00,0.0000000000000000e+00,0.0000000000000000e+00,0.0000000000000000e+00,0.0000000000000000e+00,0.0000000000000000e+00,0.0000000000000000e+00,0.0000000000000000e+00,0.0000000000000000e+00,0.0000000000000000e+00,0.0000000000000000e+00,0.0000000000000000e+00,0.0000000000000000e+00,0.0000000000000000e+00,0.0000000000000000e+00,0.0000000000000000e+00,0.0000000000000000e+00,0.0000000000000000e+00,0.0000000000000000e+00,0.0000000000000000e+00,0.0000000000000000e+00,0.0000000000000000e+00,0.0000000000000000e+00,0.0000000000000000e+00,0.0000000000000000e+00,0.0000000000000000e+00,0.0000000000000000e+00,0.0000000000000000e+00,0.0000000000000000e+00,0.0000000000000000e+00,0.0000000000000000e+00,0.0000000000000000e+00,0.0000000000000000e+00,0.0000000000000000e+00,0.0000000000000000e+00,0.0000000000000000e+00,0.0000000000000000e+00,0.0000000000000000e+00,0.0000000000000000e+00,0.0000000000000000e+00,0.0000000000000000e+00,0.0000000000000000e+00,0.0000000000000000e+00,0.0000000000000000e+00,0.0000000000000000e+00,0.0000000000000000e+00,0.0000000000000000e+00,0.0000000000000000e+00,0.0000000000000000e+00,0.0000000000000000e+00,0.0000000000000000e+00,0.0000000000000000e+00,0.0000000000000000e+00,0.0000000000000000e+00,0.0000000000000000e+00,0.0000000000000000e+00,0.0000000000000000e+00,0.0000000000000000e+00,0.0000000000000000e+00,0.0000000000000000e+00,0.0000000000000000e+00,0.0000000000000000e+00,0.0000000000000000e+00,0.0000000000000000e+00,0.0000000000000000e+00,0.0000000000000000e+00,0.0000000000000000e+00,0.0000000000000000e+00,0.0000000000000000e+00,0.0000000000000000e+00,0.0000000000000000e+00,0.0000000000000000e+00,0.0000000000000000e+00,0.0000000000000000e+00,0.0000000000000000e+00,0.0000000000000000e+00,0.0000000000000000e+00,0.0000000000000000e+00,0.0000000000000000e+00,0.0000000000000000e+00,0.0000000000000000e+00,0.0000000000000000e+00,0.0000000000000000e+00,0.0000000000000000e+00,0.0000000000000000e+00,0.0000000000000000e+00,0.0000000000000000e+00,0.0000000000000000e+00,0.0000000000000000e+00,0.0000000000000000e+00,0.0000000000000000e+00,0.0000000000000000e+00,0.0000000000000000e+00,0.0000000000000000e+00,0.0000000000000000e+00,0.0000000000000000e+00,0.0000000000000000e+00,0.0000000000000000e+00,0.0000000000000000e+00,0.0000000000000000e+00,0.0000000000000000e+00,0.0000000000000000e+00,0.0000000000000000e+00,0.0000000000000000e+00,0.0000000000000000e+00,0.0000000000000000e+00,0.0000000000000000e+00,0.0000000000000000e+00,0.0000000000000000e+00,0.0000000000000000e+00,0.0000000000000000e+00,0.0000000000000000e+00,0.0000000000000000e+00,0.0000000000000000e+00,0.0000000000000000e+00,0.0000000000000000e+00,0.0000000000000000e+00,0.0000000000000000e+00,0.0000000000000000e+00,0.0000000000000000e+00,0.0000000000000000e+00,0.0000000000000000e+00,0.0000000000000000e+00,0.0000000000000000e+00,0.0000000000000000e+00,0.0000000000000000e+00,0.0000000000000000e+00,0.0000000000000000e+00,0.0000000000000000e+00,0.0000000000000000e+00,0.0000000000000000e+00,0.0000000000000000e+00,0.0000000000000000e+00,0.0000000000000000e+00,0.0000000000000000e+00,0.0000000000000000e+00,0.0000000000000000e+00,0.0000000000000000e+00,0.0000000000000000e+00,0.0000000000000000e+00,0.0000000000000000e+00,0.0000000000000000e+00,0.0000000000000000e+00,0.0000000000000000e+00,0.0000000000000000e+00,0.0000000000000000e+00,0.0000000000000000e+00,0.0000000000000000e+00,0.0000000000000000e+00,0.0000000000000000e+00,0.0000000000000000e+00,0.0000000000000000e+00,0.0000000000000000e+00,0.0000000000000000e+00,0.0000000000000000e+00,0.0000000000000000e+00,0.0000000000000000e+00,0.0000000000000000e+00,0.0000000000000000e+00,0.0000000000000000e+00,0.0000000000000000e+00,0.0000000000000000e+00,0.0000000000000000e+00,0.0000000000000000e+00,0.0000000000000000e+00,0.0000000000000000e+00,0.0000000000000000e+00,0.0000000000000000e+00,0.0000000000000000e+00,0.0000000000000000e+00,0.0000000000000000e+00,0.0000000000000000e+00,0.0000000000000000e+00,0.0000000000000000e+00,0.0000000000000000e+00,0.0000000000000000e+00,0.0000000000000000e+00,0.0000000000000000e+00,0.0000000000000000e+00,0.0000000000000000e+00,0.0000000000000000e+00,0.0000000000000000e+00,0.0000000000000000e+00,0.0000000000000000e+00,0.0000000000000000e+00,0.0000000000000000e+00,0.0000000000000000e+00,0.0000000000000000e+00,0.0000000000000000e+00,0.0000000000000000e+00,0.0000000000000000e+00,0.0000000000000000e+00,0.0000000000000000e+00,0.0000000000000000e+00,0.0000000000000000e+00,0.0000000000000000e+00,0.0000000000000000e+00,0.0000000000000000e+00,0.0000000000000000e+00,0.0000000000000000e+00,0.0000000000000000e+00,0.0000000000000000e+00,0.0000000000000000e+00,0.0000000000000000e+00,0.0000000000000000e+00,0.0000000000000000e+00,0.0000000000000000e+00,0.0000000000000000e+00,0.0000000000000000e+00,0.0000000000000000e+00,0.0000000000000000e+00,0.0000000000000000e+00,0.0000000000000000e+00,0.0000000000000000e+00,0.0000000000000000e+00,0.0000000000000000e+00,0.0000000000000000e+00,0.0000000000000000e+00,0.0000000000000000e+00,0.0000000000000000e+00,0.0000000000000000e+00,0.0000000000000000e+00,0.0000000000000000e+00,0.0000000000000000e+00,0.0000000000000000e+00,0.0000000000000000e+00,0.0000000000000000e+00,0.0000000000000000e+00,0.0000000000000000e+00,0.0000000000000000e+00,0.0000000000000000e+00,0.0000000000000000e+00,0.0000000000000000e+00,0.0000000000000000e+00,0.0000000000000000e+00,0.0000000000000000e+00,0.0000000000000000e+00,0.0000000000000000e+00,0.0000000000000000e+00,0.0000000000000000e+00,0.0000000000000000e+00,0.0000000000000000e+00,0.0000000000000000e+00,0.0000000000000000e+00,0.0000000000000000e+00,0.0000000000000000e+00,0.0000000000000000e+00,0.0000000000000000e+00,0.0000000000000000e+00,0.0000000000000000e+00,0.0000000000000000e+00,0.0000000000000000e+00,0.0000000000000000e+00,0.0000000000000000e+00,0.0000000000000000e+00,0.0000000000000000e+00,0.0000000000000000e+00,0.0000000000000000e+00,0.0000000000000000e+00,0.0000000000000000e+00,0.0000000000000000e+00,0.0000000000000000e+00,0.0000000000000000e+00,0.0000000000000000e+00,0.0000000000000000e+00,0.0000000000000000e+00,0.0000000000000000e+00,0.0000000000000000e+00,0.0000000000000000e+00,0.0000000000000000e+00,0.0000000000000000e+00,0.0000000000000000e+00,0.0000000000000000e+00,0.0000000000000000e+00,0.0000000000000000e+00,0.0000000000000000e+00,0.0000000000000000e+00,0.0000000000000000e+00,0.0000000000000000e+00,0.0000000000000000e+00,0.0000000000000000e+00,0.0000000000000000e+00,0.0000000000000000e+00,0.0000000000000000e+00,0.0000000000000000e+00,0.0000000000000000e+00,0.0000000000000000e+00,0.0000000000000000e+00,0.0000000000000000e+00,0.0000000000000000e+00,0.0000000000000000e+00,0.0000000000000000e+00,0.0000000000000000e+00,0.0000000000000000e+00,0.0000000000000000e+00,0.0000000000000000e+00,0.0000000000000000e+00,0.0000000000000000e+00,0.0000000000000000e+00,0.0000000000000000e+00,0.0000000000000000e+00,0.0000000000000000e+00,0.0000000000000000e+00,0.0000000000000000e+00,0.0000000000000000e+00,0.0000000000000000e+00,0.0000000000000000e+00,0.0000000000000000e+00,0.0000000000000000e+00,0.0000000000000000e+00,0.0000000000000000e+00,0.0000000000000000e+00,0.0000000000000000e+00,0.0000000000000000e+00,0.0000000000000000e+00,0.0000000000000000e+00,0.0000000000000000e+00,0.0000000000000000e+00,0.0000000000000000e+00,0.0000000000000000e+00,0.0000000000000000e+00,0.0000000000000000e+00,0.0000000000000000e+00,0.0000000000000000e+00,0.0000000000000000e+00,0.0000000000000000e+00,0.0000000000000000e+00,0.0000000000000000e+00,0.0000000000000000e+00,0.0000000000000000e+00,0.0000000000000000e+00,0.0000000000000000e+00,0.0000000000000000e+00,0.0000000000000000e+00,0.0000000000000000e+00,0.0000000000000000e+00,0.0000000000000000e+00,0.0000000000000000e+00,0.0000000000000000e+00,0.0000000000000000e+00,0.0000000000000000e+00,0.0000000000000000e+00,0.0000000000000000e+00,0.0000000000000000e+00,0.0000000000000000e+00,0.0000000000000000e+00,0.0000000000000000e+00,0.0000000000000000e+00,0.0000000000000000e+00,0.0000000000000000e+00,0.0000000000000000e+00,0.0000000000000000e+00,0.0000000000000000e+00,0.0000000000000000e+00,0.0000000000000000e+00,0.0000000000000000e+00,0.0000000000000000e+00,0.0000000000000000e+00,0.0000000000000000e+00,0.0000000000000000e+00,0.0000000000000000e+00,0.0000000000000000e+00,0.0000000000000000e+00,0.0000000000000000e+00,0.0000000000000000e+00,0.0000000000000000e+00,0.0000000000000000e+00,0.0000000000000000e+00,0.0000000000000000e+00,0.0000000000000000e+00,0.0000000000000000e+00,0.0000000000000000e+00,0.0000000000000000e+00,0.0000000000000000e+00,0.0000000000000000e+00,0.0000000000000000e+00,0.0000000000000000e+00,0.0000000000000000e+00,0.0000000000000000e+00,0.0000000000000000e+00,0.0000000000000000e+00,0.0000000000000000e+00,0.0000000000000000e+00,0.0000000000000000e+00,0.0000000000000000e+00,0.0000000000000000e+00,0.0000000000000000e+00,0.0000000000000000e+00,0.0000000000000000e+00,0.0000000000000000e+00,0.0000000000000000e+00,0.0000000000000000e+00,0.0000000000000000e+00,0.0000000000000000e+00,0.0000000000000000e+00,0.0000000000000000e+00,0.0000000000000000e+00,0.0000000000000000e+00,0.0000000000000000e+00,0.0000000000000000e+00,0.0000000000000000e+00,0.0000000000000000e+00,0.0000000000000000e+00,0.0000000000000000e+00,0.0000000000000000e+00,0.0000000000000000e+00,0.0000000000000000e+00,0.0000000000000000e+00,0.0000000000000000e+00,0.0000000000000000e+00,0.0000000000000000e+00,0.0000000000000000e+00,0.0000000000000000e+00,0.0000000000000000e+00,0.0000000000000000e+00,0.0000000000000000e+00,0.0000000000000000e+00,0.0000000000000000e+00,0.0000000000000000e+00,0.0000000000000000e+00,0.0000000000000000e+00,0.0000000000000000e+00,0.0000000000000000e+00,0.0000000000000000e+00,0.0000000000000000e+00,0.0000000000000000e+00,0.0000000000000000e+00,0.0000000000000000e+00,0.0000000000000000e+00,0.0000000000000000e+00,0.0000000000000000e+00,0.0000000000000000e+00,0.0000000000000000e+00,0.0000000000000000e+00,0.0000000000000000e+00,0.0000000000000000e+00,0.0000000000000000e+00,0.0000000000000000e+00,0.0000000000000000e+00,0.0000000000000000e+00,0.0000000000000000e+00,0.0000000000000000e+00,0.0000000000000000e+00,0.0000000000000000e+00,0.0000000000000000e+00,0.0000000000000000e+00,0.0000000000000000e+00,0.0000000000000000e+00,0.0000000000000000e+00,0.0000000000000000e+00,0.0000000000000000e+00,0.0000000000000000e+00,0.0000000000000000e+00
0.0000000000000000e+00,0.0000000000000000e+00,0.0000000000000000e+00,0.0000000000000000e+00,0.0000000000000000e+00,0.0000000000000000e+00,0.0000000000000000e+00,0.0000000000000000e+00,0.0000000000000000e+00,0.0000000000000000e+00,0.0000000000000000e+00,0.0000000000000000e+00,0.0000000000000000e+00,0.0000000000000000e+00,0.0000000000000000e+00,0.0000000000000000e+00,0.0000000000000000e+00,0.0000000000000000e+00,0.0000000000000000e+00,0.0000000000000000e+00,0.0000000000000000e+00,0.0000000000000000e+00,0.0000000000000000e+00,0.0000000000000000e+00,0.0000000000000000e+00,0.0000000000000000e+00,0.0000000000000000e+00,0.0000000000000000e+00,0.0000000000000000e+00,0.0000000000000000e+00,0.0000000000000000e+00,0.0000000000000000e+00,0.0000000000000000e+00,0.0000000000000000e+00,0.0000000000000000e+00,0.0000000000000000e+00,0.0000000000000000e+00,0.0000000000000000e+00,0.0000000000000000e+00,0.0000000000000000e+00,0.0000000000000000e+00,0.0000000000000000e+00,0.0000000000000000e+00,0.0000000000000000e+00,0.0000000000000000e+00,0.0000000000000000e+00,0.0000000000000000e+00,0.0000000000000000e+00,0.0000000000000000e+00,0.0000000000000000e+00,0.0000000000000000e+00,0.0000000000000000e+00,0.0000000000000000e+00,0.0000000000000000e+00,0.0000000000000000e+00,0.0000000000000000e+00,0.0000000000000000e+00,0.0000000000000000e+00,0.0000000000000000e+00,0.0000000000000000e+00,0.0000000000000000e+00,0.0000000000000000e+00,0.0000000000000000e+00,0.0000000000000000e+00,0.0000000000000000e+00,0.0000000000000000e+00,0.0000000000000000e+00,0.0000000000000000e+00,0.0000000000000000e+00,0.0000000000000000e+00,0.0000000000000000e+00,0.0000000000000000e+00,0.0000000000000000e+00,0.0000000000000000e+00,0.0000000000000000e+00,0.0000000000000000e+00,0.0000000000000000e+00,0.0000000000000000e+00,0.0000000000000000e+00,0.0000000000000000e+00,0.0000000000000000e+00,0.0000000000000000e+00,0.0000000000000000e+00,0.0000000000000000e+00,0.0000000000000000e+00,0.0000000000000000e+00,0.0000000000000000e+00,0.0000000000000000e+00,0.0000000000000000e+00,0.0000000000000000e+00,0.0000000000000000e+00,0.0000000000000000e+00,0.0000000000000000e+00,0.0000000000000000e+00,0.0000000000000000e+00,0.0000000000000000e+00,0.0000000000000000e+00,0.0000000000000000e+00,0.0000000000000000e+00,0.0000000000000000e+00,0.0000000000000000e+00,0.0000000000000000e+00,0.0000000000000000e+00,0.0000000000000000e+00,0.0000000000000000e+00,0.0000000000000000e+00,0.0000000000000000e+00,0.0000000000000000e+00,0.0000000000000000e+00,0.0000000000000000e+00,0.0000000000000000e+00,0.0000000000000000e+00,0.0000000000000000e+00,0.0000000000000000e+00,0.0000000000000000e+00,0.0000000000000000e+00,0.0000000000000000e+00,0.0000000000000000e+00,0.0000000000000000e+00,0.0000000000000000e+00,0.0000000000000000e+00,0.0000000000000000e+00,0.0000000000000000e+00,0.0000000000000000e+00,0.0000000000000000e+00,0.0000000000000000e+00,0.0000000000000000e+00,0.0000000000000000e+00,0.0000000000000000e+00,0.0000000000000000e+00,0.0000000000000000e+00,0.0000000000000000e+00,0.0000000000000000e+00,0.0000000000000000e+00,0.0000000000000000e+00,0.0000000000000000e+00,0.0000000000000000e+00,0.0000000000000000e+00,0.0000000000000000e+00,0.0000000000000000e+00,0.0000000000000000e+00,0.0000000000000000e+00,0.0000000000000000e+00,0.0000000000000000e+00,0.0000000000000000e+00,0.0000000000000000e+00,0.0000000000000000e+00,0.0000000000000000e+00,0.0000000000000000e+00,0.0000000000000000e+00,0.0000000000000000e+00,0.0000000000000000e+00,0.0000000000000000e+00,0.0000000000000000e+00,0.0000000000000000e+00,0.0000000000000000e+00,0.0000000000000000e+00,0.0000000000000000e+00,0.0000000000000000e+00,0.0000000000000000e+00,0.0000000000000000e+00,0.0000000000000000e+00,0.0000000000000000e+00,0.0000000000000000e+00,0.0000000000000000e+00,0.0000000000000000e+00,0.0000000000000000e+00,0.0000000000000000e+00,0.0000000000000000e+00,0.0000000000000000e+00,0.0000000000000000e+00,0.0000000000000000e+00,0.0000000000000000e+00,0.0000000000000000e+00,0.0000000000000000e+00,0.0000000000000000e+00,0.0000000000000000e+00,0.0000000000000000e+00,0.0000000000000000e+00,0.0000000000000000e+00,0.0000000000000000e+00,0.0000000000000000e+00,0.0000000000000000e+00,0.0000000000000000e+00,0.0000000000000000e+00,0.0000000000000000e+00,0.0000000000000000e+00,0.0000000000000000e+00,0.0000000000000000e+00,0.0000000000000000e+00,0.0000000000000000e+00,0.0000000000000000e+00,0.0000000000000000e+00,0.0000000000000000e+00,0.0000000000000000e+00,0.0000000000000000e+00,0.0000000000000000e+00,0.0000000000000000e+00,0.0000000000000000e+00,0.0000000000000000e+00,0.0000000000000000e+00,0.0000000000000000e+00,0.0000000000000000e+00,0.0000000000000000e+00,0.0000000000000000e+00,0.0000000000000000e+00,0.0000000000000000e+00,0.0000000000000000e+00,0.0000000000000000e+00,0.0000000000000000e+00,0.0000000000000000e+00,0.0000000000000000e+00,0.0000000000000000e+00,0.0000000000000000e+00,0.0000000000000000e+00,0.0000000000000000e+00,0.0000000000000000e+00,0.0000000000000000e+00,0.0000000000000000e+00,0.0000000000000000e+00,0.0000000000000000e+00,0.0000000000000000e+00,0.0000000000000000e+00,0.0000000000000000e+00,0.0000000000000000e+00,0.0000000000000000e+00,0.0000000000000000e+00,0.0000000000000000e+00,0.0000000000000000e+00,0.0000000000000000e+00,0.0000000000000000e+00,0.0000000000000000e+00,0.0000000000000000e+00,0.0000000000000000e+00,0.0000000000000000e+00,0.0000000000000000e+00,0.0000000000000000e+00,0.0000000000000000e+00,0.0000000000000000e+00,0.0000000000000000e+00,0.0000000000000000e+00,0.0000000000000000e+00,0.0000000000000000e+00,0.0000000000000000e+00,0.0000000000000000e+00,0.0000000000000000e+00,0.0000000000000000e+00,0.0000000000000000e+00,0.0000000000000000e+00,0.0000000000000000e+00,0.0000000000000000e+00,0.0000000000000000e+00,0.0000000000000000e+00,0.0000000000000000e+00,0.0000000000000000e+00,0.0000000000000000e+00,0.0000000000000000e+00,0.0000000000000000e+00,0.0000000000000000e+00,0.0000000000000000e+00,0.0000000000000000e+00,0.0000000000000000e+00,0.0000000000000000e+00,0.0000000000000000e+00,0.0000000000000000e+00,0.0000000000000000e+00,0.0000000000000000e+00,0.0000000000000000e+00,0.0000000000000000e+00,0.0000000000000000e+00,0.0000000000000000e+00,0.0000000000000000e+00,0.0000000000000000e+00,0.0000000000000000e+00,0.0000000000000000e+00,0.0000000000000000e+00,0.0000000000000000e+00,0.0000000000000000e+00,0.0000000000000000e+00,0.0000000000000000e+00,0.0000000000000000e+00,0.0000000000000000e+00,0.0000000000000000e+00,0.0000000000000000e+00,0.0000000000000000e+00,0.0000000000000000e+00,0.0000000000000000e+00,0.0000000000000000e+00,0.0000000000000000e+00,0.0000000000000000e+00,0.0000000000000000e+00,0.0000000000000000e+00,0.0000000000000000e+00,0.0000000000000000e+00,0.0000000000000000e+00,0.0000000000000000e+00,0.0000000000000000e+00,0.0000000000000000e+00,0.0000000000000000e+00,0.0000000000000000e+00,0.0000000000000000e+00,0.0000000000000000e+00,0.0000000000000000e+00,0.0000000000000000e+00,0.0000000000000000e+00,0.0000000000000000e+00,0.0000000000000000e+00,0.0000000000000000e+00,0.0000000000000000e+00,0.0000000000000000e+00,0.0000000000000000e+00,0.0000000000000000e+00,0.0000000000000000e+00,0.0000000000000000e+00,0.0000000000000000e+00,0.0000000000000000e+00,0.0000000000000000e+00,0.0000000000000000e+00,0.0000000000000000e+00,0.0000000000000000e+00,0.0000000000000000e+00,0.0000000000000000e+00,0.0000000000000000e+00,0.0000000000000000e+00,0.0000000000000000e+00,0.0000000000000000e+00,0.0000000000000000e+00,0.0000000000000000e+00,0.0000000000000000e+00,0.0000000000000000e+00,0.0000000000000000e+00,0.0000000000000000e+00,0.0000000000000000e+00,0.0000000000000000e+00,0.0000000000000000e+00,0.0000000000000000e+00,0.0000000000000000e+00,0.0000000000000000e+00,0.0000000000000000e+00,0.0000000000000000e+00,0.0000000000000000e+00,0.0000000000000000e+00,0.0000000000000000e+00,0.0000000000000000e+00,0.0000000000000000e+00,0.0000000000000000e+00,0.0000000000000000e+00,0.0000000000000000e+00,0.0000000000000000e+00,0.0000000000000000e+00,0.0000000000000000e+00,0.0000000000000000e+00,0.0000000000000000e+00,0.0000000000000000e+00,0.0000000000000000e+00,0.0000000000000000e+00,0.0000000000000000e+00,0.0000000000000000e+00,0.0000000000000000e+00,0.0000000000000000e+00,0.0000000000000000e+00,0.0000000000000000e+00,0.0000000000000000e+00,0.0000000000000000e+00,0.0000000000000000e+00,0.0000000000000000e+00,0.0000000000000000e+00,0.0000000000000000e+00,0.0000000000000000e+00,0.0000000000000000e+00,0.0000000000000000e+00,0.0000000000000000e+00,0.0000000000000000e+00,0.0000000000000000e+00,0.0000000000000000e+00,0.0000000000000000e+00,0.0000000000000000e+00,0.0000000000000000e+00,0.0000000000000000e+00,0.0000000000000000e+00,0.0000000000000000e+00,0.0000000000000000e+00,0.0000000000000000e+00,0.0000000000000000e+00,0.0000000000000000e+00,0.0000000000000000e+00,0.0000000000000000e+00,0.0000000000000000e+00,0.0000000000000000e+00,0.0000000000000000e+00,0.0000000000000000e+00,0.0000000000000000e+00,0.0000000000000000e+00,0.0000000000000000e+00,0.0000000000000000e+00,0.0000000000000000e+00,0.0000000000000000e+00,0.0000000000000000e+00,0.0000000000000000e+00,0.0000000000000000e+00,0.0000000000000000e+00,0.0000000000000000e+00,0.0000000000000000e+00,0.0000000000000000e+00,0.0000000000000000e+00,0.0000000000000000e+00,0.0000000000000000e+00,0.0000000000000000e+00,0.0000000000000000e+00,0.0000000000000000e+00,0.0000000000000000e+00,0.0000000000000000e+00,0.0000000000000000e+00,0.0000000000000000e+00,0.0000000000000000e+00,0.0000000000000000e+00,0.0000000000000000e+00,0.0000000000000000e+00,0.0000000000000000e+00,0.0000000000000000e+00,0.0000000000000000e+00,0.0000000000000000e+00,0.0000000000000000e+00,0.0000000000000000e+00,0.0000000000000000e+00,0.0000000000000000e+00,0.0000000000000000e+00,0.0000000000000000e+00,0.0000000000000000e+00,0.0000000000000000e+00,0.0000000000000000e+00,0.0000000000000000e+00,0.0000000000000000e+00,0.0000000000000000e+00,0.0000000000000000e+00,0.0000000000000000e+00,0.0000000000000000e+00,0.0000000000000000e+00,0.0000000000000000e+00,0.0000000000000000e+00,0.0000000000000000e+00,0.0000000000000000e+00,0.0000000000000000e+00,0.0000000000000000e+00,0.0000000000000000e+00,0.0000000000000000e+00,0.0000000000000000e+00,0.0000000000000000e+00,0.0000000000000000e+00,0.0000000000000000e+00,0.0000000000000000e+00,0.0000000000000000e+00,0.0000000000000000e+00,0.0000000000000000e+00,0.0000000000000000e+00,0.0000000000000000e+00,0.0000000000000000e+00,0.0000000000000000e+00,0.0000000000000000e+00,0.0000000000000000e+00,0.0000000000000000e+00,0.0000000000000000e+00,0.0000000000000000e+00,0.0000000000000000e+00,0.0000000000000000e+00,0.0000000000000000e+00,0.0000000000000000e+00,0.0000000000000000e+00,0.0000000000000000e+00,0.0000000000000000e+00,0.0000000000000000e+00,0.0000000000000000e+00,0.0000000000000000e+00,0.0000000000000000e+00,0.0000000000000000e+00,0.0000000000000000e+00,0.0000000000000000e+00,0.0000000000000000e+00,0.0000000000000000e+00,0.0000000000000000e+00,0.0000000000000000e+00,0.0000000000000000e+00,0.0000000000000000e+00,0.0000000000000000e+00,0.0000000000000000e+00,0.0000000000000000e+00,0.0000000000000000e+00,0.0000000000000000e+00,0.0000000000000000e+00,0.0000000000000000e+00,0.0000000000000000e+00,0.0000000000000000e+00,0.0000000000000000e+00,0.0000000000000000e+00,0.0000000000000000e+00,0.0000000000000000e+00,0.0000000000000000e+00,0.0000000000000000e+00,0.0000000000000000e+00,0.0000000000000000e+00,0.0000000000000000e+00,0.0000000000000000e+00,0.0000000000000000e+00,0.0000000000000000e+00,0.0000000000000000e+00,0.0000000000000000e+00,0.0000000000000000e+00,0.0000000000000000e+00,0.0000000000000000e+00,0.0000000000000000e+00,0.0000000000000000e+00,0.0000000000000000e+00,0.0000000000000000e+00,0.0000000000000000e+00,0.0000000000000000e+00,0.0000000000000000e+00,0.0000000000000000e+00,0.0000000000000000e+00,0.0000000000000000e+00,0.0000000000000000e+00,0.0000000000000000e+00,0.0000000000000000e+00,0.0000000000000000e+00,0.0000000000000000e+00,0.0000000000000000e+00,0.0000000000000000e+00,0.0000000000000000e+00,0.0000000000000000e+00,0.0000000000000000e+00,0.0000000000000000e+00,0.0000000000000000e+00,0.0000000000000000e+00,0.0000000000000000e+00,0.0000000000000000e+00,0.0000000000000000e+00,0.0000000000000000e+00,0.0000000000000000e+00,0.0000000000000000e+00,0.0000000000000000e+00,0.0000000000000000e+00,0.0000000000000000e+00,0.0000000000000000e+00,0.0000000000000000e+00,0.0000000000000000e+00,0.0000000000000000e+00,0.0000000000000000e+00,0.0000000000000000e+00,0.0000000000000000e+00,0.0000000000000000e+00,0.0000000000000000e+00,0.0000000000000000e+00,0.0000000000000000e+00,0.0000000000000000e+00,0.0000000000000000e+00,0.0000000000000000e+00,0.0000000000000000e+00,0.0000000000000000e+00,0.0000000000000000e+00,0.0000000000000000e+00,0.0000000000000000e+00,0.0000000000000000e+00,0.0000000000000000e+00,0.0000000000000000e+00,0.0000000000000000e+00,0.0000000000000000e+00,0.0000000000000000e+00,0.0000000000000000e+00,0.0000000000000000e+00,0.0000000000000000e+00,0.0000000000000000e+00,0.0000000000000000e+00,0.0000000000000000e+00,0.0000000000000000e+00,0.0000000000000000e+00,0.0000000000000000e+00,0.0000000000000000e+00,0.0000000000000000e+00,0.0000000000000000e+00,0.0000000000000000e+00,0.0000000000000000e+00,0.0000000000000000e+00,0.0000000000000000e+00,0.0000000000000000e+00,0.0000000000000000e+00,0.0000000000000000e+00,0.0000000000000000e+00,0.0000000000000000e+00,0.0000000000000000e+00,0.0000000000000000e+00,0.0000000000000000e+00,0.0000000000000000e+00,0.0000000000000000e+00,0.0000000000000000e+00,0.0000000000000000e+00,0.0000000000000000e+00,0.0000000000000000e+00,0.0000000000000000e+00,0.0000000000000000e+00,0.0000000000000000e+00,0.0000000000000000e+00,0.0000000000000000e+00,0.0000000000000000e+00,0.0000000000000000e+00,0.0000000000000000e+00,0.0000000000000000e+00,0.0000000000000000e+00,0.0000000000000000e+00,0.0000000000000000e+00,0.0000000000000000e+00,0.0000000000000000e+00,0.0000000000000000e+00,0.0000000000000000e+00,0.0000000000000000e+00,0.0000000000000000e+00,0.0000000000000000e+00,0.0000000000000000e+00,0.0000000000000000e+00,0.0000000000000000e+00,0.0000000000000000e+00,0.0000000000000000e+00,0.0000000000000000e+00,0.0000000000000000e+00,0.0000000000000000e+00,0.0000000000000000e+00,0.0000000000000000e+00,0.0000000000000000e+00,0.0000000000000000e+00,0.0000000000000000e+00,0.0000000000000000e+00,0.0000000000000000e+00,0.0000000000000000e+00,0.0000000000000000e+00,0.0000000000000000e+00,0.0000000000000000e+00,0.0000000000000000e+00,0.0000000000000000e+00,0.0000000000000000e+00,0.0000000000000000e+00,0.0000000000000000e+00,0.0000000000000000e+00,0.0000000000000000e+00,0.0000000000000000e+00,0.0000000000000000e+00,0.0000000000000000e+00,0.0000000000000000e+00,0.0000000000000000e+00,0.0000000000000000e+00,0.0000000000000000e+00,0.0000000000000000e+00,0.0000000000000000e+00,0.0000000000000000e+00,0.0000000000000000e+00,0.0000000000000000e+00,0.0000000000000000e+00,0.0000000000000000e+00,0.0000000000000000e+00,0.0000000000000000e+00,0.0000000000000000e+00,0.0000000000000000e+00,0.0000000000000000e+00,0.0000000000000000e+00,0.0000000000000000e+00,0.0000000000000000e+00,0.0000000000000000e+00,0.0000000000000000e+00,0.0000000000000000e+00,0.0000000000000000e+00,0.0000000000000000e+00,0.0000000000000000e+00,0.0000000000000000e+00,0.0000000000000000e+00,0.0000000000000000e+00,0.0000000000000000e+00,0.0000000000000000e+00,0.0000000000000000e+00,0.0000000000000000e+00,0.0000000000000000e+00,0.0000000000000000e+00,0.0000000000000000e+00,0.0000000000000000e+00,0.0000000000000000e+00,0.0000000000000000e+00,0.0000000000000000e+00,0.0000000000000000e+00,0.0000000000000000e+00,0.0000000000000000e+00,0.0000000000000000e+00,0.0000000000000000e+00,0.0000000000000000e+00,0.0000000000000000e+00,0.0000000000000000e+00,0.0000000000000000e+00,0.0000000000000000e+00,0.0000000000000000e+00,0.0000000000000000e+00,0.0000000000000000e+00,0.0000000000000000e+00,0.0000000000000000e+00,0.0000000000000000e+00,0.0000000000000000e+00,0.0000000000000000e+00,0.0000000000000000e+00,0.0000000000000000e+00,0.0000000000000000e+00,0.0000000000000000e+00,0.0000000000000000e+00,0.0000000000000000e+00,0.0000000000000000e+00,0.0000000000000000e+00,0.0000000000000000e+00,0.0000000000000000e+00,0.0000000000000000e+00,0.0000000000000000e+00,0.0000000000000000e+00,0.0000000000000000e+00,0.0000000000000000e+00,0.0000000000000000e+00,0.0000000000000000e+00,0.0000000000000000e+00,0.0000000000000000e+00,0.0000000000000000e+00,0.0000000000000000e+00,0.0000000000000000e+00,0.0000000000000000e+00,0.0000000000000000e+00,0.0000000000000000e+00,0.0000000000000000e+00,0.0000000000000000e+00,0.0000000000000000e+00,0.0000000000000000e+00,0.0000000000000000e+00,0.0000000000000000e+00,0.0000000000000000e+00,0.0000000000000000e+00,0.0000000000000000e+00,0.0000000000000000e+00,0.0000000000000000e+00,0.0000000000000000e+00,0.0000000000000000e+00,0.0000000000000000e+00,0.0000000000000000e+00,0.0000000000000000e+00,0.0000000000000000e+00,0.0000000000000000e+00,0.0000000000000000e+00,0.0000000000000000e+00,0.0000000000000000e+00,0.0000000000000000e+00,0.0000000000000000e+00,0.0000000000000000e+00,0.0000000000000000e+00,0.0000000000000000e+00,0.0000000000000000e+00,0.0000000000000000e+00,0.0000000000000000e+00,0.0000000000000000e+00,0.0000000000000000e+00,0.0000000000000000e+00,0.0000000000000000e+00,0.0000000000000000e+00,0.0000000000000000e+00,0.0000000000000000e+00,0.0000000000000000e+00,0.0000000000000000e+00,0.0000000000000000e+00,0.0000000000000000e+00,0.0000000000000000e+00,0.0000000000000000e+00,0.0000000000000000e+00,0.0000000000000000e+00,0.0000000000000000e+00,0.0000000000000000e+00,0.0000000000000000e+00,0.0000000000000000e+00,0.0000000000000000e+00,0.0000000000000000e+00,0.0000000000000000e+00,0.0000000000000000e+00,0.0000000000000000e+00,0.0000000000000000e+00,0.0000000000000000e+00,0.0000000000000000e+00,0.0000000000000000e+00,0.0000000000000000e+00,0.0000000000000000e+00,0.0000000000000000e+00,0.0000000000000000e+00,0.0000000000000000e+00,0.0000000000000000e+00,0.0000000000000000e+00,0.0000000000000000e+00,0.0000000000000000e+00,0.0000000000000000e+00,0.0000000000000000e+00,0.0000000000000000e+00,0.0000000000000000e+00,0.0000000000000000e+00,0.0000000000000000e+00,0.0000000000000000e+00,0.0000000000000000e+00,0.0000000000000000e+00,0.0000000000000000e+00,0.0000000000000000e+00,0.0000000000000000e+00,0.0000000000000000e+00,0.0000000000000000e+00,0.0000000000000000e+00,0.0000000000000000e+00,0.0000000000000000e+00,0.0000000000000000e+00,0.0000000000000000e+00,0.0000000000000000e+00,0.0000000000000000e+00,0.0000000000000000e+00,0.0000000000000000e+00,0.0000000000000000e+00,0.0000000000000000e+00,0.0000000000000000e+00,0.0000000000000000e+00,0.0000000000000000e+00,0.0000000000000000e+00,0.0000000000000000e+00,0.0000000000000000e+00,0.0000000000000000e+00,0.0000000000000000e+00,0.0000000000000000e+00,0.0000000000000000e+00,0.0000000000000000e+00,0.0000000000000000e+00,0.0000000000000000e+00,0.0000000000000000e+00,0.0000000000000000e+00,0.0000000000000000e+00,0.0000000000000000e+00,0.0000000000000000e+00,0.0000000000000000e+00,0.0000000000000000e+00,0.0000000000000000e+00,0.0000000000000000e+00,0.0000000000000000e+00,0.0000000000000000e+00,0.0000000000000000e+00,0.0000000000000000e+00,0.0000000000000000e+00,0.0000000000000000e+00,0.0000000000000000e+00,0.0000000000000000e+00,0.0000000000000000e+00,0.0000000000000000e+00,0.0000000000000000e+00,0.0000000000000000e+00,0.0000000000000000e+00,0.0000000000000000e+00,0.0000000000000000e+00,0.0000000000000000e+00,0.0000000000000000e+00,0.0000000000000000e+00,0.0000000000000000e+00,0.0000000000000000e+00,0.0000000000000000e+00,0.0000000000000000e+00,0.0000000000000000e+00,0.0000000000000000e+00,0.0000000000000000e+00,0.0000000000000000e+00,0.0000000000000000e+00,0.0000000000000000e+00,0.0000000000000000e+00,0.0000000000000000e+00,0.0000000000000000e+00,0.0000000000000000e+00,0.0000000000000000e+00,0.0000000000000000e+00,0.0000000000000000e+00,0.0000000000000000e+00,0.0000000000000000e+00,0.0000000000000000e+00,0.0000000000000000e+00,0.0000000000000000e+00,0.0000000000000000e+00,0.0000000000000000e+00,0.0000000000000000e+00,0.0000000000000000e+00,0.0000000000000000e+00,0.0000000000000000e+00,0.0000000000000000e+00,0.0000000000000000e+00,0.0000000000000000e+00,0.0000000000000000e+00,0.0000000000000000e+00,0.0000000000000000e+00,0.0000000000000000e+00,0.0000000000000000e+00,0.0000000000000000e+00,0.0000000000000000e+00,0.0000000000000000e+00,0.0000000000000000e+00,0.0000000000000000e+00,0.0000000000000000e+00,0.0000000000000000e+00,0.0000000000000000e+00,0.0000000000000000e+00,0.0000000000000000e+00,0.0000000000000000e+00,0.0000000000000000e+00,0.0000000000000000e+00,0.0000000000000000e+00,0.0000000000000000e+00,0.0000000000000000e+00,0.0000000000000000e+00,0.0000000000000000e+00,0.0000000000000000e+00,0.0000000000000000e+00,0.0000000000000000e+00,0.0000000000000000e+00,0.0000000000000000e+00,0.0000000000000000e+00,0.0000000000000000e+00,0.0000000000000000e+00,0.0000000000000000e+00,0.0000000000000000e+00,0.0000000000000000e+00,0.0000000000000000e+00,0.0000000000000000e+00,0.0000000000000000e+00,0.0000000000000000e+00,0.0000000000000000e+00,0.0000000000000000e+00,0.0000000000000000e+00,0.0000000000000000e+00,0.0000000000000000e+00,0.0000000000000000e+00,0.0000000000000000e+00,0.0000000000000000e+00,0.0000000000000000e+00,0.0000000000000000e+00,0.0000000000000000e+00,0.0000000000000000e+00,0.0000000000000000e+00,0.0000000000000000e+00,0.0000000000000000e+00,0.0000000000000000e+00,0.0000000000000000e+00,0.0000000000000000e+00,0.0000000000000000e+00,0.0000000000000000e+00,0.0000000000000000e+00,0.0000000000000000e+00,0.0000000000000000e+00,0.0000000000000000e+00,0.0000000000000000e+00,0.0000000000000000e+00,0.0000000000000000e+00,0.0000000000000000e+00,0.0000000000000000e+00,0.0000000000000000e+00,0.0000000000000000e+00,0.0000000000000000e+00,0.0000000000000000e+00,0.0000000000000000e+00,0.0000000000000000e+00,0.0000000000000000e+00,0.0000000000000000e+00,0.0000000000000000e+00,0.0000000000000000e+00,0.0000000000000000e+00,0.0000000000000000e+00,0.0000000000000000e+00,0.0000000000000000e+00,0.0000000000000000e+00,0.0000000000000000e+00,0.0000000000000000e+00,0.0000000000000000e+00,0.0000000000000000e+00,0.0000000000000000e+00,0.0000000000000000e+00,0.0000000000000000e+00,0.0000000000000000e+00,0.0000000000000000e+00,0.0000000000000000e+00,0.0000000000000000e+00,0.0000000000000000e+00,0.0000000000000000e+00,0.0000000000000000e+00,0.0000000000000000e+00,0.0000000000000000e+00,0.0000000000000000e+00,0.0000000000000000e+00,0.0000000000000000e+00,0.0000000000000000e+00,0.0000000000000000e+00,0.0000000000000000e+00,0.0000000000000000e+00,0.0000000000000000e+00,0.0000000000000000e+00,0.0000000000000000e+00,0.0000000000000000e+00,0.0000000000000000e+00,0.0000000000000000e+00,0.0000000000000000e+00
3.4786098642066654e+00,3.4786098642066654e+00,6.0336719316658787e+00,3.4786098642066654e+00,0.0000000000000000e+00,3.4786098642066654e+00,6.0336719316658787e+00,4.8500350700567996e+00,8.9855920170243186e-01,3.4786098642066654e+00,3.4786098642066654e+00,3.4786098642066654e+00,2.5148132335751066e+00,1.8220423634983458e+00,3.4786098642066654e+00,2.5148132335751066e+00,8.9855920170243186e-01,4.8500350700567996e+00,4.8500350700567996e+00,1.8220423634983458e+00,0.0000000000000000e+00,3.4786098642066654e+00,3.4786098642066654e+00,4.8500350700567996e+00,3.4786098642066654e+00,3.4786098642066654e+00,6.0336719316658787e+00,2.5148132335751066e+00,6.0158899561559505e+00,3.4786098642066654e+00,6.0158899561559505e+00,6.0158899561559505e+00,4.8500350700567996e+00,1.8220423634983458e+00,6.0158899561559505e+00,3.4786098642066654e+00,6.0158899561559505e+00,6.0158899561559505e+00,6.0158899561559505e+00,0.0000000000000000e+00,2.5148132335751066e+00,6.0158899561559505e+00,6.0158899561559505e+00,6.0158899561559505e+00,6.0158899561559505e+00,4.8500350700567996e+00,4.8500350700567996e+00,1.8220423634983458e+00,1.8220423634983458e+00,0.0000000000000000e+00,6.0158899561559505e+00,0.0000000000000000e+00,6.0158899561559505e+00,8.9855920170243186e-01,6.0158899561559505e+00,8.9855920170243186e-01,6.0158899561559505e+00,6.0158899561559505e+00,4.8500350700567996e+00,6.0158899561559505e+00,1.8220423634983458e+00,6.0336719316658787e+00,4.8500350700567996e+00,4.8500350700567996e+00,4.8500350700567996e+00,6.0158899561559505e+00,0.0000000000000000e+00,6.0336719316658787e+00,6.0158899561559505e+00,6.0336719316658787e+00,6.0336719316658787e+00,6.0158899561559505e+00,3.4786098642066654e+00,8.9855920170243186e-01,8.9855920170243186e-01,4.8500350700567996e+00,4.8500350700567996e+00,2.5148132335751066e+00,4.8500350700567996e+00,6.0336719316658787e+00,6.0336719316658787e+00,6.0336719316658787e+00,6.0336719316658787e+00,3.4786098642066654e+00,6.0158899561559505e+00,1.8220423634983458e+00,6.0158899561559505e+00,2.5148132335751066e+00,6.0336719316658787e+00,6.0336719316658787e+00,6.0158899561559505e+00,2.5148132335751066e+00,6.0336719316658787e+00,6.0336719316658787e+00,6.0158899561559505e+00,6.0158899561559505e+00,6.0158899561559505e+00,6.0158899561559505e+00,2.5148132335751066e+00,6.0336719316658787e+00,0.0000000000000000e+00,8.9855920170243186e-01,6.0158899561559505e+00,4.8500350700567996e+00,4.8500350700567996e+00,0.0000000000000000e+00,4.8500350700567996e+00,2.5148132335751066e+00,6.0336719316658787e+00,6.0336719316658787e+00,6.0158899561559505e+00,6.0158899561559505e+00,6.0158899561559505e+00,3.4786098642066654e+00,8.9855920170243186e-01,6.0158899561559505e+00,0.0000000000000000e+00,1.8220423634983458e+00,2.5148132335751066e+00,6.0158899561559505e+00,8.9855920170243186e-01,6.0336719316658787e+00,6.0158899561559505e+00,6.0158899561559505e+00,6.0158899561559505e+00,0.0000000000000000e+00,0.0000000000000000e+00,6.0158899561559505e+00,1.8220423634983458e+00,8.9855920170243186e-01,1.8220423634983458e+00,0.0000000000000000e+00,6.0336719316658787e+00,3.4786098642066654e+00,6.0336719316658787e+00,0.0000000000000000e+00,6.0158899561559505e+00,3.4786098642066654e+00,6.0158899561559505e+00,4.8500350700567996e+00,2.5148132335751066e+00,4.8500350700567996e+00,4.8500350700567996e+00,4.8500350700567996e+00,4.8500350700567996e+00,6.0336719316658787e+00,4.8500350700567996e+00,1.8220423634983458e+00,4.8500350700567996e+00,0.0000000000000000e+00,2.5148132335751066e+00,1.8220423634983458e+00,4.8500350700567996e+00,2.5148132335751066e+00,8.9855920170243186e-01,6.0158899561559505e+00,8.9855920170243186e-01,2.5148132335751066e+00,0.0000000000000000e+00,4.8500350700567996e+00,1.8220423634983458e+00,8.9855920170243186e-01,6.0158899561559505e+00,1.8220423634983458e+00,8.9855920170243186e-01,8.9855920170243186e-01,0.0000000000000000e+00,8.9855920170243186e-01,6.0158899561559505e+00,8.9855920170243186e-01,4.8500350700567996e+00,8.9855920170243186e-01,6.0158899561559505e+00,6.0158899561559505e+00,6.0158899561559505e+00,6.0158899561559505e+00,8.9855920170243186e-01,6.0158899561559505e+00,2.5148132335751066e+00,6.0158899561559505e+00,6.0158899561559505e+00,0.0000000000000000e+00,4.8500350700567996e+00,8.9855920170243186e-01,4.8500350700567996e+00,4.8500350700567996e+00,2.5148132335751066e+00,6.0336719316658787e+00,4.8500350700567996e+00,8.9855920170243186e-01,1.8220423634983458e+00,8.9855920170243186e-01,4.8500350700567996e+00,4.8500350700567996e+00,3.4786098642066654e+00,2.5148132335751066e+00,2.5148132335751066e+00,4.8500350700567996e+00,3.4786098642066654e+00,1.8220423634983458e+00,2.5148132335751066e+00,6.0158899561559505e+00,4.8500350700567996e+00,4.8500350700567996e+00,2.5148132335751066e+00,6.0158899561559505e+00,6.0336719316658787e+00,6.0336719316658787e+00,0.0000000000000000e+00,4.8500350700567996e+00,6.0158899561559505e+00,6.0158899561559505e+00,6.0158899561559505e+00,4.8500350700567996e+00,6.0158899561559505e+00,6.0158899561559505e+00,4.8500350700567996e+00,6.0158899561559505e+00,6.0336719316658787e+00,2.5148132335751066e+00,3.4786098642066654e+00,4.8500350700567996e+00,2.5148132335751066e+00,0.0000000000000000e+00,6.0336719316658787e+00,6.0336719316658787e+00,4.8500350700567996e+00,6.0158899561559505e+00,6.0336719316658787e+00,6.0336719316658787e+00,4.8500350700567996e+00,4.8500350700567996e+00,3.4786098642066654e+00,1.8220423634983458e+00,1.8220423634983458e+00,6.0336719316658787e+00,6.0336719316658787e+00,6.0336719316658787e+00,0.0000000000000000e+00,3.4786098642066654e+00,6.0336719316658787e+00,2.5148132335751066e+00,6.0158899561559505e+00,6.0158899561559505e+00,6.0158899561559505e+00,6.0336719316658787e+00,6.0158899561559505e+00,6.0158899561559505e+00,8.9855920170243186e-01,1.8220423634983458e+00,1.8220423634983458e+00,6.0336719316658787e+00,1.8220423634983458e+00,4.8500350700567996e+00,1.8220423634983458e+00,6.0336719316658787e+00,0.0000000000000000e+00,6.0336719316658787e+00,6.0336719316658787e+00,6.0336719316658787e+00,6.0158899561559505e+00,8.9855920170243186e-01,6.0336719316658787e+00,6.0158899561559505e+00,6.0336719316658787e+00,3.4786098642066654e+00,2.5148132335751066e+00,6.0336719316658787e+00,8.9855920170243186e-01,4.8500350700567996e+00,6.0336719316658787e+00,6.0336719316658787e+00,4.8500350700567996e+00,3.4786098642066654e+00,6.0336719316658787e+00,2.5148132335751066e+00,4.8500350700567996e+00,1.8220423634983458e+00,4.8500350700567996e+00,0.0000000000000000e+00,4.8500350700567996e+00,8.9855920170243186e-01,4.8500350700567996e+00,0.0000000000000000e+00,6.0158899561559505e+00,6.0158899561559505e+00,8.9855920170243186e-01,6.0336719316658787e+00,3.4786098642066654e+00,8.9855920170243186e-01,1.8220423634983458e+00,0.0000000000000000e+00,6.0158899561559505e+00,6.0158899561559505e+00,6.0158899561559505e+00,4.8500350700567996e+00,1.8220423634983458e+00,4.8500350700567996e+00,8.9855920170243186e-01,2.5148132335751066e+00,6.0158899561559505e+00,2.5148132335751066e+00,1.8220423634983458e+00,8.9855920170243186e-01,3.4786098642066654e+00,4.8500350700567996e+00,4.8500350700567996e+00,2.5148132335751066e+00,6.0336719316658787e+00,3.4786098642066654e+00,6.0336719316658787e+00,0.0000000000000000e+00,6.0336719316658787e+00,6.0336719316658787e+00,1.8220423634983458e+00,1.8220423634983458e+00,6.0158899561559505e+00,6.0336719316658787e+00,6.0336719316658787e+00,4.8500350700567996e+00,4.8500350700567996e+00,6.0336719316658787e+00,6.0158899561559505e+00,6.0158899561559505e+00,6.0336719316658787e+00,6.0336719316658787e+00,2.5148132335751066e+00,6.0158899561559505e+00,1.8220423634983458e+00,6.0336719316658787e+00,6.0336719316658787e+00,6.0336719316658787e+00,6.0158899561559505e+00,2.5148132335751066e+00,6.0336719316658787e+00,0.0000000000000000e+00,6.0336719316658787e+00,3.4786098642066654e+00,3.4786098642066654e+00,4.8500350700567996e+00,6.0336719316658787e+00,6.0158899561559505e+00,8.9855920170243186e-01,2.5148132335751066e+00,2.5148132335751066e+00,6.0158899561559505e+00,6.0336719316658787e+00,8.9855920170243186e-01,8.9855920170243186e-01,6.0336719316658787e+00,3.4786098642066654e+00,3.4786098642066654e+00,6.0336719316658787e+00,6.0336719316658787e+00,8.9855920170243186e-01,2.5148132335751066e+00,4.8500350700567996e+00,6.0336719316658787e+00,6.0336719316658787e+00,6.0336719316658787e+00,6.0336719316658787e+00,8.9855920170243186e-01,3.4786098642066654e+00,6.0336719316658787e+00,2.5148132335751066e+00,0.0000000000000000e+00,6.0336719316658787e+00,6.0336719316658787e+00,6.0336719316658787e+00,2.5148132335751066e+00,6.0158899561559505e+00,6.0336719316658787e+00,1.8220423634983458e+00,6.0158899561559505e+00,1.8220423634983458e+00,6.0336719316658787e+00,4.8500350700567996e+00,3.4786098642066654e+00,0.0000000000000000e+00,6.0336719316658787e+00,1.8220423634983458e+00,0.0000000000000000e+00,1.8220423634983458e+00,4.8500350700567996e+00,6.0336719316658787e+00,8.9855920170243186e-01,8.9855920170243186e-01,4.8500350700567996e+00,4.8500350700567996e+00,6.0158899561559505e+00,6.0336719316658787e+00,1.8220423634983458e+00,6.0158899561559505e+00,2.5148132335751066e+00,6.0158899561559505e+00,6.0336719316658787e+00,6.0336719316658787e+00,4.8500350700567996e+00,6.0158899561559505e+00,3.4786098642066654e+00,6.0336719316658787e+00,2.5148132335751066e+00,8.9855920170243186e-01,4.8500350700567996e+00,3.4786098642066654e+00,6.0336719316658787e+00,6.0336719316658787e+00,6.0336719316658787e+00,3.4786098642066654e+00,6.0336719316658787e+00,4.8500350700567996e+00,2.5148132335751066e+00,8.9855920170243186e-01,2.5148132335751066e+00,2.5148132335751066e+00,6.0336719316658787e+00,6.0336719316658787e+00,6.0336719316658787e+00,4.8500350700567996e+00,3.4786098642066654e+00,8.9855920170243186e-01,4.8500350700567996e+00,2.5148132335751066e+00,4.8500350700567996e+00,6.0336719316658787e+00,8.9855920170243186e-01,3.4786098642066654e+00,0.0000000000000000e+00,6.0158899561559505e+00,6.0336719316658787e+00,6.0336719316658787e+00,6.0158899561559505e+00,6.0158899561559505e+00,8.9855920170243186e-01,4.8500350700567996e+00,3.4786098642066654e+00,4.8500350700567996e+00,6.0336719316658787e+00,6.0336719316658787e+00,6.0336719316658787e+00,6.0158899561559505e+00,6.0336719316658787e+00,4.8500350700567996e+00,4.8500350700567996e+00,6.0336719316658787e+00,4.8500350700567996e+00,6.0158899561559505e+00,4.8500350700567996e+00,4.8500350700567996e+00,1.8220423634983458e+00,1.8220423634983458e+00,6.0336719316658787e+00,2.5148132335751066e+00,3.4786098642066654e+00,4.8500350700567996e+00,2.5148132335751066e+00,8.9855920170243186e-01,6.0158899561559505e+00,6.0336719316658787e+00,6.0158899561559505e+00,6.0336719316658787e+00,6.0158899561559505e+00,1.8220423634983458e+00,3.4786098642066654e+00,3.4786098642066654e+00,3.4786098642066654e+00,1.8220423634983458e+00,4.8500350700567996e+00,4.8500350700567996e+00,4.8500350700567996e+00,4.8500350700567996e+00,4.8500350700567996e+00,2.5148132335751066e+00,6.0158899561559505e+00,4.8500350700567996e+00,6.0158899561559505e+00,6.0336719316658787e+00,6.0336719316658787e+00,6.0336719316658787e+00,4.8500350700567996e+00,4.8500350700567996e+00,2.5148132335751066e+00,3.4786098642066654e+00,3.4786098642066654e+00,1.8220423634983458e+00,6.0336719316658787e+00,6.0336719316658787e+00,4.8500350700567996e+00,6.0336719316658787e+00,6.0336719316658787e+00,1.8220423634983458e+00,8.9855920170243186e-01,4.8500350700567996e+00,6.0158899561559505e+00,6.0158899561559505e+00,3.4786098642066654e+00,6.0158899561559505e+00,4.8500350700567996e+00,4.8500350700567996e+00,4.8500350700567996e+00,4.8500350700567996e+00,2.5148132335751066e+00,2.5148132335751066e+00,4.8500350700567996e+00,2.5148132335751066e+00,3.4786098642066654e+00,6.0336719316658787e+00,3.4786098642066654e+00,3.4786098642066654e+00,6.0158899561559505e+00,6.0336719316658787e+00,6.0336719316658787e+00,6.0336719316658787e+00,3.4786098642066654e+00,3.4786098642066654e+00,4.8500350700567996e+00,6.0158899561559505e+00,3.4786098642066654e+00,3.4786098642066654e+00,4.8500350700567996e+00,8.9855920170243186e-01,0.0000000000000000e+00,4.8500350700567996e+00,4.8500350700567996e+00,4.8500350700567996e+00,6.0158899561559505e+00,6.0336719316658787e+00,2.5148132335751066e+00,4.8500350700567996e+00,1.8220423634983458e+00,4.8500350700567996e+00,6.0336719316658787e+00,6.0158899561559505e+00,3.4786098642066654e+00,6.0336719316658787e+00,6.0336719316658787e+00,1.8220423634983458e+00,4.8500350700567996e+00,6.0336719316658787e+00,4.8500350700567996e+00,6.0336719316658787e+00,6.0336719316658787e+00,6.0158899561559505e+00,4.8500350700567996e+00,0.0000000000000000e+00,2.5148132335751066e+00,2.5148132335751066e+00,2.5148132335751066e+00,0.0000000000000000e+00,0.0000000000000000e+00,6.0336719316658787e+00,6.0336719316658787e+00,6.0336719316658787e+00,4.8500350700567996e+00,8.9855920170243186e-01,4.8500350700567996e+00,4.8500350700567996e+00,6.0158899561559505e+00,3.4786098642066654e+00,0.0000000000000000e+00,6.0336719316658787e+00,6.0336719316658787e+00,6.0336719316658787e+00,2.5148132335751066e+00,3.4786098642066654e+00,6.0158899561559505e+00,6.0158899561559505e+00,3.4786098642066654e+00,6.0158899561559505e+00,3.4786098642066654e+00,3.4786098642066654e+00,1.8220423634983458e+00,6.0336719316658787e+00,6.0336719316658787e+00,6.0336719316658787e+00,6.0336719316658787e+00,1.8220423634983458e+00,0.0000000000000000e+00,6.0336719316658787e+00,0.0000000000000000e+00,6.0158899561559505e+00,6.0158899561559505e+00,6.0158899561559505e+00,6.0158899561559505e+00,6.0158899561559505e+00,4.8500350700567996e+00,1.8220423634983458e+00,4.8500350700567996e+00,6.0336719316658787e+00,4.8500350700567996e+00,6.0158899561559505e+00,6.0158899561559505e+00,6.0336719316658787e+00,4.8500350700567996e+00,6.0158899561559505e+00,6.0158899561559505e+00,6.0158899561559505e+00,6.0158899561559505e+00,6.0158899561559505e+00,6.0158899561559505e+00,6.0336719316658787e+00,6.0158899561559505e+00,1.8220423634983458e+00,6.0336719316658787e+00,6.0158899561559505e+00,6.0158899561559505e+00,1.8220423634983458e+00,6.0158899561559505e+00,4.8500350700567996e+00,4.8500350700567996e+00,6.0158899561559505e+00,6.0158899561559505e+00,6.0158899561559505e+00,6.0336719316658787e+00,4.8500350700567996e+00,0.0000000000000000e+00,8.9855920170243186e-01,6.0336719316658787e+00,0.0000000000000000e+00,6.0336719316658787e+00,6.0158899561559505e+00,6.0158899561559505e+00,6.0336719316658787e+00,6.0336719316658787e+00,6.0336719316658787e+00,6.0158899561559505e+00,0.0000000000000000e+00,6.0158899561559505e+00,6.0336719316658787e+00,6.0336719316658787e+00,6.0336719316658787e+00,6.0158899561559505e+00,8.9855920170243186e-01,8.9855920170243186e-01,6.0158899561559505e+00,0.0000000000000000e+00,6.0336719316658787e+00,6.0158899561559505e+00,6.0158899561559505e+00,3.4786098642066654e+00,3.4786098642066654e+00,6.0158899561559505e+00,6.0158899561559505e+00,4.8500350700567996e+00,6.0158899561559505e+00,6.0158899561559505e+00,4.8500350700567996e+00,0.0000000000000000e+00,4.8500350700567996e+00,3.4786098642066654e+00,6.0336719316658787e+00,4.8500350700567996e+00,0.0000000000000000e+00,6.0158899561559505e+00,4.8500350700567996e+00,6.0336719316658787e+00,6.0336719316658787e+00,6.0158899561559505e+00,6.0158899561559505e+00,8.9855920170243186e-01,4.8500350700567996e+00,0.0000000000000000e+00,2.5148132335751066e+00,6.0336719316658787e+00,6.0158899561559505e+00,6.0158899561559505e+00,3.4786098642066654e+00,3.4786098642066654e+00,6.0158899561559505e+00,6.0336719316658787e+00,6.0336719316658787e+00,6.0336719316658787e+00,6.0336719316658787e+00,0.0000000000000000e+00,6.0336719316658787e+00,2.5148132335751066e+00,6.0336719316658787e+00,1.8220423634983458e+00,6.0336719316658787e+00,3.4786098642066654e+00,3.4786098642066654e+00,6.0336719316658787e+00,6.0336719316658787e+00,8.9855920170243186e-01,1.8220423634983458e+00,1.8220423634983458e+00,6.0336719316658787e+00,3.4786098642066654e+00,4.8500350700567996e+00,4.8500350700567996e+00,3.4786098642066654e+00,6.0336719316658787e+00,0.0000000000000000e+00,2.5148132335751066e+00,8.9855920170243186e-01,6.0158899561559505e+00,0.0000000000000000e+00,8.9855920170243186e-01,6.0336719316658787e+00,1.8220423634983458e+00,4.8500350700567996e+00,3.4786098642066654e+00,0.0000000000000000e+00,8.9855920170243186e-01,2.5148132335751066e+00,3.4786098642066654e+00,4.8500350700567996e+00,6.0158899561559505e+00,4.8500350700567996e+00,6.0158899561559505e+00,0.0000000000000000e+00,3.4786098642066654e+00,6.0158899561559505e+00,3.4786098642066654e+00,0.0000000000000000e+00,6.0158899561559505e+00,6.0158899561559505e+00,0.0000000000000000e+00,1.8220423634983458e+00,4.8500350700567996e+00,3.4786098642066654e+00,8.9855920170243186e-01,3.4786098642066654e+00,2.5148132335751066e+00,4.8500350700567996e+00,8.9855920170243186e-01,1.8220423634983458e+00,3.4786098642066654e+00,0.0000000000000000e+00,4.8500350700567996e+00,4.8500350700567996e+00,4.8500350700567996e+00,0.0000000000000000e+00,6.0158899561559505e+00,6.0158899561559505e+00,6.0158899561559505e+00,6.0158899561559505e+00,6.0336719316658787e+00,3.4786098642066654e+00,6.0336719316658787e+00,6.0336719316658787e+00,6.0158899561559505e+00,6.0158899561559505e+00,1.8220423634983458e+00,6.0336719316658787e+00,6.0158899561559505e+00,6.0158899561559505e+00,3.4786098642066654e+00,1.8220423634983458e+00,2.5148132335751066e+00,1.8220423634983458e+00,6.0158899561559505e+00,6.0336719316658787e+00,6.0336719316658787e+00,4.8500350700567996e+00,2.5148132335751066e+00,2.5148132335751066e+00,6.0158899561559505e+00,1.8220423634983458e+00,6.0336719316658787e+00,3.4786098642066654e+00,8.9855920170243186e-01,4.8500350700567996e+00,4.8500350700567996e+00,8.9855920170243186e-01,4.8500350700567996e+00,6.0158899561559505e+00,6.0336719316658787e+00,6.0336719316658787e+00,2.5148132335751066e+00,6.0336719316658787e+00,0.0000000000000000e+00,6.0336719316658787e+00,0.0000000000000000e+00,8.9855920170243186e-01,6.0158899561559505e+00,3.4786098642066654e+00,3.4786098642066654e+00,6.0336719316658787e+00,3.4786098642066654e+00,1.8220423634983458e+00,6.0336719316658787e+00,1.8220423634983458e+00,3.4786098642066654e+00,8.9855920170243186e-01,1.8220423634983458e+00,0.0000000000000000e+00,6.0336719316658787e+00,6.0336719316658787e+00,2.5148132335751066e+00,3.4786098642066654e+00,0.0000000000000000e+00,6.0336719316658787e+00,6.0336719316658787e+00,6.0336719316658787e+00,4.8500350700567996e+00,6.0336719316658787e+00,6.0336719316658787e+00,2.5148132335751066e+00,4.8500350700567996e+00,2.5148132335751066e+00,6.0336719316658787e+00,6.0336719316658787e+00,8.9855920170243186e-01,4.8500350700567996e+00,6.0158899561559505e+00,6.0158899561559505e+00,6.0336719316658787e+00,4.8500350700567996e+00,6.0336719316658787e+00,4.8500350700567996e+00,2.5148132335751066e+00,0.0000000000000000e+00,6.0336719316658787e+00,2.5148132335751066e+00,3.4786098642066654e+00,6.0158899561559505e+00,6.0336719316658787e+00,6.0336719316658787e+00,0.0000000000000000e+00,4.8500350700567996e+00,8.9855920170243186e-01,8.9855920170243186e-01,8.9855920170243186e-01,1.8220423634983458e+00,1.8220423634983458e+00,8.9855920170243186e-01,1.8220423634983458e+00,6.0336719316658787e+00,6.0158899561559505e+00,6.0158899561559505e+00,6.0158899561559505e+00,4.8500350700567996e+00,0.0000000000000000e+00,6.0158899561559505e+00,8.9855920170243186e-01,3.4786098642066654e+00,6.0336719316658787e+00,6.0336719316658787e+00,4.8500350700567996e+00,6.0336719316658787e+00,4.8500350700567996e+00,1.8220423634983458e+00,6.0158899561559505e+00,6.0158899561559505e+00,8.9855920170243186e-01,8.9855920170243186e-01,8.9855920170243186e-01,4.8500350700567996e+00,1.8220423634983458e+00,4.8500350700567996e+00,1.8220423634983458e+00,6.0336719316658787e+00,6.0158899561559505e+00,6.0158899561559505e+00,8.9855920170243186e-01,1.8220423634983458e+00,6.0336719316658787e+00,1.8220423634983458e+00,4.8500350700567996e+00,4.8500350700567996e+00,6.0336719316658787e+00,6.0158899561559505e+00,0.0000000000000000e+00,0.0000000000000000e+00,4.8500350700567996e+00,6.0158899561559505e+00,6.0336719316658787e+00,8.9855920170243186e-01,6.0336719316658787e+00,8.9855920170243186e-01,4.8500350700567996e+00,4.8500350700567996e+00,6.0158899561559505e+00,2.5148132335751066e+00,8.9855920170243186e-01,6.0336719316658787e+00,1.8220423634983458e+00,4.8500350700567996e+00,4.8500350700567996e+00,6.0158899561559505e+00,4.8500350700567996e+00,6.0336719316658787e+00,0.0000000000000000e+00,6.0336719316658787e+00,2.5148132335751066e+00,4.8500350700567996e+00,6.0336719316658787e+00,0.0000000000000000e+00,6.0336719316658787e+00,6.0336719316658787e+00,6.0336719316658787e+00,2.5148132335751066e+00,6.0336719316658787e+00,6.0336719316658787e+00,6.0336719316658787e+00,8.9855920170243186e-01,0.0000000000000000e+00,3.4786098642066654e+00,6.0336719316658787e+00,6.0336719316658787e+00,3.4786098642066654e+00,6.0336719316658787e+00,4.8500350700567996e+00,0.0000000000000000e+00,6.0336719316658787e+00,8.9855920170243186e-01,6.0336719316658787e+00,0.0000000000000000e+00,6.0336719316658787e+00,6.0336719316658787e+00,6.0336719316658787e+00,4.8500350700567996e+00,4.8500350700567996e+00,6.0336719316658787e+00,6.0336719316658787e+00,6.0336719316658787e+00,0.0000000000000000e+00,6.0336719316658787e+00,6.0336719316658787e+00,3.4786098642066654e+00,6.0336719316658787e+00,6.0336719316658787e+00,6.0336719316658787e+00,3.4786098642066654e+00,1.8220423634983458e+00,6.0336719316658787e+00,3.4786098642066654e+00,2.5148132335751066e+00,6.0336719316658787e+00,6.0158899561559505e+00,4.8500350700567996e+00,6.0158899561559505e+00,1.8220423634983458e+00,2.5148132335751066e+00,2.5148132335751066e+00,6.0336719316658787e+00,2.5148132335751066e+00,6.0336719316658787e+00,4.8500350700567996e+00,4.8500350700567996e+00,3.4786098642066654e+00,3.4786098642066654e+00,0.0000000000000000e+00,4.8500350700567996e+00,8.9855920170243186e-01,6.0336719316658787e+00,4.8500350700567996e+00,6.0336719316658787e+00,6.0158899561559505e+00,6.0336719316658787e+00,6.0336719316658787e+00,6.0158899561559505e+00,3.4786098642066654e+00,6.0158899561559505e+00,0.0000000000000000e+00,6.0336719316658787e+00,1.8220423634983458e+00,3.4786098642066654e+00,3.4786098642066654e+00,3.4786098642066654e+00,1.8220423634983458e+00,3.4786098642066654e+00,6.0336719316658787e+00,6.0158899561559505e+00,6.0336719316658787e+00,1.8220423634983458e+00,0.0000000000000000e+00,3.4786098642066654e+00,4.8500350700567996e+00,3.4786098642066654e+00,3.4786098642066654e+00,6.0336719316658787e+00,6.0336719316658787e+00,6.0158899561559505e+00,6.0336719316658787e+00,0.0000000000000000e+00,6.0336719316658787e+00,2.5148132335751066e+00,1.8220423634983458e+00,8.9855920170243186e-01,4.8500350700567996e+00,4.8500350700567996e+00,8.9855920170243186e-01,2.5148132335751066e+00,6.0158899561559505e+00,6.0336719316658787e+00,3.4786098642066654e+00,3.4786098642066654e+00,0.0000000000000000e+00,6.0158899561559505e+00,4.8500350700567996e+00,0.0000000000000000e+00,6.0336719316658787e+00,2.5148132335751066e+00,4.8500350700567996e+00,6.0158899561559505e+00,6.0336719316658787e+00,6.0336719316658787e+00,6.0158899561559505e+00
4.6723104893950769e+00,4.6723104893950769e+00,4.6723104893950769e+00,4.6723104893950769e+00,3.0269655711682755e+00,4.6723104893950769e+00,1.0217120771481851e+00,4.6723104893950769e+00,4.6723104893950769e+00,4.6723104893950769e+00,4.6723104893950769e+00,4.6723104893950769e+00,4.6723104893950769e+00,4.6723104893950769e+00,4.6723104893950769e+00,3.0269655711682755e+00,4.6723104893950769e+00,4.6723104893950769e+00,1.9705097404681735e+00,1.9705097404681735e+00,3.0269655711682755e+00,4.6723104893950769e+00,3.9844462083003944e+00,3.9844462083003944e+00,3.9844462083003944e+00,3.9844462083003944e+00,3.9844462083003944e+00,3.0269655711682755e+00,5.3091088119344576e+00,5.3091088119344576e+00,7.1976709812923856e+00,7.1976709812923856e+00,7.1976709812923856e+00,7.1976709812923856e+00,7.1976709812923856e+00,0.0000000000000000e+00,7.1976709812923856e+00,1.0217120771481851e+00,3.0269655711682755e+00,1.9705097404681735e+00,3.9844462083003944e+00,1.9705097404681735e+00,3.9844462083003944e+00,4.6723104893950769e+00,5.3091088119344576e+00,1.9705097404681735e+00,1.9705097404681735e+00,3.9844462083003944e+00,3.0269655711682755e+00,3.9844462083003944e+00,1.9705097404681735e+00,3.0269655711682755e+00,1.9705097404681735e+00,7.1976709812923856e+00,5.3091088119344576e+00,7.1976709812923856e+00,7.1976709812923856e+00,3.9844462083003944e+00,5.3091088119344576e+00,7.1976709812923856e+00,4.6723104893950769e+00,0.0000000000000000e+00,7.1976709812923856e+00,7.1976709812923856e+00,7.1976709812923856e+00,1.9705097404681735e+00,3.9844462083003944e+00,3.9844462083003944e+00,0.0000000000000000e+00,3.9844462083003944e+00,7.1976709812923856e+00,3.0269655711682755e+00,3.9844462083003944e+00,7.1976709812923856e+00,4.6723104893950769e+00,0.0000000000000000e+00,3.9844462083003944e+00,3.9844462083003944e+00,3.0269655711682755e+00,1.9705097404681735e+00,1.9705097404681735e+00,7.1976709812923856e+00,7.1976709812923856e+00,3.9844462083003944e+00,1.9705097404681735e+00,0.0000000000000000e+00,7.1976709812923856e+00,5.3091088119344576e+00,3.9844462083003944e+00,4.6723104893950769e+00,5.3091088119344576e+00,5.3091088119344576e+00,0.0000000000000000e+00,7.1976709812923856e+00,3.0269655711682755e+00,7.1976709812923856e+00,4.6723104893950769e+00,3.0269655711682755e+00,4.6723104893950769e+00,3.9844462083003944e+00,4.6723104893950769e+00,1.9705097404681735e+00,1.9705097404681735e+00,1.9705097404681735e+00,7.1976709812923856e+00,5.3091088119344576e+00,3.0269655711682755e+00,3.0269655711682755e+00,5.3091088119344576e+00,1.9705097404681735e+00,4.6723104893950769e+00,1.9705097404681735e+00,3.0269655711682755e+00,5.3091088119344576e+00,7.1976709812923856e+00,3.0269655711682755e+00,7.1976709812923856e+00,3.0269655711682755e+00,5.3091088119344576e+00,1.0217120771481851e+00,7.1976709812923856e+00,0.0000000000000000e+00,1.0217120771481851e+00,7.1976709812923856e+00,7.1976709812923856e+00,5.3091088119344576e+00,3.0269655711682755e+00,1.0217120771481851e+00,3.0269655711682755e+00,1.9705097404681735e+00,4.6723104893950769e+00,4.6723104893950769e+00,3.0269655711682755e+00,5.3091088119344576e+00,1.9705097404681735e+00,4.6723104893950769e+00,5.3091088119344576e+00,4.6723104893950769e+00,4.6723104893950769e+00,7.1976709812923856e+00,7.1976709812923856e+00,7.1976709812923856e+00,3.9844462083003944e+00,4.6723104893950769e+00,3.0269655711682755e+00,4.6723104893950769e+00,7.1976709812923856e+00,3.0269655711682755e+00,3.0269655711682755e+00,3.0269655711682755e+00,7.1976709812923856e+00,1.9705097404681735e+00,4.6723104893950769e+00,1.0217120771481851e+00,1.0217120771481851e+00,7.1976709812923856e+00,7.1976709812923856e+00,3.9844462083003944e+00,3.9844462083003944e+00,1.9705097404681735e+00,5.3091088119344576e+00,7.1976709812923856e+00,4.6723104893950769e+00,3.0269655711682755e+00,5.3091088119344576e+00,3.0269655711682755e+00,7.1976709812923856e+00,4.6723104893950769e+00,1.9705097404681735e+00,4.6723104893950769e+00,7.1976709812923856e+00,7.1976709812923856e+00,5.3091088119344576e+00,1.9705097404681735e+00,7.1976709812923856e+00,4.6723104893950769e+00,7.1976709812923856e+00,1.9705097404681735e+00,1.9705097404681735e+00,5.3091088119344576e+00,7.1976709812923856e+00,7.1976709812923856e+00,3.9844462083003944e+00,3.9844462083003944e+00,7.1976709812923856e+00,1.9705097404681735e+00,3.9844462083003944e+00,4.6723104893950769e+00,3.9844462083003944e+00,3.9844462083003944e+00,0.0000000000000000e+00,4.6723104893950769e+00,5.3091088119344576e+00,4.6723104893950769e+00,3.9844462083003944e+00,5.3091088119344576e+00,3.9844462083003944e+00,5.3091088119344576e+00,5.3091088119344576e+00,1.9705097404681735e+00,4.6723104893950769e+00,7.1976709812923856e+00,7.1976709812923856e+00,1.0217120771481851e+00,3.0269655711682755e+00,5.3091088119344576e+00,4.6723104893950769e+00,7.1976709812923856e+00,7.1976709812923856e+00,3.9844462083003944e+00,5.3091088119344576e+00,7.1976709812923856e+00,3.0269655711682755e+00,5.3091088119344576e+00,5.3091088119344576e+00,1.0217120771481851e+00,5.3091088119344576e+00,3.9844462083003944e+00,7.1976709812923856e+00,5.3091088119344576e+00,4.6723104893950769e+00,7.1976709812923856e+00,5.3091088119344576e+00,5.3091088119344576e+00,5.3091088119344576e+00,3.0269655711682755e+00,3.9844462083003944e+00,3.0269655711682755e+00,1.9705097404681735e+00,3.0269655711682755e+00,7.1976709812923856e+00,3.9844462083003944e+00,4.6723104893950769e+00,5.3091088119344576e+00,7.1976709812923856e+00,1.9705097404681735e+00,1.0217120771481851e+00,7.1976709812923856e+00,7.1976709812923856e+00,7.1976709812923856e+00,1.0217120771481851e+00,7.1976709812923856e+00,5.3091088119344576e+00,7.1976709812923856e+00,7.1976709812923856e+00,7.1976709812923856e+00,4.6723104893950769e+00,7.1976709812923856e+00,7.1976709812923856e+00,4.6723104893950769e+00,7.1976709812923856e+00,5.3091088119344576e+00,5.3091088119344576e+00,5.3091088119344576e+00,1.0217120771481851e+00,3.0269655711682755e+00,7.1976709812923856e+00,7.1976709812923856e+00,7.1976709812923856e+00,7.1976709812923856e+00,7.1976709812923856e+00,4.6723104893950769e+00,3.0269655711682755e+00,7.1976709812923856e+00,0.0000000000000000e+00,7.1976709812923856e+00,0.0000000000000000e+00,3.0269655711682755e+00,3.0269655711682755e+00,0.0000000000000000e+00,1.9705097404681735e+00,1.9705097404681735e+00,1.9705097404681735e+00,3.9844462083003944e+00,4.6723104893950769e+00,5.3091088119344576e+00,7.1976709812923856e+00,1.0217120771481851e+00,1.0217120771481851e+00,5.3091088119344576e+00,0.0000000000000000e+00,7.1976709812923856e+00,7.1976709812923856e+00,1.9705097404681735e+00,4.6723104893950769e+00,7.1976709812923856e+00,4.6723104893950769e+00,0.0000000000000000e+00,4.6723104893950769e+00,0.0000000000000000e+00,3.0269655711682755e+00,5.3091088119344576e+00,4.6723104893950769e+00,7.1976709812923856e+00,0.0000000000000000e+00,5.3091088119344576e+00,5.3091088119344576e+00,5.3091088119344576e+00,5.3091088119344576e+00,3.9844462083003944e+00,0.0000000000000000e+00,7.1976709812923856e+00,4.6723104893950769e+00,3.9844462083003944e+00,7.1976709812923856e+00,1.9705097404681735e+00,0.0000000000000000e+00,7.1976709812923856e+00,1.0217120771481851e+00,3.9844462083003944e+00,1.0217120771481851e+00,3.9844462083003944e+00,7.1976709812923856e+00,3.9844462083003944e+00,7.1976709812923856e+00,3.0269655711682755e+00,4.6723104893950769e+00,7.1976709812923856e+00,7.1976709812923856e+00,5.3091088119344576e+00,4.6723104893950769e+00,1.0217120771481851e+00,4.6723104893950769e+00,7.1976709812923856e+00,3.0269655711682755e+00,3.0269655711682755e+00,1.9705097404681735e+00,5.3091088119344576e+00,7.1976709812923856e+00,0.0000000000000000e+00,1.9705097404681735e+00,1.9705097404681735e+00,1.9705097404681735e+00,7.1976709812923856e+00,7.1976709812923856e+00,4.6723104893950769e+00,1.0217120771481851e+00,5.3091088119344576e+00,0.0000000000000000e+00,1.0217120771481851e+00,0.0000000000000000e+00,7.1976709812923856e+00,5.3091088119344576e+00,3.0269655711682755e+00,7.1976709812923856e+00,4.6723104893950769e+00,0.0000000000000000e+00,7.1976709812923856e+00,7.1976709812923856e+00,3.0269655711682755e+00,3.0269655711682755e+00,4.6723104893950769e+00,1.9705097404681735e+00,7.1976709812923856e+00,4.6723104893950769e+00,3.0269655711682755e+00,5.3091088119344576e+00,0.0000000000000000e+00,3.0269655711682755e+00,3.9844462083003944e+00,0.0000000000000000e+00,3.0269655711682755e+00,4.6723104893950769e+00,7.1976709812923856e+00,3.9844462083003944e+00,3.9844462083003944e+00,4.6723104893950769e+00,5.3091088119344576e+00,5.3091088119344576e+00,3.0269655711682755e+00,7.1976709812923856e+00,1.0217120771481851e+00,3.0269655711682755e+00,0.0000000000000000e+00,7.1976709812923856e+00,3.0269655711682755e+00,4.6723104893950769e+00,1.9705097404681735e+00,7.1976709812923856e+00,5.3091088119344576e+00,1.0217120771481851e+00,7.1976709812923856e+00,1.0217120771481851e+00,7.1976709812923856e+00,5.3091088119344576e+00,5.3091088119344576e+00,3.9844462083003944e+00,1.9705097404681735e+00,7.1976709812923856e+00,1.9705097404681735e+00,1.9705097404681735e+00,1.9705097404681735e+00,3.9844462083003944e+00,1.9705097404681735e+00,7.1976709812923856e+00,7.1976709812923856e+00,7.1976709812923856e+00,7.1976709812923856e+00,1.9705097404681735e+00,5.3091088119344576e+00,4.6723104893950769e+00,3.9844462083003944e+00,7.1976709812923856e+00,7.1976709812923856e+00,1.9705097404681735e+00,7.1976709812923856e+00,3.9844462083003944e+00,4.6723104893950769e+00,4.6723104893950769e+00,3.9844462083003944e+00,3.9844462083003944e+00,3.9844462083003944e+00,7.1976709812923856e+00,4.6723104893950769e+00,5.3091088119344576e+00,5.3091088119344576e+00,5.3091088119344576e+00,3.9844462083003944e+00,3.9844462083003944e+00,5.3091088119344576e+00,1.9705097404681735e+00,3.0269655711682755e+00,5.3091088119344576e+00,3.0269655711682755e+00,7.1976709812923856e+00,7.1976709812923856e+00,5.3091088119344576e+00,4.6723104893950769e+00,7.1976709812923856e+00,7.1976709812923856e+00,7.1976709812923856e+00,4.6723104893950769e+00,7.1976709812923856e+00,5.3091088119344576e+00,3.0269655711682755e+00,3.9844462083003944e+00,3.9844462083003944e+00,4.6723104893950769e+00,7.1976709812923856e+00,7.1976709812923856e+00,3.0269655711682755e+00,0.0000000000000000e+00,0.0000000000000000e+00,7.1976709812923856e+00,7.1976709812923856e+00,5.3091088119344576e+00,7.1976709812923856e+00,7.1976709812923856e+00,7.1976709812923856e+00,1.9705097404681735e+00,3.0269655711682755e+00,5.3091088119344576e+00,7.1976709812923856e+00,5.3091088119344576e+00,7.1976709812923856e+00,5.3091088119344576e+00,5.3091088119344576e+00,7.1976709812923856e+00,7.1976709812923856e+00,7.1976709812923856e+00,7.1976709812923856e+00,5.3091088119344576e+00,7.1976709812923856e+00,1.0217120771481851e+00,0.0000000000000000e+00,3.9844462083003944e+00,7.1976709812923856e+00,7.1976709812923856e+00,1.0217120771481851e+00,5.3091088119344576e+00,5.3091088119344576e+00,1.0217120771481851e+00,3.0269655711682755e+00,3.9844462083003944e+00,3.9844462083003944e+00,5.3091088119344576e+00,3.0269655711682755e+00,7.1976709812923856e+00,5.3091088119344576e+00,0.0000000000000000e+00,5.3091088119344576e+00,5.3091088119344576e+00,1.9705097404681735e+00,7.1976709812923856e+00,3.9844462083003944e+00,7.1976709812923856e+00,3.9844462083003944e+00,7.1976709812923856e+00,3.0269655711682755e+00,3.9844462083003944e+00,3.9844462083003944e+00,3.0269655711682755e+00,7.1976709812923856e+00,1.0217120771481851e+00,3.0269655711682755e+00,3.0269655711682755e+00,4.6723104893950769e+00,4.6723104893950769e+00,1.9705097404681735e+00,7.1976709812923856e+00,1.9705097404681735e+00,7.1976709812923856e+00,7.1976709812923856e+00,5.3091088119344576e+00,5.3091088119344576e+00,7.1976709812923856e+00,7.1976709812923856e+00,4.6723104893950769e+00,4.6723104893950769e+00,5.3091088119344576e+00,5.3091088119344576e+00,7.1976709812923856e+00,5.3091088119344576e+00,5.3091088119344576e+00,1.9705097404681735e+00,5.3091088119344576e+00,4.6723104893950769e+00,4.6723104893950769e+00,4.6723104893950769e+00,3.0269655711682755e+00,4.6723104893950769e+00,3.9844462083003944e+00,7.1976709812923856e+00,5.3091088119344576e+00,7.1976709812923856e+00,3.9844462083003944e+00,7.1976709812923856e+00,7.1976709812923856e+00,1.9705097404681735e+00,7.1976709812923856e+00,5.3091088119344576e+00,0.0000000000000000e+00,7.1976709812923856e+00,4.6723104893950769e+00,1.9705097404681735e+00,5.3091088119344576e+00,5.3091088119344576e+00,3.9844462083003944e+00,3.0269655711682755e+00,1.9705097404681735e+00,7.1976709812923856e+00,5.3091088119344576e+00,4.6723104893950769e+00,4.6723104893950769e+00,5.3091088119344576e+00,7.1976709812923856e+00,4.6723104893950769e+00,1.9705097404681735e+00,1.9705097404681735e+00,1.0217120771481851e+00,7.1976709812923856e+00,3.0269655711682755e+00,0.0000000000000000e+00,3.0269655711682755e+00,7.1976709812923856e+00,7.1976709812923856e+00,1.9705097404681735e+00,7.1976709812923856e+00,7.1976709812923856e+00,7.1976709812923856e+00,7.1976709812923856e+00,3.0269655711682755e+00,3.9844462083003944e+00,7.1976709812923856e+00,7.1976709812923856e+00,1.9705097404681735e+00,7.1976709812923856e+00,7.1976709812923856e+00,1.9705097404681735e+00,0.0000000000000000e+00,7.1976709812923856e+00,7.1976709812923856e+00,1.9705097404681735e+00,7.1976709812923856e+00,3.0269655711682755e+00,1.9705097404681735e+00,1.9705097404681735e+00,5.3091088119344576e+00,3.0269655711682755e+00,1.9705097404681735e+00,1.0217120771481851e+00,7.1976709812923856e+00,7.1976709812923856e+00,3.0269655711682755e+00,5.3091088119344576e+00,4.6723104893950769e+00,7.1976709812923856e+00,1.0217120771481851e+00,3.0269655711682755e+00,7.1976709812923856e+00,5.3091088119344576e+00,4.6723104893950769e+00,7.1976709812923856e+00,1.9705097404681735e+00,7.1976709812923856e+00,7.1976709812923856e+00,7.1976709812923856e+00,1.9705097404681735e+00,7.1976709812923856e+00,3.9844462083003944e+00,7.1976709812923856e+00,1.9705097404681735e+00,7.1976709812923856e+00,3.0269655711682755e+00,4.6723104893950769e+00,1.0217120771481851e+00,1.0217120771481851e+00,5.3091088119344576e+00,7.1976709812923856e+00,5.3091088119344576e+00,4.6723104893950769e+00,5.3091088119344576e+00,5.3091088119344576e+00,5.3091088119344576e+00,1.9705097404681735e+00,4.6723104893950769e+00,7.1976709812923856e+00,0.0000000000000000e+00,5.3091088119344576e+00,7.1976709812923856e+00,7.1976709812923856e+00,3.0269655711682755e+00,7.1976709812923856e+00,4.6723104893950769e+00,7.1976709812923856e+00,3.0269655711682755e+00,3.0269655711682755e+00,3.0269655711682755e+00,1.9705097404681735e+00,5.3091088119344576e+00,7.1976709812923856e+00,7.1976709812923856e+00,3.0269655711682755e+00,7.1976709812923856e+00,7.1976709812923856e+00,5.3091088119344576e+00,5.3091088119344576e+00,5.3091088119344576e+00,5.3091088119344576e+00,7.1976709812923856e+00,1.9705097404681735e+00,3.0269655711682755e+00,5.3091088119344576e+00,3.9844462083003944e+00,4.6723104893950769e+00,3.0269655711682755e+00,1.9705097404681735e+00,7.1976709812923856e+00,3.9844462083003944e+00,3.9844462083003944e+00,3.9844462083003944e+00,7.1976709812923856e+00,5.3091088119344576e+00,4.6723104893950769e+00,3.0269655711682755e+00,7.1976709812923856e+00,7.1976709812923856e+00,7.1976709812923856e+00,7.1976709812923856e+00,5.3091088119344576e+00,5.3091088119344576e+00,4.6723104893950769e+00,4.6723104893950769e+00,5.3091088119344576e+00,7.1976709812923856e+00,3.0269655711682755e+00,4.6723104893950769e+00,5.3091088119344576e+00,5.3091088119344576e+00,5.3091088119344576e+00,3.9844462083003944e+00,1.9705097404681735e+00,4.6723104893950769e+00,5.3091088119344576e+00,4.6723104893950769e+00,5.3091088119344576e+00,1.0217120771481851e+00,7.1976709812923856e+00,1.9705097404681735e+00,3.9844462083003944e+00,1.0217120771481851e+00,3.9844462083003944e+00,5.3091088119344576e+00,3.0269655711682755e+00,7.1976709812923856e+00,3.0269655711682755e+00,7.1976709812923856e+00,7.1976709812923856e+00,1.0217120771481851e+00,0.0000000000000000e+00,7.1976709812923856e+00,5.3091088119344576e+00,3.9844462083003944e+00,7.1976709812923856e+00,3.9844462083003944e+00,5.3091088119344576e+00,7.1976709812923856e+00,1.0217120771481851e+00,1.9705097404681735e+00,0.0000000000000000e+00,7.1976709812923856e+00,4.6723104893950769e+00,7.1976709812923856e+00,7.1976709812923856e+00,3.9844462083003944e+00,0.0000000000000000e+00,1.9705097404681735e+00,1.0217120771481851e+00,7.1976709812923856e+00,3.9844462083003944e+00,7.1976709812923856e+00,3.0269655711682755e+00,7.1976709812923856e+00,7.1976709812923856e+00,3.0269655711682755e+00,4.6723104893950769e+00,4.6723104893950769e+00,3.9844462083003944e+00,1.0217120771481851e+00,4.6723104893950769e+00,5.3091088119344576e+00,3.9844462083003944e+00,5.3091088119344576e+00,3.0269655711682755e+00,3.9844462083003944e+00,1.9705097404681735e+00,3.9844462083003944e+00,3.9844462083003944e+00,1.9705097404681735e+00,4.6723104893950769e+00,0.0000000000000000e+00,4.6723104893950769e+00,7.1976709812923856e+00,7.1976709812923856e+00,7.1976709812923856e+00,4.6723104893950769e+00,4.6723104893950769e+00,4.6723104893950769e+00,1.9705097404681735e+00,5.3091088119344576e+00,3.9844462083003944e+00,7.1976709812923856e+00,0.0000000000000000e+00,5.3091088119344576e+00,3.0269655711682755e+00,1.0217120771481851e+00,3.0269655711682755e+00,0.0000000000000000e+00,0.0000000000000000e+00,1.9705097404681735e+00,3.0269655711682755e+00,7.1976709812923856e+00,7.1976709812923856e+00,7.1976709812923856e+00,7.1976709812923856e+00,3.0269655711682755e+00,5.3091088119344576e+00,0.0000000000000000e+00,1.9705097404681735e+00,5.3091088119344576e+00,4.6723104893950769e+00,4.6723104893950769e+00,1.0217120771481851e+00,7.1976709812923856e+00,7.1976709812923856e+00,7.1976709812923856e+00,3.9844462083003944e+00,3.9844462083003944e+00,3.0269655711682755e+00,4.6723104893950769e+00,5.3091088119344576e+00,7.1976709812923856e+00,4.6723104893950769e+00,7.1976709812923856e+00,1.9705097404681735e+00,1.9705097404681735e+00,7.1976709812923856e+00,4.6723104893950769e+00,5.3091088119344576e+00,4.6723104893950769e+00,7.1976709812923856e+00,3.9844462083003944e+00,7.1976709812923856e+00,4.6723104893950769e+00,7.1976709812923856e+00,3.0269655711682755e+00,5.3091088119344576e+00,3.9844462083003944e+00,3.0269655711682755e+00,3.0269655711682755e+00,4.6723104893950769e+00,4.6723104893950769e+00,4.6723104893950769e+00,7.1976709812923856e+00,7.1976709812923856e+00,5.3091088119344576e+00,4.6723104893950769e+00,7.1976709812923856e+00,7.1976709812923856e+00,0.0000000000000000e+00,7.1976709812923856e+00,4.6723104893950769e+00,1.0217120771481851e+00,0.0000000000000000e+00,4.6723104893950769e+00,5.3091088119344576e+00,4.6723104893950769e+00,1.9705097404681735e+00,7.1976709812923856e+00,1.0217120771481851e+00,5.3091088119344576e+00,4.6723104893950769e+00,3.9844462083003944e+00,1.9705097404681735e+00,3.0269655711682755e+00,4.6723104893950769e+00,1.9705097404681735e+00,1.9705097404681735e+00,3.0269655711682755e+00,0.0000000000000000e+00,3.0269655711682755e+00,3.0269655711682755e+00,3.9844462083003944e+00,3.9844462083003944e+00,4.6723104893950769e+00,3.0269655711682755e+00,7.1976709812923856e+00,1.0217120771481851e+00,3.0269655711682755e+00,3.0269655711682755e+00,7.1976709812923856e+00,7.1976709812923856e+00,7.1976709812923856e+00,0.0000000000000000e+00,7.1976709812923856e+00,0.0000000000000000e+00,7.1976709812923856e+00,4.6723104893950769e+00,1.9705097404681735e+00,7.1976709812923856e+00,5.3091088119344576e+00,4.6723104893950769e+00,1.0217120771481851e+00,4.6723104893950769e+00,3.0269655711682755e+00,5.3091088119344576e+00,1.0217120771481851e+00,7.1976709812923856e+00,4.6723104893950769e+00,4.6723104893950769e+00,4.6723104893950769e+00,1.0217120771481851e+00,4.6723104893950769e+00,0.0000000000000000e+00,3.0269655711682755e+00,7.1976709812923856e+00,7.1976709812923856e+00,7.1976709812923856e+00,5.3091088119344576e+00,7.1976709812923856e+00,7.1976709812923856e+00,3.0269655711682755e+00,7.1976709812923856e+00,0.0000000000000000e+00,7.1976709812923856e+00,5.3091088119344576e+00,3.9844462083003944e+00,4.6723104893950769e+00,7.1976709812923856e+00,5.3091088119344576e+00,3.9844462083003944e+00,5.3091088119344576e+00,1.0217120771481851e+00,3.9844462083003944e+00,1.9705097404681735e+00,7.1976709812923856e+00,7.1976709812923856e+00,3.9844462083003944e+00,5.3091088119344576e+00,5.3091088119344576e+00,7.1976709812923856e+00,0.0000000000000000e+00,7.1976709812923856e+00,3.9844462083003944e+00,0.0000000000000000e+00,1.0217120771481851e+00,7.1976709812923856e+00,7.1976709812923856e+00,1.9705097404681735e+00,7.1976709812923856e+00,4.6723104893950769e+00,5.3091088119344576e+00,1.0217120771481851e+00,1.9705097404681735e+00,5.3091088119344576e+00,3.0269655711682755e+00,7.1976709812923856e+00,5.3091088119344576e+00,4.6723104893950769e+00,3.9844462083003944e+00,4.6723104893950769e+00,3.9844462083003944e+00,3.9844462083003944e+00,3.0269655711682755e+00,3.0269655711682755e+00,5.3091088119344576e+00,7.1976709812923856e+00,3.9844462083003944e+00,3.0269655711682755e+00,3.9844462083003944e+00,5.3091088119344576e+00,3.9844462083003944e+00,3.9844462083003944e+00,4.6723104893950769e+00,5.3091088119344576e+00,1.9705097404681735e+00,4.6723104893950769e+00,3.9844462083003944e+00,3.9844462083003944e+00,3.9844462083003944e+00,5.3091088119344576e+00,3.9844462083003944e+00,4.6723104893950769e+00,7.1976709812923856e+00,3.9844462083003944e+00,3.9844462083003944e+00,7.1976709812923856e+00,3.9844462083003944e+00,3.9844462083003944e+00,4.6723104893950769e+00,3.9844462083003944e+00,5.3091088119344576e+00,1.0217120771481851e+00,5.3091088119344576e+00,3.9844462083003944e+00,5.3091088119344576e+00,0.0000000000000000e+00,5.3091088119344576e+00,3.9844462083003944e+00,4.6723104893950769e+00,5.3091088119344576e+00,4.6723104893950769e+00,5.3091088119344576e+00,5.3091088119344576e+00,0.0000000000000000e+00,5.3091088119344576e+00,4.6723104893950769e+00,5.3091088119344576e+00,3.9844462083003944e+00,7.1976709812923856e+00,5.3091088119344576e+00,5.3091088119344576e+00,5.3091088119344576e+00,0.0000000000000000e+00,7.1976709812923856e+00,7.1976709812923856e+00,3.9844462083003944e+00,5.3091088119344576e+00,4.6723104893950769e+00,4.6723104893950769e+00,3.0269655711682755e+00,3.0269655711682755e+00,4.6723104893950769e+00,5.3091088119344576e+00,1.0217120771481851e+00,7.1976709812923856e+00,5.3091088119344576e+00,1.0217120771481851e+00,3.9844462083003944e+00,4.6723104893950769e+00,7.1976709812923856e+00,7.1976709812923856e+00,4.6723104893950769e+00,3.0269655711682755e+00,4.6723104893950769e+00,5.3091088119344576e+00,3.0269655711682755e+00,7.1976709812923856e+00,1.9705097404681735e+00,3.0269655711682755e+00,4.6723104893950769e+00,5.3091088119344576e+00,3.9844462083003944e+00,0.0000000000000000e+00,3.0269655711682755e+00,7.1976709812923856e+00,0.0000000000000000e+00,7.1976709812923856e+00,4.6723104893950769e+00,5.3091088119344576e+00,3.0269655711682755e+00,7.1976709812923856e+00,5.3091088119344576e+00,4.6723104893950769e+00,7.1976709812923856e+00,4.6723104893950769e+00,7.1976709812923856e+00,3.0269655711682755e+00,3.0269655711682755e+00,0.0000000000000000e+00
1.8710675074237644e+00,1.8710675074237644e+00,1.8710675074237644e+00,1.8710675074237644e+00,6.4050778597545053e+00,1.8710675074237644e+00,3.6845771682061867e+00,4.4241250574397348e+00,0.0000000000000000e+00,6.4050778597545053e+00,4.4241250574397348e+00,6.4050778597545053e+00,6.4050778597545053e+00,4.4241250574397348e+00,4.4241250574397348e+00,8.7842730236157740e-01,6.4050778597545053e+00,1.8710675074237644e+00,3.6845771682061867e+00,6.4050778597545053e+00,3.6845771682061867e+00,3.1415489974428894e+00,8.7842730236157740e-01,4.4241250574397348e+00,4.4241250574397348e+00,6.4050778597545053e+00,8.7842730236157740e-01,6.4050778597545053e+00,6.4050778597545053e+00,6.4050778597545053e+00,3.6845771682061867e+00,6.4050778597545053e+00,3.6845771682061867e+00,0.0000000000000000e+00,4.4241250574397348e+00,6.4050778597545053e+00,3.1415489974428894e+00,6.4050778597545053e+00,6.4050778597545053e+00,3.6845771682061867e+00,6.4050778597545053e+00,6.4050778597545053e+00,0.0000000000000000e+00,1.8710675074237644e+00,3.6845771682061867e+00,1.8710675074237644e+00,5.6517058834451337e+00,6.4050778597545053e+00,5.6517058834451337e+00,0.0000000000000000e+00,0.0000000000000000e+00,8.7842730236157740e-01,0.0000000000000000e+00,6.4050778597545053e+00,6.4050778597545053e+00,6.4050778597545053e+00,6.4050778597545053e+00,5.6517058834451337e+00,6.4050778597545053e+00,8.7842730236157740e-01,0.0000000000000000e+00,5.6517058834451337e+00,5.6517058834451337e+00,5.6517058834451337e+00,5.6517058834451337e+00,5.6517058834451337e+00,5.6517058834451337e+00,1.8710675074237644e+00,8.7842730236157740e-01,3.6845771682061867e+00,1.8710675074237644e+00,6.4050778597545053e+00,5.6517058834451337e+00,3.6845771682061867e+00,3.6845771682061867e+00,5.6517058834451337e+00,1.8710675074237644e+00,6.4050778597545053e+00,0.0000000000000000e+00,5.6517058834451337e+00,3.1415489974428894e+00,5.6517058834451337e+00,5.6517058834451337e+00,8.7842730236157740e-01,5.6517058834451337e+00,6.4050778597545053e+00,6.4050778597545053e+00,6.4050778597545053e+00,5.6517058834451337e+00,3.1415489974428894e+00,1.8710675074237644e+00,3.6845771682061867e+00,0.0000000000000000e+00,4.4241250574397348e+00,4.4241250574397348e+00,6.4050778597545053e+00,5.6517058834451337e+00,5.6517058834451337e+00,5.6517058834451337e+00,5.6517058834451337e+00,6.4050778597545053e+00,4.4241250574397348e+00,0.0000000000000000e+00,1.8710675074237644e+00,6.4050778597545053e+00,0.0000000000000000e+00,0.0000000000000000e+00,6.4050778597545053e+00,6.4050778597545053e+00,6.4050778597545053e+00,6.4050778597545053e+00,8.7842730236157740e-01,8.7842730236157740e-01,4.4241250574397348e+00,3.1415489974428894e+00,6.4050778597545053e+00,6.4050778597545053e+00,1.8710675074237644e+00,1.8710675074237644e+00,5.6517058834451337e+00,1.8710675074237644e+00,5.6517058834451337e+00,5.6517058834451337e+00,6.4050778597545053e+00,3.6845771682061867e+00,3.6845771682061867e+00,6.4050778597545053e+00,8.7842730236157740e-01,1.8710675074237644e+00,0.0000000000000000e+00,6.4050778597545053e+00,5.6517058834451337e+00,4.4241250574397348e+00,6.4050778597545053e+00,6.4050778597545053e+00,1.8710675074237644e+00,4.4241250574397348e+00,6.4050778597545053e+00,6.4050778597545053e+00,5.6517058834451337e+00,6.4050778597545053e+00,6.4050778597545053e+00,8.7842730236157740e-01,6.4050778597545053e+00,4.4241250574397348e+00,6.4050778597545053e+00,6.4050778597545053e+00,8.7842730236157740e-01,4.4241250574397348e+00,5.6517058834451337e+00,5.6517058834451337e+00,4.4241250574397348e+00,5.6517058834451337e+00,5.6517058834451337e+00,4.4241250574397348e+00,3.1415489974428894e+00,5.6517058834451337e+00,3.1415489974428894e+00,5.6517058834451337e+00,4.4241250574397348e+00,4.4241250574397348e+00,5.6517058834451337e+00,5.6517058834451337e+00,5.6517058834451337e+00,6.4050778597545053e+00,5.6517058834451337e+00,6.4050778597545053e+00,5.6517058834451337e+00,3.6845771682061867e+00,3.6845771682061867e+00,5.6517058834451337e+00,3.6845771682061867e+00,5.6517058834451337e+00,5.6517058834451337e+00,6.4050778597545053e+00,4.4241250574397348e+00,3.6845771682061867e+00,5.6517058834451337e+00,4.4241250574397348e+00,0.0000000000000000e+00,4.4241250574397348e+00,1.8710675074237644e+00,6.4050778597545053e+00,5.6517058834451337e+00,3.6845771682061867e+00,8.7842730236157740e-01,5.6517058834451337e+00,6.4050778597545053e+00,5.6517058834451337e+00,6.4050778597545053e+00,6.4050778597545053e+00,5.6517058834451337e+00,5.6517058834451337e+00,6.4050778597545053e+00,6.4050778597545053e+00,6.4050778597545053e+00,5.6517058834451337e+00,5.6517058834451337e+00,5.6517058834451337e+00,3.6845771682061867e+00,3.6845771682061867e+00,8.7842730236157740e-01,3.6845771682061867e+00,6.4050778597545053e+00,6.4050778597545053e+00,0.0000000000000000e+00,5.6517058834451337e+00,5.6517058834451337e+00,3.6845771682061867e+00,5.6517058834451337e+00,5.6517058834451337e+00,0.0000000000000000e+00,5.6517058834451337e+00,5.6517058834451337e+00,0.0000000000000000e+00,6.4050778597545053e+00,5.6517058834451337e+00,1.8710675074237644e+00,5.6517058834451337e+00,4.4241250574397348e+00,5.6517058834451337e+00,5.6517058834451337e+00,4.4241250574397348e+00,4.4241250574397348e+00,5.6517058834451337e+00,4.4241250574397348e+00,6.4050778597545053e+00,6.4050778597545053e+00,6.4050778597545053e+00,0.0000000000000000e+00,5.6517058834451337e+00,5.6517058834451337e+00,5.6517058834451337e+00,5.6517058834451337e+00,5.6517058834451337e+00,5.6517058834451337e+00,4.4241250574397348e+00,5.6517058834451337e+00,5.6517058834451337e+00,4.4241250574397348e+00,0.0000000000000000e+00,1.8710675074237644e+00,3.6845771682061867e+00,6.4050778597545053e+00,6.4050778597545053e+00,3.1415489974428894e+00,5.6517058834451337e+00,8.7842730236157740e-01,0.0000000000000000e+00,1.8710675074237644e+00,5.6517058834451337e+00,0.0000000000000000e+00,6.4050778597545053e+00,4.4241250574397348e+00,4.4241250574397348e+00,6.4050778597545053e+00,6.4050778597545053e+00,1.8710675074237644e+00,0.0000000000000000e+00,6.4050778597545053e+00,1.8710675074237644e+00,3.6845771682061867e+00,6.4050778597545053e+00,8.7842730236157740e-01,3.6845771682061867e+00,4.4241250574397348e+00,3.1415489974428894e+00,3.6845771682061867e+00,4.4241250574397348e+00,8.7842730236157740e-01,6.4050778597545053e+00,8.7842730236157740e-01,5.6517058834451337e+00,5.6517058834451337e+00,6.4050778597545053e+00,0.0000000000000000e+00,5.6517058834451337e+00,6.4050778597545053e+00,6.4050778597545053e+00,3.6845771682061867e+00,6.4050778597545053e+00,8.7842730236157740e-01,5.6517058834451337e+00,1.8710675074237644e+00,8.7842730236157740e-01,5.6517058834451337e+00,0.0000000000000000e+00,1.8710675074237644e+00,6.4050778597545053e+00,6.4050778597545053e+00,6.4050778597545053e+00,6.4050778597545053e+00,1.8710675074237644e+00,6.4050778597545053e+00,8.7842730236157740e-01,6.4050778597545053e+00,6.4050778597545053e+00,6.4050778597545053e+00,6.4050778597545053e+00,6.4050778597545053e+00,1.8710675074237644e+00,3.6845771682061867e+00,5.6517058834451337e+00,6.4050778597545053e+00,6.4050778597545053e+00,6.4050778597545053e+00,6.4050778597545053e+00,8.7842730236157740e-01,6.4050778597545053e+00,3.6845771682061867e+00,3.1415489974428894e+00,5.6517058834451337e+00,4.4241250574397348e+00,6.4050778597545053e+00,1.8710675074237644e+00,0.0000000000000000e+00,6.4050778597545053e+00,6.4050778597545053e+00,6.4050778597545053e+00,0.0000000000000000e+00,1.8710675074237644e+00,6.4050778597545053e+00,6.4050778597545053e+00,3.1415489974428894e+00,6.4050778597545053e+00,5.6517058834451337e+00,1.8710675074237644e+00,1.8710675074237644e+00,5.6517058834451337e+00,0.0000000000000000e+00,8.7842730236157740e-01,3.6845771682061867e+00,6.4050778597545053e+00,6.4050778597545053e+00,1.8710675074237644e+00,5.6517058834451337e+00,1.8710675074237644e+00,1.8710675074237644e+00,6.4050778597545053e+00,3.1415489974428894e+00,1.8710675074237644e+00,4.4241250574397348e+00,1.8710675074237644e+00,6.4050778597545053e+00,0.0000000000000000e+00,6.4050778597545053e+00,6.4050778597545053e+00,4.4241250574397348e+00,5.6517058834451337e+00,5.6517058834451337e+00,6.4050778597545053e+00,6.4050778597545053e+00,6.4050778597545053e+00,5.6517058834451337e+00,5.6517058834451337e+00,3.1415489974428894e+00,6.4050778597545053e+00,5.6517058834451337e+00,0.0000000000000000e+00,3.1415489974428894e+00,6.4050778597545053e+00,5.6517058834451337e+00,6.4050778597545053e+00,5.6517058834451337e+00,1.8710675074237644e+00,5.6517058834451337e+00,5.6517058834451337e+00,0.0000000000000000e+00,5.6517058834451337e+00,3.1415489974428894e+00,5.6517058834451337e+00,3.1415489974428894e+00,3.6845771682061867e+00,4.4241250574397348e+00,6.4050778597545053e+00,4.4241250574397348e+00,3.1415489974428894e+00,3.1415489974428894e+00,4.4241250574397348e+00,1.8710675074237644e+00,6.4050778597545053e+00,5.6517058834451337e+00,5.6517058834451337e+00,8.7842730236157740e-01,4.4241250574397348e+00,5.6517058834451337e+00,0.0000000000000000e+00,3.1415489974428894e+00,0.0000000000000000e+00,6.4050778597545053e+00,6.4050778597545053e+00,8.7842730236157740e-01,6.4050778597545053e+00,4.4241250574397348e+00,8.7842730236157740e-01,4.4241250574397348e+00,3.1415489974428894e+00,3.1415489974428894e+00,6.4050778597545053e+00,3.1415489974428894e+00,1.8710675074237644e+00,1.8710675074237644e+00,5.6517058834451337e+00,6.4050778597545053e+00,0.0000000000000000e+00,3.6845771682061867e+00,3.1415489974428894e+00,3.1415489974428894e+00,6.4050778597545053e+00,6.4050778597545053e+00,6.4050778597545053e+00,3.6845771682061867e+00,6.4050778597545053e+00,3.6845771682061867e+00,8.7842730236157740e-01,6.4050778597545053e+00,6.4050778597545053e+00,3.1415489974428894e+00,5.6517058834451337e+00,4.4241250574397348e+00,5.6517058834451337e+00,4.4241250574397348e+00,0.0000000000000000e+00,4.4241250574397348e+00,6.4050778597545053e+00,4.4241250574397348e+00,3.1415489974428894e+00,5.6517058834451337e+00,5.6517058834451337e+00,0.0000000000000000e+00,1.8710675074237644e+00,6.4050778597545053e+00,6.4050778597545053e+00,5.6517058834451337e+00,5.6517058834451337e+00,3.1415489974428894e+00,6.4050778597545053e+00,3.1415489974428894e+00,3.1415489974428894e+00,6.4050778597545053e+00,3.6845771682061867e+00,6.4050778597545053e+00,3.1415489974428894e+00,5.6517058834451337e+00,5.6517058834451337e+00,6.4050778597545053e+00,5.6517058834451337e+00,5.6517058834451337e+00,5.6517058834451337e+00,5.6517058834451337e+00,3.6845771682061867e+00,3.1415489974428894e+00,8.7842730236157740e-01,6.4050778597545053e+00,6.4050778597545053e+00,8.7842730236157740e-01,8.7842730236157740e-01,4.4241250574397348e+00,0.0000000000000000e+00,6.4050778597545053e+00,4.4241250574397348e+00,1.8710675074237644e+00,8.7842730236157740e-01,5.6517058834451337e+00,5.6517058834451337e+00,4.4241250574397348e+00,5.6517058834451337e+00,3.6845771682061867e+00,3.1415489974428894e+00,5.6517058834451337e+00,3.1415489974428894e+00,3.6845771682061867e+00,3.6845771682061867e+00,6.4050778597545053e+00,4.4241250574397348e+00,1.8710675074237644e+00,6.4050778597545053e+00,8.7842730236157740e-01,8.7842730236157740e-01,0.0000000000000000e+00,6.4050778597545053e+00,3.6845771682061867e+00,6.4050778597545053e+00,5.6517058834451337e+00,3.6845771682061867e+00,3.6845771682061867e+00,3.6845771682061867e+00,6.4050778597545053e+00,1.8710675074237644e+00,3.6845771682061867e+00,6.4050778597545053e+00,6.4050778597545053e+00,6.4050778597545053e+00,3.6845771682061867e+00,1.8710675074237644e+00,1.8710675074237644e+00,4.4241250574397348e+00,3.6845771682061867e+00,6.4050778597545053e+00,1.8710675074237644e+00,4.4241250574397348e+00,8.7842730236157740e-01,5.6517058834451337e+00,3.1415489974428894e+00,6.4050778597545053e+00,3.1415489974428894e+00,6.4050778597545053e+00,4.4241250574397348e+00,4.4241250574397348e+00,6.4050778597545053e+00,4.4241250574397348e+00,3.1415489974428894e+00,3.1415489974428894e+00,6.4050778597545053e+00,4.4241250574397348e+00,5.6517058834451337e+00,6.4050778597545053e+00,8.7842730236157740e-01,0.0000000000000000e+00,1.8710675074237644e+00,6.4050778597545053e+00,0.0000000000000000e+00,8.7842730236157740e-01,6.4050778597545053e+00,6.4050778597545053e+00,5.6517058834451337e+00,8.7842730236157740e-01,3.1415489974428894e+00,5.6517058834451337e+00,4.4241250574397348e+00,8.7842730236157740e-01,6.4050778597545053e+00,0.0000000000000000e+00,6.4050778597545053e+00,8.7842730236157740e-01,6.4050778597545053e+00,3.1415489974428894e+00,1.8710675074237644e+00,0.0000000000000000e+00,5.6517058834451337e+00,5.6517058834451337e+00,8.7842730236157740e-01,3.6845771682061867e+00,6.4050778597545053e+00,1.8710675074237644e+00,4.4241250574397348e+00,6.4050778597545053e+00,5.6517058834451337e+00,3.6845771682061867e+00,5.6517058834451337e+00,5.6517058834451337e+00,5.6517058834451337e+00,0.0000000000000000e+00,0.0000000000000000e+00,6.4050778597545053e+00,5.6517058834451337e+00,0.0000000000000000e+00,0.0000000000000000e+00,3.1415489974428894e+00,5.6517058834451337e+00,8.7842730236157740e-01,3.1415489974428894e+00,8.7842730236157740e-01,5.6517058834451337e+00,4.4241250574397348e+00,4.4241250574397348e+00,1.8710675074237644e+00,3.1415489974428894e+00,6.4050778597545053e+00,3.1415489974428894e+00,6.4050778597545053e+00,4.4241250574397348e+00,6.4050778597545053e+00,1.8710675074237644e+00,0.0000000000000000e+00,3.1415489974428894e+00,3.1415489974428894e+00,6.4050778597545053e+00,6.4050778597545053e+00,5.6517058834451337e+00,6.4050778597545053e+00,4.4241250574397348e+00,6.4050778597545053e+00,6.4050778597545053e+00,5.6517058834451337e+00,3.1415489974428894e+00,3.1415489974428894e+00,1.8710675074237644e+00,6.4050778597545053e+00,3.1415489974428894e+00,3.6845771682061867e+00,3.1415489974428894e+00,6.4050778597545053e+00,6.4050778597545053e+00,6.4050778597545053e+00,3.1415489974428894e+00,5.6517058834451337e+00,4.4241250574397348e+00,3.1415489974428894e+00,6.4050778597545053e+00,6.4050778597545053e+00,6.4050778597545053e+00,6.4050778597545053e+00,6.4050778597545053e+00,1.8710675074237644e+00,5.6517058834451337e+00,6.4050778597545053e+00,1.8710675074237644e+00,6.4050778597545053e+00,6.4050778597545053e+00,6.4050778597545053e+00,1.8710675074237644e+00,6.4050778597545053e+00,6.4050778597545053e+00,6.4050778597545053e+00,6.4050778597545053e+00,8.7842730236157740e-01,6.4050778597545053e+00,6.4050778597545053e+00,6.4050778597545053e+00,8.7842730236157740e-01,3.6845771682061867e+00,6.4050778597545053e+00,4.4241250574397348e+00,4.4241250574397348e+00,5.6517058834451337e+00,4.4241250574397348e+00,6.4050778597545053e+00,5.6517058834451337e+00,6.4050778597545053e+00,1.8710675074237644e+00,3.1415489974428894e+00,5.6517058834451337e+00,6.4050778597545053e+00,6.4050778597545053e+00,1.8710675074237644e+00,6.4050778597545053e+00,5.6517058834451337e+00,4.4241250574397348e+00,4.4241250574397348e+00,5.6517058834451337e+00,6.4050778597545053e+00,5.6517058834451337e+00,5.6517058834451337e+00,6.4050778597545053e+00,5.6517058834451337e+00,6.4050778597545053e+00,1.8710675074237644e+00,3.6845771682061867e+00,6.4050778597545053e+00,3.1415489974428894e+00,6.4050778597545053e+00,6.4050778597545053e+00,6.4050778597545053e+00,6.4050778597545053e+00,8.7842730236157740e-01,6.4050778597545053e+00,6.4050778597545053e+00,6.4050778597545053e+00,5.6517058834451337e+00,6.4050778597545053e+00,6.4050778597545053e+00,1.8710675074237644e+00,3.1415489974428894e+00,6.4050778597545053e+00,5.6517058834451337e+00,3.1415489974428894e+00,3.6845771682061867e+00,4.4241250574397348e+00,5.6517058834451337e+00,4.4241250574397348e+00,1.8710675074237644e+00,0.0000000000000000e+00,6.4050778597545053e+00,8.7842730236157740e-01,3.6845771682061867e+00,1.8710675074237644e+00,3.1415489974428894e+00,8.7842730236157740e-01,3.6845771682061867e+00,6.4050778597545053e+00,4.4241250574397348e+00,4.4241250574397348e+00,3.1415489974428894e+00,3.6845771682061867e+00,6.4050778597545053e+00,6.4050778597545053e+00,6.4050778597545053e+00,8.7842730236157740e-01,4.4241250574397348e+00,6.4050778597545053e+00,3.1415489974428894e+00,5.6517058834451337e+00,3.1415489974428894e+00,3.6845771682061867e+00,4.4241250574397348e+00,6.4050778597545053e+00,0.0000000000000000e+00,5.6517058834451337e+00,4.4241250574397348e+00,0.0000000000000000e+00,5.6517058834451337e+00,3.1415489974428894e+00,0.0000000000000000e+00,6.4050778597545053e+00,6.4050778597545053e+00,6.4050778597545053e+00,4.4241250574397348e+00,8.7842730236157740e-01,5.6517058834451337e+00,5.6517058834451337e+00,3.1415489974428894e+00,8.7842730236157740e-01,5.6517058834451337e+00,1.8710675074237644e+00,0.0000000000000000e+00,8.7842730236157740e-01,1.8710675074237644e+00,3.6845771682061867e+00,4.4241250574397348e+00,3.6845771682061867e+00,8.7842730236157740e-01,4.4241250574397348e+00,4.4241250574397348e+00,3.1415489974428894e+00,3.1415489974428894e+00,4.4241250574397348e+00,3.6845771682061867e+00,3.6845771682061867e+00,5.6517058834451337e+00,8.7842730236157740e-01,3.1415489974428894e+00,5.6517058834451337e+00,5.6517058834451337e+00,6.4050778597545053e+00,5.6517058834451337e+00,6.4050778597545053e+00,0.0000000000000000e+00,8.7842730236157740e-01,5.6517058834451337e+00,4.4241250574397348e+00,4.4241250574397348e+00,1.8710675074237644e+00,4.4241250574397348e+00,4.4241250574397348e+00,6.4050778597545053e+00,1.8710675074237644e+00,5.6517058834451337e+00,5.6517058834451337e+00,5.6517058834451337e+00,5.6517058834451337e+00,5.6517058834451337e+00,4.4241250574397348e+00,4.4241250574397348e+00,5.6517058834451337e+00,6.4050778597545053e+00,6.4050778597545053e+00,1.8710675074237644e+00,3.1415489974428894e+00,3.1415489974428894e+00,4.4241250574397348e+00,3.6845771682061867e+00,3.6845771682061867e+00,1.8710675074237644e+00,6.4050778597545053e+00,4.4241250574397348e+00,5.6517058834451337e+00,6.4050778597545053e+00,6.4050778597545053e+00,1.8710675074237644e+00,4.4241250574397348e+00,4.4241250574397348e+00,5.6517058834451337e+00,5.6517058834451337e+00,5.6517058834451337e+00,3.1415489974428894e+00,3.1415489974428894e+00,0.0000000000000000e+00,5.6517058834451337e+00,6.4050778597545053e+00,6.4050778597545053e+00,6.4050778597545053e+00,6.4050778597545053e+00,5.6517058834451337e+00,3.6845771682061867e+00,6.4050778597545053e+00,3.6845771682061867e+00,6.4050778597545053e+00,6.4050778597545053e+00,1.8710675074237644e+00,4.4241250574397348e+00,4.4241250574397348e+00,0.0000000000000000e+00,6.4050778597545053e+00,0.0000000000000000e+00,3.6845771682061867e+00,3.1415489974428894e+00,1.8710675074237644e+00,3.6845771682061867e+00,3.1415489974428894e+00,3.1415489974428894e+00,8.7842730236157740e-01,0.0000000000000000e+00,3.6845771682061867e+00,3.1415489974428894e+00,3.6845771682061867e+00,6.4050778597545053e+00,6.4050778597545053e+00,5.6517058834451337e+00,5.6517058834451337e+00,3.6845771682061867e+00,3.1415489974428894e+00,3.6845771682061867e+00,5.6517058834451337e+00,6.4050778597545053e+00,5.6517058834451337e+00,6.4050778597545053e+00,6.4050778597545053e+00,3.1415489974428894e+00,4.4241250574397348e+00,0.0000000000000000e+00,6.4050778597545053e+00,3.1415489974428894e+00,0.0000000000000000e+00,8.7842730236157740e-01,0.0000000000000000e+00,3.1415489974428894e+00,6.4050778597545053e+00,3.1415489974428894e+00,5.6517058834451337e+00,3.1415489974428894e+00,6.4050778597545053e+00,1.8710675074237644e+00,4.4241250574397348e+00,3.6845771682061867e+00,3.1415489974428894e+00,5.6517058834451337e+00,5.6517058834451337e+00,3.6845771682061867e+00,3.6845771682061867e+00,3.6845771682061867e+00,6.4050778597545053e+00,5.6517058834451337e+00,5.6517058834451337e+00,3.6845771682061867e+00,3.1415489974428894e+00,6.4050778597545053e+00,6.4050778597545053e+00,5.6517058834451337e+00,5.6517058834451337e+00,5.6517058834451337e+00,4.4241250574397348e+00,8.7842730236157740e-01,5.6517058834451337e+00,4.4241250574397348e+00,5.6517058834451337e+00,3.6845771682061867e+00,3.1415489974428894e+00,4.4241250574397348e+00,1.8710675074237644e+00,5.6517058834451337e+00,3.6845771682061867e+00,5.6517058834451337e+00,4.4241250574397348e+00,5.6517058834451337e+00,1.8710675074237644e+00,3.6845771682061867e+00,1.8710675074237644e+00,5.6517058834451337e+00,3.1415489974428894e+00,8.7842730236157740e-01,3.1415489974428894e+00,6.4050778597545053e+00,1.8710675074237644e+00,1.8710675074237644e+00,0.0000000000000000e+00,4.4241250574397348e+00,0.0000000000000000e+00,8.7842730236157740e-01,3.6845771682061867e+00,3.6845771682061867e+00,5.6517058834451337e+00,3.6845771682061867e+00,1.8710675074237644e+00,5.6517058834451337e+00,6.4050778597545053e+00,3.6845771682061867e+00,0.0000000000000000e+00,4.4241250574397348e+00,5.6517058834451337e+00,6.4050778597545053e+00,6.4050778597545053e+00,8.7842730236157740e-01,5.6517058834451337e+00,5.6517058834451337e+00,4.4241250574397348e+00,6.4050778597545053e+00,4.4241250574397348e+00,4.4241250574397348e+00,3.6845771682061867e+00,5.6517058834451337e+00,1.8710675074237644e+00,5.6517058834451337e+00,4.4241250574397348e+00,6.4050778597545053e+00,4.4241250574397348e+00,3.6845771682061867e+00,6.4050778597545053e+00,4.4241250574397348e+00,5.6517058834451337e+00,3.1415489974428894e+00,4.4241250574397348e+00,0.0000000000000000e+00,4.4241250574397348e+00,1.8710675074237644e+00,6.4050778597545053e+00,0.0000000000000000e+00,3.1415489974428894e+00,4.4241250574397348e+00,6.4050778597545053e+00,4.4241250574397348e+00,4.4241250574397348e+00,3.1415489974428894e+00,0.0000000000000000e+00,6.4050778597545053e+00,4.4241250574397348e+00,4.4241250574397348e+00,4.4241250574397348e+00,6.4050778597545053e+00,6.4050778597545053e+00,6.4050778597545053e+00,6.4050778597545053e+00,6.4050778597545053e+00,6.4050778597545053e+00,8.7842730236157740e-01,8.7842730236157740e-01,8.7842730236157740e-01,6.4050778597545053e+00,1.8710675074237644e+00,6.4050778597545053e+00,5.6517058834451337e+00,6.4050778597545053e+00,0.0000000000000000e+00,6.4050778597545053e+00,0.0000000000000000e+00,3.1415489974428894e+00,4.4241250574397348e+00,4.4241250574397348e+00,6.4050778597545053e+00,4.4241250574397348e+00,6.4050778597545053e+00,1.8710675074237644e+00,5.6517058834451337e+00,3.6845771682061867e+00,6.4050778597545053e+00,4.4241250574397348e+00,5.6517058834451337e+00,5.6517058834451337e+00,0.0000000000000000e+00,6.4050778597545053e+00,4.4241250574397348e+00,3.6845771682061867e+00,5.6517058834451337e+00,1.8710675074237644e+00,5.6517058834451337e+00,4.4241250574397348e+00,4.4241250574397348e+00,5.6517058834451337e+00,4.4241250574397348e+00,5.6517058834451337e+00,4.4241250574397348e+00,4.4241250574397348e+00,0.0000000000000000e+00,8.7842730236157740e-01,8.7842730236157740e-01,6.4050778597545053e+00,4.4241250574397348e+00,3.6845771682061867e+00,8.7842730236157740e-01,3.1415489974428894e+00,6.4050778597545053e+00,6.4050778597545053e+00,5.6517058834451337e+00,1.8710675074237644e+00,6.4050778597545053e+00,4.4241250574397348e+00,3.1415489974428894e+00,3.1415489974428894e+00,0.0000000000000000e+00,3.6845771682061867e+00,6.4050778597545053e+00,6.4050778597545053e+00,6.4050778597545053e+00,4.4241250574397348e+00,6.4050778597545053e+00,4.4241250574397348e+00,3.1415489974428894e+00,3.1415489974428894e+00,4.4241250574397348e+00,0.0000000000000000e+00
6.0546351012628703e+00,6.0546351012628703e+00,6.0546351012628703e+00,1.9353549506698107e+00,4.8085867306042758e+00,6.0546351012628703e+00,1.9353549506698107e+00,6.0546351012628703e+00,4.8085867306042758e+00,4.8085867306042758e+00,6.2429542557509814e+00,6.2429542557509814e+00,4.8085867306042758e+00,6.2429542557509814e+00,6.2429542557509814e+00,9.8091395421645533e-01,6.2429542557509814e+00,6.2429542557509814e+00,6.2429542557509814e+00,6.2429542557509814e+00,1.9353549506698107e+00,6.2429542557509814e+00,4.0291342875512877e+00,9.8091395421645533e-01,4.0291342875512877e+00,4.0291342875512877e+00,4.0291342875512877e+00,4.0291342875512877e+00,3.1637274491288503e+00,4.0291342875512877e+00,1.9353549506698107e+00,6.2429542557509814e+00,4.8085867306042758e+00,4.0291342875512877e+00,6.2429542557509814e+00,6.2429542557509814e+00,6.2429542557509814e+00,4.0291342875512877e+00,1.9353549506698107e+00,4.8085867306042758e+00,1.9353549506698107e+00,0.0000000000000000e+00,6.0546351012628703e+00,4.8085867306042758e+00,0.0000000000000000e+00,4.0291342875512877e+00,4.8085867306042758e+00,4.8085867306042758e+00,4.0291342875512877e+00,4.0291342875512877e+00,3.1637274491288503e+00,0.0000000000000000e+00,6.0546351012628703e+00,1.9353549506698107e+00,6.0546351012628703e+00,4.0291342875512877e+00,3.1637274491288503e+00,4.0291342875512877e+00,4.8085867306042758e+00,1.9353549506698107e+00,6.2429542557509814e+00,6.2429542557509814e+00,6.2429542557509814e+00,6.0546351012628703e+00,9.8091395421645533e-01,4.8085867306042758e+00,1.9353549506698107e+00,4.8085867306042758e+00,6.2429542557509814e+00,0.0000000000000000e+00,4.8085867306042758e+00,6.2429542557509814e+00,4.8085867306042758e+00,4.8085867306042758e+00,6.0546351012628703e+00,6.0546351012628703e+00,4.8085867306042758e+00,6.0546351012628703e+00,9.8091395421645533e-01,6.0546351012628703e+00,4.8085867306042758e+00,6.2429542557509814e+00,6.2429542557509814e+00,3.1637274491288503e+00,3.1637274491288503e+00,6.0546351012628703e+00,6.0546351012628703e+00,4.8085867306042758e+00,6.2429542557509814e+00,6.2429542557509814e+00,3.1637274491288503e+00,3.1637274491288503e+00,3.1637274491288503e+00,4.8085867306042758e+00,4.0291342875512877e+00,3.1637274491288503e+00,3.1637274491288503e+00,6.2429542557509814e+00,6.2429542557509814e+00,6.0546351012628703e+00,4.8085867306042758e+00,6.2429542557509814e+00,1.9353549506698107e+00,6.0546351012628703e+00,4.0291342875512877e+00,6.2429542557509814e+00,9.8091395421645533e-01,6.0546351012628703e+00,6.2429542557509814e+00,6.2429542557509814e+00,6.2429542557509814e+00,4.8085867306042758e+00,4.8085867306042758e+00,6.0546351012628703e+00,6.0546351012628703e+00,6.2429542557509814e+00,6.2429542557509814e+00,6.2429542557509814e+00,6.2429542557509814e+00,9.8091395421645533e-01,6.2429542557509814e+00,9.8091395421645533e-01,9.8091395421645533e-01,4.8085867306042758e+00,9.8091395421645533e-01,0.0000000000000000e+00,6.2429542557509814e+00,6.0546351012628703e+00,4.8085867306042758e+00,6.2429542557509814e+00,9.8091395421645533e-01,4.0291342875512877e+00,4.0291342875512877e+00,6.2429542557509814e+00,9.8091395421645533e-01,9.8091395421645533e-01,6.2429542557509814e+00,6.2429542557509814e+00,6.2429542557509814e+00,6.2429542557509814e+00,6.2429542557509814e+00,3.1637274491288503e+00,6.2429542557509814e+00,6.2429542557509814e+00,6.2429542557509814e+00,6.2429542557509814e+00,4.8085867306042758e+00,4.8085867306042758e+00,6.0546351012628703e+00,9.8091395421645533e-01,6.2429542557509814e+00,0.0000000000000000e+00,4.0291342875512877e+00,4.8085867306042758e+00,6.0546351012628703e+00,4.0291342875512877e+00,4.0291342875512877e+00,4.0291342875512877e+00,0.0000000000000000e+00,4.8085867306042758e+00,1.9353549506698107e+00,6.0546351012628703e+00,6.2429542557509814e+00,0.0000000000000000e+00,6.2429542557509814e+00,6.0546351012628703e+00,6.2429542557509814e+00,6.0546351012628703e+00,0.0000000000000000e+00,6.2429542557509814e+00,4.8085867306042758e+00,9.8091395421645533e-01,6.2429542557509814e+00,1.9353549506698107e+00,6.0546351012628703e+00,6.2429542557509814e+00,6.2429542557509814e+00,4.8085867306042758e+00,4.8085867306042758e+00,9.8091395421645533e-01,6.2429542557509814e+00,6.0546351012628703e+00,9.8091395421645533e-01,6.2429542557509814e+00,0.0000000000000000e+00,4.0291342875512877e+00,6.0546351012628703e+00,9.8091395421645533e-01,0.0000000000000000e+00,6.0546351012628703e+00,6.0546351012628703e+00,4.0291342875512877e+00,3.1637274491288503e+00,4.8085867306042758e+00,6.2429542557509814e+00,4.8085867306042758e+00,6.0546351012628703e+00,9.8091395421645533e-01,4.0291342875512877e+00,0.0000000000000000e+00,6.0546351012628703e+00,6.0546351012628703e+00,6.0546351012628703e+00,4.0291342875512877e+00,6.0546351012628703e+00,6.0546351012628703e+00,6.0546351012628703e+00,6.0546351012628703e+00,1.9353549506698107e+00,6.0546351012628703e+00,6.0546351012628703e+00,6.2429542557509814e+00,4.8085867306042758e+00,4.0291342875512877e+00,6.0546351012628703e+00,4.8085867306042758e+00,4.8085867306042758e+00,6.0546351012628703e+00,3.1637274491288503e+00,6.2429542557509814e+00,4.8085867306042758e+00,4.0291342875512877e+00,4.0291342875512877e+00,9.8091395421645533e-01,4.8085867306042758e+00,3.1637274491288503e+00,4.0291342875512877e+00,6.2429542557509814e+00,6.0546351012628703e+00,3.1637274491288503e+00,6.0546351012628703e+00,9.8091395421645533e-01,3.1637274491288503e+00,0.0000000000000000e+00,4.8085867306042758e+00,6.0546351012628703e+00,0.0000000000000000e+00,0.0000000000000000e+00,6.2429542557509814e+00,4.8085867306042758e+00,0.0000000000000000e+00,6.2429542557509814e+00,6.2429542557509814e+00,6.2429542557509814e+00,3.1637274491288503e+00,4.0291342875512877e+00,4.8085867306042758e+00,9.8091395421645533e-01,6.2429542557509814e+00,4.0291342875512877e+00,6.0546351012628703e+00,9.8091395421645533e-01,3.1637274491288503e+00,9.8091395421645533e-01,4.0291342875512877e+00,9.8091395421645533e-01,3.1637274491288503e+00,6.0546351012628703e+00,6.0546351012628703e+00,4.8085867306042758e+00,4.0291342875512877e+00,6.0546351012628703e+00,4.8085867306042758e+00,4.0291342875512877e+00,6.0546351012628703e+00,4.0291342875512877e+00,6.0546351012628703e+00,6.0546351012628703e+00,4.0291342875512877e+00,4.0291342875512877e+00,4.0291342875512877e+00,9.8091395421645533e-01,4.0291342875512877e+00,6.2429542557509814e+00,4.8085867306042758e+00,4.8085867306042758e+00,6.2429542557509814e+00,0.0000000000000000e+00,0.0000000000000000e+00,4.0291342875512877e+00,4.8085867306042758e+00,4.8085867306042758e+00,6.2429542557509814e+00,0.0000000000000000e+00,4.8085867306042758e+00,6.2429542557509814e+00,6.2429542557509814e+00,6.2429542557509814e+00,4.8085867306042758e+00,3.1637274491288503e+00,4.0291342875512877e+00,0.0000000000000000e+00,6.0546351012628703e+00,0.0000000000000000e+00,0.0000000000000000e+00,6.2429542557509814e+00,4.8085867306042758e+00,3.1637274491288503e+00,6.2429542557509814e+00,1.9353549506698107e+00,9.8091395421645533e-01,6.2429542557509814e+00,4.0291342875512877e+00,1.9353549506698107e+00,9.8091395421645533e-01,4.8085867306042758e+00,3.1637274491288503e+00,6.2429542557509814e+00,4.0291342875512877e+00,6.2429542557509814e+00,4.0291342875512877e+00,1.9353549506698107e+00,9.8091395421645533e-01,4.8085867306042758e+00,6.2429542557509814e+00,0.0000000000000000e+00,6.0546351012628703e+00,4.8085867306042758e+00,4.8085867306042758e+00,4.8085867306042758e+00,4.8085867306042758e+00,6.0546351012628703e+00,6.2429542557509814e+00,4.0291342875512877e+00,9.8091395421645533e-01,4.0291342875512877e+00,4.0291342875512877e+00,3.1637274491288503e+00,4.0291342875512877e+00,6.2429542557509814e+00,6.0546351012628703e+00,4.0291342875512877e+00,4.0291342875512877e+00,6.2429542557509814e+00,6.2429542557509814e+00,0.0000000000000000e+00,0.0000000000000000e+00,6.0546351012628703e+00,3.1637274491288503e+00,6.0546351012628703e+00,9.8091395421645533e-01,4.0291342875512877e+00,6.2429542557509814e+00,1.9353549506698107e+00,1.9353549506698107e+00,4.8085867306042758e+00,6.0546351012628703e+00,3.1637274491288503e+00,6.2429542557509814e+00,6.0546351012628703e+00,6.0546351012628703e+00,3.1637274491288503e+00,4.8085867306042758e+00,4.8085867306042758e+00,6.0546351012628703e+00,1.9353549506698107e+00,3.1637274491288503e+00,6.0546351012628703e+00,4.0291342875512877e+00,3.1637274491288503e+00,6.2429542557509814e+00,4.8085867306042758e+00,4.8085867306042758e+00,9.8091395421645533e-01,4.8085867306042758e+00,4.8085867306042758e+00,4.8085867306042758e+00,6.0546351012628703e+00,4.8085867306042758e+00,6.0546351012628703e+00,4.8085867306042758e+00,9.8091395421645533e-01,4.8085867306042758e+00,4.0291342875512877e+00,6.2429542557509814e+00,1.9353549506698107e+00,6.0546351012628703e+00,6.0546351012628703e+00,4.0291342875512877e+00,4.0291342875512877e+00,4.0291342875512877e+00,4.0291342875512877e+00,4.8085867306042758e+00,6.0546351012628703e+00,4.0291342875512877e+00,0.0000000000000000e+00,4.0291342875512877e+00,1.9353549506698107e+00,1.9353549506698107e+00,6.0546351012628703e+00,9.8091395421645533e-01,3.1637274491288503e+00,4.8085867306042758e+00,6.2429542557509814e+00,4.8085867306042758e+00,0.0000000000000000e+00,4.0291342875512877e+00,4.8085867306042758e+00,4.8085867306042758e+00,6.2429542557509814e+00,6.0546351012628703e+00,6.2429542557509814e+00,4.0291342875512877e+00,6.0546351012628703e+00,0.0000000000000000e+00,6.0546351012628703e+00,0.0000000000000000e+00,4.8085867306042758e+00,4.8085867306042758e+00,6.2429542557509814e+00,4.0291342875512877e+00,1.9353549506698107e+00,6.0546351012628703e+00,6.0546351012628703e+00,0.0000000000000000e+00,6.0546351012628703e+00,1.9353549506698107e+00,4.0291342875512877e+00,6.2429542557509814e+00,9.8091395421645533e-01,4.8085867306042758e+00,4.8085867306042758e+00,6.0546351012628703e+00,0.0000000000000000e+00,6.0546351012628703e+00,6.0546351012628703e+00,4.0291342875512877e+00,6.2429542557509814e+00,6.2429542557509814e+00,4.8085867306042758e+00,4.0291342875512877e+00,3.1637274491288503e+00,6.2429542557509814e+00,0.0000000000000000e+00,3.1637274491288503e+00,4.8085867306042758e+00,6.0546351012628703e+00,4.0291342875512877e+00,9.8091395421645533e-01,4.0291342875512877e+00,4.0291342875512877e+00,6.2429542557509814e+00,6.0546351012628703e+00,1.9353549506698107e+00,4.0291342875512877e+00,6.0546351012628703e+00,6.0546351012628703e+00,1.9353549506698107e+00,6.2429542557509814e+00,6.2429542557509814e+00,4.0291342875512877e+00,4.0291342875512877e+00,3.1637274491288503e+00,1.9353549506698107e+00,4.0291342875512877e+00,0.0000000000000000e+00,0.0000000000000000e+00,0.0000000000000000e+00,9.8091395421645533e-01,4.0291342875512877e+00,1.9353549506698107e+00,6.2429542557509814e+00,3.1637274491288503e+00,6.0546351012628703e+00,6.2429542557509814e+00,4.0291342875512877e+00,4.8085867306042758e+00,3.1637274491288503e+00,4.0291342875512877e+00,6.2429542557509814e+00,0.0000000000000000e+00,6.2429542557509814e+00,6.0546351012628703e+00,6.0546351012628703e+00,6.0546351012628703e+00,1.9353549506698107e+00,6.0546351012628703e+00,4.0291342875512877e+00,1.9353549506698107e+00,6.0546351012628703e+00,4.0291342875512877e+00,4.0291342875512877e+00,6.2429542557509814e+00,4.8085867306042758e+00,1.9353549506698107e+00,4.8085867306042758e+00,4.0291342875512877e+00,9.8091395421645533e-01,0.0000000000000000e+00,4.0291342875512877e+00,3.1637274491288503e+00,4.8085867306042758e+00,4.8085867306042758e+00,6.0546351012628703e+00,9.8091395421645533e-01,9.8091395421645533e-01,6.0546351012628703e+00,6.0546351012628703e+00,6.2429542557509814e+00,6.2429542557509814e+00,4.0291342875512877e+00,6.0546351012628703e+00,4.8085867306042758e+00,4.8085867306042758e+00,9.8091395421645533e-01,3.1637274491288503e+00,4.0291342875512877e+00,6.2429542557509814e+00,6.0546351012628703e+00,6.0546351012628703e+00,6.2429542557509814e+00,6.2429542557509814e+00,6.0546351012628703e+00,6.2429542557509814e+00,0.0000000000000000e+00,6.0546351012628703e+00,0.0000000000000000e+00,6.2429542557509814e+00,6.2429542557509814e+00,6.2429542557509814e+00,6.0546351012628703e+00,3.1637274491288503e+00,6.0546351012628703e+00,4.0291342875512877e+00,6.0546351012628703e+00,6.0546351012628703e+00,6.0546351012628703e+00,6.2429542557509814e+00,9.8091395421645533e-01,6.2429542557509814e+00,6.0546351012628703e+00,6.0546351012628703e+00,6.2429542557509814e+00,6.2429542557509814e+00,6.2429542557509814e+00,4.0291342875512877e+00,6.2429542557509814e+00,6.0546351012628703e+00,0.0000000000000000e+00,6.2429542557509814e+00,6.2429542557509814e+00,4.0291342875512877e+00,4.0291342875512877e+00,4.0291342875512877e+00,1.9353549506698107e+00,9.8091395421645533e-01,6.0546351012628703e+00,4.8085867306042758e+00,6.2429542557509814e+00,4.8085867306042758e+00,4.8085867306042758e+00,4.0291342875512877e+00,0.0000000000000000e+00,1.9353549506698107e+00,6.2429542557509814e+00,6.2429542557509814e+00,6.0546351012628703e+00,4.8085867306042758e+00,4.0291342875512877e+00,6.2429542557509814e+00,6.2429542557509814e+00,0.0000000000000000e+00,6.2429542557509814e+00,9.8091395421645533e-01,4.0291342875512877e+00,6.0546351012628703e+00,6.0546351012628703e+00,4.0291342875512877e+00,9.8091395421645533e-01,4.0291342875512877e+00,6.0546351012628703e+00,0.0000000000000000e+00,4.0291342875512877e+00,4.0291342875512877e+00,0.0000000000000000e+00,4.0291342875512877e+00,4.0291342875512877e+00,1.9353549506698107e+00,6.2429542557509814e+00,4.0291342875512877e+00,0.0000000000000000e+00,6.0546351012628703e+00,6.2429542557509814e+00,6.2429542557509814e+00,1.9353549506698107e+00,6.2429542557509814e+00,6.2429542557509814e+00,4.8085867306042758e+00,3.1637274491288503e+00,1.9353549506698107e+00,3.1637274491288503e+00,4.8085867306042758e+00,4.8085867306042758e+00,6.0546351012628703e+00,4.8085867306042758e+00,6.0546351012628703e+00,9.8091395421645533e-01,3.1637274491288503e+00,9.8091395421645533e-01,4.8085867306042758e+00,6.2429542557509814e+00,6.0546351012628703e+00,0.0000000000000000e+00,6.0546351012628703e+00,3.1637274491288503e+00,6.0546351012628703e+00,6.0546351012628703e+00,6.2429542557509814e+00,9.8091395421645533e-01,6.2429542557509814e+00,4.0291342875512877e+00,4.8085867306042758e+00,4.0291342875512877e+00,9.8091395421645533e-01,6.0546351012628703e+00,6.0546351012628703e+00,6.2429542557509814e+00,6.2429542557509814e+00,6.2429542557509814e+00,6.2429542557509814e+00,6.2429542557509814e+00,6.0546351012628703e+00,6.0546351012628703e+00,1.9353549506698107e+00,4.8085867306042758e+00,6.0546351012628703e+00,9.8091395421645533e-01,1.9353549506698107e+00,6.0546351012628703e+00,4.8085867306042758e+00,4.8085867306042758e+00,4.8085867306042758e+00,6.2429542557509814e+00,6.0546351012628703e+00,4.8085867306042758e+00,1.9353549506698107e+00,0.0000000000000000e+00,4.0291342875512877e+00,6.0546351012628703e+00,4.0291342875512877e+00,4.8085867306042758e+00,1.9353549506698107e+00,3.1637274491288503e+00,4.8085867306042758e+00,6.0546351012628703e+00,3.1637274491288503e+00,4.8085867306042758e+00,6.2429542557509814e+00,4.8085867306042758e+00,0.0000000000000000e+00,6.0546351012628703e+00,4.0291342875512877e+00,4.0291342875512877e+00,9.8091395421645533e-01,4.0291342875512877e+00,4.0291342875512877e+00,6.0546351012628703e+00,4.0291342875512877e+00,0.0000000000000000e+00,4.0291342875512877e+00,3.1637274491288503e+00,9.8091395421645533e-01,6.2429542557509814e+00,9.8091395421645533e-01,6.2429542557509814e+00,4.0291342875512877e+00,0.0000000000000000e+00,6.2429542557509814e+00,6.2429542557509814e+00,6.2429542557509814e+00,9.8091395421645533e-01,6.2429542557509814e+00,6.2429542557509814e+00,4.0291342875512877e+00,9.8091395421645533e-01,4.8085867306042758e+00,6.2429542557509814e+00,9.8091395421645533e-01,6.0546351012628703e+00,6.2429542557509814e+00,6.2429542557509814e+00,1.9353549506698107e+00,6.2429542557509814e+00,9.8091395421645533e-01,6.2429542557509814e+00,4.0291342875512877e+00,4.8085867306042758e+00,3.1637274491288503e+00,6.2429542557509814e+00,6.0546351012628703e+00,6.2429542557509814e+00,6.0546351012628703e+00,6.2429542557509814e+00,6.0546351012628703e+00,4.8085867306042758e+00,1.9353549506698107e+00,9.8091395421645533e-01,3.1637274491288503e+00,6.0546351012628703e+00,6.2429542557509814e+00,6.2429542557509814e+00,4.0291342875512877e+00,4.8085867306042758e+00,1.9353549506698107e+00,6.2429542557509814e+00,9.8091395421645533e-01,1.9353549506698107e+00,1.9353549506698107e+00,1.9353549506698107e+00,3.1637274491288503e+00,1.9353549506698107e+00,4.8085867306042758e+00,6.2429542557509814e+00,6.0546351012628703e+00,4.8085867306042758e+00,6.2429542557509814e+00,4.0291342875512877e+00,1.9353549506698107e+00,4.8085867306042758e+00,0.0000000000000000e+00,6.2429542557509814e+00,6.2429542557509814e+00,6.2429542557509814e+00,6.0546351012628703e+00,6.2429542557509814e+00,4.0291342875512877e+00,6.0546351012628703e+00,6.0546351012628703e+00,4.0291342875512877e+00,6.0546351012628703e+00,4.0291342875512877e+00,6.0546351012628703e+00,6.0546351012628703e+00,4.0291342875512877e+00,6.0546351012628703e+00,6.0546351012628703e+00,9.8091395421645533e-01,6.0546351012628703e+00,6.2429542557509814e+00,4.0291342875512877e+00,4.0291342875512877e+00,1.9353549506698107e+00,4.0291342875512877e+00,6.2429542557509814e+00,6.0546351012628703e+00,0.0000000000000000e+00,6.2429542557509814e+00,3.1637274491288503e+00,6.2429542557509814e+00,4.0291342875512877e+00,1.9353549506698107e+00,4.8085867306042758e+00,0.0000000000000000e+00,0.0000000000000000e+00,9.8091395421645533e-01,4.0291342875512877e+00,1.9353549506698107e+00,1.9353549506698107e+00,9.8091395421645533e-01,4.0291342875512877e+00,3.1637274491288503e+00,9.8091395421645533e-01,4.0291342875512877e+00,1.9353549506698107e+00,1.9353549506698107e+00,6.2429542557509814e+00,1.9353549506698107e+00,6.2429542557509814e+00,6.2429542557509814e+00,1.9353549506698107e+00,6.2429542557509814e+00,9.8091395421645533e-01,4.8085867306042758e+00,1.9353549506698107e+00,6.2429542557509814e+00,0.0000000000000000e+00,9.8091395421645533e-01,6.2429542557509814e+00,3.1637274491288503e+00,1.9353549506698107e+00,6.2429542557509814e+00,9.8091395421645533e-01,1.9353549506698107e+00,3.1637274491288503e+00,1.9353549506698107e+00,1.9353549506698107e+00,4.8085867306042758e+00,6.2429542557509814e+00,6.2429542557509814e+00,1.9353549506698107e+00,6.2429542557509814e+00,6.2429542557509814e+00,4.8085867306042758e+00,9.8091395421645533e-01,0.0000000000000000e+00,4.8085867306042758e+00,4.8085867306042758e+00,4.0291342875512877e+00,4.8085867306042758e+00,0.0000000000000000e+00,6.0546351012628703e+00,4.8085867306042758e+00,6.2429542557509814e+00,9.8091395421645533e-01,6.0546351012628703e+00,1.9353549506698107e+00,4.0291342875512877e+00,4.8085867306042758e+00,0.0000000000000000e+00,6.2429542557509814e+00,6.2429542557509814e+00,4.8085867306042758e+00,4.8085867306042758e+00,4.8085867306042758e+00,6.0546351012628703e+00,4.0291342875512877e+00,4.8085867306042758e+00,4.0291342875512877e+00,3.1637274491288503e+00,6.0546351012628703e+00,6.0546351012628703e+00,6.0546351012628703e+00,0.0000000000000000e+00,1.9353549506698107e+00,6.0546351012628703e+00,4.0291342875512877e+00,1.9353549506698107e+00,6.2429542557509814e+00,6.2429542557509814e+00,3.1637274491288503e+00,6.0546351012628703e+00,4.8085867306042758e+00,9.8091395421645533e-01,6.0546351012628703e+00,0.0000000000000000e+00,6.0546351012628703e+00,0.0000000000000000e+00,3.1637274491288503e+00,6.0546351012628703e+00,1.9353549506698107e+00,3.1637274491288503e+00,6.0546351012628703e+00,4.0291342875512877e+00,6.2429542557509814e+00,6.2429542557509814e+00,6.2429542557509814e+00,4.8085867306042758e+00,6.2429542557509814e+00,6.0546351012628703e+00,6.0546351012628703e+00,4.8085867306042758e+00,0.0000000000000000e+00,0.0000000000000000e+00,6.0546351012628703e+00,0.0000000000000000e+00,4.0291342875512877e+00,6.2429542557509814e+00,4.0291342875512877e+00,6.2429542557509814e+00,6.2429542557509814e+00,6.2429542557509814e+00,3.1637274491288503e+00,3.1637274491288503e+00,6.0546351012628703e+00,3.1637274491288503e+00,6.0546351012628703e+00,6.0546351012628703e+00,4.0291342875512877e+00,6.0546351012628703e+00,4.8085867306042758e+00,0.0000000000000000e+00,6.2429542557509814e+00,6.0546351012628703e+00,4.0291342875512877e+00,6.0546351012628703e+00,0.0000000000000000e+00,1.9353549506698107e+00,0.0000000000000000e+00,4.8085867306042758e+00,1.9353549506698107e+00,6.0546351012628703e+00,6.2429542557509814e+00,3.1637274491288503e+00,9.8091395421645533e-01,9.8091395421645533e-01,6.2429542557509814e+00,4.0291342875512877e+00,4.0291342875512877e+00,6.2429542557509814e+00,3.1637274491288503e+00,6.0546351012628703e+00,6.0546351012628703e+00,6.2429542557509814e+00,4.0291342875512877e+00,6.2429542557509814e+00,6.2429542557509814e+00,6.2429542557509814e+00,6.2429542557509814e+00,6.2429542557509814e+00,3.1637274491288503e+00,6.0546351012628703e+00,9.8091395421645533e-01,6.0546351012628703e+00,3.1637274491288503e+00,6.2429542557509814e+00,4.8085867306042758e+00,6.2429542557509814e+00,0.0000000000000000e+00,6.2429542557509814e+00,6.2429542557509814e+00,6.2429542557509814e+00,6.2429542557509814e+00,6.2429542557509814e+00,6.2429542557509814e+00,1.9353549506698107e+00,6.2429542557509814e+00,9.8091395421645533e-01,6.0546351012628703e+00,6.2429542557509814e+00,4.0291342875512877e+00,4.8085867306042758e+00,6.0546351012628703e+00,6.2429542557509814e+00,1.9353549506698107e+00,6.0546351012628703e+00,3.1637274491288503e+00,3.1637274491288503e+00,6.0546351012628703e+00,6.0546351012628703e+00,4.8085867306042758e+00,0.0000000000000000e+00,6.2429542557509814e+00,6.0546351012628703e+00,6.2429542557509814e+00,1.9353549506698107e+00,6.2429542557509814e+00,4.8085867306042758e+00,6.0546351012628703e+00,6.2429542557509814e+00,0.0000000000000000e+00,6.0546351012628703e+00,3.1637274491288503e+00,6.2429542557509814e+00,6.0546351012628703e+00,6.0546351012628703e+00,4.8085867306042758e+00,6.2429542557509814e+00,6.2429542557509814e+00,6.0546351012628703e+00,3.1637274491288503e+00,6.0546351012628703e+00,6.0546351012628703e+00,1.9353549506698107e+00,1.9353549506698107e+00,6.2429542557509814e+00,0.0000000000000000e+00,1.9353549506698107e+00,6.2429542557509814e+00,9.8091395421645533e-01,6.0546351012628703e+00,0.0000000000000000e+00,4.8085867306042758e+00,6.0546351012628703e+00,6.2429542557509814e+00,6.0546351012628703e+00,6.2429542557509814e+00,6.0546351012628703e+00,1.9353549506698107e+00,6.2429542557509814e+00,1.9353549506698107e+00,6.0546351012628703e+00,6.0546351012628703e+00,6.0546351012628703e+00,6.2429542557509814e+00,4.8085867306042758e+00,6.2429542557509814e+00,4.8085867306042758e+00,1.9353549506698107e+00,4.0291342875512877e+00,4.8085867306042758e+00,4.8085867306042758e+00,6.0546351012628703e+00,0.0000000000000000e+00,4.8085867306042758e+00,4.8085867306042758e+00,6.0546351012628703e+00,3.1637274491288503e+00,6.2429542557509814e+00,3.1637274491288503e+00,6.0546351012628703e+00,4.0291342875512877e+00,4.0291342875512877e+00,0.0000000000000000e+00,4.0291342875512877e+00,6.2429542557509814e+00,6.2429542557509814e+00,4.0291342875512877e+00,6.2429542557509814e+00,3.1637274491288503e+00,6.0546351012628703e+00
6.7731355852438444e+00,3.4750553003928273e+00,6.7731355852438444e+00,0.0000000000000000e+00,6.7731355852438444e+00,6.7731355852438444e+00,6.7731355852438444e+00,6.7731355852438444e+00,6.7731355852438444e+00,6.7731355852438444e+00,6.7731355852438444e+00,6.7731355852438444e+00,2.9971756509126810e+00,6.7731355852438444e+00,2.9971756509126810e+00,6.7731355852438444e+00,2.9971756509126810e+00,6.7731355852438444e+00,3.4750553003928273e+00,1.9338592195259845e+00,4.4476119070204074e+00,6.7731355852438444e+00,5.6092011833960500e+00,6.7731355852438444e+00,4.4476119070204074e+00,4.4476119070204074e+00,2.9971756509126810e+00,4.4476119070204074e+00,0.0000000000000000e+00,4.4476119070204074e+00,5.6092011833960500e+00,4.4476119070204074e+00,4.4476119070204074e+00,6.7731355852438444e+00,1.0220019724294329e+00,3.4750553003928273e+00,1.0220019724294329e+00,1.0220019724294329e+00,2.9971756509126810e+00,1.0220019724294329e+00,1.0220019724294329e+00,2.9971756509126810e+00,2.9971756509126810e+00,3.4750553003928273e+00,2.9971756509126810e+00,3.4750553003928273e+00,3.4750553003928273e+00,6.7731355852438444e+00,1.0220019724294329e+00,5.6092011833960500e+00,2.9971756509126810e+00,4.4476119070204074e+00,1.0220019724294329e+00,6.7731355852438444e+00,0.0000000000000000e+00,1.9338592195259845e+00,1.0220019724294329e+00,1.9338592195259845e+00,6.7731355852438444e+00,6.7731355852438444e+00,1.0220019724294329e+00,3.4750553003928273e+00,4.4476119070204074e+00,2.9971756509126810e+00,6.7731355852438444e+00,2.9971756509126810e+00,0.0000000000000000e+00,2.9971756509126810e+00,2.9971756509126810e+00,6.7731355852438444e+00,2.9971756509126810e+00,1.0220019724294329e+00,3.4750553003928273e+00,1.9338592195259845e+00,6.7731355852438444e+00,0.0000000000000000e+00,0.0000000000000000e+00,1.0220019724294329e+00,6.7731355852438444e+00,1.9338592195259845e+00,1.0220019724294329e+00,1.0220019724294329e+00,1.0220019724294329e+00,3.4750553003928273e+00,5.6092011833960500e+00,6.7731355852438444e+00,1.9338592195259845e+00,2.9971756509126810e+00,6.7731355852438444e+00,5.6092011833960500e+00,5.6092011833960500e+00,3.4750553003928273e+00,2.9971756509126810e+00,0.0000000000000000e+00,1.9338592195259845e+00,1.0220019724294329e+00,1.0220019724294329e+00,5.6092011833960500e+00,3.4750553003928273e+00,2.9971756509126810e+00,2.9971756509126810e+00,6.7731355852438444e+00,1.0220019724294329e+00,4.4476119070204074e+00,2.9971756509126810e+00,5.6092011833960500e+00,6.7731355852438444e+00,2.9971756509126810e+00,3.4750553003928273e+00,2.9971756509126810e+00,4.4476119070204074e+00,4.4476119070204074e+00,6.7731355852438444e+00,0.0000000000000000e+00,6.7731355852438444e+00,6.7731355852438444e+00,6.7731355852438444e+00,1.9338592195259845e+00,4.4476119070204074e+00,1.9338592195259845e+00,4.4476119070204074e+00,4.4476119070204074e+00,4.4476119070204074e+00,6.7731355852438444e+00,6.7731355852438444e+00,6.7731355852438444e+00,6.7731355852438444e+00,6.7731355852438444e+00,6.7731355852438444e+00,6.7731355852438444e+00,4.4476119070204074e+00,4.4476119070204074e+00,0.0000000000000000e+00,4.4476119070204074e+00,1.9338592195259845e+00,4.4476119070204074e+00,4.4476119070204074e+00,4.4476119070204074e+00,2.9971756509126810e+00,5.6092011833960500e+00,3.4750553003928273e+00,1.0220019724294329e+00,5.6092011833960500e+00,6.7731355852438444e+00,0.0000000000000000e+00,5.6092011833960500e+00,5.6092011833960500e+00,5.6092011833960500e+00,2.9971756509126810e+00,0.0000000000000000e+00,6.7731355852438444e+00,2.9971756509126810e+00,6.7731355852438444e+00,2.9971756509126810e+00,5.6092011833960500e+00,6.7731355852438444e+00,1.0220019724294329e+00,1.0220019724294329e+00,1.9338592195259845e+00,0.0000000000000000e+00,0.0000000000000000e+00,6.7731355852438444e+00,6.7731355852438444e+00,4.4476119070204074e+00,5.6092011833960500e+00,0.0000000000000000e+00,5.6092011833960500e+00,6.7731355852438444e+00,3.4750553003928273e+00,3.4750553003928273e+00,6.7731355852438444e+00,2.9971756509126810e+00,4.4476119070204074e+00,6.7731355852438444e+00,5.6092011833960500e+00,4.4476119070204074e+00,2.9971756509126810e+00,3.4750553003928273e+00,4.4476119070204074e+00,4.4476119070204074e+00,1.0220019724294329e+00,5.6092011833960500e+00,1.9338592195259845e+00,4.4476119070204074e+00,1.9338592195259845e+00,6.7731355852438444e+00,6.7731355852438444e+00,0.0000000000000000e+00,1.0220019724294329e+00,1.9338592195259845e+00,1.9338592195259845e+00,6.7731355852438444e+00,5.6092011833960500e+00,0.0000000000000000e+00,3.4750553003928273e+00,6.7731355852438444e+00,2.9971756509126810e+00,4.4476119070204074e+00,0.0000000000000000e+00,4.4476119070204074e+00,5.6092011833960500e+00,6.7731355852438444e+00,2.9971756509126810e+00,4.4476119070204074e+00,1.0220019724294329e+00,3.4750553003928273e+00,2.9971756509126810e+00,6.7731355852438444e+00,6.7731355852438444e+00,1.9338592195259845e+00,3.4750553003928273e+00,1.9338592195259845e+00,4.4476119070204074e+00,1.9338592195259845e+00,2.9971756509126810e+00,0.0000000000000000e+00,6.7731355852438444e+00,2.9971756509126810e+00,4.4476119070204074e+00,6.7731355852438444e+00,5.6092011833960500e+00,6.7731355852438444e+00,6.7731355852438444e+00,6.7731355852438444e+00,6.7731355852438444e+00,6.7731355852438444e+00,4.4476119070204074e+00,6.7731355852438444e+00,4.4476119070204074e+00,6.7731355852438444e+00,4.4476119070204074e+00,5.6092011833960500e+00,5.6092011833960500e+00,3.4750553003928273e+00,6.7731355852438444e+00,0.0000000000000000e+00,4.4476119070204074e+00,4.4476119070204074e+00,1.0220019724294329e+00,4.4476119070204074e+00,3.4750553003928273e+00,4.4476119070204074e+00,5.6092011833960500e+00,4.4476119070204074e+00,4.4476119070204074e+00,4.4476119070204074e+00,6.7731355852438444e+00,4.4476119070204074e+00,2.9971756509126810e+00,5.6092011833960500e+00,3.4750553003928273e+00,0.0000000000000000e+00,3.4750553003928273e+00,5.6092011833960500e+00,6.7731355852438444e+00,5.6092011833960500e+00,6.7731355852438444e+00,6.7731355852438444e+00,6.7731355852438444e+00,1.0220019724294329e+00,5.6092011833960500e+00,1.0220019724294329e+00,5.6092011833960500e+00,5.6092011833960500e+00,1.9338592195259845e+00,5.6092011833960500e+00,5.6092011833960500e+00,1.0220019724294329e+00,1.9338592195259845e+00,3.4750553003928273e+00,4.4476119070204074e+00,1.9338592195259845e+00,0.0000000000000000e+00,5.6092011833960500e+00,6.7731355852438444e+00,4.4476119070204074e+00,6.7731355852438444e+00,6.7731355852438444e+00,4.4476119070204074e+00,3.4750553003928273e+00,2.9971756509126810e+00,1.9338592195259845e+00,2.9971756509126810e+00,1.9338592195259845e+00,1.9338592195259845e+00,4.4476119070204074e+00,2.9971756509126810e+00,4.4476119070204074e+00,1.9338592195259845e+00,1.0220019724294329e+00,2.9971756509126810e+00,6.7731355852438444e+00,1.0220019724294329e+00,5.6092011833960500e+00,4.4476119070204074e+00,6.7731355852438444e+00,6.7731355852438444e+00,5.6092011833960500e+00,6.7731355852438444e+00,6.7731355852438444e+00,3.4750553003928273e+00,0.0000000000000000e+00,6.7731355852438444e+00,6.7731355852438444e+00,0.0000000000000000e+00,0.0000000000000000e+00,2.9971756509126810e+00,0.0000000000000000e+00,2.9971756509126810e+00,4.4476119070204074e+00,1.9338592195259845e+00,1.9338592195259845e+00,3.4750553003928273e+00,6.7731355852438444e+00,4.4476119070204074e+00,0.0000000000000000e+00,5.6092011833960500e+00,1.9338592195259845e+00,6.7731355852438444e+00,6.7731355852438444e+00,4.4476119070204074e+00,0.0000000000000000e+00,4.4476119070204074e+00,6.7731355852438444e+00,2.9971756509126810e+00,6.7731355852438444e+00,1.9338592195259845e+00,5.6092011833960500e+00,4.4476119070204074e+00,4.4476119070204074e+00,5.6092011833960500e+00,0.0000000000000000e+00,4.4476119070204074e+00,4.4476119070204074e+00,1.9338592195259845e+00,0.0000000000000000e+00,6.7731355852438444e+00,6.7731355852438444e+00,6.7731355852438444e+00,6.7731355852438444e+00,6.7731355852438444e+00,6.7731355852438444e+00,6.7731355852438444e+00,6.7731355852438444e+00,6.7731355852438444e+00,6.7731355852438444e+00,0.0000000000000000e+00,3.4750553003928273e+00,3.4750553003928273e+00,2.9971756509126810e+00,3.4750553003928273e+00,1.0220019724294329e+00,6.7731355852438444e+00,0.0000000000000000e+00,6.7731355852438444e+00,3.4750553003928273e+00,6.7731355852438444e+00,1.0220019724294329e+00,5.6092011833960500e+00,4.4476119070204074e+00,2.9971756509126810e+00,5.6092011833960500e+00,4.4476119070204074e+00,4.4476119070204074e+00,4.4476119070204074e+00,5.6092011833960500e+00,2.9971756509126810e+00,3.4750553003928273e+00,0.0000000000000000e+00,5.6092011833960500e+00,6.7731355852438444e+00,5.6092011833960500e+00,5.6092011833960500e+00,0.0000000000000000e+00,5.6092011833960500e+00,0.0000000000000000e+00,5.6092011833960500e+00,6.7731355852438444e+00,0.0000000000000000e+00,2.9971756509126810e+00,2.9971756509126810e+00,6.7731355852438444e+00,5.6092011833960500e+00,3.4750553003928273e+00,0.0000000000000000e+00,5.6092011833960500e+00,2.9971756509126810e+00,2.9971756509126810e+00,5.6092011833960500e+00,2.9971756509126810e+00,1.0220019724294329e+00,5.6092011833960500e+00,2.9971756509126810e+00,6.7731355852438444e+00,4.4476119070204074e+00,2.9971756509126810e+00,6.7731355852438444e+00,6.7731355852438444e+00,6.7731355852438444e+00,4.4476119070204074e+00,6.7731355852438444e+00,1.0220019724294329e+00,6.7731355852438444e+00,6.7731355852438444e+00,4.4476119070204074e+00,4.4476119070204074e+00,6.7731355852438444e+00,5.6092011833960500e+00,5.6092011833960500e+00,6.7731355852438444e+00,3.4750553003928273e+00,2.9971756509126810e+00,6.7731355852438444e+00,6.7731355852438444e+00,5.6092011833960500e+00,5.6092011833960500e+00,4.4476119070204074e+00,6.7731355852438444e+00,4.4476119070204074e+00,2.9971756509126810e+00,0.0000000000000000e+00,0.0000000000000000e+00,6.7731355852438444e+00,5.6092011833960500e+00,2.9971756509126810e+00,2.9971756509126810e+00,5.6092011833960500e+00,5.6092011833960500e+00,5.6092011833960500e+00,2.9971756509126810e+00,6.7731355852438444e+00,5.6092011833960500e+00,5.6092011833960500e+00,0.0000000000000000e+00,6.7731355852438444e+00,4.4476119070204074e+00,4.4476119070204074e+00,5.6092011833960500e+00,2.9971756509126810e+00,1.0220019724294329e+00,5.6092011833960500e+00,3.4750553003928273e+00,2.9971756509126810e+00,4.4476119070204074e+00,4.4476119070204074e+00,5.6092011833960500e+00,6.7731355852438444e+00,4.4476119070204074e+00,3.4750553003928273e+00,4.4476119070204074e+00,4.4476119070204074e+00,1.0220019724294329e+00,1.9338592195259845e+00,6.7731355852438444e+00,4.4476119070204074e+00,6.7731355852438444e+00,1.0220019724294329e+00,2.9971756509126810e+00,5.6092011833960500e+00,5.6092011833960500e+00,6.7731355852438444e+00,5.6092011833960500e+00,5.6092011833960500e+00,5.6092011833960500e+00,1.9338592195259845e+00,1.0220019724294329e+00,6.7731355852438444e+00,5.6092011833960500e+00,4.4476119070204074e+00,5.6092011833960500e+00,5.6092011833960500e+00,4.4476119070204074e+00,5.6092011833960500e+00,6.7731355852438444e+00,6.7731355852438444e+00,5.6092011833960500e+00,4.4476119070204074e+00,6.7731355852438444e+00,6.7731355852438444e+00,5.6092011833960500e+00,2.9971756509126810e+00,6.7731355852438444e+00,1.9338592195259845e+00,1.9338592195259845e+00,4.4476119070204074e+00,5.6092011833960500e+00,1.9338592195259845e+00,1.9338592195259845e+00,5.6092011833960500e+00,1.9338592195259845e+00,2.9971756509126810e+00,2.9971756509126810e+00,2.9971756509126810e+00,3.4750553003928273e+00,5.6092011833960500e+00,1.0220019724294329e+00,3.4750553003928273e+00,2.9971756509126810e+00,4.4476119070204074e+00,6.7731355852438444e+00,5.6092011833960500e+00,5.6092011833960500e+00,5.6092011833960500e+00,5.6092011833960500e+00,4.4476119070204074e+00,5.6092011833960500e+00,2.9971756509126810e+00,5.6092011833960500e+00,6.7731355852438444e+00,2.9971756509126810e+00,4.4476119070204074e+00,5.6092011833960500e+00,1.0220019724294329e+00,5.6092011833960500e+00,5.6092011833960500e+00,4.4476119070204074e+00,5.6092011833960500e+00,2.9971756509126810e+00,5.6092011833960500e+00,2.9971756509126810e+00,4.4476119070204074e+00,1.0220019724294329e+00,2.9971756509126810e+00,1.9338592195259845e+00,1.9338592195259845e+00,4.4476119070204074e+00,6.7731355852438444e+00,6.7731355852438444e+00,5.6092011833960500e+00,6.7731355852438444e+00,1.9338592195259845e+00,5.6092011833960500e+00,6.7731355852438444e+00,4.4476119070204074e+00,2.9971756509126810e+00,5.6092011833960500e+00,5.6092011833960500e+00,0.0000000000000000e+00,5.6092011833960500e+00,5.6092011833960500e+00,6.7731355852438444e+00,1.0220019724294329e+00,5.6092011833960500e+00,6.7731355852438444e+00,1.0220019724294329e+00,6.7731355852438444e+00,6.7731355852438444e+00,4.4476119070204074e+00,2.9971756509126810e+00,6.7731355852438444e+00,6.7731355852438444e+00,6.7731355852438444e+00,2.9971756509126810e+00,0.0000000000000000e+00,6.7731355852438444e+00,4.4476119070204074e+00,2.9971756509126810e+00,4.4476119070204074e+00,5.6092011833960500e+00,5.6092011833960500e+00,4.4476119070204074e+00,6.7731355852438444e+00,5.6092011833960500e+00,4.4476119070204074e+00,6.7731355852438444e+00,1.0220019724294329e+00,5.6092011833960500e+00,5.6092011833960500e+00,6.7731355852438444e+00,6.7731355852438444e+00,5.6092011833960500e+00,2.9971756509126810e+00,5.6092011833960500e+00,2.9971756509126810e+00,1.9338592195259845e+00,6.7731355852438444e+00,2.9971756509126810e+00,1.9338592195259845e+00,2.9971756509126810e+00,2.9971756509126810e+00,0.0000000000000000e+00,2.9971756509126810e+00,6.7731355852438444e+00,2.9971756509126810e+00,6.7731355852438444e+00,0.0000000000000000e+00,1.0220019724294329e+00,1.9338592195259845e+00,1.0220019724294329e+00,6.7731355852438444e+00,6.7731355852438444e+00,4.4476119070204074e+00,1.9338592195259845e+00,3.4750553003928273e+00,1.0220019724294329e+00,2.9971756509126810e+00,1.9338592195259845e+00,6.7731355852438444e+00,4.4476119070204074e+00,3.4750553003928273e+00,3.4750553003928273e+00,1.9338592195259845e+00,3.4750553003928273e+00,3.4750553003928273e+00,6.7731355852438444e+00,5.6092011833960500e+00,6.7731355852438444e+00,3.4750553003928273e+00,5.6092011833960500e+00,6.7731355852438444e+00,6.7731355852438444e+00,4.4476119070204074e+00,4.4476119070204074e+00,6.7731355852438444e+00,2.9971756509126810e+00,5.6092011833960500e+00,2.9971756509126810e+00,6.7731355852438444e+00,6.7731355852438444e+00,5.6092011833960500e+00,2.9971756509126810e+00,6.7731355852438444e+00,1.9338592195259845e+00,2.9971756509126810e+00,4.4476119070204074e+00,1.0220019724294329e+00,6.7731355852438444e+00,6.7731355852438444e+00,1.9338592195259845e+00,0.0000000000000000e+00,6.7731355852438444e+00,1.0220019724294329e+00,6.7731355852438444e+00,4.4476119070204074e+00,1.0220019724294329e+00,6.7731355852438444e+00,6.7731355852438444e+00,6.7731355852438444e+00,3.4750553003928273e+00,6.7731355852438444e+00,6.7731355852438444e+00,6.7731355852438444e+00,1.0220019724294329e+00,2.9971756509126810e+00,2.9971756509126810e+00,5.6092011833960500e+00,4.4476119070204074e+00,4.4476119070204074e+00,6.7731355852438444e+00,5.6092011833960500e+00,5.6092011833960500e+00,1.0220019724294329e+00,5.6092011833960500e+00,5.6092011833960500e+00,5.6092011833960500e+00,3.4750553003928273e+00,3.4750553003928273e+00,6.7731355852438444e+00,6.7731355852438444e+00,2.9971756509126810e+00,6.7731355852438444e+00,6.7731355852438444e+00,2.9971756509126810e+00,2.9971756509126810e+00,5.6092011833960500e+00,6.7731355852438444e+00,6.7731355852438444e+00,1.0220019724294329e+00,5.6092011833960500e+00,5.6092011833960500e+00,6.7731355852438444e+00,1.9338592195259845e+00,2.9971756509126810e+00,6.7731355852438444e+00,6.7731355852438444e+00,6.7731355852438444e+00,1.9338592195259845e+00,1.0220019724294329e+00,6.7731355852438444e+00,6.7731355852438444e+00,6.7731355852438444e+00,5.6092011833960500e+00,1.0220019724294329e+00,6.7731355852438444e+00,1.0220019724294329e+00,1.0220019724294329e+00,6.7731355852438444e+00,6.7731355852438444e+00,3.4750553003928273e+00,1.9338592195259845e+00,3.4750553003928273e+00,0.0000000000000000e+00,5.6092011833960500e+00,1.9338592195259845e+00,6.7731355852438444e+00,3.4750553003928273e+00,1.9338592195259845e+00,1.0220019724294329e+00,6.7731355852438444e+00,6.7731355852438444e+00,1.0220019724294329e+00,3.4750553003928273e+00,3.4750553003928273e+00,3.4750553003928273e+00,5.6092011833960500e+00,6.7731355852438444e+00,6.7731355852438444e+00,5.6092011833960500e+00,5.6092011833960500e+00,3.4750553003928273e+00,5.6092011833960500e+00,5.6092011833960500e+00,6.7731355852438444e+00,1.9338592195259845e+00,3.4750553003928273e+00,3.4750553003928273e+00,2.9971756509126810e+00,6.7731355852438444e+00,2.9971756509126810e+00,3.4750553003928273e+00,3.4750553003928273e+00,2.9971756509126810e+00,6.7731355852438444e+00,1.0220019724294329e+00,1.0220019724294329e+00,5.6092011833960500e+00,6.7731355852438444e+00,4.4476119070204074e+00,4.4476119070204074e+00,3.4750553003928273e+00,0.0000000000000000e+00,6.7731355852438444e+00,5.6092011833960500e+00,6.7731355852438444e+00,4.4476119070204074e+00,1.0220019724294329e+00,4.4476119070204074e+00,3.4750553003928273e+00,4.4476119070204074e+00,3.4750553003928273e+00,1.0220019724294329e+00,6.7731355852438444e+00,4.4476119070204074e+00,3.4750553003928273e+00,3.4750553003928273e+00,6.7731355852438444e+00,6.7731355852438444e+00,5.6092011833960500e+00,6.7731355852438444e+00,3.4750553003928273e+00,3.4750553003928273e+00,6.7731355852438444e+00,3.4750553003928273e+00,6.7731355852438444e+00,1.9338592195259845e+00,6.7731355852438444e+00,4.4476119070204074e+00,2.9971756509126810e+00,2.9971756509126810e+00,1.9338592195259845e+00,2.9971756509126810e+00,3.4750553003928273e+00,4.4476119070204074e+00,1.0220019724294329e+00,2.9971756509126810e+00,3.4750553003928273e+00,3.4750553003928273e+00,2.9971756509126810e+00,1.0220019724294329e+00,1.9338592195259845e+00,6.7731355852438444e+00,6.7731355852438444e+00,5.6092011833960500e+00,1.9338592195259845e+00,5.6092011833960500e+00,1.9338592195259845e+00,5.6092011833960500e+00,4.4476119070204074e+00,1.0220019724294329e+00,2.9971756509126810e+00,5.6092011833960500e+00,5.6092011833960500e+00,0.0000000000000000e+00,1.0220019724294329e+00,2.9971756509126810e+00,6.7731355852438444e+00,6.7731355852438444e+00,6.7731355852438444e+00,1.9338592195259845e+00,6.7731355852438444e+00,6.7731355852438444e+00,1.0220019724294329e+00,6.7731355852438444e+00,5.6092011833960500e+00,6.7731355852438444e+00,3.4750553003928273e+00,6.7731355852438444e+00,1.0220019724294329e+00,4.4476119070204074e+00,6.7731355852438444e+00,5.6092011833960500e+00,4.4476119070204074e+00,3.4750553003928273e+00,6.7731355852438444e+00,3.4750553003928273e+00,4.4476119070204074e+00,3.4750553003928273e+00,4.4476119070204074e+00,4.4476119070204074e+00,2.9971756509126810e+00,2.9971756509126810e+00,2.9971756509126810e+00,1.9338592195259845e+00,5.6092011833960500e+00,6.7731355852438444e+00,6.7731355852438444e+00,6.7731355852438444e+00,6.7731355852438444e+00,6.7731355852438444e+00,1.0220019724294329e+00,6.7731355852438444e+00,1.9338592195259845e+00,1.9338592195259845e+00,6.7731355852438444e+00,6.7731355852438444e+00,6.7731355852438444e+00,6.7731355852438444e+00,6.7731355852438444e+00,4.4476119070204074e+00,6.7731355852438444e+00,6.7731355852438444e+00,1.9338592195259845e+00,5.6092011833960500e+00,2.9971756509126810e+00,3.4750553003928273e+00,4.4476119070204074e+00,5.6092011833960500e+00,5.6092011833960500e+00,1.9338592195259845e+00,6.7731355852438444e+00,1.9338592195259845e+00,4.4476119070204074e+00,1.9338592195259845e+00,4.4476119070204074e+00,1.9338592195259845e+00,3.4750553003928273e+00,2.9971756509126810e+00,5.6092011833960500e+00,0.0000000000000000e+00,5.6092011833960500e+00,5.6092011833960500e+00,5.6092011833960500e+00,5.6092011833960500e+00,6.7731355852438444e+00,1.9338592195259845e+00,5.6092011833960500e+00,6.7731355852438444e+00,6.7731355852438444e+00,6.7731355852438444e+00,1.9338592195259845e+00,1.9338592195259845e+00,6.7731355852438444e+00,4.4476119070204074e+00,6.7731355852438444e+00,6.7731355852438444e+00,1.0220019724294329e+00,5.6092011833960500e+00,6.7731355852438444e+00,6.7731355852438444e+00,6.7731355852438444e+00,3.4750553003928273e+00,6.7731355852438444e+00,2.9971756509126810e+00,5.6092011833960500e+00,1.0220019724294329e+00,0.0000000000000000e+00,5.6092011833960500e+00,4.4476119070204074e+00,2.9971756509126810e+00,1.0220019724294329e+00,5.6092011833960500e+00,6.7731355852438444e+00,5.6092011833960500e+00,6.7731355852438444e+00,2.9971756509126810e+00,5.6092011833960500e+00,3.4750553003928273e+00,4.4476119070204074e+00,6.7731355852438444e+00,6.7731355852438444e+00,5.6092011833960500e+00,6.7731355852438444e+00,5.6092011833960500e+00,5.6092011833960500e+00,6.7731355852438444e+00,6.7731355852438444e+00,5.6092011833960500e+00,4.4476119070204074e+00,5.6092011833960500e+00,6.7731355852438444e+00,6.7731355852438444e+00,3.4750553003928273e+00,5.6092011833960500e+00,4.4476119070204074e+00,5.6092011833960500e+00,6.7731355852438444e+00,6.7731355852438444e+00,6.7731355852438444e+00,5.6092011833960500e+00,6.7731355852438444e+00,4.4476119070204074e+00,6.7731355852438444e+00,6.7731355852438444e+00,1.0220019724294329e+00,4.4476119070204074e+00,4.4476119070204074e+00,6.7731355852438444e+00,6.7731355852438444e+00,6.7731355852438444e+00,4.4476119070204074e+00,4.4476119070204074e+00,6.7731355852438444e+00,6.7731355852438444e+00,6.7731355852438444e+00,1.9338592195259845e+00,1.0220019724294329e+00,1.0220019724294329e+00,6.7731355852438444e+00,6.7731355852438444e+00,6.7731355852438444e+00,6.7731355852438444e+00,6.7731355852438444e+00,6.7731355852438444e+00,3.4750553003928273e+00,5.6092011833960500e+00,0.0000000000000000e+00,3.4750553003928273e+00,1.9338592195259845e+00,5.6092011833960500e+00,1.0220019724294329e+00,3.4750553003928273e+00,1.0220019724294329e+00,6.7731355852438444e+00,3.4750553003928273e+00,4.4476119070204074e+00,1.0220019724294329e+00,6.7731355852438444e+00,6.7731355852438444e+00,3.4750553003928273e+00,4.4476119070204074e+00,1.0220019724294329e+00,5.6092011833960500e+00,6.7731355852438444e+00,6.7731355852438444e+00,6.7731355852438444e+00,4.4476119070204074e+00,6.7731355852438444e+00,6.7731355852438444e+00,0.0000000000000000e+00,4.4476119070204074e+00,0.0000000000000000e+00,6.7731355852438444e+00,4.4476119070204074e+00,2.9971756509126810e+00,3.4750553003928273e+00,5.6092011833960500e+00,6.7731355852438444e+00,3.4750553003928273e+00,4.4476119070204074e+00,6.7731355852438444e+00,6.7731355852438444e+00,6.7731355852438444e+00,6.7731355852438444e+00,3.4750553003928273e+00,5.6092011833960500e+00,6.7731355852438444e+00,2.9971756509126810e+00,1.0220019724294329e+00,1.0220019724294329e+00,4.4476119070204074e+00,1.0220019724294329e+00,1.9338592195259845e+00,1.9338592195259845e+00,6.7731355852438444e+00,3.4750553003928273e+00,2.9971756509126810e+00,6.7731355852438444e+00,6.7731355852438444e+00,3.4750553003928273e+00,6.7731355852438444e+00,6.7731355852438444e+00,6.7731355852438444e+00,6.7731355852438444e+00,3.4750553003928273e+00,6.7731355852438444e+00,0.0000000000000000e+00,3.4750553003928273e+00,1.0220019724294329e+00,6.7731355852438444e+00,4.4476119070204074e+00
9.4226141763941518e-01,9.4226141763941518e-01,0.0000000000000000e+00,4.6881042234234060e+00,4.6881042234234060e+00,4.6881042234234060e+00,2.8872609360648602e+00,9.4226141763941518e-01,0.0000000000000000e+00,0.0000000000000000e+00,2.8872609360648602e+00,9.4226141763941518e-01,2.8872609360648602e+00,2.8872609360648602e+00,0.0000000000000000e+00,0.0000000000000000e+00,0.0000000000000000e+00,9.4226141763941518e-01,2.8872609360648602e+00,4.6881042234234060e+00,2.8872609360648602e+00,4.6881042234234060e+00,2.0195475411023649e+00,7.0863317109573245e+00,7.0863317109573245e+00,2.8872609360648602e+00,7.0863317109573245e+00,7.0863317109573245e+00,7.0863317109573245e+00,2.8872609360648602e+00,3.7521188269889625e+00,2.8872609360648602e+00,2.8872609360648602e+00,9.4226141763941518e-01,7.0863317109573245e+00,4.6881042234234060e+00,0.0000000000000000e+00,5.5535087286690201e+00,7.0863317109573245e+00,4.6881042234234060e+00,4.6881042234234060e+00,7.0863317109573245e+00,9.4226141763941518e-01,9.4226141763941518e-01,4.6881042234234060e+00,4.6881042234234060e+00,7.0863317109573245e+00,2.0195475411023649e+00,2.8872609360648602e+00,5.5535087286690201e+00,4.6881042234234060e+00,3.7521188269889625e+00,9.4226141763941518e-01,4.6881042234234060e+00,3.7521188269889625e+00,5.5535087286690201e+00,5.5535087286690201e+00,5.5535087286690201e+00,5.5535087286690201e+00,2.0195475411023649e+00,5.5535087286690201e+00,7.0863317109573245e+00,4.6881042234234060e+00,4.6881042234234060e+00,4.6881042234234060e+00,5.5535087286690201e+00,5.5535087286690201e+00,5.5535087286690201e+00,7.0863317109573245e+00,0.0000000000000000e+00,0.0000000000000000e+00,0.0000000000000000e+00,9.4226141763941518e-01,2.8872609360648602e+00,0.0000000000000000e+00,2.8872609360648602e+00,2.8872609360648602e+00,3.7521188269889625e+00,5.5535087286690201e+00,7.0863317109573245e+00,7.0863317109573245e+00,5.5535087286690201e+00,5.5535087286690201e+00,5.5535087286690201e+00,5.5535087286690201e+00,5.5535087286690201e+00,2.8872609360648602e+00,5.5535087286690201e+00,5.5535087286690201e+00,5.5535087286690201e+00,2.0195475411023649e+00,7.0863317109573245e+00,7.0863317109573245e+00,7.0863317109573245e+00,5.5535087286690201e+00,5.5535087286690201e+00,7.0863317109573245e+00,3.7521188269889625e+00,2.8872609360648602e+00,2.0195475411023649e+00,7.0863317109573245e+00,2.0195475411023649e+00,9.4226141763941518e-01,9.4226141763941518e-01,2.0195475411023649e+00,7.0863317109573245e+00,7.0863317109573245e+00,7.0863317109573245e+00,2.0195475411023649e+00,7.0863317109573245e+00,7.0863317109573245e+00,7.0863317109573245e+00,5.5535087286690201e+00,2.0195475411023649e+00,2.0195475411023649e+00,0.0000000000000000e+00,5.5535087286690201e+00,7.0863317109573245e+00,4.6881042234234060e+00,2.8872609360648602e+00,7.0863317109573245e+00,7.0863317109573245e+00,4.6881042234234060e+00,5.5535087286690201e+00,5.5535087286690201e+00,7.0863317109573245e+00,7.0863317109573245e+00,3.7521188269889625e+00,0.0000000000000000e+00,0.0000000000000000e+00,7.0863317109573245e+00,3.7521188269889625e+00,7.0863317109573245e+00,0.0000000000000000e+00,2.0195475411023649e+00,9.4226141763941518e-01,7.0863317109573245e+00,3.7521188269889625e+00,2.8872609360648602e+00,2.0195475411023649e+00,7.0863317109573245e+00,7.0863317109573245e+00,7.0863317109573245e+00,7.0863317109573245e+00,9.4226141763941518e-01,7.0863317109573245e+00,0.0000000000000000e+00,2.8872609360648602e+00,2.8872609360648602e+00,5.5535087286690201e+00,0.0000000000000000e+00,9.4226141763941518e-01,7.0863317109573245e+00,5.5535087286690201e+00,0.0000000000000000e+00,9.4226141763941518e-01,5.5535087286690201e+00,5.5535087286690201e+00,7.0863317109573245e+00,4.6881042234234060e+00,2.0195475411023649e+00,5.5535087286690201e+00,9.4226141763941518e-01,7.0863317109573245e+00,2.8872609360648602e+00,7.0863317109573245e+00,3.7521188269889625e+00,7.0863317109573245e+00,2.8872609360648602e+00,2.0195475411023649e+00,4.6881042234234060e+00,5.5535087286690201e+00,2.8872609360648602e+00,2.8872609360648602e+00,7.0863317109573245e+00,4.6881042234234060e+00,3.7521188269889625e+00,5.5535087286690201e+00,5.5535087286690201e+00,4.6881042234234060e+00,4.6881042234234060e+00,3.7521188269889625e+00,9.4226141763941518e-01,3.7521188269889625e+00,7.0863317109573245e+00,7.0863317109573245e+00,2.8872609360648602e+00,7.0863317109573245e+00,4.6881042234234060e+00,4.6881042234234060e+00,2.0195475411023649e+00,7.0863317109573245e+00,7.0863317109573245e+00,7.0863317109573245e+00,2.0195475411023649e+00,4.6881042234234060e+00,9.4226141763941518e-01,5.5535087286690201e+00,9.4226141763941518e-01,7.0863317109573245e+00,0.0000000000000000e+00,7.0863317109573245e+00,2.8872609360648602e+00,7.0863317109573245e+00,3.7521188269889625e+00,3.7521188269889625e+00,2.8872609360648602e+00,2.8872609360648602e+00,2.8872609360648602e+00,9.4226141763941518e-01,2.0195475411023649e+00,5.5535087286690201e+00,5.5535087286690201e+00,3.7521188269889625e+00,9.4226141763941518e-01,5.5535087286690201e+00,2.8872609360648602e+00,7.0863317109573245e+00,3.7521188269889625e+00,0.0000000000000000e+00,7.0863317109573245e+00,4.6881042234234060e+00,7.0863317109573245e+00,7.0863317109573245e+00,4.6881042234234060e+00,7.0863317109573245e+00,2.0195475411023649e+00,7.0863317109573245e+00,7.0863317109573245e+00,7.0863317109573245e+00,7.0863317109573245e+00,0.0000000000000000e+00,2.8872609360648602e+00,7.0863317109573245e+00,5.5535087286690201e+00,7.0863317109573245e+00,2.0195475411023649e+00,7.0863317109573245e+00,7.0863317109573245e+00,5.5535087286690201e+00,2.8872609360648602e+00,7.0863317109573245e+00,4.6881042234234060e+00,7.0863317109573245e+00,3.7521188269889625e+00,4.6881042234234060e+00,2.8872609360648602e+00,0.0000000000000000e+00,5.5535087286690201e+00,4.6881042234234060e+00,9.4226141763941518e-01,2.8872609360648602e+00,4.6881042234234060e+00,7.0863317109573245e+00,4.6881042234234060e+00,5.5535087286690201e+00,5.5535087286690201e+00,5.5535087286690201e+00,5.5535087286690201e+00,7.0863317109573245e+00,2.0195475411023649e+00,7.0863317109573245e+00,4.6881042234234060e+00,3.7521188269889625e+00,3.7521188269889625e+00,3.7521188269889625e+00,9.4226141763941518e-01,0.0000000000000000e+00,7.0863317109573245e+00,2.0195475411023649e+00,7.0863317109573245e+00,5.5535087286690201e+00,7.0863317109573245e+00,4.6881042234234060e+00,7.0863317109573245e+00,2.8872609360648602e+00,3.7521188269889625e+00,4.6881042234234060e+00,2.8872609360648602e+00,7.0863317109573245e+00,4.6881042234234060e+00,7.0863317109573245e+00,5.5535087286690201e+00,5.5535087286690201e+00,2.8872609360648602e+00,4.6881042234234060e+00,5.5535087286690201e+00,9.4226141763941518e-01,7.0863317109573245e+00,7.0863317109573245e+00,9.4226141763941518e-01,2.8872609360648602e+00,2.8872609360648602e+00,5.5535087286690201e+00,2.0195475411023649e+00,9.4226141763941518e-01,4.6881042234234060e+00,7.0863317109573245e+00,4.6881042234234060e+00,9.4226141763941518e-01,2.0195475411023649e+00,2.0195475411023649e+00,4.6881042234234060e+00,5.5535087286690201e+00,0.0000000000000000e+00,4.6881042234234060e+00,0.0000000000000000e+00,9.4226141763941518e-01,7.0863317109573245e+00,5.5535087286690201e+00,4.6881042234234060e+00,5.5535087286690201e+00,2.8872609360648602e+00,0.0000000000000000e+00,4.6881042234234060e+00,4.6881042234234060e+00,9.4226141763941518e-01,2.0195475411023649e+00,4.6881042234234060e+00,3.7521188269889625e+00,7.0863317109573245e+00,7.0863317109573245e+00,2.0195475411023649e+00,4.6881042234234060e+00,4.6881042234234060e+00,5.5535087286690201e+00,3.7521188269889625e+00,4.6881042234234060e+00,2.0195475411023649e+00,5.5535087286690201e+00,3.7521188269889625e+00,7.0863317109573245e+00,3.7521188269889625e+00,3.7521188269889625e+00,4.6881042234234060e+00,4.6881042234234060e+00,4.6881042234234060e+00,2.8872609360648602e+00,2.8872609360648602e+00,2.8872609360648602e+00,9.4226141763941518e-01,2.8872609360648602e+00,4.6881042234234060e+00,7.0863317109573245e+00,2.0195475411023649e+00,4.6881042234234060e+00,7.0863317109573245e+00,2.8872609360648602e+00,4.6881042234234060e+00,4.6881042234234060e+00,3.7521188269889625e+00,4.6881042234234060e+00,4.6881042234234060e+00,4.6881042234234060e+00,9.4226141763941518e-01,5.5535087286690201e+00,4.6881042234234060e+00,4.6881042234234060e+00,5.5535087286690201e+00,0.0000000000000000e+00,7.0863317109573245e+00,4.6881042234234060e+00,2.0195475411023649e+00,5.5535087286690201e+00,5.5535087286690201e+00,4.6881042234234060e+00,2.0195475411023649e+00,7.0863317109573245e+00,9.4226141763941518e-01,4.6881042234234060e+00,0.0000000000000000e+00,7.0863317109573245e+00,2.8872609360648602e+00,2.0195475411023649e+00,2.0195475411023649e+00,4.6881042234234060e+00,5.5535087286690201e+00,4.6881042234234060e+00,2.8872609360648602e+00,2.8872609360648602e+00,2.8872609360648602e+00,2.8872609360648602e+00,0.0000000000000000e+00,7.0863317109573245e+00,5.5535087286690201e+00,2.8872609360648602e+00,3.7521188269889625e+00,0.0000000000000000e+00,2.0195475411023649e+00,0.0000000000000000e+00,4.6881042234234060e+00,2.8872609360648602e+00,9.4226141763941518e-01,2.8872609360648602e+00,2.8872609360648602e+00,3.7521188269889625e+00,7.0863317109573245e+00,7.0863317109573245e+00,2.0195475411023649e+00,5.5535087286690201e+00,5.5535087286690201e+00,7.0863317109573245e+00,5.5535087286690201e+00,4.6881042234234060e+00,9.4226141763941518e-01,7.0863317109573245e+00,7.0863317109573245e+00,7.0863317109573245e+00,7.0863317109573245e+00,7.0863317109573245e+00,7.0863317109573245e+00,5.5535087286690201e+00,4.6881042234234060e+00,5.5535087286690201e+00,4.6881042234234060e+00,0.0000000000000000e+00,7.0863317109573245e+00,7.0863317109573245e+00,5.5535087286690201e+00,5.5535087286690201e+00,5.5535087286690201e+00,5.5535087286690201e+00,9.4226141763941518e-01,5.5535087286690201e+00,5.5535087286690201e+00,7.0863317109573245e+00,2.8872609360648602e+00,9.4226141763941518e-01,2.0195475411023649e+00,7.0863317109573245e+00,2.0195475411023649e+00,4.6881042234234060e+00,9.4226141763941518e-01,2.0195475411023649e+00,2.8872609360648602e+00,7.0863317109573245e+00,4.6881042234234060e+00,5.5535087286690201e+00,5.5535087286690201e+00,7.0863317109573245e+00,7.0863317109573245e+00,0.0000000000000000e+00,5.5535087286690201e+00,2.0195475411023649e+00,7.0863317109573245e+00,7.0863317109573245e+00,9.4226141763941518e-01,2.8872609360648602e+00,2.0195475411023649e+00,5.5535087286690201e+00,0.0000000000000000e+00,2.8872609360648602e+00,7.0863317109573245e+00,5.5535087286690201e+00,3.7521188269889625e+00,7.0863317109573245e+00,7.0863317109573245e+00,0.0000000000000000e+00,7.0863317109573245e+00,2.8872609360648602e+00,9.4226141763941518e-01,3.7521188269889625e+00,2.0195475411023649e+00,5.5535087286690201e+00,2.0195475411023649e+00,2.0195475411023649e+00,2.0195475411023649e+00,4.6881042234234060e+00,7.0863317109573245e+00,2.8872609360648602e+00,4.6881042234234060e+00,2.8872609360648602e+00,3.7521188269889625e+00,4.6881042234234060e+00,4.6881042234234060e+00,2.0195475411023649e+00,7.0863317109573245e+00,3.7521188269889625e+00,7.0863317109573245e+00,4.6881042234234060e+00,7.0863317109573245e+00,4.6881042234234060e+00,7.0863317109573245e+00,4.6881042234234060e+00,4.6881042234234060e+00,3.7521188269889625e+00,7.0863317109573245e+00,9.4226141763941518e-01,5.5535087286690201e+00,2.0195475411023649e+00,7.0863317109573245e+00,2.0195475411023649e+00,2.8872609360648602e+00,7.0863317109573245e+00,5.5535087286690201e+00,7.0863317109573245e+00,5.5535087286690201e+00,3.7521188269889625e+00,9.4226141763941518e-01,2.8872609360648602e+00,5.5535087286690201e+00,5.5535087286690201e+00,7.0863317109573245e+00,7.0863317109573245e+00,7.0863317109573245e+00,4.6881042234234060e+00,2.8872609360648602e+00,4.6881042234234060e+00,5.5535087286690201e+00,3.7521188269889625e+00,5.5535087286690201e+00,4.6881042234234060e+00,9.4226141763941518e-01,4.6881042234234060e+00,7.0863317109573245e+00,7.0863317109573245e+00,3.7521188269889625e+00,4.6881042234234060e+00,7.0863317109573245e+00,7.0863317109573245e+00,7.0863317109573245e+00,3.7521188269889625e+00,4.6881042234234060e+00,4.6881042234234060e+00,7.0863317109573245e+00,2.0195475411023649e+00,7.0863317109573245e+00,7.0863317109573245e+00,7.0863317109573245e+00,4.6881042234234060e+00,4.6881042234234060e+00,4.6881042234234060e+00,7.0863317109573245e+00,0.0000000000000000e+00,7.0863317109573245e+00,5.5535087286690201e+00,7.0863317109573245e+00,7.0863317109573245e+00,5.5535087286690201e+00,7.0863317109573245e+00,7.0863317109573245e+00,0.0000000000000000e+00,9.4226141763941518e-01,3.7521188269889625e+00,0.0000000000000000e+00,2.0195475411023649e+00,9.4226141763941518e-01,7.0863317109573245e+00,7.0863317109573245e+00,7.0863317109573245e+00,7.0863317109573245e+00,3.7521188269889625e+00,2.8872609360648602e+00,4.6881042234234060e+00,7.0863317109573245e+00,4.6881042234234060e+00,2.0195475411023649e+00,2.0195475411023649e+00,2.8872609360648602e+00,7.0863317109573245e+00,7.0863317109573245e+00,7.0863317109573245e+00,7.0863317109573245e+00,7.0863317109573245e+00,0.0000000000000000e+00,7.0863317109573245e+00,2.0195475411023649e+00,0.0000000000000000e+00,7.0863317109573245e+00,7.0863317109573245e+00,4.6881042234234060e+00,7.0863317109573245e+00,2.8872609360648602e+00,0.0000000000000000e+00,3.7521188269889625e+00,3.7521188269889625e+00,4.6881042234234060e+00,5.5535087286690201e+00,0.0000000000000000e+00,5.5535087286690201e+00,2.0195475411023649e+00,4.6881042234234060e+00,9.4226141763941518e-01,5.5535087286690201e+00,7.0863317109573245e+00,5.5535087286690201e+00,2.0195475411023649e+00,3.7521188269889625e+00,3.7521188269889625e+00,2.0195475411023649e+00,2.8872609360648602e+00,9.4226141763941518e-01,3.7521188269889625e+00,9.4226141763941518e-01,7.0863317109573245e+00,9.4226141763941518e-01,2.8872609360648602e+00,2.0195475411023649e+00,7.0863317109573245e+00,7.0863317109573245e+00,2.0195475411023649e+00,5.5535087286690201e+00,3.7521188269889625e+00,7.0863317109573245e+00,7.0863317109573245e+00,7.0863317109573245e+00,7.0863317109573245e+00,5.5535087286690201e+00,2.0195475411023649e+00,4.6881042234234060e+00,0.0000000000000000e+00,4.6881042234234060e+00,7.0863317109573245e+00,5.5535087286690201e+00,7.0863317109573245e+00,5.5535087286690201e+00,3.7521188269889625e+00,3.7521188269889625e+00,4.6881042234234060e+00,7.0863317109573245e+00,4.6881042234234060e+00,5.5535087286690201e+00,5.5535087286690201e+00,3.7521188269889625e+00,5.5535087286690201e+00,7.0863317109573245e+00,9.4226141763941518e-01,5.5535087286690201e+00,7.0863317109573245e+00,0.0000000000000000e+00,4.6881042234234060e+00,7.0863317109573245e+00,0.0000000000000000e+00,7.0863317109573245e+00,7.0863317109573245e+00,7.0863317109573245e+00,7.0863317109573245e+00,7.0863317109573245e+00,5.5535087286690201e+00,7.0863317109573245e+00,4.6881042234234060e+00,7.0863317109573245e+00,0.0000000000000000e+00,5.5535087286690201e+00,7.0863317109573245e+00,5.5535087286690201e+00,2.8872609360648602e+00,5.5535087286690201e+00,3.7521188269889625e+00,0.0000000000000000e+00,3.7521188269889625e+00,2.0195475411023649e+00,7.0863317109573245e+00,2.0195475411023649e+00,7.0863317109573245e+00,4.6881042234234060e+00,4.6881042234234060e+00,5.5535087286690201e+00,4.6881042234234060e+00,3.7521188269889625e+00,4.6881042234234060e+00,5.5535087286690201e+00,0.0000000000000000e+00,4.6881042234234060e+00,2.0195475411023649e+00,5.5535087286690201e+00,4.6881042234234060e+00,5.5535087286690201e+00,2.0195475411023649e+00,7.0863317109573245e+00,5.5535087286690201e+00,7.0863317109573245e+00,9.4226141763941518e-01,0.0000000000000000e+00,9.4226141763941518e-01,4.6881042234234060e+00,4.6881042234234060e+00,4.6881042234234060e+00,2.8872609360648602e+00,5.5535087286690201e+00,5.5535087286690201e+00,2.8872609360648602e+00,3.7521188269889625e+00,5.5535087286690201e+00,2.8872609360648602e+00,5.5535087286690201e+00,5.5535087286690201e+00,5.5535087286690201e+00,2.0195475411023649e+00,5.5535087286690201e+00,0.0000000000000000e+00,7.0863317109573245e+00,2.8872609360648602e+00,4.6881042234234060e+00,7.0863317109573245e+00,9.4226141763941518e-01,9.4226141763941518e-01,0.0000000000000000e+00,7.0863317109573245e+00,7.0863317109573245e+00,2.8872609360648602e+00,4.6881042234234060e+00,5.5535087286690201e+00,9.4226141763941518e-01,2.0195475411023649e+00,5.5535087286690201e+00,0.0000000000000000e+00,7.0863317109573245e+00,4.6881042234234060e+00,7.0863317109573245e+00,7.0863317109573245e+00,5.5535087286690201e+00,2.8872609360648602e+00,7.0863317109573245e+00,5.5535087286690201e+00,5.5535087286690201e+00,7.0863317109573245e+00,5.5535087286690201e+00,5.5535087286690201e+00,4.6881042234234060e+00,7.0863317109573245e+00,3.7521188269889625e+00,7.0863317109573245e+00,7.0863317109573245e+00,7.0863317109573245e+00,2.0195475411023649e+00,9.4226141763941518e-01,2.8872609360648602e+00,3.7521188269889625e+00,7.0863317109573245e+00,7.0863317109573245e+00,2.8872609360648602e+00,2.8872609360648602e+00,4.6881042234234060e+00,3.7521188269889625e+00,7.0863317109573245e+00,2.8872609360648602e+00,4.6881042234234060e+00,2.0195475411023649e+00,7.0863317109573245e+00,3.7521188269889625e+00,4.6881042234234060e+00,4.6881042234234060e+00,0.0000000000000000e+00,3.7521188269889625e+00,7.0863317109573245e+00,3.7521188269889625e+00,3.7521188269889625e+00,7.0863317109573245e+00,5.5535087286690201e+00,0.0000000000000000e+00,7.0863317109573245e+00,5.5535087286690201e+00,7.0863317109573245e+00,5.5535087286690201e+00,4.6881042234234060e+00,4.6881042234234060e+00,9.4226141763941518e-01,3.7521188269889625e+00,7.0863317109573245e+00,2.0195475411023649e+00,4.6881042234234060e+00,7.0863317109573245e+00,2.0195475411023649e+00,5.5535087286690201e+00,9.4226141763941518e-01,7.0863317109573245e+00,5.5535087286690201e+00,7.0863317109573245e+00,4.6881042234234060e+00,0.0000000000000000e+00,9.4226141763941518e-01,7.0863317109573245e+00,2.8872609360648602e+00,7.0863317109573245e+00,2.0195475411023649e+00,7.0863317109573245e+00,3.7521188269889625e+00,7.0863317109573245e+00,7.0863317109573245e+00,5.5535087286690201e+00,2.8872609360648602e+00,3.7521188269889625e+00,4.6881042234234060e+00,7.0863317109573245e+00,5.5535087286690201e+00,5.5535087286690201e+00,0.0000000000000000e+00,7.0863317109573245e+00,0.0000000000000000e+00,4.6881042234234060e+00,7.0863317109573245e+00,5.5535087286690201e+00,7.0863317109573245e+00,7.0863317109573245e+00,4.6881042234234060e+00,5.5535087286690201e+00,4.6881042234234060e+00,5.5535087286690201e+00,7.0863317109573245e+00,5.5535087286690201e+00,7.0863317109573245e+00,2.0195475411023649e+00,4.6881042234234060e+00,5.5535087286690201e+00,7.0863317109573245e+00,4.6881042234234060e+00,7.0863317109573245e+00,4.6881042234234060e+00,7.0863317109573245e+00,9.4226141763941518e-01,4.6881042234234060e+00,3.7521188269889625e+00,7.0863317109573245e+00,4.6881042234234060e+00,2.8872609360648602e+00,2.8872609360648602e+00,4.6881042234234060e+00,4.6881042234234060e+00,4.6881042234234060e+00,7.0863317109573245e+00,4.6881042234234060e+00,9.4226141763941518e-01,3.7521188269889625e+00,3.7521188269889625e+00,7.0863317109573245e+00,2.0195475411023649e+00,9.4226141763941518e-01,7.0863317109573245e+00,7.0863317109573245e+00,2.0195475411023649e+00,7.0863317109573245e+00,7.0863317109573245e+00,7.0863317109573245e+00,0.0000000000000000e+00,0.0000000000000000e+00,4.6881042234234060e+00,3.7521188269889625e+00,2.8872609360648602e+00,9.4226141763941518e-01,7.0863317109573245e+00,7.0863317109573245e+00,7.0863317109573245e+00,7.0863317109573245e+00,3.7521188269889625e+00,5.5535087286690201e+00,5.5535087286690201e+00,4.6881042234234060e+00,2.0195475411023649e+00,0.0000000000000000e+00,4.6881042234234060e+00,3.7521188269889625e+00,5.5535087286690201e+00,3.7521188269889625e+00,4.6881042234234060e+00,9.4226141763941518e-01,9.4226141763941518e-01,5.5535087286690201e+00,3.7521188269889625e+00,4.6881042234234060e+00,7.0863317109573245e+00,5.5535087286690201e+00,7.0863317109573245e+00,2.8872609360648602e+00,5.5535087286690201e+00,2.8872609360648602e+00,5.5535087286690201e+00,0.0000000000000000e+00,5.5535087286690201e+00,3.7521188269889625e+00,5.5535087286690201e+00,5.5535087286690201e+00,5.5535087286690201e+00,3.7521188269889625e+00,3.7521188269889625e+00,7.0863317109573245e+00,7.0863317109573245e+00,7.0863317109573245e+00,7.0863317109573245e+00,7.0863317109573245e+00,5.5535087286690201e+00,5.5535087286690201e+00,7.0863317109573245e+00,2.8872609360648602e+00,7.0863317109573245e+00,7.0863317109573245e+00,4.6881042234234060e+00,7.0863317109573245e+00,3.7521188269889625e+00,9.4226141763941518e-01,0.0000000000000000e+00,2.8872609360648602e+00,9.4226141763941518e-01,4.6881042234234060e+00,4.6881042234234060e+00,4.6881042234234060e+00,3.7521188269889625e+00,4.6881042234234060e+00,3.7521188269889625e+00,7.0863317109573245e+00,7.0863317109573245e+00,0.0000000000000000e+00,3.7521188269889625e+00,2.0195475411023649e+00,3.7521188269889625e+00,7.0863317109573245e+00,4.6881042234234060e+00,3.7521188269889625e+00,7.0863317109573245e+00,2.0195475411023649e+00,3.7521188269889625e+00,7.0863317109573245e+00,5.5535087286690201e+00,4.6881042234234060e+00,0.0000000000000000e+00,4.6881042234234060e+00,4.6881042234234060e+00,5.5535087286690201e+00,5.5535087286690201e+00,9.4226141763941518e-01,4.6881042234234060e+00,0.0000000000000000e+00,0.0000000000000000e+00,3.7521188269889625e+00,4.6881042234234060e+00,9.4226141763941518e-01,7.0863317109573245e+00,7.0863317109573245e+00,5.5535087286690201e+00,7.0863317109573245e+00,7.0863317109573245e+00,3.7521188269889625e+00,7.0863317109573245e+00,7.0863317109573245e+00,7.0863317109573245e+00,7.0863317109573245e+00,9.4226141763941518e-01,9.4226141763941518e-01,0.0000000000000000e+00,7.0863317109573245e+00,7.0863317109573245e+00,4.6881042234234060e+00,7.0863317109573245e+00,9.4226141763941518e-01,7.0863317109573245e+00,9.4226141763941518e-01,7.0863317109573245e+00,7.0863317109573245e+00,7.0863317109573245e+00,4.6881042234234060e+00,7.0863317109573245e+00,0.0000000000000000e+00,4.6881042234234060e+00,9.4226141763941518e-01,2.8872609360648602e+00,7.0863317109573245e+00,3.7521188269889625e+00,7.0863317109573245e+00,7.0863317109573245e+00,9.4226141763941518e-01,7.0863317109573245e+00,0.0000000000000000e+00,4.6881042234234060e+00,7.0863317109573245e+00,0.0000000000000000e+00,2.0195475411023649e+00,0.0000000000000000e+00,9.4226141763941518e-01,5.5535087286690201e+00,2.8872609360648602e+00,7.0863317109573245e+00,7.0863317109573245e+00,5.5535087286690201e+00,2.0195475411023649e+00,5.5535087286690201e+00,3.7521188269889625e+00,3.7521188269889625e+00,7.0863317109573245e+00,7.0863317109573245e+00,7.0863317109573245e+00,0.0000000000000000e+00,0.0000000000000000e+00,7.0863317109573245e+00,5.5535087286690201e+00,2.8872609360648602e+00,2.8872609360648602e+00,4.6881042234234060e+00,7.0863317109573245e+00,5.5535087286690201e+00,7.0863317109573245e+00,2.0195475411023649e+00,7.0863317109573245e+00,7.0863317109573245e+00,4.6881042234234060e+00,4.6881042234234060e+00,4.6881042234234060e+00,5.5535087286690201e+00,3.7521188269889625e+00,7.0863317109573245e+00,9.4226141763941518e-01
6.4696765545826276e+00,4.5922393595017930e+00,4.5922393595017930e+00,4.5922393595017930e+00,6.4696765545826276e+00,1.8150099060488945e+00,4.5922393595017930e+00,1.8150099060488945e+00,4.5922393595017930e+00,6.4696765545826276e+00,6.4696765545826276e+00,1.0219521459298400e+00,4.5922393595017930e+00,6.4696765545826276e+00,5.6738868170227805e+00,5.6738868170227805e+00,4.5922393595017930e+00,5.6738868170227805e+00,4.5922393595017930e+00,1.8150099060488945e+00,0.0000000000000000e+00,5.6738868170227805e+00,2.6085317289061822e+00,2.6085317289061822e+00,2.6085317289061822e+00,6.4696765545826276e+00,0.0000000000000000e+00,2.6085317289061822e+00,5.6738868170227805e+00,1.0219521459298400e+00,5.6738868170227805e+00,5.6738868170227805e+00,5.6738868170227805e+00,4.5922393595017930e+00,1.0219521459298400e+00,0.0000000000000000e+00,6.4696765545826276e+00,2.6085317289061822e+00,4.5922393595017930e+00,6.4696765545826276e+00,6.4696765545826276e+00,2.6085317289061822e+00,4.5922393595017930e+00,6.4696765545826276e+00,6.4696765545826276e+00,0.0000000000000000e+00,5.6738868170227805e+00,5.6738868170227805e+00,4.5922393595017930e+00,2.6085317289061822e+00,4.5922393595017930e+00,2.6085317289061822e+00,6.4696765545826276e+00,1.0219521459298400e+00,6.4696765545826276e+00,6.4696765545826276e+00,6.4696765545826276e+00,3.7581217732073902e+00,3.7581217732073902e+00,1.8150099060488945e+00,2.6085317289061822e+00,6.4696765545826276e+00,3.7581217732073902e+00,6.4696765545826276e+00,6.4696765545826276e+00,4.5922393595017930e+00,4.5922393595017930e+00,2.6085317289061822e+00,6.4696765545826276e+00,1.0219521459298400e+00,1.8150099060488945e+00,6.4696765545826276e+00,3.7581217732073902e+00,6.4696765545826276e+00,6.4696765545826276e+00,4.5922393595017930e+00,6.4696765545826276e+00,5.6738868170227805e+00,6.4696765545826276e+00,2.6085317289061822e+00,6.4696765545826276e+00,6.4696765545826276e+00,4.5922393595017930e+00,5.6738868170227805e+00,3.7581217732073902e+00,6.4696765545826276e+00,6.4696765545826276e+00,6.4696765545826276e+00,1.8150099060488945e+00,2.6085317289061822e+00,5.6738868170227805e+00,5.6738868170227805e+00,6.4696765545826276e+00,1.8150099060488945e+00,5.6738868170227805e+00,6.4696765545826276e+00,1.8150099060488945e+00,6.4696765545826276e+00,6.4696765545826276e+00,6.4696765545826276e+00,5.6738868170227805e+00,5.6738868170227805e+00,1.8150099060488945e+00,6.4696765545826276e+00,2.6085317289061822e+00,0.0000000000000000e+00,4.5922393595017930e+00,4.5922393595017930e+00,1.0219521459298400e+00,4.5922393595017930e+00,1.8150099060488945e+00,5.6738868170227805e+00,5.6738868170227805e+00,1.8150099060488945e+00,6.4696765545826276e+00,6.4696765545826276e+00,6.4696765545826276e+00,1.0219521459298400e+00,3.7581217732073902e+00,6.4696765545826276e+00,6.4696765545826276e+00,1.0219521459298400e+00,5.6738868170227805e+00,0.0000000000000000e+00,5.6738868170227805e+00,1.0219521459298400e+00,5.6738868170227805e+00,6.4696765545826276e+00,1.0219521459298400e+00,3.7581217732073902e+00,1.8150099060488945e+00,1.8150099060488945e+00,4.5922393595017930e+00,6.4696765545826276e+00,3.7581217732073902e+00,6.4696765545826276e+00,6.4696765545826276e+00,6.4696765545826276e+00,3.7581217732073902e+00,1.8150099060488945e+00,4.5922393595017930e+00,4.5922393595017930e+00,2.6085317289061822e+00,4.5922393595017930e+00,4.5922393595017930e+00,4.5922393595017930e+00,4.5922393595017930e+00,0.0000000000000000e+00,3.7581217732073902e+00,3.7581217732073902e+00,6.4696765545826276e+00,1.8150099060488945e+00,2.6085317289061822e+00,2.6085317289061822e+00,4.5922393595017930e+00,3.7581217732073902e+00,3.7581217732073902e+00,6.4696765545826276e+00,2.6085317289061822e+00,6.4696765545826276e+00,6.4696765545826276e+00,6.4696765545826276e+00,2.6085317289061822e+00,6.4696765545826276e+00,6.4696765545826276e+00,0.0000000000000000e+00,6.4696765545826276e+00,3.7581217732073902e+00,3.7581217732073902e+00,3.7581217732073902e+00,6.4696765545826276e+00,1.0219521459298400e+00,3.7581217732073902e+00,3.7581217732073902e+00,3.7581217732073902e+00,0.0000000000000000e+00,3.7581217732073902e+00,6.4696765545826276e+00,4.5922393595017930e+00,1.0219521459298400e+00,5.6738868170227805e+00,2.6085317289061822e+00,6.4696765545826276e+00,6.4696765545826276e+00,6.4696765545826276e+00,3.7581217732073902e+00,6.4696765545826276e+00,6.4696765545826276e+00,6.4696765545826276e+00,1.0219521459298400e+00,1.8150099060488945e+00,6.4696765545826276e+00,1.8150099060488945e+00,2.6085317289061822e+00,4.5922393595017930e+00,4.5922393595017930e+00,1.0219521459298400e+00,5.6738868170227805e+00,5.6738868170227805e+00,6.4696765545826276e+00,2.6085317289061822e+00,6.4696765545826276e+00,6.4696765545826276e+00,2.6085317289061822e+00,6.4696765545826276e+00,3.7581217732073902e+00,6.4696765545826276e+00,6.4696765545826276e+00,6.4696765545826276e+00,6.4696765545826276e+00,0.0000000000000000e+00,6.4696765545826276e+00,6.4696765545826276e+00,0.0000000000000000e+00,3.7581217732073902e+00,2.6085317289061822e+00,3.7581217732073902e+00,0.0000000000000000e+00,6.4696765545826276e+00,6.4696765545826276e+00,1.0219521459298400e+00,5.6738868170227805e+00,2.6085317289061822e+00,1.8150099060488945e+00,2.6085317289061822e+00,3.7581217732073902e+00,2.6085317289061822e+00,6.4696765545826276e+00,1.8150099060488945e+00,1.8150099060488945e+00,1.8150099060488945e+00,6.4696765545826276e+00,1.0219521459298400e+00,2.6085317289061822e+00,1.0219521459298400e+00,1.8150099060488945e+00,1.0219521459298400e+00,4.5922393595017930e+00,4.5922393595017930e+00,1.8150099060488945e+00,1.8150099060488945e+00,2.6085317289061822e+00,4.5922393595017930e+00,1.0219521459298400e+00,3.7581217732073902e+00,2.6085317289061822e+00,6.4696765545826276e+00,6.4696765545826276e+00,6.4696765545826276e+00,1.8150099060488945e+00,6.4696765545826276e+00,4.5922393595017930e+00,6.4696765545826276e+00,6.4696765545826276e+00,6.4696765545826276e+00,6.4696765545826276e+00,6.4696765545826276e+00,1.8150099060488945e+00,2.6085317289061822e+00,3.7581217732073902e+00,6.4696765545826276e+00,4.5922393595017930e+00,1.0219521459298400e+00,6.4696765545826276e+00,3.7581217732073902e+00,1.8150099060488945e+00,2.6085317289061822e+00,5.6738868170227805e+00,5.6738868170227805e+00,5.6738868170227805e+00,3.7581217732073902e+00,5.6738868170227805e+00,1.8150099060488945e+00,5.6738868170227805e+00,5.6738868170227805e+00,5.6738868170227805e+00,1.8150099060488945e+00,5.6738868170227805e+00,5.6738868170227805e+00,0.0000000000000000e+00,1.8150099060488945e+00,6.4696765545826276e+00,6.4696765545826276e+00,4.5922393595017930e+00,2.6085317289061822e+00,2.6085317289061822e+00,3.7581217732073902e+00,4.5922393595017930e+00,4.5922393595017930e+00,4.5922393595017930e+00,5.6738868170227805e+00,4.5922393595017930e+00,0.0000000000000000e+00,2.6085317289061822e+00,2.6085317289061822e+00,5.6738868170227805e+00,3.7581217732073902e+00,1.8150099060488945e+00,5.6738868170227805e+00,6.4696765545826276e+00,6.4696765545826276e+00,6.4696765545826276e+00,3.7581217732073902e+00,1.0219521459298400e+00,6.4696765545826276e+00,5.6738868170227805e+00,5.6738868170227805e+00,5.6738868170227805e+00,6.4696765545826276e+00,4.5922393595017930e+00,5.6738868170227805e+00,4.5922393595017930e+00,4.5922393595017930e+00,3.7581217732073902e+00,3.7581217732073902e+00,4.5922393595017930e+00,4.5922393595017930e+00,4.5922393595017930e+00,3.7581217732073902e+00,1.0219521459298400e+00,5.6738868170227805e+00,2.6085317289061822e+00,5.6738868170227805e+00,1.8150099060488945e+00,4.5922393595017930e+00,3.7581217732073902e+00,6.4696765545826276e+00,3.7581217732073902e+00,6.4696765545826276e+00,5.6738868170227805e+00,4.5922393595017930e+00,4.5922393595017930e+00,6.4696765545826276e+00,5.6738868170227805e+00,6.4696765545826276e+00,6.4696765545826276e+00,6.4696765545826276e+00,6.4696765545826276e+00,6.4696765545826276e+00,1.0219521459298400e+00,1.0219521459298400e+00,4.5922393595017930e+00,4.5922393595017930e+00,2.6085317289061822e+00,6.4696765545826276e+00,6.4696765545826276e+00,6.4696765545826276e+00,6.4696765545826276e+00,1.0219521459298400e+00,0.0000000000000000e+00,1.8150099060488945e+00,6.4696765545826276e+00,6.4696765545826276e+00,4.5922393595017930e+00,3.7581217732073902e+00,6.4696765545826276e+00,4.5922393595017930e+00,6.4696765545826276e+00,3.7581217732073902e+00,1.0219521459298400e+00,3.7581217732073902e+00,1.0219521459298400e+00,5.6738868170227805e+00,4.5922393595017930e+00,4.5922393595017930e+00,5.6738868170227805e+00,0.0000000000000000e+00,3.7581217732073902e+00,2.6085317289061822e+00,5.6738868170227805e+00,6.4696765545826276e+00,4.5922393595017930e+00,6.4696765545826276e+00,6.4696765545826276e+00,2.6085317289061822e+00,5.6738868170227805e+00,1.8150099060488945e+00,6.4696765545826276e+00,6.4696765545826276e+00,2.6085317289061822e+00,5.6738868170227805e+00,1.0219521459298400e+00,6.4696765545826276e+00,6.4696765545826276e+00,1.8150099060488945e+00,5.6738868170227805e+00,1.0219521459298400e+00,5.6738868170227805e+00,1.8150099060488945e+00,5.6738868170227805e+00,1.0219521459298400e+00,0.0000000000000000e+00,0.0000000000000000e+00,1.8150099060488945e+00,2.6085317289061822e+00,0.0000000000000000e+00,6.4696765545826276e+00,3.7581217732073902e+00,6.4696765545826276e+00,6.4696765545826276e+00,6.4696765545826276e+00,6.4696765545826276e+00,1.0219521459298400e+00,3.7581217732073902e+00,6.4696765545826276e+00,6.4696765545826276e+00,5.6738868170227805e+00,1.8150099060488945e+00,5.6738868170227805e+00,1.8150099060488945e+00,6.4696765545826276e+00,6.4696765545826276e+00,1.0219521459298400e+00,6.4696765545826276e+00,6.4696765545826276e+00,6.4696765545826276e+00,0.0000000000000000e+00,3.7581217732073902e+00,5.6738868170227805e+00,3.7581217732073902e+00,2.6085317289061822e+00,6.4696765545826276e+00,6.4696765545826276e+00,5.6738868170227805e+00,3.7581217732073902e+00,5.6738868170227805e+00,0.0000000000000000e+00,4.5922393595017930e+00,6.4696765545826276e+00,1.8150099060488945e+00,3.7581217732073902e+00,3.7581217732073902e+00,6.4696765545826276e+00,5.6738868170227805e+00,5.6738868170227805e+00,5.6738868170227805e+00,3.7581217732073902e+00,0.0000000000000000e+00,4.5922393595017930e+00,2.6085317289061822e+00,4.5922393595017930e+00,6.4696765545826276e+00,6.4696765545826276e+00,1.0219521459298400e+00,1.0219521459298400e+00,6.4696765545826276e+00,4.5922393595017930e+00,4.5922393595017930e+00,4.5922393595017930e+00,4.5922393595017930e+00,6.4696765545826276e+00,2.6085317289061822e+00,3.7581217732073902e+00,3.7581217732073902e+00,2.6085317289061822e+00,3.7581217732073902e+00,1.8150099060488945e+00,0.0000000000000000e+00,0.0000000000000000e+00,2.6085317289061822e+00,2.6085317289061822e+00,1.8150099060488945e+00,4.5922393595017930e+00,4.5922393595017930e+00,1.8150099060488945e+00,6.4696765545826276e+00,2.6085317289061822e+00,6.4696765545826276e+00,6.4696765545826276e+00,6.4696765545826276e+00,2.6085317289061822e+00,3.7581217732073902e+00,6.4696765545826276e+00,6.4696765545826276e+00,3.7581217732073902e+00,3.7581217732073902e+00,3.7581217732073902e+00,3.7581217732073902e+00,3.7581217732073902e+00,1.0219521459298400e+00,3.7581217732073902e+00,6.4696765545826276e+00,3.7581217732073902e+00,6.4696765545826276e+00,4.5922393595017930e+00,2.6085317289061822e+00,6.4696765545826276e+00,4.5922393595017930e+00,3.7581217732073902e+00,5.6738868170227805e+00,4.5922393595017930e+00,1.0219521459298400e+00,6.4696765545826276e+00,4.5922393595017930e+00,4.5922393595017930e+00,5.6738868170227805e+00,5.6738868170227805e+00,1.8150099060488945e+00,2.6085317289061822e+00,1.8150099060488945e+00,5.6738868170227805e+00,4.5922393595017930e+00,4.5922393595017930e+00,6.4696765545826276e+00,6.4696765545826276e+00,6.4696765545826276e+00,0.0000000000000000e+00,5.6738868170227805e+00,5.6738868170227805e+00,6.4696765545826276e+00,4.5922393595017930e+00,6.4696765545826276e+00,2.6085317289061822e+00,1.0219521459298400e+00,4.5922393595017930e+00,6.4696765545826276e+00,0.0000000000000000e+00,4.5922393595017930e+00,1.0219521459298400e+00,3.7581217732073902e+00,6.4696765545826276e+00,6.4696765545826276e+00,1.0219521459298400e+00,6.4696765545826276e+00,3.7581217732073902e+00,6.4696765545826276e+00,0.0000000000000000e+00,6.4696765545826276e+00,6.4696765545826276e+00,2.6085317289061822e+00,6.4696765545826276e+00,0.0000000000000000e+00,4.5922393595017930e+00,5.6738868170227805e+00,0.0000000000000000e+00,1.8150099060488945e+00,4.5922393595017930e+00,6.4696765545826276e+00,3.7581217732073902e+00,0.0000000000000000e+00,6.4696765545826276e+00,6.4696765545826276e+00,4.5922393595017930e+00,6.4696765545826276e+00,6.4696765545826276e+00,6.4696765545826276e+00,3.7581217732073902e+00,2.6085317289061822e+00,0.0000000000000000e+00,3.7581217732073902e+00,6.4696765545826276e+00,5.6738868170227805e+00,5.6738868170227805e+00,1.0219521459298400e+00,6.4696765545826276e+00,1.0219521459298400e+00,5.6738868170227805e+00,2.6085317289061822e+00,1.8150099060488945e+00,6.4696765545826276e+00,1.0219521459298400e+00,0.0000000000000000e+00,3.7581217732073902e+00,6.4696765545826276e+00,4.5922393595017930e+00,1.0219521459298400e+00,4.5922393595017930e+00,4.5922393595017930e+00,1.0219521459298400e+00,1.0219521459298400e+00,2.6085317289061822e+00,4.5922393595017930e+00,1.0219521459298400e+00,1.8150099060488945e+00,6.4696765545826276e+00,3.7581217732073902e+00,3.7581217732073902e+00,2.6085317289061822e+00,2.6085317289061822e+00,3.7581217732073902e+00,1.8150099060488945e+00,4.5922393595017930e+00,6.4696765545826276e+00,6.4696765545826276e+00,1.8150099060488945e+00,4.5922393595017930e+00,2.6085317289061822e+00,6.4696765545826276e+00,6.4696765545826276e+00,6.4696765545826276e+00,3.7581217732073902e+00,3.7581217732073902e+00,3.7581217732073902e+00,4.5922393595017930e+00,6.4696765545826276e+00,0.0000000000000000e+00,1.8150099060488945e+00,6.4696765545826276e+00,6.4696765545826276e+00,4.5922393595017930e+00,0.0000000000000000e+00,6.4696765545826276e+00,4.5922393595017930e+00,4.5922393595017930e+00,6.4696765545826276e+00,6.4696765545826276e+00,6.4696765545826276e+00,3.7581217732073902e+00,6.4696765545826276e+00,4.5922393595017930e+00,0.0000000000000000e+00,4.5922393595017930e+00,3.7581217732073902e+00,1.0219521459298400e+00,1.0219521459298400e+00,1.8150099060488945e+00,6.4696765545826276e+00,6.4696765545826276e+00,6.4696765545826276e+00,3.7581217732073902e+00,3.7581217732073902e+00,3.7581217732073902e+00,3.7581217732073902e+00,0.0000000000000000e+00,6.4696765545826276e+00,3.7581217732073902e+00,4.5922393595017930e+00,4.5922393595017930e+00,1.8150099060488945e+00,4.5922393595017930e+00,1.8150099060488945e+00,6.4696765545826276e+00,1.8150099060488945e+00,3.7581217732073902e+00,6.4696765545826276e+00,4.5922393595017930e+00,1.8150099060488945e+00,3.7581217732073902e+00,4.5922393595017930e+00,6.4696765545826276e+00,6.4696765545826276e+00,6.4696765545826276e+00,4.5922393595017930e+00,4.5922393595017930e+00,3.7581217732073902e+00,4.5922393595017930e+00,4.5922393595017930e+00,3.7581217732073902e+00,0.0000000000000000e+00,1.0219521459298400e+00,0.0000000000000000e+00,6.4696765545826276e+00,6.4696765545826276e+00,6.4696765545826276e+00,1.8150099060488945e+00,5.6738868170227805e+00,3.7581217732073902e+00,6.4696765545826276e+00,6.4696765545826276e+00,1.8150099060488945e+00,1.8150099060488945e+00,0.0000000000000000e+00,4.5922393595017930e+00,6.4696765545826276e+00,5.6738868170227805e+00,5.6738868170227805e+00,6.4696765545826276e+00,1.8150099060488945e+00,4.5922393595017930e+00,0.0000000000000000e+00,3.7581217732073902e+00,1.8150099060488945e+00,1.0219521459298400e+00,0.0000000000000000e+00,1.8150099060488945e+00,4.5922393595017930e+00,4.5922393595017930e+00,4.5922393595017930e+00,2.6085317289061822e+00,2.6085317289061822e+00,4.5922393595017930e+00,6.4696765545826276e+00,6.4696765545826276e+00,3.7581217732073902e+00,6.4696765545826276e+00,4.5922393595017930e+00,6.4696765545826276e+00,6.4696765545826276e+00,6.4696765545826276e+00,1.8150099060488945e+00,6.4696765545826276e+00,3.7581217732073902e+00,1.8150099060488945e+00,5.6738868170227805e+00,6.4696765545826276e+00,6.4696765545826276e+00,2.6085317289061822e+00,1.8150099060488945e+00,2.6085317289061822e+00,6.4696765545826276e+00,3.7581217732073902e+00,2.6085317289061822e+00,2.6085317289061822e+00,5.6738868170227805e+00,3.7581217732073902e+00,4.5922393595017930e+00,6.4696765545826276e+00,6.4696765545826276e+00,6.4696765545826276e+00,1.8150099060488945e+00,1.0219521459298400e+00,6.4696765545826276e+00,5.6738868170227805e+00,2.6085317289061822e+00,0.0000000000000000e+00,1.0219521459298400e+00,1.8150099060488945e+00,4.5922393595017930e+00,1.0219521459298400e+00,6.4696765545826276e+00,4.5922393595017930e+00,0.0000000000000000e+00,0.0000000000000000e+00,1.8150099060488945e+00,4.5922393595017930e+00,4.5922393595017930e+00,5.6738868170227805e+00,5.6738868170227805e+00,5.6738868170227805e+00,1.8150099060488945e+00,4.5922393595017930e+00,1.0219521459298400e+00,4.5922393595017930e+00,6.4696765545826276e+00,1.8150099060488945e+00,3.7581217732073902e+00,4.5922393595017930e+00,0.0000000000000000e+00,4.5922393595017930e+00,1.0219521459298400e+00,0.0000000000000000e+00,6.4696765545826276e+00,6.4696765545826276e+00,4.5922393595017930e+00,4.5922393595017930e+00,4.5922393595017930e+00,1.8150099060488945e+00,5.6738868170227805e+00,4.5922393595017930e+00,6.4696765545826276e+00,6.4696765545826276e+00,1.0219521459298400e+00,1.8150099060488945e+00,3.7581217732073902e+00,6.4696765545826276e+00,5.6738868170227805e+00,3.7581217732073902e+00,3.7581217732073902e+00,0.0000000000000000e+00,1.0219521459298400e+00,4.5922393595017930e+00,4.5922393595017930e+00,5.6738868170227805e+00,6.4696765545826276e+00,4.5922393595017930e+00,5.6738868170227805e+00,6.4696765545826276e+00,2.6085317289061822e+00,6.4696765545826276e+00,1.0219521459298400e+00,5.6738868170227805e+00,4.5922393595017930e+00,6.4696765545826276e+00,4.5922393595017930e+00,4.5922393595017930e+00,6.4696765545826276e+00,5.6738868170227805e+00,4.5922393595017930e+00,5.6738868170227805e+00,2.6085317289061822e+00,6.4696765545826276e+00,3.7581217732073902e+00,1.8150099060488945e+00,3.7581217732073902e+00,5.6738868170227805e+00,1.8150099060488945e+00,0.0000000000000000e+00,3.7581217732073902e+00,6.4696765545826276e+00,6.4696765545826276e+00,1.0219521459298400e+00,5.6738868170227805e+00,1.8150099060488945e+00,2.6085317289061822e+00,4.5922393595017930e+00,3.7581217732073902e+00,2.6085317289061822e+00,1.8150099060488945e+00,3.7581217732073902e+00,4.5922393595017930e+00,4.5922393595017930e+00,2.6085317289061822e+00,4.5922393595017930e+00,5.6738868170227805e+00,1.8150099060488945e+00,3.7581217732073902e+00,3.7581217732073902e+00,6.4696765545826276e+00,4.5922393595017930e+00,1.8150099060488945e+00,1.0219521459298400e+00,6.4696765545826276e+00,2.6085317289061822e+00,6.4696765545826276e+00,1.0219521459298400e+00,2.6085317289061822e+00,6.4696765545826276e+00,6.4696765545826276e+00,5.6738868170227805e+00,5.6738868170227805e+00,3.7581217732073902e+00,4.5922393595017930e+00,5.6738868170227805e+00,6.4696765545826276e+00,3.7581217732073902e+00,3.7581217732073902e+00,5.6738868170227805e+00,6.4696765545826276e+00,1.0219521459298400e+00,6.4696765545826276e+00,6.4696765545826276e+00,6.4696765545826276e+00,2.6085317289061822e+00,1.8150099060488945e+00,1.8150099060488945e+00,6.4696765545826276e+00,3.7581217732073902e+00,6.4696765545826276e+00,3.7581217732073902e+00,5.6738868170227805e+00,6.4696765545826276e+00,1.0219521459298400e+00,1.8150099060488945e+00,2.6085317289061822e+00,6.4696765545826276e+00,3.7581217732073902e+00,1.8150099060488945e+00,5.6738868170227805e+00,5.6738868170227805e+00,6.4696765545826276e+00,5.6738868170227805e+00,1.8150099060488945e+00,5.6738868170227805e+00,6.4696765545826276e+00,6.4696765545826276e+00,3.7581217732073902e+00,4.5922393595017930e+00,1.0219521459298400e+00,6.4696765545826276e+00,6.4696765545826276e+00,1.8150099060488945e+00,1.8150099060488945e+00,6.4696765545826276e+00,5.6738868170227805e+00,0.0000000000000000e+00,3.7581217732073902e+00,2.6085317289061822e+00,2.6085317289061822e+00,5.6738868170227805e+00,5.6738868170227805e+00,6.4696765545826276e+00,6.4696765545826276e+00,2.6085317289061822e+00,1.0219521459298400e+00,0.0000000000000000e+00,3.7581217732073902e+00,2.6085317289061822e+00,1.8150099060488945e+00,1.0219521459298400e+00,2.6085317289061822e+00,4.5922393595017930e+00,4.5922393595017930e+00,5.6738868170227805e+00,6.4696765545826276e+00,6.4696765545826276e+00,1.0219521459298400e+00,1.0219521459298400e+00,6.4696765545826276e+00,1.0219521459298400e+00,6.4696765545826276e+00,5.6738868170227805e+00,2.6085317289061822e+00,1.8150099060488945e+00,3.7581217732073902e+00,3.7581217732073902e+00,0.0000000000000000e+00,4.5922393595017930e+00,3.7581217732073902e+00,1.8150099060488945e+00,3.7581217732073902e+00,5.6738868170227805e+00,4.5922393595017930e+00,5.6738868170227805e+00,5.6738868170227805e+00,4.5922393595017930e+00,6.4696765545826276e+00,2.6085317289061822e+00,0.0000000000000000e+00,5.6738868170227805e+00,2.6085317289061822e+00,4.5922393595017930e+00,3.7581217732073902e+00,4.5922393595017930e+00,3.7581217732073902e+00,3.7581217732073902e+00,1.0219521459298400e+00,6.4696765545826276e+00,6.4696765545826276e+00,5.6738868170227805e+00,6.4696765545826276e+00,0.0000000000000000e+00,6.4696765545826276e+00,1.0219521459298400e+00,1.8150099060488945e+00,1.8150099060488945e+00,6.4696765545826276e+00,5.6738868170227805e+00,5.6738868170227805e+00,0.0000000000000000e+00,1.0219521459298400e+00,4.5922393595017930e+00,0.0000000000000000e+00,5.6738868170227805e+00,2.6085317289061822e+00,1.8150099060488945e+00,4.5922393595017930e+00,1.8150099060488945e+00,1.8150099060488945e+00,1.0219521459298400e+00,1.0219521459298400e+00,4.5922393595017930e+00,4.5922393595017930e+00,5.6738868170227805e+00,6.4696765545826276e+00,5.6738868170227805e+00,6.4696765545826276e+00,2.6085317289061822e+00,3.7581217732073902e+00,6.4696765545826276e+00,6.4696765545826276e+00,3.7581217732073902e+00,6.4696765545826276e+00,6.4696765545826276e+00,3.7581217732073902e+00,1.0219521459298400e+00,6.4696765545826276e+00,4.5922393595017930e+00,6.4696765545826276e+00,0.0000000000000000e+00,5.6738868170227805e+00,3.7581217732073902e+00,1.0219521459298400e+00,1.0219521459298400e+00,2.6085317289061822e+00,3.7581217732073902e+00,2.6085317289061822e+00,6.4696765545826276e+00,2.6085317289061822e+00,2.6085317289061822e+00,3.7581217732073902e+00,3.7581217732073902e+00,6.4696765545826276e+00,3.7581217732073902e+00,6.4696765545826276e+00,2.6085317289061822e+00,5.6738868170227805e+00,5.6738868170227805e+00,3.7581217732073902e+00,3.7581217732073902e+00,2.6085317289061822e+00,6.4696765545826276e+00,6.4696765545826276e+00,5.6738868170227805e+00,5.6738868170227805e+00,5.6738868170227805e+00,3.7581217732073902e+00,3.7581217732073902e+00,4.5922393595017930e+00,5.6738868170227805e+00,6.4696765545826276e+00,6.4696765545826276e+00,6.4696765545826276e+00,5.6738868170227805e+00,2.6085317289061822e+00,3.7581217732073902e+00,1.8150099060488945e+00,2.6085317289061822e+00,2.6085317289061822e+00,4.5922393595017930e+00,4.5922393595017930e+00
4.7644386959213056e+00,4.7644386959213056e+00,3.7651537838544344e+00,0.0000000000000000e+00,4.7644386959213056e+00,4.7644386959213056e+00,1.9829110397238516e+00,4.7644386959213056e+00,1.9829110397238516e+00,4.7644386959213056e+00,4.7644386959213056e+00,4.7644386959213056e+00,1.9829110397238516e+00,9.1207607410959568e-01,4.7644386959213056e+00,4.7644386959213056e+00,2.9027529125232148e+00,6.5233338256309015e+00,6.5233338256309015e+00,6.5233338256309015e+00,2.9027529125232148e+00,1.9829110397238516e+00,2.9027529125232148e+00,2.9027529125232148e+00,9.1207607410959568e-01,2.9027529125232148e+00,4.7644386959213056e+00,2.9027529125232148e+00,4.7644386959213056e+00,2.9027529125232148e+00,6.2405501756193065e+00,2.9027529125232148e+00,2.9027529125232148e+00,2.9027529125232148e+00,6.5233338256309015e+00,6.5233338256309015e+00,6.5233338256309015e+00,6.5233338256309015e+00,6.5233338256309015e+00,6.2405501756193065e+00,4.7644386959213056e+00,9.1207607410959568e-01,4.7644386959213056e+00,4.7644386959213056e+00,6.5233338256309015e+00,4.7644386959213056e+00,6.5233338256309015e+00,6.2405501756193065e+00,4.7644386959213056e+00,4.7644386959213056e+00,6.2405501756193065e+00,4.7644386959213056e+00,6.5233338256309015e+00,3.7651537838544344e+00,4.7644386959213056e+00,2.9027529125232148e+00,6.5233338256309015e+00,3.7651537838544344e+00,9.1207607410959568e-01,9.1207607410959568e-01,4.7644386959213056e+00,6.5233338256309015e+00,4.7644386959213056e+00,4.7644386959213056e+00,9.1207607410959568e-01,4.7644386959213056e+00,4.7644386959213056e+00,6.5233338256309015e+00,6.5233338256309015e+00,6.5233338256309015e+00,4.7644386959213056e+00,0.0000000000000000e+00,6.5233338256309015e+00,6.5233338256309015e+00,6.5233338256309015e+00,1.9829110397238516e+00,4.7644386959213056e+00,3.7651537838544344e+00,1.9829110397238516e+00,6.2405501756193065e+00,4.7644386959213056e+00,4.7644386959213056e+00,3.7651537838544344e+00,4.7644386959213056e+00,0.0000000000000000e+00,6.5233338256309015e+00,0.0000000000000000e+00,3.7651537838544344e+00,0.0000000000000000e+00,9.1207607410959568e-01,3.7651537838544344e+00,6.5233338256309015e+00,6.5233338256309015e+00,2.9027529125232148e+00,3.7651537838544344e+00,4.7644386959213056e+00,0.0000000000000000e+00,3.7651537838544344e+00,0.0000000000000000e+00,9.1207607410959568e-01,4.7644386959213056e+00,2.9027529125232148e+00,3.7651537838544344e+00,3.7651537838544344e+00,9.1207607410959568e-01,6.5233338256309015e+00,3.7651537838544344e+00,9.1207607410959568e-01,3.7651537838544344e+00,1.9829110397238516e+00,4.7644386959213056e+00,6.2405501756193065e+00,6.5233338256309015e+00,6.5233338256309015e+00,6.5233338256309015e+00,6.5233338256309015e+00,6.5233338256309015e+00,6.5233338256309015e+00,1.9829110397238516e+00,6.5233338256309015e+00,4.7644386959213056e+00,6.5233338256309015e+00,4.7644386959213056e+00,4.7644386959213056e+00,6.5233338256309015e+00,1.9829110397238516e+00,4.7644386959213056e+00,4.7644386959213056e+00,2.9027529125232148e+00,1.9829110397238516e+00,6.5233338256309015e+00,1.9829110397238516e+00,4.7644386959213056e+00,4.7644386959213056e+00,3.7651537838544344e+00,6.5233338256309015e+00,6.2405501756193065e+00,9.1207607410959568e-01,3.7651537838544344e+00,6.5233338256309015e+00,6.5233338256309015e+00,6.2405501756193065e+00,6.2405501756193065e+00,9.1207607410959568e-01,6.2405501756193065e+00,9.1207607410959568e-01,6.2405501756193065e+00,3.7651537838544344e+00,2.9027529125232148e+00,6.5233338256309015e+00,3.7651537838544344e+00,6.5233338256309015e+00,1.9829110397238516e+00,1.9829110397238516e+00,9.1207607410959568e-01,1.9829110397238516e+00,1.9829110397238516e+00,1.9829110397238516e+00,1.9829110397238516e+00,4.7644386959213056e+00,0.0000000000000000e+00,4.7644386959213056e+00,3.7651537838544344e+00,3.7651537838544344e+00,1.9829110397238516e+00,4.7644386959213056e+00,3.7651537838544344e+00,3.7651537838544344e+00,1.9829110397238516e+00,1.9829110397238516e+00,4.7644386959213056e+00,4.7644386959213056e+00,4.7644386959213056e+00,6.5233338256309015e+00,1.9829110397238516e+00,4.7644386959213056e+00,3.7651537838544344e+00,1.9829110397238516e+00,6.5233338256309015e+00,6.5233338256309015e+00,4.7644386959213056e+00,3.7651537838544344e+00,4.7644386959213056e+00,9.1207607410959568e-01,3.7651537838544344e+00,1.9829110397238516e+00,4.7644386959213056e+00,4.7644386959213056e+00,6.2405501756193065e+00,9.1207607410959568e-01,4.7644386959213056e+00,1.9829110397238516e+00,6.2405501756193065e+00,1.9829110397238516e+00,0.0000000000000000e+00,6.2405501756193065e+00,6.2405501756193065e+00,1.9829110397238516e+00,3.7651537838544344e+00,3.7651537838544344e+00,1.9829110397238516e+00,1.9829110397238516e+00,2.9027529125232148e+00,2.9027529125232148e+00,2.9027529125232148e+00,9.1207607410959568e-01,6.2405501756193065e+00,1.9829110397238516e+00,4.7644386959213056e+00,1.9829110397238516e+00,0.0000000000000000e+00,6.5233338256309015e+00,1.9829110397238516e+00,1.9829110397238516e+00,6.5233338256309015e+00,9.1207607410959568e-01,6.5233338256309015e+00,1.9829110397238516e+00,9.1207607410959568e-01,0.0000000000000000e+00,6.2405501756193065e+00,0.0000000000000000e+00,4.7644386959213056e+00,6.2405501756193065e+00,2.9027529125232148e+00,4.7644386959213056e+00,6.2405501756193065e+00,9.1207607410959568e-01,6.2405501756193065e+00,4.7644386959213056e+00,3.7651537838544344e+00,6.5233338256309015e+00,1.9829110397238516e+00,6.5233338256309015e+00,4.7644386959213056e+00,4.7644386959213056e+00,6.5233338256309015e+00,1.9829110397238516e+00,6.5233338256309015e+00,1.9829110397238516e+00,1.9829110397238516e+00,6.2405501756193065e+00,1.9829110397238516e+00,6.5233338256309015e+00,6.2405501756193065e+00,6.5233338256309015e+00,3.7651537838544344e+00,6.2405501756193065e+00,6.2405501756193065e+00,3.7651537838544344e+00,1.9829110397238516e+00,6.2405501756193065e+00,6.2405501756193065e+00,1.9829110397238516e+00,1.9829110397238516e+00,1.9829110397238516e+00,2.9027529125232148e+00,2.9027529125232148e+00,6.5233338256309015e+00,3.7651537838544344e+00,6.2405501756193065e+00,1.9829110397238516e+00,3.7651537838544344e+00,2.9027529125232148e+00,6.2405501756193065e+00,4.7644386959213056e+00,4.7644386959213056e+00,0.0000000000000000e+00,3.7651537838544344e+00,0.0000000000000000e+00,6.2405501756193065e+00,0.0000000000000000e+00,2.9027529125232148e+00,6.5233338256309015e+00,3.7651537838544344e+00,2.9027529125232148e+00,3.7651537838544344e+00,3.7651537838544344e+00,6.2405501756193065e+00,6.5233338256309015e+00,6.5233338256309015e+00,6.5233338256309015e+00,4.7644386959213056e+00,4.7644386959213056e+00,3.7651537838544344e+00,6.2405501756193065e+00,1.9829110397238516e+00,3.7651537838544344e+00,1.9829110397238516e+00,4.7644386959213056e+00,1.9829110397238516e+00,4.7644386959213056e+00,6.5233338256309015e+00,2.9027529125232148e+00,4.7644386959213056e+00,4.7644386959213056e+00,6.2405501756193065e+00,4.7644386959213056e+00,4.7644386959213056e+00,6.5233338256309015e+00,3.7651537838544344e+00,2.9027529125232148e+00,6.2405501756193065e+00,3.7651537838544344e+00,6.5233338256309015e+00,1.9829110397238516e+00,3.7651537838544344e+00,3.7651537838544344e+00,9.1207607410959568e-01,6.5233338256309015e+00,1.9829110397238516e+00,2.9027529125232148e+00,4.7644386959213056e+00,6.5233338256309015e+00,4.7644386959213056e+00,9.1207607410959568e-01,9.1207607410959568e-01,4.7644386959213056e+00,4.7644386959213056e+00,4.7644386959213056e+00,6.5233338256309015e+00,9.1207607410959568e-01,4.7644386959213056e+00,6.5233338256309015e+00,4.7644386959213056e+00,4.7644386959213056e+00,3.7651537838544344e+00,6.5233338256309015e+00,4.7644386959213056e+00,6.5233338256309015e+00,6.5233338256309015e+00,2.9027529125232148e+00,6.5233338256309015e+00,3.7651537838544344e+00,0.0000000000000000e+00,1.9829110397238516e+00,4.7644386959213056e+00,9.1207607410959568e-01,2.9027529125232148e+00,4.7644386959213056e+00,3.7651537838544344e+00,1.9829110397238516e+00,6.5233338256309015e+00,1.9829110397238516e+00,1.9829110397238516e+00,3.7651537838544344e+00,1.9829110397238516e+00,2.9027529125232148e+00,2.9027529125232148e+00,6.5233338256309015e+00,4.7644386959213056e+00,0.0000000000000000e+00,6.2405501756193065e+00,6.2405501756193065e+00,3.7651537838544344e+00,2.9027529125232148e+00,2.9027529125232148e+00,9.1207607410959568e-01,6.5233338256309015e+00,2.9027529125232148e+00,2.9027529125232148e+00,6.5233338256309015e+00,6.5233338256309015e+00,6.5233338256309015e+00,4.7644386959213056e+00,6.5233338256309015e+00,4.7644386959213056e+00,4.7644386959213056e+00,6.5233338256309015e+00,2.9027529125232148e+00,2.9027529125232148e+00,6.2405501756193065e+00,4.7644386959213056e+00,0.0000000000000000e+00,6.5233338256309015e+00,4.7644386959213056e+00,4.7644386959213056e+00,6.5233338256309015e+00,1.9829110397238516e+00,1.9829110397238516e+00,2.9027529125232148e+00,4.7644386959213056e+00,9.1207607410959568e-01,0.0000000000000000e+00,0.0000000000000000e+00,4.7644386959213056e+00,3.7651537838544344e+00,4.7644386959213056e+00,1.9829110397238516e+00,1.9829110397238516e+00,4.7644386959213056e+00,6.2405501756193065e+00,1.9829110397238516e+00,4.7644386959213056e+00,3.7651537838544344e+00,3.7651537838544344e+00,1.9829110397238516e+00,2.9027529125232148e+00,3.7651537838544344e+00,6.2405501756193065e+00,2.9027529125232148e+00,9.1207607410959568e-01,6.2405501756193065e+00,0.0000000000000000e+00,4.7644386959213056e+00,1.9829110397238516e+00,6.5233338256309015e+00,6.5233338256309015e+00,1.9829110397238516e+00,9.1207607410959568e-01,1.9829110397238516e+00,6.5233338256309015e+00,4.7644386959213056e+00,1.9829110397238516e+00,0.0000000000000000e+00,6.5233338256309015e+00,6.5233338256309015e+00,6.5233338256309015e+00,1.9829110397238516e+00,6.5233338256309015e+00,6.2405501756193065e+00,4.7644386959213056e+00,4.7644386959213056e+00,2.9027529125232148e+00,6.2405501756193065e+00,1.9829110397238516e+00,1.9829110397238516e+00,4.7644386959213056e+00,6.2405501756193065e+00,1.9829110397238516e+00,4.7644386959213056e+00,0.0000000000000000e+00,6.2405501756193065e+00,4.7644386959213056e+00,3.7651537838544344e+00,1.9829110397238516e+00,0.0000000000000000e+00,6.5233338256309015e+00,3.7651537838544344e+00,4.7644386959213056e+00,6.5233338256309015e+00,6.5233338256309015e+00,4.7644386959213056e+00,0.0000000000000000e+00,1.9829110397238516e+00,6.5233338256309015e+00,1.9829110397238516e+00,9.1207607410959568e-01,3.7651537838544344e+00,3.7651537838544344e+00,1.9829110397238516e+00,3.7651537838544344e+00,4.7644386959213056e+00,3.7651537838544344e+00,6.5233338256309015e+00,6.5233338256309015e+00,6.5233338256309015e+00,0.0000000000000000e+00,3.7651537838544344e+00,0.0000000000000000e+00,9.1207607410959568e-01,0.0000000000000000e+00,6.5233338256309015e+00,6.5233338256309015e+00,9.1207607410959568e-01,1.9829110397238516e+00,1.9829110397238516e+00,6.2405501756193065e+00,6.5233338256309015e+00,6.5233338256309015e+00,4.7644386959213056e+00,0.0000000000000000e+00,1.9829110397238516e+00,6.5233338256309015e+00,9.1207607410959568e-01,4.7644386959213056e+00,9.1207607410959568e-01,3.7651537838544344e+00,4.7644386959213056e+00,4.7644386959213056e+00,4.7644386959213056e+00,6.5233338256309015e+00,3.7651537838544344e+00,9.1207607410959568e-01,3.7651537838544344e+00,1.9829110397238516e+00,3.7651537838544344e+00,2.9027529125232148e+00,1.9829110397238516e+00,6.2405501756193065e+00,6.5233338256309015e+00,3.7651537838544344e+00,6.2405501756193065e+00,6.2405501756193065e+00,9.1207607410959568e-01,9.1207607410959568e-01,6.2405501756193065e+00,6.2405501756193065e+00,0.0000000000000000e+00,9.1207607410959568e-01,6.2405501756193065e+00,6.2405501756193065e+00,6.5233338256309015e+00,6.5233338256309015e+00,6.5233338256309015e+00,6.5233338256309015e+00,6.5233338256309015e+00,4.7644386959213056e+00,2.9027529125232148e+00,6.2405501756193065e+00,6.2405501756193065e+00,2.9027529125232148e+00,6.2405501756193065e+00,6.5233338256309015e+00,2.9027529125232148e+00,0.0000000000000000e+00,6.5233338256309015e+00,6.5233338256309015e+00,6.5233338256309015e+00,3.7651537838544344e+00,2.9027529125232148e+00,4.7644386959213056e+00,4.7644386959213056e+00,6.2405501756193065e+00,1.9829110397238516e+00,4.7644386959213056e+00,4.7644386959213056e+00,4.7644386959213056e+00,4.7644386959213056e+00,4.7644386959213056e+00,2.9027529125232148e+00,6.2405501756193065e+00,6.2405501756193065e+00,3.7651537838544344e+00,4.7644386959213056e+00,6.2405501756193065e+00,4.7644386959213056e+00,4.7644386959213056e+00,0.0000000000000000e+00,4.7644386959213056e+00,4.7644386959213056e+00,0.0000000000000000e+00,4.7644386959213056e+00,4.7644386959213056e+00,0.0000000000000000e+00,6.2405501756193065e+00,4.7644386959213056e+00,4.7644386959213056e+00,2.9027529125232148e+00,0.0000000000000000e+00,6.2405501756193065e+00,4.7644386959213056e+00,6.5233338256309015e+00,9.1207607410959568e-01,6.2405501756193065e+00,6.2405501756193065e+00,4.7644386959213056e+00,3.7651537838544344e+00,6.2405501756193065e+00,3.7651537838544344e+00,4.7644386959213056e+00,0.0000000000000000e+00,3.7651537838544344e+00,6.5233338256309015e+00,3.7651537838544344e+00,6.5233338256309015e+00,9.1207607410959568e-01,2.9027529125232148e+00,6.5233338256309015e+00,6.5233338256309015e+00,6.5233338256309015e+00,4.7644386959213056e+00,6.5233338256309015e+00,4.7644386959213056e+00,4.7644386959213056e+00,4.7644386959213056e+00,4.7644386959213056e+00,3.7651537838544344e+00,3.7651537838544344e+00,4.7644386959213056e+00,4.7644386959213056e+00,4.7644386959213056e+00,3.7651537838544344e+00,0.0000000000000000e+00,4.7644386959213056e+00,1.9829110397238516e+00,6.5233338256309015e+00,6.5233338256309015e+00,6.2405501756193065e+00,6.5233338256309015e+00,3.7651537838544344e+00,9.1207607410959568e-01,6.5233338256309015e+00,4.7644386959213056e+00,9.1207607410959568e-01,6.5233338256309015e+00,4.7644386959213056e+00,3.7651537838544344e+00,4.7644386959213056e+00,2.9027529125232148e+00,2.9027529125232148e+00,2.9027529125232148e+00,9.1207607410959568e-01,3.7651537838544344e+00,9.1207607410959568e-01,6.5233338256309015e+00,6.5233338256309015e+00,9.1207607410959568e-01,3.7651537838544344e+00,4.7644386959213056e+00,3.7651537838544344e+00,6.5233338256309015e+00,6.5233338256309015e+00,6.5233338256309015e+00,0.0000000000000000e+00,4.7644386959213056e+00,4.7644386959213056e+00,4.7644386959213056e+00,6.5233338256309015e+00,6.5233338256309015e+00,6.2405501756193065e+00,3.7651537838544344e+00,3.7651537838544344e+00,4.7644386959213056e+00,6.2405501756193065e+00,4.7644386959213056e+00,1.9829110397238516e+00,1.9829110397238516e+00,1.9829110397238516e+00,6.5233338256309015e+00,6.2405501756193065e+00,2.9027529125232148e+00,6.5233338256309015e+00,2.9027529125232148e+00,4.7644386959213056e+00,4.7644386959213056e+00,3.7651537838544344e+00,6.2405501756193065e+00,4.7644386959213056e+00,4.7644386959213056e+00,1.9829110397238516e+00,0.0000000000000000e+00,4.7644386959213056e+00,6.5233338256309015e+00,6.5233338256309015e+00,6.5233338256309015e+00,1.9829110397238516e+00,4.7644386959213056e+00,3.7651537838544344e+00,6.5233338256309015e+00,6.5233338256309015e+00,2.9027529125232148e+00,6.5233338256309015e+00,4.7644386959213056e+00,4.7644386959213056e+00,2.9027529125232148e+00,6.5233338256309015e+00,4.7644386959213056e+00,6.2405501756193065e+00,4.7644386959213056e+00,1.9829110397238516e+00,4.7644386959213056e+00,2.9027529125232148e+00,1.9829110397238516e+00,6.2405501756193065e+00,1.9829110397238516e+00,6.5233338256309015e+00,4.7644386959213056e+00,4.7644386959213056e+00,4.7644386959213056e+00,6.2405501756193065e+00,4.7644386959213056e+00,6.2405501756193065e+00,3.7651537838544344e+00,9.1207607410959568e-01,6.5233338256309015e+00,0.0000000000000000e+00,4.7644386959213056e+00,6.5233338256309015e+00,6.5233338256309015e+00,6.2405501756193065e+00,6.2405501756193065e+00,6.2405501756193065e+00,4.7644386959213056e+00,2.9027529125232148e+00,2.9027529125232148e+00,1.9829110397238516e+00,4.7644386959213056e+00,4.7644386959213056e+00,6.2405501756193065e+00,3.7651537838544344e+00,6.5233338256309015e+00,3.7651537838544344e+00,3.7651537838544344e+00,6.5233338256309015e+00,6.5233338256309015e+00,2.9027529125232148e+00,2.9027529125232148e+00,3.7651537838544344e+00,6.5233338256309015e+00,2.9027529125232148e+00,0.0000000000000000e+00,6.5233338256309015e+00,3.7651537838544344e+00,2.9027529125232148e+00,0.0000000000000000e+00,3.7651537838544344e+00,2.9027529125232148e+00,6.5233338256309015e+00,6.5233338256309015e+00,0.0000000000000000e+00,3.7651537838544344e+00,4.7644386959213056e+00,4.7644386959213056e+00,6.2405501756193065e+00,2.9027529125232148e+00,6.5233338256309015e+00,4.7644386959213056e+00,2.9027529125232148e+00,6.2405501756193065e+00,6.2405501756193065e+00,6.5233338256309015e+00,1.9829110397238516e+00,9.1207607410959568e-01,1.9829110397238516e+00,6.2405501756193065e+00,9.1207607410959568e-01,6.5233338256309015e+00,6.5233338256309015e+00,6.5233338256309015e+00,4.7644386959213056e+00,2.9027529125232148e+00,1.9829110397238516e+00,6.5233338256309015e+00,6.5233338256309015e+00,9.1207607410959568e-01,2.9027529125232148e+00,9.1207607410959568e-01,9.1207607410959568e-01,4.7644386959213056e+00,6.2405501756193065e+00,6.2405501756193065e+00,3.7651537838544344e+00,3.7651537838544344e+00,9.1207607410959568e-01,2.9027529125232148e+00,0.0000000000000000e+00,3.7651537838544344e+00,0.0000000000000000e+00,2.9027529125232148e+00,4.7644386959213056e+00,3.7651537838544344e+00,0.0000000000000000e+00,6.5233338256309015e+00,6.5233338256309015e+00,4.7644386959213056e+00,6.5233338256309015e+00,3.7651537838544344e+00,3.7651537838544344e+00,2.9027529125232148e+00,3.7651537838544344e+00,2.9027529125232148e+00,4.7644386959213056e+00,6.5233338256309015e+00,6.5233338256309015e+00,3.7651537838544344e+00,2.9027529125232148e+00,6.5233338256309015e+00,6.5233338256309015e+00,6.5233338256309015e+00,3.7651537838544344e+00,2.9027529125232148e+00,2.9027529125232148e+00,3.7651537838544344e+00,9.1207607410959568e-01,6.5233338256309015e+00,6.5233338256309015e+00,3.7651537838544344e+00,6.5233338256309015e+00,9.1207607410959568e-01,2.9027529125232148e+00,6.5233338256309015e+00,3.7651537838544344e+00,0.0000000000000000e+00,2.9027529125232148e+00,6.2405501756193065e+00,6.2405501756193065e+00,6.2405501756193065e+00,6.5233338256309015e+00,6.2405501756193065e+00,1.9829110397238516e+00,6.2405501756193065e+00,9.1207607410959568e-01,3.7651537838544344e+00,6.5233338256309015e+00,6.2405501756193065e+00,2.9027529125232148e+00,3.7651537838544344e+00,1.9829110397238516e+00,1.9829110397238516e+00,6.2405501756193065e+00,0.0000000000000000e+00,9.1207607410959568e-01,2.9027529125232148e+00,4.7644386959213056e+00,0.0000000000000000e+00,6.5233338256309015e+00,6.5233338256309015e+00,1.9829110397238516e+00,4.7644386959213056e+00,1.9829110397238516e+00,6.5233338256309015e+00,4.7644386959213056e+00,6.5233338256309015e+00,1.9829110397238516e+00,4.7644386959213056e+00,6.5233338256309015e+00,6.5233338256309015e+00,4.7644386959213056e+00,6.5233338256309015e+00,6.5233338256309015e+00,6.5233338256309015e+00,3.7651537838544344e+00,3.7651537838544344e+00,6.5233338256309015e+00,1.9829110397238516e+00,3.7651537838544344e+00,6.5233338256309015e+00,4.7644386959213056e+00,4.7644386959213056e+00,4.7644386959213056e+00,1.9829110397238516e+00,4.7644386959213056e+00,4.7644386959213056e+00,4.7644386959213056e+00,4.7644386959213056e+00,6.5233338256309015e+00,6.5233338256309015e+00,6.2405501756193065e+00,6.2405501756193065e+00,6.5233338256309015e+00,0.0000000000000000e+00,6.2405501756193065e+00,6.2405501756193065e+00,6.2405501756193065e+00,6.5233338256309015e+00,0.0000000000000000e+00,6.2405501756193065e+00,4.7644386959213056e+00,4.7644386959213056e+00,2.9027529125232148e+00,3.7651537838544344e+00,4.7644386959213056e+00,3.7651537838544344e+00,6.2405501756193065e+00,1.9829110397238516e+00,4.7644386959213056e+00,0.0000000000000000e+00,6.5233338256309015e+00,4.7644386959213056e+00,9.1207607410959568e-01,0.0000000000000000e+00,6.2405501756193065e+00,6.5233338256309015e+00,6.5233338256309015e+00,6.2405501756193065e+00,6.5233338256309015e+00,1.9829110397238516e+00,6.5233338256309015e+00,9.1207607410959568e-01,6.2405501756193065e+00,2.9027529125232148e+00,4.7644386959213056e+00,4.7644386959213056e+00,2.9027529125232148e+00,6.5233338256309015e+00,6.2405501756193065e+00,6.2405501756193065e+00,4.7644386959213056e+00,4.7644386959213056e+00,3.7651537838544344e+00,3.7651537838544344e+00,6.2405501756193065e+00,2.9027529125232148e+00,0.0000000000000000e+00,6.5233338256309015e+00,6.2405501756193065e+00,6.5233338256309015e+00,4.7644386959213056e+00,3.7651537838544344e+00,3.7651537838544344e+00,4.7644386959213056e+00,6.5233338256309015e+00,4.7644386959213056e+00,4.7644386959213056e+00,2.9027529125232148e+00,3.7651537838544344e+00,0.0000000000000000e+00,0.0000000000000000e+00,6.5233338256309015e+00,3.7651537838544344e+00,4.7644386959213056e+00,0.0000000000000000e+00,3.7651537838544344e+00,2.9027529125232148e+00,1.9829110397238516e+00,6.5233338256309015e+00,2.9027529125232148e+00,9.1207607410959568e-01,3.7651537838544344e+00,6.5233338256309015e+00,6.5233338256309015e+00,6.5233338256309015e+00,3.7651537838544344e+00,6.5233338256309015e+00,3.7651537838544344e+00,3.7651537838544344e+00,9.1207607410959568e-01,4.7644386959213056e+00,3.7651537838544344e+00,6.2405501756193065e+00,6.5233338256309015e+00,6.2405501756193065e+00,6.2405501756193065e+00,1.9829110397238516e+00,2.9027529125232148e+00,2.9027529125232148e+00,6.5233338256309015e+00,0.0000000000000000e+00,3.7651537838544344e+00,0.0000000000000000e+00,4.7644386959213056e+00,2.9027529125232148e+00,2.9027529125232148e+00,4.7644386959213056e+00,4.7644386959213056e+00,4.7644386959213056e+00,6.2405501756193065e+00,0.0000000000000000e+00,6.5233338256309015e+00,4.7644386959213056e+00,6.5233338256309015e+00,6.2405501756193065e+00,6.2405501756193065e+00,4.7644386959213056e+00,6.5233338256309015e+00,6.5233338256309015e+00,4.7644386959213056e+00,0.0000000000000000e+00,9.1207607410959568e-01,2.9027529125232148e+00,9.1207607410959568e-01,3.7651537838544344e+00,4.7644386959213056e+00,6.2405501756193065e+00,2.9027529125232148e+00,6.5233338256309015e+00,6.5233338256309015e+00,6.5233338256309015e+00,6.5233338256309015e+00,9.1207607410959568e-01,6.2405501756193065e+00,6.5233338256309015e+00,4.7644386959213056e+00,6.5233338256309015e+00,6.5233338256309015e+00,6.5233338256309015e+00,6.5233338256309015e+00,6.5233338256309015e+00,3.7651537838544344e+00,0.0000000000000000e+00,1.9829110397238516e+00,0.0000000000000000e+00,6.5233338256309015e+00,2.9027529125232148e+00,6.5233338256309015e+00,2.9027529125232148e+00,2.9027529125232148e+00,4.7644386959213056e+00,6.5233338256309015e+00,3.7651537838544344e+00,6.5233338256309015e+00,2.9027529125232148e+00,6.2405501756193065e+00,6.2405501756193065e+00,0.0000000000000000e+00,4.7644386959213056e+00,6.2405501756193065e+00,3.7651537838544344e+00,4.7644386959213056e+00,6.5233338256309015e+00,6.2405501756193065e+00,6.5233338256309015e+00,6.5233338256309015e+00,6.2405501756193065e+00,6.5233338256309015e+00,6.2405501756193065e+00,6.5233338256309015e+00,3.7651537838544344e+00,6.5233338256309015e+00
2.8917518041543664e+00,2.8917518041543664e+00,2.8917518041543664e+00,2.8917518041543664e+00,5.0368377450959478e+00,0.0000000000000000e+00,2.8917518041543664e+00,2.8917518041543664e+00,3.8096920026553249e+00,7.0563368311164743e+00,2.8917518041543664e+00,5.7788189587154335e+00,7.0563368311164743e+00,2.8917518041543664e+00,2.8917518041543664e+00,5.7788189587154335e+00,2.8917518041543664e+00,2.8917518041543664e+00,3.8096920026553249e+00,1.9240429422664151e+00,5.0368377450959478e+00,9.3375147400776171e-01,7.0563368311164743e+00,3.8096920026553249e+00,3.8096920026553249e+00,2.8917518041543664e+00,3.8096920026553249e+00,5.7788189587154335e+00,5.7788189587154335e+00,5.7788189587154335e+00,5.7788189587154335e+00,5.7788189587154335e+00,5.7788189587154335e+00,3.8096920026553249e+00,5.0368377450959478e+00,7.0563368311164743e+00,3.8096920026553249e+00,5.7788189587154335e+00,2.8917518041543664e+00,2.8917518041543664e+00,5.0368377450959478e+00,5.0368377450959478e+00,1.9240429422664151e+00,5.0368377450959478e+00,9.3375147400776171e-01,1.9240429422664151e+00,5.7788189587154335e+00,7.0563368311164743e+00,0.0000000000000000e+00,5.0368377450959478e+00,1.9240429422664151e+00,3.8096920026553249e+00,7.0563368311164743e+00,7.0563368311164743e+00,5.7788189587154335e+00,1.9240429422664151e+00,1.9240429422664151e+00,7.0563368311164743e+00,7.0563368311164743e+00,5.7788189587154335e+00,0.0000000000000000e+00,7.0563368311164743e+00,2.8917518041543664e+00,5.0368377450959478e+00,5.0368377450959478e+00,7.0563368311164743e+00,3.8096920026553249e+00,5.0368377450959478e+00,0.0000000000000000e+00,7.0563368311164743e+00,7.0563368311164743e+00,0.0000000000000000e+00,7.0563368311164743e+00,5.0368377450959478e+00,9.3375147400776171e-01,5.0368377450959478e+00,5.0368377450959478e+00,5.0368377450959478e+00,3.8096920026553249e+00,5.0368377450959478e+00,2.8917518041543664e+00,7.0563368311164743e+00,7.0563368311164743e+00,9.3375147400776171e-01,2.8917518041543664e+00,1.9240429422664151e+00,7.0563368311164743e+00,2.8917518041543664e+00,3.8096920026553249e+00,2.8917518041543664e+00,7.0563368311164743e+00,1.9240429422664151e+00,2.8917518041543664e+00,5.0368377450959478e+00,2.8917518041543664e+00,3.8096920026553249e+00,7.0563368311164743e+00,7.0563368311164743e+00,1.9240429422664151e+00,7.0563368311164743e+00,1.9240429422664151e+00,0.0000000000000000e+00,5.0368377450959478e+00,5.0368377450959478e+00,2.8917518041543664e+00,2.8917518041543664e+00,2.8917518041543664e+00,3.8096920026553249e+00,1.9240429422664151e+00,3.8096920026553249e+00,7.0563368311164743e+00,2.8917518041543664e+00,5.0368377450959478e+00,9.3375147400776171e-01,9.3375147400776171e-01,3.8096920026553249e+00,9.3375147400776171e-01,3.8096920026553249e+00,5.0368377450959478e+00,7.0563368311164743e+00,5.0368377450959478e+00,5.0368377450959478e+00,7.0563368311164743e+00,1.9240429422664151e+00,5.7788189587154335e+00,1.9240429422664151e+00,9.3375147400776171e-01,5.7788189587154335e+00,5.7788189587154335e+00,1.9240429422664151e+00,5.7788189587154335e+00,5.7788189587154335e+00,9.3375147400776171e-01,3.8096920026553249e+00,3.8096920026553249e+00,5.7788189587154335e+00,5.0368377450959478e+00,5.7788189587154335e+00,5.7788189587154335e+00,1.9240429422664151e+00,7.0563368311164743e+00,5.0368377450959478e+00,5.7788189587154335e+00,5.0368377450959478e+00,5.0368377450959478e+00,9.3375147400776171e-01,5.0368377450959478e+00,5.7788189587154335e+00,3.8096920026553249e+00,7.0563368311164743e+00,7.0563368311164743e+00,7.0563368311164743e+00,7.0563368311164743e+00,7.0563368311164743e+00,9.3375147400776171e-01,2.8917518041543664e+00,1.9240429422664151e+00,7.0563368311164743e+00,2.8917518041543664e+00,2.8917518041543664e+00,0.0000000000000000e+00,7.0563368311164743e+00,9.3375147400776171e-01,7.0563368311164743e+00,7.0563368311164743e+00,7.0563368311164743e+00,7.0563368311164743e+00,1.9240429422664151e+00,5.7788189587154335e+00,5.7788189587154335e+00,3.8096920026553249e+00,1.9240429422664151e+00,1.9240429422664151e+00,9.3375147400776171e-01,2.8917518041543664e+00,2.8917518041543664e+00,0.0000000000000000e+00,7.0563368311164743e+00,7.0563368311164743e+00,7.0563368311164743e+00,1.9240429422664151e+00,7.0563368311164743e+00,7.0563368311164743e+00,7.0563368311164743e+00,7.0563368311164743e+00,5.0368377450959478e+00,7.0563368311164743e+00,7.0563368311164743e+00,5.0368377450959478e+00,7.0563368311164743e+00,7.0563368311164743e+00,5.7788189587154335e+00,7.0563368311164743e+00,5.7788189587154335e+00,5.0368377450959478e+00,3.8096920026553249e+00,2.8917518041543664e+00,5.0368377450959478e+00,0.0000000000000000e+00,5.0368377450959478e+00,9.3375147400776171e-01,0.0000000000000000e+00,1.9240429422664151e+00,1.9240429422664151e+00,3.8096920026553249e+00,0.0000000000000000e+00,7.0563368311164743e+00,3.8096920026553249e+00,3.8096920026553249e+00,7.0563368311164743e+00,5.0368377450959478e+00,1.9240429422664151e+00,7.0563368311164743e+00,9.3375147400776171e-01,7.0563368311164743e+00,7.0563368311164743e+00,7.0563368311164743e+00,7.0563368311164743e+00,7.0563368311164743e+00,1.9240429422664151e+00,5.7788189587154335e+00,7.0563368311164743e+00,7.0563368311164743e+00,0.0000000000000000e+00,7.0563368311164743e+00,1.9240429422664151e+00,7.0563368311164743e+00,3.8096920026553249e+00,0.0000000000000000e+00,5.7788189587154335e+00,5.7788189587154335e+00,5.7788189587154335e+00,5.0368377450959478e+00,1.9240429422664151e+00,5.7788189587154335e+00,3.8096920026553249e+00,3.8096920026553249e+00,5.0368377450959478e+00,7.0563368311164743e+00,5.0368377450959478e+00,5.0368377450959478e+00,7.0563368311164743e+00,3.8096920026553249e+00,0.0000000000000000e+00,1.9240429422664151e+00,5.0368377450959478e+00,5.0368377450959478e+00,7.0563368311164743e+00,5.0368377450959478e+00,9.3375147400776171e-01,7.0563368311164743e+00,7.0563368311164743e+00,7.0563368311164743e+00,7.0563368311164743e+00,3.8096920026553249e+00,7.0563368311164743e+00,5.0368377450959478e+00,7.0563368311164743e+00,9.3375147400776171e-01,7.0563368311164743e+00,7.0563368311164743e+00,7.0563368311164743e+00,7.0563368311164743e+00,3.8096920026553249e+00,7.0563368311164743e+00,9.3375147400776171e-01,7.0563368311164743e+00,3.8096920026553249e+00,3.8096920026553249e+00,5.7788189587154335e+00,1.9240429422664151e+00,9.3375147400776171e-01,3.8096920026553249e+00,7.0563368311164743e+00,2.8917518041543664e+00,5.7788189587154335e+00,7.0563368311164743e+00,7.0563368311164743e+00,5.7788189587154335e+00,2.8917518041543664e+00,7.0563368311164743e+00,9.3375147400776171e-01,5.7788189587154335e+00,5.7788189587154335e+00,5.7788189587154335e+00,7.0563368311164743e+00,3.8096920026553249e+00,5.7788189587154335e+00,5.7788189587154335e+00,7.0563368311164743e+00,5.0368377450959478e+00,7.0563368311164743e+00,5.7788189587154335e+00,5.7788189587154335e+00,3.8096920026553249e+00,3.8096920026553249e+00,1.9240429422664151e+00,7.0563368311164743e+00,1.9240429422664151e+00,2.8917518041543664e+00,7.0563368311164743e+00,0.0000000000000000e+00,9.3375147400776171e-01,5.0368377450959478e+00,2.8917518041543664e+00,7.0563368311164743e+00,7.0563368311164743e+00,3.8096920026553249e+00,9.3375147400776171e-01,5.0368377450959478e+00,5.0368377450959478e+00,5.0368377450959478e+00,2.8917518041543664e+00,1.9240429422664151e+00,2.8917518041543664e+00,1.9240429422664151e+00,1.9240429422664151e+00,5.0368377450959478e+00,5.0368377450959478e+00,3.8096920026553249e+00,3.8096920026553249e+00,1.9240429422664151e+00,7.0563368311164743e+00,1.9240429422664151e+00,7.0563368311164743e+00,7.0563368311164743e+00,5.7788189587154335e+00,7.0563368311164743e+00,5.7788189587154335e+00,5.7788189587154335e+00,5.0368377450959478e+00,0.0000000000000000e+00,5.0368377450959478e+00,7.0563368311164743e+00,9.3375147400776171e-01,7.0563368311164743e+00,7.0563368311164743e+00,7.0563368311164743e+00,2.8917518041543664e+00,7.0563368311164743e+00,7.0563368311164743e+00,7.0563368311164743e+00,1.9240429422664151e+00,3.8096920026553249e+00,5.7788189587154335e+00,3.8096920026553249e+00,7.0563368311164743e+00,1.9240429422664151e+00,3.8096920026553249e+00,3.8096920026553249e+00,2.8917518041543664e+00,5.0368377450959478e+00,3.8096920026553249e+00,1.9240429422664151e+00,2.8917518041543664e+00,0.0000000000000000e+00,5.7788189587154335e+00,9.3375147400776171e-01,3.8096920026553249e+00,2.8917518041543664e+00,3.8096920026553249e+00,3.8096920026553249e+00,1.9240429422664151e+00,2.8917518041543664e+00,2.8917518041543664e+00,9.3375147400776171e-01,1.9240429422664151e+00,7.0563368311164743e+00,7.0563368311164743e+00,7.0563368311164743e+00,5.0368377450959478e+00,9.3375147400776171e-01,7.0563368311164743e+00,7.0563368311164743e+00,5.7788189587154335e+00,7.0563368311164743e+00,3.8096920026553249e+00,5.7788189587154335e+00,0.0000000000000000e+00,5.0368377450959478e+00,7.0563368311164743e+00,0.0000000000000000e+00,7.0563368311164743e+00,9.3375147400776171e-01,5.0368377450959478e+00,7.0563368311164743e+00,7.0563368311164743e+00,3.8096920026553249e+00,5.0368377450959478e+00,7.0563368311164743e+00,7.0563368311164743e+00,7.0563368311164743e+00,7.0563368311164743e+00,5.0368377450959478e+00,7.0563368311164743e+00,9.3375147400776171e-01,3.8096920026553249e+00,3.8096920026553249e+00,5.0368377450959478e+00,0.0000000000000000e+00,5.0368377450959478e+00,1.9240429422664151e+00,3.8096920026553249e+00,5.0368377450959478e+00,1.9240429422664151e+00,5.0368377450959478e+00,0.0000000000000000e+00,1.9240429422664151e+00,3.8096920026553249e+00,3.8096920026553249e+00,3.8096920026553249e+00,7.0563368311164743e+00,1.9240429422664151e+00,3.8096920026553249e+00,7.0563368311164743e+00,0.0000000000000000e+00,3.8096920026553249e+00,3.8096920026553249e+00,2.8917518041543664e+00,5.7788189587154335e+00,9.3375147400776171e-01,5.0368377450959478e+00,0.0000000000000000e+00,9.3375147400776171e-01,7.0563368311164743e+00,7.0563368311164743e+00,5.7788189587154335e+00,7.0563368311164743e+00,7.0563368311164743e+00,7.0563368311164743e+00,5.0368377450959478e+00,5.0368377450959478e+00,9.3375147400776171e-01,9.3375147400776171e-01,2.8917518041543664e+00,7.0563368311164743e+00,2.8917518041543664e+00,3.8096920026553249e+00,5.0368377450959478e+00,5.0368377450959478e+00,0.0000000000000000e+00,1.9240429422664151e+00,3.8096920026553249e+00,3.8096920026553249e+00,3.8096920026553249e+00,3.8096920026553249e+00,3.8096920026553249e+00,3.8096920026553249e+00,9.3375147400776171e-01,3.8096920026553249e+00,3.8096920026553249e+00,7.0563368311164743e+00,5.7788189587154335e+00,3.8096920026553249e+00,5.0368377450959478e+00,5.0368377450959478e+00,1.9240429422664151e+00,5.7788189587154335e+00,7.0563368311164743e+00,7.0563368311164743e+00,7.0563368311164743e+00,3.8096920026553249e+00,7.0563368311164743e+00,7.0563368311164743e+00,7.0563368311164743e+00,7.0563368311164743e+00,5.0368377450959478e+00,9.3375147400776171e-01,7.0563368311164743e+00,9.3375147400776171e-01,3.8096920026553249e+00,1.9240429422664151e+00,7.0563368311164743e+00,5.0368377450959478e+00,5.0368377450959478e+00,5.0368377450959478e+00,5.7788189587154335e+00,3.8096920026553249e+00,1.9240429422664151e+00,5.0368377450959478e+00,7.0563368311164743e+00,0.0000000000000000e+00,1.9240429422664151e+00,2.8917518041543664e+00,7.0563368311164743e+00,2.8917518041543664e+00,0.0000000000000000e+00,7.0563368311164743e+00,2.8917518041543664e+00,7.0563368311164743e+00,0.0000000000000000e+00,0.0000000000000000e+00,3.8096920026553249e+00,3.8096920026553249e+00,3.8096920026553249e+00,5.7788189587154335e+00,3.8096920026553249e+00,2.8917518041543664e+00,2.8917518041543664e+00,5.0368377450959478e+00,5.0368377450959478e+00,2.8917518041543664e+00,5.0368377450959478e+00,2.8917518041543664e+00,7.0563368311164743e+00,7.0563368311164743e+00,7.0563368311164743e+00,7.0563368311164743e+00,7.0563368311164743e+00,2.8917518041543664e+00,5.0368377450959478e+00,7.0563368311164743e+00,0.0000000000000000e+00,5.0368377450959478e+00,7.0563368311164743e+00,9.3375147400776171e-01,1.9240429422664151e+00,2.8917518041543664e+00,3.8096920026553249e+00,5.0368377450959478e+00,7.0563368311164743e+00,2.8917518041543664e+00,7.0563368311164743e+00,5.7788189587154335e+00,7.0563368311164743e+00,7.0563368311164743e+00,7.0563368311164743e+00,7.0563368311164743e+00,7.0563368311164743e+00,1.9240429422664151e+00,3.8096920026553249e+00,7.0563368311164743e+00,2.8917518041543664e+00,5.0368377450959478e+00,0.0000000000000000e+00,9.3375147400776171e-01,9.3375147400776171e-01,3.8096920026553249e+00,3.8096920026553249e+00,7.0563368311164743e+00,0.0000000000000000e+00,5.0368377450959478e+00,5.7788189587154335e+00,5.7788189587154335e+00,5.0368377450959478e+00,5.7788189587154335e+00,5.0368377450959478e+00,5.0368377450959478e+00,5.7788189587154335e+00,3.8096920026553249e+00,2.8917518041543664e+00,7.0563368311164743e+00,7.0563368311164743e+00,0.0000000000000000e+00,5.7788189587154335e+00,7.0563368311164743e+00,5.0368377450959478e+00,5.0368377450959478e+00,5.0368377450959478e+00,5.0368377450959478e+00,5.0368377450959478e+00,7.0563368311164743e+00,5.7788189587154335e+00,7.0563368311164743e+00,5.0368377450959478e+00,5.0368377450959478e+00,5.0368377450959478e+00,5.0368377450959478e+00,1.9240429422664151e+00,5.7788189587154335e+00,7.0563368311164743e+00,1.9240429422664151e+00,3.8096920026553249e+00,3.8096920026553249e+00,5.0368377450959478e+00,7.0563368311164743e+00,2.8917518041543664e+00,7.0563368311164743e+00,1.9240429422664151e+00,7.0563368311164743e+00,7.0563368311164743e+00,5.7788189587154335e+00,7.0563368311164743e+00,3.8096920026553249e+00,5.7788189587154335e+00,7.0563368311164743e+00,2.8917518041543664e+00,5.0368377450959478e+00,2.8917518041543664e+00,5.0368377450959478e+00,7.0563368311164743e+00,3.8096920026553249e+00,3.8096920026553249e+00,7.0563368311164743e+00,2.8917518041543664e+00,0.0000000000000000e+00,7.0563368311164743e+00,5.0368377450959478e+00,7.0563368311164743e+00,0.0000000000000000e+00,5.7788189587154335e+00,3.8096920026553249e+00,3.8096920026553249e+00,3.8096920026553249e+00,3.8096920026553249e+00,2.8917518041543664e+00,5.0368377450959478e+00,5.7788189587154335e+00,5.7788189587154335e+00,5.0368377450959478e+00,5.7788189587154335e+00,7.0563368311164743e+00,7.0563368311164743e+00,5.7788189587154335e+00,3.8096920026553249e+00,0.0000000000000000e+00,1.9240429422664151e+00,7.0563368311164743e+00,5.7788189587154335e+00,5.7788189587154335e+00,7.0563368311164743e+00,5.7788189587154335e+00,5.0368377450959478e+00,7.0563368311164743e+00,1.9240429422664151e+00,3.8096920026553249e+00,7.0563368311164743e+00,7.0563368311164743e+00,5.0368377450959478e+00,7.0563368311164743e+00,3.8096920026553249e+00,3.8096920026553249e+00,7.0563368311164743e+00,3.8096920026553249e+00,5.0368377450959478e+00,7.0563368311164743e+00,5.7788189587154335e+00,5.7788189587154335e+00,5.0368377450959478e+00,5.0368377450959478e+00,7.0563368311164743e+00,5.0368377450959478e+00,5.0368377450959478e+00,5.7788189587154335e+00,5.7788189587154335e+00,7.0563368311164743e+00,5.0368377450959478e+00,5.0368377450959478e+00,2.8917518041543664e+00,9.3375147400776171e-01,5.0368377450959478e+00,9.3375147400776171e-01,9.3375147400776171e-01,2.8917518041543664e+00,1.9240429422664151e+00,9.3375147400776171e-01,3.8096920026553249e+00,5.0368377450959478e+00,2.8917518041543664e+00,7.0563368311164743e+00,5.0368377450959478e+00,2.8917518041543664e+00,5.0368377450959478e+00,7.0563368311164743e+00,2.8917518041543664e+00,5.7788189587154335e+00,2.8917518041543664e+00,7.0563368311164743e+00,5.0368377450959478e+00,3.8096920026553249e+00,5.0368377450959478e+00,7.0563368311164743e+00,3.8096920026553249e+00,7.0563368311164743e+00,5.7788189587154335e+00,7.0563368311164743e+00,1.9240429422664151e+00,2.8917518041543664e+00,5.0368377450959478e+00,2.8917518041543664e+00,0.0000000000000000e+00,7.0563368311164743e+00,9.3375147400776171e-01,5.7788189587154335e+00,7.0563368311164743e+00,7.0563368311164743e+00,7.0563368311164743e+00,5.0368377450959478e+00,5.7788189587154335e+00,5.0368377450959478e+00,5.0368377450959478e+00,7.0563368311164743e+00,7.0563368311164743e+00,7.0563368311164743e+00,9.3375147400776171e-01,5.7788189587154335e+00,2.8917518041543664e+00,5.7788189587154335e+00,5.7788189587154335e+00,9.3375147400776171e-01,1.9240429422664151e+00,5.7788189587154335e+00,5.7788189587154335e+00,0.0000000000000000e+00,5.0368377450959478e+00,5.0368377450959478e+00,5.0368377450959478e+00,5.0368377450959478e+00,7.0563368311164743e+00,3.8096920026553249e+00,2.8917518041543664e+00,2.8917518041543664e+00,2.8917518041543664e+00,2.8917518041543664e+00,5.0368377450959478e+00,2.8917518041543664e+00,7.0563368311164743e+00,5.0368377450959478e+00,7.0563368311164743e+00,1.9240429422664151e+00,0.0000000000000000e+00,5.0368377450959478e+00,5.0368377450959478e+00,5.7788189587154335e+00,5.7788189587154335e+00,2.8917518041543664e+00,5.7788189587154335e+00,3.8096920026553249e+00,0.0000000000000000e+00,5.0368377450959478e+00,3.8096920026553249e+00,0.0000000000000000e+00,2.8917518041543664e+00,5.7788189587154335e+00,5.0368377450959478e+00,5.0368377450959478e+00,3.8096920026553249e+00,1.9240429422664151e+00,3.8096920026553249e+00,5.0368377450959478e+00,5.0368377450959478e+00,5.7788189587154335e+00,7.0563368311164743e+00,7.0563368311164743e+00,7.0563368311164743e+00,5.7788189587154335e+00,0.0000000000000000e+00,0.0000000000000000e+00,7.0563368311164743e+00,7.0563368311164743e+00,5.0368377450959478e+00,9.3375147400776171e-01,5.0368377450959478e+00,5.7788189587154335e+00,7.0563368311164743e+00,5.7788189587154335e+00,2.8917518041543664e+00,5.7788189587154335e+00,3.8096920026553249e+00,3.8096920026553249e+00,5.0368377450959478e+00,0.0000000000000000e+00,5.0368377450959478e+00,9.3375147400776171e-01,7.0563368311164743e+00,7.0563368311164743e+00,7.0563368311164743e+00,2.8917518041543664e+00,7.0563368311164743e+00,5.0368377450959478e+00,5.0368377450959478e+00,2.8917518041543664e+00,5.7788189587154335e+00,2.8917518041543664e+00,2.8917518041543664e+00,5.7788189587154335e+00,5.0368377450959478e+00,5.7788189587154335e+00,3.8096920026553249e+00,3.8096920026553249e+00,3.8096920026553249e+00,2.8917518041543664e+00,3.8096920026553249e+00,5.0368377450959478e+00,3.8096920026553249e+00,5.0368377450959478e+00,7.0563368311164743e+00,3.8096920026553249e+00,7.0563368311164743e+00,5.0368377450959478e+00,7.0563368311164743e+00,0.0000000000000000e+00,5.0368377450959478e+00,9.3375147400776171e-01,7.0563368311164743e+00,1.9240429422664151e+00,5.7788189587154335e+00,5.7788189587154335e+00,2.8917518041543664e+00,3.8096920026553249e+00,2.8917518041543664e+00,3.8096920026553249e+00,0.0000000000000000e+00,5.7788189587154335e+00,7.0563368311164743e+00,2.8917518041543664e+00,7.0563368311164743e+00,2.8917518041543664e+00,1.9240429422664151e+00,0.0000000000000000e+00,3.8096920026553249e+00,3.8096920026553249e+00,5.0368377450959478e+00,5.0368377450959478e+00,3.8096920026553249e+00,5.0368377450959478e+00,3.8096920026553249e+00,3.8096920026553249e+00,0.0000000000000000e+00,3.8096920026553249e+00,7.0563368311164743e+00,3.8096920026553249e+00,3.8096920026553249e+00,2.8917518041543664e+00,2.8917518041543664e+00,7.0563368311164743e+00,3.8096920026553249e+00,3.8096920026553249e+00,7.0563368311164743e+00,1.9240429422664151e+00,2.8917518041543664e+00,9.3375147400776171e-01,5.0368377450959478e+00,5.0368377450959478e+00,3.8096920026553249e+00,0.0000000000000000e+00,5.7788189587154335e+00,9.3375147400776171e-01,1.9240429422664151e+00,7.0563368311164743e+00,7.0563368311164743e+00,2.8917518041543664e+00,1.9240429422664151e+00,7.0563368311164743e+00,7.0563368311164743e+00,5.0368377450959478e+00,5.7788189587154335e+00,5.0368377450959478e+00,7.0563368311164743e+00,7.0563368311164743e+00,5.0368377450959478e+00,5.0368377450959478e+00,3.8096920026553249e+00,3.8096920026553249e+00,2.8917518041543664e+00,7.0563368311164743e+00,1.9240429422664151e+00,2.8917518041543664e+00,3.8096920026553249e+00,0.0000000000000000e+00,3.8096920026553249e+00,9.3375147400776171e-01,7.0563368311164743e+00,7.0563368311164743e+00,7.0563368311164743e+00,9.3375147400776171e-01,3.8096920026553249e+00,7.0563368311164743e+00,7.0563368311164743e+00,3.8096920026553249e+00,0.0000000000000000e+00,3.8096920026553249e+00,7.0563368311164743e+00,1.9240429422664151e+00,1.9240429422664151e+00,5.0368377450959478e+00,9.3375147400776171e-01,3.8096920026553249e+00,7.0563368311164743e+00,2.8917518041543664e+00,5.7788189587154335e+00,3.8096920026553249e+00,1.9240429422664151e+00,5.7788189587154335e+00,5.7788189587154335e+00,5.0368377450959478e+00,7.0563368311164743e+00,7.0563368311164743e+00,5.7788189587154335e+00,0.0000000000000000e+00,5.7788189587154335e+00,5.0368377450959478e+00,0.0000000000000000e+00,2.8917518041543664e+00,2.8917518041543664e+00,7.0563368311164743e+00,2.8917518041543664e+00,5.7788189587154335e+00,3.8096920026553249e+00,5.0368377450959478e+00,2.8917518041543664e+00,1.9240429422664151e+00,0.0000000000000000e+00,7.0563368311164743e+00,7.0563368311164743e+00,0.0000000000000000e+00,0.0000000000000000e+00,5.0368377450959478e+00,7.0563368311164743e+00,1.9240429422664151e+00,7.0563368311164743e+00,5.0368377450959478e+00,0.0000000000000000e+00,7.0563368311164743e+00,5.0368377450959478e+00,7.0563368311164743e+00,5.0368377450959478e+00,2.8917518041543664e+00,1.9240429422664151e+00,1.9240429422664151e+00,7.0563368311164743e+00,5.7788189587154335e+00,5.7788189587154335e+00,7.0563368311164743e+00,5.7788189587154335e+00,9.3375147400776171e-01,5.7788189587154335e+00,7.0563368311164743e+00,3.8096920026553249e+00,5.7788189587154335e+00,7.0563368311164743e+00,1.9240429422664151e+00,7.0563368311164743e+00,7.0563368311164743e+00,5.7788189587154335e+00,5.0368377450959478e+00,3.8096920026553249e+00,7.0563368311164743e+00,7.0563368311164743e+00,7.0563368311164743e+00,7.0563368311164743e+00,3.8096920026553249e+00,3.8096920026553249e+00,5.0368377450959478e+00,9.3375147400776171e-01,1.9240429422664151e+00,1.9240429422664151e+00,5.0368377450959478e+00,7.0563368311164743e+00,7.0563368311164743e+00,5.0368377450959478e+00,3.8096920026553249e+00,7.0563368311164743e+00,7.0563368311164743e+00,2.8917518041543664e+00,7.0563368311164743e+00,2.8917518041543664e+00,2.8917518041543664e+00,5.0368377450959478e+00,5.0368377450959478e+00,7.0563368311164743e+00,2.8917518041543664e+00,5.7788189587154335e+00,1.9240429422664151e+00,0.0000000000000000e+00,7.0563368311164743e+00,7.0563368311164743e+00,7.0563368311164743e+00,5.0368377450959478e+00,3.8096920026553249e+00,7.0563368311164743e+00,3.8096920026553249e+00,3.8096920026553249e+00,7.0563368311164743e+00,5.0368377450959478e+00,7.0563368311164743e+00,2.8917518041543664e+00,7.0563368311164743e+00,9.3375147400776171e-01,5.7788189587154335e+00,3.8096920026553249e+00,5.0368377450959478e+00,9.3375147400776171e-01,7.0563368311164743e+00,3.8096920026553249e+00,7.0563368311164743e+00,7.0563368311164743e+00,3.8096920026553249e+00,5.7788189587154335e+00,7.0563368311164743e+00,7.0563368311164743e+00,3.8096920026553249e+00,5.7788189587154335e+00,7.0563368311164743e+00,3.8096920026553249e+00,2.8917518041543664e+00,2.8917518041543664e+00,9.3375147400776171e-01,5.0368377450959478e+00,5.0368377450959478e+00
0.0000000000000000e+00,0.0000000000000000e+00,0.0000000000000000e+00,0.0000000000000000e+00,0.0000000000000000e+00,0.0000000000000000e+00,0.0000000000000000e+00,0.0000000000000000e+00,0.0000000000000000e+00,0.0000000000000000e+00,0.0000000000000000e+00,0.0000000000000000e+00,0.0000000000000000e+00,0.0000000000000000e+00,0.0000000000000000e+00,0.0000000000000000e+00,0.0000000000000000e+00,0.0000000000000000e+00,0.0000000000000000e+00,0.0000000000000000e+00,0.0000000000000000e+00,0.0000000000000000e+00,0.0000000000000000e+00,0.0000000000000000e+00,0.0000000000000000e+00,0.0000000000000000e+00,0.0000000000000000e+00,0.0000000000000000e+00,0.0000000000000000e+00,0.0000000000000000e+00,0.0000000000000000e+00,0.0000000000000000e+00,0.0000000000000000e+00,0.0000000000000000e+00,0.0000000000000000e+00,0.0000000000000000e+00,0.0000000000000000e+00,0.0000000000000000e+00,0.0000000000000000e+00,0.0000000000000000e+00,0.0000000000000000e+00,0.0000000000000000e+00,0.0000000000000000e+00,0.0000000000000000e+00,0.0000000000000000e+00,0.0000000000000000e+00,0.0000000000000000e+00,0.0000000000000000e+00,0.0000000000000000e+00,0.0000000000000000e+00,0.0000000000000000e+00,0.0000000000000000e+00,0.0000000000000000e+00,0.0000000000000000e+00,0.0000000000000000e+00,0.0000000000000000e+00,0.0000000000000000e+00,0.0000000000000000e+00,0.0000000000000000e+00,0.0000000000000000e+00,0.0000000000000000e+00,0.0000000000000000e+00,0.0000000000000000e+00,0.0000000000000000e+00,0.0000000000000000e+00,0.0000000000000000e+00,0.0000000000000000e+00,0.0000000000000000e+00,0.0000000000000000e+00,0.0000000000000000e+00,0.0000000000000000e+00,0.0000000000000000e+00,0.0000000000000000e+00,0.0000000000000000e+00,0.0000000000000000e+00,0.0000000000000000e+00,0.0000000000000000e+00,0.0000000000000000e+00,0.0000000000000000e+00,0.0000000000000000e+00,0.0000000000000000e+00,0.0000000000000000e+00,0.0000000000000000e+00,0.0000000000000000e+00,0.0000000000000000e+00,0.0000000000000000e+00,0.0000000000000000e+00,0.0000000000000000e+00,0.0000000000000000e+00,0.0000000000000000e+00,0.0000000000000000e+00,0.0000000000000000e+00,0.0000000000000000e+00,0.0000000000000000e+00,0.0000000000000000e+00,0.0000000000000000e+00,0.0000000000000000e+00,0.0000000000000000e+00,0.0000000000000000e+00,0.0000000000000000e+00,0.0000000000000000e+00,0.0000000000000000e+00,0.0000000000000000e+00,0.0000000000000000e+00,0.0000000000000000e+00,0.0000000000000000e+00,0.0000000000000000e+00,0.0000000000000000e+00,0.0000000000000000e+00,0.0000000000000000e+00,0.0000000000000000e+00,0.0000000000000000e+00,0.0000000000000000e+00,0.0000000000000000e+00,0.0000000000000000e+00,0.0000000000000000e+00,0.0000000000000000e+00,0.0000000000000000e+00,0.0000000000000000e+00,0.0000000000000000e+00,0.0000000000000000e+00,0.0000000000000000e+00,0.0000000000000000e+00,0.0000000000000000e+00,0.0000000000000000e+00,0.0000000000000000e+00,0.0000000000000000e+00,0.0000000000000000e+00,0.0000000000000000e+00,0.0000000000000000e+00,0.0000000000000000e+00,0.0000000000000000e+00,0.0000000000000000e+00,0.0000000000000000e+00,0.0000000000000000e+00,0.0000000000000000e+00,0.0000000000000000e+00,0.0000000000000000e+00,0.0000000000000000e+00,0.0000000000000000e+00,0.0000000000000000e+00,0.0000000000000000e+00,0.0000000000000000e+00,0.0000000000000000e+00,0.0000000000000000e+00,0.0000000000000000e+00,0.0000000000000000e+00,0.0000000000000000e+00,0.0000000000000000e+00,0.0000000000000000e+00,0.0000000000000000e+00,0.0000000000000000e+00,0.0000000000000000e+00,0.0000000000000000e+00,0.0000000000000000e+00,0.0000000000000000e+00,0.0000000000000000e+00,0.0000000000000000e+00,0.0000000000000000e+00,0.0000000000000000e+00,0.0000000000000000e+00,0.0000000000000000e+00,0.0000000000000000e+00,0.0000000000000000e+00,0.0000000000000000e+00,0.0000000000000000e+00,0.0000000000000000e+00,0.0000000000000000e+00,0.0000000000000000e+00,0.0000000000000000e+00,0.0000000000000000e+00,0.0000000000000000e+00,0.0000000000000000e+00,0.0000000000000000e+00,0.0000000000000000e+00,0.0000000000000000e+00,0.0000000000000000e+00,0.0000000000000000e+00,0.0000000000000000e+00,0.0000000000000000e+00,0.0000000000000000e+00,0.0000000000000000e+00,0.0000000000000000e+00,0.0000000000000000e+00,0.0000000000000000e+00,0.0000000000000000e+00,0.0000000000000000e+00,0.0000000000000000e+00,0.0000000000000000e+00,0.0000000000000000e+00,0.0000000000000000e+00,0.0000000000000000e+00,0.0000000000000000e+00,0.0000000000000000e+00,0.0000000000000000e+00,0.0000000000000000e+00,0.0000000000000000e+00,0.0000000000000000e+00,0.0000000000000000e+00,0.0000000000000000e+00,0.0000000000000000e+00,0.0000000000000000e+00,0.0000000000000000e+00,0.0000000000000000e+00,0.0000000000000000e+00,0.0000000000000000e+00,0.0000000000000000e+00,0.0000000000000000e+00,0.0000000000000000e+00,0.0000000000000000e+00,0.0000000000000000e+00,0.0000000000000000e+00,0.0000000000000000e+00,0.0000000000000000e+00,0.0000000000000000e+00,0.0000000000000000e+00,0.0000000000000000e+00,0.0000000000000000e+00,0.0000000000000000e+00,0.0000000000000000e+00,0.0000000000000000e+00,0.0000000000000000e+00,0.0000000000000000e+00,0.0000000000000000e+00,0.0000000000000000e+00,0.0000000000000000e+00,0.0000000000000000e+00,0.0000000000000000e+00,0.0000000000000000e+00,0.0000000000000000e+00,0.0000000000000000e+00,0.0000000000000000e+00,0.0000000000000000e+00,0.0000000000000000e+00,0.0000000000000000e+00,0.0000000000000000e+00,0.0000000000000000e+00,0.0000000000000000e+00,0.0000000000000000e+00,0.0000000000000000e+00,0.0000000000000000e+00,0.0000000000000000e+00,0.0000000000000000e+00,0.0000000000000000e+00,0.0000000000000000e+00,0.0000000000000000e+00,0.0000000000000000e+00,0.0000000000000000e+00,0.0000000000000000e+00,0.0000000000000000e+00,0.0000000000000000e+00,0.0000000000000000e+00,0.0000000000000000e+00,0.0000000000000000e+00,0.0000000000000000e+00,0.0000000000000000e+00,0.0000000000000000e+00,0.0000000000000000e+00,0.0000000000000000e+00,0.0000000000000000e+00,0.0000000000000000e+00,0.0000000000000000e+00,0.0000000000000000e+00,0.0000000000000000e+00,0.0000000000000000e+00,0.0000000000000000e+00,0.0000000000000000e+00,0.0000000000000000e+00,0.0000000000000000e+00,0.0000000000000000e+00,0.0000000000000000e+00,0.0000000000000000e+00,0.0000000000000000e+00,0.0000000000000000e+00,0.0000000000000000e+00,0.0000000000000000e+00,0.0000000000000000e+00,0.0000000000000000e+00,0.0000000000000000e+00,0.0000000000000000e+00,0.0000000000000000e+00,0.0000000000000000e+00,0.0000000000000000e+00,0.0000000000000000e+00,0.0000000000000000e+00,0.0000000000000000e+00,0.0000000000000000e+00,0.0000000000000000e+00,0.0000000000000000e+00,0.0000000000000000e+00,0.0000000000000000e+00,0.0000000000000000e+00,0.0000000000000000e+00,0.0000000000000000e+00,0.0000000000000000e+00,0.0000000000000000e+00,0.0000000000000000e+00,0.0000000000000000e+00,0.0000000000000000e+00,0.0000000000000000e+00,0.0000000000000000e+00,0.0000000000000000e+00,0.0000000000000000e+00,0.0000000000000000e+00,0.0000000000000000e+00,0.0000000000000000e+00,0.0000000000000000e+00,0.0000000000000000e+00,0.0000000000000000e+00,0.0000000000000000e+00,0.0000000000000000e+00,0.0000000000000000e+00,0.0000000000000000e+00,0.0000000000000000e+00,0.0000000000000000e+00,0.0000000000000000e+00,0.0000000000000000e+00,0.0000000000000000e+00,0.0000000000000000e+00,0.0000000000000000e+00,0.0000000000000000e+00,0.0000000000000000e+00,0.0000000000000000e+00,0.0000000000000000e+00,0.0000000000000000e+00,0.0000000000000000e+00,0.0000000000000000e+00,0.0000000000000000e+00,0.0000000000000000e+00,0.0000000000000000e+00,0.0000000000000000e+00,0.0000000000000000e+00,0.0000000000000000e+00,0.0000000000000000e+00,0.0000000000000000e+00,0.0000000000000000e+00,0.0000000000000000e+00,0.0000000000000000e+00,0.0000000000000000e+00,0.0000000000000000e+00,0.0000000000000000e+00,0.0000000000000000e+00,0.0000000000000000e+00,0.0000000000000000e+00,0.0000000000000000e+00,0.0000000000000000e+00,0.0000000000000000e+00,0.0000000000000000e+00,0.0000000000000000e+00,0.0000000000000000e+00,0.0000000000000000e+00,0.0000000000000000e+00,0.0000000000000000e+00,0.0000000000000000e+00,0.0000000000000000e+00,0.0000000000000000e+00,0.0000000000000000e+00,0.0000000000000000e+00,0.0000000000000000e+00,0.0000000000000000e+00,0.0000000000000000e+00,0.0000000000000000e+00,0.0000000000000000e+00,0.0000000000000000e+00,0.0000000000000000e+00,0.0000000000000000e+00,0.0000000000000000e+00,0.0000000000000000e+00,0.0000000000000000e+00,0.0000000000000000e+00,0.0000000000000000e+00,0.0000000000000000e+00,0.0000000000000000e+00,0.0000000000000000e+00,0.0000000000000000e+00,0.0000000000000000e+00,0.0000000000000000e+00,0.0000000000000000e+00,0.0000000000000000e+00,0.0000000000000000e+00,0.0000000000000000e+00,0.0000000000000000e+00,0.0000000000000000e+00,0.0000000000000000e+00,0.0000000000000000e+00,0.0000000000000000e+00,0.0000000000000000e+00,0.0000000000000000e+00,0.0000000000000000e+00,0.0000000000000000e+00,0.0000000000000000e+00,0.0000000000000000e+00,0.0000000000000000e+00,0.0000000000000000e+00,0.0000000000000000e+00,0.0000000000000000e+00,0.0000000000000000e+00,0.0000000000000000e+00,0.0000000000000000e+00,0.0000000000000000e+00,0.0000000000000000e+00,0.0000000000000000e+00,0.0000000000000000e+00,0.0000000000000000e+00,0.0000000000000000e+00,0.0000000000000000e+00,0.0000000000000000e+00,0.0000000000000000e+00,0.0000000000000000e+00,0.0000000000000000e+00,0.0000000000000000e+00,0.0000000000000000e+00,0.0000000000000000e+00,0.0000000000000000e+00,0.0000000000000000e+00,0.0000000000000000e+00,0.0000000000000000e+00,0.0000000000000000e+00,0.0000000000000000e+00,0.0000000000000000e+00,0.0000000000000000e+00,0.0000000000000000e+00,0.0000000000000000e+00,0.0000000000000000e+00,0.0000000000000000e+00,0.0000000000000000e+00,0.0000000000000000e+00,0.0000000000000000e+00,0.0000000000000000e+00,0.0000000000000000e+00,0.0000000000000000e+00,0.0000000000000000e+00,0.0000000000000000e+00,0.0000000000000000e+00,0.0000000000000000e+00,0.0000000000000000e+00,0.0000000000000000e+00,0.0000000000000000e+00,0.0000000000000000e+00,0.0000000000000000e+00,0.0000000000000000e+00,0.0000000000000000e+00,0.0000000000000000e+00,0.0000000000000000e+00,0.0000000000000000e+00,0.0000000000000000e+00,0.0000000000000000e+00,0.0000000000000000e+00,0.0000000000000000e+00,0.0000000000000000e+00,0.0000000000000000e+00,0.0000000000000000e+00,0.0000000000000000e+00,0.0000000000000000e+00,0.0000000000000000e+00,0.0000000000000000e+00,0.0000000000000000e+00,0.0000000000000000e+00,0.0000000000000000e+00,0.0000000000000000e+00,0.0000000000000000e+00,0.0000000000000000e+00,0.0000000000000000e+00,0.0000000000000000e+00,0.0000000000000000e+00,0.0000000000000000e+00,0.0000000000000000e+00,0.0000000000000000e+00,0.0000000000000000e+00,0.0000000000000000e+00,0.0000000000000000e+00,0.0000000000000000e+00,0.0000000000000000e+00,0.0000000000000000e+00,0.0000000000000000e+00,0.0000000000000000e+00,0.0000000000000000e+00,0.0000000000000000e+00,0.0000000000000000e+00,0.0000000000000000e+00,0.0000000000000000e+00,0.0000000000000000e+00,0.0000000000000000e+00,0.0000000000000000e+00,0.0000000000000000e+00,0.0000000000000000e+00,0.0000000000000000e+00,0.0000000000000000e+00,0.0000000000000000e+00,0.0000000000000000e+00,0.0000000000000000e+00,0.0000000000000000e+00,0.0000000000000000e+00,0.0000000000000000e+00,0.0000000000000000e+00,0.0000000000000000e+00,0.0000000000000000e+00,0.0000000000000000e+00,0.0000000000000000e+00,0.0000000000000000e+00,0.0000000000000000e+00,0.0000000000000000e+00,0.0000000000000000e+00,0.0000000000000000e+00,0.0000000000000000e+00,0.0000000000000000e+00,0.0000000000000000e+00,0.0000000000000000e+00,0.0000000000000000e+00,0.0000000000000000e+00,0.0000000000000000e+00,0.0000000000000000e+00,0.0000000000000000e+00,0.0000000000000000e+00,0.0000000000000000e+00,0.0000000000000000e+00,0.0000000000000000e+00,0.0000000000000000e+00,0.0000000000000000e+00,0.0000000000000000e+00,0.0000000000000000e+00,0.0000000000000000e+00,0.0000000000000000e+00,0.0000000000000000e+00,0.0000000000000000e+00,0.0000000000000000e+00,0.0000000000000000e+00,0.0000000000000000e+00,0.0000000000000000e+00,0.0000000000000000e+00,0.0000000000000000e+00,0.0000000000000000e+00,0.0000000000000000e+00,0.0000000000000000e+00,0.0000000000000000e+00,0.0000000000000000e+00,0.0000000000000000e+00,0.0000000000000000e+00,0.0000000000000000e+00,0.0000000000000000e+00,0.0000000000000000e+00,0.0000000000000000e+00,0.0000000000000000e+00,0.0000000000000000e+00,0.0000000000000000e+00,0.0000000000000000e+00,0.0000000000000000e+00,0.0000000000000000e+00,0.0000000000000000e+00,0.0000000000000000e+00,0.0000000000000000e+00,0.0000000000000000e+00,0.0000000000000000e+00,0.0000000000000000e+00,0.0000000000000000e+00,0.0000000000000000e+00,0.0000000000000000e+00,0.0000000000000000e+00,0.0000000000000000e+00,0.0000000000000000e+00,0.0000000000000000e+00,0.0000000000000000e+00,0.0000000000000000e+00,0.0000000000000000e+00,0.0000000000000000e+00,0.0000000000000000e+00,0.0000000000000000e+00,0.0000000000000000e+00,0.0000000000000000e+00,0.0000000000000000e+00,0.0000000000000000e+00,0.0000000000000000e+00,0.0000000000000000e+00,0.0000000000000000e+00,0.0000000000000000e+00,0.0000000000000000e+00,0.0000000000000000e+00,0.0000000000000000e+00,0.0000000000000000e+00,0.0000000000000000e+00,0.0000000000000000e+00,0.0000000000000000e+00,0.0000000000000000e+00,0.0000000000000000e+00,0.0000000000000000e+00,0.0000000000000000e+00,0.0000000000000000e+00,0.0000000000000000e+00,0.0000000000000000e+00,0.0000000000000000e+00,0.0000000000000000e+00,0.0000000000000000e+00,0.0000000000000000e+00,0.0000000000000000e+00,0.0000000000000000e+00,0.0000000000000000e+00,0.0000000000000000e+00,0.0000000000000000e+00,0.0000000000000000e+00,0.0000000000000000e+00,0.0000000000000000e+00,0.0000000000000000e+00,0.0000000000000000e+00,0.0000000000000000e+00,0.0000000000000000e+00,0.0000000000000000e+00,0.0000000000000000e+00,0.0000000000000000e+00,0.0000000000000000e+00,0.0000000000000000e+00,0.0000000000000000e+00,0.0000000000000000e+00,0.0000000000000000e+00,0.0000000000000000e+00,0.0000000000000000e+00,0.0000000000000000e+00,0.0000000000000000e+00,0.0000000000000000e+00,0.0000000000000000e+00,0.0000000000000000e+00,0.0000000000000000e+00,0.0000000000000000e+00,0.0000000000000000e+00,0.0000000000000000e+00,0.0000000000000000e+00,0.0000000000000000e+00,0.0000000000000000e+00,0.0000000000000000e+00,0.0000000000000000e+00,0.0000000000000000e+00,0.0000000000000000e+00,0.0000000000000000e+00,0.0000000000000000e+00,0.0000000000000000e+00,0.0000000000000000e+00,0.0000000000000000e+00,0.0000000000000000e+00,0.0000000000000000e+00,0.0000000000000000e+00,0.0000000000000000e+00,0.0000000000000000e+00,0.0000000000000000e+00,0.0000000000000000e+00,0.0000000000000000e+00,0.0000000000000000e+00,0.0000000000000000e+00,0.0000000000000000e+00,0.0000000000000000e+00,0.0000000000000000e+00,0.0000000000000000e+00,0.0000000000000000e+00,0.0000000000000000e+00,0.0000000000000000e+00,0.0000000000000000e+00,0.0000000000000000e+00,0.0000000000000000e+00,0.0000000000000000e+00,0.0000000000000000e+00,0.0000000000000000e+00,0.0000000000000000e+00,0.0000000000000000e+00,0.0000000000000000e+00,0.0000000000000000e+00,0.0000000000000000e+00,0.0000000000000000e+00,0.0000000000000000e+00,0.0000000000000000e+00,0.0000000000000000e+00,0.0000000000000000e+00,0.0000000000000000e+00,0.0000000000000000e+00,0.0000000000000000e+00,0.0000000000000000e+00,0.0000000000000000e+00,0.0000000000000000e+00,0.0000000000000000e+00,0.0000000000000000e+00,0.0000000000000000e+00,0.0000000000000000e+00,0.0000000000000000e+00,0.0000000000000000e+00,0.0000000000000000e+00,0.0000000000000000e+00,0.0000000000000000e+00,0.0000000000000000e+00,0.0000000000000000e+00,0.0000000000000000e+00,0.0000000000000000e+00,0.0000000000000000e+00,0.0000000000000000e+00,0.0000000000000000e+00,0.0000000000000000e+00,0.0000000000000000e+00,0.0000000000000000e+00,0.0000000000000000e+00,0.0000000000000000e+00,0.0000000000000000e+00,0.0000000000000000e+00,0.0000000000000000e+00,0.0000000000000000e+00,0.0000000000000000e+00,0.0000000000000000e+00,0.0000000000000000e+00,0.0000000000000000e+00,0.0000000000000000e+00,0.0000000000000000e+00,0.0000000000000000e+00,0.0000000000000000e+00,0.0000000000000000e+00,0.0000000000000000e+00,0.0000000000000000e+00,0.0000000000000000e+00,0.0000000000000000e+00,0.0000000000000000e+00,0.0000000000000000e+00,0.0000000000000000e+00,0.0000000000000000e+00,0.0000000000000000e+00,0.0000000000000000e+00,0.0000000000000000e+00,0.0000000000000000e+00,0.0000000000000000e+00,0.0000000000000000e+00,0.0000000000000000e+00,0.0000000000000000e+00,0.0000000000000000e+00,0.0000000000000000e+00,0.0000000000000000e+00,0.0000000000000000e+00,0.0000000000000000e+00,0.0000000000000000e+00,0.0000000000000000e+00,0.0000000000000000e+00,0.0000000000000000e+00,0.0000000000000000e+00,0.0000000000000000e+00,0.0000000000000000e+00,0.0000000000000000e+00,0.0000000000000000e+00,0.0000000000000000e+00,0.0000000000000000e+00,0.0000000000000000e+00,0.0000000000000000e+00,0.0000000000000000e+00,0.0000000000000000e+00,0.0000000000000000e+00,0.0000000000000000e+00,0.0000000000000000e+00,0.0000000000000000e+00,0.0000000000000000e+00,0.0000000000000000e+00,0.0000000000000000e+00,0.0000000000000000e+00,0.0000000000000000e+00,0.0000000000000000e+00,0.0000000000000000e+00,0.0000000000000000e+00,0.0000000000000000e+00,0.0000000000000000e+00,0.0000000000000000e+00,0.0000000000000000e+00,0.0000000000000000e+00,0.0000000000000000e+00,0.0000000000000000e+00,0.0000000000000000e+00,0.0000000000000000e+00,0.0000000000000000e+00,0.0000000000000000e+00,0.0000000000000000e+00,0.0000000000000000e+00,0.0000000000000000e+00,0.0000000000000000e+00,0.0000000000000000e+00,0.0000000000000000e+00,0.0000000000000000e+00,0.0000000000000000e+00,0.0000000000000000e+00,0.0000000000000000e+00,0.0000000000000000e+00,0.0000000000000000e+00,0.0000000000000000e+00,0.0000000000000000e+00,0.0000000000000000e+00,0.0000000000000000e+00,0.0000000000000000e+00,0.0000000000000000e+00,0.0000000000000000e+00,0.0000000000000000e+00,0.0000000000000000e+00,0.0000000000000000e+00,0.0000000000000000e+00,0.0000000000000000e+00,0.0000000000000000e+00,0.0000000000000000e+00,0.0000000000000000e+00,0.0000000000000000e+00,0.0000000000000000e+00,0.0000000000000000e+00,0.0000000000000000e+00,0.0000000000000000e+00,0.0000000000000000e+00,0.0000000000000000e+00,0.0000000000000000e+00,0.0000000000000000e+00,0.0000000000000000e+00,0.0000000000000000e+00,0.0000000000000000e+00,0.0000000000000000e+00,0.0000000000000000e+00,0.0000000000000000e+00,0.0000000000000000e+00,0.0000000000000000e+00,0.0000000000000000e+00,0.0000000000000000e+00,0.0000000000000000e+00,0.0000000000000000e+00,0.0000000000000000e+00,0.0000000000000000e+00,0.0000000000000000e+00,0.0000000000000000e+00,0.0000000000000000e+00,0.0000000000000000e+00,0.0000000000000000e+00,0.0000000000000000e+00,0.0000000000000000e+00,0.0000000000000000e+00,0.0000000000000000e+00,0.0000000000000000e+00,0.0000000000000000e+00,0.0000000000000000e+00,0.0000000000000000e+00,0.0000000000000000e+00,0.0000000000000000e+00,0.0000000000000000e+00,0.0000000000000000e+00,0.0000000000000000e+00,0.0000000000000000e+00,0.0000000000000000e+00,0.0000000000000000e+00,0.0000000000000000e+00,0.0000000000000000e+00,0.0000000000000000e+00,0.0000000000000000e+00,0.0000000000000000e+00,0.0000000000000000e+00,0.0000000000000000e+00,0.0000000000000000e+00,0.0000000000000000e+00,0.0000000000000000e+00,0.0000000000000000e+00,0.0000000000000000e+00,0.0000000000000000e+00,0.0000000000000000e+00,0.0000000000000000e+00,0.0000000000000000e+00,0.0000000000000000e+00,0.0000000000000000e+00,0.0000000000000000e+00,0.0000000000000000e+00,0.0000000000000000e+00,0.0000000000000000e+00,0.0000000000000000e+00,0.0000000000000000e+00,0.0000000000000000e+00,0.0000000000000000e+00,0.0000000000000000e+00,0.0000000000000000e+00,0.0000000000000000e+00,0.0000000000000000e+00,0.0000000000000000e+00,0.0000000000000000e+00,0.0000000000000000e+00,0.0000000000000000e+00,0.0000000000000000e+00,0.0000000000000000e+00,0.0000000000000000e+00,0.0000000000000000e+00,0.0000000000000000e+00,0.0000000000000000e+00,0.0000000000000000e+00,0.0000000000000000e+00,0.0000000000000000e+00,0.0000000000000000e+00,0.0000000000000000e+00,0.0000000000000000e+00,0.0000000000000000e+00,0.0000000000000000e+00,0.0000000000000000e+00,0.0000000000000000e+00,0.0000000000000000e+00,0.0000000000000000e+00,0.0000000000000000e+00,0.0000000000000000e+00,0.0000000000000000e+00,0.0000000000000000e+00,0.0000000000000000e+00,0.0000000000000000e+00,0.0000000000000000e+00,0.0000000000000000e+00,0.0000000000000000e+00,0.0000000000000000e+00,0.0000000000000000e+00,0.0000000000000000e+00,0.0000000000000000e+00,0.0000000000000000e+00,0.0000000000000000e+00,0.0000000000000000e+00,0.0000000000000000e+00,0.0000000000000000e+00,0.0000000000000000e+00,0.0000000000000000e+00,0.0000000000000000e+00,0.0000000000000000e+00,0.0000000000000000e+00,0.0000000000000000e+00,0.0000000000000000e+00,0.0000000000000000e+00,0.0000000000000000e+00,0.0000000000000000e+00,0.0000000000000000e+00,0.0000000000000000e+00,0.0000000000000000e+00,0.0000000000000000e+00,0.0000000000000000e+00,0.0000000000000000e+00,0.0000000000000000e+00,0.0000000000000000e+00,0.0000000000000000e+00,0.0000000000000000e+00,0.0000000000000000e+00,0.0000000000000000e+00,0.0000000000000000e+00,0.0000000000000000e+00,0.0000000000000000e+00,0.0000000000000000e+00,0.0000000000000000e+00,0.0000000000000000e+00,0.0000000000000000e+00,0.0000000000000000e+00,0.0000000000000000e+00,0.0000000000000000e+00,0.0000000000000000e+00,0.0000000000000000e+00,0.0000000000000000e+00,0.0000000000000000e+00,0.0000000000000000e+00,0.0000000000000000e+00,0.0000000000000000e+00,0.0000000000000000e+00,0.0000000000000000e+00,0.0000000000000000e+00,0.0000000000000000e+00,0.0000000000000000e+00,0.0000000000000000e+00,0.0000000000000000e+00,0.0000000000000000e+00,0.0000000000000000e+00,0.0000000000000000e+00,0.0000000000000000e+00,0.0000000000000000e+00,0.0000000000000000e+00,0.0000000000000000e+00,0.0000000000000000e+00,0.0000000000000000e+00,0.0000000000000000e+00,0.0000000000000000e+00,0.0000000000000000e+00,0.0000000000000000e+00,0.0000000000000000e+00,0.0000000000000000e+00,0.0000000000000000e+00,0.0000000000000000e+00,0.0000000000000000e+00,0.0000000000000000e+00,0.0000000000000000e+00,0.0000000000000000e+00,0.0000000000000000e+00,0.0000000000000000e+00,0.0000000000000000e+00,0.0000000000000000e+00,0.0000000000000000e+00,0.0000000000000000e+00,0.0000000000000000e+00,0.0000000000000000e+00,0.0000000000000000e+00,0.0000000000000000e+00,0.0000000000000000e+00,0.0000000000000000e+00,0.0000000000000000e+00,0.0000000000000000e+00,0.0000000000000000e+00,0.0000000000000000e+00,0.0000000000000000e+00,0.0000000000000000e+00,0.0000000000000000e+00,0.0000000000000000e+00,0.0000000000000000e+00,0.0000000000000000e+00,0.0000000000000000e+00,0.0000000000000000e+00
4.9284141746228185e+00,6.6305434074413698e+00,6.6305434074413698e+00,9.5315478977617141e-01,6.6305434074413698e+00,6.6305434074413698e+00,6.6305434074413698e+00,6.6305434074413698e+00,5.5495135825838897e+00,6.6305434074413698e+00,9.5315478977617141e-01,6.6305434074413698e+00,5.5495135825838897e+00,5.5495135825838897e+00,5.5495135825838897e+00,5.5495135825838897e+00,6.6305434074413698e+00,6.6305434074413698e+00,6.6305434074413698e+00,0.0000000000000000e+00,6.6305434074413698e+00,6.6305434074413698e+00,5.5495135825838897e+00,5.5495135825838897e+00,6.6305434074413698e+00,5.5495135825838897e+00,5.5495135825838897e+00,5.5495135825838897e+00,5.5495135825838897e+00,0.0000000000000000e+00,5.5495135825838897e+00,6.6305434074413698e+00,6.6305434074413698e+00,0.0000000000000000e+00,5.5495135825838897e+00,6.6305434074413698e+00,6.6305434074413698e+00,1.8693408970459200e+00,6.6305434074413698e+00,5.5495135825838897e+00,6.6305434074413698e+00,6.6305434074413698e+00,9.5315478977617141e-01,2.7597955159649405e+00,4.9284141746228185e+00,9.5315478977617141e-01,5.5495135825838897e+00,0.0000000000000000e+00,5.5495135825838897e+00,9.5315478977617141e-01,5.5495135825838897e+00,5.5495135825838897e+00,6.6305434074413698e+00,6.6305434074413698e+00,9.5315478977617141e-01,1.8693408970459200e+00,6.6305434074413698e+00,5.5495135825838897e+00,5.5495135825838897e+00,4.9284141746228185e+00,5.5495135825838897e+00,5.5495135825838897e+00,1.8693408970459200e+00,6.6305434074413698e+00,9.5315478977617141e-01,5.5495135825838897e+00,6.6305434074413698e+00,5.5495135825838897e+00,9.5315478977617141e-01,6.6305434074413698e+00,1.8693408970459200e+00,2.7597955159649405e+00,5.5495135825838897e+00,5.5495135825838897e+00,6.6305434074413698e+00,5.5495135825838897e+00,6.6305434074413698e+00,6.6305434074413698e+00,6.6305434074413698e+00,2.7597955159649405e+00,6.6305434074413698e+00,5.5495135825838897e+00,1.8693408970459200e+00,1.8693408970459200e+00,6.6305434074413698e+00,0.0000000000000000e+00,5.5495135825838897e+00,2.7597955159649405e+00,5.5495135825838897e+00,6.6305434074413698e+00,6.6305434074413698e+00,6.6305434074413698e+00,6.6305434074413698e+00,1.8693408970459200e+00,6.6305434074413698e+00,6.6305434074413698e+00,1.8693408970459200e+00,2.7597955159649405e+00,2.7597955159649405e+00,4.9284141746228185e+00,2.7597955159649405e+00,1.8693408970459200e+00,2.7597955159649405e+00,2.7597955159649405e+00,4.0181288774510069e+00,6.6305434074413698e+00,6.6305434074413698e+00,4.9284141746228185e+00,6.6305434074413698e+00,6.6305434074413698e+00,1.8693408970459200e+00,6.6305434074413698e+00,4.0181288774510069e+00,6.6305434074413698e+00,4.0181288774510069e+00,6.6305434074413698e+00,0.0000000000000000e+00,6.6305434074413698e+00,6.6305434074413698e+00,1.8693408970459200e+00,2.7597955159649405e+00,4.9284141746228185e+00,4.0181288774510069e+00,5.5495135825838897e+00,4.0181288774510069e+00,4.9284141746228185e+00,1.8693408970459200e+00,6.6305434074413698e+00,6.6305434074413698e+00,5.5495135825838897e+00,1.8693408970459200e+00,6.6305434074413698e+00,6.6305434074413698e+00,6.6305434074413698e+00,2.7597955159649405e+00,4.9284141746228185e+00,5.5495135825838897e+00,5.5495135825838897e+00,4.9284141746228185e+00,6.6305434074413698e+00,2.7597955159649405e+00,2.7597955159649405e+00,6.6305434074413698e+00,5.5495135825838897e+00,1.8693408970459200e+00,2.7597955159649405e+00,4.0181288774510069e+00,4.0181288774510069e+00,5.5495135825838897e+00,1.8693408970459200e+00,6.6305434074413698e+00,1.8693408970459200e+00,6.6305434074413698e+00,6.6305434074413698e+00,6.6305434074413698e+00,6.6305434074413698e+00,4.9284141746228185e+00,6.6305434074413698e+00,6.6305434074413698e+00,4.9284141746228185e+00,6.6305434074413698e+00,2.7597955159649405e+00,6.6305434074413698e+00,2.7597955159649405e+00,9.5315478977617141e-01,0.0000000000000000e+00,6.6305434074413698e+00,4.9284141746228185e+00,9.5315478977617141e-01,9.5315478977617141e-01,4.9284141746228185e+00,4.9284141746228185e+00,5.5495135825838897e+00,0.0000000000000000e+00,0.0000000000000000e+00,1.8693408970459200e+00,6.6305434074413698e+00,6.6305434074413698e+00,6.6305434074413698e+00,6.6305434074413698e+00,4.0181288774510069e+00,6.6305434074413698e+00,4.0181288774510069e+00,5.5495135825838897e+00,4.9284141746228185e+00,1.8693408970459200e+00,6.6305434074413698e+00,5.5495135825838897e+00,4.9284141746228185e+00,5.5495135825838897e+00,4.9284141746228185e+00,5.5495135825838897e+00,6.6305434074413698e+00,2.7597955159649405e+00,5.5495135825838897e+00,5.5495135825838897e+00,4.0181288774510069e+00,6.6305434074413698e+00,6.6305434074413698e+00,6.6305434074413698e+00,6.6305434074413698e+00,4.0181288774510069e+00,6.6305434074413698e+00,9.5315478977617141e-01,6.6305434074413698e+00,1.8693408970459200e+00,4.9284141746228185e+00,4.9284141746228185e+00,4.0181288774510069e+00,4.9284141746228185e+00,6.6305434074413698e+00,9.5315478977617141e-01,6.6305434074413698e+00,5.5495135825838897e+00,6.6305434074413698e+00,6.6305434074413698e+00,5.5495135825838897e+00,9.5315478977617141e-01,6.6305434074413698e+00,6.6305434074413698e+00,4.9284141746228185e+00,6.6305434074413698e+00,1.8693408970459200e+00,5.5495135825838897e+00,1.8693408970459200e+00,0.0000000000000000e+00,6.6305434074413698e+00,2.7597955159649405e+00,1.8693408970459200e+00,6.6305434074413698e+00,6.6305434074413698e+00,1.8693408970459200e+00,0.0000000000000000e+00,4.0181288774510069e+00,9.5315478977617141e-01,9.5315478977617141e-01,4.9284141746228185e+00,9.5315478977617141e-01,6.6305434074413698e+00,1.8693408970459200e+00,5.5495135825838897e+00,9.5315478977617141e-01,0.0000000000000000e+00,1.8693408970459200e+00,5.5495135825838897e+00,5.5495135825838897e+00,6.6305434074413698e+00,1.8693408970459200e+00,6.6305434074413698e+00,5.5495135825838897e+00,2.7597955159649405e+00,2.7597955159649405e+00,4.0181288774510069e+00,1.8693408970459200e+00,6.6305434074413698e+00,6.6305434074413698e+00,6.6305434074413698e+00,6.6305434074413698e+00,6.6305434074413698e+00,6.6305434074413698e+00,1.8693408970459200e+00,6.6305434074413698e+00,1.8693408970459200e+00,5.5495135825838897e+00,4.0181288774510069e+00,6.6305434074413698e+00,1.8693408970459200e+00,2.7597955159649405e+00,2.7597955159649405e+00,4.9284141746228185e+00,2.7597955159649405e+00,6.6305434074413698e+00,6.6305434074413698e+00,9.5315478977617141e-01,1.8693408970459200e+00,9.5315478977617141e-01,9.5315478977617141e-01,6.6305434074413698e+00,9.5315478977617141e-01,1.8693408970459200e+00,5.5495135825838897e+00,5.5495135825838897e+00,5.5495135825838897e+00,6.6305434074413698e+00,6.6305434074413698e+00,6.6305434074413698e+00,6.6305434074413698e+00,6.6305434074413698e+00,6.6305434074413698e+00,5.5495135825838897e+00,5.5495135825838897e+00,6.6305434074413698e+00,6.6305434074413698e+00,4.0181288774510069e+00,6.6305434074413698e+00,6.6305434074413698e+00,6.6305434074413698e+00,0.0000000000000000e+00,6.6305434074413698e+00,1.8693408970459200e+00,4.9284141746228185e+00,4.9284141746228185e+00,6.6305434074413698e+00,4.9284141746228185e+00,6.6305434074413698e+00,6.6305434074413698e+00,4.0181288774510069e+00,6.6305434074413698e+00,0.0000000000000000e+00,9.5315478977617141e-01,4.9284141746228185e+00,5.5495135825838897e+00,5.5495135825838897e+00,6.6305434074413698e+00,9.5315478977617141e-01,5.5495135825838897e+00,2.7597955159649405e+00,4.9284141746228185e+00,5.5495135825838897e+00,5.5495135825838897e+00,5.5495135825838897e+00,4.0181288774510069e+00,4.0181288774510069e+00,0.0000000000000000e+00,0.0000000000000000e+00,5.5495135825838897e+00,0.0000000000000000e+00,4.9284141746228185e+00,9.5315478977617141e-01,0.0000000000000000e+00,4.0181288774510069e+00,1.8693408970459200e+00,6.6305434074413698e+00,4.9284141746228185e+00,0.0000000000000000e+00,9.5315478977617141e-01,4.9284141746228185e+00,1.8693408970459200e+00,6.6305434074413698e+00,1.8693408970459200e+00,4.9284141746228185e+00,2.7597955159649405e+00,4.9284141746228185e+00,4.9284141746228185e+00,5.5495135825838897e+00,4.9284141746228185e+00,6.6305434074413698e+00,9.5315478977617141e-01,6.6305434074413698e+00,6.6305434074413698e+00,5.5495135825838897e+00,6.6305434074413698e+00,4.9284141746228185e+00,4.9284141746228185e+00,0.0000000000000000e+00,5.5495135825838897e+00,4.9284141746228185e+00,1.8693408970459200e+00,1.8693408970459200e+00,6.6305434074413698e+00,4.9284141746228185e+00,4.9284141746228185e+00,4.9284141746228185e+00,6.6305434074413698e+00,4.9284141746228185e+00,2.7597955159649405e+00,5.5495135825838897e+00,6.6305434074413698e+00,1.8693408970459200e+00,2.7597955159649405e+00,2.7597955159649405e+00,4.9284141746228185e+00,5.5495135825838897e+00,6.6305434074413698e+00,6.6305434074413698e+00,6.6305434074413698e+00,4.0181288774510069e+00,6.6305434074413698e+00,5.5495135825838897e+00,6.6305434074413698e+00,6.6305434074413698e+00,9.5315478977617141e-01,9.5315478977617141e-01,6.6305434074413698e+00,0.0000000000000000e+00,5.5495135825838897e+00,5.5495135825838897e+00,9.5315478977617141e-01,6.6305434074413698e+00,2.7597955159649405e+00,6.6305434074413698e+00,4.9284141746228185e+00,1.8693408970459200e+00,6.6305434074413698e+00,6.6305434074413698e+00,4.9284141746228185e+00,4.9284141746228185e+00,4.9284141746228185e+00,0.0000000000000000e+00,5.5495135825838897e+00,6.6305434074413698e+00,5.5495135825838897e+00,5.5495135825838897e+00,4.0181288774510069e+00,5.5495135825838897e+00,4.9284141746228185e+00,6.6305434074413698e+00,2.7597955159649405e+00,6.6305434074413698e+00,5.5495135825838897e+00,6.6305434074413698e+00,4.0181288774510069e+00,9.5315478977617141e-01,4.9284141746228185e+00,2.7597955159649405e+00,2.7597955159649405e+00,1.8693408970459200e+00,6.6305434074413698e+00,5.5495135825838897e+00,4.9284141746228185e+00,4.9284141746228185e+00,1.8693408970459200e+00,0.0000000000000000e+00,4.9284141746228185e+00,2.7597955159649405e+00,2.7597955159649405e+00,9.5315478977617141e-01,4.9284141746228185e+00,5.5495135825838897e+00,2.7597955159649405e+00,5.5495135825838897e+00,6.6305434074413698e+00,5.5495135825838897e+00,4.9284141746228185e+00,6.6305434074413698e+00,2.7597955159649405e+00,1.8693408970459200e+00,1.8693408970459200e+00,1.8693408970459200e+00,6.6305434074413698e+00,2.7597955159649405e+00,6.6305434074413698e+00,6.6305434074413698e+00,2.7597955159649405e+00,6.6305434074413698e+00,6.6305434074413698e+00,2.7597955159649405e+00,0.0000000000000000e+00,2.7597955159649405e+00,6.6305434074413698e+00,6.6305434074413698e+00,1.8693408970459200e+00,2.7597955159649405e+00,6.6305434074413698e+00,1.8693408970459200e+00,6.6305434074413698e+00,6.6305434074413698e+00,5.5495135825838897e+00,5.5495135825838897e+00,5.5495135825838897e+00,5.5495135825838897e+00,6.6305434074413698e+00,4.9284141746228185e+00,2.7597955159649405e+00,2.7597955159649405e+00,0.0000000000000000e+00,2.7597955159649405e+00,5.5495135825838897e+00,2.7597955159649405e+00,2.7597955159649405e+00,6.6305434074413698e+00,5.5495135825838897e+00,9.5315478977617141e-01,6.6305434074413698e+00,5.5495135825838897e+00,5.5495135825838897e+00,4.9284141746228185e+00,0.0000000000000000e+00,6.6305434074413698e+00,1.8693408970459200e+00,2.7597955159649405e+00,9.5315478977617141e-01,1.8693408970459200e+00,9.5315478977617141e-01,0.0000000000000000e+00,6.6305434074413698e+00,6.6305434074413698e+00,6.6305434074413698e+00,9.5315478977617141e-01,6.6305434074413698e+00,6.6305434074413698e+00,6.6305434074413698e+00,4.0181288774510069e+00,6.6305434074413698e+00,4.9284141746228185e+00,2.7597955159649405e+00,0.0000000000000000e+00,2.7597955159649405e+00,2.7597955159649405e+00,2.7597955159649405e+00,2.7597955159649405e+00,2.7597955159649405e+00,9.5315478977617141e-01,6.6305434074413698e+00,0.0000000000000000e+00,6.6305434074413698e+00,9.5315478977617141e-01,9.5315478977617141e-01,5.5495135825838897e+00,6.6305434074413698e+00,4.9284141746228185e+00,2.7597955159649405e+00,6.6305434074413698e+00,6.6305434074413698e+00,4.9284141746228185e+00,4.0181288774510069e+00,9.5315478977617141e-01,5.5495135825838897e+00,5.5495135825838897e+00,0.0000000000000000e+00,6.6305434074413698e+00,6.6305434074413698e+00,6.6305434074413698e+00,9.5315478977617141e-01,5.5495135825838897e+00,2.7597955159649405e+00,6.6305434074413698e+00,5.5495135825838897e+00,5.5495135825838897e+00,6.6305434074413698e+00,6.6305434074413698e+00,9.5315478977617141e-01,6.6305434074413698e+00,1.8693408970459200e+00,5.5495135825838897e+00,5.5495135825838897e+00,1.8693408970459200e+00,1.8693408970459200e+00,6.6305434074413698e+00,1.8693408970459200e+00,6.6305434074413698e+00,4.9284141746228185e+00,9.5315478977617141e-01,5.5495135825838897e+00,5.5495135825838897e+00,6.6305434074413698e+00,5.5495135825838897e+00,4.9284141746228185e+00,2.7597955159649405e+00,2.7597955159649405e+00,4.0181288774510069e+00,4.0181288774510069e+00,9.5315478977617141e-01,4.0181288774510069e+00,6.6305434074413698e+00,2.7597955159649405e+00,2.7597955159649405e+00,5.5495135825838897e+00,5.5495135825838897e+00,2.7597955159649405e+00,2.7597955159649405e+00,2.7597955159649405e+00,4.9284141746228185e+00,4.9284141746228185e+00,2.7597955159649405e+00,4.9284141746228185e+00,5.5495135825838897e+00,5.5495135825838897e+00,6.6305434074413698e+00,5.5495135825838897e+00,4.9284141746228185e+00,5.5495135825838897e+00,6.6305434074413698e+00,4.9284141746228185e+00,5.5495135825838897e+00,4.0181288774510069e+00,4.0181288774510069e+00,5.5495135825838897e+00,5.5495135825838897e+00,5.5495135825838897e+00,5.5495135825838897e+00,4.9284141746228185e+00,5.5495135825838897e+00,4.9284141746228185e+00,5.5495135825838897e+00,4.9284141746228185e+00,1.8693408970459200e+00,4.9284141746228185e+00,1.8693408970459200e+00,4.9284141746228185e+00,4.9284141746228185e+00,6.6305434074413698e+00,4.9284141746228185e+00,4.9284141746228185e+00,6.6305434074413698e+00,6.6305434074413698e+00,4.9284141746228185e+00,2.7597955159649405e+00,1.8693408970459200e+00,5.5495135825838897e+00,1.8693408970459200e+00,0.0000000000000000e+00,6.6305434074413698e+00,4.9284141746228185e+00,0.0000000000000000e+00,1.8693408970459200e+00,5.5495135825838897e+00,5.5495135825838897e+00,5.5495135825838897e+00,4.9284141746228185e+00,5.5495135825838897e+00,1.8693408970459200e+00,4.9284141746228185e+00,6.6305434074413698e+00,4.9284141746228185e+00,4.9284141746228185e+00,5.5495135825838897e+00,5.5495135825838897e+00,4.9284141746228185e+00,6.6305434074413698e+00,5.5495135825838897e+00,9.5315478977617141e-01,4.9284141746228185e+00,4.9284141746228185e+00,4.9284141746228185e+00,2.7597955159649405e+00,9.5315478977617141e-01,6.6305434074413698e+00,2.7597955159649405e+00,4.9284141746228185e+00,5.5495135825838897e+00,5.5495135825838897e+00,0.0000000000000000e+00,4.9284141746228185e+00,6.6305434074413698e+00,2.7597955159649405e+00,5.5495135825838897e+00,5.5495135825838897e+00,1.8693408970459200e+00,0.0000000000000000e+00,4.9284141746228185e+00,4.9284141746228185e+00,4.9284141746228185e+00,4.9284141746228185e+00,4.9284141746228185e+00,9.5315478977617141e-01,5.5495135825838897e+00,9.5315478977617141e-01,6.6305434074413698e+00,5.5495135825838897e+00,0.0000000000000000e+00,9.5315478977617141e-01,5.5495135825838897e+00,5.5495135825838897e+00,9.5315478977617141e-01,5.5495135825838897e+00,5.5495135825838897e+00,4.0181288774510069e+00,4.0181288774510069e+00,5.5495135825838897e+00,9.5315478977617141e-01,0.0000000000000000e+00,6.6305434074413698e+00,4.9284141746228185e+00,1.8693408970459200e+00,0.0000000000000000e+00,4.0181288774510069e+00,9.5315478977617141e-01,4.9284141746228185e+00,4.9284141746228185e+00,6.6305434074413698e+00,4.9284141746228185e+00,6.6305434074413698e+00,4.0181288774510069e+00,2.7597955159649405e+00,5.5495135825838897e+00,4.9284141746228185e+00,4.9284141746228185e+00,4.0181288774510069e+00,6.6305434074413698e+00,6.6305434074413698e+00,2.7597955159649405e+00,5.5495135825838897e+00,1.8693408970459200e+00,1.8693408970459200e+00,2.7597955159649405e+00,5.5495135825838897e+00,5.5495135825838897e+00,5.5495135825838897e+00,4.9284141746228185e+00,5.5495135825838897e+00,5.5495135825838897e+00,5.5495135825838897e+00,2.7597955159649405e+00,4.0181288774510069e+00,5.5495135825838897e+00,5.5495135825838897e+00,9.5315478977617141e-01,4.9284141746228185e+00,6.6305434074413698e+00,6.6305434074413698e+00,4.0181288774510069e+00,4.0181288774510069e+00,9.5315478977617141e-01,6.6305434074413698e+00,6.6305434074413698e+00,6.6305434074413698e+00,6.6305434074413698e+00,2.7597955159649405e+00,9.5315478977617141e-01,4.0181288774510069e+00,4.0181288774510069e+00,4.0181288774510069e+00,5.5495135825838897e+00,6.6305434074413698e+00,5.5495135825838897e+00,6.6305434074413698e+00,4.0181288774510069e+00,9.5315478977617141e-01,9.5315478977617141e-01,1.8693408970459200e+00,1.8693408970459200e+00,6.6305434074413698e+00,5.5495135825838897e+00,4.9284141746228185e+00,9.5315478977617141e-01,4.0181288774510069e+00,9.5315478977617141e-01,4.0181288774510069e+00,4.0181288774510069e+00,4.0181288774510069e+00,6.6305434074413698e+00,5.5495135825838897e+00,4.9284141746228185e+00,4.9284141746228185e+00,6.6305434074413698e+00,4.0181288774510069e+00,6.6305434074413698e+00,1.8693408970459200e+00,4.0181288774510069e+00,4.9284141746228185e+00,4.0181288774510069e+00,4.0181288774510069e+00,9.5315478977617141e-01,6.6305434074413698e+00,2.7597955159649405e+00,0.0000000000000000e+00,4.0181288774510069e+00,4.0181288774510069e+00,2.7597955159649405e+00,5.5495135825838897e+00,4.0181288774510069e+00,4.0181288774510069e+00,1.8693408970459200e+00,2.7597955159649405e+00,5.5495135825838897e+00,6.6305434074413698e+00,5.5495135825838897e+00,2.7597955159649405e+00,5.5495135825838897e+00,9.5315478977617141e-01,6.6305434074413698e+00,0.0000000000000000e+00,4.9284141746228185e+00,6.6305434074413698e+00,6.6305434074413698e+00,5.5495135825838897e+00,6.6305434074413698e+00,2.7597955159649405e+00,6.6305434074413698e+00,6.6305434074413698e+00,5.5495135825838897e+00,4.0181288774510069e+00,4.0181288774510069e+00,0.0000000000000000e+00,0.0000000000000000e+00,5.5495135825838897e+00,5.5495135825838897e+00,6.6305434074413698e+00,5.5495135825838897e+00,9.5315478977617141e-01,4.0181288774510069e+00,5.5495135825838897e+00,6.6305434074413698e+00,9.5315478977617141e-01,5.5495135825838897e+00,0.0000000000000000e+00,6.6305434074413698e+00,9.5315478977617141e-01,5.5495135825838897e+00,6.6305434074413698e+00,5.5495135825838897e+00,6.6305434074413698e+00,6.6305434074413698e+00,2.7597955159649405e+00,4.0181288774510069e+00,4.0181288774510069e+00,4.0181288774510069e+00,5.5495135825838897e+00,1.8693408970459200e+00,1.8693408970459200e+00,0.0000000000000000e+00,4.0181288774510069e+00,4.9284141746228185e+00,5.5495135825838897e+00,1.8693408970459200e+00,2.7597955159649405e+00,2.7597955159649405e+00,1.8693408970459200e+00,6.6305434074413698e+00,4.0181288774510069e+00,6.6305434074413698e+00,5.5495135825838897e+00,5.5495135825838897e+00,0.0000000000000000e+00,5.5495135825838897e+00,1.8693408970459200e+00,6.6305434074413698e+00,6.6305434074413698e+00,6.6305434074413698e+00,2.7597955159649405e+00,9.5315478977617141e-01,4.0181288774510069e+00,5.5495135825838897e+00,6.6305434074413698e+00,5.5495135825838897e+00,4.0181288774510069e+00,4.9284141746228185e+00,5.5495135825838897e+00,5.5495135825838897e+00,5.5495135825838897e+00,0.0000000000000000e+00,5.5495135825838897e+00,6.6305434074413698e+00,6.6305434074413698e+00,0.0000000000000000e+00,2.7597955159649405e+00,9.5315478977617141e-01,2.7597955159649405e+00,4.9284141746228185e+00,4.0181288774510069e+00,4.0181288774510069e+00,6.6305434074413698e+00,2.7597955159649405e+00,6.6305434074413698e+00,6.6305434074413698e+00,2.7597955159649405e+00,0.0000000000000000e+00,2.7597955159649405e+00,5.5495135825838897e+00,6.6305434074413698e+00,6.6305434074413698e+00,6.6305434074413698e+00,6.6305434074413698e+00,6.6305434074413698e+00,4.9284141746228185e+00,4.9284141746228185e+00,6.6305434074413698e+00,1.8693408970459200e+00,2.7597955159649405e+00,6.6305434074413698e+00,6.6305434074413698e+00,5.5495135825838897e+00,6.6305434074413698e+00,6.6305434074413698e+00,2.7597955159649405e+00,6.6305434074413698e+00,4.9284141746228185e+00,9.5315478977617141e-01,9.5315478977617141e-01,4.9284141746228185e+00,4.9284141746228185e+00,6.6305434074413698e+00,6.6305434074413698e+00,4.9284141746228185e+00,5.5495135825838897e+00,4.9284141746228185e+00,6.6305434074413698e+00,2.7597955159649405e+00,5.5495135825838897e+00,1.8693408970459200e+00,5.5495135825838897e+00,4.0181288774510069e+00,6.6305434074413698e+00,5.5495135825838897e+00,9.5315478977617141e-01,9.5315478977617141e-01,9.5315478977617141e-01,9.5315478977617141e-01,9.5315478977617141e-01,6.6305434074413698e+00,9.5315478977617141e-01,5.5495135825838897e+00,0.0000000000000000e+00,5.5495135825838897e+00,6.6305434074413698e+00,5.5495135825838897e+00,0.0000000000000000e+00,5.5495135825838897e+00,1.8693408970459200e+00,0.0000000000000000e+00,6.6305434074413698e+00,4.9284141746228185e+00,4.0181288774510069e+00,2.7597955159649405e+00,0.0000000000000000e+00,2.7597955159649405e+00,4.9284141746228185e+00,6.6305434074413698e+00,4.9284141746228185e+00,6.6305434074413698e+00,0.0000000000000000e+00,5.5495135825838897e+00,1.8693408970459200e+00,6.6305434074413698e+00,4.9284141746228185e+00,4.9284141746228185e+00,6.6305434074413698e+00,4.0181288774510069e+00,4.9284141746228185e+00,4.0181288774510069e+00,5.5495135825838897e+00,2.7597955159649405e+00,5.5495135825838897e+00,2.7597955159649405e+00,6.6305434074413698e+00,6.6305434074413698e+00,6.6305434074413698e+00,5.5495135825838897e+00,6.6305434074413698e+00,5.5495135825838897e+00,9.5315478977617141e-01,5.5495135825838897e+00,4.9284141746228185e+00,2.7597955159649405e+00,0.0000000000000000e+00,6.6305434074413698e+00,5.5495135825838897e+00,4.9284141746228185e+00,5.5495135825838897e+00,2.7597955159649405e+00,4.9284141746228185e+00,9.5315478977617141e-01,6.6305434074413698e+00,9.5315478977617141e-01,0.0000000000000000e+00,6.6305434074413698e+00,4.0181288774510069e+00,2.7597955159649405e+00,1.8693408970459200e+00,5.5495135825838897e+00,4.9284141746228185e+00,5.5495135825838897e+00,9.5315478977617141e-01,5.5495135825838897e+00,6.6305434074413698e+00,5.5495135825838897e+00,5.5495135825838897e+00,4.9284141746228185e+00,9.5315478977617141e-01,0.0000000000000000e+00,1.8693408970459200e+00,1.8693408970459200e+00,6.6305434074413698e+00,4.9284141746228185e+00,4.9284141746228185e+00,5.5495135825838897e+00,0.0000000000000000e+00,4.0181288774510069e+00,6.6305434074413698e+00,0.0000000000000000e+00,9.5315478977617141e-01,6.6305434074413698e+00,5.5495135825838897e+00,4.0181288774510069e+00,1.8693408970459200e+00,6.6305434074413698e+00,4.9284141746228185e+00,5.5495135825838897e+00,4.0181288774510069e+00,6.6305434074413698e+00,4.9284141746228185e+00,6.6305434074413698e+00,6.6305434074413698e+00,5.5495135825838897e+00,5.5495135825838897e+00,2.7597955159649405e+00,4.0181288774510069e+00,6.6305434074413698e+00,5.5495135825838897e+00,2.7597955159649405e+00,6.6305434074413698e+00,4.0181288774510069e+00,6.6305434074413698e+00,4.9284141746228185e+00,5.5495135825838897e+00,4.9284141746228185e+00,2.7597955159649405e+00,6.6305434074413698e+00,4.0181288774510069e+00
0.0000000000000000e+00,0.0000000000000000e+00,0.0000000000000000e+00,0.0000000000000000e+00,0.0000000000000000e+00,0.0000000000000000e+00,0.0000000000000000e+00,0.0000000000000000e+00,0.0000000000000000e+00,0.0000000000000000e+00,0.0000000000000000e+00,0.0000000000000000e+00,0.0000000000000000e+00,0.0000000000000000e+00,0.0000000000000000e+00,0.0000000000000000e+00,0.0000000000000000e+00,0.0000000000000000e+00,0.0000000000000000e+00,0.0000000000000000e+00,0.0000000000000000e+00,0.0000000000000000e+00,0.0000000000000000e+00,0.0000000000000000e+00,0.0000000000000000e+00,0.0000000000000000e+00,0.0000000000000000e+00,0.0000000000000000e+00,0.0000000000000000e+00,0.0000000000000000e+00,0.0000000000000000e+00,0.0000000000000000e+00,0.0000000000000000e+00,0.0000000000000000e+00,0.0000000000000000e+00,0.0000000000000000e+00,0.0000000000000000e+00,0.0000000000000000e+00,0.0000000000000000e+00,0.0000000000000000e+00,0.0000000000000000e+00,0.0000000000000000e+00,0.0000000000000000e+00,0.0000000000000000e+00,0.0000000000000000e+00,0.0000000000000000e+00,0.0000000000000000e+00,0.0000000000000000e+00,0.0000000000000000e+00,0.0000000000000000e+00,0.0000000000000000e+00,0.0000000000000000e+00,0.0000000000000000e+00,0.0000000000000000e+00,0.0000000000000000e+00,0.0000000000000000e+00,0.0000000000000000e+00,0.0000000000000000e+00,0.0000000000000000e+00,0.0000000000000000e+00,0.0000000000000000e+00,0.0000000000000000e+00,0.0000000000000000e+00,0.0000000000000000e+00,0.0000000000000000e+00,0.0000000000000000e+00,0.0000000000000000e+00,0.0000000000000000e+00,0.0000000000000000e+00,0.0000000000000000e+00,0.0000000000000000e+00,0.0000000000000000e+00,0.0000000000000000e+00,0.0000000000000000e+00,0.0000000000000000e+00,0.0000000000000000e+00,0.0000000000000000e+00,0.0000000000000000e+00,0.0000000000000000e+00,0.0000000000000000e+00,0.0000000000000000e+00,0.0000000000000000e+00,0.0000000000000000e+00,0.0000000000000000e+00,0.0000000000000000e+00,0.0000000000000000e+00,0.0000000000000000e+00,0.0000000000000000e+00,0.0000000000000000e+00,0.0000000000000000e+00,0.0000000000000000e+00,0.0000000000000000e+00,0.0000000000000000e+00,0.0000000000000000e+00,0.0000000000000000e+00,0.0000000000000000e+00,0.0000000000000000e+00,0.0000000000000000e+00,0.0000000000000000e+00,0.0000000000000000e+00,0.0000000000000000e+00,0.0000000000000000e+00,0.0000000000000000e+00,0.0000000000000000e+00,0.0000000000000000e+00,0.0000000000000000e+00,0.0000000000000000e+00,0.0000000000000000e+00,0.0000000000000000e+00,0.0000000000000000e+00,0.0000000000000000e+00,0.0000000000000000e+00,0.0000000000000000e+00,0.0000000000000000e+00,0.0000000000000000e+00,0.0000000000000000e+00,0.0000000000000000e+00,0.0000000000000000e+00,0.0000000000000000e+00,0.0000000000000000e+00,0.0000000000000000e+00,0.0000000000000000e+00,0.0000000000000000e+00,0.0000000000000000e+00,0.0000000000000000e+00,0.0000000000000000e+00,0.0000000000000000e+00,0.0000000000000000e+00,0.0000000000000000e+00,0.0000000000000000e+00,0.0000000000000000e+00,0.0000000000000000e+00,0.0000000000000000e+00,0.0000000000000000e+00,0.0000000000000000e+00,0.0000000000000000e+00,0.0000000000000000e+00,0.0000000000000000e+00,0.0000000000000000e+00,0.0000000000000000e+00,0.0000000000000000e+00,0.0000000000000000e+00,0.0000000000000000e+00,0.0000000000000000e+00,0.0000000000000000e+00,0.0000000000000000e+00,0.0000000000000000e+00,0.0000000000000000e+00,0.0000000000000000e+00,0.0000000000000000e+00,0.0000000000000000e+00,0.0000000000000000e+00,0.0000000000000000e+00,0.0000000000000000e+00,0.0000000000000000e+00,0.0000000000000000e+00,0.0000000000000000e+00,0.0000000000000000e+00,0.0000000000000000e+00,0.0000000000000000e+00,0.0000000000000000e+00,0.0000000000000000e+00,0.0000000000000000e+00,0.0000000000000000e+00,0.0000000000000000e+00,0.0000000000000000e+00,0.0000000000000000e+00,0.0000000000000000e+00,0.0000000000000000e+00,0.0000000000000000e+00,0.0000000000000000e+00,0.0000000000000000e+00,0.0000000000000000e+00,0.0000000000000000e+00,0.0000000000000000e+00,0.0000000000000000e+00,0.0000000000000000e+00,0.0000000000000000e+00,0.0000000000000000e+00,0.0000000000000000e+00,0.0000000000000000e+00,0.0000000000000000e+00,0.0000000000000000e+00,0.0000000000000000e+00,0.0000000000000000e+00,0.0000000000000000e+00,0.0000000000000000e+00,0.0000000000000000e+00,0.0000000000000000e+00,0.0000000000000000e+00,0.0000000000000000e+00,0.0000000000000000e+00,0.0000000000000000e+00,0.0000000000000000e+00,0.0000000000000000e+00,0.0000000000000000e+00,0.0000000000000000e+00,0.0000000000000000e+00,0.0000000000000000e+00,0.0000000000000000e+00,0.0000000000000000e+00,0.0000000000000000e+00,0.0000000000000000e+00,0.0000000000000000e+00,0.0000000000000000e+00,0.0000000000000000e+00,0.0000000000000000e+00,0.0000000000000000e+00,0.0000000000000000e+00,0.0000000000000000e+00,0.0000000000000000e+00,0.0000000000000000e+00,0.0000000000000000e+00,0.0000000000000000e+00,0.0000000000000000e+00,0.0000000000000000e+00,0.0000000000000000e+00,0.0000000000000000e+00,0.0000000000000000e+00,0.0000000000000000e+00,0.0000000000000000e+00,0.0000000000000000e+00,0.0000000000000000e+00,0.0000000000000000e+00,0.0000000000000000e+00,0.0000000000000000e+00,0.0000000000000000e+00,0.0000000000000000e+00,0.0000000000000000e+00,0.0000000000000000e+00,0.0000000000000000e+00,0.0000000000000000e+00,0.0000000000000000e+00,0.0000000000000000e+00,0.0000000000000000e+00,0.0000000000000000e+00,0.0000000000000000e+00,0.0000000000000000e+00,0.0000000000000000e+00,0.0000000000000000e+00,0.0000000000000000e+00,0.0000000000000000e+00,0.0000000000000000e+00,0.0000000000000000e+00,0.0000000000000000e+00,0.0000000000000000e+00,0.0000000000000000e+00,0.0000000000000000e+00,0.0000000000000000e+00,0.0000000000000000e+00,0.0000000000000000e+00,0.0000000000000000e+00,0.0000000000000000e+00,0.0000000000000000e+00,0.0000000000000000e+00,0.0000000000000000e+00,0.0000000000000000e+00,0.0000000000000000e+00,0.0000000000000000e+00,0.0000000000000000e+00,0.0000000000000000e+00,0.0000000000000000e+00,0.0000000000000000e+00,0.0000000000000000e+00,0.0000000000000000e+00,0.0000000000000000e+00,0.0000000000000000e+00,0.0000000000000000e+00,0.0000000000000000e+00,0.0000000000000000e+00,0.0000000000000000e+00,0.0000000000000000e+00,0.0000000000000000e+00,0.0000000000000000e+00,0.0000000000000000e+00,0.0000000000000000e+00,0.0000000000000000e+00,0.0000000000000000e+00,0.0000000000000000e+00,0.0000000000000000e+00,0.0000000000000000e+00,0.0000000000000000e+00,0.0000000000000000e+00,0.0000000000000000e+00,0.0000000000000000e+00,0.0000000000000000e+00,0.0000000000000000e+00,0.0000000000000000e+00,0.0000000000000000e+00,0.0000000000000000e+00,0.0000000000000000e+00,0.0000000000000000e+00,0.0000000000000000e+00,0.0000000000000000e+00,0.0000000000000000e+00,0.0000000000000000e+00,0.0000000000000000e+00,0.0000000000000000e+00,0.0000000000000000e+00,0.0000000000000000e+00,0.0000000000000000e+00,0.0000000000000000e+00,0.0000000000000000e+00,0.0000000000000000e+00,0.0000000000000000e+00,0.0000000000000000e+00,0.0000000000000000e+00,0.0000000000000000e+00,0.0000000000000000e+00,0.0000000000000000e+00,0.0000000000000000e+00,0.0000000000000000e+00,0.0000000000000000e+00,0.0000000000000000e+00,0.0000000000000000e+00,0.0000000000000000e+00,0.0000000000000000e+00,0.0000000000000000e+00,0.0000000000000000e+00,0.0000000000000000e+00,0.0000000000000000e+00,0.0000000000000000e+00,0.0000000000000000e+00,0.0000000000000000e+00,0.0000000000000000e+00,0.0000000000000000e+00,0.0000000000000000e+00,0.0000000000000000e+00,0.0000000000000000e+00,0.0000000000000000e+00,0.0000000000000000e+00,0.0000000000000000e+00,0.0000000000000000e+00,0.0000000000000000e+00,0.0000000000000000e+00,0.0000000000000000e+00,0.0000000000000000e+00,0.0000000000000000e+00,0.0000000000000000e+00,0.0000000000000000e+00,0.0000000000000000e+00,0.0000000000000000e+00,0.0000000000000000e+00,0.0000000000000000e+00,0.0000000000000000e+00,0.0000000000000000e+00,0.0000000000000000e+00,0.0000000000000000e+00,0.0000000000000000e+00,0.0000000000000000e+00,0.0000000000000000e+00,0.0000000000000000e+00,0.0000000000000000e+00,0.0000000000000000e+00,0.0000000000000000e+00,0.0000000000000000e+00,0.0000000000000000e+00,0.0000000000000000e+00,0.0000000000000000e+00,0.0000000000000000e+00,0.0000000000000000e+00,0.0000000000000000e+00,0.0000000000000000e+00,0.0000000000000000e+00,0.0000000000000000e+00,0.0000000000000000e+00,0.0000000000000000e+00,0.0000000000000000e+00,0.0000000000000000e+00,0.0000000000000000e+00,0.0000000000000000e+00,0.0000000000000000e+00,0.0000000000000000e+00,0.0000000000000000e+00,0.0000000000000000e+00,0.0000000000000000e+00,0.0000000000000000e+00,0.0000000000000000e+00,0.0000000000000000e+00,0.0000000000000000e+00,0.0000000000000000e+00,0.0000000000000000e+00,0.0000000000000000e+00,0.0000000000000000e+00,0.0000000000000000e+00,0.0000000000000000e+00,0.0000000000000000e+00,0.0000000000000000e+00,0.0000000000000000e+00,0.0000000000000000e+00,0.0000000000000000e+00,0.0000000000000000e+00,0.0000000000000000e+00,0.0000000000000000e+00,0.0000000000000000e+00,0.0000000000000000e+00,0.0000000000000000e+00,0.0000000000000000e+00,0.0000000000000000e+00,0.0000000000000000e+00,0.0000000000000000e+00,0.0000000000000000e+00,0.0000000000000000e+00,0.0000000000000000e+00,0.0000000000000000e+00,0.0000000000000000e+00,0.0000000000000000e+00,0.0000000000000000e+00,0.0000000000000000e+00,0.0000000000000000e+00,0.0000000000000000e+00,0.0000000000000000e+00,0.0000000000000000e+00,0.0000000000000000e+00,0.0000000000000000e+00,0.0000000000000000e+00,0.0000000000000000e+00,0.0000000000000000e+00,0.0000000000000000e+00,0.0000000000000000e+00,0.0000000000000000e+00,0.0000000000000000e+00,0.0000000000000000e+00,0.0000000000000000e+00,0.0000000000000000e+00,0.0000000000000000e+00,0.0000000000000000e+00,0.0000000000000000e+00,0.0000000000000000e+00,0.0000000000000000e+00,0.0000000000000000e+00,0.0000000000000000e+00,0.0000000000000000e+00,0.0000000000000000e+00,0.0000000000000000e+00,0.0000000000000000e+00,0.0000000000000000e+00,0.0000000000000000e+00,0.0000000000000000e+00,0.0000000000000000e+00,0.0000000000000000e+00,0.0000000000000000e+00,0.0000000000000000e+00,0.0000000000000000e+00,0.0000000000000000e+00,0.0000000000000000e+00,0.0000000000000000e+00,0.0000000000000000e+00,0.0000000000000000e+00,0.0000000000000000e+00,0.0000000000000000e+00,0.0000000000000000e+00,0.0000000000000000e+00,0.0000000000000000e+00,0.0000000000000000e+00,0.0000000000000000e+00,0.0000000000000000e+00,0.0000000000000000e+00,0.0000000000000000e+00,0.0000000000000000e+00,0.0000000000000000e+00,0.0000000000000000e+00,0.0000000000000000e+00,0.0000000000000000e+00,0.0000000000000000e+00,0.0000000000000000e+00,0.0000000000000000e+00,0.0000000000000000e+00,0.0000000000000000e+00,0.0000000000000000e+00,0.0000000000000000e+00,0.0000000000000000e+00,0.0000000000000000e+00,0.0000000000000000e+00,0.0000000000000000e+00,0.0000000000000000e+00,0.0000000000000000e+00,0.0000000000000000e+00,0.0000000000000000e+00,0.0000000000000000e+00,0.0000000000000000e+00,0.0000000000000000e+00,0.0000000000000000e+00,0.0000000000000000e+00,0.0000000000000000e+00,0.0000000000000000e+00,0.0000000000000000e+00,0.0000000000000000e+00,0.0000000000000000e+00,0.0000000000000000e+00,0.0000000000000000e+00,0.0000000000000000e+00,0.0000000000000000e+00,0.0000000000000000e+00,0.0000000000000000e+00,0.0000000000000000e+00,0.0000000000000000e+00,0.0000000000000000e+00,0.0000000000000000e+00,0.0000000000000000e+00,0.0000000000000000e+00,0.0000000000000000e+00,0.0000000000000000e+00,0.0000000000000000e+00,0.0000000000000000e+00,0.0000000000000000e+00,0.0000000000000000e+00,0.0000000000000000e+00,0.0000000000000000e+00,0.0000000000000000e+00,0.0000000000000000e+00,0.0000000000000000e+00,0.0000000000000000e+00,0.0000000000000000e+00,0.0000000000000000e+00,0.0000000000000000e+00,0.0000000000000000e+00,0.0000000000000000e+00,0.0000000000000000e+00,0.0000000000000000e+00,0.0000000000000000e+00,0.0000000000000000e+00,0.0000000000000000e+00,0.0000000000000000e+00,0.0000000000000000e+00,0.0000000000000000e+00,0.0000000000000000e+00,0.0000000000000000e+00,0.0000000000000000e+00,0.0000000000000000e+00,0.0000000000000000e+00,0.0000000000000000e+00,0.0000000000000000e+00,0.0000000000000000e+00,0.0000000000000000e+00,0.0000000000000000e+00,0.0000000000000000e+00,0.0000000000000000e+00,0.0000000000000000e+00,0.0000000000000000e+00,0.0000000000000000e+00,0.0000000000000000e+00,0.0000000000000000e+00,0.0000000000000000e+00,0.0000000000000000e+00,0.0000000000000000e+00,0.0000000000000000e+00,0.0000000000000000e+00,0.0000000000000000e+00,0.0000000000000000e+00,0.0000000000000000e+00,0.0000000000000000e+00,0.0000000000000000e+00,0.0000000000000000e+00,0.0000000000000000e+00,0.0000000000000000e+00,0.0000000000000000e+00,0.0000000000000000e+00,0.0000000000000000e+00,0.0000000000000000e+00,0.0000000000000000e+00,0.0000000000000000e+00,0.0000000000000000e+00,0.0000000000000000e+00,0.0000000000000000e+00,0.0000000000000000e+00,0.0000000000000000e+00,0.0000000000000000e+00,0.0000000000000000e+00,0.0000000000000000e+00,0.0000000000000000e+00,0.0000000000000000e+00,0.0000000000000000e+00,0.0000000000000000e+00,0.0000000000000000e+00,0.0000000000000000e+00,0.0000000000000000e+00,0.0000000000000000e+00,0.0000000000000000e+00,0.0000000000000000e+00,0.0000000000000000e+00,0.0000000000000000e+00,0.0000000000000000e+00,0.0000000000000000e+00,0.0000000000000000e+00,0.0000000000000000e+00,0.0000000000000000e+00,0.0000000000000000e+00,0.0000000000000000e+00,0.0000000000000000e+00,0.0000000000000000e+00,0.0000000000000000e+00,0.0000000000000000e+00,0.0000000000000000e+00,0.0000000000000000e+00,0.0000000000000000e+00,0.0000000000000000e+00,0.0000000000000000e+00,0.0000000000000000e+00,0.0000000000000000e+00,0.0000000000000000e+00,0.0000000000000000e+00,0.0000000000000000e+00,0.0000000000000000e+00,0.0000000000000000e+00,0.0000000000000000e+00,0.0000000000000000e+00,0.0000000000000000e+00,0.0000000000000000e+00,0.0000000000000000e+00,0.0000000000000000e+00,0.0000000000000000e+00,0.0000000000000000e+00,0.0000000000000000e+00,0.0000000000000000e+00,0.0000000000000000e+00,0.0000000000000000e+00,0.0000000000000000e+00,0.0000000000000000e+00,0.0000000000000000e+00,0.0000000000000000e+00,0.0000000000000000e+00,0.0000000000000000e+00,0.0000000000000000e+00,0.0000000000000000e+00,0.0000000000000000e+00,0.0000000000000000e+00,0.0000000000000000e+00,0.0000000000000000e+00,0.0000000000000000e+00,0.0000000000000000e+00,0.0000000000000000e+00,0.0000000000000000e+00,0.0000000000000000e+00,0.0000000000000000e+00,0.0000000000000000e+00,0.0000000000000000e+00,0.0000000000000000e+00,0.0000000000000000e+00,0.0000000000000000e+00,0.0000000000000000e+00,0.0000000000000000e+00,0.0000000000000000e+00,0.0000000000000000e+00,0.0000000000000000e+00,0.0000000000000000e+00,0.0000000000000000e+00,0.0000000000000000e+00,0.0000000000000000e+00,0.0000000000000000e+00,0.0000000000000000e+00,0.0000000000000000e+00,0.0000000000000000e+00,0.0000000000000000e+00,0.0000000000000000e+00,0.0000000000000000e+00,0.0000000000000000e+00,0.0000000000000000e+00,0.0000000000000000e+00,0.0000000000000000e+00,0.0000000000000000e+00,0.0000000000000000e+00,0.0000000000000000e+00,0.0000000000000000e+00,0.0000000000000000e+00,0.0000000000000000e+00,0.0000000000000000e+00,0.0000000000000000e+00,0.0000000000000000e+00,0.0000000000000000e+00,0.0000000000000000e+00,0.0000000000000000e+00,0.0000000000000000e+00,0.0000000000000000e+00,0.0000000000000000e+00,0.0000000000000000e+00,0.0000000000000000e+00,0.0000000000000000e+00,0.0000000000000000e+00,0.0000000000000000e+00,0.0000000000000000e+00,0.0000000000000000e+00,0.0000000000000000e+00,0.0000000000000000e+00,0.0000000000000000e+00,0.0000000000000000e+00,0.0000000000000000e+00,0.0000000000000000e+00,0.0000000000000000e+00,0.0000000000000000e+00,0.0000000000000000e+00,0.0000000000000000e+00,0.0000000000000000e+00,0.0000000000000000e+00,0.0000000000000000e+00,0.0000000000000000e+00,0.0000000000000000e+00,0.0000000000000000e+00,0.0000000000000000e+00,0.0000000000000000e+00,0.0000000000000000e+00,0.0000000000000000e+00,0.0000000000000000e+00,0.0000000000000000e+00,0.0000000000000000e+00,0.0000000000000000e+00,0.0000000000000000e+00,0.0000000000000000e+00,0.0000000000000000e+00,0.0000000000000000e+00,0.0000000000000000e+00,0.0000000000000000e+00,0.0000000000000000e+00,0.0000000000000000e+00,0.0000000000000000e+00,0.0000000000000000e+00,0.0000000000000000e+00,0.0000000000000000e+00,0.0000000000000000e+00,0.0000000000000000e+00,0.0000000000000000e+00,0.0000000000000000e+00,0.0000000000000000e+00,0.0000000000000000e+00,0.0000000000000000e+00,0.0000000000000000e+00,0.0000000000000000e+00,0.0000000000000000e+00,0.0000000000000000e+00,0.0000000000000000e+00,0.0000000000000000e+00,0.0000000000000000e+00,0.0000000000000000e+00,0.0000000000000000e+00,0.0000000000000000e+00,0.0000000000000000e+00,0.0000000000000000e+00,0.0000000000000000e+00,0.0000000000000000e+00,0.0000000000000000e+00,0.0000000000000000e+00,0.0000000000000000e+00,0.0000000000000000e+00,0.0000000000000000e+00,0.0000000000000000e+00,0.0000000000000000e+00,0.0000000000000000e+00,0.0000000000000000e+00,0.0000000000000000e+00,0.0000000000000000e+00,0.0000000000000000e+00,0.0000000000000000e+00,0.0000000000000000e+00,0.0000000000000000e+00,0.0000000000000000e+00,0.0000000000000000e+00,0.0000000000000000e+00,0.0000000000000000e+00,0.0000000000000000e+00,0.0000000000000000e+00,0.0000000000000000e+00,0.0000000000000000e+00,0.0000000000000000e+00,0.0000000000000000e+00,0.0000000000000000e+00,0.0000000000000000e+00,0.0000000000000000e+00,0.0000000000000000e+00,0.0000000000000000e+00,0.0000000000000000e+00,0.0000000000000000e+00,0.0000000000000000e+00,0.0000000000000000e+00,0.0000000000000000e+00,0.0000000000000000e+00,0.0000000000000000e+00,0.0000000000000000e+00,0.0000000000000000e+00,0.0000000000000000e+00,0.0000000000000000e+00,0.0000000000000000e+00,0.0000000000000000e+00,0.0000000000000000e+00,0.0000000000000000e+00,0.0000000000000000e+00,0.0000000000000000e+00,0.0000000000000000e+00,0.0000000000000000e+00,0.0000000000000000e+00,0.0000000000000000e+00,0.0000000000000000e+00,0.0000000000000000e+00,0.0000000000000000e+00,0.0000000000000000e+00,0.0000000000000000e+00,0.0000000000000000e+00,0.0000000000000000e+00,0.0000000000000000e+00,0.0000000000000000e+00,0.0000000000000000e+00,0.0000000000000000e+00,0.0000000000000000e+00,0.0000000000000000e+00,0.0000000000000000e+00,0.0000000000000000e+00,0.0000000000000000e+00,0.0000000000000000e+00,0.0000000000000000e+00,0.0000000000000000e+00,0.0000000000000000e+00,0.0000000000000000e+00,0.0000000000000000e+00,0.0000000000000000e+00,0.0000000000000000e+00,0.0000000000000000e+00,0.0000000000000000e+00,0.0000000000000000e+00,0.0000000000000000e+00,0.0000000000000000e+00,0.0000000000000000e+00,0.0000000000000000e+00,0.0000000000000000e+00,0.0000000000000000e+00,0.0000000000000000e+00,0.0000000000000000e+00,0.0000000000000000e+00,0.0000000000000000e+00,0.0000000000000000e+00,0.0000000000000000e+00,0.0000000000000000e+00,0.0000000000000000e+00,0.0000000000000000e+00,0.0000000000000000e+00,0.0000000000000000e+00,0.0000000000000000e+00,0.0000000000000000e+00,0.0000000000000000e+00,0.0000000000000000e+00,0.0000000000000000e+00,0.0000000000000000e+00,0.0000000000000000e+00,0.0000000000000000e+00,0.0000000000000000e+00,0.0000000000000000e+00,0.0000000000000000e+00,0.0000000000000000e+00,0.0000000000000000e+00,0.0000000000000000e+00,0.0000000000000000e+00,0.0000000000000000e+00,0.0000000000000000e+00,0.0000000000000000e+00,0.0000000000000000e+00,0.0000000000000000e+00,0.0000000000000000e+00,0.0000000000000000e+00,0.0000000000000000e+00,0.0000000000000000e+00,0.0000000000000000e+00,0.0000000000000000e+00,0.0000000000000000e+00,0.0000000000000000e+00,0.0000000000000000e+00,0.0000000000000000e+00,0.0000000000000000e+00,0.0000000000000000e+00,0.0000000000000000e+00,0.0000000000000000e+00,0.0000000000000000e+00,0.0000000000000000e+00,0.0000000000000000e+00,0.0000000000000000e+00,0.0000000000000000e+00,0.0000000000000000e+00,0.0000000000000000e+00,0.0000000000000000e+00,0.0000000000000000e+00,0.0000000000000000e+00,0.0000000000000000e+00,0.0000000000000000e+00,0.0000000000000000e+00,0.0000000000000000e+00,0.0000000000000000e+00,0.0000000000000000e+00,0.0000000000000000e+00,0.0000000000000000e+00,0.0000000000000000e+00,0.0000000000000000e+00,0.0000000000000000e+00,0.0000000000000000e+00,0.0000000000000000e+00,0.0000000000000000e+00,0.0000000000000000e+00,0.0000000000000000e+00,0.0000000000000000e+00,0.0000000000000000e+00,0.0000000000000000e+00,0.0000000000000000e+00,0.0000000000000000e+00,0.0000000000000000e+00,0.0000000000000000e+00,0.0000000000000000e+00,0.0000000000000000e+00,0.0000000000000000e+00,0.0000000000000000e+00,0.0000000000000000e+00,0.0000000000000000e+00,0.0000000000000000e+00,0.0000000000000000e+00,0.0000000000000000e+00,0.0000000000000000e+00,0.0000000000000000e+00,0.0000000000000000e+00,0.0000000000000000e+00,0.0000000000000000e+00,0.0000000000000000e+00,0.0000000000000000e+00,0.0000000000000000e+00,0.0000000000000000e+00,0.0000000000000000e+00,0.0000000000000000e+00,0.0000000000000000e+00,0.0000000000000000e+00,0.0000000000000000e+00,0.0000000000000000e+00,0.0000000000000000e+00,0.0000000000000000e+00,0.0000000000000000e+00,0.0000000000000000e+00,0.0000000000000000e+00,0.0000000000000000e+00,0.0000000000000000e+00,0.0000000000000000e+00,0.0000000000000000e+00,0.0000000000000000e+00,0.0000000000000000e+00,0.0000000000000000e+00,0.0000000000000000e+00,0.0000000000000000e+00,0.0000000000000000e+00,0.0000000000000000e+00,0.0000000000000000e+00,0.0000000000000000e+00,0.0000000000000000e+00,0.0000000000000000e+00,0.0000000000000000e+00,0.0000000000000000e+00,0.0000000000000000e+00,0.0000000000000000e+00,0.0000000000000000e+00,0.0000000000000000e+00,0.0000000000000000e+00,0.0000000000000000e+00,0.0000000000000000e+00,0.0000000000000000e+00,0.0000000000000000e+00,0.0000000000000000e+00,0.0000000000000000e+00,0.0000000000000000e+00,0.0000000000000000e+00,0.0000000000000000e+00,0.0000000000000000e+00,0.0000000000000000e+00,0.0000000000000000e+00,0.0000000000000000e+00,0.0000000000000000e+00,0.0000000000000000e+00,0.0000000000000000e+00,0.0000000000000000e+00,0.0000000000000000e+00,0.0000000000000000e+00,0.0000000000000000e+00,0.0000000000000000e+00,0.0000000000000000e+00,0.0000000000000000e+00,0.0000000000000000e+00,0.0000000000000000e+00,0.0000000000000000e+00,0.0000000000000000e+00,0.0000000000000000e+00,0.0000000000000000e+00,0.0000000000000000e+00,0.0000000000000000e+00,0.0000000000000000e+00,0.0000000000000000e+00,0.0000000000000000e+00,0.0000000000000000e+00,0.0000000000000000e+00,0.0000000000000000e+00,0.0000000000000000e+00,0.0000000000000000e+00,0.0000000000000000e+00,0.0000000000000000e+00,0.0000000000000000e+00,0.0000000000000000e+00,0.0000000000000000e+00,0.0000000000000000e+00,0.0000000000000000e+00,0.0000000000000000e+00,0.0000000000000000e+00
5.5233255274890336e+00,5.5233255274890336e+00,5.5233255274890336e+00,6.9168589878032165e+00,5.5233255274890336e+00,6.9168589878032165e+00,5.5233255274890336e+00,5.0748073524251822e+00,2.8615361508779351e+00,6.9168589878032165e+00,6.9168589878032165e+00,6.9168589878032165e+00,2.8615361508779351e+00,1.0516174222764327e+00,1.0516174222764327e+00,5.0748073524251822e+00,0.0000000000000000e+00,5.5233255274890336e+00,5.5233255274890336e+00,1.9678304504929813e+00,4.1490775395997792e+00,5.5233255274890336e+00,4.1490775395997792e+00,5.5233255274890336e+00,5.0748073524251822e+00,5.5233255274890336e+00,6.9168589878032165e+00,1.0516174222764327e+00,0.0000000000000000e+00,5.5233255274890336e+00,5.0748073524251822e+00,5.0748073524251822e+00,0.0000000000000000e+00,5.5233255274890336e+00,2.8615361508779351e+00,5.0748073524251822e+00,5.5233255274890336e+00,2.8615361508779351e+00,5.0748073524251822e+00,4.1490775395997792e+00,2.8615361508779351e+00,2.8615361508779351e+00,5.5233255274890336e+00,1.0516174222764327e+00,5.0748073524251822e+00,2.8615361508779351e+00,5.0748073524251822e+00,0.0000000000000000e+00,0.0000000000000000e+00,5.0748073524251822e+00,2.8615361508779351e+00,6.9168589878032165e+00,6.9168589878032165e+00,4.1490775395997792e+00,1.9678304504929813e+00,0.0000000000000000e+00,2.8615361508779351e+00,5.0748073524251822e+00,2.8615361508779351e+00,5.0748073524251822e+00,4.1490775395997792e+00,5.5233255274890336e+00,1.9678304504929813e+00,0.0000000000000000e+00,5.5233255274890336e+00,5.5233255274890336e+00,6.9168589878032165e+00,6.9168589878032165e+00,6.9168589878032165e+00,5.0748073524251822e+00,5.5233255274890336e+00,6.9168589878032165e+00,6.9168589878032165e+00,6.9168589878032165e+00,6.9168589878032165e+00,4.1490775395997792e+00,5.5233255274890336e+00,5.5233255274890336e+00,6.9168589878032165e+00,5.5233255274890336e+00,6.9168589878032165e+00,6.9168589878032165e+00,5.5233255274890336e+00,5.5233255274890336e+00,5.0748073524251822e+00,6.9168589878032165e+00,1.0516174222764327e+00,5.5233255274890336e+00,5.0748073524251822e+00,4.1490775395997792e+00,6.9168589878032165e+00,5.0748073524251822e+00,6.9168589878032165e+00,5.5233255274890336e+00,0.0000000000000000e+00,6.9168589878032165e+00,5.5233255274890336e+00,0.0000000000000000e+00,5.5233255274890336e+00,5.0748073524251822e+00,5.0748073524251822e+00,5.0748073524251822e+00,5.5233255274890336e+00,6.9168589878032165e+00,1.9678304504929813e+00,4.1490775395997792e+00,4.1490775395997792e+00,5.5233255274890336e+00,5.5233255274890336e+00,2.8615361508779351e+00,6.9168589878032165e+00,6.9168589878032165e+00,5.5233255274890336e+00,6.9168589878032165e+00,0.0000000000000000e+00,6.9168589878032165e+00,1.9678304504929813e+00,6.9168589878032165e+00,1.9678304504929813e+00,5.0748073524251822e+00,5.0748073524251822e+00,6.9168589878032165e+00,5.0748073524251822e+00,0.0000000000000000e+00,4.1490775395997792e+00,6.9168589878032165e+00,2.8615361508779351e+00,1.0516174222764327e+00,2.8615361508779351e+00,5.0748073524251822e+00,4.1490775395997792e+00,4.1490775395997792e+00,2.8615361508779351e+00,5.0748073524251822e+00,6.9168589878032165e+00,1.0516174222764327e+00,1.0516174222764327e+00,1.9678304504929813e+00,1.9678304504929813e+00,5.5233255274890336e+00,5.5233255274890336e+00,5.5233255274890336e+00,5.0748073524251822e+00,5.5233255274890336e+00,5.0748073524251822e+00,4.1490775395997792e+00,5.0748073524251822e+00,0.0000000000000000e+00,6.9168589878032165e+00,5.5233255274890336e+00,5.0748073524251822e+00,5.5233255274890336e+00,0.0000000000000000e+00,5.0748073524251822e+00,2.8615361508779351e+00,5.0748073524251822e+00,2.8615361508779351e+00,5.5233255274890336e+00,6.9168589878032165e+00,5.5233255274890336e+00,5.5233255274890336e+00,6.9168589878032165e+00,6.9168589878032165e+00,6.9168589878032165e+00,1.0516174222764327e+00,6.9168589878032165e+00,6.9168589878032165e+00,6.9168589878032165e+00,5.5233255274890336e+00,6.9168589878032165e+00,6.9168589878032165e+00,1.0516174222764327e+00,5.5233255274890336e+00,1.0516174222764327e+00,2.8615361508779351e+00,5.0748073524251822e+00,5.0748073524251822e+00,2.8615361508779351e+00,6.9168589878032165e+00,5.0748073524251822e+00,6.9168589878032165e+00,4.1490775395997792e+00,5.0748073524251822e+00,1.9678304504929813e+00,6.9168589878032165e+00,1.0516174222764327e+00,5.0748073524251822e+00,4.1490775395997792e+00,4.1490775395997792e+00,6.9168589878032165e+00,5.5233255274890336e+00,2.8615361508779351e+00,6.9168589878032165e+00,4.1490775395997792e+00,1.9678304504929813e+00,6.9168589878032165e+00,6.9168589878032165e+00,1.0516174222764327e+00,6.9168589878032165e+00,1.9678304504929813e+00,2.8615361508779351e+00,5.5233255274890336e+00,4.1490775395997792e+00,1.0516174222764327e+00,6.9168589878032165e+00,6.9168589878032165e+00,6.9168589878032165e+00,5.5233255274890336e+00,6.9168589878032165e+00,4.1490775395997792e+00,0.0000000000000000e+00,2.8615361508779351e+00,6.9168589878032165e+00,1.0516174222764327e+00,1.0516174222764327e+00,4.1490775395997792e+00,6.9168589878032165e+00,6.9168589878032165e+00,6.9168589878032165e+00,6.9168589878032165e+00,6.9168589878032165e+00,0.0000000000000000e+00,5.0748073524251822e+00,5.0748073524251822e+00,5.5233255274890336e+00,6.9168589878032165e+00,6.9168589878032165e+00,6.9168589878032165e+00,6.9168589878032165e+00,6.9168589878032165e+00,6.9168589878032165e+00,1.9678304504929813e+00,1.9678304504929813e+00,1.0516174222764327e+00,1.9678304504929813e+00,5.5233255274890336e+00,6.9168589878032165e+00,1.0516174222764327e+00,1.9678304504929813e+00,6.9168589878032165e+00,2.8615361508779351e+00,2.8615361508779351e+00,6.9168589878032165e+00,6.9168589878032165e+00,1.9678304504929813e+00,6.9168589878032165e+00,2.8615361508779351e+00,6.9168589878032165e+00,6.9168589878032165e+00,1.0516174222764327e+00,6.9168589878032165e+00,6.9168589878032165e+00,6.9168589878032165e+00,5.5233255274890336e+00,5.5233255274890336e+00,5.5233255274890336e+00,5.5233255274890336e+00,6.9168589878032165e+00,6.9168589878032165e+00,6.9168589878032165e+00,4.1490775395997792e+00,0.0000000000000000e+00,4.1490775395997792e+00,2.8615361508779351e+00,1.9678304504929813e+00,5.5233255274890336e+00,6.9168589878032165e+00,6.9168589878032165e+00,1.9678304504929813e+00,4.1490775395997792e+00,4.1490775395997792e+00,4.1490775395997792e+00,5.0748073524251822e+00,6.9168589878032165e+00,5.5233255274890336e+00,5.5233255274890336e+00,0.0000000000000000e+00,6.9168589878032165e+00,6.9168589878032165e+00,4.1490775395997792e+00,4.1490775395997792e+00,1.0516174222764327e+00,5.0748073524251822e+00,5.5233255274890336e+00,2.8615361508779351e+00,5.0748073524251822e+00,6.9168589878032165e+00,2.8615361508779351e+00,6.9168589878032165e+00,5.5233255274890336e+00,5.5233255274890336e+00,6.9168589878032165e+00,6.9168589878032165e+00,6.9168589878032165e+00,2.8615361508779351e+00,6.9168589878032165e+00,4.1490775395997792e+00,1.0516174222764327e+00,1.0516174222764327e+00,4.1490775395997792e+00,6.9168589878032165e+00,1.0516174222764327e+00,4.1490775395997792e+00,5.5233255274890336e+00,4.1490775395997792e+00,4.1490775395997792e+00,4.1490775395997792e+00,6.9168589878032165e+00,6.9168589878032165e+00,6.9168589878032165e+00,5.5233255274890336e+00,1.9678304504929813e+00,6.9168589878032165e+00,2.8615361508779351e+00,6.9168589878032165e+00,5.5233255274890336e+00,6.9168589878032165e+00,5.0748073524251822e+00,4.1490775395997792e+00,2.8615361508779351e+00,4.1490775395997792e+00,6.9168589878032165e+00,4.1490775395997792e+00,4.1490775395997792e+00,6.9168589878032165e+00,6.9168589878032165e+00,2.8615361508779351e+00,0.0000000000000000e+00,5.5233255274890336e+00,0.0000000000000000e+00,6.9168589878032165e+00,6.9168589878032165e+00,4.1490775395997792e+00,6.9168589878032165e+00,6.9168589878032165e+00,2.8615361508779351e+00,4.1490775395997792e+00,4.1490775395997792e+00,1.0516174222764327e+00,5.5233255274890336e+00,1.9678304504929813e+00,4.1490775395997792e+00,5.5233255274890336e+00,5.0748073524251822e+00,2.8615361508779351e+00,5.5233255274890336e+00,5.5233255274890336e+00,5.5233255274890336e+00,1.0516174222764327e+00,1.9678304504929813e+00,5.5233255274890336e+00,1.0516174222764327e+00,4.1490775395997792e+00,0.0000000000000000e+00,5.5233255274890336e+00,2.8615361508779351e+00,4.1490775395997792e+00,4.1490775395997792e+00,6.9168589878032165e+00,5.5233255274890336e+00,6.9168589878032165e+00,1.0516174222764327e+00,0.0000000000000000e+00,5.5233255274890336e+00,1.9678304504929813e+00,5.5233255274890336e+00,6.9168589878032165e+00,5.5233255274890336e+00,6.9168589878032165e+00,6.9168589878032165e+00,1.0516174222764327e+00,4.1490775395997792e+00,6.9168589878032165e+00,6.9168589878032165e+00,0.0000000000000000e+00,0.0000000000000000e+00,1.9678304504929813e+00,6.9168589878032165e+00,2.8615361508779351e+00,1.9678304504929813e+00,5.0748073524251822e+00,2.8615361508779351e+00,6.9168589878032165e+00,6.9168589878032165e+00,4.1490775395997792e+00,5.5233255274890336e+00,2.8615361508779351e+00,5.5233255274890336e+00,6.9168589878032165e+00,5.5233255274890336e+00,4.1490775395997792e+00,6.9168589878032165e+00,5.5233255274890336e+00,6.9168589878032165e+00,1.9678304504929813e+00,1.9678304504929813e+00,6.9168589878032165e+00,4.1490775395997792e+00,6.9168589878032165e+00,5.0748073524251822e+00,5.0748073524251822e+00,6.9168589878032165e+00,6.9168589878032165e+00,2.8615361508779351e+00,1.0516174222764327e+00,5.5233255274890336e+00,1.0516174222764327e+00,4.1490775395997792e+00,6.9168589878032165e+00,6.9168589878032165e+00,1.0516174222764327e+00,0.0000000000000000e+00,6.9168589878032165e+00,6.9168589878032165e+00,6.9168589878032165e+00,6.9168589878032165e+00,4.1490775395997792e+00,4.1490775395997792e+00,5.5233255274890336e+00,4.1490775395997792e+00,4.1490775395997792e+00,5.5233255274890336e+00,5.5233255274890336e+00,4.1490775395997792e+00,5.5233255274890336e+00,6.9168589878032165e+00,5.5233255274890336e+00,5.0748073524251822e+00,1.9678304504929813e+00,6.9168589878032165e+00,4.1490775395997792e+00,6.9168589878032165e+00,6.9168589878032165e+00,6.9168589878032165e+00,6.9168589878032165e+00,5.5233255274890336e+00,0.0000000000000000e+00,4.1490775395997792e+00,6.9168589878032165e+00,0.0000000000000000e+00,6.9168589878032165e+00,6.9168589878032165e+00,6.9168589878032165e+00,6.9168589878032165e+00,1.9678304504929813e+00,5.0748073524251822e+00,6.9168589878032165e+00,6.9168589878032165e+00,5.5233255274890336e+00,6.9168589878032165e+00,6.9168589878032165e+00,6.9168589878032165e+00,6.9168589878032165e+00,6.9168589878032165e+00,6.9168589878032165e+00,6.9168589878032165e+00,5.5233255274890336e+00,1.9678304504929813e+00,5.5233255274890336e+00,1.0516174222764327e+00,5.5233255274890336e+00,5.5233255274890336e+00,1.0516174222764327e+00,5.5233255274890336e+00,4.1490775395997792e+00,5.0748073524251822e+00,6.9168589878032165e+00,5.5233255274890336e+00,5.0748073524251822e+00,5.0748073524251822e+00,6.9168589878032165e+00,1.9678304504929813e+00,1.9678304504929813e+00,5.0748073524251822e+00,4.1490775395997792e+00,6.9168589878032165e+00,2.8615361508779351e+00,6.9168589878032165e+00,5.0748073524251822e+00,5.5233255274890336e+00,5.5233255274890336e+00,1.9678304504929813e+00,5.0748073524251822e+00,1.9678304504929813e+00,0.0000000000000000e+00,6.9168589878032165e+00,5.0748073524251822e+00,5.5233255274890336e+00,5.5233255274890336e+00,5.0748073524251822e+00,2.8615361508779351e+00,6.9168589878032165e+00,5.0748073524251822e+00,6.9168589878032165e+00,5.0748073524251822e+00,6.9168589878032165e+00,6.9168589878032165e+00,1.0516174222764327e+00,4.1490775395997792e+00,6.9168589878032165e+00,1.9678304504929813e+00,0.0000000000000000e+00,5.5233255274890336e+00,5.5233255274890336e+00,1.9678304504929813e+00,4.1490775395997792e+00,6.9168589878032165e+00,5.5233255274890336e+00,2.8615361508779351e+00,4.1490775395997792e+00,2.8615361508779351e+00,5.5233255274890336e+00,5.0748073524251822e+00,6.9168589878032165e+00,2.8615361508779351e+00,1.9678304504929813e+00,6.9168589878032165e+00,6.9168589878032165e+00,4.1490775395997792e+00,4.1490775395997792e+00,5.0748073524251822e+00,4.1490775395997792e+00,4.1490775395997792e+00,4.1490775395997792e+00,4.1490775395997792e+00,5.0748073524251822e+00,6.9168589878032165e+00,6.9168589878032165e+00,1.9678304504929813e+00,5.0748073524251822e+00,5.0748073524251822e+00,5.5233255274890336e+00,6.9168589878032165e+00,4.1490775395997792e+00,4.1490775395997792e+00,5.0748073524251822e+00,5.5233255274890336e+00,4.1490775395997792e+00,5.0748073524251822e+00,5.0748073524251822e+00,6.9168589878032165e+00,6.9168589878032165e+00,5.5233255274890336e+00,2.8615361508779351e+00,4.1490775395997792e+00,4.1490775395997792e+00,5.0748073524251822e+00,2.8615361508779351e+00,1.9678304504929813e+00,4.1490775395997792e+00,5.5233255274890336e+00,0.0000000000000000e+00,4.1490775395997792e+00,6.9168589878032165e+00,6.9168589878032165e+00,4.1490775395997792e+00,5.0748073524251822e+00,5.0748073524251822e+00,6.9168589878032165e+00,5.0748073524251822e+00,0.0000000000000000e+00,6.9168589878032165e+00,1.9678304504929813e+00,5.0748073524251822e+00,5.5233255274890336e+00,5.0748073524251822e+00,6.9168589878032165e+00,5.0748073524251822e+00,5.0748073524251822e+00,6.9168589878032165e+00,5.0748073524251822e+00,5.5233255274890336e+00,6.9168589878032165e+00,5.0748073524251822e+00,6.9168589878032165e+00,4.1490775395997792e+00,1.9678304504929813e+00,5.0748073524251822e+00,1.0516174222764327e+00,6.9168589878032165e+00,6.9168589878032165e+00,6.9168589878032165e+00,2.8615361508779351e+00,6.9168589878032165e+00,6.9168589878032165e+00,6.9168589878032165e+00,4.1490775395997792e+00,5.0748073524251822e+00,5.5233255274890336e+00,5.0748073524251822e+00,5.0748073524251822e+00,6.9168589878032165e+00,6.9168589878032165e+00,6.9168589878032165e+00,5.5233255274890336e+00,5.5233255274890336e+00,4.1490775395997792e+00,4.1490775395997792e+00,5.5233255274890336e+00,5.0748073524251822e+00,5.0748073524251822e+00,4.1490775395997792e+00,5.5233255274890336e+00,4.1490775395997792e+00,6.9168589878032165e+00,6.9168589878032165e+00,6.9168589878032165e+00,0.0000000000000000e+00,1.0516174222764327e+00,6.9168589878032165e+00,5.5233255274890336e+00,2.8615361508779351e+00,4.1490775395997792e+00,6.9168589878032165e+00,1.9678304504929813e+00,6.9168589878032165e+00,4.1490775395997792e+00,2.8615361508779351e+00,5.0748073524251822e+00,6.9168589878032165e+00,5.0748073524251822e+00,6.9168589878032165e+00,6.9168589878032165e+00,1.0516174222764327e+00,6.9168589878032165e+00,5.5233255274890336e+00,6.9168589878032165e+00,2.8615361508779351e+00,1.9678304504929813e+00,6.9168589878032165e+00,5.0748073524251822e+00,5.5233255274890336e+00,2.8615361508779351e+00,5.5233255274890336e+00,4.1490775395997792e+00,5.0748073524251822e+00,5.5233255274890336e+00,2.8615361508779351e+00,5.5233255274890336e+00,5.5233255274890336e+00,0.0000000000000000e+00,4.1490775395997792e+00,6.9168589878032165e+00,6.9168589878032165e+00,6.9168589878032165e+00,6.9168589878032165e+00,5.0748073524251822e+00,6.9168589878032165e+00,6.9168589878032165e+00,5.5233255274890336e+00,2.8615361508779351e+00,4.1490775395997792e+00,5.5233255274890336e+00,6.9168589878032165e+00,0.0000000000000000e+00,5.5233255274890336e+00,4.1490775395997792e+00,1.0516174222764327e+00,5.0748073524251822e+00,6.9168589878032165e+00,5.5233255274890336e+00,2.8615361508779351e+00,2.8615361508779351e+00,1.9678304504929813e+00,6.9168589878032165e+00,1.0516174222764327e+00,1.9678304504929813e+00,5.0748073524251822e+00,5.5233255274890336e+00,5.0748073524251822e+00,0.0000000000000000e+00,4.1490775395997792e+00,1.9678304504929813e+00,1.0516174222764327e+00,6.9168589878032165e+00,4.1490775395997792e+00,1.0516174222764327e+00,4.1490775395997792e+00,6.9168589878032165e+00,6.9168589878032165e+00,4.1490775395997792e+00,6.9168589878032165e+00,5.5233255274890336e+00,5.5233255274890336e+00,2.8615361508779351e+00,5.0748073524251822e+00,6.9168589878032165e+00,5.5233255274890336e+00,4.1490775395997792e+00,4.1490775395997792e+00,6.9168589878032165e+00,6.9168589878032165e+00,6.9168589878032165e+00,2.8615361508779351e+00,5.5233255274890336e+00,4.1490775395997792e+00,4.1490775395997792e+00,2.8615361508779351e+00,1.0516174222764327e+00,0.0000000000000000e+00,1.0516174222764327e+00,5.5233255274890336e+00,6.9168589878032165e+00,6.9168589878032165e+00,6.9168589878032165e+00,6.9168589878032165e+00,1.9678304504929813e+00,4.1490775395997792e+00,6.9168589878032165e+00,6.9168589878032165e+00,0.0000000000000000e+00,4.1490775395997792e+00,5.0748073524251822e+00,5.5233255274890336e+00,2.8615361508779351e+00,4.1490775395997792e+00,4.1490775395997792e+00,4.1490775395997792e+00,0.0000000000000000e+00,6.9168589878032165e+00,6.9168589878032165e+00,6.9168589878032165e+00,2.8615361508779351e+00,6.9168589878032165e+00,6.9168589878032165e+00,6.9168589878032165e+00,4.1490775395997792e+00,6.9168589878032165e+00,2.8615361508779351e+00,2.8615361508779351e+00,1.0516174222764327e+00,6.9168589878032165e+00,5.5233255274890336e+00,6.9168589878032165e+00,4.1490775395997792e+00,6.9168589878032165e+00,2.8615361508779351e+00,6.9168589878032165e+00,5.0748073524251822e+00,0.0000000000000000e+00,6.9168589878032165e+00,4.1490775395997792e+00,5.5233255274890336e+00,5.5233255274890336e+00,6.9168589878032165e+00,1.9678304504929813e+00,4.1490775395997792e+00,6.9168589878032165e+00,1.9678304504929813e+00,1.9678304504929813e+00,4.1490775395997792e+00,1.0516174222764327e+00,5.0748073524251822e+00,1.9678304504929813e+00,1.9678304504929813e+00,1.9678304504929813e+00,4.1490775395997792e+00,5.0748073524251822e+00,6.9168589878032165e+00,1.9678304504929813e+00,1.9678304504929813e+00,1.9678304504929813e+00,4.1490775395997792e+00,2.8615361508779351e+00,1.0516174222764327e+00,0.0000000000000000e+00,6.9168589878032165e+00,6.9168589878032165e+00,5.5233255274890336e+00,6.9168589878032165e+00,6.9168589878032165e+00,5.5233255274890336e+00,6.9168589878032165e+00,1.9678304504929813e+00,5.0748073524251822e+00,2.8615361508779351e+00,6.9168589878032165e+00,6.9168589878032165e+00,4.1490775395997792e+00,6.9168589878032165e+00,2.8615361508779351e+00,6.9168589878032165e+00,5.0748073524251822e+00,5.0748073524251822e+00,2.8615361508779351e+00,5.0748073524251822e+00,5.0748073524251822e+00,5.0748073524251822e+00,5.0748073524251822e+00,4.1490775395997792e+00,1.9678304504929813e+00,4.1490775395997792e+00,4.1490775395997792e+00,5.0748073524251822e+00,5.0748073524251822e+00,5.0748073524251822e+00,1.9678304504929813e+00,5.0748073524251822e+00,6.9168589878032165e+00,0.0000000000000000e+00,5.5233255274890336e+00,2.8615361508779351e+00,5.0748073524251822e+00,5.0748073524251822e+00,0.0000000000000000e+00,6.9168589878032165e+00,2.8615361508779351e+00,6.9168589878032165e+00,0.0000000000000000e+00,6.9168589878032165e+00,6.9168589878032165e+00,0.0000000000000000e+00,5.5233255274890336e+00,5.5233255274890336e+00,1.9678304504929813e+00,2.8615361508779351e+00,5.5233255274890336e+00,1.9678304504929813e+00,5.0748073524251822e+00,0.0000000000000000e+00,5.0748073524251822e+00,5.0748073524251822e+00,4.1490775395997792e+00,5.0748073524251822e+00,5.0748073524251822e+00,5.0748073524251822e+00,5.0748073524251822e+00,5.0748073524251822e+00,1.0516174222764327e+00,2.8615361508779351e+00,5.0748073524251822e+00,1.0516174222764327e+00,4.1490775395997792e+00,6.9168589878032165e+00,0.0000000000000000e+00,6.9168589878032165e+00,5.5233255274890336e+00,5.5233255274890336e+00,5.5233255274890336e+00,5.0748073524251822e+00,5.0748073524251822e+00,5.0748073524251822e+00,5.0748073524251822e+00,4.1490775395997792e+00,2.8615361508779351e+00,5.0748073524251822e+00,6.9168589878032165e+00,1.9678304504929813e+00,5.0748073524251822e+00,1.9678304504929813e+00,5.5233255274890336e+00,5.5233255274890336e+00,6.9168589878032165e+00,4.1490775395997792e+00,4.1490775395997792e+00,1.0516174222764327e+00,6.9168589878032165e+00,5.0748073524251822e+00,5.0748073524251822e+00,6.9168589878032165e+00,4.1490775395997792e+00,6.9168589878032165e+00,1.9678304504929813e+00,1.9678304504929813e+00,6.9168589878032165e+00,5.0748073524251822e+00,6.9168589878032165e+00,6.9168589878032165e+00,4.1490775395997792e+00,6.9168589878032165e+00,2.8615361508779351e+00,6.9168589878032165e+00,1.0516174222764327e+00,6.9168589878032165e+00,6.9168589878032165e+00,5.0748073524251822e+00,5.5233255274890336e+00,6.9168589878032165e+00,4.1490775395997792e+00,4.1490775395997792e+00,1.9678304504929813e+00,5.0748073524251822e+00,1.0516174222764327e+00,6.9168589878032165e+00,6.9168589878032165e+00,6.9168589878032165e+00,6.9168589878032165e+00,6.9168589878032165e+00,6.9168589878032165e+00,2.8615361508779351e+00,5.0748073524251822e+00,6.9168589878032165e+00,6.9168589878032165e+00,2.8615361508779351e+00,6.9168589878032165e+00,6.9168589878032165e+00,6.9168589878032165e+00,5.5233255274890336e+00,6.9168589878032165e+00,1.0516174222764327e+00,1.0516174222764327e+00,5.0748073524251822e+00,1.0516174222764327e+00,5.0748073524251822e+00,5.0748073524251822e+00,2.8615361508779351e+00,4.1490775395997792e+00,6.9168589878032165e+00,0.0000000000000000e+00,5.0748073524251822e+00,5.5233255274890336e+00,5.5233255274890336e+00,6.9168589878032165e+00,1.0516174222764327e+00,0.0000000000000000e+00,4.1490775395997792e+00,6.9168589878032165e+00,4.1490775395997792e+00,2.8615361508779351e+00,2.8615361508779351e+00,4.1490775395997792e+00,0.0000000000000000e+00,4.1490775395997792e+00,5.0748073524251822e+00,4.1490775395997792e+00,6.9168589878032165e+00,5.0748073524251822e+00,5.0748073524251822e+00,4.1490775395997792e+00,4.1490775395997792e+00,0.0000000000000000e+00,5.0748073524251822e+00,1.9678304504929813e+00,5.5233255274890336e+00,5.5233255274890336e+00,6.9168589878032165e+00,1.9678304504929813e+00,4.1490775395997792e+00,5.5233255274890336e+00,5.5233255274890336e+00,6.9168589878032165e+00,0.0000000000000000e+00,6.9168589878032165e+00,4.1490775395997792e+00,6.9168589878032165e+00,0.0000000000000000e+00,6.9168589878032165e+00,5.5233255274890336e+00,5.0748073524251822e+00,1.0516174222764327e+00,6.9168589878032165e+00,4.1490775395997792e+00,4.1490775395997792e+00,1.0516174222764327e+00,5.5233255274890336e+00,1.0516174222764327e+00,5.5233255274890336e+00,4.1490775395997792e+00,5.5233255274890336e+00,4.1490775395997792e+00,5.5233255274890336e+00,1.9678304504929813e+00,1.9678304504929813e+00,0.0000000000000000e+00,5.5233255274890336e+00,1.0516174222764327e+00,4.1490775395997792e+00,6.9168589878032165e+00,5.5233255274890336e+00,1.0516174222764327e+00,2.8615361508779351e+00,5.5233255274890336e+00,6.9168589878032165e+00,6.9168589878032165e+00,6.9168589878032165e+00,1.0516174222764327e+00,6.9168589878032165e+00,1.9678304504929813e+00,4.1490775395997792e+00,4.1490775395997792e+00,4.1490775395997792e+00,1.9678304504929813e+00,4.1490775395997792e+00,4.1490775395997792e+00,5.0748073524251822e+00,0.0000000000000000e+00,5.0748073524251822e+00,6.9168589878032165e+00,6.9168589878032165e+00,6.9168589878032165e+00,4.1490775395997792e+00,4.1490775395997792e+00,6.9168589878032165e+00,4.1490775395997792e+00,1.9678304504929813e+00,4.1490775395997792e+00,6.9168589878032165e+00,2.8615361508779351e+00,4.1490775395997792e+00,6.9168589878032165e+00
3.9803662026656284e+00,3.9803662026656284e+00,3.9803662026656284e+00,2.8298467473686353e+00,2.8298467473686353e+00,3.9803662026656284e+00,9.3412028526096047e-01,9.3412028526096047e-01,3.9803662026656284e+00,3.9803662026656284e+00,3.9803662026656284e+00,2.8298467473686353e+00,9.3412028526096047e-01,2.8298467473686353e+00,3.9803662026656284e+00,0.0000000000000000e+00,1.8903083934247986e+00,2.8298467473686353e+00,2.8298467473686353e+00,9.3412028526096047e-01,4.6323971972676405e+00,0.0000000000000000e+00,3.9803662026656284e+00,1.8903083934247986e+00,4.6323971972676405e+00,1.8903083934247986e+00,1.8903083934247986e+00,4.6323971972676405e+00,5.6958828171694362e+00,5.6958828171694362e+00,3.1278731854300679e+00,0.0000000000000000e+00,3.1278731854300679e+00,3.9803662026656284e+00,3.9803662026656284e+00,3.1278731854300679e+00,4.6323971972676405e+00,4.6323971972676405e+00,3.9803662026656284e+00,3.1278731854300679e+00,1.8903083934247986e+00,5.6958828171694362e+00,5.6958828171694362e+00,4.6323971972676405e+00,9.3412028526096047e-01,4.6323971972676405e+00,4.6323971972676405e+00,5.6958828171694362e+00,9.3412028526096047e-01,9.3412028526096047e-01,3.1278731854300679e+00,1.8903083934247986e+00,1.8903083934247986e+00,3.1278731854300679e+00,1.8903083934247986e+00,5.6958828171694362e+00,5.6958828171694362e+00,2.8298467473686353e+00,5.6958828171694362e+00,3.9803662026656284e+00,3.1278731854300679e+00,4.6323971972676405e+00,4.6323971972676405e+00,0.0000000000000000e+00,9.3412028526096047e-01,3.9803662026656284e+00,3.1278731854300679e+00,2.8298467473686353e+00,3.1278731854300679e+00,5.6958828171694362e+00,3.1278731854300679e+00,1.8903083934247986e+00,5.6958828171694362e+00,9.3412028526096047e-01,2.8298467473686353e+00,3.9803662026656284e+00,3.1278731854300679e+00,0.0000000000000000e+00,9.3412028526096047e-01,1.8903083934247986e+00,5.6958828171694362e+00,1.8903083934247986e+00,2.8298467473686353e+00,5.6958828171694362e+00,3.9803662026656284e+00,1.8903083934247986e+00,1.8903083934247986e+00,5.6958828171694362e+00,5.6958828171694362e+00,9.3412028526096047e-01,3.9803662026656284e+00,5.6958828171694362e+00,5.6958828171694362e+00,1.8903083934247986e+00,1.8903083934247986e+00,5.6958828171694362e+00,5.6958828171694362e+00,5.6958828171694362e+00,5.6958828171694362e+00,1.8903083934247986e+00,1.8903083934247986e+00,4.6323971972676405e+00,2.8298467473686353e+00,5.6958828171694362e+00,4.6323971972676405e+00,4.6323971972676405e+00,1.8903083934247986e+00,9.3412028526096047e-01,4.6323971972676405e+00,5.6958828171694362e+00,5.6958828171694362e+00,0.0000000000000000e+00,5.6958828171694362e+00,3.9803662026656284e+00,4.6323971972676405e+00,4.6323971972676405e+00,4.6323971972676405e+00,5.6958828171694362e+00,4.6323971972676405e+00,4.6323971972676405e+00,1.8903083934247986e+00,4.6323971972676405e+00,4.6323971972676405e+00,1.8903083934247986e+00,3.9803662026656284e+00,0.0000000000000000e+00,3.1278731854300679e+00,5.6958828171694362e+00,5.6958828171694362e+00,5.6958828171694362e+00,1.8903083934247986e+00,4.6323971972676405e+00,3.9803662026656284e+00,3.9803662026656284e+00,3.1278731854300679e+00,1.8903083934247986e+00,2.8298467473686353e+00,2.8298467473686353e+00,3.1278731854300679e+00,9.3412028526096047e-01,5.6958828171694362e+00,3.9803662026656284e+00,5.6958828171694362e+00,5.6958828171694362e+00,5.6958828171694362e+00,3.9803662026656284e+00,3.9803662026656284e+00,5.6958828171694362e+00,4.6323971972676405e+00,3.9803662026656284e+00,5.6958828171694362e+00,5.6958828171694362e+00,3.9803662026656284e+00,3.9803662026656284e+00,4.6323971972676405e+00,3.1278731854300679e+00,9.3412028526096047e-01,3.1278731854300679e+00,3.1278731854300679e+00,5.6958828171694362e+00,0.0000000000000000e+00,4.6323971972676405e+00,0.0000000000000000e+00,5.6958828171694362e+00,5.6958828171694362e+00,4.6323971972676405e+00,4.6323971972676405e+00,9.3412028526096047e-01,4.6323971972676405e+00,3.9803662026656284e+00,4.6323971972676405e+00,1.8903083934247986e+00,4.6323971972676405e+00,5.6958828171694362e+00,0.0000000000000000e+00,4.6323971972676405e+00,4.6323971972676405e+00,5.6958828171694362e+00,0.0000000000000000e+00,4.6323971972676405e+00,5.6958828171694362e+00,5.6958828171694362e+00,3.9803662026656284e+00,5.6958828171694362e+00,2.8298467473686353e+00,3.9803662026656284e+00,2.8298467473686353e+00,2.8298467473686353e+00,5.6958828171694362e+00,2.8298467473686353e+00,5.6958828171694362e+00,2.8298467473686353e+00,5.6958828171694362e+00,3.9803662026656284e+00,2.8298467473686353e+00,3.9803662026656284e+00,4.6323971972676405e+00,5.6958828171694362e+00,4.6323971972676405e+00,3.1278731854300679e+00,5.6958828171694362e+00,3.1278731854300679e+00,3.1278731854300679e+00,3.9803662026656284e+00,3.1278731854300679e+00,2.8298467473686353e+00,4.6323971972676405e+00,2.8298467473686353e+00,3.1278731854300679e+00,5.6958828171694362e+00,9.3412028526096047e-01,5.6958828171694362e+00,2.8298467473686353e+00,1.8903083934247986e+00,5.6958828171694362e+00,5.6958828171694362e+00,3.9803662026656284e+00,2.8298467473686353e+00,2.8298467473686353e+00,3.9803662026656284e+00,1.8903083934247986e+00,3.9803662026656284e+00,1.8903083934247986e+00,4.6323971972676405e+00,5.6958828171694362e+00,5.6958828171694362e+00,4.6323971972676405e+00,2.8298467473686353e+00,4.6323971972676405e+00,5.6958828171694362e+00,4.6323971972676405e+00,9.3412028526096047e-01,3.1278731854300679e+00,3.1278731854300679e+00,3.9803662026656284e+00,2.8298467473686353e+00,5.6958828171694362e+00,0.0000000000000000e+00,4.6323971972676405e+00,2.8298467473686353e+00,2.8298467473686353e+00,3.1278731854300679e+00,3.1278731854300679e+00,3.1278731854300679e+00,3.9803662026656284e+00,3.9803662026656284e+00,3.9803662026656284e+00,4.6323971972676405e+00,4.6323971972676405e+00,3.9803662026656284e+00,4.6323971972676405e+00,3.9803662026656284e+00,4.6323971972676405e+00,5.6958828171694362e+00,4.6323971972676405e+00,3.1278731854300679e+00,2.8298467473686353e+00,0.0000000000000000e+00,0.0000000000000000e+00,2.8298467473686353e+00,3.9803662026656284e+00,3.9803662026656284e+00,4.6323971972676405e+00,4.6323971972676405e+00,9.3412028526096047e-01,3.1278731854300679e+00,4.6323971972676405e+00,5.6958828171694362e+00,4.6323971972676405e+00,1.8903083934247986e+00,5.6958828171694362e+00,1.8903083934247986e+00,3.9803662026656284e+00,4.6323971972676405e+00,5.6958828171694362e+00,4.6323971972676405e+00,5.6958828171694362e+00,5.6958828171694362e+00,4.6323971972676405e+00,0.0000000000000000e+00,4.6323971972676405e+00,0.0000000000000000e+00,5.6958828171694362e+00,4.6323971972676405e+00,3.1278731854300679e+00,3.9803662026656284e+00,3.9803662026656284e+00,5.6958828171694362e+00,9.3412028526096047e-01,0.0000000000000000e+00,2.8298467473686353e+00,4.6323971972676405e+00,2.8298467473686353e+00,2.8298467473686353e+00,1.8903083934247986e+00,4.6323971972676405e+00,1.8903083934247986e+00,2.8298467473686353e+00,1.8903083934247986e+00,2.8298467473686353e+00,9.3412028526096047e-01,2.8298467473686353e+00,3.9803662026656284e+00,4.6323971972676405e+00,3.9803662026656284e+00,9.3412028526096047e-01,5.6958828171694362e+00,2.8298467473686353e+00,2.8298467473686353e+00,1.8903083934247986e+00,5.6958828171694362e+00,5.6958828171694362e+00,9.3412028526096047e-01,3.9803662026656284e+00,3.9803662026656284e+00,5.6958828171694362e+00,3.1278731854300679e+00,4.6323971972676405e+00,3.1278731854300679e+00,3.1278731854300679e+00,3.9803662026656284e+00,1.8903083934247986e+00,9.3412028526096047e-01,9.3412028526096047e-01,5.6958828171694362e+00,1.8903083934247986e+00,5.6958828171694362e+00,5.6958828171694362e+00,9.3412028526096047e-01,5.6958828171694362e+00,5.6958828171694362e+00,0.0000000000000000e+00,1.8903083934247986e+00,1.8903083934247986e+00,2.8298467473686353e+00,9.3412028526096047e-01,5.6958828171694362e+00,1.8903083934247986e+00,3.9803662026656284e+00,3.9803662026656284e+00,5.6958828171694362e+00,3.9803662026656284e+00,3.9803662026656284e+00,4.6323971972676405e+00,3.9803662026656284e+00,5.6958828171694362e+00,2.8298467473686353e+00,5.6958828171694362e+00,4.6323971972676405e+00,3.9803662026656284e+00,3.1278731854300679e+00,0.0000000000000000e+00,2.8298467473686353e+00,5.6958828171694362e+00,4.6323971972676405e+00,3.9803662026656284e+00,5.6958828171694362e+00,4.6323971972676405e+00,5.6958828171694362e+00,4.6323971972676405e+00,5.6958828171694362e+00,3.9803662026656284e+00,3.9803662026656284e+00,1.8903083934247986e+00,2.8298467473686353e+00,9.3412028526096047e-01,0.0000000000000000e+00,3.1278731854300679e+00,5.6958828171694362e+00,0.0000000000000000e+00,5.6958828171694362e+00,3.9803662026656284e+00,3.1278731854300679e+00,4.6323971972676405e+00,5.6958828171694362e+00,5.6958828171694362e+00,5.6958828171694362e+00,4.6323971972676405e+00,3.9803662026656284e+00,0.0000000000000000e+00,2.8298467473686353e+00,5.6958828171694362e+00,3.9803662026656284e+00,3.9803662026656284e+00,4.6323971972676405e+00,5.6958828171694362e+00,1.8903083934247986e+00,4.6323971972676405e+00,2.8298467473686353e+00,4.6323971972676405e+00,3.9803662026656284e+00,4.6323971972676405e+00,3.1278731854300679e+00,4.6323971972676405e+00,4.6323971972676405e+00,4.6323971972676405e+00,5.6958828171694362e+00,4.6323971972676405e+00,4.6323971972676405e+00,4.6323971972676405e+00,1.8903083934247986e+00,3.1278731854300679e+00,2.8298467473686353e+00,2.8298467473686353e+00,9.3412028526096047e-01,5.6958828171694362e+00,5.6958828171694362e+00,2.8298467473686353e+00,9.3412028526096047e-01,4.6323971972676405e+00,3.1278731854300679e+00,2.8298467473686353e+00,5.6958828171694362e+00,3.1278731854300679e+00,3.1278731854300679e+00,5.6958828171694362e+00,9.3412028526096047e-01,5.6958828171694362e+00,3.9803662026656284e+00,3.9803662026656284e+00,2.8298467473686353e+00,4.6323971972676405e+00,5.6958828171694362e+00,2.8298467473686353e+00,3.9803662026656284e+00,2.8298467473686353e+00,5.6958828171694362e+00,5.6958828171694362e+00,5.6958828171694362e+00,5.6958828171694362e+00,0.0000000000000000e+00,0.0000000000000000e+00,4.6323971972676405e+00,5.6958828171694362e+00,2.8298467473686353e+00,3.1278731854300679e+00,4.6323971972676405e+00,4.6323971972676405e+00,3.1278731854300679e+00,9.3412028526096047e-01,3.1278731854300679e+00,4.6323971972676405e+00,1.8903083934247986e+00,1.8903083934247986e+00,3.1278731854300679e+00,3.1278731854300679e+00,9.3412028526096047e-01,4.6323971972676405e+00,3.9803662026656284e+00,5.6958828171694362e+00,3.9803662026656284e+00,3.9803662026656284e+00,1.8903083934247986e+00,1.8903083934247986e+00,1.8903083934247986e+00,4.6323971972676405e+00,4.6323971972676405e+00,4.6323971972676405e+00,4.6323971972676405e+00,1.8903083934247986e+00,9.3412028526096047e-01,1.8903083934247986e+00,4.6323971972676405e+00,4.6323971972676405e+00,3.9803662026656284e+00,5.6958828171694362e+00,2.8298467473686353e+00,2.8298467473686353e+00,4.6323971972676405e+00,5.6958828171694362e+00,5.6958828171694362e+00,5.6958828171694362e+00,3.9803662026656284e+00,0.0000000000000000e+00,5.6958828171694362e+00,5.6958828171694362e+00,3.1278731854300679e+00,3.1278731854300679e+00,4.6323971972676405e+00,5.6958828171694362e+00,2.8298467473686353e+00,3.9803662026656284e+00,5.6958828171694362e+00,3.9803662026656284e+00,2.8298467473686353e+00,1.8903083934247986e+00,3.1278731854300679e+00,3.1278731854300679e+00,5.6958828171694362e+00,4.6323971972676405e+00,4.6323971972676405e+00,2.8298467473686353e+00,3.1278731854300679e+00,3.9803662026656284e+00,3.9803662026656284e+00,3.1278731854300679e+00,9.3412028526096047e-01,3.1278731854300679e+00,5.6958828171694362e+00,4.6323971972676405e+00,2.8298467473686353e+00,3.1278731854300679e+00,2.8298467473686353e+00,4.6323971972676405e+00,5.6958828171694362e+00,9.3412028526096047e-01,4.6323971972676405e+00,3.9803662026656284e+00,4.6323971972676405e+00,3.1278731854300679e+00,4.6323971972676405e+00,5.6958828171694362e+00,0.0000000000000000e+00,3.1278731854300679e+00,5.6958828171694362e+00,5.6958828171694362e+00,5.6958828171694362e+00,3.9803662026656284e+00,2.8298467473686353e+00,2.8298467473686353e+00,5.6958828171694362e+00,9.3412028526096047e-01,0.0000000000000000e+00,4.6323971972676405e+00,4.6323971972676405e+00,4.6323971972676405e+00,5.6958828171694362e+00,3.9803662026656284e+00,4.6323971972676405e+00,1.8903083934247986e+00,3.9803662026656284e+00,3.9803662026656284e+00,4.6323971972676405e+00,2.8298467473686353e+00,2.8298467473686353e+00,3.9803662026656284e+00,4.6323971972676405e+00,3.1278731854300679e+00,3.1278731854300679e+00,0.0000000000000000e+00,2.8298467473686353e+00,3.9803662026656284e+00,5.6958828171694362e+00,2.8298467473686353e+00,3.1278731854300679e+00,5.6958828171694362e+00,4.6323971972676405e+00,3.9803662026656284e+00,3.1278731854300679e+00,5.6958828171694362e+00,4.6323971972676405e+00,3.9803662026656284e+00,5.6958828171694362e+00,5.6958828171694362e+00,3.1278731854300679e+00,5.6958828171694362e+00,5.6958828171694362e+00,2.8298467473686353e+00,2.8298467473686353e+00,4.6323971972676405e+00,5.6958828171694362e+00,1.8903083934247986e+00,3.1278731854300679e+00,1.8903083934247986e+00,4.6323971972676405e+00,2.8298467473686353e+00,5.6958828171694362e+00,4.6323971972676405e+00,3.1278731854300679e+00,3.9803662026656284e+00,4.6323971972676405e+00,3.9803662026656284e+00,1.8903083934247986e+00,3.9803662026656284e+00,2.8298467473686353e+00,3.9803662026656284e+00,0.0000000000000000e+00,4.6323971972676405e+00,2.8298467473686353e+00,1.8903083934247986e+00,3.9803662026656284e+00,9.3412028526096047e-01,2.8298467473686353e+00,9.3412028526096047e-01,5.6958828171694362e+00,5.6958828171694362e+00,1.8903083934247986e+00,1.8903083934247986e+00,1.8903083934247986e+00,3.9803662026656284e+00,0.0000000000000000e+00,4.6323971972676405e+00,3.1278731854300679e+00,4.6323971972676405e+00,0.0000000000000000e+00,4.6323971972676405e+00,5.6958828171694362e+00,5.6958828171694362e+00,5.6958828171694362e+00,1.8903083934247986e+00,2.8298467473686353e+00,3.9803662026656284e+00,1.8903083934247986e+00,5.6958828171694362e+00,4.6323971972676405e+00,3.9803662026656284e+00,9.3412028526096047e-01,4.6323971972676405e+00,4.6323971972676405e+00,4.6323971972676405e+00,4.6323971972676405e+00,5.6958828171694362e+00,4.6323971972676405e+00,4.6323971972676405e+00,3.9803662026656284e+00,2.8298467473686353e+00,5.6958828171694362e+00,1.8903083934247986e+00,3.9803662026656284e+00,4.6323971972676405e+00,3.1278731854300679e+00,0.0000000000000000e+00,3.9803662026656284e+00,3.1278731854300679e+00,5.6958828171694362e+00,5.6958828171694362e+00,2.8298467473686353e+00,2.8298467473686353e+00,5.6958828171694362e+00,3.1278731854300679e+00,5.6958828171694362e+00,5.6958828171694362e+00,4.6323971972676405e+00,3.9803662026656284e+00,4.6323971972676405e+00,3.9803662026656284e+00,4.6323971972676405e+00,5.6958828171694362e+00,5.6958828171694362e+00,2.8298467473686353e+00,5.6958828171694362e+00,5.6958828171694362e+00,3.1278731854300679e+00,3.9803662026656284e+00,3.1278731854300679e+00,3.1278731854300679e+00,2.8298467473686353e+00,3.9803662026656284e+00,3.9803662026656284e+00,0.0000000000000000e+00,4.6323971972676405e+00,3.9803662026656284e+00,4.6323971972676405e+00,3.9803662026656284e+00,3.1278731854300679e+00,3.1278731854300679e+00,3.1278731854300679e+00,2.8298467473686353e+00,2.8298467473686353e+00,2.8298467473686353e+00,3.9803662026656284e+00,9.3412028526096047e-01,3.1278731854300679e+00,3.9803662026656284e+00,3.1278731854300679e+00,2.8298467473686353e+00,3.9803662026656284e+00,1.8903083934247986e+00,4.6323971972676405e+00,4.6323971972676405e+00,5.6958828171694362e+00,3.9803662026656284e+00,5.6958828171694362e+00,5.6958828171694362e+00,5.6958828171694362e+00,2.8298467473686353e+00,5.6958828171694362e+00,5.6958828171694362e+00,5.6958828171694362e+00,9.3412028526096047e-01,5.6958828171694362e+00,5.6958828171694362e+00,3.1278731854300679e+00,3.1278731854300679e+00,5.6958828171694362e+00,9.3412028526096047e-01,5.6958828171694362e+00,5.6958828171694362e+00,1.8903083934247986e+00,4.6323971972676405e+00,5.6958828171694362e+00,9.3412028526096047e-01,4.6323971972676405e+00,1.8903083934247986e+00,4.6323971972676405e+00,1.8903083934247986e+00,9.3412028526096047e-01,4.6323971972676405e+00,5.6958828171694362e+00,4.6323971972676405e+00,5.6958828171694362e+00,5.6958828171694362e+00,4.6323971972676405e+00,5.6958828171694362e+00,1.8903083934247986e+00,2.8298467473686353e+00,9.3412028526096047e-01,4.6323971972676405e+00,0.0000000000000000e+00,2.8298467473686353e+00,0.0000000000000000e+00,5.6958828171694362e+00,4.6323971972676405e+00,3.1278731854300679e+00,3.9803662026656284e+00,5.6958828171694362e+00,9.3412028526096047e-01,9.3412028526096047e-01,5.6958828171694362e+00,4.6323971972676405e+00,4.6323971972676405e+00,4.6323971972676405e+00,4.6323971972676405e+00,5.6958828171694362e+00,3.9803662026656284e+00,3.9803662026656284e+00,5.6958828171694362e+00,2.8298467473686353e+00,5.6958828171694362e+00,1.8903083934247986e+00,4.6323971972676405e+00,3.1278731854300679e+00,0.0000000000000000e+00,9.3412028526096047e-01,3.1278731854300679e+00,3.1278731854300679e+00,5.6958828171694362e+00,9.3412028526096047e-01,2.8298467473686353e+00,1.8903083934247986e+00,5.6958828171694362e+00,2.8298467473686353e+00,2.8298467473686353e+00,2.8298467473686353e+00,4.6323971972676405e+00,2.8298467473686353e+00,5.6958828171694362e+00,5.6958828171694362e+00,5.6958828171694362e+00,5.6958828171694362e+00,5.6958828171694362e+00,5.6958828171694362e+00,9.3412028526096047e-01,0.0000000000000000e+00,1.8903083934247986e+00,5.6958828171694362e+00,9.3412028526096047e-01,5.6958828171694362e+00,5.6958828171694362e+00,2.8298467473686353e+00,5.6958828171694362e+00,5.6958828171694362e+00,3.1278731854300679e+00,4.6323971972676405e+00,5.6958828171694362e+00,9.3412028526096047e-01,5.6958828171694362e+00,9.3412028526096047e-01,9.3412028526096047e-01,9.3412028526096047e-01,3.1278731854300679e+00,3.9803662026656284e+00,3.9803662026656284e+00,5.6958828171694362e+00,0.0000000000000000e+00,3.9803662026656284e+00,3.9803662026656284e+00,2.8298467473686353e+00,0.0000000000000000e+00,1.8903083934247986e+00,9.3412028526096047e-01,5.6958828171694362e+00,5.6958828171694362e+00,3.1278731854300679e+00,0.0000000000000000e+00,0.0000000000000000e+00,4.6323971972676405e+00,3.9803662026656284e+00,4.6323971972676405e+00,2.8298467473686353e+00,3.1278731854300679e+00,2.8298467473686353e+00,3.9803662026656284e+00,4.6323971972676405e+00,4.6323971972676405e+00,4.6323971972676405e+00,0.0000000000000000e+00,9.3412028526096047e-01,9.3412028526096047e-01,3.9803662026656284e+00,3.1278731854300679e+00,3.9803662026656284e+00,4.6323971972676405e+00,3.9803662026656284e+00,4.6323971972676405e+00,5.6958828171694362e+00,3.9803662026656284e+00,5.6958828171694362e+00,5.6958828171694362e+00,5.6958828171694362e+00,3.9803662026656284e+00,4.6323971972676405e+00,2.8298467473686353e+00,4.6323971972676405e+00,3.9803662026656284e+00,4.6323971972676405e+00,4.6323971972676405e+00,5.6958828171694362e+00,4.6323971972676405e+00,4.6323971972676405e+00,4.6323971972676405e+00,9.3412028526096047e-01,4.6323971972676405e+00,3.9803662026656284e+00,4.6323971972676405e+00,0.0000000000000000e+00,3.9803662026656284e+00,0.0000000000000000e+00,4.6323971972676405e+00,4.6323971972676405e+00,3.1278731854300679e+00,4.6323971972676405e+00,4.6323971972676405e+00,4.6323971972676405e+00,4.6323971972676405e+00,3.1278731854300679e+00,0.0000000000000000e+00,3.1278731854300679e+00,0.0000000000000000e+00,1.8903083934247986e+00,4.6323971972676405e+00,1.8903083934247986e+00,1.8903083934247986e+00,3.9803662026656284e+00,4.6323971972676405e+00,4.6323971972676405e+00,1.8903083934247986e+00,4.6323971972676405e+00,3.1278731854300679e+00,4.6323971972676405e+00,0.0000000000000000e+00,3.9803662026656284e+00,5.6958828171694362e+00,4.6323971972676405e+00,3.9803662026656284e+00,5.6958828171694362e+00,9.3412028526096047e-01,3.9803662026656284e+00,3.1278731854300679e+00,4.6323971972676405e+00,2.8298467473686353e+00,3.9803662026656284e+00,3.9803662026656284e+00,2.8298467473686353e+00,4.6323971972676405e+00,0.0000000000000000e+00,5.6958828171694362e+00,9.3412028526096047e-01,3.9803662026656284e+00,1.8903083934247986e+00,2.8298467473686353e+00,2.8298467473686353e+00,3.1278731854300679e+00,2.8298467473686353e+00,3.9803662026656284e+00,2.8298467473686353e+00,4.6323971972676405e+00,9.3412028526096047e-01,3.9803662026656284e+00,4.6323971972676405e+00,3.1278731854300679e+00,1.8903083934247986e+00,9.3412028526096047e-01,4.6323971972676405e+00,9.3412028526096047e-01,4.6323971972676405e+00,3.1278731854300679e+00,3.1278731854300679e+00,3.9803662026656284e+00,5.6958828171694362e+00,3.9803662026656284e+00,1.8903083934247986e+00,3.1278731854300679e+00,4.6323971972676405e+00,0.0000000000000000e+00,4.6323971972676405e+00,1.8903083934247986e+00,5.6958828171694362e+00,5.6958828171694362e+00,5.6958828171694362e+00,5.6958828171694362e+00,4.6323971972676405e+00,3.9803662026656284e+00,3.1278731854300679e+00,3.9803662026656284e+00,4.6323971972676405e+00,4.6323971972676405e+00,4.6323971972676405e+00,4.6323971972676405e+00,5.6958828171694362e+00,0.0000000000000000e+00,5.6958828171694362e+00,4.6323971972676405e+00,5.6958828171694362e+00,1.8903083934247986e+00,3.1278731854300679e+00,4.6323971972676405e+00,3.1278731854300679e+00,3.1278731854300679e+00,1.8903083934247986e+00,5.6958828171694362e+00,5.6958828171694362e+00,4.6323971972676405e+00,3.9803662026656284e+00,0.0000000000000000e+00,1.8903083934247986e+00,3.9803662026656284e+00,3.9803662026656284e+00,5.6958828171694362e+00,3.9803662026656284e+00,2.8298467473686353e+00,3.1278731854300679e+00,5.6958828171694362e+00,3.9803662026656284e+00,4.6323971972676405e+00,3.9803662026656284e+00,0.0000000000000000e+00,1.8903083934247986e+00,5.6958828171694362e+00,1.8903083934247986e+00,1.8903083934247986e+00,5.6958828171694362e+00,4.6323971972676405e+00,4.6323971972676405e+00,4.6323971972676405e+00,4.6323971972676405e+00,4.6323971972676405e+00,3.1278731854300679e+00,1.8903083934247986e+00,4.6323971972676405e+00,3.9803662026656284e+00,5.6958828171694362e+00,4.6323971972676405e+00,4.6323971972676405e+00,5.6958828171694362e+00,3.9803662026656284e+00,5.6958828171694362e+00,3.9803662026656284e+00,5.6958828171694362e+00,5.6958828171694362e+00,5.6958828171694362e+00,4.6323971972676405e+00,5.6958828171694362e+00,5.6958828171694362e+00,3.9803662026656284e+00,2.8298467473686353e+00,3.1278731854300679e+00,3.1278731854300679e+00,1.8903083934247986e+00,3.9803662026656284e+00,3.1278731854300679e+00,1.8903083934247986e+00,4.6323971972676405e+00,2.8298467473686353e+00,5.6958828171694362e+00,0.0000000000000000e+00,4.6323971972676405e+00,1.8903083934247986e+00,9.3412028526096047e-01,4.6323971972676405e+00,1.8903083934247986e+00,3.9803662026656284e+00,5.6958828171694362e+00,3.9803662026656284e+00,3.9803662026656284e+00,4.6323971972676405e+00,1.8903083934247986e+00,4.6323971972676405e+00,3.1278731854300679e+00,3.1278731854300679e+00,4.6323971972676405e+00,3.9803662026656284e+00,4.6323971972676405e+00,5.6958828171694362e+00,5.6958828171694362e+00,1.8903083934247986e+00,1.8903083934247986e+00,4.6323971972676405e+00,5.6958828171694362e+00,5.6958828171694362e+00
5.0979807768791332e+00,5.0979807768791332e+00,4.0917976471019806e+00,5.0979807768791332e+00,5.0979807768791332e+00,5.9396361265746123e+00,5.9396361265746123e+00,5.9396361265746123e+00,1.6183694230714181e+00,5.9396361265746123e+00,1.6183694230714181e+00,5.0979807768791332e+00,5.9396361265746123e+00,0.0000000000000000e+00,5.0979807768791332e+00,5.9396361265746123e+00,5.0979807768791332e+00,8.7070117884715892e-01,0.0000000000000000e+00,5.0979807768791332e+00,5.0979807768791332e+00,5.0979807768791332e+00,5.0979807768791332e+00,8.7070117884715892e-01,5.9396361265746123e+00,3.5137670662545557e+00,1.6183694230714181e+00,3.5137670662545557e+00,8.7070117884715892e-01,5.0979807768791332e+00,8.7070117884715892e-01,0.0000000000000000e+00,8.7070117884715892e-01,5.0979807768791332e+00,5.0979807768791332e+00,5.9396361265746123e+00,5.9396361265746123e+00,5.0979807768791332e+00,5.0979807768791332e+00,8.7070117884715892e-01,5.0979807768791332e+00,5.9396361265746123e+00,5.0979807768791332e+00,5.0979807768791332e+00,0.0000000000000000e+00,3.5137670662545557e+00,5.9396361265746123e+00,5.9396361265746123e+00,4.0917976471019806e+00,4.0917976471019806e+00,4.0917976471019806e+00,8.7070117884715892e-01,5.9396361265746123e+00,4.0917976471019806e+00,8.7070117884715892e-01,8.7070117884715892e-01,4.0917976471019806e+00,8.7070117884715892e-01,5.0979807768791332e+00,8.7070117884715892e-01,5.0979807768791332e+00,5.0979807768791332e+00,5.9396361265746123e+00,5.0979807768791332e+00,5.0979807768791332e+00,5.0979807768791332e+00,5.9396361265746123e+00,5.0979807768791332e+00,2.4460625076425435e+00,5.9396361265746123e+00,5.9396361265746123e+00,5.0979807768791332e+00,5.0979807768791332e+00,5.0979807768791332e+00,5.9396361265746123e+00,4.0917976471019806e+00,3.5137670662545557e+00,5.0979807768791332e+00,4.0917976471019806e+00,5.0979807768791332e+00,3.5137670662545557e+00,5.9396361265746123e+00,5.9396361265746123e+00,5.0979807768791332e+00,5.0979807768791332e+00,5.0979807768791332e+00,5.9396361265746123e+00,5.0979807768791332e+00,5.9396361265746123e+00,4.0917976471019806e+00,5.0979807768791332e+00,4.0917976471019806e+00,5.9396361265746123e+00,0.0000000000000000e+00,5.0979807768791332e+00,5.9396361265746123e+00,4.0917976471019806e+00,5.0979807768791332e+00,5.0979807768791332e+00,4.0917976471019806e+00,5.0979807768791332e+00,5.0979807768791332e+00,5.0979807768791332e+00,5.9396361265746123e+00,5.9396361265746123e+00,4.0917976471019806e+00,1.6183694230714181e+00,3.5137670662545557e+00,5.0979807768791332e+00,8.7070117884715892e-01,2.4460625076425435e+00,5.0979807768791332e+00,1.6183694230714181e+00,1.6183694230714181e+00,4.0917976471019806e+00,5.9396361265746123e+00,2.4460625076425435e+00,2.4460625076425435e+00,2.4460625076425435e+00,2.4460625076425435e+00,1.6183694230714181e+00,2.4460625076425435e+00,5.0979807768791332e+00,5.0979807768791332e+00,4.0917976471019806e+00,3.5137670662545557e+00,5.9396361265746123e+00,4.0917976471019806e+00,5.9396361265746123e+00,8.7070117884715892e-01,4.0917976471019806e+00,2.4460625076425435e+00,5.0979807768791332e+00,5.0979807768791332e+00,4.0917976471019806e+00,5.0979807768791332e+00,5.9396361265746123e+00,5.0979807768791332e+00,5.9396361265746123e+00,2.4460625076425435e+00,5.0979807768791332e+00,2.4460625076425435e+00,4.0917976471019806e+00,4.0917976471019806e+00,5.9396361265746123e+00,5.9396361265746123e+00,5.0979807768791332e+00,5.0979807768791332e+00,5.9396361265746123e+00,8.7070117884715892e-01,2.4460625076425435e+00,1.6183694230714181e+00,5.9396361265746123e+00,5.0979807768791332e+00,5.9396361265746123e+00,5.9396361265746123e+00,5.0979807768791332e+00,4.0917976471019806e+00,2.4460625076425435e+00,2.4460625076425435e+00,2.4460625076425435e+00,1.6183694230714181e+00,5.0979807768791332e+00,8.7070117884715892e-01,8.7070117884715892e-01,4.0917976471019806e+00,5.0979807768791332e+00,3.5137670662545557e+00,5.9396361265746123e+00,2.4460625076425435e+00,5.0979807768791332e+00,5.9396361265746123e+00,3.5137670662545557e+00,5.0979807768791332e+00,3.5137670662545557e+00,0.0000000000000000e+00,5.0979807768791332e+00,3.5137670662545557e+00,5.9396361265746123e+00,4.0917976471019806e+00,5.9396361265746123e+00,5.0979807768791332e+00,5.0979807768791332e+00,5.9396361265746123e+00,5.9396361265746123e+00,4.0917976471019806e+00,5.0979807768791332e+00,8.7070117884715892e-01,5.0979807768791332e+00,3.5137670662545557e+00,3.5137670662545557e+00,5.9396361265746123e+00,4.0917976471019806e+00,5.9396361265746123e+00,5.9396361265746123e+00,3.5137670662545557e+00,5.0979807768791332e+00,2.4460625076425435e+00,5.9396361265746123e+00,1.6183694230714181e+00,3.5137670662545557e+00,3.5137670662545557e+00,5.9396361265746123e+00,3.5137670662545557e+00,1.6183694230714181e+00,5.9396361265746123e+00,5.9396361265746123e+00,3.5137670662545557e+00,5.9396361265746123e+00,1.6183694230714181e+00,5.9396361265746123e+00,2.4460625076425435e+00,5.0979807768791332e+00,5.0979807768791332e+00,2.4460625076425435e+00,0.0000000000000000e+00,5.9396361265746123e+00,5.0979807768791332e+00,5.9396361265746123e+00,4.0917976471019806e+00,4.0917976471019806e+00,2.4460625076425435e+00,2.4460625076425435e+00,5.9396361265746123e+00,2.4460625076425435e+00,4.0917976471019806e+00,2.4460625076425435e+00,4.0917976471019806e+00,4.0917976471019806e+00,3.5137670662545557e+00,0.0000000000000000e+00,3.5137670662545557e+00,5.0979807768791332e+00,5.9396361265746123e+00,5.9396361265746123e+00,4.0917976471019806e+00,1.6183694230714181e+00,1.6183694230714181e+00,0.0000000000000000e+00,5.9396361265746123e+00,2.4460625076425435e+00,5.9396361265746123e+00,5.0979807768791332e+00,5.0979807768791332e+00,5.0979807768791332e+00,4.0917976471019806e+00,0.0000000000000000e+00,2.4460625076425435e+00,4.0917976471019806e+00,5.0979807768791332e+00,5.9396361265746123e+00,5.9396361265746123e+00,4.0917976471019806e+00,8.7070117884715892e-01,4.0917976471019806e+00,3.5137670662545557e+00,3.5137670662545557e+00,5.9396361265746123e+00,8.7070117884715892e-01,8.7070117884715892e-01,5.0979807768791332e+00,3.5137670662545557e+00,2.4460625076425435e+00,5.9396361265746123e+00,5.9396361265746123e+00,3.5137670662545557e+00,5.9396361265746123e+00,2.4460625076425435e+00,3.5137670662545557e+00,5.9396361265746123e+00,1.6183694230714181e+00,1.6183694230714181e+00,5.9396361265746123e+00,1.6183694230714181e+00,5.9396361265746123e+00,5.9396361265746123e+00,2.4460625076425435e+00,2.4460625076425435e+00,5.0979807768791332e+00,8.7070117884715892e-01,4.0917976471019806e+00,8.7070117884715892e-01,0.0000000000000000e+00,3.5137670662545557e+00,5.0979807768791332e+00,4.0917976471019806e+00,4.0917976471019806e+00,4.0917976471019806e+00,4.0917976471019806e+00,3.5137670662545557e+00,3.5137670662545557e+00,4.0917976471019806e+00,4.0917976471019806e+00,4.0917976471019806e+00,8.7070117884715892e-01,5.0979807768791332e+00,2.4460625076425435e+00,3.5137670662545557e+00,3.5137670662545557e+00,1.6183694230714181e+00,3.5137670662545557e+00,5.0979807768791332e+00,5.0979807768791332e+00,5.9396361265746123e+00,1.6183694230714181e+00,2.4460625076425435e+00,2.4460625076425435e+00,1.6183694230714181e+00,2.4460625076425435e+00,1.6183694230714181e+00,5.9396361265746123e+00,3.5137670662545557e+00,5.9396361265746123e+00,5.9396361265746123e+00,5.9396361265746123e+00,8.7070117884715892e-01,5.9396361265746123e+00,5.9396361265746123e+00,8.7070117884715892e-01,1.6183694230714181e+00,5.9396361265746123e+00,0.0000000000000000e+00,8.7070117884715892e-01,5.9396361265746123e+00,5.9396361265746123e+00,4.0917976471019806e+00,5.9396361265746123e+00,0.0000000000000000e+00,3.5137670662545557e+00,0.0000000000000000e+00,3.5137670662545557e+00,5.0979807768791332e+00,4.0917976471019806e+00,1.6183694230714181e+00,2.4460625076425435e+00,5.9396361265746123e+00,3.5137670662545557e+00,1.6183694230714181e+00,2.4460625076425435e+00,5.0979807768791332e+00,5.0979807768791332e+00,2.4460625076425435e+00,3.5137670662545557e+00,3.5137670662545557e+00,3.5137670662545557e+00,3.5137670662545557e+00,3.5137670662545557e+00,0.0000000000000000e+00,8.7070117884715892e-01,5.9396361265746123e+00,5.9396361265746123e+00,3.5137670662545557e+00,5.9396361265746123e+00,5.9396361265746123e+00,5.0979807768791332e+00,5.0979807768791332e+00,1.6183694230714181e+00,1.6183694230714181e+00,2.4460625076425435e+00,5.0979807768791332e+00,0.0000000000000000e+00,8.7070117884715892e-01,4.0917976471019806e+00,5.0979807768791332e+00,5.0979807768791332e+00,0.0000000000000000e+00,5.0979807768791332e+00,3.5137670662545557e+00,5.9396361265746123e+00,5.0979807768791332e+00,5.9396361265746123e+00,3.5137670662545557e+00,3.5137670662545557e+00,3.5137670662545557e+00,0.0000000000000000e+00,4.0917976471019806e+00,5.0979807768791332e+00,3.5137670662545557e+00,5.0979807768791332e+00,3.5137670662545557e+00,4.0917976471019806e+00,5.9396361265746123e+00,5.9396361265746123e+00,5.9396361265746123e+00,2.4460625076425435e+00,8.7070117884715892e-01,8.7070117884715892e-01,5.9396361265746123e+00,1.6183694230714181e+00,1.6183694230714181e+00,5.9396361265746123e+00,3.5137670662545557e+00,5.0979807768791332e+00,2.4460625076425435e+00,5.0979807768791332e+00,5.0979807768791332e+00,4.0917976471019806e+00,2.4460625076425435e+00,5.0979807768791332e+00,0.0000000000000000e+00,1.6183694230714181e+00,2.4460625076425435e+00,0.0000000000000000e+00,1.6183694230714181e+00,5.9396361265746123e+00,2.4460625076425435e+00,2.4460625076425435e+00,2.4460625076425435e+00,8.7070117884715892e-01,5.9396361265746123e+00,5.9396361265746123e+00,5.0979807768791332e+00,8.7070117884715892e-01,5.9396361265746123e+00,5.9396361265746123e+00,5.9396361265746123e+00,3.5137670662545557e+00,5.9396361265746123e+00,8.7070117884715892e-01,3.5137670662545557e+00,3.5137670662545557e+00,3.5137670662545557e+00,5.0979807768791332e+00,8.7070117884715892e-01,5.0979807768791332e+00,4.0917976471019806e+00,5.0979807768791332e+00,5.9396361265746123e+00,1.6183694230714181e+00,2.4460625076425435e+00,5.9396361265746123e+00,1.6183694230714181e+00,4.0917976471019806e+00,5.9396361265746123e+00,2.4460625076425435e+00,5.9396361265746123e+00,0.0000000000000000e+00,5.9396361265746123e+00,2.4460625076425435e+00,3.5137670662545557e+00,5.9396361265746123e+00,2.4460625076425435e+00,8.7070117884715892e-01,4.0917976471019806e+00,3.5137670662545557e+00,5.9396361265746123e+00,5.0979807768791332e+00,0.0000000000000000e+00,8.7070117884715892e-01,5.0979807768791332e+00,5.9396361265746123e+00,5.9396361265746123e+00,2.4460625076425435e+00,5.0979807768791332e+00,5.9396361265746123e+00,3.5137670662545557e+00,5.9396361265746123e+00,5.9396361265746123e+00,5.9396361265746123e+00,5.0979807768791332e+00,5.0979807768791332e+00,1.6183694230714181e+00,3.5137670662545557e+00,3.5137670662545557e+00,4.0917976471019806e+00,1.6183694230714181e+00,4.0917976471019806e+00,4.0917976471019806e+00,2.4460625076425435e+00,5.9396361265746123e+00,0.0000000000000000e+00,5.9396361265746123e+00,2.4460625076425435e+00,4.0917976471019806e+00,1.6183694230714181e+00,5.9396361265746123e+00,5.0979807768791332e+00,3.5137670662545557e+00,2.4460625076425435e+00,5.9396361265746123e+00,5.9396361265746123e+00,0.0000000000000000e+00,5.0979807768791332e+00,5.0979807768791332e+00,4.0917976471019806e+00,5.9396361265746123e+00,8.7070117884715892e-01,3.5137670662545557e+00,5.0979807768791332e+00,8.7070117884715892e-01,5.0979807768791332e+00,8.7070117884715892e-01,8.7070117884715892e-01,5.0979807768791332e+00,2.4460625076425435e+00,1.6183694230714181e+00,4.0917976471019806e+00,0.0000000000000000e+00,1.6183694230714181e+00,3.5137670662545557e+00,3.5137670662545557e+00,3.5137670662545557e+00,5.0979807768791332e+00,3.5137670662545557e+00,5.0979807768791332e+00,8.7070117884715892e-01,8.7070117884715892e-01,5.0979807768791332e+00,3.5137670662545557e+00,1.6183694230714181e+00,5.9396361265746123e+00,1.6183694230714181e+00,3.5137670662545557e+00,0.0000000000000000e+00,8.7070117884715892e-01,8.7070117884715892e-01,2.4460625076425435e+00,5.9396361265746123e+00,1.6183694230714181e+00,4.0917976471019806e+00,8.7070117884715892e-01,5.9396361265746123e+00,1.6183694230714181e+00,2.4460625076425435e+00,4.0917976471019806e+00,0.0000000000000000e+00,2.4460625076425435e+00,5.9396361265746123e+00,5.9396361265746123e+00,8.7070117884715892e-01,1.6183694230714181e+00,1.6183694230714181e+00,8.7070117884715892e-01,2.4460625076425435e+00,5.0979807768791332e+00,5.0979807768791332e+00,5.0979807768791332e+00,5.0979807768791332e+00,8.7070117884715892e-01,1.6183694230714181e+00,1.6183694230714181e+00,4.0917976471019806e+00,5.9396361265746123e+00,5.9396361265746123e+00,5.0979807768791332e+00,0.0000000000000000e+00,2.4460625076425435e+00,5.9396361265746123e+00,5.9396361265746123e+00,5.9396361265746123e+00,4.0917976471019806e+00,0.0000000000000000e+00,1.6183694230714181e+00,3.5137670662545557e+00,2.4460625076425435e+00,5.9396361265746123e+00,3.5137670662545557e+00,5.9396361265746123e+00,1.6183694230714181e+00,5.0979807768791332e+00,1.6183694230714181e+00,5.9396361265746123e+00,5.9396361265746123e+00,5.9396361265746123e+00,5.9396361265746123e+00,5.9396361265746123e+00,5.9396361265746123e+00,5.9396361265746123e+00,5.0979807768791332e+00,5.9396361265746123e+00,1.6183694230714181e+00,5.9396361265746123e+00,5.9396361265746123e+00,5.9396361265746123e+00,3.5137670662545557e+00,5.9396361265746123e+00,5.0979807768791332e+00,3.5137670662545557e+00,3.5137670662545557e+00,3.5137670662545557e+00,3.5137670662545557e+00,0.0000000000000000e+00,5.9396361265746123e+00,5.0979807768791332e+00,5.0979807768791332e+00,4.0917976471019806e+00,5.0979807768791332e+00,2.4460625076425435e+00,2.4460625076425435e+00,5.0979807768791332e+00,3.5137670662545557e+00,5.0979807768791332e+00,5.9396361265746123e+00,5.9396361265746123e+00,5.9396361265746123e+00,5.0979807768791332e+00,5.9396361265746123e+00,8.7070117884715892e-01,5.9396361265746123e+00,8.7070117884715892e-01,5.0979807768791332e+00,0.0000000000000000e+00,2.4460625076425435e+00,3.5137670662545557e+00,4.0917976471019806e+00,3.5137670662545557e+00,8.7070117884715892e-01,1.6183694230714181e+00,5.9396361265746123e+00,4.0917976471019806e+00,3.5137670662545557e+00,5.9396361265746123e+00,5.0979807768791332e+00,5.0979807768791332e+00,1.6183694230714181e+00,0.0000000000000000e+00,1.6183694230714181e+00,5.0979807768791332e+00,4.0917976471019806e+00,2.4460625076425435e+00,5.9396361265746123e+00,5.0979807768791332e+00,0.0000000000000000e+00,2.4460625076425435e+00,2.4460625076425435e+00,5.0979807768791332e+00,4.0917976471019806e+00,5.0979807768791332e+00,2.4460625076425435e+00,3.5137670662545557e+00,2.4460625076425435e+00,4.0917976471019806e+00,5.9396361265746123e+00,4.0917976471019806e+00,1.6183694230714181e+00,0.0000000000000000e+00,8.7070117884715892e-01,5.9396361265746123e+00,4.0917976471019806e+00,5.9396361265746123e+00,5.0979807768791332e+00,0.0000000000000000e+00,4.0917976471019806e+00,4.0917976471019806e+00,8.7070117884715892e-01,5.9396361265746123e+00,5.9396361265746123e+00,0.0000000000000000e+00,5.9396361265746123e+00,4.0917976471019806e+00,5.9396361265746123e+00,2.4460625076425435e+00,1.6183694230714181e+00,5.9396361265746123e+00,5.9396361265746123e+00,5.9396361265746123e+00,5.9396361265746123e+00,5.9396361265746123e+00,2.4460625076425435e+00,4.0917976471019806e+00,1.6183694230714181e+00,2.4460625076425435e+00,5.0979807768791332e+00,3.5137670662545557e+00,3.5137670662545557e+00,5.9396361265746123e+00,4.0917976471019806e+00,4.0917976471019806e+00,5.9396361265746123e+00,5.9396361265746123e+00,4.0917976471019806e+00,0.0000000000000000e+00,5.0979807768791332e+00,5.0979807768791332e+00,5.9396361265746123e+00,5.0979807768791332e+00,5.0979807768791332e+00,5.0979807768791332e+00,5.0979807768791332e+00,5.9396361265746123e+00,5.0979807768791332e+00,2.4460625076425435e+00,5.0979807768791332e+00,5.0979807768791332e+00,5.0979807768791332e+00,4.0917976471019806e+00,2.4460625076425435e+00,5.9396361265746123e+00,5.9396361265746123e+00,4.0917976471019806e+00,8.7070117884715892e-01,5.9396361265746123e+00,3.5137670662545557e+00,4.0917976471019806e+00,1.6183694230714181e+00,5.9396361265746123e+00,4.0917976471019806e+00,5.9396361265746123e+00,5.0979807768791332e+00,5.0979807768791332e+00,5.0979807768791332e+00,1.6183694230714181e+00,1.6183694230714181e+00,5.9396361265746123e+00,3.5137670662545557e+00,5.9396361265746123e+00,5.9396361265746123e+00,1.6183694230714181e+00,2.4460625076425435e+00,5.9396361265746123e+00,5.0979807768791332e+00,0.0000000000000000e+00,4.0917976471019806e+00,5.0979807768791332e+00,8.7070117884715892e-01,5.9396361265746123e+00,5.9396361265746123e+00,2.4460625076425435e+00,5.0979807768791332e+00,5.9396361265746123e+00,5.9396361265746123e+00,5.9396361265746123e+00,0.0000000000000000e+00,5.9396361265746123e+00,2.4460625076425435e+00,5.9396361265746123e+00,5.9396361265746123e+00,5.9396361265746123e+00,8.7070117884715892e-01,1.6183694230714181e+00,5.0979807768791332e+00,5.9396361265746123e+00,5.0979807768791332e+00,1.6183694230714181e+00,5.0979807768791332e+00,4.0917976471019806e+00,5.9396361265746123e+00,5.0979807768791332e+00,1.6183694230714181e+00,5.9396361265746123e+00,5.0979807768791332e+00,5.9396361265746123e+00,5.9396361265746123e+00,5.9396361265746123e+00,5.0979807768791332e+00,2.4460625076425435e+00,5.9396361265746123e+00,2.4460625076425435e+00,5.9396361265746123e+00,2.4460625076425435e+00,5.0979807768791332e+00,1.6183694230714181e+00,1.6183694230714181e+00,0.0000000000000000e+00,5.9396361265746123e+00,3.5137670662545557e+00,4.0917976471019806e+00,2.4460625076425435e+00,5.0979807768791332e+00,0.0000000000000000e+00,5.9396361265746123e+00,0.0000000000000000e+00,5.9396361265746123e+00,3.5137670662545557e+00,8.7070117884715892e-01,5.0979807768791332e+00,2.4460625076425435e+00,5.9396361265746123e+00,4.0917976471019806e+00,8.7070117884715892e-01,5.9396361265746123e+00,5.9396361265746123e+00,5.9396361265746123e+00,3.5137670662545557e+00,3.5137670662545557e+00,5.9396361265746123e+00,3.5137670662545557e+00,0.0000000000000000e+00,5.9396361265746123e+00,5.9396361265746123e+00,5.0979807768791332e+00,5.9396361265746123e+00,5.0979807768791332e+00,2.4460625076425435e+00,5.9396361265746123e+00,0.0000000000000000e+00,8.7070117884715892e-01,5.9396361265746123e+00,8.7070117884715892e-01,5.9396361265746123e+00,1.6183694230714181e+00,5.0979807768791332e+00,4.0917976471019806e+00,5.9396361265746123e+00,4.0917976471019806e+00,2.4460625076425435e+00,5.9396361265746123e+00,3.5137670662545557e+00,0.0000000000000000e+00,8.7070117884715892e-01,8.7070117884715892e-01,8.7070117884715892e-01,5.9396361265746123e+00,2.4460625076425435e+00,8.7070117884715892e-01,8.7070117884715892e-01,5.9396361265746123e+00,2.4460625076425435e+00,2.4460625076425435e+00,4.0917976471019806e+00,1.6183694230714181e+00,1.6183694230714181e+00,1.6183694230714181e+00,5.9396361265746123e+00,2.4460625076425435e+00,5.9396361265746123e+00,5.9396361265746123e+00,5.9396361265746123e+00,5.9396361265746123e+00,5.9396361265746123e+00,5.9396361265746123e+00,5.9396361265746123e+00,4.0917976471019806e+00,1.6183694230714181e+00,3.5137670662545557e+00,8.7070117884715892e-01,5.9396361265746123e+00,3.5137670662545557e+00,4.0917976471019806e+00,2.4460625076425435e+00,5.0979807768791332e+00,5.0979807768791332e+00,1.6183694230714181e+00,5.9396361265746123e+00,5.0979807768791332e+00,5.9396361265746123e+00,5.9396361265746123e+00,1.6183694230714181e+00,5.9396361265746123e+00,4.0917976471019806e+00,1.6183694230714181e+00,5.9396361265746123e+00,5.0979807768791332e+00,3.5137670662545557e+00,5.9396361265746123e+00,3.5137670662545557e+00,5.9396361265746123e+00,5.9396361265746123e+00,1.6183694230714181e+00,0.0000000000000000e+00,3.5137670662545557e+00,5.9396361265746123e+00,3.5137670662545557e+00,2.4460625076425435e+00,2.4460625076425435e+00,5.9396361265746123e+00,0.0000000000000000e+00,3.5137670662545557e+00,5.0979807768791332e+00,5.0979807768791332e+00,5.0979807768791332e+00,5.0979807768791332e+00,2.4460625076425435e+00,3.5137670662545557e+00,5.9396361265746123e+00,4.0917976471019806e+00,5.9396361265746123e+00,8.7070117884715892e-01,5.0979807768791332e+00,8.7070117884715892e-01,3.5137670662545557e+00,5.0979807768791332e+00,3.5137670662545557e+00,3.5137670662545557e+00,3.5137670662545557e+00,2.4460625076425435e+00,5.0979807768791332e+00,2.4460625076425435e+00,1.6183694230714181e+00,5.0979807768791332e+00,5.0979807768791332e+00,2.4460625076425435e+00,5.9396361265746123e+00,2.4460625076425435e+00,5.9396361265746123e+00,3.5137670662545557e+00,3.5137670662545557e+00,3.5137670662545557e+00,5.0979807768791332e+00,5.9396361265746123e+00,5.9396361265746123e+00,5.0979807768791332e+00,5.0979807768791332e+00,5.0979807768791332e+00,5.0979807768791332e+00,5.0979807768791332e+00,4.0917976471019806e+00,8.7070117884715892e-01,5.0979807768791332e+00,8.7070117884715892e-01,8.7070117884715892e-01,3.5137670662545557e+00,8.7070117884715892e-01,8.7070117884715892e-01,1.6183694230714181e+00,8.7070117884715892e-01,3.5137670662545557e+00,5.9396361265746123e+00,8.7070117884715892e-01,5.9396361265746123e+00,1.6183694230714181e+00,4.0917976471019806e+00,3.5137670662545557e+00,0.0000000000000000e+00,3.5137670662545557e+00,8.7070117884715892e-01,4.0917976471019806e+00,1.6183694230714181e+00,1.6183694230714181e+00,5.9396361265746123e+00,0.0000000000000000e+00,4.0917976471019806e+00,1.6183694230714181e+00,5.9396361265746123e+00,3.5137670662545557e+00,3.5137670662545557e+00,8.7070117884715892e-01,5.9396361265746123e+00,2.4460625076425435e+00,5.9396361265746123e+00,5.0979807768791332e+00,5.9396361265746123e+00,3.5137670662545557e+00,1.6183694230714181e+00,5.0979807768791332e+00,2.4460625076425435e+00,8.7070117884715892e-01,5.0979807768791332e+00,8.7070117884715892e-01,3.5137670662545557e+00,5.9396361265746123e+00,3.5137670662545557e+00,4.0917976471019806e+00,3.5137670662545557e+00,3.5137670662545557e+00,2.4460625076425435e+00,1.6183694230714181e+00,4.0917976471019806e+00,5.9396361265746123e+00,4.0917976471019806e+00,5.9396361265746123e+00,8.7070117884715892e-01,3.5137670662545557e+00,3.5137670662545557e+00,8.7070117884715892e-01,3.5137670662545557e+00,5.9396361265746123e+00,1.6183694230714181e+00,5.9396361265746123e+00,8.7070117884715892e-01,5.9396361265746123e+00,3.5137670662545557e+00,5.9396361265746123e+00,2.4460625076425435e+00,8.7070117884715892e-01,8.7070117884715892e-01,5.9396361265746123e+00,4.0917976471019806e+00,5.9396361265746123e+00,3.5137670662545557e+00,5.0979807768791332e+00,0.0000000000000000e+00,3.5137670662545557e+00,5.9396361265746123e+00,3.5137670662545557e+00,8.7070117884715892e-01,3.5137670662545557e+00,5.9396361265746123e+00,4.0917976471019806e+00,5.0979807768791332e+00,5.9396361265746123e+00,2.4460625076425435e+00,5.9396361265746123e+00,5.9396361265746123e+00,8.7070117884715892e-01,8.7070117884715892e-01,5.0979807768791332e+00,5.0979807768791332e+00,5.0979807768791332e+00,5.0979807768791332e+00,0.0000000000000000e+00,4.0917976471019806e+00,1.6183694230714181e+00,5.0979807768791332e+00,5.0979807768791332e+00,5.0979807768791332e+00,5.0979807768791332e+00,4.0917976471019806e+00,4.0917976471019806e+00,1.6183694230714181e+00
0.0000000000000000e+00,0.0000000000000000e+00,0.0000000000000000e+00,0.0000000000000000e+00,0.0000000000000000e+00,0.0000000000000000e+00,0.0000000000000000e+00,0.0000000000000000e+00,0.0000000000000000e+00,0.0000000000000000e+00,0.0000000000000000e+00,0.0000000000000000e+00,0.0000000000000000e+00,0.0000000000000000e+00,0.0000000000000000e+00,0.0000000000000000e+00,0.0000000000000000e+00,0.0000000000000000e+00,0.0000000000000000e+00,0.0000000000000000e+00,0.0000000000000000e+00,0.0000000000000000e+00,0.0000000000000000e+00,0.0000000000000000e+00,0.0000000000000000e+00,0.0000000000000000e+00,0.0000000000000000e+00,0.0000000000000000e+00,0.0000000000000000e+00,0.0000000000000000e+00,0.0000000000000000e+00,0.0000000000000000e+00,0.0000000000000000e+00,0.0000000000000000e+00,0.0000000000000000e+00,0.0000000000000000e+00,0.0000000000000000e+00,0.0000000000000000e+00,0.0000000000000000e+00,0.0000000000000000e+00,0.0000000000000000e+00,0.0000000000000000e+00,0.0000000000000000e+00,0.0000000000000000e+00,0.0000000000000000e+00,0.0000000000000000e+00,0.0000000000000000e+00,0.0000000000000000e+00,0.0000000000000000e+00,0.0000000000000000e+00,0.0000000000000000e+00,0.0000000000000000e+00,0.0000000000000000e+00,0.0000000000000000e+00,0.0000000000000000e+00,0.0000000000000000e+00,0.0000000000000000e+00,0.0000000000000000e+00,0.0000000000000000e+00,0.0000000000000000e+00,0.0000000000000000e+00,0.0000000000000000e+00,0.0000000000000000e+00,0.0000000000000000e+00,0.0000000000000000e+00,0.0000000000000000e+00,0.0000000000000000e+00,0.0000000000000000e+00,0.0000000000000000e+00,0.0000000000000000e+00,0.0000000000000000e+00,0.0000000000000000e+00,0.0000000000000000e+00,0.0000000000000000e+00,0.0000000000000000e+00,0.0000000000000000e+00,0.0000000000000000e+00,0.0000000000000000e+00,0.0000000000000000e+00,0.0000000000000000e+00,0.0000000000000000e+00,0.0000000000000000e+00,0.0000000000000000e+00,0.0000000000000000e+00,0.0000000000000000e+00,0.0000000000000000e+00,0.0000000000000000e+00,0.0000000000000000e+00,0.0000000000000000e+00,0.0000000000000000e+00,0.0000000000000000e+00,0.0000000000000000e+00,0.0000000000000000e+00,0.0000000000000000e+00,0.0000000000000000e+00,0.0000000000000000e+00,0.0000000000000000e+00,0.0000000000000000e+00,0.0000000000000000e+00,0.0000000000000000e+00,0.0000000000000000e+00,0.0000000000000000e+00,0.0000000000000000e+00,0.0000000000000000e+00,0.0000000000000000e+00,0.0000000000000000e+00,0.0000000000000000e+00,0.0000000000000000e+00,0.0000000000000000e+00,0.0000000000000000e+00,0.0000000000000000e+00,0.0000000000000000e+00,0.0000000000000000e+00,0.0000000000000000e+00,0.0000000000000000e+00,0.0000000000000000e+00,0.0000000000000000e+00,0.0000000000000000e+00,0.0000000000000000e+00,0.0000000000000000e+00,0.0000000000000000e+00,0.0000000000000000e+00,0.0000000000000000e+00,0.0000000000000000e+00,0.0000000000000000e+00,0.0000000000000000e+00,0.0000000000000000e+00,0.0000000000000000e+00,0.0000000000000000e+00,0.0000000000000000e+00,0.0000000000000000e+00,0.0000000000000000e+00,0.0000000000000000e+00,0.0000000000000000e+00,0.0000000000000000e+00,0.0000000000000000e+00,0.0000000000000000e+00,0.0000000000000000e+00,0.0000000000000000e+00,0.0000000000000000e+00,0.0000000000000000e+00,0.0000000000000000e+00,0.0000000000000000e+00,0.0000000000000000e+00,0.0000000000000000e+00,0.0000000000000000e+00,0.0000000000000000e+00,0.0000000000000000e+00,0.0000000000000000e+00,0.0000000000000000e+00,0.0000000000000000e+00,0.0000000000000000e+00,0.0000000000000000e+00,0.0000000000000000e+00,0.0000000000000000e+00,0.0000000000000000e+00,0.0000000000000000e+00,0.0000000000000000e+00,0.0000000000000000e+00,0.0000000000000000e+00,0.0000000000000000e+00,0.0000000000000000e+00,0.0000000000000000e+00,0.0000000000000000e+00,0.0000000000000000e+00,0.0000000000000000e+00,0.0000000000000000e+00,0.0000000000000000e+00,0.0000000000000000e+00,0.0000000000000000e+00,0.0000000000000000e+00,0.0000000000000000e+00,0.0000000000000000e+00,0.0000000000000000e+00,0.0000000000000000e+00,0.0000000000000000e+00,0.0000000000000000e+00,0.0000000000000000e+00,0.0000000000000000e+00,0.0000000000000000e+00,0.0000000000000000e+00,0.0000000000000000e+00,0.0000000000000000e+00,0.0000000000000000e+00,0.0000000000000000e+00,0.0000000000000000e+00,0.0000000000000000e+00,0.0000000000000000e+00,0.0000000000000000e+00,0.0000000000000000e+00,0.0000000000000000e+00,0.0000000000000000e+00,0.0000000000000000e+00,0.0000000000000000e+00,0.0000000000000000e+00,0.0000000000000000e+00,0.0000000000000000e+00,0.0000000000000000e+00,0.0000000000000000e+00,0.0000000000000000e+00,0.0000000000000000e+00,0.0000000000000000e+00,0.0000000000000000e+00,0.0000000000000000e+00,0.0000000000000000e+00,0.0000000000000000e+00,0.0000000000000000e+00,0.0000000000000000e+00,0.0000000000000000e+00,0.0000000000000000e+00,0.0000000000000000e+00,0.0000000000000000e+00,0.0000000000000000e+00,0.0000000000000000e+00,0.0000000000000000e+00,0.0000000000000000e+00,0.0000000000000000e+00,0.0000000000000000e+00,0.0000000000000000e+00,0.0000000000000000e+00,0.0000000000000000e+00,0.0000000000000000e+00,0.0000000000000000e+00,0.0000000000000000e+00,0.0000000000000000e+00,0.0000000000000000e+00,0.0000000000000000e+00,0.0000000000000000e+00,0.0000000000000000e+00,0.0000000000000000e+00,0.0000000000000000e+00,0.0000000000000000e+00,0.0000000000000000e+00,0.0000000000000000e+00,0.0000000000000000e+00,0.0000000000000000e+00,0.0000000000000000e+00,0.0000000000000000e+00,0.0000000000000000e+00,0.0000000000000000e+00,0.0000000000000000e+00,0.0000000000000000e+00,0.0000000000000000e+00,0.0000000000000000e+00,0.0000000000000000e+00,0.0000000000000000e+00,0.0000000000000000e+00,0.0000000000000000e+00,0.0000000000000000e+00,0.0000000000000000e+00,0.0000000000000000e+00,0.0000000000000000e+00,0.0000000000000000e+00,0.0000000000000000e+00,0.0000000000000000e+00,0.0000000000000000e+00,0.0000000000000000e+00,0.0000000000000000e+00,0.0000000000000000e+00,0.0000000000000000e+00,0.0000000000000000e+00,0.0000000000000000e+00,0.0000000000000000e+00,0.0000000000000000e+00,0.0000000000000000e+00,0.0000000000000000e+00,0.0000000000000000e+00,0.0000000000000000e+00,0.0000000000000000e+00,0.0000000000000000e+00,0.0000000000000000e+00,0.0000000000000000e+00,0.0000000000000000e+00,0.0000000000000000e+00,0.0000000000000000e+00,0.0000000000000000e+00,0.0000000000000000e+00,0.0000000000000000e+00,0.0000000000000000e+00,0.0000000000000000e+00,0.0000000000000000e+00,0.0000000000000000e+00,0.0000000000000000e+00,0.0000000000000000e+00,0.0000000000000000e+00,0.0000000000000000e+00,0.0000000000000000e+00,0.0000000000000000e+00,0.0000000000000000e+00,0.0000000000000000e+00,0.0000000000000000e+00,0.0000000000000000e+00,0.0000000000000000e+00,0.0000000000000000e+00,0.0000000000000000e+00,0.0000000000000000e+00,0.0000000000000000e+00,0.0000000000000000e+00,0.0000000000000000e+00,0.0000000000000000e+00,0.0000000000000000e+00,0.0000000000000000e+00,0.0000000000000000e+00,0.0000000000000000e+00,0.0000000000000000e+00,0.0000000000000000e+00,0.0000000000000000e+00,0.0000000000000000e+00,0.0000000000000000e+00,0.0000000000000000e+00,0.0000000000000000e+00,0.0000000000000000e+00,0.0000000000000000e+00,0.0000000000000000e+00,0.0000000000000000e+00,0.0000000000000000e+00,0.0000000000000000e+00,0.0000000000000000e+00,0.0000000000000000e+00,0.0000000000000000e+00,0.0000000000000000e+00,0.0000000000000000e+00,0.0000000000000000e+00,0.0000000000000000e+00,0.0000000000000000e+00,0.0000000000000000e+00,0.0000000000000000e+00,0.0000000000000000e+00,0.0000000000000000e+00,0.0000000000000000e+00,0.0000000000000000e+00,0.0000000000000000e+00,0.0000000000000000e+00,0.0000000000000000e+00,0.0000000000000000e+00,0.0000000000000000e+00,0.0000000000000000e+00,0.0000000000000000e+00,0.0000000000000000e+00,0.0000000000000000e+00,0.0000000000000000e+00,0.0000000000000000e+00,0.0000000000000000e+00,0.0000000000000000e+00,0.0000000000000000e+00,0.0000000000000000e+00,0.0000000000000000e+00,0.0000000000000000e+00,0.0000000000000000e+00,0.0000000000000000e+00,0.0000000000000000e+00,0.0000000000000000e+00,0.0000000000000000e+00,0.0000000000000000e+00,0.0000000000000000e+00,0.0000000000000000e+00,0.0000000000000000e+00,0.0000000000000000e+00,0.0000000000000000e+00,0.0000000000000000e+00,0.0000000000000000e+00,0.0000000000000000e+00,0.0000000000000000e+00,0.0000000000000000e+00,0.0000000000000000e+00,0.0000000000000000e+00,0.0000000000000000e+00,0.0000000000000000e+00,0.0000000000000000e+00,0.0000000000000000e+00,0.0000000000000000e+00,0.0000000000000000e+00,0.0000000000000000e+00,0.0000000000000000e+00,0.0000000000000000e+00,0.0000000000000000e+00,0.0000000000000000e+00,0.0000000000000000e+00,0.0000000000000000e+00,0.0000000000000000e+00,0.0000000000000000e+00,0.0000000000000000e+00,0.0000000000000000e+00,0.0000000000000000e+00,0.0000000000000000e+00,0.0000000000000000e+00,0.0000000000000000e+00,0.0000000000000000e+00,0.0000000000000000e+00,0.0000000000000000e+00,0.0000000000000000e+00,0.0000000000000000e+00,0.0000000000000000e+00,0.0000000000000000e+00,0.0000000000000000e+00,0.0000000000000000e+00,0.0000000000000000e+00,0.0000000000000000e+00,0.0000000000000000e+00,0.0000000000000000e+00,0.0000000000000000e+00,0.0000000000000000e+00,0.0000000000000000e+00,0.0000000000000000e+00,0.0000000000000000e+00,0.0000000000000000e+00,0.0000000000000000e+00,0.0000000000000000e+00,0.0000000000000000e+00,0.0000000000000000e+00,0.0000000000000000e+00,0.0000000000000000e+00,0.0000000000000000e+00,0.0000000000000000e+00,0.0000000000000000e+00,0.0000000000000000e+00,0.0000000000000000e+00,0.0000000000000000e+00,0.0000000000000000e+00,0.0000000000000000e+00,0.0000000000000000e+00,0.0000000000000000e+00,0.0000000000000000e+00,0.0000000000000000e+00,0.0000000000000000e+00,0.0000000000000000e+00,0.0000000000000000e+00,0.0000000000000000e+00,0.0000000000000000e+00,0.0000000000000000e+00,0.0000000000000000e+00,0.0000000000000000e+00,0.0000000000000000e+00,0.0000000000000000e+00,0.0000000000000000e+00,0.0000000000000000e+00,0.0000000000000000e+00,0.0000000000000000e+00,0.0000000000000000e+00,0.0000000000000000e+00,0.0000000000000000e+00,0.0000000000000000e+00,0.0000000000000000e+00,0.0000000000000000e+00,0.0000000000000000e+00,0.0000000000000000e+00,0.0000000000000000e+00,0.0000000000000000e+00,0.0000000000000000e+00,0.0000000000000000e+00,0.0000000000000000e+00,0.0000000000000000e+00,0.0000000000000000e+00,0.0000000000000000e+00,0.0000000000000000e+00,0.0000000000000000e+00,0.0000000000000000e+00,0.0000000000000000e+00,0.0000000000000000e+00,0.0000000000000000e+00,0.0000000000000000e+00,0.0000000000000000e+00,0.0000000000000000e+00,0.0000000000000000e+00,0.0000000000000000e+00,0.0000000000000000e+00,0.0000000000000000e+00,0.0000000000000000e+00,0.0000000000000000e+00,0.0000000000000000e+00,0.0000000000000000e+00,0.0000000000000000e+00,0.0000000000000000e+00,0.0000000000000000e+00,0.0000000000000000e+00,0.0000000000000000e+00,0.0000000000000000e+00,0.0000000000000000e+00,0.0000000000000000e+00,0.0000000000000000e+00,0.0000000000000000e+00,0.0000000000000000e+00,0.0000000000000000e+00,0.0000000000000000e+00,0.0000000000000000e+00,0.0000000000000000e+00,0.0000000000000000e+00,0.0000000000000000e+00,0.0000000000000000e+00,0.0000000000000000e+00,0.0000000000000000e+00,0.0000000000000000e+00,0.0000000000000000e+00,0.0000000000000000e+00,0.0000000000000000e+00,0.0000000000000000e+00,0.0000000000000000e+00,0.0000000000000000e+00,0.0000000000000000e+00,0.0000000000000000e+00,0.0000000000000000e+00,0.0000000000000000e+00,0.0000000000000000e+00,0.0000000000000000e+00,0.0000000000000000e+00,0.0000000000000000e+00,0.0000000000000000e+00,0.0000000000000000e+00,0.0000000000000000e+00,0.0000000000000000e+00,0.0000000000000000e+00,0.0000000000000000e+00,0.0000000000000000e+00,0.0000000000000000e+00,0.0000000000000000e+00,0.0000000000000000e+00,0.0000000000000000e+00,0.0000000000000000e+00,0.0000000000000000e+00,0.0000000000000000e+00,0.0000000000000000e+00,0.0000000000000000e+00,0.0000000000000000e+00,0.0000000000000000e+00,0.0000000000000000e+00,0.0000000000000000e+00,0.0000000000000000e+00,0.0000000000000000e+00,0.0000000000000000e+00,0.0000000000000000e+00,0.0000000000000000e+00,0.0000000000000000e+00,0.0000000000000000e+00,0.0000000000000000e+00,0.0000000000000000e+00,0.0000000000000000e+00,0.0000000000000000e+00,0.0000000000000000e+00,0.0000000000000000e+00,0.0000000000000000e+00,0.0000000000000000e+00,0.0000000000000000e+00,0.0000000000000000e+00,0.0000000000000000e+00,0.0000000000000000e+00,0.0000000000000000e+00,0.0000000000000000e+00,0.0000000000000000e+00,0.0000000000000000e+00,0.0000000000000000e+00,0.0000000000000000e+00,0.0000000000000000e+00,0.0000000000000000e+00,0.0000000000000000e+00,0.0000000000000000e+00,0.0000000000000000e+00,0.0000000000000000e+00,0.0000000000000000e+00,0.0000000000000000e+00,0.0000000000000000e+00,0.0000000000000000e+00,0.0000000000000000e+00,0.0000000000000000e+00,0.0000000000000000e+00,0.0000000000000000e+00,0.0000000000000000e+00,0.0000000000000000e+00,0.0000000000000000e+00,0.0000000000000000e+00,0.0000000000000000e+00,0.0000000000000000e+00,0.0000000000000000e+00,0.0000000000000000e+00,0.0000000000000000e+00,0.0000000000000000e+00,0.0000000000000000e+00,0.0000000000000000e+00,0.0000000000000000e+00,0.0000000000000000e+00,0.0000000000000000e+00,0.0000000000000000e+00,0.0000000000000000e+00,0.0000000000000000e+00,0.0000000000000000e+00,0.0000000000000000e+00,0.0000000000000000e+00,0.0000000000000000e+00,0.0000000000000000e+00,0.0000000000000000e+00,0.0000000000000000e+00,0.0000000000000000e+00,0.0000000000000000e+00,0.0000000000000000e+00,0.0000000000000000e+00,0.0000000000000000e+00,0.0000000000000000e+00,0.0000000000000000e+00,0.0000000000000000e+00,0.0000000000000000e+00,0.0000000000000000e+00,0.0000000000000000e+00,0.0000000000000000e+00,0.0000000000000000e+00,0.0000000000000000e+00,0.0000000000000000e+00,0.0000000000000000e+00,0.0000000000000000e+00,0.0000000000000000e+00,0.0000000000000000e+00,0.0000000000000000e+00,0.0000000000000000e+00,0.0000000000000000e+00,0.0000000000000000e+00,0.0000000000000000e+00,0.0000000000000000e+00,0.0000000000000000e+00,0.0000000000000000e+00,0.0000000000000000e+00,0.0000000000000000e+00,0.0000000000000000e+00,0.0000000000000000e+00,0.0000000000000000e+00,0.0000000000000000e+00,0.0000000000000000e+00,0.0000000000000000e+00,0.0000000000000000e+00,0.0000000000000000e+00,0.0000000000000000e+00,0.0000000000000000e+00,0.0000000000000000e+00,0.0000000000000000e+00,0.0000000000000000e+00,0.0000000000000000e+00,0.0000000000000000e+00,0.0000000000000000e+00,0.0000000000000000e+00,0.0000000000000000e+00,0.0000000000000000e+00,0.0000000000000000e+00,0.0000000000000000e+00,0.0000000000000000e+00,0.0000000000000000e+00,0.0000000000000000e+00,0.0000000000000000e+00,0.0000000000000000e+00,0.0000000000000000e+00,0.0000000000000000e+00,0.0000000000000000e+00,0.0000000000000000e+00,0.0000000000000000e+00,0.0000000000000000e+00,0.0000000000000000e+00,0.0000000000000000e+00,0.0000000000000000e+00,0.0000000000000000e+00,0.0000000000000000e+00,0.0000000000000000e+00,0.0000000000000000e+00,0.0000000000000000e+00,0.0000000000000000e+00,0.0000000000000000e+00,0.0000000000000000e+00,0.0000000000000000e+00,0.0000000000000000e+00,0.0000000000000000e+00,0.0000000000000000e+00,0.0000000000000000e+00,0.0000000000000000e+00,0.0000000000000000e+00,0.0000000000000000e+00,0.0000000000000000e+00,0.0000000000000000e+00,0.0000000000000000e+00,0.0000000000000000e+00,0.0000000000000000e+00,0.0000000000000000e+00,0.0000000000000000e+00,0.0000000000000000e+00,0.0000000000000000e+00,0.0000000000000000e+00,0.0000000000000000e+00,0.0000000000000000e+00,0.0000000000000000e+00,0.0000000000000000e+00,0.0000000000000000e+00,0.0000000000000000e+00,0.0000000000000000e+00,0.0000000000000000e+00,0.0000000000000000e+00,0.0000000000000000e+00,0.0000000000000000e+00,0.0000000000000000e+00,0.0000000000000000e+00,0.0000000000000000e+00,0.0000000000000000e+00,0.0000000000000000e+00,0.0000000000000000e+00,0.0000000000000000e+00,0.0000000000000000e+00,0.0000000000000000e+00,0.0000000000000000e+00,0.0000000000000000e+00,0.0000000000000000e+00,0.0000000000000000e+00,0.0000000000000000e+00,0.0000000000000000e+00,0.0000000000000000e+00,0.0000000000000000e+00,0.0000000000000000e+00,0.0000000000000000e+00,0.0000000000000000e+00,0.0000000000000000e+00,0.0000000000000000e+00,0.0000000000000000e+00,0.0000000000000000e+00,0.0000000000000000e+00,0.0000000000000000e+00,0.0000000000000000e+00,0.0000000000000000e+00,0.0000000000000000e+00,0.0000000000000000e+00,0.0000000000000000e+00,0.0000000000000000e+00,0.0000000000000000e+00,0.0000000000000000e+00,0.0000000000000000e+00,0.0000000000000000e+00,0.0000000000000000e+00,0.0000000000000000e+00,0.0000000000000000e+00,0.0000000000000000e+00,0.0000000000000000e+00,0.0000000000000000e+00,0.0000000000000000e+00,0.0000000000000000e+00,0.0000000000000000e+00,0.0000000000000000e+00,0.0000000000000000e+00,0.0000000000000000e+00,0.0000000000000000e+00,0.0000000000000000e+00,0.0000000000000000e+00,0.0000000000000000e+00,0.0000000000000000e+00,0.0000000000000000e+00,0.0000000000000000e+00,0.0000000000000000e+00,0.0000000000000000e+00,0.0000000000000000e+00,0.0000000000000000e+00,0.0000000000000000e+00,0.0000000000000000e+00,0.0000000000000000e+00,0.0000000000000000e+00,0.0000000000000000e+00,0.0000000000000000e+00,0.0000000000000000e+00,0.0000000000000000e+00,0.0000000000000000e+00,0.0000000000000000e+00,0.0000000000000000e+00,0.0000000000000000e+00,0.0000000000000000e+00,0.0000000000000000e+00,0.0000000000000000e+00,0.0000000000000000e+00,0.0000000000000000e+00,0.0000000000000000e+00,0.0000000000000000e+00,0.0000000000000000e+00,0.0000000000000000e+00,0.0000000000000000e+00,0.0000000000000000e+00,0.0000000000000000e+00,0.0000000000000000e+00,0.0000000000000000e+00,0.0000000000000000e+00,0.0000000000000000e+00,0.0000000000000000e+00,0.0000000000000000e+00,0.0000000000000000e+00,0.0000000000000000e+00,0.0000000000000000e+00,0.0000000000000000e+00,0.0000000000000000e+00,0.0000000000000000e+00,0.0000000000000000e+00,0.0000000000000000e+00,0.0000000000000000e+00,0.0000000000000000e+00,0.0000000000000000e+00,0.0000000000000000e+00,0.0000000000000000e+00,0.0000000000000000e+00,0.0000000000000000e+00,0.0000000000000000e+00,0.0000000000000000e+00,0.0000000000000000e+00,0.0000000000000000e+00,0.0000000000000000e+00,0.0000000000000000e+00,0.0000000000000000e+00,0.0000000000000000e+00,0.0000000000000000e+00,0.0000000000000000e+00,0.0000000000000000e+00,0.0000000000000000e+00,0.0000000000000000e+00,0.0000000000000000e+00,0.0000000000000000e+00,0.0000000000000000e+00,0.0000000000000000e+00,0.0000000000000000e+00,0.0000000000000000e+00,0.0000000000000000e+00,0.0000000000000000e+00,0.0000000000000000e+00,0.0000000000000000e+00,0.0000000000000000e+00,0.0000000000000000e+00,0.0000000000000000e+00,0.0000000000000000e+00,0.0000000000000000e+00,0.0000000000000000e+00,0.0000000000000000e+00,0.0000000000000000e+00,0.0000000000000000e+00,0.0000000000000000e+00,0.0000000000000000e+00,0.0000000000000000e+00,0.0000000000000000e+00,0.0000000000000000e+00,0.0000000000000000e+00,0.0000000000000000e+00,0.0000000000000000e+00,0.0000000000000000e+00,0.0000000000000000e+00,0.0000000000000000e+00,0.0000000000000000e+00,0.0000000000000000e+00,0.0000000000000000e+00,0.0000000000000000e+00,0.0000000000000000e+00,0.0000000000000000e+00,0.0000000000000000e+00,0.0000000000000000e+00,0.0000000000000000e+00,0.0000000000000000e+00,0.0000000000000000e+00,0.0000000000000000e+00,0.0000000000000000e+00,0.0000000000000000e+00,0.0000000000000000e+00,0.0000000000000000e+00,0.0000000000000000e+00,0.0000000000000000e+00,0.0000000000000000e+00,0.0000000000000000e+00,0.0000000000000000e+00,0.0000000000000000e+00,0.0000000000000000e+00,0.0000000000000000e+00,0.0000000000000000e+00,0.0000000000000000e+00,0.0000000000000000e+00,0.0000000000000000e+00,0.0000000000000000e+00,0.0000000000000000e+00,0.0000000000000000e+00,0.0000000000000000e+00,0.0000000000000000e+00,0.0000000000000000e+00,0.0000000000000000e+00,0.0000000000000000e+00,0.0000000000000000e+00,0.0000000000000000e+00,0.0000000000000000e+00,0.0000000000000000e+00,0.0000000000000000e+00,0.0000000000000000e+00,0.0000000000000000e+00,0.0000000000000000e+00,0.0000000000000000e+00,0.0000000000000000e+00,0.0000000000000000e+00,0.0000000000000000e+00,0.0000000000000000e+00,0.0000000000000000e+00,0.0000000000000000e+00,0.0000000000000000e+00,0.0000000000000000e+00,0.0000000000000000e+00,0.0000000000000000e+00,0.0000000000000000e+00,0.0000000000000000e+00,0.0000000000000000e+00,0.0000000000000000e+00,0.0000000000000000e+00,0.0000000000000000e+00,0.0000000000000000e+00,0.0000000000000000e+00,0.0000000000000000e+00,0.0000000000000000e+00,0.0000000000000000e+00,0.0000000000000000e+00,0.0000000000000000e+00,0.0000000000000000e+00,0.0000000000000000e+00,0.0000000000000000e+00,0.0000000000000000e+00,0.0000000000000000e+00,0.0000000000000000e+00,0.0000000000000000e+00,0.0000000000000000e+00,0.0000000000000000e+00,0.0000000000000000e+00,0.0000000000000000e+00,0.0000000000000000e+00,0.0000000000000000e+00,0.0000000000000000e+00,0.0000000000000000e+00,0.0000000000000000e+00,0.0000000000000000e+00,0.0000000000000000e+00,0.0000000000000000e+00,0.0000000000000000e+00,0.0000000000000000e+00,0.0000000000000000e+00,0.0000000000000000e+00,0.0000000000000000e+00,0.0000000000000000e+00,0.0000000000000000e+00,0.0000000000000000e+00,0.0000000000000000e+00,0.0000000000000000e+00,0.0000000000000000e+00,0.0000000000000000e+00,0.0000000000000000e+00,0.0000000000000000e+00,0.0000000000000000e+00,0.0000000000000000e+00,0.0000000000000000e+00,0.0000000000000000e+00,0.0000000000000000e+00,0.0000000000000000e+00,0.0000000000000000e+00,0.0000000000000000e+00,0.0000000000000000e+00,0.0000000000000000e+00,0.0000000000000000e+00,0.0000000000000000e+00,0.0000000000000000e+00,0.0000000000000000e+00,0.0000000000000000e+00,0.0000000000000000e+00,0.0000000000000000e+00,0.0000000000000000e+00,0.0000000000000000e+00,0.0000000000000000e+00,0.0000000000000000e+00,0.0000000000000000e+00,0.0000000000000000e+00,0.0000000000000000e+00,0.0000000000000000e+00,0.0000000000000000e+00,0.0000000000000000e+00,0.0000000000000000e+00,0.0000000000000000e+00,0.0000000000000000e+00,0.0000000000000000e+00,0.0000000000000000e+00,0.0000000000000000e+00,0.0000000000000000e+00,0.0000000000000000e+00,0.0000000000000000e+00,0.0000000000000000e+00,0.0000000000000000e+00,0.0000000000000000e+00,0.0000000000000000e+00,0.0000000000000000e+00,0.0000000000000000e+00,0.0000000000000000e+00,0.0000000000000000e+00,0.0000000000000000e+00,0.0000000000000000e+00,0.0000000000000000e+00,0.0000000000000000e+00,0.0000000000000000e+00,0.0000000000000000e+00,0.0000000000000000e+00,0.0000000000000000e+00,0.0000000000000000e+00,0.0000000000000000e+00,0.0000000000000000e+00,0.0000000000000000e+00,0.0000000000000000e+00,0.0000000000000000e+00,0.0000000000000000e+00,0.0000000000000000e+00,0.0000000000000000e+00
2.3217743502059895e+00,9.0940421269845839e-01,5.9721841180403681e+00,2.3217743502059895e+00,5.9721841180403681e+00,3.7296231931666135e+00,9.0940421269845839e-01,3.7296231931666135e+00,1.4546834151720347e+00,9.0940421269845839e-01,9.0940421269845839e-01,2.3217743502059895e+00,3.7296231931666135e+00,3.7296231931666135e+00,3.7296231931666135e+00,2.3217743502059895e+00,3.7296231931666135e+00,9.0940421269845839e-01,2.3217743502059895e+00,3.7296231931666135e+00,9.0940421269845839e-01,3.3494117033195101e+00,5.0650536097148278e+00,9.0940421269845839e-01,1.4546834151720347e+00,2.3217743502059895e+00,2.3217743502059895e+00,3.3494117033195101e+00,5.9721841180403681e+00,3.7296231931666135e+00,3.3494117033195101e+00,5.0650536097148278e+00,5.0650536097148278e+00,5.9721841180403681e+00,3.7296231931666135e+00,5.9721841180403681e+00,5.0650536097148278e+00,5.0650536097148278e+00,5.0650536097148278e+00,3.7296231931666135e+00,1.4546834151720347e+00,0.0000000000000000e+00,5.9721841180403681e+00,5.9721841180403681e+00,5.9721841180403681e+00,5.9721841180403681e+00,5.9721841180403681e+00,3.7296231931666135e+00,1.4546834151720347e+00,9.0940421269845839e-01,3.3494117033195101e+00,3.3494117033195101e+00,3.3494117033195101e+00,3.7296231931666135e+00,3.3494117033195101e+00,3.3494117033195101e+00,3.3494117033195101e+00,5.9721841180403681e+00,3.3494117033195101e+00,5.0650536097148278e+00,5.0650536097148278e+00,5.0650536097148278e+00,5.0650536097148278e+00,5.9721841180403681e+00,5.9721841180403681e+00,5.9721841180403681e+00,5.9721841180403681e+00,9.0940421269845839e-01,5.0650536097148278e+00,5.9721841180403681e+00,5.9721841180403681e+00,5.9721841180403681e+00,2.3217743502059895e+00,5.9721841180403681e+00,3.7296231931666135e+00,3.3494117033195101e+00,5.9721841180403681e+00,5.9721841180403681e+00,0.0000000000000000e+00,5.9721841180403681e+00,3.7296231931666135e+00,3.3494117033195101e+00,2.3217743502059895e+00,1.4546834151720347e+00,1.4546834151720347e+00,5.9721841180403681e+00,3.3494117033195101e+00,5.9721841180403681e+00,0.0000000000000000e+00,3.3494117033195101e+00,3.3494117033195101e+00,3.3494117033195101e+00,3.3494117033195101e+00,1.4546834151720347e+00,3.7296231931666135e+00,3.7296231931666135e+00,3.3494117033195101e+00,3.3494117033195101e+00,3.3494117033195101e+00,2.3217743502059895e+00,3.3494117033195101e+00,1.4546834151720347e+00,5.9721841180403681e+00,5.9721841180403681e+00,2.3217743502059895e+00,5.0650536097148278e+00,3.7296231931666135e+00,5.9721841180403681e+00,3.3494117033195101e+00,5.9721841180403681e+00,9.0940421269845839e-01,5.0650536097148278e+00,1.4546834151720347e+00,5.0650536097148278e+00,5.9721841180403681e+00,1.4546834151720347e+00,5.9721841180403681e+00,3.3494117033195101e+00,3.3494117033195101e+00,3.3494117033195101e+00,5.9721841180403681e+00,5.0650536097148278e+00,5.0650536097148278e+00,1.4546834151720347e+00,1.4546834151720347e+00,1.4546834151720347e+00,5.0650536097148278e+00,5.0650536097148278e+00,5.9721841180403681e+00,5.0650536097148278e+00,5.0650536097148278e+00,1.4546834151720347e+00,5.9721841180403681e+00,5.9721841180403681e+00,1.4546834151720347e+00,5.0650536097148278e+00,3.3494117033195101e+00,3.7296231931666135e+00,5.9721841180403681e+00,3.3494117033195101e+00,0.0000000000000000e+00,1.4546834151720347e+00,5.9721841180403681e+00,5.9721841180403681e+00,1.4546834151720347e+00,0.0000000000000000e+00,5.9721841180403681e+00,5.9721841180403681e+00,5.0650536097148278e+00,5.9721841180403681e+00,5.9721841180403681e+00,3.7296231931666135e+00,2.3217743502059895e+00,0.0000000000000000e+00,3.7296231931666135e+00,5.9721841180403681e+00,5.9721841180403681e+00,3.7296231931666135e+00,9.0940421269845839e-01,3.7296231931666135e+00,5.9721841180403681e+00,1.4546834151720347e+00,3.7296231931666135e+00,3.7296231931666135e+00,1.4546834151720347e+00,3.3494117033195101e+00,1.4546834151720347e+00,3.3494117033195101e+00,3.3494117033195101e+00,5.9721841180403681e+00,9.0940421269845839e-01,1.4546834151720347e+00,3.3494117033195101e+00,5.9721841180403681e+00,5.9721841180403681e+00,0.0000000000000000e+00,3.3494117033195101e+00,5.9721841180403681e+00,5.0650536097148278e+00,5.0650536097148278e+00,1.4546834151720347e+00,9.0940421269845839e-01,1.4546834151720347e+00,9.0940421269845839e-01,3.7296231931666135e+00,3.3494117033195101e+00,3.3494117033195101e+00,5.0650536097148278e+00,9.0940421269845839e-01,3.7296231931666135e+00,5.9721841180403681e+00,5.9721841180403681e+00,3.7296231931666135e+00,5.9721841180403681e+00,3.3494117033195101e+00,5.0650536097148278e+00,5.9721841180403681e+00,0.0000000000000000e+00,5.9721841180403681e+00,3.7296231931666135e+00,9.0940421269845839e-01,5.0650536097148278e+00,5.0650536097148278e+00,3.7296231931666135e+00,1.4546834151720347e+00,3.3494117033195101e+00,9.0940421269845839e-01,3.7296231931666135e+00,3.7296231931666135e+00,9.0940421269845839e-01,0.0000000000000000e+00,5.9721841180403681e+00,3.3494117033195101e+00,5.9721841180403681e+00,5.9721841180403681e+00,5.9721841180403681e+00,3.7296231931666135e+00,5.9721841180403681e+00,3.7296231931666135e+00,5.9721841180403681e+00,3.7296231931666135e+00,0.0000000000000000e+00,1.4546834151720347e+00,5.9721841180403681e+00,2.3217743502059895e+00,2.3217743502059895e+00,3.3494117033195101e+00,3.7296231931666135e+00,0.0000000000000000e+00,1.4546834151720347e+00,5.9721841180403681e+00,3.3494117033195101e+00,5.9721841180403681e+00,3.3494117033195101e+00,1.4546834151720347e+00,5.9721841180403681e+00,5.9721841180403681e+00,5.9721841180403681e+00,5.9721841180403681e+00,3.7296231931666135e+00,3.7296231931666135e+00,0.0000000000000000e+00,3.3494117033195101e+00,3.7296231931666135e+00,5.0650536097148278e+00,5.0650536097148278e+00,5.9721841180403681e+00,5.9721841180403681e+00,5.9721841180403681e+00,2.3217743502059895e+00,5.9721841180403681e+00,3.7296231931666135e+00,3.7296231931666135e+00,5.9721841180403681e+00,3.7296231931666135e+00,5.9721841180403681e+00,1.4546834151720347e+00,0.0000000000000000e+00,9.0940421269845839e-01,5.0650536097148278e+00,3.7296231931666135e+00,5.0650536097148278e+00,5.9721841180403681e+00,3.7296231931666135e+00,3.7296231931666135e+00,5.9721841180403681e+00,5.9721841180403681e+00,3.7296231931666135e+00,3.7296231931666135e+00,3.7296231931666135e+00,3.7296231931666135e+00,5.9721841180403681e+00,5.9721841180403681e+00,5.9721841180403681e+00,3.7296231931666135e+00,5.9721841180403681e+00,9.0940421269845839e-01,5.9721841180403681e+00,3.7296231931666135e+00,3.7296231931666135e+00,1.4546834151720347e+00,9.0940421269845839e-01,3.7296231931666135e+00,0.0000000000000000e+00,0.0000000000000000e+00,3.3494117033195101e+00,3.7296231931666135e+00,3.3494117033195101e+00,3.7296231931666135e+00,3.3494117033195101e+00,2.3217743502059895e+00,3.7296231931666135e+00,3.3494117033195101e+00,1.4546834151720347e+00,3.3494117033195101e+00,3.3494117033195101e+00,5.9721841180403681e+00,5.9721841180403681e+00,5.9721841180403681e+00,3.3494117033195101e+00,3.3494117033195101e+00,3.3494117033195101e+00,3.7296231931666135e+00,5.9721841180403681e+00,1.4546834151720347e+00,3.3494117033195101e+00,1.4546834151720347e+00,5.9721841180403681e+00,5.0650536097148278e+00,9.0940421269845839e-01,0.0000000000000000e+00,5.0650536097148278e+00,3.3494117033195101e+00,5.9721841180403681e+00,5.9721841180403681e+00,3.3494117033195101e+00,3.7296231931666135e+00,2.3217743502059895e+00,1.4546834151720347e+00,1.4546834151720347e+00,3.7296231931666135e+00,3.7296231931666135e+00,3.7296231931666135e+00,2.3217743502059895e+00,2.3217743502059895e+00,0.0000000000000000e+00,5.9721841180403681e+00,0.0000000000000000e+00,3.7296231931666135e+00,5.9721841180403681e+00,2.3217743502059895e+00,5.9721841180403681e+00,5.9721841180403681e+00,5.9721841180403681e+00,5.9721841180403681e+00,3.7296231931666135e+00,3.7296231931666135e+00,3.7296231931666135e+00,0.0000000000000000e+00,3.7296231931666135e+00,5.9721841180403681e+00,5.9721841180403681e+00,0.0000000000000000e+00,9.0940421269845839e-01,3.7296231931666135e+00,0.0000000000000000e+00,5.0650536097148278e+00,5.9721841180403681e+00,3.7296231931666135e+00,3.7296231931666135e+00,3.7296231931666135e+00,5.9721841180403681e+00,5.9721841180403681e+00,5.0650536097148278e+00,5.9721841180403681e+00,2.3217743502059895e+00,5.9721841180403681e+00,3.7296231931666135e+00,1.4546834151720347e+00,3.7296231931666135e+00,2.3217743502059895e+00,3.7296231931666135e+00,5.9721841180403681e+00,5.0650536097148278e+00,5.9721841180403681e+00,5.0650536097148278e+00,5.9721841180403681e+00,5.9721841180403681e+00,0.0000000000000000e+00,0.0000000000000000e+00,5.0650536097148278e+00,5.9721841180403681e+00,3.7296231931666135e+00,5.0650536097148278e+00,5.9721841180403681e+00,5.0650536097148278e+00,2.3217743502059895e+00,1.4546834151720347e+00,5.9721841180403681e+00,3.3494117033195101e+00,3.7296231931666135e+00,5.0650536097148278e+00,5.0650536097148278e+00,5.0650536097148278e+00,5.9721841180403681e+00,2.3217743502059895e+00,3.7296231931666135e+00,0.0000000000000000e+00,5.0650536097148278e+00,0.0000000000000000e+00,5.0650536097148278e+00,3.3494117033195101e+00,2.3217743502059895e+00,3.3494117033195101e+00,5.9721841180403681e+00,5.9721841180403681e+00,5.9721841180403681e+00,0.0000000000000000e+00,1.4546834151720347e+00,5.0650536097148278e+00,2.3217743502059895e+00,3.3494117033195101e+00,5.9721841180403681e+00,5.9721841180403681e+00,1.4546834151720347e+00,1.4546834151720347e+00,3.7296231931666135e+00,5.0650536097148278e+00,2.3217743502059895e+00,3.3494117033195101e+00,5.0650536097148278e+00,3.7296231931666135e+00,1.4546834151720347e+00,3.7296231931666135e+00,5.0650536097148278e+00,1.4546834151720347e+00,5.0650536097148278e+00,3.3494117033195101e+00,1.4546834151720347e+00,3.7296231931666135e+00,5.0650536097148278e+00,5.0650536097148278e+00,0.0000000000000000e+00,5.0650536097148278e+00,5.9721841180403681e+00,3.3494117033195101e+00,0.0000000000000000e+00,5.0650536097148278e+00,0.0000000000000000e+00,1.4546834151720347e+00,5.9721841180403681e+00,5.9721841180403681e+00,5.9721841180403681e+00,5.9721841180403681e+00,5.0650536097148278e+00,3.7296231931666135e+00,1.4546834151720347e+00,5.9721841180403681e+00,5.9721841180403681e+00,3.7296231931666135e+00,3.7296231931666135e+00,5.9721841180403681e+00,0.0000000000000000e+00,1.4546834151720347e+00,5.9721841180403681e+00,0.0000000000000000e+00,3.7296231931666135e+00,9.0940421269845839e-01,3.3494117033195101e+00,3.3494117033195101e+00,5.9721841180403681e+00,5.9721841180403681e+00,5.9721841180403681e+00,5.9721841180403681e+00,5.9721841180403681e+00,3.7296231931666135e+00,5.9721841180403681e+00,5.0650536097148278e+00,5.9721841180403681e+00,5.9721841180403681e+00,3.3494117033195101e+00,3.3494117033195101e+00,0.0000000000000000e+00,2.3217743502059895e+00,3.3494117033195101e+00,5.9721841180403681e+00,5.9721841180403681e+00,0.0000000000000000e+00,3.3494117033195101e+00,1.4546834151720347e+00,3.7296231931666135e+00,5.0650536097148278e+00,5.0650536097148278e+00,2.3217743502059895e+00,9.0940421269845839e-01,5.9721841180403681e+00,3.7296231931666135e+00,5.9721841180403681e+00,5.0650536097148278e+00,5.9721841180403681e+00,5.9721841180403681e+00,9.0940421269845839e-01,9.0940421269845839e-01,5.0650536097148278e+00,3.3494117033195101e+00,3.7296231931666135e+00,5.9721841180403681e+00,3.7296231931666135e+00,0.0000000000000000e+00,0.0000000000000000e+00,3.7296231931666135e+00,9.0940421269845839e-01,5.9721841180403681e+00,9.0940421269845839e-01,9.0940421269845839e-01,2.3217743502059895e+00,9.0940421269845839e-01,5.9721841180403681e+00,5.9721841180403681e+00,5.9721841180403681e+00,9.0940421269845839e-01,2.3217743502059895e+00,9.0940421269845839e-01,3.7296231931666135e+00,5.0650536097148278e+00,3.3494117033195101e+00,9.0940421269845839e-01,2.3217743502059895e+00,5.9721841180403681e+00,5.0650536097148278e+00,5.9721841180403681e+00,5.9721841180403681e+00,3.3494117033195101e+00,5.9721841180403681e+00,5.9721841180403681e+00,3.7296231931666135e+00,0.0000000000000000e+00,5.9721841180403681e+00,0.0000000000000000e+00,3.7296231931666135e+00,5.0650536097148278e+00,3.3494117033195101e+00,5.0650536097148278e+00,5.0650536097148278e+00,5.9721841180403681e+00,3.7296231931666135e+00,5.9721841180403681e+00,3.7296231931666135e+00,9.0940421269845839e-01,5.9721841180403681e+00,5.9721841180403681e+00,1.4546834151720347e+00,2.3217743502059895e+00,3.7296231931666135e+00,3.7296231931666135e+00,3.3494117033195101e+00,2.3217743502059895e+00,5.0650536097148278e+00,3.7296231931666135e+00,2.3217743502059895e+00,3.3494117033195101e+00,9.0940421269845839e-01,3.3494117033195101e+00,2.3217743502059895e+00,5.9721841180403681e+00,5.0650536097148278e+00,5.0650536097148278e+00,9.0940421269845839e-01,5.0650536097148278e+00,0.0000000000000000e+00,5.0650536097148278e+00,1.4546834151720347e+00,5.0650536097148278e+00,3.3494117033195101e+00,5.0650536097148278e+00,5.9721841180403681e+00,3.7296231931666135e+00,3.7296231931666135e+00,0.0000000000000000e+00,1.4546834151720347e+00,3.7296231931666135e+00,3.7296231931666135e+00,3.7296231931666135e+00,5.0650536097148278e+00,9.0940421269845839e-01,5.9721841180403681e+00,5.9721841180403681e+00,5.9721841180403681e+00,5.9721841180403681e+00,5.9721841180403681e+00,1.4546834151720347e+00,5.9721841180403681e+00,3.3494117033195101e+00,5.9721841180403681e+00,3.3494117033195101e+00,5.0650536097148278e+00,5.0650536097148278e+00,5.0650536097148278e+00,5.0650536097148278e+00,5.0650536097148278e+00,3.7296231931666135e+00,5.0650536097148278e+00,5.0650536097148278e+00,3.7296231931666135e+00,5.0650536097148278e+00,5.9721841180403681e+00,5.9721841180403681e+00,5.9721841180403681e+00,3.3494117033195101e+00,3.7296231931666135e+00,3.7296231931666135e+00,3.7296231931666135e+00,5.9721841180403681e+00,3.7296231931666135e+00,0.0000000000000000e+00,5.9721841180403681e+00,5.0650536097148278e+00,1.4546834151720347e+00,0.0000000000000000e+00,9.0940421269845839e-01,5.0650536097148278e+00,3.3494117033195101e+00,5.9721841180403681e+00,5.9721841180403681e+00,5.0650536097148278e+00,5.9721841180403681e+00,2.3217743502059895e+00,5.9721841180403681e+00,0.0000000000000000e+00,5.9721841180403681e+00,5.9721841180403681e+00,0.0000000000000000e+00,2.3217743502059895e+00,5.0650536097148278e+00,5.9721841180403681e+00,2.3217743502059895e+00,1.4546834151720347e+00,3.7296231931666135e+00,0.0000000000000000e+00,2.3217743502059895e+00,3.7296231931666135e+00,3.7296231931666135e+00,1.4546834151720347e+00,5.9721841180403681e+00,3.3494117033195101e+00,1.4546834151720347e+00,1.4546834151720347e+00,3.7296231931666135e+00,5.9721841180403681e+00,5.9721841180403681e+00,5.9721841180403681e+00,5.0650536097148278e+00,5.9721841180403681e+00,5.9721841180403681e+00,5.9721841180403681e+00,5.9721841180403681e+00,5.0650536097148278e+00,5.9721841180403681e+00,5.9721841180403681e+00,0.0000000000000000e+00,5.9721841180403681e+00,3.7296231931666135e+00,1.4546834151720347e+00,5.0650536097148278e+00,0.0000000000000000e+00,3.7296231931666135e+00,5.0650536097148278e+00,5.9721841180403681e+00,5.9721841180403681e+00,5.9721841180403681e+00,5.9721841180403681e+00,5.9721841180403681e+00,5.9721841180403681e+00,3.3494117033195101e+00,5.0650536097148278e+00,2.3217743502059895e+00,5.9721841180403681e+00,5.0650536097148278e+00,5.0650536097148278e+00,5.9721841180403681e+00,5.9721841180403681e+00,5.0650536097148278e+00,3.7296231931666135e+00,3.7296231931666135e+00,0.0000000000000000e+00,1.4546834151720347e+00,3.3494117033195101e+00,0.0000000000000000e+00,3.3494117033195101e+00,3.7296231931666135e+00,5.0650536097148278e+00,5.9721841180403681e+00,9.0940421269845839e-01,9.0940421269845839e-01,3.7296231931666135e+00,1.4546834151720347e+00,5.0650536097148278e+00,5.9721841180403681e+00,5.0650536097148278e+00,1.4546834151720347e+00,3.7296231931666135e+00,3.7296231931666135e+00,3.7296231931666135e+00,3.7296231931666135e+00,3.7296231931666135e+00,5.0650536097148278e+00,5.0650536097148278e+00,5.9721841180403681e+00,3.7296231931666135e+00,2.3217743502059895e+00,3.7296231931666135e+00,2.3217743502059895e+00,3.7296231931666135e+00,5.0650536097148278e+00,1.4546834151720347e+00,3.3494117033195101e+00,9.0940421269845839e-01,3.3494117033195101e+00,3.3494117033195101e+00,5.0650536097148278e+00,0.0000000000000000e+00,5.0650536097148278e+00,3.7296231931666135e+00,3.7296231931666135e+00,2.3217743502059895e+00,2.3217743502059895e+00,3.7296231931666135e+00,3.7296231931666135e+00,5.9721841180403681e+00,2.3217743502059895e+00,5.0650536097148278e+00,5.0650536097148278e+00,3.7296231931666135e+00,5.9721841180403681e+00,3.3494117033195101e+00,3.3494117033195101e+00,3.7296231931666135e+00,5.0650536097148278e+00,3.3494117033195101e+00,3.7296231931666135e+00,5.9721841180403681e+00,5.9721841180403681e+00,5.9721841180403681e+00,5.0650536097148278e+00,5.9721841180403681e+00,1.4546834151720347e+00,3.7296231931666135e+00,5.9721841180403681e+00,3.7296231931666135e+00,5.9721841180403681e+00,5.9721841180403681e+00,5.0650536097148278e+00,5.0650536097148278e+00,5.9721841180403681e+00,9.0940421269845839e-01,3.3494117033195101e+00,5.0650536097148278e+00,3.7296231931666135e+00,3.7296231931666135e+00,5.9721841180403681e+00,3.7296231931666135e+00,5.9721841180403681e+00,1.4546834151720347e+00,2.3217743502059895e+00,5.0650536097148278e+00,3.7296231931666135e+00,3.3494117033195101e+00,0.0000000000000000e+00,5.9721841180403681e+00,5.9721841180403681e+00,5.9721841180403681e+00,5.9721841180403681e+00,5.9721841180403681e+00,2.3217743502059895e+00,5.0650536097148278e+00,5.9721841180403681e+00,5.0650536097148278e+00,5.9721841180403681e+00,3.7296231931666135e+00,3.3494117033195101e+00,2.3217743502059895e+00,5.9721841180403681e+00,0.0000000000000000e+00,3.3494117033195101e+00,5.9721841180403681e+00,2.3217743502059895e+00,9.0940421269845839e-01,3.7296231931666135e+00,1.4546834151720347e+00,5.9721841180403681e+00,0.0000000000000000e+00,5.0650536097148278e+00,2.3217743502059895e+00,5.0650536097148278e+00,5.0650536097148278e+00,3.3494117033195101e+00,5.0650536097148278e+00,3.3494117033195101e+00,0.0000000000000000e+00,2.3217743502059895e+00,0.0000000000000000e+00,1.4546834151720347e+00,3.7296231931666135e+00,5.0650536097148278e+00,5.0650536097148278e+00,5.9721841180403681e+00,5.9721841180403681e+00,0.0000000000000000e+00,1.4546834151720347e+00,3.3494117033195101e+00,5.9721841180403681e+00,3.3494117033195101e+00,3.3494117033195101e+00,5.0650536097148278e+00,3.3494117033195101e+00,5.0650536097148278e+00,5.9721841180403681e+00,0.0000000000000000e+00,5.9721841180403681e+00,5.9721841180403681e+00,5.9721841180403681e+00,5.9721841180403681e+00,5.9721841180403681e+00,1.4546834151720347e+00,0.0000000000000000e+00,3.3494117033195101e+00,9.0940421269845839e-01,3.3494117033195101e+00,3.3494117033195101e+00,5.9721841180403681e+00,5.9721841180403681e+00,1.4546834151720347e+00,5.9721841180403681e+00,3.7296231931666135e+00,9.0940421269845839e-01,3.7296231931666135e+00,5.9721841180403681e+00,2.3217743502059895e+00,5.9721841180403681e+00,5.9721841180403681e+00,3.7296231931666135e+00,0.0000000000000000e+00,5.9721841180403681e+00,0.0000000000000000e+00,3.7296231931666135e+00,5.0650536097148278e+00,5.0650536097148278e+00,9.0940421269845839e-01,5.9721841180403681e+00,3.3494117033195101e+00,5.9721841180403681e+00,5.9721841180403681e+00,5.9721841180403681e+00,3.3494117033195101e+00,9.0940421269845839e-01,9.0940421269845839e-01,5.0650536097148278e+00,3.3494117033195101e+00,3.7296231931666135e+00,5.9721841180403681e+00,5.9721841180403681e+00,3.3494117033195101e+00,3.3494117033195101e+00,3.3494117033195101e+00,5.9721841180403681e+00,5.9721841180403681e+00,5.9721841180403681e+00,3.3494117033195101e+00,1.4546834151720347e+00,2.3217743502059895e+00,2.3217743502059895e+00,0.0000000000000000e+00,3.7296231931666135e+00,3.3494117033195101e+00,5.0650536097148278e+00,5.0650536097148278e+00,5.0650536097148278e+00,5.0650536097148278e+00,3.7296231931666135e+00,1.4546834151720347e+00,5.9721841180403681e+00,5.9721841180403681e+00,1.4546834151720347e+00,5.0650536097148278e+00,5.0650536097148278e+00,5.0650536097148278e+00,5.0650536097148278e+00,5.0650536097148278e+00,5.0650536097148278e+00,3.7296231931666135e+00,5.9721841180403681e+00,3.7296231931666135e+00,1.4546834151720347e+00,1.4546834151720347e+00,3.7296231931666135e+00,5.0650536097148278e+00,5.0650536097148278e+00,3.7296231931666135e+00,3.3494117033195101e+00,5.0650536097148278e+00,5.9721841180403681e+00,1.4546834151720347e+00,0.0000000000000000e+00,3.7296231931666135e+00,5.0650536097148278e+00,5.0650536097148278e+00,5.9721841180403681e+00,0.0000000000000000e+00,5.9721841180403681e+00,3.3494117033195101e+00,9.0940421269845839e-01,1.4546834151720347e+00,2.3217743502059895e+00,2.3217743502059895e+00,1.4546834151720347e+00,5.0650536097148278e+00,3.7296231931666135e+00,2.3217743502059895e+00,5.9721841180403681e+00,5.9721841180403681e+00,3.7296231931666135e+00,5.9721841180403681e+00,3.7296231931666135e+00,3.3494117033195101e+00,1.4546834151720347e+00,5.9721841180403681e+00,5.0650536097148278e+00,3.7296231931666135e+00,5.0650536097148278e+00,5.9721841180403681e+00,5.9721841180403681e+00,3.3494117033195101e+00,2.3217743502059895e+00,0.0000000000000000e+00,2.3217743502059895e+00,3.7296231931666135e+00,3.3494117033195101e+00,3.3494117033195101e+00,5.9721841180403681e+00,5.0650536097148278e+00,2.3217743502059895e+00,1.4546834151720347e+00,5.9721841180403681e+00,3.7296231931666135e+00,2.3217743502059895e+00,5.9721841180403681e+00,5.9721841180403681e+00,2.3217743502059895e+00,3.3494117033195101e+00,5.0650536097148278e+00,3.7296231931666135e+00,5.9721841180403681e+00,3.3494117033195101e+00,5.9721841180403681e+00,5.9721841180403681e+00,0.0000000000000000e+00,5.0650536097148278e+00,3.7296231931666135e+00,9.0940421269845839e-01,5.0650536097148278e+00,5.9721841180403681e+00,5.9721841180403681e+00,3.7296231931666135e+00,3.7296231931666135e+00,5.0650536097148278e+00,2.3217743502059895e+00,5.0650536097148278e+00,5.0650536097148278e+00,3.7296231931666135e+00,5.0650536097148278e+00,5.0650536097148278e+00,2.3217743502059895e+00,5.9721841180403681e+00,9.0940421269845839e-01,5.9721841180403681e+00,0.0000000000000000e+00,3.3494117033195101e+00,5.0650536097148278e+00,5.9721841180403681e+00,5.0650536097148278e+00,5.0650536097148278e+00,2.3217743502059895e+00,5.9721841180403681e+00,5.0650536097148278e+00,1.4546834151720347e+00,5.9721841180403681e+00,1.4546834151720347e+00,2.3217743502059895e+00,9.0940421269845839e-01,5.9721841180403681e+00,5.9721841180403681e+00,5.0650536097148278e+00,5.9721841180403681e+00,5.9721841180403681e+00,5.0650536097148278e+00,3.7296231931666135e+00,9.0940421269845839e-01,0.0000000000000000e+00,5.9721841180403681e+00,3.3494117033195101e+00,5.0650536097148278e+00,5.0650536097148278e+00,3.7296231931666135e+00,1.4546834151720347e+00,3.7296231931666135e+00,5.9721841180403681e+00,0.0000000000000000e+00,5.9721841180403681e+00,3.7296231931666135e+00,5.0650536097148278e+00,5.0650536097148278e+00,5.9721841180403681e+00,5.9721841180403681e+00,3.3494117033195101e+00,5.9721841180403681e+00,5.0650536097148278e+00,5.0650536097148278e+00,5.0650536097148278e+00,3.3494117033195101e+00,5.9721841180403681e+00
2.6334311423944943e+00,2.6334311423944943e+00,2.6334311423944943e+00,1.8044516289679144e+00,6.0271835739672737e+00,3.9097305657387977e+00,3.9097305657387977e+00,1.8044516289679144e+00,2.6334311423944943e+00,6.0271835739672737e+00,6.0271835739672737e+00,6.0271835739672737e+00,6.0271835739672737e+00,6.0271835739672737e+00,6.0271835739672737e+00,2.6334311423944943e+00,6.0271835739672737e+00,6.0271835739672737e+00,6.0271835739672737e+00,2.6334311423944943e+00,1.8044516289679144e+00,6.0271835739672737e+00,6.0271835739672737e+00,8.4601124805543448e-01,6.0271835739672737e+00,0.0000000000000000e+00,6.0271835739672737e+00,6.0271835739672737e+00,6.0271835739672737e+00,6.0271835739672737e+00,6.0271835739672737e+00,2.6334311423944943e+00,0.0000000000000000e+00,2.6334311423944943e+00,6.0271835739672737e+00,8.4601124805543448e-01,6.0271835739672737e+00,8.4601124805543448e-01,6.0271835739672737e+00,1.8044516289679144e+00,8.4601124805543448e-01,3.9097305657387977e+00,0.0000000000000000e+00,3.9097305657387977e+00,6.0271835739672737e+00,6.0271835739672737e+00,3.9097305657387977e+00,6.0271835739672737e+00,6.0271835739672737e+00,6.0271835739672737e+00,2.6334311423944943e+00,6.0271835739672737e+00,6.0271835739672737e+00,6.0271835739672737e+00,3.6048748225826750e+00,3.9097305657387977e+00,6.0271835739672737e+00,6.0271835739672737e+00,6.0271835739672737e+00,6.0271835739672737e+00,6.0271835739672737e+00,1.8044516289679144e+00,6.0271835739672737e+00,8.4601124805543448e-01,6.0271835739672737e+00,0.0000000000000000e+00,6.0271835739672737e+00,1.8044516289679144e+00,6.0271835739672737e+00,8.4601124805543448e-01,6.0271835739672737e+00,6.0271835739672737e+00,2.6334311423944943e+00,6.0271835739672737e+00,3.9097305657387977e+00,0.0000000000000000e+00,3.9097305657387977e+00,3.9097305657387977e+00,8.4601124805543448e-01,6.0271835739672737e+00,6.0271835739672737e+00,3.9097305657387977e+00,6.0271835739672737e+00,6.0271835739672737e+00,2.6334311423944943e+00,3.9097305657387977e+00,3.9097305657387977e+00,6.0271835739672737e+00,2.6334311423944943e+00,2.6334311423944943e+00,3.9097305657387977e+00,6.0271835739672737e+00,2.6334311423944943e+00,3.6048748225826750e+00,5.2711090854969740e+00,3.9097305657387977e+00,3.9097305657387977e+00,0.0000000000000000e+00,6.0271835739672737e+00,6.0271835739672737e+00,6.0271835739672737e+00,8.4601124805543448e-01,2.6334311423944943e+00,2.6334311423944943e+00,3.6048748225826750e+00,6.0271835739672737e+00,1.8044516289679144e+00,1.8044516289679144e+00,3.6048748225826750e+00,1.8044516289679144e+00,0.0000000000000000e+00,3.6048748225826750e+00,5.2711090854969740e+00,8.4601124805543448e-01,3.6048748225826750e+00,3.6048748225826750e+00,1.8044516289679144e+00,6.0271835739672737e+00,0.0000000000000000e+00,6.0271835739672737e+00,3.6048748225826750e+00,3.6048748225826750e+00,1.8044516289679144e+00,3.6048748225826750e+00,6.0271835739672737e+00,0.0000000000000000e+00,5.2711090854969740e+00,5.2711090854969740e+00,6.0271835739672737e+00,6.0271835739672737e+00,3.9097305657387977e+00,6.0271835739672737e+00,3.9097305657387977e+00,6.0271835739672737e+00,3.9097305657387977e+00,5.2711090854969740e+00,3.6048748225826750e+00,1.8044516289679144e+00,1.8044516289679144e+00,3.9097305657387977e+00,1.8044516289679144e+00,6.0271835739672737e+00,3.9097305657387977e+00,5.2711090854969740e+00,1.8044516289679144e+00,6.0271835739672737e+00,3.6048748225826750e+00,1.8044516289679144e+00,6.0271835739672737e+00,6.0271835739672737e+00,6.0271835739672737e+00,1.8044516289679144e+00,6.0271835739672737e+00,6.0271835739672737e+00,8.4601124805543448e-01,3.6048748225826750e+00,5.2711090854969740e+00,6.0271835739672737e+00,6.0271835739672737e+00,6.0271835739672737e+00,6.0271835739672737e+00,5.2711090854969740e+00,3.6048748225826750e+00,3.6048748225826750e+00,3.6048748225826750e+00,5.2711090854969740e+00,3.6048748225826750e+00,3.9097305657387977e+00,6.0271835739672737e+00,5.2711090854969740e+00,6.0271835739672737e+00,6.0271835739672737e+00,6.0271835739672737e+00,3.9097305657387977e+00,6.0271835739672737e+00,6.0271835739672737e+00,0.0000000000000000e+00,6.0271835739672737e+00,6.0271835739672737e+00,8.4601124805543448e-01,6.0271835739672737e+00,3.6048748225826750e+00,3.9097305657387977e+00,1.8044516289679144e+00,6.0271835739672737e+00,2.6334311423944943e+00,3.9097305657387977e+00,3.6048748225826750e+00,6.0271835739672737e+00,6.0271835739672737e+00,5.2711090854969740e+00,6.0271835739672737e+00,6.0271835739672737e+00,8.4601124805543448e-01,6.0271835739672737e+00,6.0271835739672737e+00,0.0000000000000000e+00,6.0271835739672737e+00,0.0000000000000000e+00,6.0271835739672737e+00,0.0000000000000000e+00,6.0271835739672737e+00,3.6048748225826750e+00,6.0271835739672737e+00,3.6048748225826750e+00,3.9097305657387977e+00,3.9097305657387977e+00,3.9097305657387977e+00,1.8044516289679144e+00,8.4601124805543448e-01,1.8044516289679144e+00,3.6048748225826750e+00,5.2711090854969740e+00,5.2711090854969740e+00,5.2711090854969740e+00,3.9097305657387977e+00,3.9097305657387977e+00,8.4601124805543448e-01,2.6334311423944943e+00,5.2711090854969740e+00,6.0271835739672737e+00,5.2711090854969740e+00,3.6048748225826750e+00,2.6334311423944943e+00,6.0271835739672737e+00,6.0271835739672737e+00,5.2711090854969740e+00,6.0271835739672737e+00,8.4601124805543448e-01,6.0271835739672737e+00,6.0271835739672737e+00,1.8044516289679144e+00,6.0271835739672737e+00,6.0271835739672737e+00,3.9097305657387977e+00,1.8044516289679144e+00,2.6334311423944943e+00,3.6048748225826750e+00,1.8044516289679144e+00,6.0271835739672737e+00,3.6048748225826750e+00,3.6048748225826750e+00,5.2711090854969740e+00,5.2711090854969740e+00,2.6334311423944943e+00,3.9097305657387977e+00,5.2711090854969740e+00,1.8044516289679144e+00,6.0271835739672737e+00,5.2711090854969740e+00,1.8044516289679144e+00,3.9097305657387977e+00,2.6334311423944943e+00,5.2711090854969740e+00,3.6048748225826750e+00,8.4601124805543448e-01,5.2711090854969740e+00,6.0271835739672737e+00,6.0271835739672737e+00,5.2711090854969740e+00,0.0000000000000000e+00,1.8044516289679144e+00,3.6048748225826750e+00,2.6334311423944943e+00,3.6048748225826750e+00,5.2711090854969740e+00,6.0271835739672737e+00,3.9097305657387977e+00,3.9097305657387977e+00,2.6334311423944943e+00,5.2711090854969740e+00,1.8044516289679144e+00,5.2711090854969740e+00,8.4601124805543448e-01,3.9097305657387977e+00,5.2711090854969740e+00,3.9097305657387977e+00,5.2711090854969740e+00,1.8044516289679144e+00,1.8044516289679144e+00,3.6048748225826750e+00,3.9097305657387977e+00,1.8044516289679144e+00,3.6048748225826750e+00,3.9097305657387977e+00,2.6334311423944943e+00,6.0271835739672737e+00,5.2711090854969740e+00,2.6334311423944943e+00,5.2711090854969740e+00,3.9097305657387977e+00,5.2711090854969740e+00,5.2711090854969740e+00,6.0271835739672737e+00,5.2711090854969740e+00,8.4601124805543448e-01,0.0000000000000000e+00,3.9097305657387977e+00,5.2711090854969740e+00,3.9097305657387977e+00,3.6048748225826750e+00,6.0271835739672737e+00,8.4601124805543448e-01,5.2711090854969740e+00,5.2711090854969740e+00,6.0271835739672737e+00,3.6048748225826750e+00,3.9097305657387977e+00,5.2711090854969740e+00,3.9097305657387977e+00,8.4601124805543448e-01,1.8044516289679144e+00,5.2711090854969740e+00,0.0000000000000000e+00,3.9097305657387977e+00,5.2711090854969740e+00,5.2711090854969740e+00,5.2711090854969740e+00,6.0271835739672737e+00,3.9097305657387977e+00,5.2711090854969740e+00,5.2711090854969740e+00,6.0271835739672737e+00,3.9097305657387977e+00,6.0271835739672737e+00,3.9097305657387977e+00,6.0271835739672737e+00,2.6334311423944943e+00,3.9097305657387977e+00,5.2711090854969740e+00,6.0271835739672737e+00,6.0271835739672737e+00,5.2711090854969740e+00,2.6334311423944943e+00,6.0271835739672737e+00,2.6334311423944943e+00,6.0271835739672737e+00,6.0271835739672737e+00,3.9097305657387977e+00,3.9097305657387977e+00,3.9097305657387977e+00,3.9097305657387977e+00,6.0271835739672737e+00,8.4601124805543448e-01,6.0271835739672737e+00,6.0271835739672737e+00,6.0271835739672737e+00,5.2711090854969740e+00,5.2711090854969740e+00,6.0271835739672737e+00,6.0271835739672737e+00,6.0271835739672737e+00,8.4601124805543448e-01,6.0271835739672737e+00,6.0271835739672737e+00,6.0271835739672737e+00,3.6048748225826750e+00,5.2711090854969740e+00,1.8044516289679144e+00,8.4601124805543448e-01,3.9097305657387977e+00,3.6048748225826750e+00,5.2711090854969740e+00,1.8044516289679144e+00,6.0271835739672737e+00,5.2711090854969740e+00,6.0271835739672737e+00,6.0271835739672737e+00,0.0000000000000000e+00,6.0271835739672737e+00,6.0271835739672737e+00,8.4601124805543448e-01,2.6334311423944943e+00,1.8044516289679144e+00,6.0271835739672737e+00,1.8044516289679144e+00,6.0271835739672737e+00,6.0271835739672737e+00,1.8044516289679144e+00,6.0271835739672737e+00,1.8044516289679144e+00,6.0271835739672737e+00,5.2711090854969740e+00,3.9097305657387977e+00,5.2711090854969740e+00,6.0271835739672737e+00,0.0000000000000000e+00,5.2711090854969740e+00,5.2711090854969740e+00,1.8044516289679144e+00,0.0000000000000000e+00,8.4601124805543448e-01,2.6334311423944943e+00,1.8044516289679144e+00,6.0271835739672737e+00,5.2711090854969740e+00,6.0271835739672737e+00,6.0271835739672737e+00,2.6334311423944943e+00,6.0271835739672737e+00,0.0000000000000000e+00,3.9097305657387977e+00,8.4601124805543448e-01,5.2711090854969740e+00,5.2711090854969740e+00,1.8044516289679144e+00,6.0271835739672737e+00,0.0000000000000000e+00,5.2711090854969740e+00,3.9097305657387977e+00,8.4601124805543448e-01,0.0000000000000000e+00,8.4601124805543448e-01,0.0000000000000000e+00,6.0271835739672737e+00,0.0000000000000000e+00,1.8044516289679144e+00,3.6048748225826750e+00,6.0271835739672737e+00,3.6048748225826750e+00,3.9097305657387977e+00,6.0271835739672737e+00,6.0271835739672737e+00,0.0000000000000000e+00,8.4601124805543448e-01,0.0000000000000000e+00,6.0271835739672737e+00,5.2711090854969740e+00,6.0271835739672737e+00,6.0271835739672737e+00,8.4601124805543448e-01,3.9097305657387977e+00,1.8044516289679144e+00,5.2711090854969740e+00,1.8044516289679144e+00,6.0271835739672737e+00,6.0271835739672737e+00,1.8044516289679144e+00,6.0271835739672737e+00,6.0271835739672737e+00,5.2711090854969740e+00,5.2711090854969740e+00,6.0271835739672737e+00,8.4601124805543448e-01,6.0271835739672737e+00,3.6048748225826750e+00,5.2711090854969740e+00,2.6334311423944943e+00,1.8044516289679144e+00,1.8044516289679144e+00,3.9097305657387977e+00,8.4601124805543448e-01,6.0271835739672737e+00,6.0271835739672737e+00,1.8044516289679144e+00,6.0271835739672737e+00,6.0271835739672737e+00,6.0271835739672737e+00,1.8044516289679144e+00,5.2711090854969740e+00,3.6048748225826750e+00,5.2711090854969740e+00,5.2711090854969740e+00,5.2711090854969740e+00,5.2711090854969740e+00,3.9097305657387977e+00,5.2711090854969740e+00,8.4601124805543448e-01,5.2711090854969740e+00,6.0271835739672737e+00,6.0271835739672737e+00,8.4601124805543448e-01,6.0271835739672737e+00,5.2711090854969740e+00,0.0000000000000000e+00,6.0271835739672737e+00,6.0271835739672737e+00,6.0271835739672737e+00,6.0271835739672737e+00,3.6048748225826750e+00,2.6334311423944943e+00,6.0271835739672737e+00,5.2711090854969740e+00,2.6334311423944943e+00,6.0271835739672737e+00,1.8044516289679144e+00,1.8044516289679144e+00,5.2711090854969740e+00,6.0271835739672737e+00,6.0271835739672737e+00,8.4601124805543448e-01,2.6334311423944943e+00,6.0271835739672737e+00,6.0271835739672737e+00,6.0271835739672737e+00,6.0271835739672737e+00,3.9097305657387977e+00,0.0000000000000000e+00,6.0271835739672737e+00,3.6048748225826750e+00,6.0271835739672737e+00,1.8044516289679144e+00,6.0271835739672737e+00,2.6334311423944943e+00,6.0271835739672737e+00,6.0271835739672737e+00,6.0271835739672737e+00,3.9097305657387977e+00,5.2711090854969740e+00,2.6334311423944943e+00,2.6334311423944943e+00,0.0000000000000000e+00,6.0271835739672737e+00,5.2711090854969740e+00,5.2711090854969740e+00,2.6334311423944943e+00,2.6334311423944943e+00,5.2711090854969740e+00,3.6048748225826750e+00,6.0271835739672737e+00,3.9097305657387977e+00,3.9097305657387977e+00,3.9097305657387977e+00,3.9097305657387977e+00,6.0271835739672737e+00,6.0271835739672737e+00,3.6048748225826750e+00,6.0271835739672737e+00,0.0000000000000000e+00,3.9097305657387977e+00,8.4601124805543448e-01,3.6048748225826750e+00,8.4601124805543448e-01,6.0271835739672737e+00,5.2711090854969740e+00,3.6048748225826750e+00,1.8044516289679144e+00,5.2711090854969740e+00,6.0271835739672737e+00,3.9097305657387977e+00,3.6048748225826750e+00,6.0271835739672737e+00,8.4601124805543448e-01,6.0271835739672737e+00,6.0271835739672737e+00,1.8044516289679144e+00,6.0271835739672737e+00,6.0271835739672737e+00,6.0271835739672737e+00,3.6048748225826750e+00,6.0271835739672737e+00,6.0271835739672737e+00,6.0271835739672737e+00,6.0271835739672737e+00,0.0000000000000000e+00,6.0271835739672737e+00,8.4601124805543448e-01,3.9097305657387977e+00,6.0271835739672737e+00,6.0271835739672737e+00,3.9097305657387977e+00,6.0271835739672737e+00,2.6334311423944943e+00,6.0271835739672737e+00,6.0271835739672737e+00,8.4601124805543448e-01,2.6334311423944943e+00,3.9097305657387977e+00,6.0271835739672737e+00,6.0271835739672737e+00,6.0271835739672737e+00,2.6334311423944943e+00,2.6334311423944943e+00,5.2711090854969740e+00,8.4601124805543448e-01,3.6048748225826750e+00,3.6048748225826750e+00,6.0271835739672737e+00,3.9097305657387977e+00,2.6334311423944943e+00,3.9097305657387977e+00,2.6334311423944943e+00,2.6334311423944943e+00,2.6334311423944943e+00,6.0271835739672737e+00,5.2711090854969740e+00,5.2711090854969740e+00,5.2711090854969740e+00,5.2711090854969740e+00,3.6048748225826750e+00,6.0271835739672737e+00,6.0271835739672737e+00,8.4601124805543448e-01,6.0271835739672737e+00,0.0000000000000000e+00,3.6048748225826750e+00,1.8044516289679144e+00,6.0271835739672737e+00,5.2711090854969740e+00,2.6334311423944943e+00,6.0271835739672737e+00,6.0271835739672737e+00,6.0271835739672737e+00,6.0271835739672737e+00,3.9097305657387977e+00,6.0271835739672737e+00,3.6048748225826750e+00,6.0271835739672737e+00,5.2711090854969740e+00,6.0271835739672737e+00,1.8044516289679144e+00,2.6334311423944943e+00,2.6334311423944943e+00,3.6048748225826750e+00,6.0271835739672737e+00,0.0000000000000000e+00,6.0271835739672737e+00,6.0271835739672737e+00,1.8044516289679144e+00,2.6334311423944943e+00,6.0271835739672737e+00,3.6048748225826750e+00,1.8044516289679144e+00,2.6334311423944943e+00,1.8044516289679144e+00,6.0271835739672737e+00,6.0271835739672737e+00,5.2711090854969740e+00,6.0271835739672737e+00,8.4601124805543448e-01,6.0271835739672737e+00,3.6048748225826750e+00,6.0271835739672737e+00,0.0000000000000000e+00,2.6334311423944943e+00,2.6334311423944943e+00,3.6048748225826750e+00,1.8044516289679144e+00,3.6048748225826750e+00,3.6048748225826750e+00,8.4601124805543448e-01,6.0271835739672737e+00,6.0271835739672737e+00,8.4601124805543448e-01,5.2711090854969740e+00,1.8044516289679144e+00,6.0271835739672737e+00,2.6334311423944943e+00,6.0271835739672737e+00,6.0271835739672737e+00,5.2711090854969740e+00,3.9097305657387977e+00,6.0271835739672737e+00,5.2711090854969740e+00,6.0271835739672737e+00,5.2711090854969740e+00,6.0271835739672737e+00,6.0271835739672737e+00,5.2711090854969740e+00,6.0271835739672737e+00,5.2711090854969740e+00,5.2711090854969740e+00,5.2711090854969740e+00,6.0271835739672737e+00,3.9097305657387977e+00,8.4601124805543448e-01,1.8044516289679144e+00,5.2711090854969740e+00,0.0000000000000000e+00,1.8044516289679144e+00,3.9097305657387977e+00,6.0271835739672737e+00,2.6334311423944943e+00,2.6334311423944943e+00,5.2711090854969740e+00,2.6334311423944943e+00,3.9097305657387977e+00,3.9097305657387977e+00,8.4601124805543448e-01,0.0000000000000000e+00,8.4601124805543448e-01,6.0271835739672737e+00,6.0271835739672737e+00,6.0271835739672737e+00,6.0271835739672737e+00,5.2711090854969740e+00,5.2711090854969740e+00,5.2711090854969740e+00,5.2711090854969740e+00,0.0000000000000000e+00,3.6048748225826750e+00,6.0271835739672737e+00,0.0000000000000000e+00,2.6334311423944943e+00,5.2711090854969740e+00,6.0271835739672737e+00,6.0271835739672737e+00,3.9097305657387977e+00,3.9097305657387977e+00,6.0271835739672737e+00,6.0271835739672737e+00,3.9097305657387977e+00,1.8044516289679144e+00,8.4601124805543448e-01,8.4601124805543448e-01,6.0271835739672737e+00,6.0271835739672737e+00,0.0000000000000000e+00,5.2711090854969740e+00,6.0271835739672737e+00,5.2711090854969740e+00,3.9097305657387977e+00,2.6334311423944943e+00,5.2711090854969740e+00,6.0271835739672737e+00,2.6334311423944943e+00,0.0000000000000000e+00,1.8044516289679144e+00,1.8044516289679144e+00,1.8044516289679144e+00,6.0271835739672737e+00,6.0271835739672737e+00,3.9097305657387977e+00,6.0271835739672737e+00,0.0000000000000000e+00,3.9097305657387977e+00,6.0271835739672737e+00,6.0271835739672737e+00,5.2711090854969740e+00,3.6048748225826750e+00,5.2711090854969740e+00,6.0271835739672737e+00,3.9097305657387977e+00,5.2711090854969740e+00,2.6334311423944943e+00,5.2711090854969740e+00,2.6334311423944943e+00,2.6334311423944943e+00,3.9097305657387977e+00,6.0271835739672737e+00,2.6334311423944943e+00,5.2711090854969740e+00,2.6334311423944943e+00,0.0000000000000000e+00,6.0271835739672737e+00,6.0271835739672737e+00,6.0271835739672737e+00,3.9097305657387977e+00,6.0271835739672737e+00,3.9097305657387977e+00,3.9097305657387977e+00,6.0271835739672737e+00,1.8044516289679144e+00,6.0271835739672737e+00,3.9097305657387977e+00,5.2711090854969740e+00,3.6048748225826750e+00,3.9097305657387977e+00,3.6048748225826750e+00,3.6048748225826750e+00,2.6334311423944943e+00,1.8044516289679144e+00,6.0271835739672737e+00,3.9097305657387977e+00,3.6048748225826750e+00,6.0271835739672737e+00,6.0271835739672737e+00,3.6048748225826750e+00,6.0271835739672737e+00,8.4601124805543448e-01,3.9097305657387977e+00,6.0271835739672737e+00,1.8044516289679144e+00,6.0271835739672737e+00,6.0271835739672737e+00,5.2711090854969740e+00,3.9097305657387977e+00,5.2711090854969740e+00,5.2711090854969740e+00,3.6048748225826750e+00,1.8044516289679144e+00,6.0271835739672737e+00,6.0271835739672737e+00,0.0000000000000000e+00,1.8044516289679144e+00,2.6334311423944943e+00,1.8044516289679144e+00,3.6048748225826750e+00,3.9097305657387977e+00,2.6334311423944943e+00,6.0271835739672737e+00,5.2711090854969740e+00,6.0271835739672737e+00,5.2711090854969740e+00,3.6048748225826750e+00,0.0000000000000000e+00,1.8044516289679144e+00,5.2711090854969740e+00,6.0271835739672737e+00,6.0271835739672737e+00,6.0271835739672737e+00,8.4601124805543448e-01,6.0271835739672737e+00,3.6048748225826750e+00,5.2711090854969740e+00,6.0271835739672737e+00,2.6334311423944943e+00,6.0271835739672737e+00,3.9097305657387977e+00,3.9097305657387977e+00,8.4601124805543448e-01,6.0271835739672737e+00,3.9097305657387977e+00,3.9097305657387977e+00,2.6334311423944943e+00,1.8044516289679144e+00,3.9097305657387977e+00,3.9097305657387977e+00,1.8044516289679144e+00,6.0271835739672737e+00,1.8044516289679144e+00,6.0271835739672737e+00,5.2711090854969740e+00,0.0000000000000000e+00,6.0271835739672737e+00,6.0271835739672737e+00,5.2711090854969740e+00,1.8044516289679144e+00,6.0271835739672737e+00,6.0271835739672737e+00,1.8044516289679144e+00,6.0271835739672737e+00,3.9097305657387977e+00,6.0271835739672737e+00,2.6334311423944943e+00,6.0271835739672737e+00,1.8044516289679144e+00,1.8044516289679144e+00,6.0271835739672737e+00,1.8044516289679144e+00,3.9097305657387977e+00,3.6048748225826750e+00,3.9097305657387977e+00,3.6048748225826750e+00,5.2711090854969740e+00,5.2711090854969740e+00,6.0271835739672737e+00,3.6048748225826750e+00,6.0271835739672737e+00,6.0271835739672737e+00,5.2711090854969740e+00,5.2711090854969740e+00,0.0000000000000000e+00,3.9097305657387977e+00,5.2711090854969740e+00,1.8044516289679144e+00,5.2711090854969740e+00,3.9097305657387977e+00,6.0271835739672737e+00,5.2711090854969740e+00,3.9097305657387977e+00,8.4601124805543448e-01,3.6048748225826750e+00,6.0271835739672737e+00,6.0271835739672737e+00,6.0271835739672737e+00,5.2711090854969740e+00,8.4601124805543448e-01,1.8044516289679144e+00,6.0271835739672737e+00,8.4601124805543448e-01,3.9097305657387977e+00,1.8044516289679144e+00,5.2711090854969740e+00,6.0271835739672737e+00,5.2711090854969740e+00,5.2711090854969740e+00,5.2711090854969740e+00,5.2711090854969740e+00,2.6334311423944943e+00,5.2711090854969740e+00,6.0271835739672737e+00,5.2711090854969740e+00,6.0271835739672737e+00,1.8044516289679144e+00,0.0000000000000000e+00,5.2711090854969740e+00,5.2711090854969740e+00,5.2711090854969740e+00,5.2711090854969740e+00,5.2711090854969740e+00,5.2711090854969740e+00,5.2711090854969740e+00,2.6334311423944943e+00,5.2711090854969740e+00,3.9097305657387977e+00,6.0271835739672737e+00,6.0271835739672737e+00,2.6334311423944943e+00,6.0271835739672737e+00,3.9097305657387977e+00,8.4601124805543448e-01,8.4601124805543448e-01,5.2711090854969740e+00,6.0271835739672737e+00,6.0271835739672737e+00,3.6048748225826750e+00,6.0271835739672737e+00,3.6048748225826750e+00,5.2711090854969740e+00,5.2711090854969740e+00,6.0271835739672737e+00,5.2711090854969740e+00,5.2711090854969740e+00,5.2711090854969740e+00,5.2711090854969740e+00,3.6048748225826750e+00,6.0271835739672737e+00,6.0271835739672737e+00,2.6334311423944943e+00,3.9097305657387977e+00,0.0000000000000000e+00,0.0000000000000000e+00,3.6048748225826750e+00,5.2711090854969740e+00,8.4601124805543448e-01,8.4601124805543448e-01,3.6048748225826750e+00,8.4601124805543448e-01,3.6048748225826750e+00,0.0000000000000000e+00,8.4601124805543448e-01,3.9097305657387977e+00,6.0271835739672737e+00,0.0000000000000000e+00,1.8044516289679144e+00,6.0271835739672737e+00,5.2711090854969740e+00,5.2711090854969740e+00,6.0271835739672737e+00,5.2711090854969740e+00,6.0271835739672737e+00,0.0000000000000000e+00,2.6334311423944943e+00,3.6048748225826750e+00,1.8044516289679144e+00,3.9097305657387977e+00,5.2711090854969740e+00,5.2711090854969740e+00,0.0000000000000000e+00,6.0271835739672737e+00,6.0271835739672737e+00,3.9097305657387977e+00,3.9097305657387977e+00,3.9097305657387977e+00,2.6334311423944943e+00,3.9097305657387977e+00,3.9097305657387977e+00,3.9097305657387977e+00,5.2711090854969740e+00,5.2711090854969740e+00,3.6048748225826750e+00,5.2711090854969740e+00,6.0271835739672737e+00,3.6048748225826750e+00,6.0271835739672737e+00,5.2711090854969740e+00,3.9097305657387977e+00,5.2711090854969740e+00,2.6334311423944943e+00,6.0271835739672737e+00,0.0000000000000000e+00,6.0271835739672737e+00,6.0271835739672737e+00,8.4601124805543448e-01,3.6048748225826750e+00,2.6334311423944943e+00,3.9097305657387977e+00,3.6048748225826750e+00,3.6048748225826750e+00,6.0271835739672737e+00,6.0271835739672737e+00,5.2711090854969740e+00,6.0271835739672737e+00,5.2711090854969740e+00,2.6334311423944943e+00,6.0271835739672737e+00,3.9097305657387977e+00,6.0271835739672737e+00,6.0271835739672737e+00,0.0000000000000000e+00,6.0271835739672737e+00,6.0271835739672737e+00,0.0000000000000000e+00,6.0271835739672737e+00,6.0271835739672737e+00,6.0271835739672737e+00,3.6048748225826750e+00,3.6048748225826750e+00,3.6048748225826750e+00
5.6712273300656717e+00,1.6665154475910025e+00,0.0000000000000000e+00,1.6665154475910025e+00,1.6665154475910025e+00,2.5339415130942977e+00,4.0109697844478918e+00,4.0109697844478918e+00,4.0109697844478918e+00,4.0109697844478918e+00,4.0109697844478918e+00,4.0109697844478918e+00,1.6665154475910025e+00,4.0109697844478918e+00,2.5339415130942977e+00,2.5339415130942977e+00,8.4320286125262267e-01,5.6712273300656717e+00,2.5339415130942977e+00,3.2313168640424776e+00,4.0109697844478918e+00,4.0109697844478918e+00,1.6665154475910025e+00,5.6712273300656717e+00,5.6712273300656717e+00,3.2313168640424776e+00,2.5339415130942977e+00,5.6712273300656717e+00,2.5339415130942977e+00,5.6712273300656717e+00,5.6712273300656717e+00,5.6712273300656717e+00,2.5339415130942977e+00,5.6712273300656717e+00,5.6712273300656717e+00,8.4320286125262267e-01,8.4320286125262267e-01,5.2036732682349260e+00,5.2036732682349260e+00,5.2036732682349260e+00,8.4320286125262267e-01,5.2036732682349260e+00,5.2036732682349260e+00,5.2036732682349260e+00,5.2036732682349260e+00,2.5339415130942977e+00,5.2036732682349260e+00,5.2036732682349260e+00,5.2036732682349260e+00,5.2036732682349260e+00,5.2036732682349260e+00,5.6712273300656717e+00,5.2036732682349260e+00,1.6665154475910025e+00,1.6665154475910025e+00,5.2036732682349260e+00,5.2036732682349260e+00,1.6665154475910025e+00,2.5339415130942977e+00,2.5339415130942977e+00,2.5339415130942977e+00,2.5339415130942977e+00,2.5339415130942977e+00,8.4320286125262267e-01,4.0109697844478918e+00,5.6712273300656717e+00,5.6712273300656717e+00,5.6712273300656717e+00,5.6712273300656717e+00,5.2036732682349260e+00,8.4320286125262267e-01,5.6712273300656717e+00,8.4320286125262267e-01,8.4320286125262267e-01,5.6712273300656717e+00,8.4320286125262267e-01,5.6712273300656717e+00,4.0109697844478918e+00,4.0109697844478918e+00,5.6712273300656717e+00,5.6712273300656717e+00,5.2036732682349260e+00,5.2036732682349260e+00,5.2036732682349260e+00,5.6712273300656717e+00,5.6712273300656717e+00,5.6712273300656717e+00,8.4320286125262267e-01,5.2036732682349260e+00,5.2036732682349260e+00,0.0000000000000000e+00,5.2036732682349260e+00,2.5339415130942977e+00,2.5339415130942977e+00,5.6712273300656717e+00,5.6712273300656717e+00,5.6712273300656717e+00,5.2036732682349260e+00,5.6712273300656717e+00,5.2036732682349260e+00,5.2036732682349260e+00,5.6712273300656717e+00,4.0109697844478918e+00,0.0000000000000000e+00,5.6712273300656717e+00,1.6665154475910025e+00,1.6665154475910025e+00,5.2036732682349260e+00,0.0000000000000000e+00,5.6712273300656717e+00,5.6712273300656717e+00,5.6712273300656717e+00,5.6712273300656717e+00,5.6712273300656717e+00,5.2036732682349260e+00,2.5339415130942977e+00,5.6712273300656717e+00,4.0109697844478918e+00,1.6665154475910025e+00,0.0000000000000000e+00,3.2313168640424776e+00,1.6665154475910025e+00,3.2313168640424776e+00,1.6665154475910025e+00,5.6712273300656717e+00,5.6712273300656717e+00,4.0109697844478918e+00,8.4320286125262267e-01,5.2036732682349260e+00,5.6712273300656717e+00,0.0000000000000000e+00,8.4320286125262267e-01,4.0109697844478918e+00,5.6712273300656717e+00,5.6712273300656717e+00,2.5339415130942977e+00,2.5339415130942977e+00,2.5339415130942977e+00,8.4320286125262267e-01,5.2036732682349260e+00,5.2036732682349260e+00,5.2036732682349260e+00,4.0109697844478918e+00,0.0000000000000000e+00,4.0109697844478918e+00,8.4320286125262267e-01,5.6712273300656717e+00,2.5339415130942977e+00,2.5339415130942977e+00,0.0000000000000000e+00,4.0109697844478918e+00,4.0109697844478918e+00,5.2036732682349260e+00,4.0109697844478918e+00,2.5339415130942977e+00,4.0109697844478918e+00,4.0109697844478918e+00,5.6712273300656717e+00,5.6712273300656717e+00,5.6712273300656717e+00,4.0109697844478918e+00,5.2036732682349260e+00,0.0000000000000000e+00,2.5339415130942977e+00,4.0109697844478918e+00,4.0109697844478918e+00,4.0109697844478918e+00,4.0109697844478918e+00,8.4320286125262267e-01,3.2313168640424776e+00,5.2036732682349260e+00,5.6712273300656717e+00,5.6712273300656717e+00,5.6712273300656717e+00,5.2036732682349260e+00,8.4320286125262267e-01,0.0000000000000000e+00,5.6712273300656717e+00,5.2036732682349260e+00,2.5339415130942977e+00,1.6665154475910025e+00,2.5339415130942977e+00,5.2036732682349260e+00,1.6665154475910025e+00,1.6665154475910025e+00,5.6712273300656717e+00,3.2313168640424776e+00,5.6712273300656717e+00,5.6712273300656717e+00,4.0109697844478918e+00,3.2313168640424776e+00,1.6665154475910025e+00,3.2313168640424776e+00,5.2036732682349260e+00,5.6712273300656717e+00,2.5339415130942977e+00,3.2313168640424776e+00,5.2036732682349260e+00,8.4320286125262267e-01,1.6665154475910025e+00,1.6665154475910025e+00,5.6712273300656717e+00,8.4320286125262267e-01,5.6712273300656717e+00,1.6665154475910025e+00,5.6712273300656717e+00,5.6712273300656717e+00,5.6712273300656717e+00,2.5339415130942977e+00,8.4320286125262267e-01,5.2036732682349260e+00,0.0000000000000000e+00,2.5339415130942977e+00,0.0000000000000000e+00,8.4320286125262267e-01,0.0000000000000000e+00,5.6712273300656717e+00,5.6712273300656717e+00,4.0109697844478918e+00,4.0109697844478918e+00,5.6712273300656717e+00,4.0109697844478918e+00,8.4320286125262267e-01,4.0109697844478918e+00,4.0109697844478918e+00,8.4320286125262267e-01,4.0109697844478918e+00,0.0000000000000000e+00,4.0109697844478918e+00,4.0109697844478918e+00,0.0000000000000000e+00,8.4320286125262267e-01,3.2313168640424776e+00,1.6665154475910025e+00,4.0109697844478918e+00,0.0000000000000000e+00,3.2313168640424776e+00,4.0109697844478918e+00,1.6665154475910025e+00,5.6712273300656717e+00,1.6665154475910025e+00,5.6712273300656717e+00,3.2313168640424776e+00,5.6712273300656717e+00,4.0109697844478918e+00,5.6712273300656717e+00,5.6712273300656717e+00,5.6712273300656717e+00,3.2313168640424776e+00,4.0109697844478918e+00,3.2313168640424776e+00,1.6665154475910025e+00,0.0000000000000000e+00,2.5339415130942977e+00,4.0109697844478918e+00,2.5339415130942977e+00,5.2036732682349260e+00,5.2036732682349260e+00,5.2036732682349260e+00,2.5339415130942977e+00,5.2036732682349260e+00,5.2036732682349260e+00,2.5339415130942977e+00,0.0000000000000000e+00,2.5339415130942977e+00,4.0109697844478918e+00,5.6712273300656717e+00,5.6712273300656717e+00,3.2313168640424776e+00,3.2313168640424776e+00,5.2036732682349260e+00,4.0109697844478918e+00,5.6712273300656717e+00,1.6665154475910025e+00,5.2036732682349260e+00,5.2036732682349260e+00,5.2036732682349260e+00,3.2313168640424776e+00,5.6712273300656717e+00,1.6665154475910025e+00,1.6665154475910025e+00,5.2036732682349260e+00,3.2313168640424776e+00,5.6712273300656717e+00,5.2036732682349260e+00,5.2036732682349260e+00,5.2036732682349260e+00,5.2036732682349260e+00,5.2036732682349260e+00,4.0109697844478918e+00,5.2036732682349260e+00,5.2036732682349260e+00,5.2036732682349260e+00,1.6665154475910025e+00,5.2036732682349260e+00,5.2036732682349260e+00,5.2036732682349260e+00,3.2313168640424776e+00,5.2036732682349260e+00,5.2036732682349260e+00,5.2036732682349260e+00,3.2313168640424776e+00,1.6665154475910025e+00,5.2036732682349260e+00,5.2036732682349260e+00,3.2313168640424776e+00,4.0109697844478918e+00,5.2036732682349260e+00,0.0000000000000000e+00,5.2036732682349260e+00,5.2036732682349260e+00,5.2036732682349260e+00,5.2036732682349260e+00,5.2036732682349260e+00,3.2313168640424776e+00,0.0000000000000000e+00,3.2313168640424776e+00,3.2313168640424776e+00,2.5339415130942977e+00,5.2036732682349260e+00,5.2036732682349260e+00,4.0109697844478918e+00,5.2036732682349260e+00,5.6712273300656717e+00,5.2036732682349260e+00,5.2036732682349260e+00,2.5339415130942977e+00,5.6712273300656717e+00,5.2036732682349260e+00,1.6665154475910025e+00,8.4320286125262267e-01,5.2036732682349260e+00,8.4320286125262267e-01,1.6665154475910025e+00,5.2036732682349260e+00,2.5339415130942977e+00,4.0109697844478918e+00,0.0000000000000000e+00,5.6712273300656717e+00,3.2313168640424776e+00,1.6665154475910025e+00,5.2036732682349260e+00,5.6712273300656717e+00,2.5339415130942977e+00,5.2036732682349260e+00,8.4320286125262267e-01,5.2036732682349260e+00,5.2036732682349260e+00,5.2036732682349260e+00,5.2036732682349260e+00,1.6665154475910025e+00,3.2313168640424776e+00,5.2036732682349260e+00,3.2313168640424776e+00,0.0000000000000000e+00,5.2036732682349260e+00,2.5339415130942977e+00,1.6665154475910025e+00,0.0000000000000000e+00,2.5339415130942977e+00,5.2036732682349260e+00,1.6665154475910025e+00,2.5339415130942977e+00,5.6712273300656717e+00,2.5339415130942977e+00,3.2313168640424776e+00,2.5339415130942977e+00,5.6712273300656717e+00,5.2036732682349260e+00,8.4320286125262267e-01,4.0109697844478918e+00,5.2036732682349260e+00,5.2036732682349260e+00,4.0109697844478918e+00,5.6712273300656717e+00,5.6712273300656717e+00,1.6665154475910025e+00,5.2036732682349260e+00,5.2036732682349260e+00,5.2036732682349260e+00,8.4320286125262267e-01,5.6712273300656717e+00,5.6712273300656717e+00,5.2036732682349260e+00,5.6712273300656717e+00,1.6665154475910025e+00,2.5339415130942977e+00,1.6665154475910025e+00,5.2036732682349260e+00,1.6665154475910025e+00,5.2036732682349260e+00,5.2036732682349260e+00,1.6665154475910025e+00,5.2036732682349260e+00,1.6665154475910025e+00,1.6665154475910025e+00,5.2036732682349260e+00,0.0000000000000000e+00,5.2036732682349260e+00,1.6665154475910025e+00,5.6712273300656717e+00,5.6712273300656717e+00,5.6712273300656717e+00,5.2036732682349260e+00,5.2036732682349260e+00,1.6665154475910025e+00,5.2036732682349260e+00,5.2036732682349260e+00,5.2036732682349260e+00,5.2036732682349260e+00,4.0109697844478918e+00,5.6712273300656717e+00,2.5339415130942977e+00,4.0109697844478918e+00,4.0109697844478918e+00,4.0109697844478918e+00,0.0000000000000000e+00,8.4320286125262267e-01,5.2036732682349260e+00,8.4320286125262267e-01,5.2036732682349260e+00,0.0000000000000000e+00,5.6712273300656717e+00,3.2313168640424776e+00,3.2313168640424776e+00,4.0109697844478918e+00,5.2036732682349260e+00,2.5339415130942977e+00,0.0000000000000000e+00,5.2036732682349260e+00,5.2036732682349260e+00,3.2313168640424776e+00,3.2313168640424776e+00,3.2313168640424776e+00,4.0109697844478918e+00,5.2036732682349260e+00,1.6665154475910025e+00,3.2313168640424776e+00,3.2313168640424776e+00,5.2036732682349260e+00,1.6665154475910025e+00,5.2036732682349260e+00,5.2036732682349260e+00,0.0000000000000000e+00,1.6665154475910025e+00,5.2036732682349260e+00,4.0109697844478918e+00,1.6665154475910025e+00,5.2036732682349260e+00,5.2036732682349260e+00,2.5339415130942977e+00,5.6712273300656717e+00,5.6712273300656717e+00,2.5339415130942977e+00,5.2036732682349260e+00,5.6712273300656717e+00,5.2036732682349260e+00,4.0109697844478918e+00,5.2036732682349260e+00,5.2036732682349260e+00,3.2313168640424776e+00,1.6665154475910025e+00,5.2036732682349260e+00,3.2313168640424776e+00,5.2036732682349260e+00,5.2036732682349260e+00,5.6712273300656717e+00,5.2036732682349260e+00,5.2036732682349260e+00,3.2313168640424776e+00,2.5339415130942977e+00,5.2036732682349260e+00,1.6665154475910025e+00,5.2036732682349260e+00,4.0109697844478918e+00,8.4320286125262267e-01,5.2036732682349260e+00,2.5339415130942977e+00,5.2036732682349260e+00,3.2313168640424776e+00,5.2036732682349260e+00,3.2313168640424776e+00,3.2313168640424776e+00,5.6712273300656717e+00,8.4320286125262267e-01,3.2313168640424776e+00,3.2313168640424776e+00,5.2036732682349260e+00,5.2036732682349260e+00,1.6665154475910025e+00,3.2313168640424776e+00,4.0109697844478918e+00,3.2313168640424776e+00,5.2036732682349260e+00,5.2036732682349260e+00,5.2036732682349260e+00,5.2036732682349260e+00,5.2036732682349260e+00,5.2036732682349260e+00,4.0109697844478918e+00,8.4320286125262267e-01,5.2036732682349260e+00,3.2313168640424776e+00,3.2313168640424776e+00,3.2313168640424776e+00,0.0000000000000000e+00,3.2313168640424776e+00,3.2313168640424776e+00,5.6712273300656717e+00,5.6712273300656717e+00,5.6712273300656717e+00,5.6712273300656717e+00,5.2036732682349260e+00,5.2036732682349260e+00,0.0000000000000000e+00,3.2313168640424776e+00,5.6712273300656717e+00,1.6665154475910025e+00,5.2036732682349260e+00,8.4320286125262267e-01,4.0109697844478918e+00,5.2036732682349260e+00,4.0109697844478918e+00,2.5339415130942977e+00,5.6712273300656717e+00,0.0000000000000000e+00,2.5339415130942977e+00,8.4320286125262267e-01,5.6712273300656717e+00,3.2313168640424776e+00,5.6712273300656717e+00,4.0109697844478918e+00,5.6712273300656717e+00,5.6712273300656717e+00,5.6712273300656717e+00,4.0109697844478918e+00,5.2036732682349260e+00,5.6712273300656717e+00,1.6665154475910025e+00,1.6665154475910025e+00,1.6665154475910025e+00,3.2313168640424776e+00,5.2036732682349260e+00,0.0000000000000000e+00,5.2036732682349260e+00,2.5339415130942977e+00,5.6712273300656717e+00,5.6712273300656717e+00,5.6712273300656717e+00,1.6665154475910025e+00,5.6712273300656717e+00,2.5339415130942977e+00,2.5339415130942977e+00,5.2036732682349260e+00,2.5339415130942977e+00,4.0109697844478918e+00,8.4320286125262267e-01,5.2036732682349260e+00,5.6712273300656717e+00,4.0109697844478918e+00,5.2036732682349260e+00,5.6712273300656717e+00,5.2036732682349260e+00,5.2036732682349260e+00,5.6712273300656717e+00,2.5339415130942977e+00,2.5339415130942977e+00,8.4320286125262267e-01,1.6665154475910025e+00,3.2313168640424776e+00,0.0000000000000000e+00,1.6665154475910025e+00,5.2036732682349260e+00,0.0000000000000000e+00,2.5339415130942977e+00,2.5339415130942977e+00,5.2036732682349260e+00,3.2313168640424776e+00,2.5339415130942977e+00,5.2036732682349260e+00,5.2036732682349260e+00,5.2036732682349260e+00,5.6712273300656717e+00,5.6712273300656717e+00,5.6712273300656717e+00,5.6712273300656717e+00,5.6712273300656717e+00,2.5339415130942977e+00,3.2313168640424776e+00,5.2036732682349260e+00,1.6665154475910025e+00,4.0109697844478918e+00,1.6665154475910025e+00,8.4320286125262267e-01,3.2313168640424776e+00,5.2036732682349260e+00,5.6712273300656717e+00,5.6712273300656717e+00,5.6712273300656717e+00,5.2036732682349260e+00,0.0000000000000000e+00,5.2036732682349260e+00,5.6712273300656717e+00,5.6712273300656717e+00,4.0109697844478918e+00,4.0109697844478918e+00,5.6712273300656717e+00,0.0000000000000000e+00,3.2313168640424776e+00,3.2313168640424776e+00,5.6712273300656717e+00,2.5339415130942977e+00,0.0000000000000000e+00,5.2036732682349260e+00,5.6712273300656717e+00,5.6712273300656717e+00,5.6712273300656717e+00,5.6712273300656717e+00,5.6712273300656717e+00,4.0109697844478918e+00,5.6712273300656717e+00,2.5339415130942977e+00,2.5339415130942977e+00,5.6712273300656717e+00,2.5339415130942977e+00,8.4320286125262267e-01,5.6712273300656717e+00,3.2313168640424776e+00,5.6712273300656717e+00,5.6712273300656717e+00,5.6712273300656717e+00,2.5339415130942977e+00,4.0109697844478918e+00,5.2036732682349260e+00,2.5339415130942977e+00,5.6712273300656717e+00,5.6712273300656717e+00,4.0109697844478918e+00,3.2313168640424776e+00,3.2313168640424776e+00,4.0109697844478918e+00,4.0109697844478918e+00,4.0109697844478918e+00,8.4320286125262267e-01,8.4320286125262267e-01,5.6712273300656717e+00,4.0109697844478918e+00,5.6712273300656717e+00,2.5339415130942977e+00,2.5339415130942977e+00,3.2313168640424776e+00,3.2313168640424776e+00,3.2313168640424776e+00,2.5339415130942977e+00,3.2313168640424776e+00,5.2036732682349260e+00,5.6712273300656717e+00,5.2036732682349260e+00,5.6712273300656717e+00,4.0109697844478918e+00,3.2313168640424776e+00,3.2313168640424776e+00,2.5339415130942977e+00,5.2036732682349260e+00,5.2036732682349260e+00,5.6712273300656717e+00,3.2313168640424776e+00,5.6712273300656717e+00,5.2036732682349260e+00,5.2036732682349260e+00,2.5339415130942977e+00,5.2036732682349260e+00,0.0000000000000000e+00,4.0109697844478918e+00,0.0000000000000000e+00,5.6712273300656717e+00,4.0109697844478918e+00,5.6712273300656717e+00,0.0000000000000000e+00,5.2036732682349260e+00,5.2036732682349260e+00,5.2036732682349260e+00,5.2036732682349260e+00,8.4320286125262267e-01,3.2313168640424776e+00,5.6712273300656717e+00,5.2036732682349260e+00,5.2036732682349260e+00,5.2036732682349260e+00,0.0000000000000000e+00,4.0109697844478918e+00,4.0109697844478918e+00,5.2036732682349260e+00,5.2036732682349260e+00,1.6665154475910025e+00,2.5339415130942977e+00,8.4320286125262267e-01,2.5339415130942977e+00,0.0000000000000000e+00,2.5339415130942977e+00,5.2036732682349260e+00,0.0000000000000000e+00,8.4320286125262267e-01,5.2036732682349260e+00,4.0109697844478918e+00,4.0109697844478918e+00,2.5339415130942977e+00,1.6665154475910025e+00,5.6712273300656717e+00,2.5339415130942977e+00,2.5339415130942977e+00,5.2036732682349260e+00,5.2036732682349260e+00,4.0109697844478918e+00,3.2313168640424776e+00,0.0000000000000000e+00,0.0000000000000000e+00,4.0109697844478918e+00,3.2313168640424776e+00,3.2313168640424776e+00,2.5339415130942977e+00,2.5339415130942977e+00,5.6712273300656717e+00,5.6712273300656717e+00,2.5339415130942977e+00,5.6712273300656717e+00,5.6712273300656717e+00,4.0109697844478918e+00,3.2313168640424776e+00,0.0000000000000000e+00,5.6712273300656717e+00,5.2036732682349260e+00,5.6712273300656717e+00,2.5339415130942977e+00,1.6665154475910025e+00,0.0000000000000000e+00,5.6712273300656717e+00,5.6712273300656717e+00,3.2313168640424776e+00,5.6712273300656717e+00,5.2036732682349260e+00,5.2036732682349260e+00,4.0109697844478918e+00,8.4320286125262267e-01,2.5339415130942977e+00,5.2036732682349260e+00,5.6712273300656717e+00,2.5339415130942977e+00,2.5339415130942977e+00,5.6712273300656717e+00,5.2036732682349260e+00,5.2036732682349260e+00,5.2036732682349260e+00,5.2036732682349260e+00,5.2036732682349260e+00,2.5339415130942977e+00,1.6665154475910025e+00,2.5339415130942977e+00,5.6712273300656717e+00,5.6712273300656717e+00,0.0000000000000000e+00,3.2313168640424776e+00,0.0000000000000000e+00,8.4320286125262267e-01,3.2313168640424776e+00,5.2036732682349260e+00,8.4320286125262267e-01,8.4320286125262267e-01,5.2036732682349260e+00,8.4320286125262267e-01,5.6712273300656717e+00,5.2036732682349260e+00,1.6665154475910025e+00,4.0109697844478918e+00,5.2036732682349260e+00,2.5339415130942977e+00,5.6712273300656717e+00,2.5339415130942977e+00,5.6712273300656717e+00,4.0109697844478918e+00,5.6712273300656717e+00,4.0109697844478918e+00,2.5339415130942977e+00,0.0000000000000000e+00,5.6712273300656717e+00,3.2313168640424776e+00,4.0109697844478918e+00,2.5339415130942977e+00,3.2313168640424776e+00,2.5339415130942977e+00,5.6712273300656717e+00,4.0109697844478918e+00,4.0109697844478918e+00,4.0109697844478918e+00,4.0109697844478918e+00,5.2036732682349260e+00,3.2313168640424776e+00,1.6665154475910025e+00,3.2313168640424776e+00,5.2036732682349260e+00,4.0109697844478918e+00,8.4320286125262267e-01,5.6712273300656717e+00,4.0109697844478918e+00,0.0000000000000000e+00,5.6712273300656717e+00,5.6712273300656717e+00,4.0109697844478918e+00,5.2036732682349260e+00,8.4320286125262267e-01,5.6712273300656717e+00,8.4320286125262267e-01,1.6665154475910025e+00,1.6665154475910025e+00,1.6665154475910025e+00,8.4320286125262267e-01,1.6665154475910025e+00,5.6712273300656717e+00,5.6712273300656717e+00,1.6665154475910025e+00,0.0000000000000000e+00,5.2036732682349260e+00,5.6712273300656717e+00,4.0109697844478918e+00,5.2036732682349260e+00,1.6665154475910025e+00,3.2313168640424776e+00,3.2313168640424776e+00,5.6712273300656717e+00,5.6712273300656717e+00,5.6712273300656717e+00,5.2036732682349260e+00,5.2036732682349260e+00,4.0109697844478918e+00,5.2036732682349260e+00,8.4320286125262267e-01,5.6712273300656717e+00,3.2313168640424776e+00,5.2036732682349260e+00,0.0000000000000000e+00,5.2036732682349260e+00,5.6712273300656717e+00,5.6712273300656717e+00,1.6665154475910025e+00,5.6712273300656717e+00,5.6712273300656717e+00,5.2036732682349260e+00,5.2036732682349260e+00,5.2036732682349260e+00,5.2036732682349260e+00,3.2313168640424776e+00,3.2313168640424776e+00,3.2313168640424776e+00,1.6665154475910025e+00,2.5339415130942977e+00,8.4320286125262267e-01,3.2313168640424776e+00,2.5339415130942977e+00,1.6665154475910025e+00,5.2036732682349260e+00,1.6665154475910025e+00,5.2036732682349260e+00,3.2313168640424776e+00,3.2313168640424776e+00,1.6665154475910025e+00,5.2036732682349260e+00,5.6712273300656717e+00,5.6712273300656717e+00,3.2313168640424776e+00,0.0000000000000000e+00,8.4320286125262267e-01,5.2036732682349260e+00,5.2036732682349260e+00,0.0000000000000000e+00,8.4320286125262267e-01,5.2036732682349260e+00,3.2313168640424776e+00,4.0109697844478918e+00,8.4320286125262267e-01,3.2313168640424776e+00,1.6665154475910025e+00,5.6712273300656717e+00,5.2036732682349260e+00,8.4320286125262267e-01,5.6712273300656717e+00,8.4320286125262267e-01,4.0109697844478918e+00,5.2036732682349260e+00,2.5339415130942977e+00,2.5339415130942977e+00,5.6712273300656717e+00,5.6712273300656717e+00,5.2036732682349260e+00,8.4320286125262267e-01,5.6712273300656717e+00,5.6712273300656717e+00,0.0000000000000000e+00,5.6712273300656717e+00,1.6665154475910025e+00,1.6665154475910025e+00,2.5339415130942977e+00,5.2036732682349260e+00,0.0000000000000000e+00,8.4320286125262267e-01,3.2313168640424776e+00,5.6712273300656717e+00,2.5339415130942977e+00,0.0000000000000000e+00,5.2036732682349260e+00,5.2036732682349260e+00,2.5339415130942977e+00,5.6712273300656717e+00,3.2313168640424776e+00,2.5339415130942977e+00,0.0000000000000000e+00,5.6712273300656717e+00,3.2313168640424776e+00,2.5339415130942977e+00,4.0109697844478918e+00,5.2036732682349260e+00,5.2036732682349260e+00,5.2036732682349260e+00,5.6712273300656717e+00,0.0000000000000000e+00,2.5339415130942977e+00,4.0109697844478918e+00,3.2313168640424776e+00,3.2313168640424776e+00,5.2036732682349260e+00,5.2036732682349260e+00,8.4320286125262267e-01,4.0109697844478918e+00,4.0109697844478918e+00,0.0000000000000000e+00,5.6712273300656717e+00,1.6665154475910025e+00,2.5339415130942977e+00,5.6712273300656717e+00,5.6712273300656717e+00,4.0109697844478918e+00,4.0109697844478918e+00,5.2036732682349260e+00,5.2036732682349260e+00,5.2036732682349260e+00,4.0109697844478918e+00,5.2036732682349260e+00,5.2036732682349260e+00,4.0109697844478918e+00,4.0109697844478918e+00,4.0109697844478918e+00,5.2036732682349260e+00,1.6665154475910025e+00,4.0109697844478918e+00,4.0109697844478918e+00,5.2036732682349260e+00,5.2036732682349260e+00,4.0109697844478918e+00,4.0109697844478918e+00,1.6665154475910025e+00,8.4320286125262267e-01,8.4320286125262267e-01,5.6712273300656717e+00,5.2036732682349260e+00,5.2036732682349260e+00,1.6665154475910025e+00,8.4320286125262267e-01,5.6712273300656717e+00,4.0109697844478918e+00,1.6665154475910025e+00,5.2036732682349260e+00,3.2313168640424776e+00,4.0109697844478918e+00,3.2313168640424776e+00,5.2036732682349260e+00,8.4320286125262267e-01,5.2036732682349260e+00,2.5339415130942977e+00,3.2313168640424776e+00,5.2036732682349260e+00,5.6712273300656717e+00,5.2036732682349260e+00,5.2036732682349260e+00,5.2036732682349260e+00,3.2313168640424776e+00,2.5339415130942977e+00,3.2313168640424776e+00,3.2313168640424776e+00,5.2036732682349260e+00,5.2036732682349260e+00,5.2036732682349260e+00,3.2313168640424776e+00,3.2313168640424776e+00,1.6665154475910025e+00,4.0109697844478918e+00,5.2036732682349260e+00,8.4320286125262267e-01,4.0109697844478918e+00,0.0000000000000000e+00,2.5339415130942977e+00,5.2036732682349260e+00
5.3828547712961203e+00,5.3828547712961203e+00,5.3828547712961203e+00,3.2855219024042221e+00,5.3828547712961203e+00,5.3828547712961203e+00,5.3828547712961203e+00,4.2494962162784216e+00,1.6853476700809389e+00,5.3828547712961203e+00,1.6853476700809389e+00,5.6652672215109758e+00,5.6652672215109758e+00,5.6652672215109758e+00,5.3828547712961203e+00,5.3828547712961203e+00,5.6652672215109758e+00,0.0000000000000000e+00,4.2494962162784216e+00,8.9138556490238652e-01,5.6652672215109758e+00,4.2494962162784216e+00,2.4056123954593440e+00,8.9138556490238652e-01,8.9138556490238652e-01,2.4056123954593440e+00,8.9138556490238652e-01,3.2855219024042221e+00,3.2855219024042221e+00,0.0000000000000000e+00,5.6652672215109758e+00,5.6652672215109758e+00,5.6652672215109758e+00,5.6652672215109758e+00,3.2855219024042221e+00,3.2855219024042221e+00,3.2855219024042221e+00,8.9138556490238652e-01,3.2855219024042221e+00,3.2855219024042221e+00,5.3828547712961203e+00,4.2494962162784216e+00,5.6652672215109758e+00,5.6652672215109758e+00,1.6853476700809389e+00,5.6652672215109758e+00,5.6652672215109758e+00,0.0000000000000000e+00,5.6652672215109758e+00,3.2855219024042221e+00,2.4056123954593440e+00,3.2855219024042221e+00,3.2855219024042221e+00,3.2855219024042221e+00,3.2855219024042221e+00,3.2855219024042221e+00,1.6853476700809389e+00,3.2855219024042221e+00,1.6853476700809389e+00,5.6652672215109758e+00,5.6652672215109758e+00,5.6652672215109758e+00,5.6652672215109758e+00,5.6652672215109758e+00,3.2855219024042221e+00,3.2855219024042221e+00,5.6652672215109758e+00,3.2855219024042221e+00,3.2855219024042221e+00,5.6652672215109758e+00,2.4056123954593440e+00,3.2855219024042221e+00,5.3828547712961203e+00,3.2855219024042221e+00,2.4056123954593440e+00,0.0000000000000000e+00,0.0000000000000000e+00,8.9138556490238652e-01,3.2855219024042221e+00,5.3828547712961203e+00,2.4056123954593440e+00,5.6652672215109758e+00,5.6652672215109758e+00,5.6652672215109758e+00,5.6652672215109758e+00,0.0000000000000000e+00,5.3828547712961203e+00,2.4056123954593440e+00,3.2855219024042221e+00,2.4056123954593440e+00,5.6652672215109758e+00,1.6853476700809389e+00,2.4056123954593440e+00,2.4056123954593440e+00,0.0000000000000000e+00,3.2855219024042221e+00,3.2855219024042221e+00,5.6652672215109758e+00,3.2855219024042221e+00,3.2855219024042221e+00,1.6853476700809389e+00,5.3828547712961203e+00,3.2855219024042221e+00,5.3828547712961203e+00,5.3828547712961203e+00,5.6652672215109758e+00,2.4056123954593440e+00,3.2855219024042221e+00,1.6853476700809389e+00,5.6652672215109758e+00,0.0000000000000000e+00,5.6652672215109758e+00,5.6652672215109758e+00,3.2855219024042221e+00,5.3828547712961203e+00,5.3828547712961203e+00,1.6853476700809389e+00,5.6652672215109758e+00,3.2855219024042221e+00,8.9138556490238652e-01,1.6853476700809389e+00,5.3828547712961203e+00,5.6652672215109758e+00,4.2494962162784216e+00,5.6652672215109758e+00,5.6652672215109758e+00,0.0000000000000000e+00,1.6853476700809389e+00,5.6652672215109758e+00,3.2855219024042221e+00,3.2855219024042221e+00,1.6853476700809389e+00,0.0000000000000000e+00,1.6853476700809389e+00,4.2494962162784216e+00,4.2494962162784216e+00,5.3828547712961203e+00,5.3828547712961203e+00,5.6652672215109758e+00,2.4056123954593440e+00,1.6853476700809389e+00,3.2855219024042221e+00,1.6853476700809389e+00,8.9138556490238652e-01,5.3828547712961203e+00,5.6652672215109758e+00,5.6652672215109758e+00,5.3828547712961203e+00,0.0000000000000000e+00,5.6652672215109758e+00,5.6652672215109758e+00,5.6652672215109758e+00,8.9138556490238652e-01,1.6853476700809389e+00,3.2855219024042221e+00,4.2494962162784216e+00,5.3828547712961203e+00,1.6853476700809389e+00,5.6652672215109758e+00,5.3828547712961203e+00,2.4056123954593440e+00,5.3828547712961203e+00,5.6652672215109758e+00,3.2855219024042221e+00,1.6853476700809389e+00,8.9138556490238652e-01,5.3828547712961203e+00,0.0000000000000000e+00,0.0000000000000000e+00,5.6652672215109758e+00,5.3828547712961203e+00,5.6652672215109758e+00,3.2855219024042221e+00,8.9138556490238652e-01,5.3828547712961203e+00,1.6853476700809389e+00,1.6853476700809389e+00,5.3828547712961203e+00,5.6652672215109758e+00,1.6853476700809389e+00,3.2855219024042221e+00,5.3828547712961203e+00,5.6652672215109758e+00,3.2855219024042221e+00,1.6853476700809389e+00,5.3828547712961203e+00,5.3828547712961203e+00,2.4056123954593440e+00,4.2494962162784216e+00,5.6652672215109758e+00,5.6652672215109758e+00,5.6652672215109758e+00,8.9138556490238652e-01,5.3828547712961203e+00,1.6853476700809389e+00,5.6652672215109758e+00,5.3828547712961203e+00,5.3828547712961203e+00,8.9138556490238652e-01,5.6652672215109758e+00,5.3828547712961203e+00,0.0000000000000000e+00,8.9138556490238652e-01,5.6652672215109758e+00,5.3828547712961203e+00,1.6853476700809389e+00,5.6652672215109758e+00,5.3828547712961203e+00,5.3828547712961203e+00,4.2494962162784216e+00,1.6853476700809389e+00,4.2494962162784216e+00,8.9138556490238652e-01,1.6853476700809389e+00,1.6853476700809389e+00,2.4056123954593440e+00,4.2494962162784216e+00,5.6652672215109758e+00,5.6652672215109758e+00,5.6652672215109758e+00,1.6853476700809389e+00,0.0000000000000000e+00,4.2494962162784216e+00,1.6853476700809389e+00,4.2494962162784216e+00,1.6853476700809389e+00,1.6853476700809389e+00,1.6853476700809389e+00,5.3828547712961203e+00,4.2494962162784216e+00,4.2494962162784216e+00,1.6853476700809389e+00,4.2494962162784216e+00,4.2494962162784216e+00,8.9138556490238652e-01,4.2494962162784216e+00,4.2494962162784216e+00,0.0000000000000000e+00,5.6652672215109758e+00,4.2494962162784216e+00,5.6652672215109758e+00,8.9138556490238652e-01,3.2855219024042221e+00,3.2855219024042221e+00,5.6652672215109758e+00,2.4056123954593440e+00,3.2855219024042221e+00,3.2855219024042221e+00,8.9138556490238652e-01,4.2494962162784216e+00,5.6652672215109758e+00,5.6652672215109758e+00,5.6652672215109758e+00,2.4056123954593440e+00,0.0000000000000000e+00,0.0000000000000000e+00,5.3828547712961203e+00,5.3828547712961203e+00,2.4056123954593440e+00,5.3828547712961203e+00,5.3828547712961203e+00,2.4056123954593440e+00,8.9138556490238652e-01,5.6652672215109758e+00,5.3828547712961203e+00,2.4056123954593440e+00,5.6652672215109758e+00,5.6652672215109758e+00,1.6853476700809389e+00,1.6853476700809389e+00,8.9138556490238652e-01,3.2855219024042221e+00,0.0000000000000000e+00,5.6652672215109758e+00,0.0000000000000000e+00,5.6652672215109758e+00,5.6652672215109758e+00,4.2494962162784216e+00,1.6853476700809389e+00,5.6652672215109758e+00,5.6652672215109758e+00,0.0000000000000000e+00,5.3828547712961203e+00,5.3828547712961203e+00,5.6652672215109758e+00,5.3828547712961203e+00,3.2855219024042221e+00,5.6652672215109758e+00,5.3828547712961203e+00,5.3828547712961203e+00,8.9138556490238652e-01,5.3828547712961203e+00,5.3828547712961203e+00,5.3828547712961203e+00,5.6652672215109758e+00,5.3828547712961203e+00,5.3828547712961203e+00,5.3828547712961203e+00,5.6652672215109758e+00,3.2855219024042221e+00,2.4056123954593440e+00,4.2494962162784216e+00,5.3828547712961203e+00,4.2494962162784216e+00,5.3828547712961203e+00,3.2855219024042221e+00,0.0000000000000000e+00,5.6652672215109758e+00,3.2855219024042221e+00,1.6853476700809389e+00,2.4056123954593440e+00,4.2494962162784216e+00,1.6853476700809389e+00,5.6652672215109758e+00,4.2494962162784216e+00,4.2494962162784216e+00,5.6652672215109758e+00,5.3828547712961203e+00,3.2855219024042221e+00,5.3828547712961203e+00,5.6652672215109758e+00,0.0000000000000000e+00,4.2494962162784216e+00,5.3828547712961203e+00,8.9138556490238652e-01,5.6652672215109758e+00,5.3828547712961203e+00,3.2855219024042221e+00,0.0000000000000000e+00,5.6652672215109758e+00,5.6652672215109758e+00,2.4056123954593440e+00,3.2855219024042221e+00,5.3828547712961203e+00,5.3828547712961203e+00,5.3828547712961203e+00,2.4056123954593440e+00,5.3828547712961203e+00,4.2494962162784216e+00,5.3828547712961203e+00,5.3828547712961203e+00,5.3828547712961203e+00,3.2855219024042221e+00,5.6652672215109758e+00,4.2494962162784216e+00,3.2855219024042221e+00,3.2855219024042221e+00,8.9138556490238652e-01,5.3828547712961203e+00,4.2494962162784216e+00,3.2855219024042221e+00,5.3828547712961203e+00,5.6652672215109758e+00,5.6652672215109758e+00,5.6652672215109758e+00,4.2494962162784216e+00,3.2855219024042221e+00,5.6652672215109758e+00,5.6652672215109758e+00,5.3828547712961203e+00,5.6652672215109758e+00,4.2494962162784216e+00,4.2494962162784216e+00,4.2494962162784216e+00,8.9138556490238652e-01,4.2494962162784216e+00,4.2494962162784216e+00,1.6853476700809389e+00,0.0000000000000000e+00,5.3828547712961203e+00,0.0000000000000000e+00,5.6652672215109758e+00,3.2855219024042221e+00,5.3828547712961203e+00,5.3828547712961203e+00,5.3828547712961203e+00,2.4056123954593440e+00,2.4056123954593440e+00,5.6652672215109758e+00,5.3828547712961203e+00,5.3828547712961203e+00,8.9138556490238652e-01,5.6652672215109758e+00,4.2494962162784216e+00,5.6652672215109758e+00,4.2494962162784216e+00,3.2855219024042221e+00,4.2494962162784216e+00,0.0000000000000000e+00,5.3828547712961203e+00,4.2494962162784216e+00,5.6652672215109758e+00,1.6853476700809389e+00,4.2494962162784216e+00,1.6853476700809389e+00,0.0000000000000000e+00,5.3828547712961203e+00,5.3828547712961203e+00,5.3828547712961203e+00,3.2855219024042221e+00,4.2494962162784216e+00,3.2855219024042221e+00,5.6652672215109758e+00,5.6652672215109758e+00,5.3828547712961203e+00,3.2855219024042221e+00,3.2855219024042221e+00,0.0000000000000000e+00,5.6652672215109758e+00,3.2855219024042221e+00,5.6652672215109758e+00,5.6652672215109758e+00,5.3828547712961203e+00,8.9138556490238652e-01,5.6652672215109758e+00,0.0000000000000000e+00,5.6652672215109758e+00,4.2494962162784216e+00,3.2855219024042221e+00,5.6652672215109758e+00,3.2855219024042221e+00,5.6652672215109758e+00,4.2494962162784216e+00,5.6652672215109758e+00,4.2494962162784216e+00,5.6652672215109758e+00,5.6652672215109758e+00,5.3828547712961203e+00,1.6853476700809389e+00,5.6652672215109758e+00,5.6652672215109758e+00,0.0000000000000000e+00,5.6652672215109758e+00,8.9138556490238652e-01,5.6652672215109758e+00,8.9138556490238652e-01,8.9138556490238652e-01,5.3828547712961203e+00,4.2494962162784216e+00,5.6652672215109758e+00,8.9138556490238652e-01,5.6652672215109758e+00,5.6652672215109758e+00,3.2855219024042221e+00,5.6652672215109758e+00,5.6652672215109758e+00,8.9138556490238652e-01,5.6652672215109758e+00,5.6652672215109758e+00,0.0000000000000000e+00,2.4056123954593440e+00,0.0000000000000000e+00,0.0000000000000000e+00,3.2855219024042221e+00,5.6652672215109758e+00,5.3828547712961203e+00,8.9138556490238652e-01,5.3828547712961203e+00,5.3828547712961203e+00,5.3828547712961203e+00,5.3828547712961203e+00,8.9138556490238652e-01,0.0000000000000000e+00,5.6652672215109758e+00,0.0000000000000000e+00,3.2855219024042221e+00,5.3828547712961203e+00,5.3828547712961203e+00,4.2494962162784216e+00,3.2855219024042221e+00,4.2494962162784216e+00,5.6652672215109758e+00,3.2855219024042221e+00,0.0000000000000000e+00,5.6652672215109758e+00,3.2855219024042221e+00,5.6652672215109758e+00,3.2855219024042221e+00,5.3828547712961203e+00,4.2494962162784216e+00,5.6652672215109758e+00,5.6652672215109758e+00,4.2494962162784216e+00,5.6652672215109758e+00,5.6652672215109758e+00,1.6853476700809389e+00,2.4056123954593440e+00,5.6652672215109758e+00,5.6652672215109758e+00,5.6652672215109758e+00,3.2855219024042221e+00,5.6652672215109758e+00,5.6652672215109758e+00,2.4056123954593440e+00,2.4056123954593440e+00,2.4056123954593440e+00,2.4056123954593440e+00,2.4056123954593440e+00,5.6652672215109758e+00,0.0000000000000000e+00,5.6652672215109758e+00,2.4056123954593440e+00,2.4056123954593440e+00,5.6652672215109758e+00,5.6652672215109758e+00,4.2494962162784216e+00,5.3828547712961203e+00,5.3828547712961203e+00,4.2494962162784216e+00,5.6652672215109758e+00,2.4056123954593440e+00,2.4056123954593440e+00,1.6853476700809389e+00,8.9138556490238652e-01,5.6652672215109758e+00,5.6652672215109758e+00,3.2855219024042221e+00,5.3828547712961203e+00,4.2494962162784216e+00,4.2494962162784216e+00,5.6652672215109758e+00,3.2855219024042221e+00,5.6652672215109758e+00,5.6652672215109758e+00,5.6652672215109758e+00,5.3828547712961203e+00,5.3828547712961203e+00,2.4056123954593440e+00,5.3828547712961203e+00,5.6652672215109758e+00,5.6652672215109758e+00,5.6652672215109758e+00,3.2855219024042221e+00,5.6652672215109758e+00,8.9138556490238652e-01,3.2855219024042221e+00,5.6652672215109758e+00,5.6652672215109758e+00,5.6652672215109758e+00,5.6652672215109758e+00,5.6652672215109758e+00,2.4056123954593440e+00,0.0000000000000000e+00,5.6652672215109758e+00,4.2494962162784216e+00,2.4056123954593440e+00,5.6652672215109758e+00,1.6853476700809389e+00,4.2494962162784216e+00,5.3828547712961203e+00,5.6652672215109758e+00,5.6652672215109758e+00,4.2494962162784216e+00,2.4056123954593440e+00,2.4056123954593440e+00,2.4056123954593440e+00,8.9138556490238652e-01,8.9138556490238652e-01,3.2855219024042221e+00,4.2494962162784216e+00,3.2855219024042221e+00,3.2855219024042221e+00,1.6853476700809389e+00,8.9138556490238652e-01,2.4056123954593440e+00,1.6853476700809389e+00,0.0000000000000000e+00,5.3828547712961203e+00,0.0000000000000000e+00,3.2855219024042221e+00,5.6652672215109758e+00,5.6652672215109758e+00,5.6652672215109758e+00,3.2855219024042221e+00,3.2855219024042221e+00,3.2855219024042221e+00,5.6652672215109758e+00,5.3828547712961203e+00,1.6853476700809389e+00,5.6652672215109758e+00,2.4056123954593440e+00,8.9138556490238652e-01,1.6853476700809389e+00,5.3828547712961203e+00,8.9138556490238652e-01,5.6652672215109758e+00,5.3828547712961203e+00,5.6652672215109758e+00,5.6652672215109758e+00,5.3828547712961203e+00,5.3828547712961203e+00,8.9138556490238652e-01,4.2494962162784216e+00,4.2494962162784216e+00,4.2494962162784216e+00,4.2494962162784216e+00,4.2494962162784216e+00,4.2494962162784216e+00,5.6652672215109758e+00,1.6853476700809389e+00,3.2855219024042221e+00,5.6652672215109758e+00,3.2855219024042221e+00,0.0000000000000000e+00,5.6652672215109758e+00,3.2855219024042221e+00,5.6652672215109758e+00,5.6652672215109758e+00,2.4056123954593440e+00,5.6652672215109758e+00,3.2855219024042221e+00,4.2494962162784216e+00,3.2855219024042221e+00,8.9138556490238652e-01,0.0000000000000000e+00,3.2855219024042221e+00,5.6652672215109758e+00,3.2855219024042221e+00,5.6652672215109758e+00,2.4056123954593440e+00,1.6853476700809389e+00,5.6652672215109758e+00,4.2494962162784216e+00,4.2494962162784216e+00,5.6652672215109758e+00,5.6652672215109758e+00,2.4056123954593440e+00,0.0000000000000000e+00,0.0000000000000000e+00,5.6652672215109758e+00,4.2494962162784216e+00,3.2855219024042221e+00,5.6652672215109758e+00,5.6652672215109758e+00,2.4056123954593440e+00,3.2855219024042221e+00,3.2855219024042221e+00,2.4056123954593440e+00,2.4056123954593440e+00,5.6652672215109758e+00,5.6652672215109758e+00,4.2494962162784216e+00,1.6853476700809389e+00,5.6652672215109758e+00,4.2494962162784216e+00,8.9138556490238652e-01,5.3828547712961203e+00,5.6652672215109758e+00,4.2494962162784216e+00,5.6652672215109758e+00,4.2494962162784216e+00,4.2494962162784216e+00,4.2494962162784216e+00,8.9138556490238652e-01,8.9138556490238652e-01,5.6652672215109758e+00,2.4056123954593440e+00,0.0000000000000000e+00,3.2855219024042221e+00,5.6652672215109758e+00,3.2855219024042221e+00,3.2855219024042221e+00,1.6853476700809389e+00,5.6652672215109758e+00,8.9138556490238652e-01,5.6652672215109758e+00,5.6652672215109758e+00,8.9138556490238652e-01,5.6652672215109758e+00,3.2855219024042221e+00,5.6652672215109758e+00,2.4056123954593440e+00,8.9138556490238652e-01,0.0000000000000000e+00,2.4056123954593440e+00,5.6652672215109758e+00,8.9138556490238652e-01,1.6853476700809389e+00,3.2855219024042221e+00,3.2855219024042221e+00,3.2855219024042221e+00,5.6652672215109758e+00,5.6652672215109758e+00,5.6652672215109758e+00,5.3828547712961203e+00,8.9138556490238652e-01,8.9138556490238652e-01,4.2494962162784216e+00,4.2494962162784216e+00,5.3828547712961203e+00,5.6652672215109758e+00,5.3828547712961203e+00,4.2494962162784216e+00,3.2855219024042221e+00,5.3828547712961203e+00,4.2494962162784216e+00,4.2494962162784216e+00,8.9138556490238652e-01,4.2494962162784216e+00,4.2494962162784216e+00,4.2494962162784216e+00,5.3828547712961203e+00,5.3828547712961203e+00,5.3828547712961203e+00,5.3828547712961203e+00,8.9138556490238652e-01,5.6652672215109758e+00,8.9138556490238652e-01,5.3828547712961203e+00,5.3828547712961203e+00,4.2494962162784216e+00,3.2855219024042221e+00,4.2494962162784216e+00,3.2855219024042221e+00,5.6652672215109758e+00,5.3828547712961203e+00,5.3828547712961203e+00,5.6652672215109758e+00,5.6652672215109758e+00,4.2494962162784216e+00,2.4056123954593440e+00,8.9138556490238652e-01,3.2855219024042221e+00,4.2494962162784216e+00,8.9138556490238652e-01,3.2855219024042221e+00,2.4056123954593440e+00,0.0000000000000000e+00,1.6853476700809389e+00,1.6853476700809389e+00,4.2494962162784216e+00,5.3828547712961203e+00,0.0000000000000000e+00,4.2494962162784216e+00,3.2855219024042221e+00,1.6853476700809389e+00,8.9138556490238652e-01,5.6652672215109758e+00,1.6853476700809389e+00,4.2494962162784216e+00,5.6652672215109758e+00,0.0000000000000000e+00,4.2494962162784216e+00,5.3828547712961203e+00,3.2855219024042221e+00,3.2855219024042221e+00,2.4056123954593440e+00,5.6652672215109758e+00,1.6853476700809389e+00,3.2855219024042221e+00,4.2494962162784216e+00,2.4056123954593440e+00,5.3828547712961203e+00,5.6652672215109758e+00,5.6652672215109758e+00,1.6853476700809389e+00,5.6652672215109758e+00,5.6652672215109758e+00,5.3828547712961203e+00,5.6652672215109758e+00,5.3828547712961203e+00,2.4056123954593440e+00,2.4056123954593440e+00,1.6853476700809389e+00,4.2494962162784216e+00,5.6652672215109758e+00,1.6853476700809389e+00,8.9138556490238652e-01,5.6652672215109758e+00,2.4056123954593440e+00,5.6652672215109758e+00,5.6652672215109758e+00,4.2494962162784216e+00,1.6853476700809389e+00,5.6652672215109758e+00,0.0000000000000000e+00,5.6652672215109758e+00,5.6652672215109758e+00,5.6652672215109758e+00,5.6652672215109758e+00,2.4056123954593440e+00,3.2855219024042221e+00,3.2855219024042221e+00,3.2855219024042221e+00,2.4056123954593440e+00,1.6853476700809389e+00,1.6853476700809389e+00,5.6652672215109758e+00,5.6652672215109758e+00,5.3828547712961203e+00,4.2494962162784216e+00,3.2855219024042221e+00,5.3828547712961203e+00,5.6652672215109758e+00,5.6652672215109758e+00,5.6652672215109758e+00,8.9138556490238652e-01,2.4056123954593440e+00,4.2494962162784216e+00,5.6652672215109758e+00,5.6652672215109758e+00,3.2855219024042221e+00,4.2494962162784216e+00,5.6652672215109758e+00,3.2855219024042221e+00,5.3828547712961203e+00,8.9138556490238652e-01,0.0000000000000000e+00,5.6652672215109758e+00,1.6853476700809389e+00,5.3828547712961203e+00,4.2494962162784216e+00,5.3828547712961203e+00,2.4056123954593440e+00,5.3828547712961203e+00,1.6853476700809389e+00,4.2494962162784216e+00,3.2855219024042221e+00,5.6652672215109758e+00,5.6652672215109758e+00,2.4056123954593440e+00,3.2855219024042221e+00,4.2494962162784216e+00,5.3828547712961203e+00,4.2494962162784216e+00,5.3828547712961203e+00,5.6652672215109758e+00,5.3828547712961203e+00,2.4056123954593440e+00,4.2494962162784216e+00,3.2855219024042221e+00,8.9138556490238652e-01,3.2855219024042221e+00,3.2855219024042221e+00,5.6652672215109758e+00,1.6853476700809389e+00,5.6652672215109758e+00,4.2494962162784216e+00,3.2855219024042221e+00,5.3828547712961203e+00,4.2494962162784216e+00,2.4056123954593440e+00,2.4056123954593440e+00,2.4056123954593440e+00,8.9138556490238652e-01,5.6652672215109758e+00,1.6853476700809389e+00,4.2494962162784216e+00,5.3828547712961203e+00,5.6652672215109758e+00,5.6652672215109758e+00,1.6853476700809389e+00,0.0000000000000000e+00,2.4056123954593440e+00,5.6652672215109758e+00,5.6652672215109758e+00,5.6652672215109758e+00,5.3828547712961203e+00,5.3828547712961203e+00,5.3828547712961203e+00,4.2494962162784216e+00,5.3828547712961203e+00,5.3828547712961203e+00,4.2494962162784216e+00,5.6652672215109758e+00,5.6652672215109758e+00,3.2855219024042221e+00,5.6652672215109758e+00,5.3828547712961203e+00,5.6652672215109758e+00,5.6652672215109758e+00,5.3828547712961203e+00,4.2494962162784216e+00,2.4056123954593440e+00,0.0000000000000000e+00,5.3828547712961203e+00,5.6652672215109758e+00,3.2855219024042221e+00,8.9138556490238652e-01,4.2494962162784216e+00,5.6652672215109758e+00,5.6652672215109758e+00,5.6652672215109758e+00,1.6853476700809389e+00,3.2855219024042221e+00,0.0000000000000000e+00,5.3828547712961203e+00,5.3828547712961203e+00,3.2855219024042221e+00,8.9138556490238652e-01,0.0000000000000000e+00,1.6853476700809389e+00,5.3828547712961203e+00,1.6853476700809389e+00,5.3828547712961203e+00,4.2494962162784216e+00,4.2494962162784216e+00,4.2494962162784216e+00,2.4056123954593440e+00,5.6652672215109758e+00,4.2494962162784216e+00,1.6853476700809389e+00,3.2855219024042221e+00,4.2494962162784216e+00,4.2494962162784216e+00,3.2855219024042221e+00,5.3828547712961203e+00,3.2855219024042221e+00,5.6652672215109758e+00,3.2855219024042221e+00,4.2494962162784216e+00,5.3828547712961203e+00,5.3828547712961203e+00,1.6853476700809389e+00,5.3828547712961203e+00,5.3828547712961203e+00,4.2494962162784216e+00,5.3828547712961203e+00,5.6652672215109758e+00,5.6652672215109758e+00,3.2855219024042221e+00,0.0000000000000000e+00,5.3828547712961203e+00,3.2855219024042221e+00,4.2494962162784216e+00,5.3828547712961203e+00,5.3828547712961203e+00,5.3828547712961203e+00,2.4056123954593440e+00,5.6652672215109758e+00,5.3828547712961203e+00,4.2494962162784216e+00,3.2855219024042221e+00,3.2855219024042221e+00,5.6652672215109758e+00,4.2494962162784216e+00,5.6652672215109758e+00,3.2855219024042221e+00,0.0000000000000000e+00,2.4056123954593440e+00,3.2855219024042221e+00,8.9138556490238652e-01,5.6652672215109758e+00,3.2855219024042221e+00,8.9138556490238652e-01,1.6853476700809389e+00,4.2494962162784216e+00,4.2494962162784216e+00,5.6652672215109758e+00,2.4056123954593440e+00,5.6652672215109758e+00,3.2855219024042221e+00,5.6652672215109758e+00,5.6652672215109758e+00,5.3828547712961203e+00,3.2855219024042221e+00,5.6652672215109758e+00,5.3828547712961203e+00,2.4056123954593440e+00,8.9138556490238652e-01,2.4056123954593440e+00,8.9138556490238652e-01,4.2494962162784216e+00,5.6652672215109758e+00,5.3828547712961203e+00,3.2855219024042221e+00,5.6652672215109758e+00,3.2855219024042221e+00,8.9138556490238652e-01,5.6652672215109758e+00,0.0000000000000000e+00,5.6652672215109758e+00,0.0000000000000000e+00,5.6652672215109758e+00,0.0000000000000000e+00,4.2494962162784216e+00,0.0000000000000000e+00,2.4056123954593440e+00,5.6652672215109758e+00,4.2494962162784216e+00,5.6652672215109758e+00,4.2494962162784216e+00,5.6652672215109758e+00,5.6652672215109758e+00,3.2855219024042221e+00,1.6853476700809389e+00,5.6652672215109758e+00,5.6652672215109758e+00,5.6652672215109758e+00,5.3828547712961203e+00,5.3828547712961203e+00,5.3828547712961203e+00,5.6652672215109758e+00,1.6853476700809389e+00,1.6853476700809389e+00,1.6853476700809389e+00,4.2494962162784216e+00,0.0000000000000000e+00,3.2855219024042221e+00,3.2855219024042221e+00
0.0000000000000000e+00,0.0000000000000000e+00,0.0000000000000000e+00,0.0000000000000000e+00,0.0000000000000000e+00,0.0000000000000000e+00,0.0000000000000000e+00,0.0000000000000000e+00,0.0000000000000000e+00,0.0000000000000000e+00,0.0000000000000000e+00,0.0000000000000000e+00,0.0000000000000000e+00,0.0000000000000000e+00,0.0000000000000000e+00,0.0000000000000000e+00,0.0000000000000000e+00,0.0000000000000000e+00,0.0000000000000000e+00,0.0000000000000000e+00,0.0000000000000000e+00,0.0000000000000000e+00,0.0000000000000000e+00,0.0000000000000000e+00,0.0000000000000000e+00,0.0000000000000000e+00,0.0000000000000000e+00,0.0000000000000000e+00,0.0000000000000000e+00,0.0000000000000000e+00,0.0000000000000000e+00,0.0000000000000000e+00,0.0000000000000000e+00,0.0000000000000000e+00,0.0000000000000000e+00,0.0000000000000000e+00,0.0000000000000000e+00,0.0000000000000000e+00,0.0000000000000000e+00,0.0000000000000000e+00,0.0000000000000000e+00,0.0000000000000000e+00,0.0000000000000000e+00,0.0000000000000000e+00,0.0000000000000000e+00,0.0000000000000000e+00,0.0000000000000000e+00,0.0000000000000000e+00,0.0000000000000000e+00,0.0000000000000000e+00,0.0000000000000000e+00,0.0000000000000000e+00,0.0000000000000000e+00,0.0000000000000000e+00,0.0000000000000000e+00,0.0000000000000000e+00,0.0000000000000000e+00,0.0000000000000000e+00,0.0000000000000000e+00,0.0000000000000000e+00,0.0000000000000000e+00,0.0000000000000000e+00,0.0000000000000000e+00,0.0000000000000000e+00,0.0000000000000000e+00,0.0000000000000000e+00,0.0000000000000000e+00,0.0000000000000000e+00,0.0000000000000000e+00,0.0000000000000000e+00,0.0000000000000000e+00,0.0000000000000000e+00,0.0000000000000000e+00,0.0000000000000000e+00,0.0000000000000000e+00,0.0000000000000000e+00,0.0000000000000000e+00,0.0000000000000000e+00,0.0000000000000000e+00,0.0000000000000000e+00,0.0000000000000000e+00,0.0000000000000000e+00,0.0000000000000000e+00,0.0000000000000000e+00,0.0000000000000000e+00,0.0000000000000000e+00,0.0000000000000000e+00,0.0000000000000000e+00,0.0000000000000000e+00,0.0000000000000000e+00,0.0000000000000000e+00,0.0000000000000000e+00,0.0000000000000000e+00,0.0000000000000000e+00,0.0000000000000000e+00,0.0000000000000000e+00,0.0000000000000000e+00,0.0000000000000000e+00,0.0000000000000000e+00,0.0000000000000000e+00,0.0000000000000000e+00,0.0000000000000000e+00,0.0000000000000000e+00,0.0000000000000000e+00,0.0000000000000000e+00,0.0000000000000000e+00,0.0000000000000000e+00,0.0000000000000000e+00,0.0000000000000000e+00,0.0000000000000000e+00,0.0000000000000000e+00,0.0000000000000000e+00,0.0000000000000000e+00,0.0000000000000000e+00,0.0000000000000000e+00,0.0000000000000000e+00,0.0000000000000000e+00,0.0000000000000000e+00,0.0000000000000000e+00,0.0000000000000000e+00,0.0000000000000000e+00,0.0000000000000000e+00,0.0000000000000000e+00,0.0000000000000000e+00,0.0000000000000000e+00,0.0000000000000000e+00,0.0000000000000000e+00,0.0000000000000000e+00,0.0000000000000000e+00,0.0000000000000000e+00,0.0000000000000000e+00,0.0000000000000000e+00,0.0000000000000000e+00,0.0000000000000000e+00,0.0000000000000000e+00,0.0000000000000000e+00,0.0000000000000000e+00,0.0000000000000000e+00,0.0000000000000000e+00,0.0000000000000000e+00,0.0000000000000000e+00,0.0000000000000000e+00,0.0000000000000000e+00,0.0000000000000000e+00,0.0000000000000000e+00,0.0000000000000000e+00,0.0000000000000000e+00,0.0000000000000000e+00,0.0000000000000000e+00,0.0000000000000000e+00,0.0000000000000000e+00,0.0000000000000000e+00,0.0000000000000000e+00,0.0000000000000000e+00,0.0000000000000000e+00,0.0000000000000000e+00,0.0000000000000000e+00,0.0000000000000000e+00,0.0000000000000000e+00,0.0000000000000000e+00,0.0000000000000000e+00,0.0000000000000000e+00,0.0000000000000000e+00,0.0000000000000000e+00,0.0000000000000000e+00,0.0000000000000000e+00,0.0000000000000000e+00,0.0000000000000000e+00,0.0000000000000000e+00,0.0000000000000000e+00,0.0000000000000000e+00,0.0000000000000000e+00,0.0000000000000000e+00,0.0000000000000000e+00,0.0000000000000000e+00,0.0000000000000000e+00,0.0000000000000000e+00,0.0000000000000000e+00,0.0000000000000000e+00,0.0000000000000000e+00,0.0000000000000000e+00,0.0000000000000000e+00,0.0000000000000000e+00,0.0000000000000000e+00,0.0000000000000000e+00,0.0000000000000000e+00,0.0000000000000000e+00,0.0000000000000000e+00,0.0000000000000000e+00,0.0000000000000000e+00,0.0000000000000000e+00,0.0000000000000000e+00,0.0000000000000000e+00,0.0000000000000000e+00,0.0000000000000000e+00,0.0000000000000000e+00,0.0000000000000000e+00,0.0000000000000000e+00,0.0000000000000000e+00,0.0000000000000000e+00,0.0000000000000000e+00,0.0000000000000000e+00,0.0000000000000000e+00,0.0000000000000000e+00,0.0000000000000000e+00,0.0000000000000000e+00,0.0000000000000000e+00,0.0000000000000000e+00,0.0000000000000000e+00,0.0000000000000000e+00,0.0000000000000000e+00,0.0000000000000000e+00,0.0000000000000000e+00,0.0000000000000000e+00,0.0000000000000000e+00,0.0000000000000000e+00,0.0000000000000000e+00,0.0000000000000000e+00,0.0000000000000000e+00,0.0000000000000000e+00,0.0000000000000000e+00,0.0000000000000000e+00,0.0000000000000000e+00,0.0000000000000000e+00,0.0000000000000000e+00,0.0000000000000000e+00,0.0000000000000000e+00,0.0000000000000000e+00,0.0000000000000000e+00,0.0000000000000000e+00,0.0000000000000000e+00,0.0000000000000000e+00,0.0000000000000000e+00,0.0000000000000000e+00,0.0000000000000000e+00,0.0000000000000000e+00,0.0000000000000000e+00,0.0000000000000000e+00,0.0000000000000000e+00,0.0000000000000000e+00,0.0000000000000000e+00,0.0000000000000000e+00,0.0000000000000000e+00,0.0000000000000000e+00,0.0000000000000000e+00,0.0000000000000000e+00,0.0000000000000000e+00,0.0000000000000000e+00,0.0000000000000000e+00,0.0000000000000000e+00,0.0000000000000000e+00,0.0000000000000000e+00,0.0000000000000000e+00,0.0000000000000000e+00,0.0000000000000000e+00,0.0000000000000000e+00,0.0000000000000000e+00,0.0000000000000000e+00,0.0000000000000000e+00,0.0000000000000000e+00,0.0000000000000000e+00,0.0000000000000000e+00,0.0000000000000000e+00,0.0000000000000000e+00,0.0000000000000000e+00,0.0000000000000000e+00,0.0000000000000000e+00,0.0000000000000000e+00,0.0000000000000000e+00,0.0000000000000000e+00,0.0000000000000000e+00,0.0000000000000000e+00,0.0000000000000000e+00,0.0000000000000000e+00,0.0000000000000000e+00,0.0000000000000000e+00,0.0000000000000000e+00,0.0000000000000000e+00,0.0000000000000000e+00,0.0000000000000000e+00,0.0000000000000000e+00,0.0000000000000000e+00,0.0000000000000000e+00,0.0000000000000000e+00,0.0000000000000000e+00,0.0000000000000000e+00,0.0000000000000000e+00,0.0000000000000000e+00,0.0000000000000000e+00,0.0000000000000000e+00,0.0000000000000000e+00,0.0000000000000000e+00,0.0000000000000000e+00,0.0000000000000000e+00,0.0000000000000000e+00,0.0000000000000000e+00,0.0000000000000000e+00,0.0000000000000000e+00,0.0000000000000000e+00,0.0000000000000000e+00,0.0000000000000000e+00,0.0000000000000000e+00,0.0000000000000000e+00,0.0000000000000000e+00,0.0000000000000000e+00,0.0000000000000000e+00,0.0000000000000000e+00,0.0000000000000000e+00,0.0000000000000000e+00,0.0000000000000000e+00,0.0000000000000000e+00,0.0000000000000000e+00,0.0000000000000000e+00,0.0000000000000000e+00,0.0000000000000000e+00,0.0000000000000000e+00,0.0000000000000000e+00,0.0000000000000000e+00,0.0000000000000000e+00,0.0000000000000000e+00,0.0000000000000000e+00,0.0000000000000000e+00,0.0000000000000000e+00,0.0000000000000000e+00,0.0000000000000000e+00,0.0000000000000000e+00,0.0000000000000000e+00,0.0000000000000000e+00,0.0000000000000000e+00,0.0000000000000000e+00,0.0000000000000000e+00,0.0000000000000000e+00,0.0000000000000000e+00,0.0000000000000000e+00,0.0000000000000000e+00,0.0000000000000000e+00,0.0000000000000000e+00,0.0000000000000000e+00,0.0000000000000000e+00,0.0000000000000000e+00,0.0000000000000000e+00,0.0000000000000000e+00,0.0000000000000000e+00,0.0000000000000000e+00,0.0000000000000000e+00,0.0000000000000000e+00,0.0000000000000000e+00,0.0000000000000000e+00,0.0000000000000000e+00,0.0000000000000000e+00,0.0000000000000000e+00,0.0000000000000000e+00,0.0000000000000000e+00,0.0000000000000000e+00,0.0000000000000000e+00,0.0000000000000000e+00,0.0000000000000000e+00,0.0000000000000000e+00,0.0000000000000000e+00,0.0000000000000000e+00,0.0000000000000000e+00,0.0000000000000000e+00,0.0000000000000000e+00,0.0000000000000000e+00,0.0000000000000000e+00,0.0000000000000000e+00,0.0000000000000000e+00,0.0000000000000000e+00,0.0000000000000000e+00,0.0000000000000000e+00,0.0000000000000000e+00,0.0000000000000000e+00,0.0000000000000000e+00,0.0000000000000000e+00,0.0000000000000000e+00,0.0000000000000000e+00,0.0000000000000000e+00,0.0000000000000000e+00,0.0000000000000000e+00,0.0000000000000000e+00,0.0000000000000000e+00,0.0000000000000000e+00,0.0000000000000000e+00,0.0000000000000000e+00,0.0000000000000000e+00,0.0000000000000000e+00,0.0000000000000000e+00,0.0000000000000000e+00,0.0000000000000000e+00,0.0000000000000000e+00,0.0000000000000000e+00,0.0000000000000000e+00,0.0000000000000000e+00,0.0000000000000000e+00,0.0000000000000000e+00,0.0000000000000000e+00,0.0000000000000000e+00,0.0000000000000000e+00,0.0000000000000000e+00,0.0000000000000000e+00,0.0000000000000000e+00,0.0000000000000000e+00,0.0000000000000000e+00,0.0000000000000000e+00,0.0000000000000000e+00,0.0000000000000000e+00,0.0000000000000000e+00,0.0000000000000000e+00,0.0000000000000000e+00,0.0000000000000000e+00,0.0000000000000000e+00,0.0000000000000000e+00,0.0000000000000000e+00,0.0000000000000000e+00,0.0000000000000000e+00,0.0000000000000000e+00,0.0000000000000000e+00,0.0000000000000000e+00,0.0000000000000000e+00,0.0000000000000000e+00,0.0000000000000000e+00,0.0000000000000000e+00,0.0000000000000000e+00,0.0000000000000000e+00,0.0000000000000000e+00,0.0000000000000000e+00,0.0000000000000000e+00,0.0000000000000000e+00,0.0000000000000000e+00,0.0000000000000000e+00,0.0000000000000000e+00,0.0000000000000000e+00,0.0000000000000000e+00,0.0000000000000000e+00,0.0000000000000000e+00,0.0000000000000000e+00,0.0000000000000000e+00,0.0000000000000000e+00,0.0000000000000000e+00,0.0000000000000000e+00,0.0000000000000000e+00,0.0000000000000000e+00,0.0000000000000000e+00,0.0000000000000000e+00,0.0000000000000000e+00,0.0000000000000000e+00,0.0000000000000000e+00,0.0000000000000000e+00,0.0000000000000000e+00,0.0000000000000000e+00,0.0000000000000000e+00,0.0000000000000000e+00,0.0000000000000000e+00,0.0000000000000000e+00,0.0000000000000000e+00,0.0000000000000000e+00,0.0000000000000000e+00,0.0000000000000000e+00,0.0000000000000000e+00,0.0000000000000000e+00,0.0000000000000000e+00,0.0000000000000000e+00,0.0000000000000000e+00,0.0000000000000000e+00,0.0000000000000000e+00,0.0000000000000000e+00,0.0000000000000000e+00,0.0000000000000000e+00,0.0000000000000000e+00,0.0000000000000000e+00,0.0000000000000000e+00,0.0000000000000000e+00,0.0000000000000000e+00,0.0000000000000000e+00,0.0000000000000000e+00,0.0000000000000000e+00,0.0000000000000000e+00,0.0000000000000000e+00,0.0000000000000000e+00,0.0000000000000000e+00,0.0000000000000000e+00,0.0000000000000000e+00,0.0000000000000000e+00,0.0000000000000000e+00,0.0000000000000000e+00,0.0000000000000000e+00,0.0000000000000000e+00,0.0000000000000000e+00,0.0000000000000000e+00,0.0000000000000000e+00,0.0000000000000000e+00,0.0000000000000000e+00,0.0000000000000000e+00,0.0000000000000000e+00,0.0000000000000000e+00,0.0000000000000000e+00,0.0000000000000000e+00,0.0000000000000000e+00,0.0000000000000000e+00,0.0000000000000000e+00,0.0000000000000000e+00,0.0000000000000000e+00,0.0000000000000000e+00,0.0000000000000000e+00,0.0000000000000000e+00,0.0000000000000000e+00,0.0000000000000000e+00,0.0000000000000000e+00,0.0000000000000000e+00,0.0000000000000000e+00,0.0000000000000000e+00,0.0000000000000000e+00,0.0000000000000000e+00,0.0000000000000000e+00,0.0000000000000000e+00,0.0000000000000000e+00,0.0000000000000000e+00,0.0000000000000000e+00,0.0000000000000000e+00,0.0000000000000000e+00,0.0000000000000000e+00,0.0000000000000000e+00,0.0000000000000000e+00,0.0000000000000000e+00,0.0000000000000000e+00,0.0000000000000000e+00,0.0000000000000000e+00,0.0000000000000000e+00,0.0000000000000000e+00,0.0000000000000000e+00,0.0000000000000000e+00,0.0000000000000000e+00,0.0000000000000000e+00,0.0000000000000000e+00,0.0000000000000000e+00,0.0000000000000000e+00,0.0000000000000000e+00,0.0000000000000000e+00,0.0000000000000000e+00,0.0000000000000000e+00,0.0000000000000000e+00,0.0000000000000000e+00,0.0000000000000000e+00,0.0000000000000000e+00,0.0000000000000000e+00,0.0000000000000000e+00,0.0000000000000000e+00,0.0000000000000000e+00,0.0000000000000000e+00,0.0000000000000000e+00,0.0000000000000000e+00,0.0000000000000000e+00,0.0000000000000000e+00,0.0000000000000000e+00,0.0000000000000000e+00,0.0000000000000000e+00,0.0000000000000000e+00,0.0000000000000000e+00,0.0000000000000000e+00,0.0000000000000000e+00,0.0000000000000000e+00,0.0000000000000000e+00,0.0000000000000000e+00,0.0000000000000000e+00,0.0000000000000000e+00,0.0000000000000000e+00,0.0000000000000000e+00,0.0000000000000000e+00,0.0000000000000000e+00,0.0000000000000000e+00,0.0000000000000000e+00,0.0000000000000000e+00,0.0000000000000000e+00,0.0000000000000000e+00,0.0000000000000000e+00,0.0000000000000000e+00,0.0000000000000000e+00,0.0000000000000000e+00,0.0000000000000000e+00,0.0000000000000000e+00,0.0000000000000000e+00,0.0000000000000000e+00,0.0000000000000000e+00,0.0000000000000000e+00,0.0000000000000000e+00,0.0000000000000000e+00,0.0000000000000000e+00,0.0000000000000000e+00,0.0000000000000000e+00,0.0000000000000000e+00,0.0000000000000000e+00,0.0000000000000000e+00,0.0000000000000000e+00,0.0000000000000000e+00,0.0000000000000000e+00,0.0000000000000000e+00,0.0000000000000000e+00,0.0000000000000000e+00,0.0000000000000000e+00,0.0000000000000000e+00,0.0000000000000000e+00,0.0000000000000000e+00,0.0000000000000000e+00,0.0000000000000000e+00,0.0000000000000000e+00,0.0000000000000000e+00,0.0000000000000000e+00,0.0000000000000000e+00,0.0000000000000000e+00,0.0000000000000000e+00,0.0000000000000000e+00,0.0000000000000000e+00,0.0000000000000000e+00,0.0000000000000000e+00,0.0000000000000000e+00,0.0000000000000000e+00,0.0000000000000000e+00,0.0000000000000000e+00,0.0000000000000000e+00,0.0000000000000000e+00,0.0000000000000000e+00,0.0000000000000000e+00,0.0000000000000000e+00,0.0000000000000000e+00,0.0000000000000000e+00,0.0000000000000000e+00,0.0000000000000000e+00,0.0000000000000000e+00,0.0000000000000000e+00,0.0000000000000000e+00,0.0000000000000000e+00,0.0000000000000000e+00,0.0000000000000000e+00,0.0000000000000000e+00,0.0000000000000000e+00,0.0000000000000000e+00,0.0000000000000000e+00,0.0000000000000000e+00,0.0000000000000000e+00,0.0000000000000000e+00,0.0000000000000000e+00,0.0000000000000000e+00,0.0000000000000000e+00,0.0000000000000000e+00,0.0000000000000000e+00,0.0000000000000000e+00,0.0000000000000000e+00,0.0000000000000000e+00,0.0000000000000000e+00,0.0000000000000000e+00,0.0000000000000000e+00,0.0000000000000000e+00,0.0000000000000000e+00,0.0000000000000000e+00,0.0000000000000000e+00,0.0000000000000000e+00,0.0000000000000000e+00,0.0000000000000000e+00,0.0000000000000000e+00,0.0000000000000000e+00,0.0000000000000000e+00,0.0000000000000000e+00,0.0000000000000000e+00,0.0000000000000000e+00,0.0000000000000000e+00,0.0000000000000000e+00,0.0000000000000000e+00,0.0000000000000000e+00,0.0000000000000000e+00,0.0000000000000000e+00,0.0000000000000000e+00,0.0000000000000000e+00,0.0000000000000000e+00,0.0000000000000000e+00,0.0000000000000000e+00,0.0000000000000000e+00,0.0000000000000000e+00,0.0000000000000000e+00,0.0000000000000000e+00,0.0000000000000000e+00,0.0000000000000000e+00,0.0000000000000000e+00,0.0000000000000000e+00,0.0000000000000000e+00,0.0000000000000000e+00,0.0000000000000000e+00,0.0000000000000000e+00,0.0000000000000000e+00,0.0000000000000000e+00,0.0000000000000000e+00,0.0000000000000000e+00,0.0000000000000000e+00,0.0000000000000000e+00,0.0000000000000000e+00,0.0000000000000000e+00,0.0000000000000000e+00,0.0000000000000000e+00,0.0000000000000000e+00,0.0000000000000000e+00,0.0000000000000000e+00,0.0000000000000000e+00,0.0000000000000000e+00,0.0000000000000000e+00,0.0000000000000000e+00,0.0000000000000000e+00,0.0000000000000000e+00,0.0000000000000000e+00,0.0000000000000000e+00,0.0000000000000000e+00,0.0000000000000000e+00,0.0000000000000000e+00,0.0000000000000000e+00,0.0000000000000000e+00,0.0000000000000000e+00,0.0000000000000000e+00,0.0000000000000000e+00,0.0000000000000000e+00,0.0000000000000000e+00,0.0000000000000000e+00,0.0000000000000000e+00,0.0000000000000000e+00,0.0000000000000000e+00,0.0000000000000000e+00,0.0000000000000000e+00,0.0000000000000000e+00,0.0000000000000000e+00,0.0000000000000000e+00,0.0000000000000000e+00,0.0000000000000000e+00,0.0000000000000000e+00,0.0000000000000000e+00,0.0000000000000000e+00,0.0000000000000000e+00,0.0000000000000000e+00,0.0000000000000000e+00,0.0000000000000000e+00,0.0000000000000000e+00,0.0000000000000000e+00,0.0000000000000000e+00,0.0000000000000000e+00,0.0000000000000000e+00,0.0000000000000000e+00,0.0000000000000000e+00,0.0000000000000000e+00,0.0000000000000000e+00,0.0000000000000000e+00,0.0000000000000000e+00,0.0000000000000000e+00,0.0000000000000000e+00,0.0000000000000000e+00,0.0000000000000000e+00,0.0000000000000000e+00,0.0000000000000000e+00,0.0000000000000000e+00,0.0000000000000000e+00,0.0000000000000000e+00,0.0000000000000000e+00,0.0000000000000000e+00,0.0000000000000000e+00,0.0000000000000000e+00,0.0000000000000000e+00,0.0000000000000000e+00,0.0000000000000000e+00,0.0000000000000000e+00,0.0000000000000000e+00,0.0000000000000000e+00,0.0000000000000000e+00,0.0000000000000000e+00,0.0000000000000000e+00,0.0000000000000000e+00,0.0000000000000000e+00,0.0000000000000000e+00,0.0000000000000000e+00,0.0000000000000000e+00,0.0000000000000000e+00,0.0000000000000000e+00,0.0000000000000000e+00,0.0000000000000000e+00,0.0000000000000000e+00,0.0000000000000000e+00,0.0000000000000000e+00,0.0000000000000000e+00,0.0000000000000000e+00,0.0000000000000000e+00,0.0000000000000000e+00,0.0000000000000000e+00,0.0000000000000000e+00,0.0000000000000000e+00,0.0000000000000000e+00,0.0000000000000000e+00,0.0000000000000000e+00,0.0000000000000000e+00,0.0000000000000000e+00,0.0000000000000000e+00,0.0000000000000000e+00,0.0000000000000000e+00,0.0000000000000000e+00,0.0000000000000000e+00,0.0000000000000000e+00,0.0000000000000000e+00,0.0000000000000000e+00,0.0000000000000000e+00,0.0000000000000000e+00,0.0000000000000000e+00,0.0000000000000000e+00,0.0000000000000000e+00,0.0000000000000000e+00,0.0000000000000000e+00,0.0000000000000000e+00,0.0000000000000000e+00,0.0000000000000000e+00,0.0000000000000000e+00,0.0000000000000000e+00,0.0000000000000000e+00,0.0000000000000000e+00,0.0000000000000000e+00,0.0000000000000000e+00,0.0000000000000000e+00,0.0000000000000000e+00,0.0000000000000000e+00,0.0000000000000000e+00,0.0000000000000000e+00,0.0000000000000000e+00,0.0000000000000000e+00,0.0000000000000000e+00,0.0000000000000000e+00,0.0000000000000000e+00,0.0000000000000000e+00,0.0000000000000000e+00,0.0000000000000000e+00,0.0000000000000000e+00,0.0000000000000000e+00,0.0000000000000000e+00,0.0000000000000000e+00,0.0000000000000000e+00,0.0000000000000000e+00,0.0000000000000000e+00,0.0000000000000000e+00,0.0000000000000000e+00,0.0000000000000000e+00,0.0000000000000000e+00,0.0000000000000000e+00,0.0000000000000000e+00,0.0000000000000000e+00,0.0000000000000000e+00,0.0000000000000000e+00,0.0000000000000000e+00,0.0000000000000000e+00,0.0000000000000000e+00,0.0000000000000000e+00,0.0000000000000000e+00,0.0000000000000000e+00,0.0000000000000000e+00,0.0000000000000000e+00,0.0000000000000000e+00,0.0000000000000000e+00,0.0000000000000000e+00,0.0000000000000000e+00,0.0000000000000000e+00,0.0000000000000000e+00,0.0000000000000000e+00,0.0000000000000000e+00,0.0000000000000000e+00,0.0000000000000000e+00,0.0000000000000000e+00,0.0000000000000000e+00,0.0000000000000000e+00,0.0000000000000000e+00,0.0000000000000000e+00,0.0000000000000000e+00,0.0000000000000000e+00,0.0000000000000000e+00,0.0000000000000000e+00,0.0000000000000000e+00,0.0000000000000000e+00,0.0000000000000000e+00,0.0000000000000000e+00,0.0000000000000000e+00,0.0000000000000000e+00,0.0000000000000000e+00,0.0000000000000000e+00,0.0000000000000000e+00,0.0000000000000000e+00,0.0000000000000000e+00,0.0000000000000000e+00,0.0000000000000000e+00,0.0000000000000000e+00,0.0000000000000000e+00,0.0000000000000000e+00,0.0000000000000000e+00,0.0000000000000000e+00,0.0000000000000000e+00,0.0000000000000000e+00,0.0000000000000000e+00,0.0000000000000000e+00,0.0000000000000000e+00,0.0000000000000000e+00,0.0000000000000000e+00,0.0000000000000000e+00,0.0000000000000000e+00,0.0000000000000000e+00,0.0000000000000000e+00,0.0000000000000000e+00,0.0000000000000000e+00,0.0000000000000000e+00,0.0000000000000000e+00,0.0000000000000000e+00,0.0000000000000000e+00,0.0000000000000000e+00,0.0000000000000000e+00,0.0000000000000000e+00,0.0000000000000000e+00,0.0000000000000000e+00,0.0000000000000000e+00,0.0000000000000000e+00,0.0000000000000000e+00,0.0000000000000000e+00,0.0000000000000000e+00,0.0000000000000000e+00,0.0000000000000000e+00,0.0000000000000000e+00,0.0000000000000000e+00,0.0000000000000000e+00,0.0000000000000000e+00,0.0000000000000000e+00,0.0000000000000000e+00,0.0000000000000000e+00,0.0000000000000000e+00,0.0000000000000000e+00,0.0000000000000000e+00,0.0000000000000000e+00,0.0000000000000000e+00,0.0000000000000000e+00,0.0000000000000000e+00,0.0000000000000000e+00,0.0000000000000000e+00,0.0000000000000000e+00,0.0000000000000000e+00,0.0000000000000000e+00,0.0000000000000000e+00,0.0000000000000000e+00,0.0000000000000000e+00,0.0000000000000000e+00,0.0000000000000000e+00,0.0000000000000000e+00,0.0000000000000000e+00,0.0000000000000000e+00,0.0000000000000000e+00,0.0000000000000000e+00,0.0000000000000000e+00,0.0000000000000000e+00,0.0000000000000000e+00,0.0000000000000000e+00,0.0000000000000000e+00,0.0000000000000000e+00,0.0000000000000000e+00,0.0000000000000000e+00,0.0000000000000000e+00,0.0000000000000000e+00,0.0000000000000000e+00,0.0000000000000000e+00,0.0000000000000000e+00,0.0000000000000000e+00,0.0000000000000000e+00,0.0000000000000000e+00,0.0000000000000000e+00,0.0000000000000000e+00,0.0000000000000000e+00,0.0000000000000000e+00,0.0000000000000000e+00,0.0000000000000000e+00,0.0000000000000000e+00,0.0000000000000000e+00,0.0000000000000000e+00,0.0000000000000000e+00,0.0000000000000000e+00,0.0000000000000000e+00,0.0000000000000000e+00,0.0000000000000000e+00,0.0000000000000000e+00,0.0000000000000000e+00,0.0000000000000000e+00,0.0000000000000000e+00,0.0000000000000000e+00,0.0000000000000000e+00,0.0000000000000000e+00,0.0000000000000000e+00,0.0000000000000000e+00,0.0000000000000000e+00,0.0000000000000000e+00,0.0000000000000000e+00,0.0000000000000000e+00,0.0000000000000000e+00,0.0000000000000000e+00,0.0000000000000000e+00,0.0000000000000000e+00,0.0000000000000000e+00,0.0000000000000000e+00,0.0000000000000000e+00,0.0000000000000000e+00
4.4775792296334469e+00,2.5624445544973069e+00,2.5624445544973069e+00,4.4775792296334469e+00,4.4775792296334469e+00,4.4775792296334469e+00,3.4103219720894380e+00,2.5624445544973069e+00,2.5624445544973069e+00,4.4775792296334469e+00,4.4775792296334469e+00,4.4775792296334469e+00,6.2200266365656418e+00,6.2200266365656418e+00,8.6387411604964670e-01,4.4775792296334469e+00,1.7236201945368821e+00,4.4775792296334469e+00,4.4775792296334469e+00,3.4103219720894380e+00,4.4775792296334469e+00,0.0000000000000000e+00,4.1046991407865638e+00,0.0000000000000000e+00,0.0000000000000000e+00,4.1046991407865638e+00,4.1046991407865638e+00,1.7236201945368821e+00,4.4775792296334469e+00,4.4775792296334469e+00,1.7236201945368821e+00,1.7236201945368821e+00,3.4103219720894380e+00,4.4775792296334469e+00,1.7236201945368821e+00,4.1046991407865638e+00,4.1046991407865638e+00,1.7236201945368821e+00,3.4103219720894380e+00,4.4775792296334469e+00,4.4775792296334469e+00,8.6387411604964670e-01,3.4103219720894380e+00,1.7236201945368821e+00,3.4103219720894380e+00,2.5624445544973069e+00,2.5624445544973069e+00,3.4103219720894380e+00,8.6387411604964670e-01,4.1046991407865638e+00,4.1046991407865638e+00,3.4103219720894380e+00,8.6387411604964670e-01,4.1046991407865638e+00,4.4775792296334469e+00,4.4775792296334469e+00,3.4103219720894380e+00,3.4103219720894380e+00,4.4775792296334469e+00,2.5624445544973069e+00,4.1046991407865638e+00,4.4775792296334469e+00,3.4103219720894380e+00,6.2200266365656418e+00,8.6387411604964670e-01,4.1046991407865638e+00,4.1046991407865638e+00,4.1046991407865638e+00,3.4103219720894380e+00,4.1046991407865638e+00,4.4775792296334469e+00,4.1046991407865638e+00,4.1046991407865638e+00,4.1046991407865638e+00,4.1046991407865638e+00,3.4103219720894380e+00,4.1046991407865638e+00,1.7236201945368821e+00,4.1046991407865638e+00,3.4103219720894380e+00,4.4775792296334469e+00,2.5624445544973069e+00,4.4775792296334469e+00,8.6387411604964670e-01,4.1046991407865638e+00,6.2200266365656418e+00,2.5624445544973069e+00,2.5624445544973069e+00,2.5624445544973069e+00,4.1046991407865638e+00,0.0000000000000000e+00,1.7236201945368821e+00,4.1046991407865638e+00,3.4103219720894380e+00,8.6387411604964670e-01,4.4775792296334469e+00,4.1046991407865638e+00,4.1046991407865638e+00,2.5624445544973069e+00,4.1046991407865638e+00,3.4103219720894380e+00,4.1046991407865638e+00,3.4103219720894380e+00,4.1046991407865638e+00,3.4103219720894380e+00,2.5624445544973069e+00,4.4775792296334469e+00,1.7236201945368821e+00,1.7236201945368821e+00,1.7236201945368821e+00,4.1046991407865638e+00,2.5624445544973069e+00,3.4103219720894380e+00,0.0000000000000000e+00,4.1046991407865638e+00,4.4775792296334469e+00,4.4775792296334469e+00,4.4775792296334469e+00,4.1046991407865638e+00,4.1046991407865638e+00,0.0000000000000000e+00,4.1046991407865638e+00,4.1046991407865638e+00,4.1046991407865638e+00,3.4103219720894380e+00,4.1046991407865638e+00,4.4775792296334469e+00,3.4103219720894380e+00,4.4775792296334469e+00,3.4103219720894380e+00,4.1046991407865638e+00,6.2200266365656418e+00,3.4103219720894380e+00,3.4103219720894380e+00,8.6387411604964670e-01,4.1046991407865638e+00,4.4775792296334469e+00,4.4775792296334469e+00,4.4775792296334469e+00,8.6387411604964670e-01,4.1046991407865638e+00,2.5624445544973069e+00,3.4103219720894380e+00,4.1046991407865638e+00,8.6387411604964670e-01,3.4103219720894380e+00,4.4775792296334469e+00,2.5624445544973069e+00,3.4103219720894380e+00,4.4775792296334469e+00,3.4103219720894380e+00,4.1046991407865638e+00,4.4775792296334469e+00,4.4775792296334469e+00,4.4775792296334469e+00,4.1046991407865638e+00,3.4103219720894380e+00,4.4775792296334469e+00,4.4775792296334469e+00,6.2200266365656418e+00,4.4775792296334469e+00,8.6387411604964670e-01,6.2200266365656418e+00,8.6387411604964670e-01,4.1046991407865638e+00,4.4775792296334469e+00,4.4775792296334469e+00,6.2200266365656418e+00,1.7236201945368821e+00,4.4775792296334469e+00,4.1046991407865638e+00,4.4775792296334469e+00,4.1046991407865638e+00,1.7236201945368821e+00,4.4775792296334469e+00,1.7236201945368821e+00,3.4103219720894380e+00,3.4103219720894380e+00,6.2200266365656418e+00,2.5624445544973069e+00,6.2200266365656418e+00,3.4103219720894380e+00,4.4775792296334469e+00,4.4775792296334469e+00,4.4775792296334469e+00,2.5624445544973069e+00,1.7236201945368821e+00,3.4103219720894380e+00,6.2200266365656418e+00,2.5624445544973069e+00,3.4103219720894380e+00,4.1046991407865638e+00,3.4103219720894380e+00,8.6387411604964670e-01,6.2200266365656418e+00,6.2200266365656418e+00,2.5624445544973069e+00,3.4103219720894380e+00,3.4103219720894380e+00,6.2200266365656418e+00,3.4103219720894380e+00,6.2200266365656418e+00,6.2200266365656418e+00,0.0000000000000000e+00,4.4775792296334469e+00,3.4103219720894380e+00,6.2200266365656418e+00,6.2200266365656418e+00,4.4775792296334469e+00,4.4775792296334469e+00,8.6387411604964670e-01,4.4775792296334469e+00,4.4775792296334469e+00,4.1046991407865638e+00,4.1046991407865638e+00,8.6387411604964670e-01,6.2200266365656418e+00,6.2200266365656418e+00,1.7236201945368821e+00,4.1046991407865638e+00,1.7236201945368821e+00,0.0000000000000000e+00,2.5624445544973069e+00,4.1046991407865638e+00,4.4775792296334469e+00,0.0000000000000000e+00,3.4103219720894380e+00,6.2200266365656418e+00,3.4103219720894380e+00,6.2200266365656418e+00,2.5624445544973069e+00,2.5624445544973069e+00,1.7236201945368821e+00,6.2200266365656418e+00,2.5624445544973069e+00,4.1046991407865638e+00,3.4103219720894380e+00,3.4103219720894380e+00,3.4103219720894380e+00,0.0000000000000000e+00,3.4103219720894380e+00,0.0000000000000000e+00,6.2200266365656418e+00,8.6387411604964670e-01,4.4775792296334469e+00,0.0000000000000000e+00,3.4103219720894380e+00,6.2200266365656418e+00,6.2200266365656418e+00,6.2200266365656418e+00,4.4775792296334469e+00,4.4775792296334469e+00,6.2200266365656418e+00,4.4775792296334469e+00,4.1046991407865638e+00,4.4775792296334469e+00,4.1046991407865638e+00,6.2200266365656418e+00,0.0000000000000000e+00,3.4103219720894380e+00,2.5624445544973069e+00,6.2200266365656418e+00,0.0000000000000000e+00,6.2200266365656418e+00,3.4103219720894380e+00,0.0000000000000000e+00,4.1046991407865638e+00,3.4103219720894380e+00,0.0000000000000000e+00,3.4103219720894380e+00,6.2200266365656418e+00,1.7236201945368821e+00,6.2200266365656418e+00,6.2200266365656418e+00,4.4775792296334469e+00,3.4103219720894380e+00,3.4103219720894380e+00,4.1046991407865638e+00,6.2200266365656418e+00,4.1046991407865638e+00,6.2200266365656418e+00,4.4775792296334469e+00,6.2200266365656418e+00,4.4775792296334469e+00,4.1046991407865638e+00,4.4775792296334469e+00,8.6387411604964670e-01,4.4775792296334469e+00,4.4775792296334469e+00,0.0000000000000000e+00,6.2200266365656418e+00,4.4775792296334469e+00,0.0000000000000000e+00,4.1046991407865638e+00,4.4775792296334469e+00,8.6387411604964670e-01,6.2200266365656418e+00,3.4103219720894380e+00,4.4775792296334469e+00,8.6387411604964670e-01,4.4775792296334469e+00,3.4103219720894380e+00,4.1046991407865638e+00,4.1046991407865638e+00,4.1046991407865638e+00,4.1046991407865638e+00,6.2200266365656418e+00,4.1046991407865638e+00,4.4775792296334469e+00,8.6387411604964670e-01,4.4775792296334469e+00,3.4103219720894380e+00,6.2200266365656418e+00,4.4775792296334469e+00,6.2200266365656418e+00,6.2200266365656418e+00,4.1046991407865638e+00,6.2200266365656418e+00,4.1046991407865638e+00,0.0000000000000000e+00,0.0000000000000000e+00,6.2200266365656418e+00,0.0000000000000000e+00,6.2200266365656418e+00,6.2200266365656418e+00,6.2200266365656418e+00,6.2200266365656418e+00,6.2200266365656418e+00,6.2200266365656418e+00,1.7236201945368821e+00,3.4103219720894380e+00,6.2200266365656418e+00,4.1046991407865638e+00,6.2200266365656418e+00,6.2200266365656418e+00,1.7236201945368821e+00,4.1046991407865638e+00,4.1046991407865638e+00,6.2200266365656418e+00,6.2200266365656418e+00,1.7236201945368821e+00,3.4103219720894380e+00,8.6387411604964670e-01,6.2200266365656418e+00,8.6387411604964670e-01,6.2200266365656418e+00,6.2200266365656418e+00,6.2200266365656418e+00,6.2200266365656418e+00,4.1046991407865638e+00,1.7236201945368821e+00,0.0000000000000000e+00,6.2200266365656418e+00,6.2200266365656418e+00,6.2200266365656418e+00,4.1046991407865638e+00,4.1046991407865638e+00,6.2200266365656418e+00,6.2200266365656418e+00,6.2200266365656418e+00,2.5624445544973069e+00,6.2200266365656418e+00,1.7236201945368821e+00,2.5624445544973069e+00,4.1046991407865638e+00,4.4775792296334469e+00,4.4775792296334469e+00,1.7236201945368821e+00,6.2200266365656418e+00,1.7236201945368821e+00,8.6387411604964670e-01,3.4103219720894380e+00,6.2200266365656418e+00,2.5624445544973069e+00,4.1046991407865638e+00,4.1046991407865638e+00,0.0000000000000000e+00,6.2200266365656418e+00,4.1046991407865638e+00,3.4103219720894380e+00,6.2200266365656418e+00,4.1046991407865638e+00,2.5624445544973069e+00,4.1046991407865638e+00,2.5624445544973069e+00,4.4775792296334469e+00,4.1046991407865638e+00,3.4103219720894380e+00,6.2200266365656418e+00,8.6387411604964670e-01,0.0000000000000000e+00,3.4103219720894380e+00,2.5624445544973069e+00,1.7236201945368821e+00,3.4103219720894380e+00,3.4103219720894380e+00,8.6387411604964670e-01,0.0000000000000000e+00,6.2200266365656418e+00,4.1046991407865638e+00,4.1046991407865638e+00,1.7236201945368821e+00,3.4103219720894380e+00,4.4775792296334469e+00,2.5624445544973069e+00,2.5624445544973069e+00,4.4775792296334469e+00,6.2200266365656418e+00,4.1046991407865638e+00,4.4775792296334469e+00,2.5624445544973069e+00,4.1046991407865638e+00,2.5624445544973069e+00,4.1046991407865638e+00,2.5624445544973069e+00,0.0000000000000000e+00,4.1046991407865638e+00,6.2200266365656418e+00,4.1046991407865638e+00,8.6387411604964670e-01,3.4103219720894380e+00,6.2200266365656418e+00,6.2200266365656418e+00,0.0000000000000000e+00,3.4103219720894380e+00,4.1046991407865638e+00,8.6387411604964670e-01,3.4103219720894380e+00,4.1046991407865638e+00,3.4103219720894380e+00,4.4775792296334469e+00,4.4775792296334469e+00,6.2200266365656418e+00,6.2200266365656418e+00,0.0000000000000000e+00,8.6387411604964670e-01,2.5624445544973069e+00,8.6387411604964670e-01,4.4775792296334469e+00,4.1046991407865638e+00,1.7236201945368821e+00,4.4775792296334469e+00,4.1046991407865638e+00,4.1046991407865638e+00,4.4775792296334469e+00,4.4775792296334469e+00,4.1046991407865638e+00,1.7236201945368821e+00,1.7236201945368821e+00,1.7236201945368821e+00,4.1046991407865638e+00,6.2200266365656418e+00,8.6387411604964670e-01,0.0000000000000000e+00,2.5624445544973069e+00,8.6387411604964670e-01,1.7236201945368821e+00,6.2200266365656418e+00,6.2200266365656418e+00,8.6387411604964670e-01,4.4775792296334469e+00,6.2200266365656418e+00,1.7236201945368821e+00,4.4775792296334469e+00,1.7236201945368821e+00,6.2200266365656418e+00,3.4103219720894380e+00,6.2200266365656418e+00,6.2200266365656418e+00,1.7236201945368821e+00,2.5624445544973069e+00,2.5624445544973069e+00,4.1046991407865638e+00,6.2200266365656418e+00,6.2200266365656418e+00,4.1046991407865638e+00,6.2200266365656418e+00,4.1046991407865638e+00,4.4775792296334469e+00,2.5624445544973069e+00,6.2200266365656418e+00,1.7236201945368821e+00,4.4775792296334469e+00,3.4103219720894380e+00,6.2200266365656418e+00,6.2200266365656418e+00,6.2200266365656418e+00,6.2200266365656418e+00,4.1046991407865638e+00,6.2200266365656418e+00,6.2200266365656418e+00,6.2200266365656418e+00,1.7236201945368821e+00,3.4103219720894380e+00,6.2200266365656418e+00,6.2200266365656418e+00,2.5624445544973069e+00,6.2200266365656418e+00,6.2200266365656418e+00,8.6387411604964670e-01,4.4775792296334469e+00,2.5624445544973069e+00,4.4775792296334469e+00,4.4775792296334469e+00,0.0000000000000000e+00,4.4775792296334469e+00,4.4775792296334469e+00,6.2200266365656418e+00,6.2200266365656418e+00,3.4103219720894380e+00,6.2200266365656418e+00,6.2200266365656418e+00,0.0000000000000000e+00,2.5624445544973069e+00,3.4103219720894380e+00,6.2200266365656418e+00,1.7236201945368821e+00,4.4775792296334469e+00,4.4775792296334469e+00,1.7236201945368821e+00,4.4775792296334469e+00,4.1046991407865638e+00,6.2200266365656418e+00,1.7236201945368821e+00,6.2200266365656418e+00,6.2200266365656418e+00,6.2200266365656418e+00,6.2200266365656418e+00,6.2200266365656418e+00,6.2200266365656418e+00,6.2200266365656418e+00,2.5624445544973069e+00,6.2200266365656418e+00,4.4775792296334469e+00,6.2200266365656418e+00,6.2200266365656418e+00,4.1046991407865638e+00,4.4775792296334469e+00,4.4775792296334469e+00,3.4103219720894380e+00,2.5624445544973069e+00,8.6387411604964670e-01,8.6387411604964670e-01,3.4103219720894380e+00,3.4103219720894380e+00,3.4103219720894380e+00,6.2200266365656418e+00,6.2200266365656418e+00,4.4775792296334469e+00,6.2200266365656418e+00,1.7236201945368821e+00,6.2200266365656418e+00,6.2200266365656418e+00,3.4103219720894380e+00,4.1046991407865638e+00,4.4775792296334469e+00,6.2200266365656418e+00,4.4775792296334469e+00,2.5624445544973069e+00,4.4775792296334469e+00,4.4775792296334469e+00,6.2200266365656418e+00,4.4775792296334469e+00,0.0000000000000000e+00,4.4775792296334469e+00,6.2200266365656418e+00,4.4775792296334469e+00,1.7236201945368821e+00,4.1046991407865638e+00,6.2200266365656418e+00,0.0000000000000000e+00,3.4103219720894380e+00,4.4775792296334469e+00,4.4775792296334469e+00,3.4103219720894380e+00,4.1046991407865638e+00,1.7236201945368821e+00,6.2200266365656418e+00,4.1046991407865638e+00,3.4103219720894380e+00,4.4775792296334469e+00,3.4103219720894380e+00,8.6387411604964670e-01,1.7236201945368821e+00,6.2200266365656418e+00,0.0000000000000000e+00,6.2200266365656418e+00,3.4103219720894380e+00,3.4103219720894380e+00,3.4103219720894380e+00,6.2200266365656418e+00,4.1046991407865638e+00,4.1046991407865638e+00,4.1046991407865638e+00,6.2200266365656418e+00,3.4103219720894380e+00,6.2200266365656418e+00,8.6387411604964670e-01,3.4103219720894380e+00,3.4103219720894380e+00,3.4103219720894380e+00,2.5624445544973069e+00,2.5624445544973069e+00,6.2200266365656418e+00,0.0000000000000000e+00,4.4775792296334469e+00,6.2200266365656418e+00,6.2200266365656418e+00,3.4103219720894380e+00,4.1046991407865638e+00,6.2200266365656418e+00,6.2200266365656418e+00,1.7236201945368821e+00,6.2200266365656418e+00,1.7236201945368821e+00,3.4103219720894380e+00,3.4103219720894380e+00,6.2200266365656418e+00,4.1046991407865638e+00,3.4103219720894380e+00,3.4103219720894380e+00,3.4103219720894380e+00,2.5624445544973069e+00,6.2200266365656418e+00,3.4103219720894380e+00,6.2200266365656418e+00,4.4775792296334469e+00,0.0000000000000000e+00,4.1046991407865638e+00,4.4775792296334469e+00,4.4775792296334469e+00,2.5624445544973069e+00,6.2200266365656418e+00,0.0000000000000000e+00,4.4775792296334469e+00,4.1046991407865638e+00,2.5624445544973069e+00,4.1046991407865638e+00,8.6387411604964670e-01,6.2200266365656418e+00,4.4775792296334469e+00,0.0000000000000000e+00,6.2200266365656418e+00,1.7236201945368821e+00,6.2200266365656418e+00,6.2200266365656418e+00,6.2200266365656418e+00,8.6387411604964670e-01,8.6387411604964670e-01,8.6387411604964670e-01,8.6387411604964670e-01,4.1046991407865638e+00,3.4103219720894380e+00,6.2200266365656418e+00,4.1046991407865638e+00,6.2200266365656418e+00,1.7236201945368821e+00,1.7236201945368821e+00,8.6387411604964670e-01,2.5624445544973069e+00,0.0000000000000000e+00,3.4103219720894380e+00,0.0000000000000000e+00,4.1046991407865638e+00,3.4103219720894380e+00,4.4775792296334469e+00,6.2200266365656418e+00,4.1046991407865638e+00,4.4775792296334469e+00,4.4775792296334469e+00,6.2200266365656418e+00,3.4103219720894380e+00,3.4103219720894380e+00,6.2200266365656418e+00,3.4103219720894380e+00,8.6387411604964670e-01,4.1046991407865638e+00,4.4775792296334469e+00,4.1046991407865638e+00,6.2200266365656418e+00,3.4103219720894380e+00,4.4775792296334469e+00,3.4103219720894380e+00,4.4775792296334469e+00,6.2200266365656418e+00,6.2200266365656418e+00,6.2200266365656418e+00,4.1046991407865638e+00,0.0000000000000000e+00,0.0000000000000000e+00,4.4775792296334469e+00,4.4775792296334469e+00,4.4775792296334469e+00,8.6387411604964670e-01,4.1046991407865638e+00,6.2200266365656418e+00,6.2200266365656418e+00,6.2200266365656418e+00,1.7236201945368821e+00,0.0000000000000000e+00,0.0000000000000000e+00,6.2200266365656418e+00,4.1046991407865638e+00,6.2200266365656418e+00,1.7236201945368821e+00,6.2200266365656418e+00,8.6387411604964670e-01,4.4775792296334469e+00,1.7236201945368821e+00,0.0000000000000000e+00,4.4775792296334469e+00,4.1046991407865638e+00,4.4775792296334469e+00,0.0000000000000000e+00,4.4775792296334469e+00,4.4775792296334469e+00,2.5624445544973069e+00,3.4103219720894380e+00,4.4775792296334469e+00,1.7236201945368821e+00,6.2200266365656418e+00,3.4103219720894380e+00,6.2200266365656418e+00,3.4103219720894380e+00,3.4103219720894380e+00,4.4775792296334469e+00,4.4775792296334469e+00,4.4775792296334469e+00,8.6387411604964670e-01,4.1046991407865638e+00,2.5624445544973069e+00,4.1046991407865638e+00,1.7236201945368821e+00,1.7236201945368821e+00,4.4775792296334469e+00,4.4775792296334469e+00,4.4775792296334469e+00,4.1046991407865638e+00,6.2200266365656418e+00,0.0000000000000000e+00,3.4103219720894380e+00,4.4775792296334469e+00,6.2200266365656418e+00,6.2200266365656418e+00,3.4103219720894380e+00,4.4775792296334469e+00,3.4103219720894380e+00,4.1046991407865638e+00,6.2200266365656418e+00,4.1046991407865638e+00,6.2200266365656418e+00,8.6387411604964670e-01,3.4103219720894380e+00,6.2200266365656418e+00,4.4775792296334469e+00,4.4775792296334469e+00,4.4775792296334469e+00,4.4775792296334469e+00,4.4775792296334469e+00,4.4775792296334469e+00,4.4775792296334469e+00,6.2200266365656418e+00,4.1046991407865638e+00,3.4103219720894380e+00,4.4775792296334469e+00,4.4775792296334469e+00,6.2200266365656418e+00,6.2200266365656418e+00,3.4103219720894380e+00,6.2200266365656418e+00,2.5624445544973069e+00,3.4103219720894380e+00,4.4775792296334469e+00,4.4775792296334469e+00,3.4103219720894380e+00,6.2200266365656418e+00,1.7236201945368821e+00,4.4775792296334469e+00,6.2200266365656418e+00,6.2200266365656418e+00,2.5624445544973069e+00,6.2200266365656418e+00,6.2200266365656418e+00,4.4775792296334469e+00,6.2200266365656418e+00,4.4775792296334469e+00,4.4775792296334469e+00,4.1046991407865638e+00,6.2200266365656418e+00,6.2200266365656418e+00,2.5624445544973069e+00,4.1046991407865638e+00,3.4103219720894380e+00,6.2200266365656418e+00,3.4103219720894380e+00,3.4103219720894380e+00,6.2200266365656418e+00,0.0000000000000000e+00,8.6387411604964670e-01,1.7236201945368821e+00,0.0000000000000000e+00,0.0000000000000000e+00,4.1046991407865638e+00,8.6387411604964670e-01,6.2200266365656418e+00,6.2200266365656418e+00,6.2200266365656418e+00,8.6387411604964670e-01,6.2200266365656418e+00,4.4775792296334469e+00,4.1046991407865638e+00,4.4775792296334469e+00,6.2200266365656418e+00,3.4103219720894380e+00,6.2200266365656418e+00,2.5624445544973069e+00,3.4103219720894380e+00,3.4103219720894380e+00,3.4103219720894380e+00,6.2200266365656418e+00,4.1046991407865638e+00,6.2200266365656418e+00,3.4103219720894380e+00,6.2200266365656418e+00,0.0000000000000000e+00,0.0000000000000000e+00,4.4775792296334469e+00,6.2200266365656418e+00,8.6387411604964670e-01,6.2200266365656418e+00,2.5624445544973069e+00,0.0000000000000000e+00,4.4775792296334469e+00,4.4775792296334469e+00,2.5624445544973069e+00,2.5624445544973069e+00,6.2200266365656418e+00,6.2200266365656418e+00,6.2200266365656418e+00,3.4103219720894380e+00,6.2200266365656418e+00,4.4775792296334469e+00,0.0000000000000000e+00,4.4775792296334469e+00,2.5624445544973069e+00,6.2200266365656418e+00,6.2200266365656418e+00,1.7236201945368821e+00,6.2200266365656418e+00,0.0000000000000000e+00,8.6387411604964670e-01,2.5624445544973069e+00,4.1046991407865638e+00,4.1046991407865638e+00,3.4103219720894380e+00,1.7236201945368821e+00,3.4103219720894380e+00,3.4103219720894380e+00,4.1046991407865638e+00,4.1046991407865638e+00,2.5624445544973069e+00,8.6387411604964670e-01,4.4775792296334469e+00,6.2200266365656418e+00,6.2200266365656418e+00,0.0000000000000000e+00,6.2200266365656418e+00,6.2200266365656418e+00,1.7236201945368821e+00,6.2200266365656418e+00,4.1046991407865638e+00,4.1046991407865638e+00,6.2200266365656418e+00,6.2200266365656418e+00,6.2200266365656418e+00,6.2200266365656418e+00,4.1046991407865638e+00,6.2200266365656418e+00,4.4775792296334469e+00,4.1046991407865638e+00,6.2200266365656418e+00,2.5624445544973069e+00,2.5624445544973069e+00,4.4775792296334469e+00,6.2200266365656418e+00,3.4103219720894380e+00,6.2200266365656418e+00,6.2200266365656418e+00,6.2200266365656418e+00,1.7236201945368821e+00,6.2200266365656418e+00,3.4103219720894380e+00,3.4103219720894380e+00,1.7236201945368821e+00,6.2200266365656418e+00,3.4103219720894380e+00,2.5624445544973069e+00,1.7236201945368821e+00,4.1046991407865638e+00,4.1046991407865638e+00,4.4775792296334469e+00,3.4103219720894380e+00,6.2200266365656418e+00,6.2200266365656418e+00,4.4775792296334469e+00,2.5624445544973069e+00,3.4103219720894380e+00,3.4103219720894380e+00,4.1046991407865638e+00,4.1046991407865638e+00,4.1046991407865638e+00,4.1046991407865638e+00,3.4103219720894380e+00,4.1046991407865638e+00,4.1046991407865638e+00,6.2200266365656418e+00,1.7236201945368821e+00,6.2200266365656418e+00,3.4103219720894380e+00,3.4103219720894380e+00,4.4775792296334469e+00,0.0000000000000000e+00,0.0000000000000000e+00,2.5624445544973069e+00,3.4103219720894380e+00,4.1046991407865638e+00,6.2200266365656418e+00,8.6387411604964670e-01,2.5624445544973069e+00,1.7236201945368821e+00,6.2200266365656418e+00,6.2200266365656418e+00,3.4103219720894380e+00,6.2200266365656418e+00,6.2200266365656418e+00,2.5624445544973069e+00,6.2200266365656418e+00,6.2200266365656418e+00,6.2200266365656418e+00,6.2200266365656418e+00,2.5624445544973069e+00,6.2200266365656418e+00,6.2200266365656418e+00,8.6387411604964670e-01,6.2200266365656418e+00,6.2200266365656418e+00,1.7236201945368821e+00,6.2200266365656418e+00,6.2200266365656418e+00,1.7236201945368821e+00,4.1046991407865638e+00,0.0000000000000000e+00,6.2200266365656418e+00,6.2200266365656418e+00,6.2200266365656418e+00,6.2200266365656418e+00,4.1046991407865638e+00,3.4103219720894380e+00,4.4775792296334469e+00,0.0000000000000000e+00,4.1046991407865638e+00,3.4103219720894380e+00,0.0000000000000000e+00,3.4103219720894380e+00,4.1046991407865638e+00,4.1046991407865638e+00,3.4103219720894380e+00,3.4103219720894380e+00,2.5624445544973069e+00,8.6387411604964670e-01,3.4103219720894380e+00,1.7236201945368821e+00,2.5624445544973069e+00,0.0000000000000000e+00,4.4775792296334469e+00,6.2200266365656418e+00,6.2200266365656418e+00,6.2200266365656418e+00,6.2200266365656418e+00,4.4775792296334469e+00,4.4775792296334469e+00,3.4103219720894380e+00,2.5624445544973069e+00,6.2200266365656418e+00,0.0000000000000000e+00,4.4775792296334469e+00,1.7236201945368821e+00,4.4775792296334469e+00,4.1046991407865638e+00,4.1046991407865638e+00,4.1046991407865638e+00,4.4775792296334469e+00,4.4775792296334469e+00,6.2200266365656418e+00,1.7236201945368821e+00,4.1046991407865638e+00,6.2200266365656418e+00,6.2200266365656418e+00,0.0000000000000000e+00,3.4103219720894380e+00
7.1567555437023911e-01,0.0000000000000000e+00,7.1567555437023911e-01,7.1567555437023911e-01,1.6053572550013131e+00,7.1567555437023911e-01,3.5222435109327082e+00,4.6141515215604958e+00,0.0000000000000000e+00,7.1567555437023911e-01,7.1567555437023911e-01,1.6053572550013131e+00,3.5222435109327082e+00,3.5222435109327082e+00,3.5222435109327082e+00,3.5222435109327082e+00,0.0000000000000000e+00,0.0000000000000000e+00,3.5222435109327082e+00,7.1567555437023911e-01,2.5483720093585229e+00,3.5222435109327082e+00,5.1828832743177244e+00,3.5222435109327082e+00,1.6053572550013131e+00,3.5222435109327082e+00,5.1828832743177244e+00,7.1567555437023911e-01,3.5222435109327082e+00,3.5222435109327082e+00,2.5483720093585229e+00,5.1828832743177244e+00,1.6053572550013131e+00,7.1567555437023911e-01,5.1828832743177244e+00,0.0000000000000000e+00,7.1567555437023911e-01,3.5222435109327082e+00,3.5222435109327082e+00,5.1828832743177244e+00,5.1828832743177244e+00,5.1828832743177244e+00,2.5483720093585229e+00,5.1828832743177244e+00,2.5483720093585229e+00,4.2676654430908476e+00,3.5222435109327082e+00,5.1828832743177244e+00,1.6053572550013131e+00,0.0000000000000000e+00,0.0000000000000000e+00,3.5222435109327082e+00,5.1828832743177244e+00,5.1828832743177244e+00,7.1567555437023911e-01,4.2676654430908476e+00,4.2676654430908476e+00,5.1828832743177244e+00,5.1828832743177244e+00,3.5222435109327082e+00,5.1828832743177244e+00,5.1828832743177244e+00,0.0000000000000000e+00,5.1828832743177244e+00,4.6141515215604958e+00,3.5222435109327082e+00,4.6141515215604958e+00,3.5222435109327082e+00,3.5222435109327082e+00,4.2676654430908476e+00,3.5222435109327082e+00,4.2676654430908476e+00,7.1567555437023911e-01,4.6141515215604958e+00,1.6053572550013131e+00,4.6141515215604958e+00,3.5222435109327082e+00,3.5222435109327082e+00,3.5222435109327082e+00,1.6053572550013131e+00,3.5222435109327082e+00,2.5483720093585229e+00,3.5222435109327082e+00,3.5222435109327082e+00,7.1567555437023911e-01,4.6141515215604958e+00,7.1567555437023911e-01,3.5222435109327082e+00,3.5222435109327082e+00,5.1828832743177244e+00,3.5222435109327082e+00,1.6053572550013131e+00,2.5483720093585229e+00,3.5222435109327082e+00,5.1828832743177244e+00,5.1828832743177244e+00,7.1567555437023911e-01,7.1567555437023911e-01,0.0000000000000000e+00,5.1828832743177244e+00,7.1567555437023911e-01,4.6141515215604958e+00,7.1567555437023911e-01,7.1567555437023911e-01,2.5483720093585229e+00,5.1828832743177244e+00,5.1828832743177244e+00,4.6141515215604958e+00,3.5222435109327082e+00,5.1828832743177244e+00,4.6141515215604958e+00,4.6141515215604958e+00,0.0000000000000000e+00,2.5483720093585229e+00,2.5483720093585229e+00,5.1828832743177244e+00,2.5483720093585229e+00,5.1828832743177244e+00,5.1828832743177244e+00,1.6053572550013131e+00,4.6141515215604958e+00,4.2676654430908476e+00,1.6053572550013131e+00,4.6141515215604958e+00,0.0000000000000000e+00,5.1828832743177244e+00,4.6141515215604958e+00,4.6141515215604958e+00,3.5222435109327082e+00,1.6053572550013131e+00,4.6141515215604958e+00,7.1567555437023911e-01,4.6141515215604958e+00,4.2676654430908476e+00,5.1828832743177244e+00,5.1828832743177244e+00,2.5483720093585229e+00,7.1567555437023911e-01,4.2676654430908476e+00,4.6141515215604958e+00,5.1828832743177244e+00,4.6141515215604958e+00,4.2676654430908476e+00,4.2676654430908476e+00,3.5222435109327082e+00,4.6141515215604958e+00,4.2676654430908476e+00,3.5222435109327082e+00,2.5483720093585229e+00,3.5222435109327082e+00,4.6141515215604958e+00,3.5222435109327082e+00,1.6053572550013131e+00,1.6053572550013131e+00,1.6053572550013131e+00,4.2676654430908476e+00,4.6141515215604958e+00,4.6141515215604958e+00,3.5222435109327082e+00,1.6053572550013131e+00,4.2676654430908476e+00,4.2676654430908476e+00,5.1828832743177244e+00,5.1828832743177244e+00,7.1567555437023911e-01,5.1828832743177244e+00,5.1828832743177244e+00,2.5483720093585229e+00,5.1828832743177244e+00,1.6053572550013131e+00,5.1828832743177244e+00,2.5483720093585229e+00,7.1567555437023911e-01,5.1828832743177244e+00,4.2676654430908476e+00,4.2676654430908476e+00,4.6141515215604958e+00,4.2676654430908476e+00,5.1828832743177244e+00,2.5483720093585229e+00,4.6141515215604958e+00,4.6141515215604958e+00,4.2676654430908476e+00,5.1828832743177244e+00,1.6053572550013131e+00,3.5222435109327082e+00,7.1567555437023911e-01,4.2676654430908476e+00,2.5483720093585229e+00,7.1567555437023911e-01,3.5222435109327082e+00,3.5222435109327082e+00,3.5222435109327082e+00,4.6141515215604958e+00,1.6053572550013131e+00,4.2676654430908476e+00,3.5222435109327082e+00,7.1567555437023911e-01,2.5483720093585229e+00,4.6141515215604958e+00,1.6053572550013131e+00,5.1828832743177244e+00,4.6141515215604958e+00,4.2676654430908476e+00,5.1828832743177244e+00,3.5222435109327082e+00,5.1828832743177244e+00,5.1828832743177244e+00,5.1828832743177244e+00,4.6141515215604958e+00,2.5483720093585229e+00,4.2676654430908476e+00,4.2676654430908476e+00,3.5222435109327082e+00,4.2676654430908476e+00,4.2676654430908476e+00,4.6141515215604958e+00,2.5483720093585229e+00,4.6141515215604958e+00,5.1828832743177244e+00,2.5483720093585229e+00,5.1828832743177244e+00,5.1828832743177244e+00,5.1828832743177244e+00,7.1567555437023911e-01,2.5483720093585229e+00,7.1567555437023911e-01,5.1828832743177244e+00,5.1828832743177244e+00,5.1828832743177244e+00,4.6141515215604958e+00,5.1828832743177244e+00,5.1828832743177244e+00,5.1828832743177244e+00,5.1828832743177244e+00,5.1828832743177244e+00,2.5483720093585229e+00,5.1828832743177244e+00,4.2676654430908476e+00,5.1828832743177244e+00,4.6141515215604958e+00,5.1828832743177244e+00,1.6053572550013131e+00,5.1828832743177244e+00,4.6141515215604958e+00,5.1828832743177244e+00,4.2676654430908476e+00,5.1828832743177244e+00,5.1828832743177244e+00,4.6141515215604958e+00,4.2676654430908476e+00,4.2676654430908476e+00,5.1828832743177244e+00,5.1828832743177244e+00,3.5222435109327082e+00,1.6053572550013131e+00,3.5222435109327082e+00,5.1828832743177244e+00,5.1828832743177244e+00,3.5222435109327082e+00,4.6141515215604958e+00,1.6053572550013131e+00,3.5222435109327082e+00,7.1567555437023911e-01,4.6141515215604958e+00,5.1828832743177244e+00,0.0000000000000000e+00,5.1828832743177244e+00,0.0000000000000000e+00,2.5483720093585229e+00,4.6141515215604958e+00,3.5222435109327082e+00,5.1828832743177244e+00,3.5222435109327082e+00,5.1828832743177244e+00,4.2676654430908476e+00,4.2676654430908476e+00,2.5483720093585229e+00,4.2676654430908476e+00,7.1567555437023911e-01,3.5222435109327082e+00,4.2676654430908476e+00,4.2676654430908476e+00,3.5222435109327082e+00,5.1828832743177244e+00,4.2676654430908476e+00,5.1828832743177244e+00,3.5222435109327082e+00,7.1567555437023911e-01,3.5222435109327082e+00,5.1828832743177244e+00,0.0000000000000000e+00,5.1828832743177244e+00,3.5222435109327082e+00,4.2676654430908476e+00,4.2676654430908476e+00,0.0000000000000000e+00,4.2676654430908476e+00,4.2676654430908476e+00,5.1828832743177244e+00,5.1828832743177244e+00,4.2676654430908476e+00,2.5483720093585229e+00,2.5483720093585229e+00,2.5483720093585229e+00,7.1567555437023911e-01,4.6141515215604958e+00,5.1828832743177244e+00,7.1567555437023911e-01,4.2676654430908476e+00,2.5483720093585229e+00,4.6141515215604958e+00,7.1567555437023911e-01,0.0000000000000000e+00,0.0000000000000000e+00,5.1828832743177244e+00,4.6141515215604958e+00,4.6141515215604958e+00,3.5222435109327082e+00,4.2676654430908476e+00,3.5222435109327082e+00,3.5222435109327082e+00,4.2676654430908476e+00,1.6053572550013131e+00,3.5222435109327082e+00,3.5222435109327082e+00,2.5483720093585229e+00,3.5222435109327082e+00,0.0000000000000000e+00,3.5222435109327082e+00,0.0000000000000000e+00,3.5222435109327082e+00,2.5483720093585229e+00,4.6141515215604958e+00,5.1828832743177244e+00,3.5222435109327082e+00,3.5222435109327082e+00,5.1828832743177244e+00,3.5222435109327082e+00,4.2676654430908476e+00,4.2676654430908476e+00,5.1828832743177244e+00,1.6053572550013131e+00,3.5222435109327082e+00,3.5222435109327082e+00,5.1828832743177244e+00,5.1828832743177244e+00,5.1828832743177244e+00,5.1828832743177244e+00,1.6053572550013131e+00,4.2676654430908476e+00,4.2676654430908476e+00,7.1567555437023911e-01,5.1828832743177244e+00,1.6053572550013131e+00,0.0000000000000000e+00,4.6141515215604958e+00,0.0000000000000000e+00,5.1828832743177244e+00,4.6141515215604958e+00,3.5222435109327082e+00,2.5483720093585229e+00,0.0000000000000000e+00,1.6053572550013131e+00,4.6141515215604958e+00,4.2676654430908476e+00,7.1567555437023911e-01,1.6053572550013131e+00,4.2676654430908476e+00,1.6053572550013131e+00,3.5222435109327082e+00,2.5483720093585229e+00,4.2676654430908476e+00,2.5483720093585229e+00,5.1828832743177244e+00,7.1567555437023911e-01,4.6141515215604958e+00,5.1828832743177244e+00,1.6053572550013131e+00,1.6053572550013131e+00,1.6053572550013131e+00,5.1828832743177244e+00,5.1828832743177244e+00,3.5222435109327082e+00,5.1828832743177244e+00,1.6053572550013131e+00,4.2676654430908476e+00,4.2676654430908476e+00,3.5222435109327082e+00,4.2676654430908476e+00,1.6053572550013131e+00,1.6053572550013131e+00,4.2676654430908476e+00,4.2676654430908476e+00,4.2676654430908476e+00,4.2676654430908476e+00,4.2676654430908476e+00,4.2676654430908476e+00,7.1567555437023911e-01,4.2676654430908476e+00,1.6053572550013131e+00,3.5222435109327082e+00,4.2676654430908476e+00,4.6141515215604958e+00,4.6141515215604958e+00,4.2676654430908476e+00,3.5222435109327082e+00,3.5222435109327082e+00,3.5222435109327082e+00,4.2676654430908476e+00,4.6141515215604958e+00,4.2676654430908476e+00,3.5222435109327082e+00,3.5222435109327082e+00,1.6053572550013131e+00,3.5222435109327082e+00,4.2676654430908476e+00,1.6053572550013131e+00,4.2676654430908476e+00,2.5483720093585229e+00,4.2676654430908476e+00,4.2676654430908476e+00,3.5222435109327082e+00,5.1828832743177244e+00,3.5222435109327082e+00,7.1567555437023911e-01,5.1828832743177244e+00,7.1567555437023911e-01,3.5222435109327082e+00,1.6053572550013131e+00,7.1567555437023911e-01,4.6141515215604958e+00,4.2676654430908476e+00,4.2676654430908476e+00,4.2676654430908476e+00,4.2676654430908476e+00,7.1567555437023911e-01,4.6141515215604958e+00,4.2676654430908476e+00,4.2676654430908476e+00,3.5222435109327082e+00,5.1828832743177244e+00,5.1828832743177244e+00,3.5222435109327082e+00,5.1828832743177244e+00,5.1828832743177244e+00,4.2676654430908476e+00,5.1828832743177244e+00,5.1828832743177244e+00,3.5222435109327082e+00,4.2676654430908476e+00,3.5222435109327082e+00,3.5222435109327082e+00,5.1828832743177244e+00,3.5222435109327082e+00,7.1567555437023911e-01,5.1828832743177244e+00,4.2676654430908476e+00,4.2676654430908476e+00,2.5483720093585229e+00,7.1567555437023911e-01,4.6141515215604958e+00,4.6141515215604958e+00,3.5222435109327082e+00,4.2676654430908476e+00,3.5222435109327082e+00,2.5483720093585229e+00,1.6053572550013131e+00,5.1828832743177244e+00,5.1828832743177244e+00,3.5222435109327082e+00,4.6141515215604958e+00,2.5483720093585229e+00,5.1828832743177244e+00,2.5483720093585229e+00,2.5483720093585229e+00,4.6141515215604958e+00,3.5222435109327082e+00,4.2676654430908476e+00,2.5483720093585229e+00,4.2676654430908476e+00,5.1828832743177244e+00,2.5483720093585229e+00,1.6053572550013131e+00,0.0000000000000000e+00,3.5222435109327082e+00,2.5483720093585229e+00,4.6141515215604958e+00,3.5222435109327082e+00,4.6141515215604958e+00,5.1828832743177244e+00,1.6053572550013131e+00,5.1828832743177244e+00,4.2676654430908476e+00,0.0000000000000000e+00,1.6053572550013131e+00,1.6053572550013131e+00,0.0000000000000000e+00,5.1828832743177244e+00,4.6141515215604958e+00,3.5222435109327082e+00,5.1828832743177244e+00,2.5483720093585229e+00,2.5483720093585229e+00,4.2676654430908476e+00,2.5483720093585229e+00,2.5483720093585229e+00,4.6141515215604958e+00,3.5222435109327082e+00,7.1567555437023911e-01,4.2676654430908476e+00,3.5222435109327082e+00,0.0000000000000000e+00,3.5222435109327082e+00,0.0000000000000000e+00,2.5483720093585229e+00,4.6141515215604958e+00,4.2676654430908476e+00,1.6053572550013131e+00,4.6141515215604958e+00,3.5222435109327082e+00,7.1567555437023911e-01,5.1828832743177244e+00,3.5222435109327082e+00,5.1828832743177244e+00,4.2676654430908476e+00,4.2676654430908476e+00,4.2676654430908476e+00,4.2676654430908476e+00,4.2676654430908476e+00,5.1828832743177244e+00,7.1567555437023911e-01,5.1828832743177244e+00,4.2676654430908476e+00,0.0000000000000000e+00,5.1828832743177244e+00,4.2676654430908476e+00,5.1828832743177244e+00,0.0000000000000000e+00,3.5222435109327082e+00,5.1828832743177244e+00,4.2676654430908476e+00,4.2676654430908476e+00,0.0000000000000000e+00,4.2676654430908476e+00,3.5222435109327082e+00,2.5483720093585229e+00,2.5483720093585229e+00,4.2676654430908476e+00,5.1828832743177244e+00,3.5222435109327082e+00,4.2676654430908476e+00,4.2676654430908476e+00,5.1828832743177244e+00,4.6141515215604958e+00,4.2676654430908476e+00,4.2676654430908476e+00,4.2676654430908476e+00,4.6141515215604958e+00,4.2676654430908476e+00,0.0000000000000000e+00,4.2676654430908476e+00,4.6141515215604958e+00,7.1567555437023911e-01,0.0000000000000000e+00,1.6053572550013131e+00,4.2676654430908476e+00,4.2676654430908476e+00,1.6053572550013131e+00,4.2676654430908476e+00,2.5483720093585229e+00,4.2676654430908476e+00,3.5222435109327082e+00,5.1828832743177244e+00,4.2676654430908476e+00,4.2676654430908476e+00,0.0000000000000000e+00,4.2676654430908476e+00,4.2676654430908476e+00,5.1828832743177244e+00,1.6053572550013131e+00,5.1828832743177244e+00,4.2676654430908476e+00,4.6141515215604958e+00,0.0000000000000000e+00,4.2676654430908476e+00,1.6053572550013131e+00,1.6053572550013131e+00,7.1567555437023911e-01,4.2676654430908476e+00,4.6141515215604958e+00,4.2676654430908476e+00,4.2676654430908476e+00,4.6141515215604958e+00,4.2676654430908476e+00,4.2676654430908476e+00,4.6141515215604958e+00,2.5483720093585229e+00,5.1828832743177244e+00,3.5222435109327082e+00,0.0000000000000000e+00,4.2676654430908476e+00,4.2676654430908476e+00,4.2676654430908476e+00,2.5483720093585229e+00,2.5483720093585229e+00,2.5483720093585229e+00,2.5483720093585229e+00,0.0000000000000000e+00,4.2676654430908476e+00,4.2676654430908476e+00,2.5483720093585229e+00,3.5222435109327082e+00,4.2676654430908476e+00,4.2676654430908476e+00,4.2676654430908476e+00,4.2676654430908476e+00,4.2676654430908476e+00,5.1828832743177244e+00,2.5483720093585229e+00,2.5483720093585229e+00,4.2676654430908476e+00,5.1828832743177244e+00,4.6141515215604958e+00,1.6053572550013131e+00,5.1828832743177244e+00,5.1828832743177244e+00,3.5222435109327082e+00,4.2676654430908476e+00,5.1828832743177244e+00,4.2676654430908476e+00,3.5222435109327082e+00,4.2676654430908476e+00,5.1828832743177244e+00,4.2676654430908476e+00,2.5483720093585229e+00,7.1567555437023911e-01,5.1828832743177244e+00,5.1828832743177244e+00,5.1828832743177244e+00,5.1828832743177244e+00,5.1828832743177244e+00,5.1828832743177244e+00,5.1828832743177244e+00,3.5222435109327082e+00,3.5222435109327082e+00,4.6141515215604958e+00,4.2676654430908476e+00,4.2676654430908476e+00,1.6053572550013131e+00,4.2676654430908476e+00,1.6053572550013131e+00,2.5483720093585229e+00,2.5483720093585229e+00,3.5222435109327082e+00,0.0000000000000000e+00,5.1828832743177244e+00,4.2676654430908476e+00,1.6053572550013131e+00,5.1828832743177244e+00,5.1828832743177244e+00,5.1828832743177244e+00,1.6053572550013131e+00,4.2676654430908476e+00,0.0000000000000000e+00,7.1567555437023911e-01,4.2676654430908476e+00,3.5222435109327082e+00,2.5483720093585229e+00,2.5483720093585229e+00,3.5222435109327082e+00,7.1567555437023911e-01,4.2676654430908476e+00,5.1828832743177244e+00,4.6141515215604958e+00,5.1828832743177244e+00,4.6141515215604958e+00,5.1828832743177244e+00,5.1828832743177244e+00,1.6053572550013131e+00,2.5483720093585229e+00,5.1828832743177244e+00,4.2676654430908476e+00,5.1828832743177244e+00,5.1828832743177244e+00,4.2676654430908476e+00,4.2676654430908476e+00,4.2676654430908476e+00,1.6053572550013131e+00,2.5483720093585229e+00,5.1828832743177244e+00,4.2676654430908476e+00,2.5483720093585229e+00,2.5483720093585229e+00,3.5222435109327082e+00,4.2676654430908476e+00,3.5222435109327082e+00,0.0000000000000000e+00,4.2676654430908476e+00,5.1828832743177244e+00,4.6141515215604958e+00,4.2676654430908476e+00,5.1828832743177244e+00,5.1828832743177244e+00,4.2676654430908476e+00,4.6141515215604958e+00,0.0000000000000000e+00,2.5483720093585229e+00,5.1828832743177244e+00,2.5483720093585229e+00,2.5483720093585229e+00,2.5483720093585229e+00,2.5483720093585229e+00,5.1828832743177244e+00,7.1567555437023911e-01,4.2676654430908476e+00,4.2676654430908476e+00,1.6053572550013131e+00,5.1828832743177244e+00,4.6141515215604958e+00,4.6141515215604958e+00,5.1828832743177244e+00,4.2676654430908476e+00,2.5483720093585229e+00,5.1828832743177244e+00,1.6053572550013131e+00,2.5483720093585229e+00,0.0000000000000000e+00,4.6141515215604958e+00,2.5483720093585229e+00,4.6141515215604958e+00,1.6053572550013131e+00,4.6141515215604958e+00,3.5222435109327082e+00,3.5222435109327082e+00,5.1828832743177244e+00,2.5483720093585229e+00,1.6053572550013131e+00,1.6053572550013131e+00,3.5222435109327082e+00,5.1828832743177244e+00,7.1567555437023911e-01,4.2676654430908476e+00,4.6141515215604958e+00,4.6141515215604958e+00,4.6141515215604958e+00,5.1828832743177244e+00,0.0000000000000000e+00,2.5483720093585229e+00,5.1828832743177244e+00,2.5483720093585229e+00,4.2676654430908476e+00,4.2676654430908476e+00,4.6141515215604958e+00,4.2676654430908476e+00,0.0000000000000000e+00,5.1828832743177244e+00,0.0000000000000000e+00,4.2676654430908476e+00,5.1828832743177244e+00,4.2676654430908476e+00,3.5222435109327082e+00,4.2676654430908476e+00,4.2676654430908476e+00,5.1828832743177244e+00,3.5222435109327082e+00,0.0000000000000000e+00,4.2676654430908476e+00,4.6141515215604958e+00,4.2676654430908476e+00,4.6141515215604958e+00,4.6141515215604958e+00,4.6141515215604958e+00,4.6141515215604958e+00,4.2676654430908476e+00,4.6141515215604958e+00,4.2676654430908476e+00,4.2676654430908476e+00,4.2676654430908476e+00,2.5483720093585229e+00,0.0000000000000000e+00,5.1828832743177244e+00,5.1828832743177244e+00,1.6053572550013131e+00,4.2676654430908476e+00,4.6141515215604958e+00,2.5483720093585229e+00,5.1828832743177244e+00,4.2676654430908476e+00,1.6053572550013131e+00,7.1567555437023911e-01,4.2676654430908476e+00,0.0000000000000000e+00,4.2676654430908476e+00,4.2676654430908476e+00,1.6053572550013131e+00,0.0000000000000000e+00,7.1567555437023911e-01,4.2676654430908476e+00,3.5222435109327082e+00,1.6053572550013131e+00,4.6141515215604958e+00,4.2676654430908476e+00,5.1828832743177244e+00,4.2676654430908476e+00,7.1567555437023911e-01,3.5222435109327082e+00,3.5222435109327082e+00,4.6141515215604958e+00,3.5222435109327082e+00,3.5222435109327082e+00,3.5222435109327082e+00,0.0000000000000000e+00,3.5222435109327082e+00,4.2676654430908476e+00,1.6053572550013131e+00,4.2676654430908476e+00,0.0000000000000000e+00,7.1567555437023911e-01,4.2676654430908476e+00,4.2676654430908476e+00,3.5222435109327082e+00,4.2676654430908476e+00,1.6053572550013131e+00,2.5483720093585229e+00,5.1828832743177244e+00,2.5483720093585229e+00,7.1567555437023911e-01,4.2676654430908476e+00,1.6053572550013131e+00,5.1828832743177244e+00,7.1567555437023911e-01,5.1828832743177244e+00,4.2676654430908476e+00,7.1567555437023911e-01,5.1828832743177244e+00,3.5222435109327082e+00,0.0000000000000000e+00,3.5222435109327082e+00,5.1828832743177244e+00,3.5222435109327082e+00,4.6141515215604958e+00,3.5222435109327082e+00,5.1828832743177244e+00,1.6053572550013131e+00,3.5222435109327082e+00,3.5222435109327082e+00,7.1567555437023911e-01,4.2676654430908476e+00,4.2676654430908476e+00,3.5222435109327082e+00,3.5222435109327082e+00,2.5483720093585229e+00,2.5483720093585229e+00,4.2676654430908476e+00,2.5483720093585229e+00,4.2676654430908476e+00,2.5483720093585229e+00,1.6053572550013131e+00,5.1828832743177244e+00,0.0000000000000000e+00,5.1828832743177244e+00,5.1828832743177244e+00,7.1567555437023911e-01,5.1828832743177244e+00,5.1828832743177244e+00,3.5222435109327082e+00,3.5222435109327082e+00,4.2676654430908476e+00,4.6141515215604958e+00,1.6053572550013131e+00,4.6141515215604958e+00,3.5222435109327082e+00,2.5483720093585229e+00,2.5483720093585229e+00,4.6141515215604958e+00,4.2676654430908476e+00,5.1828832743177244e+00,4.2676654430908476e+00,5.1828832743177244e+00,5.1828832743177244e+00,7.1567555437023911e-01,7.1567555437023911e-01,2.5483720093585229e+00,3.5222435109327082e+00,0.0000000000000000e+00,1.6053572550013131e+00,5.1828832743177244e+00,4.2676654430908476e+00,7.1567555437023911e-01,4.2676654430908476e+00,7.1567555437023911e-01,1.6053572550013131e+00,3.5222435109327082e+00,5.1828832743177244e+00,3.5222435109327082e+00,2.5483720093585229e+00,0.0000000000000000e+00,7.1567555437023911e-01,2.5483720093585229e+00,4.6141515215604958e+00,2.5483720093585229e+00,4.2676654430908476e+00,5.1828832743177244e+00,3.5222435109327082e+00,5.1828832743177244e+00,4.2676654430908476e+00,4.2676654430908476e+00,4.2676654430908476e+00,0.0000000000000000e+00,2.5483720093585229e+00,3.5222435109327082e+00,3.5222435109327082e+00,3.5222435109327082e+00,4.2676654430908476e+00,0.0000000000000000e+00,4.6141515215604958e+00,4.6141515215604958e+00,5.1828832743177244e+00,5.1828832743177244e+00,5.1828832743177244e+00,3.5222435109327082e+00,3.5222435109327082e+00,1.6053572550013131e+00,1.6053572550013131e+00,5.1828832743177244e+00,3.5222435109327082e+00,4.6141515215604958e+00,4.2676654430908476e+00,5.1828832743177244e+00,0.0000000000000000e+00,4.2676654430908476e+00,5.1828832743177244e+00,3.5222435109327082e+00,4.2676654430908476e+00,4.2676654430908476e+00,3.5222435109327082e+00,3.5222435109327082e+00,3.5222435109327082e+00,4.6141515215604958e+00,5.1828832743177244e+00,4.6141515215604958e+00,5.1828832743177244e+00,4.2676654430908476e+00,5.1828832743177244e+00,4.6141515215604958e+00,0.0000000000000000e+00,4.6141515215604958e+00,5.1828832743177244e+00,4.2676654430908476e+00,5.1828832743177244e+00,5.1828832743177244e+00,3.5222435109327082e+00,3.5222435109327082e+00,1.6053572550013131e+00,4.6141515215604958e+00,1.6053572550013131e+00,0.0000000000000000e+00,2.5483720093585229e+00,4.2676654430908476e+00,4.2676654430908476e+00,5.1828832743177244e+00,2.5483720093585229e+00,1.6053572550013131e+00,4.6141515215604958e+00,3.5222435109327082e+00,3.5222435109327082e+00,2.5483720093585229e+00,4.2676654430908476e+00,4.6141515215604958e+00,1.6053572550013131e+00,4.6141515215604958e+00,7.1567555437023911e-01,7.1567555437023911e-01,5.1828832743177244e+00,4.6141515215604958e+00,4.2676654430908476e+00,4.6141515215604958e+00,4.6141515215604958e+00,4.2676654430908476e+00,1.6053572550013131e+00,4.2676654430908476e+00,2.5483720093585229e+00,4.2676654430908476e+00,1.6053572550013131e+00,4.6141515215604958e+00,4.6141515215604958e+00,0.0000000000000000e+00,2.5483720093585229e+00,5.1828832743177244e+00,3.5222435109327082e+00,4.2676654430908476e+00,4.6141515215604958e+00,3.5222435109327082e+00,5.1828832743177244e+00,3.5222435109327082e+00,4.6141515215604958e+00,7.1567555437023911e-01,4.2676654430908476e+00,4.2676654430908476e+00
2.4974435338661758e+00,3.1634565775851207e+00,2.4974435338661758e+00,3.1634565775851207e+00,3.1634565775851207e+00,3.9730137416021485e+00,3.1634565775851207e+00,7.7813324766960179e-01,1.6288158445514576e+00,1.6288158445514576e+00,5.4881259392287420e+00,7.7813324766960179e-01,5.4258504363802551e+00,0.0000000000000000e+00,5.4881259392287420e+00,0.0000000000000000e+00,0.0000000000000000e+00,5.4881259392287420e+00,5.4258504363802551e+00,5.4881259392287420e+00,5.4881259392287420e+00,3.1634565775851207e+00,5.4881259392287420e+00,5.4881259392287420e+00,5.4258504363802551e+00,3.9730137416021485e+00,5.4258504363802551e+00,0.0000000000000000e+00,5.4881259392287420e+00,3.9730137416021485e+00,0.0000000000000000e+00,3.1634565775851207e+00,0.0000000000000000e+00,3.9730137416021485e+00,5.4258504363802551e+00,2.4974435338661758e+00,5.4258504363802551e+00,3.1634565775851207e+00,5.4258504363802551e+00,1.6288158445514576e+00,5.4258504363802551e+00,5.4881259392287420e+00,5.4258504363802551e+00,7.7813324766960179e-01,3.9730137416021485e+00,3.9730137416021485e+00,3.1634565775851207e+00,3.1634565775851207e+00,3.1634565775851207e+00,3.1634565775851207e+00,5.4881259392287420e+00,5.4881259392287420e+00,1.6288158445514576e+00,5.4881259392287420e+00,5.4881259392287420e+00,5.4881259392287420e+00,3.9730137416021485e+00,7.7813324766960179e-01,1.6288158445514576e+00,1.6288158445514576e+00,3.9730137416021485e+00,5.4258504363802551e+00,5.4881259392287420e+00,1.6288158445514576e+00,3.9730137416021485e+00,2.4974435338661758e+00,7.7813324766960179e-01,5.4258504363802551e+00,3.9730137416021485e+00,2.4974435338661758e+00,5.4258504363802551e+00,2.4974435338661758e+00,7.7813324766960179e-01,5.4258504363802551e+00,5.4881259392287420e+00,5.4881259392287420e+00,3.1634565775851207e+00,5.4258504363802551e+00,5.4258504363802551e+00,0.0000000000000000e+00,3.1634565775851207e+00,7.7813324766960179e-01,1.6288158445514576e+00,3.9730137416021485e+00,2.4974435338661758e+00,3.1634565775851207e+00,2.4974435338661758e+00,3.9730137416021485e+00,2.4974435338661758e+00,0.0000000000000000e+00,5.4258504363802551e+00,5.4881259392287420e+00,2.4974435338661758e+00,3.1634565775851207e+00,5.4258504363802551e+00,5.4258504363802551e+00,5.4258504363802551e+00,5.4881259392287420e+00,5.4258504363802551e+00,2.4974435338661758e+00,5.4881259392287420e+00,5.4258504363802551e+00,3.1634565775851207e+00,5.4881259392287420e+00,3.9730137416021485e+00,5.4881259392287420e+00,5.4881259392287420e+00,5.4881259392287420e+00,5.4881259392287420e+00,2.4974435338661758e+00,3.9730137416021485e+00,5.4881259392287420e+00,5.4881259392287420e+00,2.4974435338661758e+00,2.4974435338661758e+00,5.4258504363802551e+00,3.1634565775851207e+00,0.0000000000000000e+00,2.4974435338661758e+00,1.6288158445514576e+00,5.4881259392287420e+00,1.6288158445514576e+00,5.4881259392287420e+00,7.7813324766960179e-01,2.4974435338661758e+00,5.4881259392287420e+00,5.4881259392287420e+00,5.4881259392287420e+00,5.4881259392287420e+00,7.7813324766960179e-01,2.4974435338661758e+00,5.4881259392287420e+00,1.6288158445514576e+00,1.6288158445514576e+00,5.4881259392287420e+00,0.0000000000000000e+00,5.4258504363802551e+00,5.4258504363802551e+00,5.4258504363802551e+00,3.9730137416021485e+00,3.9730137416021485e+00,3.9730137416021485e+00,5.4258504363802551e+00,0.0000000000000000e+00,3.9730137416021485e+00,5.4258504363802551e+00,3.9730137416021485e+00,5.4258504363802551e+00,1.6288158445514576e+00,3.9730137416021485e+00,1.6288158445514576e+00,5.4881259392287420e+00,3.1634565775851207e+00,5.4258504363802551e+00,5.4258504363802551e+00,5.4881259392287420e+00,5.4881259392287420e+00,1.6288158445514576e+00,5.4881259392287420e+00,1.6288158445514576e+00,1.6288158445514576e+00,0.0000000000000000e+00,7.7813324766960179e-01,0.0000000000000000e+00,1.6288158445514576e+00,5.4881259392287420e+00,3.1634565775851207e+00,0.0000000000000000e+00,3.9730137416021485e+00,5.4258504363802551e+00,3.9730137416021485e+00,2.4974435338661758e+00,7.7813324766960179e-01,0.0000000000000000e+00,3.9730137416021485e+00,2.4974435338661758e+00,3.1634565775851207e+00,5.4881259392287420e+00,3.9730137416021485e+00,3.1634565775851207e+00,3.9730137416021485e+00,3.9730137416021485e+00,3.9730137416021485e+00,3.1634565775851207e+00,3.1634565775851207e+00,5.4881259392287420e+00,1.6288158445514576e+00,3.9730137416021485e+00,5.4881259392287420e+00,3.9730137416021485e+00,3.9730137416021485e+00,3.9730137416021485e+00,5.4881259392287420e+00,5.4258504363802551e+00,3.9730137416021485e+00,3.1634565775851207e+00,3.1634565775851207e+00,5.4258504363802551e+00,5.4881259392287420e+00,3.1634565775851207e+00,5.4258504363802551e+00,5.4258504363802551e+00,1.6288158445514576e+00,1.6288158445514576e+00,5.4881259392287420e+00,5.4881259392287420e+00,5.4881259392287420e+00,5.4881259392287420e+00,3.9730137416021485e+00,5.4258504363802551e+00,7.7813324766960179e-01,3.1634565775851207e+00,3.1634565775851207e+00,3.1634565775851207e+00,3.1634565775851207e+00,3.9730137416021485e+00,3.1634565775851207e+00,3.1634565775851207e+00,3.1634565775851207e+00,0.0000000000000000e+00,5.4258504363802551e+00,1.6288158445514576e+00,7.7813324766960179e-01,3.1634565775851207e+00,5.4881259392287420e+00,3.9730137416021485e+00,5.4881259392287420e+00,1.6288158445514576e+00,1.6288158445514576e+00,3.1634565775851207e+00,3.1634565775851207e+00,3.1634565775851207e+00,2.4974435338661758e+00,1.6288158445514576e+00,3.1634565775851207e+00,5.4881259392287420e+00,5.4881259392287420e+00,5.4881259392287420e+00,0.0000000000000000e+00,3.9730137416021485e+00,3.9730137416021485e+00,3.9730137416021485e+00,5.4881259392287420e+00,1.6288158445514576e+00,5.4881259392287420e+00,7.7813324766960179e-01,5.4258504363802551e+00,5.4881259392287420e+00,5.4258504363802551e+00,5.4881259392287420e+00,3.1634565775851207e+00,3.9730137416021485e+00,5.4258504363802551e+00,3.9730137416021485e+00,5.4258504363802551e+00,3.1634565775851207e+00,3.1634565775851207e+00,3.1634565775851207e+00,3.9730137416021485e+00,0.0000000000000000e+00,5.4258504363802551e+00,5.4258504363802551e+00,0.0000000000000000e+00,5.4258504363802551e+00,5.4258504363802551e+00,5.4258504363802551e+00,0.0000000000000000e+00,3.1634565775851207e+00,3.9730137416021485e+00,0.0000000000000000e+00,3.9730137416021485e+00,3.9730137416021485e+00,5.4881259392287420e+00,7.7813324766960179e-01,1.6288158445514576e+00,3.1634565775851207e+00,3.1634565775851207e+00,0.0000000000000000e+00,2.4974435338661758e+00,3.1634565775851207e+00,5.4258504363802551e+00,2.4974435338661758e+00,3.9730137416021485e+00,1.6288158445514576e+00,2.4974435338661758e+00,1.6288158445514576e+00,2.4974435338661758e+00,7.7813324766960179e-01,5.4881259392287420e+00,5.4258504363802551e+00,5.4881259392287420e+00,3.9730137416021485e+00,3.9730137416021485e+00,3.1634565775851207e+00,7.7813324766960179e-01,3.9730137416021485e+00,0.0000000000000000e+00,5.4258504363802551e+00,5.4881259392287420e+00,3.1634565775851207e+00,7.7813324766960179e-01,3.9730137416021485e+00,3.9730137416021485e+00,7.7813324766960179e-01,3.9730137416021485e+00,3.9730137416021485e+00,5.4881259392287420e+00,0.0000000000000000e+00,5.4881259392287420e+00,3.1634565775851207e+00,5.4881259392287420e+00,3.1634565775851207e+00,1.6288158445514576e+00,0.0000000000000000e+00,1.6288158445514576e+00,2.4974435338661758e+00,3.9730137416021485e+00,3.9730137416021485e+00,5.4258504363802551e+00,5.4881259392287420e+00,2.4974435338661758e+00,5.4258504363802551e+00,7.7813324766960179e-01,5.4881259392287420e+00,2.4974435338661758e+00,2.4974435338661758e+00,5.4881259392287420e+00,0.0000000000000000e+00,5.4881259392287420e+00,3.1634565775851207e+00,5.4258504363802551e+00,7.7813324766960179e-01,3.1634565775851207e+00,5.4881259392287420e+00,3.9730137416021485e+00,5.4881259392287420e+00,3.9730137416021485e+00,3.9730137416021485e+00,0.0000000000000000e+00,5.4881259392287420e+00,2.4974435338661758e+00,7.7813324766960179e-01,3.1634565775851207e+00,7.7813324766960179e-01,5.4881259392287420e+00,5.4258504363802551e+00,2.4974435338661758e+00,3.1634565775851207e+00,5.4258504363802551e+00,5.4258504363802551e+00,5.4881259392287420e+00,2.4974435338661758e+00,5.4881259392287420e+00,1.6288158445514576e+00,2.4974435338661758e+00,3.1634565775851207e+00,5.4258504363802551e+00,3.1634565775851207e+00,5.4881259392287420e+00,3.1634565775851207e+00,1.6288158445514576e+00,5.4881259392287420e+00,2.4974435338661758e+00,5.4881259392287420e+00,3.9730137416021485e+00,5.4258504363802551e+00,3.1634565775851207e+00,5.4258504363802551e+00,5.4881259392287420e+00,5.4881259392287420e+00,5.4881259392287420e+00,5.4881259392287420e+00,5.4881259392287420e+00,5.4258504363802551e+00,0.0000000000000000e+00,3.1634565775851207e+00,5.4258504363802551e+00,3.1634565775851207e+00,2.4974435338661758e+00,3.9730137416021485e+00,3.9730137416021485e+00,5.4881259392287420e+00,5.4881259392287420e+00,5.4881259392287420e+00,3.1634565775851207e+00,2.4974435338661758e+00,2.4974435338661758e+00,3.9730137416021485e+00,2.4974435338661758e+00,5.4881259392287420e+00,5.4258504363802551e+00,3.9730137416021485e+00,5.4881259392287420e+00,2.4974435338661758e+00,5.4258504363802551e+00,3.1634565775851207e+00,1.6288158445514576e+00,3.1634565775851207e+00,5.4881259392287420e+00,5.4881259392287420e+00,3.9730137416021485e+00,1.6288158445514576e+00,0.0000000000000000e+00,7.7813324766960179e-01,5.4881259392287420e+00,5.4881259392287420e+00,7.7813324766960179e-01,5.4881259392287420e+00,5.4881259392287420e+00,5.4881259392287420e+00,5.4881259392287420e+00,3.1634565775851207e+00,5.4881259392287420e+00,5.4881259392287420e+00,5.4881259392287420e+00,2.4974435338661758e+00,3.9730137416021485e+00,3.1634565775851207e+00,3.9730137416021485e+00,3.1634565775851207e+00,5.4881259392287420e+00,5.4881259392287420e+00,5.4881259392287420e+00,0.0000000000000000e+00,3.9730137416021485e+00,5.4881259392287420e+00,5.4258504363802551e+00,1.6288158445514576e+00,5.4881259392287420e+00,3.9730137416021485e+00,5.4881259392287420e+00,0.0000000000000000e+00,3.9730137416021485e+00,5.4881259392287420e+00,5.4881259392287420e+00,3.1634565775851207e+00,1.6288158445514576e+00,3.9730137416021485e+00,0.0000000000000000e+00,5.4258504363802551e+00,2.4974435338661758e+00,5.4258504363802551e+00,3.1634565775851207e+00,5.4258504363802551e+00,3.9730137416021485e+00,5.4258504363802551e+00,3.9730137416021485e+00,5.4881259392287420e+00,7.7813324766960179e-01,3.9730137416021485e+00,5.4881259392287420e+00,3.1634565775851207e+00,5.4881259392287420e+00,0.0000000000000000e+00,1.6288158445514576e+00,1.6288158445514576e+00,3.9730137416021485e+00,1.6288158445514576e+00,0.0000000000000000e+00,3.1634565775851207e+00,1.6288158445514576e+00,2.4974435338661758e+00,5.4258504363802551e+00,7.7813324766960179e-01,5.4881259392287420e+00,3.9730137416021485e+00,5.4881259392287420e+00,3.9730137416021485e+00,5.4258504363802551e+00,5.4258504363802551e+00,3.9730137416021485e+00,1.6288158445514576e+00,0.0000000000000000e+00,3.9730137416021485e+00,3.9730137416021485e+00,5.4258504363802551e+00,5.4258504363802551e+00,3.1634565775851207e+00,3.9730137416021485e+00,3.1634565775851207e+00,3.1634565775851207e+00,0.0000000000000000e+00,3.9730137416021485e+00,3.1634565775851207e+00,3.9730137416021485e+00,1.6288158445514576e+00,3.1634565775851207e+00,3.1634565775851207e+00,2.4974435338661758e+00,3.9730137416021485e+00,2.4974435338661758e+00,7.7813324766960179e-01,0.0000000000000000e+00,5.4258504363802551e+00,1.6288158445514576e+00,3.9730137416021485e+00,7.7813324766960179e-01,3.1634565775851207e+00,3.9730137416021485e+00,0.0000000000000000e+00,3.9730137416021485e+00,3.9730137416021485e+00,1.6288158445514576e+00,2.4974435338661758e+00,5.4258504363802551e+00,5.4258504363802551e+00,3.1634565775851207e+00,5.4258504363802551e+00,5.4881259392287420e+00,5.4881259392287420e+00,7.7813324766960179e-01,5.4881259392287420e+00,5.4258504363802551e+00,1.6288158445514576e+00,5.4258504363802551e+00,5.4881259392287420e+00,3.1634565775851207e+00,5.4258504363802551e+00,5.4258504363802551e+00,5.4258504363802551e+00,5.4258504363802551e+00,5.4881259392287420e+00,7.7813324766960179e-01,7.7813324766960179e-01,5.4881259392287420e+00,7.7813324766960179e-01,1.6288158445514576e+00,5.4258504363802551e+00,1.6288158445514576e+00,7.7813324766960179e-01,3.1634565775851207e+00,7.7813324766960179e-01,5.4258504363802551e+00,5.4258504363802551e+00,5.4258504363802551e+00,5.4258504363802551e+00,5.4258504363802551e+00,3.9730137416021485e+00,5.4881259392287420e+00,3.9730137416021485e+00,3.9730137416021485e+00,2.4974435338661758e+00,5.4258504363802551e+00,7.7813324766960179e-01,5.4258504363802551e+00,5.4258504363802551e+00,2.4974435338661758e+00,3.1634565775851207e+00,3.1634565775851207e+00,3.1634565775851207e+00,7.7813324766960179e-01,3.1634565775851207e+00,1.6288158445514576e+00,5.4258504363802551e+00,5.4258504363802551e+00,5.4881259392287420e+00,3.9730137416021485e+00,7.7813324766960179e-01,5.4258504363802551e+00,2.4974435338661758e+00,5.4258504363802551e+00,2.4974435338661758e+00,1.6288158445514576e+00,3.9730137416021485e+00,3.9730137416021485e+00,0.0000000000000000e+00,3.1634565775851207e+00,2.4974435338661758e+00,1.6288158445514576e+00,0.0000000000000000e+00,1.6288158445514576e+00,2.4974435338661758e+00,5.4881259392287420e+00,3.1634565775851207e+00,5.4258504363802551e+00,5.4881259392287420e+00,5.4258504363802551e+00,0.0000000000000000e+00,1.6288158445514576e+00,5.4881259392287420e+00,0.0000000000000000e+00,5.4881259392287420e+00,0.0000000000000000e+00,5.4258504363802551e+00,5.4881259392287420e+00,5.4881259392287420e+00,5.4881259392287420e+00,5.4881259392287420e+00,0.0000000000000000e+00,3.1634565775851207e+00,3.9730137416021485e+00,5.4258504363802551e+00,5.4881259392287420e+00,3.9730137416021485e+00,5.4881259392287420e+00,5.4881259392287420e+00,3.9730137416021485e+00,5.4881259392287420e+00,5.4258504363802551e+00,2.4974435338661758e+00,5.4258504363802551e+00,5.4881259392287420e+00,5.4881259392287420e+00,5.4258504363802551e+00,5.4258504363802551e+00,5.4881259392287420e+00,5.4258504363802551e+00,3.9730137416021485e+00,5.4258504363802551e+00,5.4881259392287420e+00,0.0000000000000000e+00,5.4258504363802551e+00,5.4881259392287420e+00,5.4258504363802551e+00,3.1634565775851207e+00,5.4258504363802551e+00,0.0000000000000000e+00,1.6288158445514576e+00,0.0000000000000000e+00,3.9730137416021485e+00,7.7813324766960179e-01,1.6288158445514576e+00,3.9730137416021485e+00,3.1634565775851207e+00,3.9730137416021485e+00,3.9730137416021485e+00,3.9730137416021485e+00,3.9730137416021485e+00,5.4258504363802551e+00,3.9730137416021485e+00,3.1634565775851207e+00,7.7813324766960179e-01,3.9730137416021485e+00,3.9730137416021485e+00,3.9730137416021485e+00,5.4881259392287420e+00,2.4974435338661758e+00,5.4258504363802551e+00,5.4258504363802551e+00,5.4258504363802551e+00,5.4881259392287420e+00,0.0000000000000000e+00,1.6288158445514576e+00,5.4258504363802551e+00,5.4258504363802551e+00,5.4881259392287420e+00,7.7813324766960179e-01,5.4881259392287420e+00,3.1634565775851207e+00,5.4881259392287420e+00,3.9730137416021485e+00,1.6288158445514576e+00,3.1634565775851207e+00,1.6288158445514576e+00,5.4258504363802551e+00,3.1634565775851207e+00,3.1634565775851207e+00,5.4258504363802551e+00,1.6288158445514576e+00,3.9730137416021485e+00,1.6288158445514576e+00,5.4258504363802551e+00,1.6288158445514576e+00,3.1634565775851207e+00,3.1634565775851207e+00,3.9730137416021485e+00,3.1634565775851207e+00,5.4258504363802551e+00,5.4881259392287420e+00,1.6288158445514576e+00,5.4881259392287420e+00,1.6288158445514576e+00,2.4974435338661758e+00,5.4881259392287420e+00,5.4881259392287420e+00,1.6288158445514576e+00,2.4974435338661758e+00,1.6288158445514576e+00,5.4258504363802551e+00,7.7813324766960179e-01,5.4881259392287420e+00,7.7813324766960179e-01,3.9730137416021485e+00,3.9730137416021485e+00,5.4881259392287420e+00,5.4258504363802551e+00,5.4258504363802551e+00,5.4881259392287420e+00,0.0000000000000000e+00,5.4881259392287420e+00,5.4258504363802551e+00,7.7813324766960179e-01,3.1634565775851207e+00,5.4881259392287420e+00,5.4881259392287420e+00,5.4881259392287420e+00,1.6288158445514576e+00,5.4258504363802551e+00,5.4881259392287420e+00,5.4881259392287420e+00,5.4258504363802551e+00,5.4881259392287420e+00,3.9730137416021485e+00,3.9730137416021485e+00,3.9730137416021485e+00,5.4881259392287420e+00,7.7813324766960179e-01,5.4258504363802551e+00,5.4881259392287420e+00,7.7813324766960179e-01,7.7813324766960179e-01,5.4258504363802551e+00,5.4258504363802551e+00,7.7813324766960179e-01,7.7813324766960179e-01,3.1634565775851207e+00,3.1634565775851207e+00,3.1634565775851207e+00,3.1634565775851207e+00,3.9730137416021485e+00,5.4258504363802551e+00,5.4881259392287420e+00,5.4881259392287420e+00,7.7813324766960179e-01,0.0000000000000000e+00,5.4881259392287420e+00,5.4881259392287420e+00,3.9730137416021485e+00,3.1634565775851207e+00,5.4881259392287420e+00,5.4881259392287420e+00,2.4974435338661758e+00,3.1634565775851207e+00,5.4881259392287420e+00,5.4881259392287420e+00,5.4258504363802551e+00,7.7813324766960179e-01,3.9730137416021485e+00,0.0000000000000000e+00,3.1634565775851207e+00,3.9730137416021485e+00,3.1634565775851207e+00,3.9730137416021485e+00,5.4258504363802551e+00,0.0000000000000000e+00,5.4258504363802551e+00,3.9730137416021485e+00,5.4881259392287420e+00,5.4258504363802551e+00,5.4881259392287420e+00,1.6288158445514576e+00,5.4881259392287420e+00,2.4974435338661758e+00,2.4974435338661758e+00,3.9730137416021485e+00,3.1634565775851207e+00,3.1634565775851207e+00,1.6288158445514576e+00,7.7813324766960179e-01,3.9730137416021485e+00,5.4881259392287420e+00,3.9730137416021485e+00,3.9730137416021485e+00,3.1634565775851207e+00,3.9730137416021485e+00,3.9730137416021485e+00,5.4258504363802551e+00,5.4258504363802551e+00,3.9730137416021485e+00,3.1634565775851207e+00,5.4881259392287420e+00,3.1634565775851207e+00,5.4258504363802551e+00,3.1634565775851207e+00,3.1634565775851207e+00,3.9730137416021485e+00,5.4258504363802551e+00,5.4258504363802551e+00,3.9730137416021485e+00,1.6288158445514576e+00,5.4881259392287420e+00,0.0000000000000000e+00,5.4258504363802551e+00,5.4258504363802551e+00,5.4258504363802551e+00,5.4258504363802551e+00,5.4258504363802551e+00,7.7813324766960179e-01,3.1634565775851207e+00,7.7813324766960179e-01,2.4974435338661758e+00,7.7813324766960179e-01,5.4258504363802551e+00,5.4258504363802551e+00,7.7813324766960179e-01,3.1634565775851207e+00,3.1634565775851207e+00,0.0000000000000000e+00,5.4881259392287420e+00,5.4881259392287420e+00,5.4881259392287420e+00,5.4258504363802551e+00,5.4258504363802551e+00,5.4258504363802551e+00,0.0000000000000000e+00,5.4258504363802551e+00,7.7813324766960179e-01,5.4258504363802551e+00,7.7813324766960179e-01,5.4258504363802551e+00,7.7813324766960179e-01,2.4974435338661758e+00,5.4881259392287420e+00,0.0000000000000000e+00,0.0000000000000000e+00,1.6288158445514576e+00,7.7813324766960179e-01,5.4881259392287420e+00,7.7813324766960179e-01,5.4258504363802551e+00,5.4258504363802551e+00,7.7813324766960179e-01,5.4881259392287420e+00,2.4974435338661758e+00,5.4258504363802551e+00,0.0000000000000000e+00,5.4881259392287420e+00,2.4974435338661758e+00,3.9730137416021485e+00,7.7813324766960179e-01,2.4974435338661758e+00,2.4974435338661758e+00,2.4974435338661758e+00,0.0000000000000000e+00,7.7813324766960179e-01,0.0000000000000000e+00,3.1634565775851207e+00,5.4258504363802551e+00,7.7813324766960179e-01,7.7813324766960179e-01,5.4258504363802551e+00,5.4258504363802551e+00,5.4881259392287420e+00,3.1634565775851207e+00,3.1634565775851207e+00,2.4974435338661758e+00,5.4881259392287420e+00,3.9730137416021485e+00,2.4974435338661758e+00,3.1634565775851207e+00,7.7813324766960179e-01,5.4881259392287420e+00,5.4881259392287420e+00,5.4881259392287420e+00,7.7813324766960179e-01,5.4881259392287420e+00,1.6288158445514576e+00,5.4258504363802551e+00,7.7813324766960179e-01,5.4881259392287420e+00,7.7813324766960179e-01,5.4881259392287420e+00,1.6288158445514576e+00,3.9730137416021485e+00,3.9730137416021485e+00,5.4258504363802551e+00,1.6288158445514576e+00,3.9730137416021485e+00,3.9730137416021485e+00,1.6288158445514576e+00,5.4881259392287420e+00,7.7813324766960179e-01,2.4974435338661758e+00,3.9730137416021485e+00,3.9730137416021485e+00,3.9730137416021485e+00,0.0000000000000000e+00,2.4974435338661758e+00,5.4881259392287420e+00,5.4258504363802551e+00,5.4258504363802551e+00,3.9730137416021485e+00,0.0000000000000000e+00,0.0000000000000000e+00,0.0000000000000000e+00,3.1634565775851207e+00,5.4258504363802551e+00,5.4258504363802551e+00,5.4881259392287420e+00,2.4974435338661758e+00,5.4881259392287420e+00,2.4974435338661758e+00,1.6288158445514576e+00,5.4881259392287420e+00,5.4881259392287420e+00,5.4881259392287420e+00,5.4881259392287420e+00,0.0000000000000000e+00,5.4881259392287420e+00,5.4881259392287420e+00,7.7813324766960179e-01,5.4258504363802551e+00,5.4258504363802551e+00,5.4258504363802551e+00,3.9730137416021485e+00,2.4974435338661758e+00,5.4881259392287420e+00,7.7813324766960179e-01,3.9730137416021485e+00,5.4258504363802551e+00,5.4258504363802551e+00,5.4258504363802551e+00,5.4881259392287420e+00,3.1634565775851207e+00,2.4974435338661758e+00,5.4881259392287420e+00,0.0000000000000000e+00,5.4881259392287420e+00,3.1634565775851207e+00,3.9730137416021485e+00,2.4974435338661758e+00,5.4881259392287420e+00,5.4881259392287420e+00,5.4258504363802551e+00,5.4881259392287420e+00,0.0000000000000000e+00,0.0000000000000000e+00,0.0000000000000000e+00,7.7813324766960179e-01,2.4974435338661758e+00,1.6288158445514576e+00,5.4258504363802551e+00,3.9730137416021485e+00,5.4881259392287420e+00,5.4258504363802551e+00,5.4258504363802551e+00,5.4258504363802551e+00,1.6288158445514576e+00,1.6288158445514576e+00,5.4258504363802551e+00,5.4258504363802551e+00,5.4881259392287420e+00,5.4881259392287420e+00,1.6288158445514576e+00,5.4258504363802551e+00,2.4974435338661758e+00,5.4258504363802551e+00,7.7813324766960179e-01,3.1634565775851207e+00,5.4258504363802551e+00,5.4881259392287420e+00,5.4881259392287420e+00,2.4974435338661758e+00,3.1634565775851207e+00,3.9730137416021485e+00,5.4258504363802551e+00,7.7813324766960179e-01,5.4881259392287420e+00,5.4881259392287420e+00,5.4881259392287420e+00,3.9730137416021485e+00,3.9730137416021485e+00,3.9730137416021485e+00,5.4881259392287420e+00,5.4258504363802551e+00,3.9730137416021485e+00,1.6288158445514576e+00,2.4974435338661758e+00,5.4258504363802551e+00,5.4258504363802551e+00,3.9730137416021485e+00,0.0000000000000000e+00,3.1634565775851207e+00,5.4881259392287420e+00,3.1634565775851207e+00,5.4258504363802551e+00,5.4881259392287420e+00,5.4258504363802551e+00,5.4881259392287420e+00,5.4881259392287420e+00,5.4881259392287420e+00,5.4258504363802551e+00,1.6288158445514576e+00,2.4974435338661758e+00,5.4881259392287420e+00,3.9730137416021485e+00,2.4974435338661758e+00,5.4881259392287420e+00,5.4258504363802551e+00,5.4258504363802551e+00,5.4258504363802551e+00,0.0000000000000000e+00,5.4258504363802551e+00,5.4258504363802551e+00,3.9730137416021485e+00,7.7813324766960179e-01,3.9730137416021485e+00,5.4258504363802551e+00,3.1634565775851207e+00,5.4881259392287420e+00
1.6183486344747720e+00,1.6183486344747720e+00,1.6183486344747720e+00,0.0000000000000000e+00,5.9985324794601755e+00,1.6183486344747720e+00,2.3292602173139474e+00,0.0000000000000000e+00,3.6205753645208691e+00,3.6205753645208691e+00,3.3109693278071051e+00,3.6205753645208691e+00,0.0000000000000000e+00,3.6205753645208691e+00,5.9985324794601755e+00,0.0000000000000000e+00,5.9985324794601755e+00,0.0000000000000000e+00,8.2588577048031042e-01,1.6183486344747720e+00,3.6205753645208691e+00,3.6205753645208691e+00,5.9985324794601755e+00,3.3109693278071051e+00,3.3109693278071051e+00,5.9985324794601755e+00,2.3292602173139474e+00,5.9985324794601755e+00,3.6205753645208691e+00,3.6205753645208691e+00,3.3109693278071051e+00,8.2588577048031042e-01,5.9985324794601755e+00,3.3109693278071051e+00,3.3109693278071051e+00,8.2588577048031042e-01,3.3109693278071051e+00,8.2588577048031042e-01,8.2588577048031042e-01,3.3109693278071051e+00,1.6183486344747720e+00,3.6205753645208691e+00,3.6205753645208691e+00,5.9985324794601755e+00,2.3292602173139474e+00,5.1389027930025577e+00,5.9985324794601755e+00,0.0000000000000000e+00,5.9985324794601755e+00,2.3292602173139474e+00,3.3109693278071051e+00,2.3292602173139474e+00,5.9985324794601755e+00,5.9985324794601755e+00,5.9985324794601755e+00,3.6205753645208691e+00,8.2588577048031042e-01,5.9985324794601755e+00,1.6183486344747720e+00,3.6205753645208691e+00,5.1389027930025577e+00,2.3292602173139474e+00,8.2588577048031042e-01,5.1389027930025577e+00,3.6205753645208691e+00,1.6183486344747720e+00,1.6183486344747720e+00,3.3109693278071051e+00,0.0000000000000000e+00,3.6205753645208691e+00,3.6205753645208691e+00,3.6205753645208691e+00,8.2588577048031042e-01,3.6205753645208691e+00,2.3292602173139474e+00,2.3292602173139474e+00,3.3109693278071051e+00,2.3292602173139474e+00,1.6183486344747720e+00,8.2588577048031042e-01,0.0000000000000000e+00,2.3292602173139474e+00,3.3109693278071051e+00,2.3292602173139474e+00,5.1389027930025577e+00,2.3292602173139474e+00,2.3292602173139474e+00,3.6205753645208691e+00,5.1389027930025577e+00,5.1389027930025577e+00,8.2588577048031042e-01,8.2588577048031042e-01,3.3109693278071051e+00,2.3292602173139474e+00,3.3109693278071051e+00,3.3109693278071051e+00,3.3109693278071051e+00,5.9985324794601755e+00,8.2588577048031042e-01,5.9985324794601755e+00,8.2588577048031042e-01,8.2588577048031042e-01,8.2588577048031042e-01,3.6205753645208691e+00,2.3292602173139474e+00,2.3292602173139474e+00,3.6205753645208691e+00,5.9985324794601755e+00,5.9985324794601755e+00,3.6205753645208691e+00,5.1389027930025577e+00,5.9985324794601755e+00,2.3292602173139474e+00,3.6205753645208691e+00,5.9985324794601755e+00,3.6205753645208691e+00,5.9985324794601755e+00,5.9985324794601755e+00,5.9985324794601755e+00,5.9985324794601755e+00,3.3109693278071051e+00,5.9985324794601755e+00,5.1389027930025577e+00,5.1389027930025577e+00,3.3109693278071051e+00,5.1389027930025577e+00,5.1389027930025577e+00,5.1389027930025577e+00,5.9985324794601755e+00,0.0000000000000000e+00,0.0000000000000000e+00,5.9985324794601755e+00,5.9985324794601755e+00,5.9985324794601755e+00,5.1389027930025577e+00,5.1389027930025577e+00,3.3109693278071051e+00,3.6205753645208691e+00,3.6205753645208691e+00,5.9985324794601755e+00,5.9985324794601755e+00,5.9985324794601755e+00,2.3292602173139474e+00,2.3292602173139474e+00,2.3292602173139474e+00,5.9985324794601755e+00,2.3292602173139474e+00,5.9985324794601755e+00,1.6183486344747720e+00,3.6205753645208691e+00,5.9985324794601755e+00,5.9985324794601755e+00,3.3109693278071051e+00,5.9985324794601755e+00,3.6205753645208691e+00,5.9985324794601755e+00,3.6205753645208691e+00,5.9985324794601755e+00,5.1389027930025577e+00,3.6205753645208691e+00,5.1389027930025577e+00,1.6183486344747720e+00,3.6205753645208691e+00,5.9985324794601755e+00,8.2588577048031042e-01,5.1389027930025577e+00,1.6183486344747720e+00,1.6183486344747720e+00,1.6183486344747720e+00,5.1389027930025577e+00,5.1389027930025577e+00,5.1389027930025577e+00,5.1389027930025577e+00,5.1389027930025577e+00,3.6205753645208691e+00,5.9985324794601755e+00,3.3109693278071051e+00,5.9985324794601755e+00,5.9985324794601755e+00,8.2588577048031042e-01,5.9985324794601755e+00,5.9985324794601755e+00,3.3109693278071051e+00,1.6183486344747720e+00,5.9985324794601755e+00,1.6183486344747720e+00,1.6183486344747720e+00,5.9985324794601755e+00,5.1389027930025577e+00,5.1389027930025577e+00,5.9985324794601755e+00,5.1389027930025577e+00,5.1389027930025577e+00,5.9985324794601755e+00,5.9985324794601755e+00,5.9985324794601755e+00,5.1389027930025577e+00,8.2588577048031042e-01,5.9985324794601755e+00,2.3292602173139474e+00,1.6183486344747720e+00,2.3292602173139474e+00,5.9985324794601755e+00,5.1389027930025577e+00,2.3292602173139474e+00,3.3109693278071051e+00,1.6183486344747720e+00,5.1389027930025577e+00,3.3109693278071051e+00,3.3109693278071051e+00,8.2588577048031042e-01,3.3109693278071051e+00,2.3292602173139474e+00,3.6205753645208691e+00,8.2588577048031042e-01,5.1389027930025577e+00,5.9985324794601755e+00,5.9985324794601755e+00,1.6183486344747720e+00,5.1389027930025577e+00,5.9985324794601755e+00,0.0000000000000000e+00,5.1389027930025577e+00,5.1389027930025577e+00,2.3292602173139474e+00,3.6205753645208691e+00,3.6205753645208691e+00,2.3292602173139474e+00,3.6205753645208691e+00,3.3109693278071051e+00,2.3292602173139474e+00,3.6205753645208691e+00,8.2588577048031042e-01,8.2588577048031042e-01,3.6205753645208691e+00,3.6205753645208691e+00,5.9985324794601755e+00,5.1389027930025577e+00,5.1389027930025577e+00,3.3109693278071051e+00,5.1389027930025577e+00,3.3109693278071051e+00,5.9985324794601755e+00,5.9985324794601755e+00,5.1389027930025577e+00,1.6183486344747720e+00,5.1389027930025577e+00,8.2588577048031042e-01,5.9985324794601755e+00,0.0000000000000000e+00,5.9985324794601755e+00,2.3292602173139474e+00,8.2588577048031042e-01,3.6205753645208691e+00,1.6183486344747720e+00,3.3109693278071051e+00,5.9985324794601755e+00,8.2588577048031042e-01,1.6183486344747720e+00,5.1389027930025577e+00,1.6183486344747720e+00,8.2588577048031042e-01,2.3292602173139474e+00,5.1389027930025577e+00,1.6183486344747720e+00,3.3109693278071051e+00,5.1389027930025577e+00,5.1389027930025577e+00,1.6183486344747720e+00,5.9985324794601755e+00,1.6183486344747720e+00,3.3109693278071051e+00,0.0000000000000000e+00,3.6205753645208691e+00,8.2588577048031042e-01,5.1389027930025577e+00,0.0000000000000000e+00,3.6205753645208691e+00,5.1389027930025577e+00,2.3292602173139474e+00,2.3292602173139474e+00,2.3292602173139474e+00,3.3109693278071051e+00,5.9985324794601755e+00,5.1389027930025577e+00,5.9985324794601755e+00,5.9985324794601755e+00,5.9985324794601755e+00,1.6183486344747720e+00,5.9985324794601755e+00,5.9985324794601755e+00,5.9985324794601755e+00,5.9985324794601755e+00,5.1389027930025577e+00,5.1389027930025577e+00,2.3292602173139474e+00,5.9985324794601755e+00,2.3292602173139474e+00,5.9985324794601755e+00,5.9985324794601755e+00,2.3292602173139474e+00,1.6183486344747720e+00,3.6205753645208691e+00,3.6205753645208691e+00,5.9985324794601755e+00,5.9985324794601755e+00,5.9985324794601755e+00,5.9985324794601755e+00,8.2588577048031042e-01,3.3109693278071051e+00,1.6183486344747720e+00,0.0000000000000000e+00,5.9985324794601755e+00,3.6205753645208691e+00,8.2588577048031042e-01,5.9985324794601755e+00,2.3292602173139474e+00,2.3292602173139474e+00,3.3109693278071051e+00,5.9985324794601755e+00,5.1389027930025577e+00,3.6205753645208691e+00,5.9985324794601755e+00,8.2588577048031042e-01,5.1389027930025577e+00,5.9985324794601755e+00,1.6183486344747720e+00,5.9985324794601755e+00,0.0000000000000000e+00,5.9985324794601755e+00,5.1389027930025577e+00,3.3109693278071051e+00,5.1389027930025577e+00,5.1389027930025577e+00,8.2588577048031042e-01,0.0000000000000000e+00,5.1389027930025577e+00,5.9985324794601755e+00,5.1389027930025577e+00,5.1389027930025577e+00,8.2588577048031042e-01,5.1389027930025577e+00,5.1389027930025577e+00,5.9985324794601755e+00,5.9985324794601755e+00,8.2588577048031042e-01,2.3292602173139474e+00,8.2588577048031042e-01,3.6205753645208691e+00,5.9985324794601755e+00,3.3109693278071051e+00,8.2588577048031042e-01,3.3109693278071051e+00,1.6183486344747720e+00,5.1389027930025577e+00,5.1389027930025577e+00,3.6205753645208691e+00,8.2588577048031042e-01,5.1389027930025577e+00,8.2588577048031042e-01,5.9985324794601755e+00,5.9985324794601755e+00,5.9985324794601755e+00,1.6183486344747720e+00,0.0000000000000000e+00,5.1389027930025577e+00,0.0000000000000000e+00,5.1389027930025577e+00,0.0000000000000000e+00,3.6205753645208691e+00,5.9985324794601755e+00,3.3109693278071051e+00,3.6205753645208691e+00,5.9985324794601755e+00,8.2588577048031042e-01,8.2588577048031042e-01,8.2588577048031042e-01,8.2588577048031042e-01,5.9985324794601755e+00,1.6183486344747720e+00,5.9985324794601755e+00,5.1389027930025577e+00,3.3109693278071051e+00,5.9985324794601755e+00,5.1389027930025577e+00,5.1389027930025577e+00,5.1389027930025577e+00,0.0000000000000000e+00,5.1389027930025577e+00,3.3109693278071051e+00,3.6205753645208691e+00,3.6205753645208691e+00,8.2588577048031042e-01,3.3109693278071051e+00,3.3109693278071051e+00,3.3109693278071051e+00,8.2588577048031042e-01,8.2588577048031042e-01,8.2588577048031042e-01,8.2588577048031042e-01,5.1389027930025577e+00,3.3109693278071051e+00,1.6183486344747720e+00,1.6183486344747720e+00,5.9985324794601755e+00,1.6183486344747720e+00,0.0000000000000000e+00,0.0000000000000000e+00,3.6205753645208691e+00,3.6205753645208691e+00,2.3292602173139474e+00,8.2588577048031042e-01,5.9985324794601755e+00,5.1389027930025577e+00,5.1389027930025577e+00,5.9985324794601755e+00,5.9985324794601755e+00,5.9985324794601755e+00,5.9985324794601755e+00,5.9985324794601755e+00,5.9985324794601755e+00,5.1389027930025577e+00,5.9985324794601755e+00,3.3109693278071051e+00,5.9985324794601755e+00,0.0000000000000000e+00,3.3109693278071051e+00,3.3109693278071051e+00,8.2588577048031042e-01,5.9985324794601755e+00,8.2588577048031042e-01,0.0000000000000000e+00,3.6205753645208691e+00,5.9985324794601755e+00,5.9985324794601755e+00,5.9985324794601755e+00,5.9985324794601755e+00,1.6183486344747720e+00,5.9985324794601755e+00,5.9985324794601755e+00,8.2588577048031042e-01,8.2588577048031042e-01,5.9985324794601755e+00,5.9985324794601755e+00,5.9985324794601755e+00,5.9985324794601755e+00,3.3109693278071051e+00,0.0000000000000000e+00,8.2588577048031042e-01,5.9985324794601755e+00,5.9985324794601755e+00,5.9985324794601755e+00,5.9985324794601755e+00,5.9985324794601755e+00,5.9985324794601755e+00,8.2588577048031042e-01,0.0000000000000000e+00,5.9985324794601755e+00,5.9985324794601755e+00,1.6183486344747720e+00,3.6205753645208691e+00,2.3292602173139474e+00,3.3109693278071051e+00,1.6183486344747720e+00,5.9985324794601755e+00,8.2588577048031042e-01,3.3109693278071051e+00,0.0000000000000000e+00,5.9985324794601755e+00,3.6205753645208691e+00,5.9985324794601755e+00,5.9985324794601755e+00,5.9985324794601755e+00,3.3109693278071051e+00,3.6205753645208691e+00,5.1389027930025577e+00,2.3292602173139474e+00,5.9985324794601755e+00,5.9985324794601755e+00,5.9985324794601755e+00,5.9985324794601755e+00,5.1389027930025577e+00,5.1389027930025577e+00,8.2588577048031042e-01,3.6205753645208691e+00,5.9985324794601755e+00,5.1389027930025577e+00,5.9985324794601755e+00,5.9985324794601755e+00,1.6183486344747720e+00,1.6183486344747720e+00,0.0000000000000000e+00,3.6205753645208691e+00,5.1389027930025577e+00,3.3109693278071051e+00,3.3109693278071051e+00,5.9985324794601755e+00,5.9985324794601755e+00,5.9985324794601755e+00,8.2588577048031042e-01,5.9985324794601755e+00,8.2588577048031042e-01,5.9985324794601755e+00,8.2588577048031042e-01,3.6205753645208691e+00,3.6205753645208691e+00,5.9985324794601755e+00,5.9985324794601755e+00,5.1389027930025577e+00,3.6205753645208691e+00,3.6205753645208691e+00,1.6183486344747720e+00,3.6205753645208691e+00,2.3292602173139474e+00,2.3292602173139474e+00,3.6205753645208691e+00,3.3109693278071051e+00,5.9985324794601755e+00,1.6183486344747720e+00,3.6205753645208691e+00,1.6183486344747720e+00,8.2588577048031042e-01,1.6183486344747720e+00,1.6183486344747720e+00,2.3292602173139474e+00,3.6205753645208691e+00,3.6205753645208691e+00,5.9985324794601755e+00,3.6205753645208691e+00,3.6205753645208691e+00,3.6205753645208691e+00,5.9985324794601755e+00,5.9985324794601755e+00,5.9985324794601755e+00,5.9985324794601755e+00,0.0000000000000000e+00,8.2588577048031042e-01,3.6205753645208691e+00,8.2588577048031042e-01,3.6205753645208691e+00,8.2588577048031042e-01,8.2588577048031042e-01,5.9985324794601755e+00,2.3292602173139474e+00,5.9985324794601755e+00,5.9985324794601755e+00,3.6205753645208691e+00,3.3109693278071051e+00,1.6183486344747720e+00,3.6205753645208691e+00,5.9985324794601755e+00,2.3292602173139474e+00,5.9985324794601755e+00,2.3292602173139474e+00,3.6205753645208691e+00,5.9985324794601755e+00,5.9985324794601755e+00,0.0000000000000000e+00,5.9985324794601755e+00,5.9985324794601755e+00,0.0000000000000000e+00,3.6205753645208691e+00,5.9985324794601755e+00,3.6205753645208691e+00,3.6205753645208691e+00,5.9985324794601755e+00,8.2588577048031042e-01,5.9985324794601755e+00,5.9985324794601755e+00,1.6183486344747720e+00,5.9985324794601755e+00,5.9985324794601755e+00,0.0000000000000000e+00,1.6183486344747720e+00,8.2588577048031042e-01,5.1389027930025577e+00,2.3292602173139474e+00,5.1389027930025577e+00,5.9985324794601755e+00,5.1389027930025577e+00,1.6183486344747720e+00,5.9985324794601755e+00,3.6205753645208691e+00,5.9985324794601755e+00,3.6205753645208691e+00,5.1389027930025577e+00,3.6205753645208691e+00,5.9985324794601755e+00,5.9985324794601755e+00,5.9985324794601755e+00,5.1389027930025577e+00,5.1389027930025577e+00,2.3292602173139474e+00,2.3292602173139474e+00,8.2588577048031042e-01,1.6183486344747720e+00,5.1389027930025577e+00,5.9985324794601755e+00,5.1389027930025577e+00,5.1389027930025577e+00,5.1389027930025577e+00,5.9985324794601755e+00,3.6205753645208691e+00,3.6205753645208691e+00,5.9985324794601755e+00,5.9985324794601755e+00,2.3292602173139474e+00,3.6205753645208691e+00,5.9985324794601755e+00,5.9985324794601755e+00,5.1389027930025577e+00,8.2588577048031042e-01,2.3292602173139474e+00,3.3109693278071051e+00,5.9985324794601755e+00,5.9985324794601755e+00,3.3109693278071051e+00,2.3292602173139474e+00,5.1389027930025577e+00,8.2588577048031042e-01,3.6205753645208691e+00,5.1389027930025577e+00,5.1389027930025577e+00,5.9985324794601755e+00,0.0000000000000000e+00,3.3109693278071051e+00,2.3292602173139474e+00,2.3292602173139474e+00,5.1389027930025577e+00,3.3109693278071051e+00,3.3109693278071051e+00,3.3109693278071051e+00,3.3109693278071051e+00,3.6205753645208691e+00,3.6205753645208691e+00,3.6205753645208691e+00,5.1389027930025577e+00,5.1389027930025577e+00,5.1389027930025577e+00,5.1389027930025577e+00,5.9985324794601755e+00,3.6205753645208691e+00,5.1389027930025577e+00,0.0000000000000000e+00,1.6183486344747720e+00,5.1389027930025577e+00,0.0000000000000000e+00,5.1389027930025577e+00,2.3292602173139474e+00,5.9985324794601755e+00,3.3109693278071051e+00,0.0000000000000000e+00,2.3292602173139474e+00,1.6183486344747720e+00,5.9985324794601755e+00,1.6183486344747720e+00,5.9985324794601755e+00,2.3292602173139474e+00,3.3109693278071051e+00,1.6183486344747720e+00,5.9985324794601755e+00,8.2588577048031042e-01,0.0000000000000000e+00,8.2588577048031042e-01,3.3109693278071051e+00,3.3109693278071051e+00,2.3292602173139474e+00,5.9985324794601755e+00,5.9985324794601755e+00,1.6183486344747720e+00,3.3109693278071051e+00,2.3292602173139474e+00,2.3292602173139474e+00,1.6183486344747720e+00,1.6183486344747720e+00,1.6183486344747720e+00,1.6183486344747720e+00,1.6183486344747720e+00,1.6183486344747720e+00,1.6183486344747720e+00,5.9985324794601755e+00,3.3109693278071051e+00,8.2588577048031042e-01,5.9985324794601755e+00,3.6205753645208691e+00,0.0000000000000000e+00,5.9985324794601755e+00,5.9985324794601755e+00,5.9985324794601755e+00,3.3109693278071051e+00,5.9985324794601755e+00,3.6205753645208691e+00,3.6205753645208691e+00,0.0000000000000000e+00,3.6205753645208691e+00,0.0000000000000000e+00,5.1389027930025577e+00,3.3109693278071051e+00,3.3109693278071051e+00,3.6205753645208691e+00,0.0000000000000000e+00,5.9985324794601755e+00,5.1389027930025577e+00,3.3109693278071051e+00,3.3109693278071051e+00,3.3109693278071051e+00,5.1389027930025577e+00,0.0000000000000000e+00,2.3292602173139474e+00,8.2588577048031042e-01,5.1389027930025577e+00,8.2588577048031042e-01,5.9985324794601755e+00,1.6183486344747720e+00,5.9985324794601755e+00,8.2588577048031042e-01,2.3292602173139474e+00,5.1389027930025577e+00,0.0000000000000000e+00,5.9985324794601755e+00,5.9985324794601755e+00,5.9985324794601755e+00,5.9985324794601755e+00,5.9985324794601755e+00,2.3292602173139474e+00,8.2588577048031042e-01,1.6183486344747720e+00,3.3109693278071051e+00,3.6205753645208691e+00,2.3292602173139474e+00,5.1389027930025577e+00,3.6205753645208691e+00,3.6205753645208691e+00,1.6183486344747720e+00,3.6205753645208691e+00,3.3109693278071051e+00,3.6205753645208691e+00,2.3292602173139474e+00,5.9985324794601755e+00,3.6205753645208691e+00,5.9985324794601755e+00,1.6183486344747720e+00,3.6205753645208691e+00,5.9985324794601755e+00,5.1389027930025577e+00,2.3292602173139474e+00,5.1389027930025577e+00,5.9985324794601755e+00,5.9985324794601755e+00,5.1389027930025577e+00,1.6183486344747720e+00,3.6205753645208691e+00,0.0000000000000000e+00,5.9985324794601755e+00,3.6205753645208691e+00,5.9985324794601755e+00,3.6205753645208691e+00,8.2588577048031042e-01,3.6205753645208691e+00,5.1389027930025577e+00,5.9985324794601755e+00,0.0000000000000000e+00,2.3292602173139474e+00,5.9985324794601755e+00,3.3109693278071051e+00,0.0000000000000000e+00,5.1389027930025577e+00,5.1389027930025577e+00,5.9985324794601755e+00,5.9985324794601755e+00,3.6205753645208691e+00,2.3292602173139474e+00,5.9985324794601755e+00,5.9985324794601755e+00,5.9985324794601755e+00,5.9985324794601755e+00,3.6205753645208691e+00,5.9985324794601755e+00,8.2588577048031042e-01,3.6205753645208691e+00,5.9985324794601755e+00,0.0000000000000000e+00,5.9985324794601755e+00,5.1389027930025577e+00,3.6205753645208691e+00,3.3109693278071051e+00,1.6183486344747720e+00,5.9985324794601755e+00,8.2588577048031042e-01,5.9985324794601755e+00,0.0000000000000000e+00,3.3109693278071051e+00,5.9985324794601755e+00,2.3292602173139474e+00,3.6205753645208691e+00,3.6205753645208691e+00,3.6205753645208691e+00,3.6205753645208691e+00,5.9985324794601755e+00,1.6183486344747720e+00,1.6183486344747720e+00,8.2588577048031042e-01,5.9985324794601755e+00,3.6205753645208691e+00,5.1389027930025577e+00,8.2588577048031042e-01,3.6205753645208691e+00,3.6205753645208691e+00,2.3292602173139474e+00,3.6205753645208691e+00,5.9985324794601755e+00,2.3292602173139474e+00,5.1389027930025577e+00,8.2588577048031042e-01,3.3109693278071051e+00,1.6183486344747720e+00,1.6183486344747720e+00,5.1389027930025577e+00,3.6205753645208691e+00,3.3109693278071051e+00,5.9985324794601755e+00,5.1389027930025577e+00,3.3109693278071051e+00,5.1389027930025577e+00,5.9985324794601755e+00,0.0000000000000000e+00,2.3292602173139474e+00,3.6205753645208691e+00,2.3292602173139474e+00,3.3109693278071051e+00,5.1389027930025577e+00,3.6205753645208691e+00,8.2588577048031042e-01,5.1389027930025577e+00,1.6183486344747720e+00,5.9985324794601755e+00,5.1389027930025577e+00,2.3292602173139474e+00,3.6205753645208691e+00,5.1389027930025577e+00,3.3109693278071051e+00,5.9985324794601755e+00,1.6183486344747720e+00,5.9985324794601755e+00,3.3109693278071051e+00,5.9985324794601755e+00,3.6205753645208691e+00,5.1389027930025577e+00,5.9985324794601755e+00,5.1389027930025577e+00,5.1389027930025577e+00,5.1389027930025577e+00,5.1389027930025577e+00,5.1389027930025577e+00,8.2588577048031042e-01,5.1389027930025577e+00,2.3292602173139474e+00,1.6183486344747720e+00,0.0000000000000000e+00,5.1389027930025577e+00,5.9985324794601755e+00,2.3292602173139474e+00,5.9985324794601755e+00,3.6205753645208691e+00,5.9985324794601755e+00,5.9985324794601755e+00,5.9985324794601755e+00,5.9985324794601755e+00,0.0000000000000000e+00,1.6183486344747720e+00,5.9985324794601755e+00,3.6205753645208691e+00,0.0000000000000000e+00,5.1389027930025577e+00,5.1389027930025577e+00,8.2588577048031042e-01,1.6183486344747720e+00,3.6205753645208691e+00,3.3109693278071051e+00,3.3109693278071051e+00,2.3292602173139474e+00,3.6205753645208691e+00,8.2588577048031042e-01,3.3109693278071051e+00,5.1389027930025577e+00,0.0000000000000000e+00,1.6183486344747720e+00,2.3292602173139474e+00,2.3292602173139474e+00,5.9985324794601755e+00,5.1389027930025577e+00,5.9985324794601755e+00,3.6205753645208691e+00,3.6205753645208691e+00,5.9985324794601755e+00,0.0000000000000000e+00,5.1389027930025577e+00,0.0000000000000000e+00,5.9985324794601755e+00,2.3292602173139474e+00,5.1389027930025577e+00,5.9985324794601755e+00,5.1389027930025577e+00,5.1389027930025577e+00,5.1389027930025577e+00,8.2588577048031042e-01,5.9985324794601755e+00,5.9985324794601755e+00,2.3292602173139474e+00,5.9985324794601755e+00,1.6183486344747720e+00,2.3292602173139474e+00,3.3109693278071051e+00,5.1389027930025577e+00,5.9985324794601755e+00,3.3109693278071051e+00,3.6205753645208691e+00,3.3109693278071051e+00,5.1389027930025577e+00,8.2588577048031042e-01,5.1389027930025577e+00,5.9985324794601755e+00,1.6183486344747720e+00,5.1389027930025577e+00,3.3109693278071051e+00,3.6205753645208691e+00,2.3292602173139474e+00,1.6183486344747720e+00,3.6205753645208691e+00,5.9985324794601755e+00,5.9985324794601755e+00,1.6183486344747720e+00,5.1389027930025577e+00,5.1389027930025577e+00,5.9985324794601755e+00,3.6205753645208691e+00,0.0000000000000000e+00,3.6205753645208691e+00,5.1389027930025577e+00,5.9985324794601755e+00,1.6183486344747720e+00,3.3109693278071051e+00,5.1389027930025577e+00,3.3109693278071051e+00,5.9985324794601755e+00,5.9985324794601755e+00,2.3292602173139474e+00,2.3292602173139474e+00,2.3292602173139474e+00,5.1389027930025577e+00,5.9985324794601755e+00,2.3292602173139474e+00,5.9985324794601755e+00,5.1389027930025577e+00,5.1389027930025577e+00,3.3109693278071051e+00,3.3109693278071051e+00,8.2588577048031042e-01,3.6205753645208691e+00,0.0000000000000000e+00,2.3292602173139474e+00,1.6183486344747720e+00,5.1389027930025577e+00,5.9985324794601755e+00,5.1389027930025577e+00,5.1389027930025577e+00,0.0000000000000000e+00,5.9985324794601755e+00,0.0000000000000000e+00,5.9985324794601755e+00,5.9985324794601755e+00,0.0000000000000000e+00,1.6183486344747720e+00,3.6205753645208691e+00,5.1389027930025577e+00,3.3109693278071051e+00,5.9985324794601755e+00,3.6205753645208691e+00,5.9985324794601755e+00,3.3109693278071051e+00,8.2588577048031042e-01,5.1389027930025577e+00,3.6205753645208691e+00,3.6205753645208691e+00,5.1389027930025577e+00,3.6205753645208691e+00,3.6205753645208691e+00,3.3109693278071051e+00,3.3109693278071051e+00,5.9985324794601755e+00,5.1389027930025577e+00,1.6183486344747720e+00,1.6183486344747720e+00,5.1389027930025577e+00,5.1389027930025577e+00,3.6205753645208691e+00,2.3292602173139474e+00,5.1389027930025577e+00,5.9985324794601755e+00,5.9985324794601755e+00
0.0000000000000000e+00,0.0000000000000000e+00,0.0000000000000000e+00,0.0000000000000000e+00,0.0000000000000000e+00,0.0000000000000000e+00,0.0000000000000000e+00,0.0000000000000000e+00,0.0000000000000000e+00,0.0000000000000000e+00,0.0000000000000000e+00,0.0000000000000000e+00,0.0000000000000000e+00,0.0000000000000000e+00,0.0000000000000000e+00,0.0000000000000000e+00,0.0000000000000000e+00,0.0000000000000000e+00,0.0000000000000000e+00,0.0000000000000000e+00,0.0000000000000000e+00,0.0000000000000000e+00,0.0000000000000000e+00,0.0000000000000000e+00,0.0000000000000000e+00,0.0000000000000000e+00,0.0000000000000000e+00,0.0000000000000000e+00,0.0000000000000000e+00,0.0000000000000000e+00,0.0000000000000000e+00,0.0000000000000000e+00,0.0000000000000000e+00,0.0000000000000000e+00,0.0000000000000000e+00,0.0000000000000000e+00,0.0000000000000000e+00,0.0000000000000000e+00,0.0000000000000000e+00,0.0000000000000000e+00,0.0000000000000000e+00,0.0000000000000000e+00,0.0000000000000000e+00,0.0000000000000000e+00,0.0000000000000000e+00,0.0000000000000000e+00,0.0000000000000000e+00,0.0000000000000000e+00,0.0000000000000000e+00,0.0000000000000000e+00,0.0000000000000000e+00,0.0000000000000000e+00,0.0000000000000000e+00,0.0000000000000000e+00,0.0000000000000000e+00,0.0000000000000000e+00,0.0000000000000000e+00,0.0000000000000000e+00,0.0000000000000000e+00,0.0000000000000000e+00,0.0000000000000000e+00,0.0000000000000000e+00,0.0000000000000000e+00,0.0000000000000000e+00,0.0000000000000000e+00,0.0000000000000000e+00,0.0000000000000000e+00,0.0000000000000000e+00,0.0000000000000000e+00,0.0000000000000000e+00,0.0000000000000000e+00,0.0000000000000000e+00,0.0000000000000000e+00,0.0000000000000000e+00,0.0000000000000000e+00,0.0000000000000000e+00,0.0000000000000000e+00,0.0000000000000000e+00,0.0000000000000000e+00,0.0000000000000000e+00,0.0000000000000000e+00,0.0000000000000000e+00,0.0000000000000000e+00,0.0000000000000000e+00,0.0000000000000000e+00,0.0000000000000000e+00,0.0000000000000000e+00,0.0000000000000000e+00,0.0000000000000000e+00,0.0000000000000000e+00,0.0000000000000000e+00,0.0000000000000000e+00,0.0000000000000000e+00,0.0000000000000000e+00,0.0000000000000000e+00,0.0000000000000000e+00,0.0000000000000000e+00,0.0000000000000000e+00,0.0000000000000000e+00,0.0000000000000000e+00,0.0000000000000000e+00,0.0000000000000000e+00,0.0000000000000000e+00,0.0000000000000000e+00,0.0000000000000000e+00,0.0000000000000000e+00,0.0000000000000000e+00,0.0000000000000000e+00,0.0000000000000000e+00,0.0000000000000000e+00,0.0000000000000000e+00,0.0000000000000000e+00,0.0000000000000000e+00,0.0000000000000000e+00,0.0000000000000000e+00,0.0000000000000000e+00,0.0000000000000000e+00,0.0000000000000000e+00,0.0000000000000000e+00,0.0000000000000000e+00,0.0000000000000000e+00,0.0000000000000000e+00,0.0000000000000000e+00,0.0000000000000000e+00,0.0000000000000000e+00,0.0000000000000000e+00,0.0000000000000000e+00,0.0000000000000000e+00,0.0000000000000000e+00,0.0000000000000000e+00,0.0000000000000000e+00,0.0000000000000000e+00,0.0000000000000000e+00,0.0000000000000000e+00,0.0000000000000000e+00,0.0000000000000000e+00,0.0000000000000000e+00,0.0000000000000000e+00,0.0000000000000000e+00,0.0000000000000000e+00,0.0000000000000000e+00,0.0000000000000000e+00,0.0000000000000000e+00,0.0000000000000000e+00,0.0000000000000000e+00,0.0000000000000000e+00,0.0000000000000000e+00,0.0000000000000000e+00,0.0000000000000000e+00,0.0000000000000000e+00,0.0000000000000000e+00,0.0000000000000000e+00,0.0000000000000000e+00,0.0000000000000000e+00,0.0000000000000000e+00,0.0000000000000000e+00,0.0000000000000000e+00,0.0000000000000000e+00,0.0000000000000000e+00,0.0000000000000000e+00,0.0000000000000000e+00,0.0000000000000000e+00,0.0000000000000000e+00,0.0000000000000000e+00,0.0000000000000000e+00,0.0000000000000000e+00,0.0000000000000000e+00,0.0000000000000000e+00,0.0000000000000000e+00,0.0000000000000000e+00,0.0000000000000000e+00,0.0000000000000000e+00,0.0000000000000000e+00,0.0000000000000000e+00,0.0000000000000000e+00,0.0000000000000000e+00,0.0000000000000000e+00,0.0000000000000000e+00,0.0000000000000000e+00,0.0000000000000000e+00,0.0000000000000000e+00,0.0000000000000000e+00,0.0000000000000000e+00,0.0000000000000000e+00,0.0000000000000000e+00,0.0000000000000000e+00,0.0000000000000000e+00,0.0000000000000000e+00,0.0000000000000000e+00,0.0000000000000000e+00,0.0000000000000000e+00,0.0000000000000000e+00,0.0000000000000000e+00,0.0000000000000000e+00,0.0000000000000000e+00,0.0000000000000000e+00,0.0000000000000000e+00,0.0000000000000000e+00,0.0000000000000000e+00,0.0000000000000000e+00,0.0000000000000000e+00,0.0000000000000000e+00,0.0000000000000000e+00,0.0000000000000000e+00,0.0000000000000000e+00,0.0000000000000000e+00,0.0000000000000000e+00,0.0000000000000000e+00,0.0000000000000000e+00,0.0000000000000000e+00,0.0000000000000000e+00,0.0000000000000000e+00,0.0000000000000000e+00,0.0000000000000000e+00,0.0000000000000000e+00,0.0000000000000000e+00,0.0000000000000000e+00,0.0000000000000000e+00,0.0000000000000000e+00,0.0000000000000000e+00,0.0000000000000000e+00,0.0000000000000000e+00,0.0000000000000000e+00,0.0000000000000000e+00,0.0000000000000000e+00,0.0000000000000000e+00,0.0000000000000000e+00,0.0000000000000000e+00,0.0000000000000000e+00,0.0000000000000000e+00,0.0000000000000000e+00,0.0000000000000000e+00,0.0000000000000000e+00,0.0000000000000000e+00,0.0000000000000000e+00,0.0000000000000000e+00,0.0000000000000000e+00,0.0000000000000000e+00,0.0000000000000000e+00,0.0000000000000000e+00,0.0000000000000000e+00,0.0000000000000000e+00,0.0000000000000000e+00,0.0000000000000000e+00,0.0000000000000000e+00,0.0000000000000000e+00,0.0000000000000000e+00,0.0000000000000000e+00,0.0000000000000000e+00,0.0000000000000000e+00,0.0000000000000000e+00,0.0000000000000000e+00,0.0000000000000000e+00,0.0000000000000000e+00,0.0000000000000000e+00,0.0000000000000000e+00,0.0000000000000000e+00,0.0000000000000000e+00,0.0000000000000000e+00,0.0000000000000000e+00,0.0000000000000000e+00,0.0000000000000000e+00,0.0000000000000000e+00,0.0000000000000000e+00,0.0000000000000000e+00,0.0000000000000000e+00,0.0000000000000000e+00,0.0000000000000000e+00,0.0000000000000000e+00,0.0000000000000000e+00,0.0000000000000000e+00,0.0000000000000000e+00,0.0000000000000000e+00,0.0000000000000000e+00,0.0000000000000000e+00,0.0000000000000000e+00,0.0000000000000000e+00,0.0000000000000000e+00,0.0000000000000000e+00,0.0000000000000000e+00,0.0000000000000000e+00,0.0000000000000000e+00,0.0000000000000000e+00,0.0000000000000000e+00,0.0000000000000000e+00,0.0000000000000000e+00,0.0000000000000000e+00,0.0000000000000000e+00,0.0000000000000000e+00,0.0000000000000000e+00,0.0000000000000000e+00,0.0000000000000000e+00,0.0000000000000000e+00,0.0000000000000000e+00,0.0000000000000000e+00,0.0000000000000000e+00,0.0000000000000000e+00,0.0000000000000000e+00,0.0000000000000000e+00,0.0000000000000000e+00,0.0000000000000000e+00,0.0000000000000000e+00,0.0000000000000000e+00,0.0000000000000000e+00,0.0000000000000000e+00,0.0000000000000000e+00,0.0000000000000000e+00,0.0000000000000000e+00,0.0000000000000000e+00,0.0000000000000000e+00,0.0000000000000000e+00,0.0000000000000000e+00,0.0000000000000000e+00,0.0000000000000000e+00,0.0000000000000000e+00,0.0000000000000000e+00,0.0000000000000000e+00,0.0000000000000000e+00,0.0000000000000000e+00,0.0000000000000000e+00,0.0000000000000000e+00,0.0000000000000000e+00,0.0000000000000000e+00,0.0000000000000000e+00,0.0000000000000000e+00,0.0000000000000000e+00,0.0000000000000000e+00,0.0000000000000000e+00,0.0000000000000000e+00,0.0000000000000000e+00,0.0000000000000000e+00,0.0000000000000000e+00,0.0000000000000000e+00,0.0000000000000000e+00,0.0000000000000000e+00,0.0000000000000000e+00,0.0000000000000000e+00,0.0000000000000000e+00,0.0000000000000000e+00,0.0000000000000000e+00,0.0000000000000000e+00,0.0000000000000000e+00,0.0000000000000000e+00,0.0000000000000000e+00,0.0000000000000000e+00,0.0000000000000000e+00,0.0000000000000000e+00,0.0000000000000000e+00,0.0000000000000000e+00,0.0000000000000000e+00,0.0000000000000000e+00,0.0000000000000000e+00,0.0000000000000000e+00,0.0000000000000000e+00,0.0000000000000000e+00,0.0000000000000000e+00,0.0000000000000000e+00,0.0000000000000000e+00,0.0000000000000000e+00,0.0000000000000000e+00,0.0000000000000000e+00,0.0000000000000000e+00,0.0000000000000000e+00,0.0000000000000000e+00,0.0000000000000000e+00,0.0000000000000000e+00,0.0000000000000000e+00,0.0000000000000000e+00,0.0000000000000000e+00,0.0000000000000000e+00,0.0000000000000000e+00,0.0000000000000000e+00,0.0000000000000000e+00,0.0000000000000000e+00,0.0000000000000000e+00,0.0000000000000000e+00,0.0000000000000000e+00,0.0000000000000000e+00,0.0000000000000000e+00,0.0000000000000000e+00,0.0000000000000000e+00,0.0000000000000000e+00,0.0000000000000000e+00,0.0000000000000000e+00,0.0000000000000000e+00,0.0000000000000000e+00,0.0000000000000000e+00,0.0000000000000000e+00,0.0000000000000000e+00,0.0000000000000000e+00,0.0000000000000000e+00,0.0000000000000000e+00,0.0000000000000000e+00,0.0000000000000000e+00,0.0000000000000000e+00,0.0000000000000000e+00,0.0000000000000000e+00,0.0000000000000000e+00,0.0000000000000000e+00,0.0000000000000000e+00,0.0000000000000000e+00,0.0000000000000000e+00,0.0000000000000000e+00,0.0000000000000000e+00,0.0000000000000000e+00,0.0000000000000000e+00,0.0000000000000000e+00,0.0000000000000000e+00,0.0000000000000000e+00,0.0000000000000000e+00,0.0000000000000000e+00,0.0000000000000000e+00,0.0000000000000000e+00,0.0000000000000000e+00,0.0000000000000000e+00,0.0000000000000000e+00,0.0000000000000000e+00,0.0000000000000000e+00,0.0000000000000000e+00,0.0000000000000000e+00,0.0000000000000000e+00,0.0000000000000000e+00,0.0000000000000000e+00,0.0000000000000000e+00,0.0000000000000000e+00,0.0000000000000000e+00,0.0000000000000000e+00,0.0000000000000000e+00,0.0000000000000000e+00,0.0000000000000000e+00,0.0000000000000000e+00,0.0000000000000000e+00,0.0000000000000000e+00,0.0000000000000000e+00,0.0000000000000000e+00,0.0000000000000000e+00,0.0000000000000000e+00,0.0000000000000000e+00,0.0000000000000000e+00,0.0000000000000000e+00,0.0000000000000000e+00,0.0000000000000000e+00,0.0000000000000000e+00,0.0000000000000000e+00,0.0000000000000000e+00,0.0000000000000000e+00,0.0000000000000000e+00,0.0000000000000000e+00,0.0000000000000000e+00,0.0000000000000000e+00,0.0000000000000000e+00,0.0000000000000000e+00,0.0000000000000000e+00,0.0000000000000000e+00,0.0000000000000000e+00,0.0000000000000000e+00,0.0000000000000000e+00,0.0000000000000000e+00,0.0000000000000000e+00,0.0000000000000000e+00,0.0000000000000000e+00,0.0000000000000000e+00,0.0000000000000000e+00,0.0000000000000000e+00,0.0000000000000000e+00,0.0000000000000000e+00,0.0000000000000000e+00,0.0000000000000000e+00,0.0000000000000000e+00,0.0000000000000000e+00,0.0000000000000000e+00,0.0000000000000000e+00,0.0000000000000000e+00,0.0000000000000000e+00,0.0000000000000000e+00,0.0000000000000000e+00,0.0000000000000000e+00,0.0000000000000000e+00,0.0000000000000000e+00,0.0000000000000000e+00,0.0000000000000000e+00,0.0000000000000000e+00,0.0000000000000000e+00,0.0000000000000000e+00,0.0000000000000000e+00,0.0000000000000000e+00,0.0000000000000000e+00,0.0000000000000000e+00,0.0000000000000000e+00,0.0000000000000000e+00,0.0000000000000000e+00,0.0000000000000000e+00,0.0000000000000000e+00,0.0000000000000000e+00,0.0000000000000000e+00,0.0000000000000000e+00,0.0000000000000000e+00,0.0000000000000000e+00,0.0000000000000000e+00,0.0000000000000000e+00,0.0000000000000000e+00,0.0000000000000000e+00,0.0000000000000000e+00,0.0000000000000000e+00,0.0000000000000000e+00,0.0000000000000000e+00,0.0000000000000000e+00,0.0000000000000000e+00,0.0000000000000000e+00,0.0000000000000000e+00,0.0000000000000000e+00,0.0000000000000000e+00,0.0000000000000000e+00,0.0000000000000000e+00,0.0000000000000000e+00,0.0000000000000000e+00,0.0000000000000000e+00,0.0000000000000000e+00,0.0000000000000000e+00,0.0000000000000000e+00,0.0000000000000000e+00,0.0000000000000000e+00,0.0000000000000000e+00,0.0000000000000000e+00,0.0000000000000000e+00,0.0000000000000000e+00,0.0000000000000000e+00,0.0000000000000000e+00,0.0000000000000000e+00,0.0000000000000000e+00,0.0000000000000000e+00,0.0000000000000000e+00,0.0000000000000000e+00,0.0000000000000000e+00,0.0000000000000000e+00,0.0000000000000000e+00,0.0000000000000000e+00,0.0000000000000000e+00,0.0000000000000000e+00,0.0000000000000000e+00,0.0000000000000000e+00,0.0000000000000000e+00,0.0000000000000000e+00,0.0000000000000000e+00,0.0000000000000000e+00,0.0000000000000000e+00,0.0000000000000000e+00,0.0000000000000000e+00,0.0000000000000000e+00,0.0000000000000000e+00,0.0000000000000000e+00,0.0000000000000000e+00,0.0000000000000000e+00,0.0000000000000000e+00,0.0000000000000000e+00,0.0000000000000000e+00,0.0000000000000000e+00,0.0000000000000000e+00,0.0000000000000000e+00,0.0000000000000000e+00,0.0000000000000000e+00,0.0000000000000000e+00,0.0000000000000000e+00,0.0000000000000000e+00,0.0000000000000000e+00,0.0000000000000000e+00,0.0000000000000000e+00,0.0000000000000000e+00,0.0000000000000000e+00,0.0000000000000000e+00,0.0000000000000000e+00,0.0000000000000000e+00,0.0000000000000000e+00,0.0000000000000000e+00,0.0000000000000000e+00,0.0000000000000000e+00,0.0000000000000000e+00,0.0000000000000000e+00,0.0000000000000000e+00,0.0000000000000000e+00,0.0000000000000000e+00,0.0000000000000000e+00,0.0000000000000000e+00,0.0000000000000000e+00,0.0000000000000000e+00,0.0000000000000000e+00,0.0000000000000000e+00,0.0000000000000000e+00,0.0000000000000000e+00,0.0000000000000000e+00,0.0000000000000000e+00,0.0000000000000000e+00,0.0000000000000000e+00,0.0000000000000000e+00,0.0000000000000000e+00,0.0000000000000000e+00,0.0000000000000000e+00,0.0000000000000000e+00,0.0000000000000000e+00,0.0000000000000000e+00,0.0000000000000000e+00,0.0000000000000000e+00,0.0000000000000000e+00,0.0000000000000000e+00,0.0000000000000000e+00,0.0000000000000000e+00,0.0000000000000000e+00,0.0000000000000000e+00,0.0000000000000000e+00,0.0000000000000000e+00,0.0000000000000000e+00,0.0000000000000000e+00,0.0000000000000000e+00,0.0000000000000000e+00,0.0000000000000000e+00,0.0000000000000000e+00,0.0000000000000000e+00,0.0000000000000000e+00,0.0000000000000000e+00,0.0000000000000000e+00,0.0000000000000000e+00,0.0000000000000000e+00,0.0000000000000000e+00,0.0000000000000000e+00,0.0000000000000000e+00,0.0000000000000000e+00,0.0000000000000000e+00,0.0000000000000000e+00,0.0000000000000000e+00,0.0000000000000000e+00,0.0000000000000000e+00,0.0000000000000000e+00,0.0000000000000000e+00,0.0000000000000000e+00,0.0000000000000000e+00,0.0000000000000000e+00,0.0000000000000000e+00,0.0000000000000000e+00,0.0000000000000000e+00,0.0000000000000000e+00,0.0000000000000000e+00,0.0000000000000000e+00,0.0000000000000000e+00,0.0000000000000000e+00,0.0000000000000000e+00,0.0000000000000000e+00,0.0000000000000000e+00,0.0000000000000000e+00,0.0000000000000000e+00,0.0000000000000000e+00,0.0000000000000000e+00,0.0000000000000000e+00,0.0000000000000000e+00,0.0000000000000000e+00,0.0000000000000000e+00,0.0000000000000000e+00,0.0000000000000000e+00,0.0000000000000000e+00,0.0000000000000000e+00,0.0000000000000000e+00,0.0000000000000000e+00,0.0000000000000000e+00,0.0000000000000000e+00,0.0000000000000000e+00,0.0000000000000000e+00,0.0000000000000000e+00,0.0000000000000000e+00,0.0000000000000000e+00,0.0000000000000000e+00,0.0000000000000000e+00,0.0000000000000000e+00,0.0000000000000000e+00,0.0000000000000000e+00,0.0000000000000000e+00,0.0000000000000000e+00,0.0000000000000000e+00,0.0000000000000000e+00,0.0000000000000000e+00,0.0000000000000000e+00,0.0000000000000000e+00,0.0000000000000000e+00,0.0000000000000000e+00,0.0000000000000000e+00,0.0000000000000000e+00,0.0000000000000000e+00,0.0000000000000000e+00,0.0000000000000000e+00,0.0000000000000000e+00,0.0000000000000000e+00,0.0000000000000000e+00,0.0000000000000000e+00,0.0000000000000000e+00,0.0000000000000000e+00,0.0000000000000000e+00,0.0000000000000000e+00,0.0000000000000000e+00,0.0000000000000000e+00,0.0000000000000000e+00,0.0000000000000000e+00,0.0000000000000000e+00,0.0000000000000000e+00,0.0000000000000000e+00,0.0000000000000000e+00,0.0000000000000000e+00,0.0000000000000000e+00,0.0000000000000000e+00,0.0000000000000000e+00,0.0000000000000000e+00,0.0000000000000000e+00,0.0000000000000000e+00,0.0000000000000000e+00,0.0000000000000000e+00,0.0000000000000000e+00,0.0000000000000000e+00,0.0000000000000000e+00,0.0000000000000000e+00,0.0000000000000000e+00,0.0000000000000000e+00,0.0000000000000000e+00,0.0000000000000000e+00,0.0000000000000000e+00,0.0000000000000000e+00,0.0000000000000000e+00,0.0000000000000000e+00,0.0000000000000000e+00,0.0000000000000000e+00,0.0000000000000000e+00,0.0000000000000000e+00,0.0000000000000000e+00,0.0000000000000000e+00,0.0000000000000000e+00,0.0000000000000000e+00,0.0000000000000000e+00,0.0000000000000000e+00,0.0000000000000000e+00,0.0000000000000000e+00,0.0000000000000000e+00,0.0000000000000000e+00,0.0000000000000000e+00,0.0000000000000000e+00,0.0000000000000000e+00,0.0000000000000000e+00,0.0000000000000000e+00,0.0000000000000000e+00,0.0000000000000000e+00,0.0000000000000000e+00,0.0000000000000000e+00,0.0000000000000000e+00,0.0000000000000000e+00,0.0000000000000000e+00,0.0000000000000000e+00,0.0000000000000000e+00,0.0000000000000000e+00,0.0000000000000000e+00,0.0000000000000000e+00,0.0000000000000000e+00,0.0000000000000000e+00,0.0000000000000000e+00,0.0000000000000000e+00,0.0000000000000000e+00,0.0000000000000000e+00,0.0000000000000000e+00,0.0000000000000000e+00,0.0000000000000000e+00,0.0000000000000000e+00,0.0000000000000000e+00,0.0000000000000000e+00,0.0000000000000000e+00,0.0000000000000000e+00,0.0000000000000000e+00,0.0000000000000000e+00,0.0000000000000000e+00,0.0000000000000000e+00,0.0000000000000000e+00,0.0000000000000000e+00,0.0000000000000000e+00,0.0000000000000000e+00,0.0000000000000000e+00,0.0000000000000000e+00,0.0000000000000000e+00,0.0000000000000000e+00,0.0000000000000000e+00,0.0000000000000000e+00,0.0000000000000000e+00,0.0000000000000000e+00,0.0000000000000000e+00,0.0000000000000000e+00,0.0000000000000000e+00,0.0000000000000000e+00,0.0000000000000000e+00,0.0000000000000000e+00,0.0000000000000000e+00,0.0000000000000000e+00,0.0000000000000000e+00,0.0000000000000000e+00,0.0000000000000000e+00,0.0000000000000000e+00,0.0000000000000000e+00,0.0000000000000000e+00,0.0000000000000000e+00,0.0000000000000000e+00,0.0000000000000000e+00,0.0000000000000000e+00,0.0000000000000000e+00,0.0000000000000000e+00,0.0000000000000000e+00,0.0000000000000000e+00,0.0000000000000000e+00,0.0000000000000000e+00,0.0000000000000000e+00,0.0000000000000000e+00,0.0000000000000000e+00,0.0000000000000000e+00,0.0000000000000000e+00,0.0000000000000000e+00,0.0000000000000000e+00,0.0000000000000000e+00,0.0000000000000000e+00,0.0000000000000000e+00,0.0000000000000000e+00,0.0000000000000000e+00,0.0000000000000000e+00,0.0000000000000000e+00,0.0000000000000000e+00,0.0000000000000000e+00,0.0000000000000000e+00,0.0000000000000000e+00,0.0000000000000000e+00,0.0000000000000000e+00,0.0000000000000000e+00,0.0000000000000000e+00,0.0000000000000000e+00,0.0000000000000000e+00,0.0000000000000000e+00,0.0000000000000000e+00,0.0000000000000000e+00,0.0000000000000000e+00,0.0000000000000000e+00,0.0000000000000000e+00,0.0000000000000000e+00,0.0000000000000000e+00,0.0000000000000000e+00,0.0000000000000000e+00,0.0000000000000000e+00,0.0000000000000000e+00,0.0000000000000000e+00,0.0000000000000000e+00,0.0000000000000000e+00,0.0000000000000000e+00,0.0000000000000000e+00,0.0000000000000000e+00,0.0000000000000000e+00,0.0000000000000000e+00,0.0000000000000000e+00,0.0000000000000000e+00,0.0000000000000000e+00,0.0000000000000000e+00,0.0000000000000000e+00,0.0000000000000000e+00,0.0000000000000000e+00,0.0000000000000000e+00,0.0000000000000000e+00,0.0000000000000000e+00,0.0000000000000000e+00,0.0000000000000000e+00,0.0000000000000000e+00,0.0000000000000000e+00,0.0000000000000000e+00,0.0000000000000000e+00,0.0000000000000000e+00,0.0000000000000000e+00,0.0000000000000000e+00,0.0000000000000000e+00,0.0000000000000000e+00,0.0000000000000000e+00,0.0000000000000000e+00,0.0000000000000000e+00,0.0000000000000000e+00,0.0000000000000000e+00,0.0000000000000000e+00,0.0000000000000000e+00,0.0000000000000000e+00,0.0000000000000000e+00,0.0000000000000000e+00,0.0000000000000000e+00,0.0000000000000000e+00,0.0000000000000000e+00,0.0000000000000000e+00,0.0000000000000000e+00,0.0000000000000000e+00,0.0000000000000000e+00,0.0000000000000000e+00,0.0000000000000000e+00,0.0000000000000000e+00,0.0000000000000000e+00,0.0000000000000000e+00,0.0000000000000000e+00,0.0000000000000000e+00,0.0000000000000000e+00,0.0000000000000000e+00,0.0000000000000000e+00,0.0000000000000000e+00,0.0000000000000000e+00,0.0000000000000000e+00,0.0000000000000000e+00,0.0000000000000000e+00,0.0000000000000000e+00,0.0000000000000000e+00,0.0000000000000000e+00,0.0000000000000000e+00,0.0000000000000000e+00,0.0000000000000000e+00,0.0000000000000000e+00,0.0000000000000000e+00,0.0000000000000000e+00,0.0000000000000000e+00,0.0000000000000000e+00,0.0000000000000000e+00,0.0000000000000000e+00,0.0000000000000000e+00,0.0000000000000000e+00,0.0000000000000000e+00,0.0000000000000000e+00,0.0000000000000000e+00,0.0000000000000000e+00,0.0000000000000000e+00,0.0000000000000000e+00,0.0000000000000000e+00,0.0000000000000000e+00,0.0000000000000000e+00,0.0000000000000000e+00,0.0000000000000000e+00,0.0000000000000000e+00,0.0000000000000000e+00,0.0000000000000000e+00,0.0000000000000000e+00,0.0000000000000000e+00,0.0000000000000000e+00,0.0000000000000000e+00,0.0000000000000000e+00,0.0000000000000000e+00,0.0000000000000000e+00,0.0000000000000000e+00,0.0000000000000000e+00,0.0000000000000000e+00,0.0000000000000000e+00,0.0000000000000000e+00,0.0000000000000000e+00,0.0000000000000000e+00,0.0000000000000000e+00,0.0000000000000000e+00,0.0000000000000000e+00,0.0000000000000000e+00,0.0000000000000000e+00,0.0000000000000000e+00,0.0000000000000000e+00,0.0000000000000000e+00,0.0000000000000000e+00,0.0000000000000000e+00,0.0000000000000000e+00,0.0000000000000000e+00,0.0000000000000000e+00,0.0000000000000000e+00,0.0000000000000000e+00,0.0000000000000000e+00,0.0000000000000000e+00,0.0000000000000000e+00,0.0000000000000000e+00,0.0000000000000000e+00,0.0000000000000000e+00,0.0000000000000000e+00,0.0000000000000000e+00,0.0000000000000000e+00,0.0000000000000000e+00,0.0000000000000000e+00,0.0000000000000000e+00,0.0000000000000000e+00,0.0000000000000000e+00,0.0000000000000000e+00,0.0000000000000000e+00,0.0000000000000000e+00,0.0000000000000000e+00,0.0000000000000000e+00,0.0000000000000000e+00,0.0000000000000000e+00,0.0000000000000000e+00,0.0000000000000000e+00,0.0000000000000000e+00,0.0000000000000000e+00,0.0000000000000000e+00,0.0000000000000000e+00,0.0000000000000000e+00,0.0000000000000000e+00,0.0000000000000000e+00,0.0000000000000000e+00,0.0000000000000000e+00,0.0000000000000000e+00,0.0000000000000000e+00,0.0000000000000000e+00,0.0000000000000000e+00
